Supplemental results for CODEML (seqf: /Users/YY/Desktop/get/branch_site/modify/modify_trim_muscle_ndhD.fa  treef: /Users/YY/Desktop/get/branch_site/16gene_topu.tree)


dN/dS (w) for site classes (K=4)

site class             0        1       2a       2b
proportion       0.87575  0.12424  0.00001  0.00000
background w     0.05928  1.00000  0.05928  1.00000
foreground w     0.05928  1.00000  1.00000  1.00000

Naive Empirical Bayes (NEB) probabilities for 4 classes
(amino acids refer to 1st sequence: MF594405)

   1 T   0.91342 0.08657 0.00001 0.00000 ( 1)
   2 N   0.94437 0.05562 0.00001 0.00000 ( 1)
   3 F   0.96244 0.03755 0.00001 0.00000 ( 1)
   4 F   0.96244 0.03755 0.00001 0.00000 ( 1)
   5 P   0.93958 0.06041 0.00001 0.00000 ( 1)
   6 W   0.90604 0.09395 0.00001 0.00000 ( 1)
   7 L   0.94067 0.05932 0.00001 0.00000 ( 1)
   8 T   0.94391 0.05608 0.00001 0.00000 ( 1)
   9 I   0.95730 0.04269 0.00001 0.00000 ( 1)
  10 I   0.95862 0.04137 0.00001 0.00000 ( 1)
  11 V   0.94958 0.05041 0.00001 0.00000 ( 1)
  12 I   0.57009 0.42990 0.00001 0.00000 ( 1)
  13 L   0.92478 0.07521 0.00001 0.00000 ( 1)
  14 P   0.93351 0.06647 0.00001 0.00000 ( 1)
  15 I   0.95750 0.04249 0.00001 0.00000 ( 1)
  16 F   0.44625 0.55374 0.00000 0.00001 ( 2)
  17 A   0.94182 0.05817 0.00001 0.00000 ( 1)
  18 G   0.90448 0.09551 0.00001 0.00000 ( 1)
  19 S   0.90984 0.09015 0.00001 0.00000 ( 1)
  20 V   0.00370 0.99629 0.00000 0.00001 ( 2)
  21 I   0.95862 0.04137 0.00001 0.00000 ( 1)
  22 F   0.00017 0.99982 0.00000 0.00001 ( 2)
  23 F   0.96244 0.03755 0.00001 0.00000 ( 1)
  24 L   0.54369 0.45630 0.00001 0.00000 ( 1)
  25 P   0.90501 0.09498 0.00001 0.00000 ( 1)
  26 H   0.93353 0.06646 0.00001 0.00000 ( 1)
  27 R   0.92865 0.07134 0.00001 0.00000 ( 1)
  28 G   0.92527 0.07472 0.00001 0.00000 ( 1)
  29 N   0.94437 0.05562 0.00001 0.00000 ( 1)
  30 R   0.93143 0.06856 0.00001 0.00000 ( 1)
  31 V   0.38924 0.61075 0.00000 0.00001 ( 2)
  32 I   0.95862 0.04137 0.00001 0.00000 ( 1)
  33 R   0.91234 0.08765 0.00001 0.00000 ( 1)
  34 W   0.90604 0.09395 0.00001 0.00000 ( 1)
  35 Y   0.93765 0.06234 0.00001 0.00000 ( 1)
  36 T   0.95032 0.04967 0.00001 0.00000 ( 1)
  37 I   0.95750 0.04249 0.00001 0.00000 ( 1)
  38 C   0.93891 0.06108 0.00001 0.00000 ( 1)
  39 I   0.95750 0.04249 0.00001 0.00000 ( 1)
  40 C   0.93804 0.06195 0.00001 0.00000 ( 1)
  41 I   0.95862 0.04137 0.00001 0.00000 ( 1)
  42 L   0.93959 0.06040 0.00001 0.00000 ( 1)
  43 E   0.93244 0.06755 0.00001 0.00000 ( 1)
  44 L   0.91855 0.08143 0.00001 0.00000 ( 1)
  45 L   0.95438 0.04561 0.00001 0.00000 ( 1)
  46 L   0.40436 0.59563 0.00000 0.00001 ( 2)
  47 T   0.38637 0.61362 0.00000 0.00001 ( 2)
  48 T   0.92293 0.07706 0.00001 0.00000 ( 1)
  49 Y   0.93765 0.06234 0.00001 0.00000 ( 1)
  50 A   0.94182 0.05817 0.00001 0.00000 ( 1)
  51 F   0.93035 0.06964 0.00001 0.00000 ( 1)
  52 C   0.93891 0.06108 0.00001 0.00000 ( 1)
  53 Y   0.93765 0.06234 0.00001 0.00000 ( 1)
  54 H   0.35218 0.64781 0.00000 0.00001 ( 2)
  55 F   0.96244 0.03755 0.00001 0.00000 ( 1)
  56 Q   0.91479 0.08520 0.00001 0.00000 ( 1)
  57 L   0.43993 0.56006 0.00000 0.00001 ( 2)
  58 D   0.94216 0.05783 0.00001 0.00000 ( 1)
  59 D   0.94216 0.05783 0.00001 0.00000 ( 1)
  60 P   0.93351 0.06647 0.00001 0.00000 ( 1)
  61 L   0.94067 0.05932 0.00001 0.00000 ( 1)
  62 I   0.92140 0.07859 0.00001 0.00000 ( 1)
  63 Q   0.91479 0.08520 0.00001 0.00000 ( 1)
  64 L   0.92190 0.07809 0.00001 0.00000 ( 1)
  65 V   0.91416 0.08583 0.00001 0.00000 ( 1)
  66 E   0.91029 0.08970 0.00001 0.00000 ( 1)
  67 D   0.91022 0.08977 0.00001 0.00000 ( 1)
  68 F   0.54888 0.45111 0.00001 0.00000 ( 1)
  69 K   0.93483 0.06516 0.00001 0.00000 ( 1)
  70 W   0.03301 0.96698 0.00000 0.00001 ( 2)
  71 I   0.92311 0.07688 0.00001 0.00000 ( 1)
  72 I   0.00020 0.99979 0.00000 0.00001 ( 2)
  73 F   0.58088 0.41911 0.00001 0.00000 ( 1)
  74 F   0.96244 0.03755 0.00001 0.00000 ( 1)
  75 D   0.94216 0.05783 0.00001 0.00000 ( 1)
  76 F   0.93136 0.06863 0.00001 0.00000 ( 1)
  77 H   0.93353 0.06646 0.00001 0.00000 ( 1)
  78 W   0.90604 0.09395 0.00001 0.00000 ( 1)
  79 R   0.93143 0.06856 0.00001 0.00000 ( 1)
  80 L   0.93964 0.06035 0.00001 0.00000 ( 1)
  81 G   0.92527 0.07472 0.00001 0.00000 ( 1)
  82 I   0.95750 0.04249 0.00001 0.00000 ( 1)
  83 D   0.94216 0.05783 0.00001 0.00000 ( 1)
  84 G   0.92527 0.07472 0.00001 0.00000 ( 1)
  85 L   0.95236 0.04763 0.00001 0.00000 ( 1)
  86 S   0.94966 0.05032 0.00001 0.00000 ( 1)
  87 I   0.95750 0.04249 0.00001 0.00000 ( 1)
  88 G   0.92527 0.07472 0.00001 0.00000 ( 1)
  89 P   0.90380 0.09619 0.00001 0.00000 ( 1)
  90 I   0.95736 0.04263 0.00001 0.00000 ( 1)
  91 L   0.94067 0.05932 0.00001 0.00000 ( 1)
  92 L   0.92108 0.07891 0.00001 0.00000 ( 1)
  93 T   0.91330 0.08669 0.00001 0.00000 ( 1)
  94 G   0.92527 0.07472 0.00001 0.00000 ( 1)
  95 F   0.93035 0.06964 0.00001 0.00000 ( 1)
  96 I   0.92653 0.07346 0.00001 0.00000 ( 1)
  97 T   0.94603 0.05396 0.00001 0.00000 ( 1)
  98 T   0.95032 0.04967 0.00001 0.00000 ( 1)
  99 L   0.47641 0.52358 0.00001 0.00001 ( 2)
 100 A   0.94819 0.05180 0.00001 0.00000 ( 1)
 101 T   0.92644 0.07355 0.00001 0.00000 ( 1)
 102 L   0.94067 0.05932 0.00001 0.00000 ( 1)
 103 A   0.91573 0.08426 0.00001 0.00000 ( 1)
 104 A   0.94819 0.05180 0.00001 0.00000 ( 1)
 105 W   0.90604 0.09395 0.00001 0.00000 ( 1)
 106 P   0.93095 0.06904 0.00001 0.00000 ( 1)
 107 V   0.55969 0.44030 0.00001 0.00000 ( 1)
 108 T   0.95032 0.04967 0.00001 0.00000 ( 1)
 109 R   0.90428 0.09571 0.00001 0.00000 ( 1)
 110 D   0.94216 0.05783 0.00001 0.00000 ( 1)
 111 S   0.94966 0.05032 0.00001 0.00000 ( 1)
 112 R   0.90428 0.09571 0.00001 0.00000 ( 1)
 113 L   0.94067 0.05932 0.00001 0.00000 ( 1)
 114 F   0.93909 0.06090 0.00001 0.00000 ( 1)
 115 H   0.93353 0.06646 0.00001 0.00000 ( 1)
 116 F   0.93188 0.06811 0.00001 0.00000 ( 1)
 117 L   0.90974 0.09025 0.00001 0.00000 ( 1)
 118 M   0.95631 0.04368 0.00001 0.00000 ( 1)
 119 L   0.94067 0.05932 0.00001 0.00000 ( 1)
 120 A   0.94182 0.05817 0.00001 0.00000 ( 1)
 121 M   0.95631 0.04368 0.00001 0.00000 ( 1)
 122 Y   0.90277 0.09722 0.00001 0.00000 ( 1)
 123 S   0.91115 0.08884 0.00001 0.00000 ( 1)
 124 G   0.91191 0.08808 0.00001 0.00000 ( 1)
 125 Q   0.91479 0.08520 0.00001 0.00000 ( 1)
 126 I   0.95750 0.04249 0.00001 0.00000 ( 1)
 127 G   0.92527 0.07472 0.00001 0.00000 ( 1)
 128 L   0.44958 0.55041 0.00000 0.00001 ( 2)
 129 F   0.96244 0.03755 0.00001 0.00000 ( 1)
 130 A   0.51290 0.48709 0.00001 0.00001 ( 1)
 131 S   0.94966 0.05032 0.00001 0.00000 ( 1)
 132 R   0.90149 0.09850 0.00001 0.00000 ( 1)
 133 D   0.91022 0.08977 0.00001 0.00000 ( 1)
 134 L   0.95438 0.04561 0.00001 0.00000 ( 1)
 135 L   0.94067 0.05932 0.00001 0.00000 ( 1)
 136 L   0.95272 0.04727 0.00001 0.00000 ( 1)
 137 F   0.96244 0.03755 0.00001 0.00000 ( 1)
 138 F   0.93035 0.06964 0.00001 0.00000 ( 1)
 139 I   0.91973 0.08026 0.00001 0.00000 ( 1)
 140 M   0.95631 0.04368 0.00001 0.00000 ( 1)
 141 W   0.90604 0.09395 0.00001 0.00000 ( 1)
 142 E   0.91029 0.08970 0.00001 0.00000 ( 1)
 143 L   0.94067 0.05932 0.00001 0.00000 ( 1)
 144 E   0.93244 0.06755 0.00001 0.00000 ( 1)
 145 L   0.94067 0.05932 0.00001 0.00000 ( 1)
 146 I   0.95862 0.04137 0.00001 0.00000 ( 1)
 147 P   0.90648 0.09351 0.00001 0.00000 ( 1)
 148 V   0.95602 0.04397 0.00001 0.00000 ( 1)
 149 Y   0.93765 0.06234 0.00001 0.00000 ( 1)
 150 L   0.41579 0.58420 0.00000 0.00001 ( 2)
 151 L   0.95438 0.04561 0.00001 0.00000 ( 1)
 152 L   0.94067 0.05932 0.00001 0.00000 ( 1)
 153 S   0.37019 0.62980 0.00000 0.00001 ( 2)
 154 M   0.56502 0.43497 0.00001 0.00000 ( 1)
 155 W   0.90604 0.09395 0.00001 0.00000 ( 1)
 156 G   0.90468 0.09531 0.00001 0.00000 ( 1)
 157 G   0.92527 0.07472 0.00001 0.00000 ( 1)
 158 K   0.91231 0.08768 0.00001 0.00000 ( 1)
 159 K   0.93413 0.06586 0.00001 0.00000 ( 1)
 160 R   0.92694 0.07305 0.00001 0.00000 ( 1)
 161 L   0.95438 0.04561 0.00001 0.00000 ( 1)
 162 Y   0.90277 0.09722 0.00001 0.00000 ( 1)
 163 S   0.91015 0.08984 0.00001 0.00000 ( 1)
 164 A   0.94819 0.05180 0.00001 0.00000 ( 1)
 165 T   0.94391 0.05608 0.00001 0.00000 ( 1)
 166 K   0.93483 0.06516 0.00001 0.00000 ( 1)
 167 F   0.96244 0.03755 0.00001 0.00000 ( 1)
 168 I   0.95862 0.04137 0.00001 0.00000 ( 1)
 169 L   0.94067 0.05932 0.00001 0.00000 ( 1)
 170 Y   0.93765 0.06234 0.00001 0.00000 ( 1)
 171 T   0.92127 0.07872 0.00001 0.00000 ( 1)
 172 A   0.91443 0.08556 0.00001 0.00000 ( 1)
 173 G   0.91195 0.08804 0.00001 0.00000 ( 1)
 174 G   0.93538 0.06460 0.00001 0.00000 ( 1)
 175 S   0.90984 0.09015 0.00001 0.00000 ( 1)
 176 V   0.56253 0.43746 0.00001 0.00000 ( 1)
 177 F   0.96244 0.03755 0.00001 0.00000 ( 1)
 178 L   0.91699 0.08300 0.00001 0.00000 ( 1)
 179 L   0.94067 0.05932 0.00001 0.00000 ( 1)
 180 M   0.95631 0.04368 0.00001 0.00000 ( 1)
 181 G   0.92527 0.07472 0.00001 0.00000 ( 1)
 182 V   0.95602 0.04397 0.00001 0.00000 ( 1)
 183 L   0.90004 0.09995 0.00001 0.00000 ( 1)
 184 S   0.46192 0.53806 0.00001 0.00001 ( 2)
 185 V   0.91416 0.08583 0.00001 0.00000 ( 1)
 186 G   0.93538 0.06460 0.00001 0.00000 ( 1)
 187 L   0.94067 0.05932 0.00001 0.00000 ( 1)
 188 Y   0.93744 0.06255 0.00001 0.00000 ( 1)
 189 G   0.45292 0.54707 0.00000 0.00001 ( 2)
 190 S   0.94966 0.05032 0.00001 0.00000 ( 1)
 191 T   0.06009 0.93989 0.00000 0.00001 ( 2)
 192 E   0.91844 0.08155 0.00001 0.00000 ( 1)
 193 P   0.90648 0.09351 0.00001 0.00000 ( 1)
 194 T   0.94391 0.05608 0.00001 0.00000 ( 1)
 195 L   0.94067 0.05932 0.00001 0.00000 ( 1)
 196 N   0.92457 0.07542 0.00001 0.00000 ( 1)
 197 L   0.60183 0.39816 0.00001 0.00000 ( 1)
 198 A   0.48168 0.51831 0.00001 0.00001 ( 2)
 199 T   0.94391 0.05608 0.00001 0.00000 ( 1)
 200 L   0.94067 0.05932 0.00001 0.00000 ( 1)
 201 V   0.55733 0.44266 0.00001 0.00000 ( 1)
 202 N   0.94437 0.05562 0.00001 0.00000 ( 1)
 203 Q   0.34385 0.65614 0.00000 0.00001 ( 2)
 204 S   0.93295 0.06704 0.00001 0.00000 ( 1)
 205 Y   0.93700 0.06299 0.00001 0.00000 ( 1)
 206 P   0.93958 0.06041 0.00001 0.00000 ( 1)
 207 A   0.03544 0.96455 0.00000 0.00001 ( 2)
 208 A   0.91818 0.08181 0.00001 0.00000 ( 1)
 209 L   0.92478 0.07521 0.00001 0.00000 ( 1)
 210 E   0.93244 0.06755 0.00001 0.00000 ( 1)
 211 I   0.95638 0.04361 0.00001 0.00000 ( 1)
 212 I   0.95750 0.04249 0.00001 0.00000 ( 1)
 213 L   0.46663 0.53335 0.00001 0.00001 ( 2)
 214 Y   0.93765 0.06234 0.00001 0.00000 ( 1)
 215 I   0.95862 0.04137 0.00001 0.00000 ( 1)
 216 G   0.92433 0.07566 0.00001 0.00000 ( 1)
 217 F   0.96244 0.03755 0.00001 0.00000 ( 1)
 218 F   0.96244 0.03755 0.00001 0.00000 ( 1)
 219 I   0.95862 0.04137 0.00001 0.00000 ( 1)
 220 A   0.94819 0.05180 0.00001 0.00000 ( 1)
 221 F   0.96244 0.03755 0.00001 0.00000 ( 1)
 222 A   0.94819 0.05180 0.00001 0.00000 ( 1)
 223 V   0.91416 0.08583 0.00001 0.00000 ( 1)
 224 K   0.93483 0.06516 0.00001 0.00000 ( 1)
 225 S   0.38136 0.61863 0.00000 0.00001 ( 2)
 226 P   0.90648 0.09351 0.00001 0.00000 ( 1)
 227 I   0.95862 0.04137 0.00001 0.00000 ( 1)
 228 I   0.95750 0.04249 0.00001 0.00000 ( 1)
 229 P   0.92872 0.07127 0.00001 0.00000 ( 1)
 230 L   0.92108 0.07891 0.00001 0.00000 ( 1)
 231 H   0.93353 0.06646 0.00001 0.00000 ( 1)
 232 T   0.94391 0.05608 0.00001 0.00000 ( 1)
 233 W   0.90604 0.09395 0.00001 0.00000 ( 1)
 234 L   0.94067 0.05932 0.00001 0.00000 ( 1)
 235 P   0.93351 0.06647 0.00001 0.00000 ( 1)
 236 D   0.94216 0.05783 0.00001 0.00000 ( 1)
 237 T   0.91024 0.08974 0.00001 0.00000 ( 1)
 238 H   0.93353 0.06646 0.00001 0.00000 ( 1)
 239 G   0.92474 0.07525 0.00001 0.00000 ( 1)
 240 E   0.93244 0.06755 0.00001 0.00000 ( 1)
 241 A   0.94050 0.05949 0.00001 0.00000 ( 1)
 242 H   0.93353 0.06646 0.00001 0.00000 ( 1)
 243 Y   0.90277 0.09722 0.00001 0.00000 ( 1)
 244 S   0.94251 0.05748 0.00001 0.00000 ( 1)
 245 T   0.95032 0.04967 0.00001 0.00000 ( 1)
 246 C   0.93891 0.06108 0.00001 0.00000 ( 1)
 247 M   0.95631 0.04368 0.00001 0.00000 ( 1)
 248 L   0.95352 0.04647 0.00001 0.00000 ( 1)
 249 L   0.94067 0.05932 0.00001 0.00000 ( 1)
 250 A   0.91029 0.08969 0.00001 0.00000 ( 1)
 251 G   0.92527 0.07472 0.00001 0.00000 ( 1)
 252 I   0.92215 0.07784 0.00001 0.00000 ( 1)
 253 L   0.94067 0.05932 0.00001 0.00000 ( 1)
 254 L   0.94067 0.05932 0.00001 0.00000 ( 1)
 255 K   0.93483 0.06516 0.00001 0.00000 ( 1)
 256 M   0.95631 0.04368 0.00001 0.00000 ( 1)
 257 G   0.92527 0.07472 0.00001 0.00000 ( 1)
 258 A   0.91419 0.08580 0.00001 0.00000 ( 1)
 259 Y   0.93765 0.06234 0.00001 0.00000 ( 1)
 260 G   0.92303 0.07696 0.00001 0.00000 ( 1)
 261 L   0.92478 0.07521 0.00001 0.00000 ( 1)
 262 I   0.95862 0.04137 0.00001 0.00000 ( 1)
 263 R   0.89675 0.10324 0.00001 0.00000 ( 1)
 264 I   0.95862 0.04137 0.00001 0.00000 ( 1)
 265 N   0.94437 0.05562 0.00001 0.00000 ( 1)
 266 M   0.95631 0.04368 0.00001 0.00000 ( 1)
 267 E   0.93244 0.06755 0.00001 0.00000 ( 1)
 268 L   0.49043 0.50956 0.00001 0.00001 ( 2)
 269 L   0.94067 0.05932 0.00001 0.00000 ( 1)
 270 S   0.39926 0.60073 0.00000 0.00001 ( 2)
 271 H   0.92760 0.07239 0.00001 0.00000 ( 1)
 272 A   0.90889 0.09110 0.00001 0.00000 ( 1)
 273 H   0.93353 0.06646 0.00001 0.00000 ( 1)
 274 S   0.94966 0.05032 0.00001 0.00000 ( 1)
 275 I   0.56410 0.43589 0.00001 0.00000 ( 1)
 276 F   0.96244 0.03755 0.00001 0.00000 ( 1)
 277 S   0.94966 0.05032 0.00001 0.00000 ( 1)
 278 P   0.90648 0.09351 0.00001 0.00000 ( 1)
 279 W   0.90604 0.09395 0.00001 0.00000 ( 1)
 280 L   0.92581 0.07418 0.00001 0.00000 ( 1)
 281 V   0.91760 0.08239 0.00001 0.00000 ( 1)
 282 I   0.95750 0.04249 0.00001 0.00000 ( 1)
 283 V   0.94958 0.05041 0.00001 0.00000 ( 1)
 284 G   0.90151 0.09848 0.00001 0.00000 ( 1)
 285 T   0.94391 0.05608 0.00001 0.00000 ( 1)
 286 I   0.95750 0.04249 0.00001 0.00000 ( 1)
 287 Q   0.91479 0.08520 0.00001 0.00000 ( 1)
 288 I   0.95750 0.04249 0.00001 0.00000 ( 1)
 289 I   0.94642 0.05357 0.00001 0.00000 ( 1)
 290 Y   0.93765 0.06234 0.00001 0.00000 ( 1)
 291 A   0.94182 0.05817 0.00001 0.00000 ( 1)
 292 A   0.94483 0.05516 0.00001 0.00000 ( 1)
 293 S   0.04862 0.95137 0.00000 0.00001 ( 2)
 294 T   0.94391 0.05608 0.00001 0.00000 ( 1)
 295 S   0.94966 0.05032 0.00001 0.00000 ( 1)
 296 L   0.39881 0.60118 0.00000 0.00001 ( 2)
 297 G   0.90227 0.09772 0.00001 0.00000 ( 1)
 298 Q   0.91479 0.08520 0.00001 0.00000 ( 1)
 299 R   0.92694 0.07305 0.00001 0.00000 ( 1)
 300 N   0.94437 0.05562 0.00001 0.00000 ( 1)
 301 L   0.94067 0.05932 0.00001 0.00000 ( 1)
 302 K   0.93483 0.06516 0.00001 0.00000 ( 1)
 303 K   0.93483 0.06516 0.00001 0.00000 ( 1)
 304 R   0.44572 0.55427 0.00000 0.00001 ( 2)
 305 I   0.95750 0.04249 0.00001 0.00000 ( 1)
 306 A   0.90889 0.09110 0.00001 0.00000 ( 1)
 307 Y   0.93765 0.06234 0.00001 0.00000 ( 1)
 308 S   0.90984 0.09015 0.00001 0.00000 ( 1)
 309 S   0.94966 0.05032 0.00001 0.00000 ( 1)
 310 V   0.94958 0.05041 0.00001 0.00000 ( 1)
 311 S   0.94966 0.05032 0.00001 0.00000 ( 1)
 312 H   0.93353 0.06646 0.00001 0.00000 ( 1)
 313 M   0.95631 0.04368 0.00001 0.00000 ( 1)
 314 G   0.93538 0.06460 0.00001 0.00000 ( 1)
 315 F   0.93035 0.06964 0.00001 0.00000 ( 1)
 316 I   0.95750 0.04249 0.00001 0.00000 ( 1)
 317 L   0.95438 0.04561 0.00001 0.00000 ( 1)
 318 I   0.95750 0.04249 0.00001 0.00000 ( 1)
 319 G   0.92527 0.07472 0.00001 0.00000 ( 1)
 320 I   0.95862 0.04137 0.00001 0.00000 ( 1)
 321 G   0.45616 0.54383 0.00000 0.00001 ( 2)
 322 S   0.94966 0.05032 0.00001 0.00000 ( 1)
 323 I   0.95750 0.04249 0.00001 0.00000 ( 1)
 324 N   0.37441 0.62558 0.00000 0.00001 ( 2)
 325 D   0.94216 0.05783 0.00001 0.00000 ( 1)
 326 T   0.91342 0.08657 0.00001 0.00000 ( 1)
 327 G   0.92319 0.07680 0.00001 0.00000 ( 1)
 328 L   0.91409 0.08590 0.00001 0.00000 ( 1)
 329 N   0.94036 0.05963 0.00001 0.00000 ( 1)
 330 G   0.92527 0.07472 0.00001 0.00000 ( 1)
 331 A   0.90889 0.09110 0.00001 0.00000 ( 1)
 332 I   0.95862 0.04137 0.00001 0.00000 ( 1)
 333 L   0.94067 0.05932 0.00001 0.00000 ( 1)
 334 Q   0.91479 0.08520 0.00001 0.00000 ( 1)
 335 I   0.95750 0.04249 0.00001 0.00000 ( 1)
 336 V   0.04010 0.95989 0.00000 0.00001 ( 2)
 337 S   0.94966 0.05032 0.00001 0.00000 ( 1)
 338 H   0.93353 0.06646 0.00001 0.00000 ( 1)
 339 G   0.92527 0.07472 0.00001 0.00000 ( 1)
 340 F   0.96244 0.03755 0.00001 0.00000 ( 1)
 341 I   0.95862 0.04137 0.00001 0.00000 ( 1)
 342 G   0.93538 0.06460 0.00001 0.00000 ( 1)
 343 A   0.94819 0.05180 0.00001 0.00000 ( 1)
 344 A   0.91197 0.08802 0.00001 0.00000 ( 1)
 345 L   0.95438 0.04561 0.00001 0.00000 ( 1)
 346 F   0.96244 0.03755 0.00001 0.00000 ( 1)
 347 F   0.93035 0.06964 0.00001 0.00000 ( 1)
 348 L   0.92478 0.07521 0.00001 0.00000 ( 1)
 349 A   0.94056 0.05943 0.00001 0.00000 ( 1)
 350 G   0.92527 0.07472 0.00001 0.00000 ( 1)
 351 T   0.91342 0.08657 0.00001 0.00000 ( 1)
 352 S   0.94251 0.05748 0.00001 0.00000 ( 1)
 353 Y   0.93765 0.06234 0.00001 0.00000 ( 1)
 354 D   0.94216 0.05783 0.00001 0.00000 ( 1)
 355 R   0.93143 0.06856 0.00001 0.00000 ( 1)
 356 I   0.95750 0.04249 0.00001 0.00000 ( 1)
 357 R   0.92694 0.07305 0.00001 0.00000 ( 1)
 358 L   0.55085 0.44914 0.00001 0.00000 ( 1)
 359 V   0.95602 0.04397 0.00001 0.00000 ( 1)
 360 Y   0.93765 0.06234 0.00001 0.00000 ( 1)
 361 L   0.91855 0.08143 0.00001 0.00000 ( 1)
 362 D   0.91022 0.08977 0.00001 0.00000 ( 1)
 363 E   0.93244 0.06755 0.00001 0.00000 ( 1)
 364 M   0.95631 0.04368 0.00001 0.00000 ( 1)
 365 G   0.90327 0.09672 0.00001 0.00000 ( 1)
 366 G   0.92527 0.07472 0.00001 0.00000 ( 1)
 367 I   0.95750 0.04249 0.00001 0.00000 ( 1)
 368 A   0.94819 0.05180 0.00001 0.00000 ( 1)
 369 I   0.92489 0.07510 0.00001 0.00000 ( 1)
 370 P   0.93351 0.06647 0.00001 0.00000 ( 1)
 371 M   0.95631 0.04368 0.00001 0.00000 ( 1)
 372 P   0.93369 0.06630 0.00001 0.00000 ( 1)
 373 K   0.93483 0.06516 0.00001 0.00000 ( 1)
 374 I   0.95750 0.04249 0.00001 0.00000 ( 1)
 375 F   0.93035 0.06964 0.00001 0.00000 ( 1)
 376 T   0.91342 0.08657 0.00001 0.00000 ( 1)
 377 M   0.95631 0.04368 0.00001 0.00000 ( 1)
 378 F   0.93035 0.06964 0.00001 0.00000 ( 1)
 379 S   0.91451 0.08548 0.00001 0.00000 ( 1)
 380 S   0.37506 0.62493 0.00000 0.00001 ( 2)
 381 F   0.96244 0.03755 0.00001 0.00000 ( 1)
 382 S   0.93533 0.06466 0.00001 0.00000 ( 1)
 383 M   0.95631 0.04368 0.00001 0.00000 ( 1)
 384 A   0.94670 0.05329 0.00001 0.00000 ( 1)
 385 S   0.94966 0.05032 0.00001 0.00000 ( 1)
 386 L   0.95438 0.04561 0.00001 0.00000 ( 1)
 387 A   0.94182 0.05817 0.00001 0.00000 ( 1)
 388 L   0.94067 0.05932 0.00001 0.00000 ( 1)
 389 P   0.90648 0.09351 0.00001 0.00000 ( 1)
 390 G   0.93416 0.06582 0.00001 0.00000 ( 1)
 391 M   0.95631 0.04368 0.00001 0.00000 ( 1)
 392 S   0.94251 0.05748 0.00001 0.00000 ( 1)
 393 G   0.93538 0.06460 0.00001 0.00000 ( 1)
 394 F   0.96244 0.03755 0.00001 0.00000 ( 1)
 395 V   0.95602 0.04397 0.00001 0.00000 ( 1)
 396 A   0.94182 0.05817 0.00001 0.00000 ( 1)
 397 E   0.93244 0.06755 0.00001 0.00000 ( 1)
 398 L   0.46211 0.53788 0.00001 0.00001 ( 2)
 399 I   0.56318 0.43681 0.00001 0.00000 ( 1)
 400 V   0.95602 0.04397 0.00001 0.00000 ( 1)
 401 F   0.96244 0.03755 0.00001 0.00000 ( 1)
 402 F   0.96244 0.03755 0.00001 0.00000 ( 1)
 403 G   0.92527 0.07472 0.00001 0.00000 ( 1)
 404 I   0.93442 0.06557 0.00001 0.00000 ( 1)
 405 I   0.95862 0.04137 0.00001 0.00000 ( 1)
 406 T   0.91024 0.08974 0.00001 0.00000 ( 1)
 407 S   0.91123 0.08875 0.00001 0.00000 ( 1)
 408 Q   0.91479 0.08520 0.00001 0.00000 ( 1)
 409 K   0.93483 0.06516 0.00001 0.00000 ( 1)
 410 Y   0.93765 0.06234 0.00001 0.00000 ( 1)
 411 L   0.95438 0.04561 0.00001 0.00000 ( 1)
 412 L   0.94067 0.05932 0.00001 0.00000 ( 1)
 413 I   0.95750 0.04249 0.00001 0.00000 ( 1)
 414 S   0.93533 0.06466 0.00001 0.00000 ( 1)
 415 K   0.93483 0.06516 0.00001 0.00000 ( 1)
 416 L   0.92743 0.07255 0.00001 0.00000 ( 1)
 417 G   0.92527 0.07472 0.00001 0.00000 ( 1)
 418 I   0.95862 0.04137 0.00001 0.00000 ( 1)
 419 T   0.95032 0.04967 0.00001 0.00000 ( 1)
 420 F   0.96180 0.03819 0.00001 0.00000 ( 1)
 421 V   0.94958 0.05041 0.00001 0.00000 ( 1)
 422 M   0.95631 0.04368 0.00001 0.00000 ( 1)
 423 A   0.94182 0.05817 0.00001 0.00000 ( 1)
 424 I   0.95862 0.04137 0.00001 0.00000 ( 1)
 425 G   0.90504 0.09495 0.00001 0.00000 ( 1)
 426 M   0.07182 0.92817 0.00000 0.00001 ( 2)
 427 I   0.95750 0.04249 0.00001 0.00000 ( 1)
 428 L   0.94040 0.05959 0.00001 0.00000 ( 1)
 429 T   0.95032 0.04967 0.00001 0.00000 ( 1)
 430 P   0.93958 0.06041 0.00001 0.00000 ( 1)
 431 I   0.95761 0.04238 0.00001 0.00000 ( 1)
 432 Y   0.93765 0.06234 0.00001 0.00000 ( 1)
 433 S   0.93533 0.06466 0.00001 0.00000 ( 1)
 434 L   0.94067 0.05932 0.00001 0.00000 ( 1)
 435 S   0.94966 0.05032 0.00001 0.00000 ( 1)
 436 M   0.95631 0.04368 0.00001 0.00000 ( 1)
 437 L   0.94067 0.05932 0.00001 0.00000 ( 1)
 438 R   0.89715 0.10284 0.00001 0.00000 ( 1)
 439 Q   0.89851 0.10148 0.00001 0.00000 ( 1)
 440 M   0.95631 0.04368 0.00001 0.00000 ( 1)
 441 F   0.93035 0.06964 0.00001 0.00000 ( 1)
 442 Y   0.93765 0.06234 0.00001 0.00000 ( 1)
 443 G   0.92527 0.07472 0.00001 0.00000 ( 1)
 444 Y   0.90277 0.09722 0.00001 0.00000 ( 1)
 445 K   0.91231 0.08768 0.00001 0.00000 ( 1)
 446 L   0.92108 0.07891 0.00001 0.00000 ( 1)
 447 F   0.96244 0.03755 0.00001 0.00000 ( 1)
 448 N   0.94437 0.05562 0.00001 0.00000 ( 1)
 449 A   0.51770 0.48229 0.00001 0.00001 ( 1)
 450 P   0.93351 0.06647 0.00001 0.00000 ( 1)
 451 N   0.38089 0.61910 0.00000 0.00001 ( 2)
 452 S   0.93138 0.06861 0.00001 0.00000 ( 1)
 453 Y   0.93685 0.06314 0.00001 0.00000 ( 1)
 454 V   0.55987 0.44011 0.00001 0.00000 ( 1)
 455 F   0.96244 0.03755 0.00001 0.00000 ( 1)
 456 D   0.94216 0.05783 0.00001 0.00000 ( 1)
 457 S   0.94966 0.05032 0.00001 0.00000 ( 1)
 458 G   0.92527 0.07472 0.00001 0.00000 ( 1)
 459 P   0.90784 0.09215 0.00001 0.00000 ( 1)
 460 R   0.90472 0.09527 0.00001 0.00000 ( 1)
 461 E   0.91029 0.08970 0.00001 0.00000 ( 1)
 462 L   0.94067 0.05932 0.00001 0.00000 ( 1)
 463 F   0.96244 0.03755 0.00001 0.00000 ( 1)
 464 V   0.95602 0.04397 0.00001 0.00000 ( 1)
 465 S   0.91015 0.08984 0.00001 0.00000 ( 1)
 466 I   0.92087 0.07912 0.00001 0.00000 ( 1)
 467 A   0.51290 0.48709 0.00001 0.00001 ( 1)
 468 I   0.91973 0.08026 0.00001 0.00000 ( 1)
 469 F   0.96244 0.03755 0.00001 0.00000 ( 1)
 470 I   0.06853 0.93146 0.00000 0.00001 ( 2)
 471 P   0.91321 0.08678 0.00001 0.00000 ( 1)
 472 V   0.94958 0.05041 0.00001 0.00000 ( 1)
 473 I   0.95750 0.04249 0.00001 0.00000 ( 1)
 474 G   0.46251 0.53748 0.00001 0.00001 ( 2)
 475 I   0.95862 0.04137 0.00001 0.00000 ( 1)
 476 G   0.93538 0.06460 0.00001 0.00000 ( 1)
 477 M   0.56386 0.43613 0.00001 0.00000 ( 1)
 478 Y   0.90277 0.09722 0.00001 0.00000 ( 1)
 479 P   0.93486 0.06512 0.00001 0.00000 ( 1)
 480 D   0.94216 0.05783 0.00001 0.00000 ( 1)
 481 F   0.96244 0.03755 0.00001 0.00000 ( 1)
 482 V   0.95602 0.04397 0.00001 0.00000 ( 1)
 483 L   0.95438 0.04561 0.00001 0.00000 ( 1)
 484 S   0.90984 0.09015 0.00001 0.00000 ( 1)
 485 L   0.92538 0.07461 0.00001 0.00000 ( 1)
 486 S   0.93528 0.06471 0.00001 0.00000 ( 1)
 487 V   0.94525 0.05474 0.00001 0.00000 ( 1)
 488 D   0.91022 0.08977 0.00001 0.00000 ( 1)
 489 K   0.91231 0.08768 0.00001 0.00000 ( 1)
 490 V   0.91416 0.08583 0.00001 0.00000 ( 1)
 491 E   0.91029 0.08970 0.00001 0.00000 ( 1)
 492 V   0.95602 0.04397 0.00001 0.00000 ( 1)
 493 L   0.95438 0.04561 0.00001 0.00000 ( 1)
 494 L   0.94067 0.05932 0.00001 0.00000 ( 1)
 495 S   0.94966 0.05032 0.00001 0.00000 ( 1)
 496 N   0.94437 0.05562 0.00001 0.00000 ( 1)
 497 F   0.96055 0.03944 0.00001 0.00000 ( 1)
 498 V   0.06589 0.93410 0.00000 0.00001 ( 2)
 499 Y   0.45857 0.54142 0.00000 0.00001 ( 2)
 500 R   0.93143 0.06856 0.00001 0.00000 ( 1)


lnL = -3145.297355

