

TREE # 1

  0  0.0000   3243.971739  x:  0.00000   0.00642   0.02040   0.01207   0.02135   0.02106   0.01123   0.01503   0.01954   0.00569   0.01634   0.00901   0.00820   0.00424   0.01051   0.01919   0.03023   0.01956   0.03192   0.02851   0.02272   0.02858   0.00998   0.03589   0.00501   0.02632   0.03845   0.04088   0.05055   0.06913   2.00000   1.09989   0.02896   0.27919  
  1 99.0000   3222.752287  x:  0.00038   0.00428   0.01698   0.01144   0.01729   0.01729   0.00773   0.01223   0.01531   0.00144   0.01268   0.00581   0.00477   0.00000   0.00869   0.01559   0.02873   0.01920   0.03090   0.02829   0.01924   0.02802   0.00958   0.03667   0.00316   0.02355   0.03838   0.04126   0.04955   0.07045   2.00008   1.10001   0.02884   0.27798  
  2 1521.3694   3218.342625  x:  0.00036   0.00469   0.01602   0.01151   0.01599   0.01615   0.00711   0.01179   0.01388   0.00000   0.01168   0.00556   0.00437   0.00000   0.00875   0.01461   0.02838   0.01914   0.03068   0.02822   0.01828   0.02788   0.00964   0.03674   0.00410   0.02285   0.03834   0.04124   0.04926   0.07069   2.00010   1.10006   0.02880   0.27769  
  3 3911.5911   3208.056715  x:  0.00000   0.00634   0.01305   0.01199   0.01111   0.01237   0.00669   0.01138   0.00840   0.00000   0.00886   0.00656   0.00564   0.00000   0.00993   0.01162   0.02771   0.01904   0.03023   0.02799   0.01519   0.02761   0.00975   0.03648   0.00312   0.02092   0.03808   0.04088   0.04835   0.07101   2.00020   1.10024   0.02862   0.27691  
  4 3769.8287   3208.056715  x:  0.00000   0.00634   0.01305   0.01199   0.01111   0.01237   0.00669   0.01138   0.00840   0.00000   0.00886   0.00656   0.00564   0.00000   0.00993   0.01162   0.02771   0.01904   0.03023   0.02799   0.01519   0.02761   0.00975   0.03648   0.00312   0.02092   0.03808   0.04088   0.04835   0.07101   2.00020   1.10024   0.02862   0.27691  
  5 4231.9783   3186.037636  x:  0.00064   0.00234   0.00691   0.01084   0.00303   0.00548   0.00086   0.00645   0.00000   0.00000   0.00253   0.00095   0.00005   0.00000   0.00683   0.00502   0.02525   0.01841   0.02850   0.02758   0.00884   0.02665   0.00904   0.03776   0.00168   0.01610   0.03794   0.04152   0.04654   0.07321   2.00035   1.10048   0.02838   0.27477  
  6 1268.3849   3184.949661  x:  0.00070   0.00198   0.00630   0.01073   0.00224   0.00479   0.00040   0.00598   0.00000   0.00000   0.00193   0.00049   0.00032   0.00000   0.00653   0.00438   0.02500   0.01835   0.02832   0.02754   0.00821   0.02655   0.00897   0.03789   0.00157   0.01562   0.03792   0.04158   0.04635   0.07343   2.00037   1.10051   0.02835   0.27456  
  7 7101.7855   3181.702773  x:  0.00087   0.00122   0.00466   0.01045   0.00000   0.00296   0.00099   0.00474   0.00000   0.00000   0.00051   0.00067   0.00057   0.00000   0.00579   0.00267   0.02434   0.01818   0.02785   0.02743   0.00651   0.02629   0.00879   0.03823   0.00143   0.01432   0.03788   0.04174   0.04585   0.07403   2.00041   1.10057   0.02828   0.27396  
  8 5144.8945   3180.127779  x:  0.00102   0.00109   0.00315   0.01022   0.00000   0.00136   0.00087   0.00365   0.00000   0.00000   0.00119   0.00115   0.00072   0.00000   0.00524   0.00116   0.02371   0.01801   0.02740   0.02731   0.00494   0.02604   0.00865   0.03855   0.00152   0.01307   0.03783   0.04189   0.04535   0.07461   2.00045   1.10064   0.02821   0.27337  
  9 2831.3777   3179.181912  x:  0.00118   0.00263   0.00172   0.01004   0.00000   0.00104   0.00116   0.00294   0.00000   0.00000   0.00122   0.00070   0.00076   0.00000   0.00501   0.00132   0.02293   0.01782   0.02684   0.02717   0.00331   0.02571   0.00852   0.03893   0.00198   0.01156   0.03776   0.04206   0.04469   0.07535   2.00051   1.10074   0.02812   0.27258  
 10 976.0449   3178.772582  x:  0.00128   0.00296   0.00126   0.00995   0.00000   0.00147   0.00082   0.00278   0.00000   0.00000   0.00102   0.00119   0.00078   0.00000   0.00496   0.00152   0.02243   0.01769   0.02648   0.02707   0.00236   0.02550   0.00846   0.03918   0.00211   0.01059   0.03772   0.04216   0.04424   0.07585   2.00055   1.10081   0.02805   0.27202  
 11 1109.0135   3178.234164  x:  0.00144   0.00272   0.00172   0.00987   0.00000   0.00193   0.00104   0.00301   0.00000   0.00000   0.00127   0.00097   0.00081   0.00000   0.00501   0.00162   0.02152   0.01747   0.02582   0.02688   0.00119   0.02513   0.00837   0.03964   0.00207   0.00894   0.03763   0.04232   0.04339   0.07680   2.00064   1.10094   0.02792   0.27095  
 12 802.4359   3177.347674  x:  0.00181   0.00292   0.00227   0.00974   0.00000   0.00170   0.00095   0.00360   0.00000   0.00000   0.00122   0.00111   0.00086   0.00000   0.00532   0.00175   0.01942   0.01699   0.02428   0.02644   0.00207   0.02426   0.00824   0.04070   0.00218   0.00546   0.03741   0.04269   0.04132   0.07908   2.00084   1.10127   0.02759   0.26827  
 13 808.8512   3176.605183  x:  0.00216   0.00217   0.00133   0.00992   0.00000   0.00251   0.00124   0.00361   0.00000   0.00000   0.00155   0.00077   0.00094   0.00000   0.00593   0.00180   0.01719   0.01657   0.02245   0.02589   0.00273   0.02325   0.00835   0.04207   0.00250   0.00637   0.03709   0.04303   0.03829   0.08250   2.00119   1.10185   0.02702   0.26371  
 14 369.6363   3175.699993  x:  0.00256   0.00277   0.00247   0.01028   0.00000   0.00191   0.00097   0.00343   0.00000   0.00000   0.00131   0.00108   0.00102   0.00000   0.00643   0.00193   0.01467   0.01614   0.02021   0.02519   0.00249   0.02200   0.00856   0.04392   0.00256   0.00867   0.03667   0.04344   0.03406   0.08741   2.00173   1.10272   0.02615   0.25676  
 15 1253.0347   3175.036065  x:  0.00254   0.00321   0.00217   0.01043   0.00000   0.00193   0.00104   0.00438   0.00000   0.00000   0.00142   0.00112   0.00109   0.00000   0.00561   0.00192   0.01595   0.01644   0.02030   0.02509   0.00250   0.02200   0.00865   0.04473   0.00108   0.00907   0.03648   0.04342   0.03193   0.09081   2.00223   1.10355   0.02534   0.25032  
 16 391.1236   3173.699032  x:  0.00234   0.00322   0.00222   0.01073   0.00000   0.00196   0.00094   0.00599   0.00000   0.00000   0.00135   0.00111   0.00120   0.00000   0.00374   0.00176   0.02053   0.01751   0.02154   0.02509   0.00249   0.02255   0.00888   0.04647   0.00279   0.00941   0.03610   0.04322   0.02725   0.09955   2.00362   1.10584   0.02306   0.23241  
 17 1596.0363   3171.758816  x:  0.00196   0.00255   0.00254   0.01081   0.00000   0.00160   0.00087   0.00348   0.00000   0.00000   0.00145   0.00110   0.00157   0.00000   0.00792   0.00289   0.02659   0.01896   0.02449   0.02564   0.00255   0.02411   0.00891   0.04813   0.00266   0.00885   0.03588   0.04284   0.02370   0.11169   2.00586   1.10958   0.01935   0.20326  
 18 1358.9196   3170.280238  x:  0.00198   0.00355   0.00321   0.01069   0.00000   0.00308   0.00090   0.00258   0.00000   0.00000   0.00130   0.00093   0.00178   0.00000   0.00853   0.00093   0.02741   0.01910   0.02579   0.02620   0.00300   0.02497   0.00882   0.04837   0.00261   0.00894   0.03612   0.04286   0.02532   0.11777   2.00732   1.11205   0.01691   0.18412  
 19 1194.8983   3158.863336  x:  0.00280   0.00361   0.00416   0.00935   0.00000   0.00349   0.00090   0.00262   0.00000   0.00000   0.00197   0.00103   0.00295   0.00000   0.00741   0.00317   0.02735   0.01856   0.03415   0.03080   0.00399   0.03103   0.00806   0.04849   0.00278   0.01109   0.03887   0.04368   0.04519   0.16069   2.01872   1.13137  -0.00226   0.03415  
 20 4337.9719   3158.255482  x:  0.00279   0.00389   0.00362   0.01028   0.00000   0.00303   0.00074   0.00463   0.00000   0.00000   0.00171   0.00105   0.00299   0.00000   0.00907   0.00246   0.02740   0.01886   0.03435   0.03091   0.00343   0.03110   0.00882   0.04806   0.00310   0.01125   0.03920   0.04367   0.04600   0.16205   2.01956   1.13282  -0.00369   0.02324  
 21 1051.9550   3157.373147  x:  0.00261   0.00378   0.00386   0.01321   0.00000   0.00336   0.00079   0.00328   0.00000   0.00000   0.00183   0.00099   0.00308   0.00000   0.00833   0.00269   0.02805   0.02013   0.03290   0.03009   0.00368   0.02975   0.01085   0.04627   0.00290   0.01075   0.03994   0.04349   0.04429   0.15861   2.02095   1.13514  -0.00598   0.00713  
 22 373.0972   3156.913838  x:  0.00244   0.00385   0.00396   0.01116   0.00000   0.00349   0.00080   0.00333   0.00000   0.00000   0.00184   0.00099   0.00311   0.00000   0.00844   0.00261   0.02852   0.02003   0.03215   0.02960   0.00377   0.02912   0.00881   0.04544   0.00293   0.01095   0.03992   0.04332   0.04254   0.15557   2.02176   1.13633  -0.00716   0.00000  
 23 254.2050   3156.913838  x:  0.00244   0.00385   0.00396   0.01116   0.00000   0.00349   0.00080   0.00333   0.00000   0.00000   0.00184   0.00099   0.00311   0.00000   0.00844   0.00261   0.02852   0.02003   0.03215   0.02960   0.00377   0.02912   0.00881   0.04544   0.00293   0.01095   0.03992   0.04332   0.04254   0.15557   2.02176   1.13633  -0.00716   0.00000  
 24 51.9931   3155.944370  x:  0.00247   0.00384   0.00362   0.01116   0.00000   0.00306   0.00297   0.00377   0.00000   0.00000   0.00212   0.00258   0.00278   0.00000   0.00821   0.00245   0.02819   0.01992   0.03189   0.02953   0.00353   0.02898   0.00887   0.04541   0.00288   0.01073   0.03990   0.04335   0.04243   0.15519   2.02178   1.13634  -0.00716   0.00011  
 25 1047.2829   3155.178087  x:  0.00261   0.00384   0.00235   0.01118   0.00000   0.00156   0.00255   0.00499   0.00000   0.00000   0.00259   0.00268   0.00171   0.00000   0.00725   0.00199   0.02674   0.01947   0.03078   0.02922   0.00266   0.02833   0.00914   0.04531   0.00274   0.00979   0.03981   0.04349   0.04197   0.15346   2.02185   1.13638  -0.00720   0.00058  
 26 364.3636   3154.275596  x:  0.00293   0.00411   0.00138   0.01126   0.00000   0.00279   0.00243   0.00603   0.00000   0.00000   0.00239   0.00274   0.00259   0.00000   0.00550   0.00232   0.02318   0.01841   0.02805   0.02844   0.00186   0.02678   0.00962   0.04503   0.00271   0.00789   0.03959   0.04381   0.04079   0.14897   2.02203   1.13649  -0.00731   0.00171  
 27 467.7674   3153.434313  x:  0.00328   0.00442   0.00337   0.01138   0.00000   0.00255   0.00252   0.00625   0.00000   0.00000   0.00214   0.00259   0.00245   0.00000   0.00466   0.00232   0.01897   0.01724   0.02479   0.02750   0.00253   0.02495   0.01000   0.04466   0.00286   0.00636   0.03929   0.04416   0.03930   0.14299   2.02228   1.13666  -0.00747   0.00309  
 28 881.3711   3152.511498  x:  0.00357   0.00401   0.00246   0.01128   0.00000   0.00232   0.00274   0.00462   0.00000   0.00000   0.00231   0.00239   0.00231   0.00000   0.00694   0.00225   0.01519   0.01637   0.02145   0.02652   0.00300   0.02314   0.00985   0.04417   0.00313   0.00738   0.03890   0.04444   0.03749   0.13472   2.02264   1.13693  -0.00772   0.00472  
 29 565.3767   3151.489853  x:  0.00353   0.00351   0.00313   0.01099   0.00000   0.00233   0.00207   0.00405   0.00000   0.00000   0.00169   0.00345   0.00221   0.00000   0.00603   0.00218   0.01640   0.01684   0.02014   0.02583   0.00170   0.02235   0.00878   0.04345   0.00187   0.00954   0.03833   0.04441   0.03539   0.12100   2.02327   1.13750  -0.00827   0.00668  
 30 329.0807   3150.507293  x:  0.00339   0.00399   0.00279   0.01071   0.00000   0.00242   0.00229   0.00462   0.00000   0.00000   0.00294   0.00296   0.00239   0.00000   0.00489   0.00228   0.01863   0.01754   0.01981   0.02534   0.00306   0.02205   0.00808   0.04269   0.00262   0.01070   0.03773   0.04427   0.03340   0.10529   2.02402   1.13820  -0.00895   0.00872  
 31 1213.1057   3150.021041  x:  0.00325   0.00405   0.00266   0.01076   0.00000   0.00230   0.00295   0.00504   0.00000   0.00000   0.00174   0.00208   0.00225   0.00000   0.00581   0.00220   0.01956   0.01775   0.02072   0.02542   0.00282   0.02245   0.00861   0.04242   0.00288   0.00951   0.03753   0.04412   0.03305   0.09773   2.02443   1.13862  -0.00936   0.00952  
 32 591.7105   3149.800863  x:  0.00312   0.00392   0.00283   0.01089   0.00000   0.00239   0.00258   0.00472   0.00000   0.00000   0.00244   0.00258   0.00233   0.00000   0.00659   0.00225   0.01967   0.01771   0.02172   0.02568   0.00254   0.02296   0.00915   0.04236   0.00272   0.00822   0.03750   0.04399   0.03336   0.09376   2.02470   1.13892  -0.00965   0.00980  
 33 406.4369   3149.735848  x:  0.00303   0.00390   0.00257   0.01095   0.00000   0.00227   0.00243   0.00425   0.00000   0.00000   0.00214   0.00287   0.00227   0.00000   0.00623   0.00220   0.01919   0.01753   0.02234   0.02596   0.00292   0.02337   0.00916   0.04245   0.00268   0.00813   0.03758   0.04391   0.03406   0.09249   2.02487   1.13914  -0.00987   0.00972  
 34 115.8708   3149.683352  x:  0.00292   0.00375   0.00267   0.01100   0.00000   0.00230   0.00263   0.00424   0.00000   0.00000   0.00232   0.00255   0.00224   0.00000   0.00594   0.00224   0.01845   0.01729   0.02293   0.02632   0.00267   0.02381   0.00900   0.04262   0.00267   0.00852   0.03773   0.04380   0.03509   0.09139   2.02512   1.13947  -0.01019   0.00949  
 35 116.1511   3149.668747  x:  0.00288   0.00390   0.00272   0.01097   0.00000   0.00232   0.00252   0.00458   0.00000   0.00000   0.00226   0.00269   0.00232   0.00000   0.00607   0.00220   0.01825   0.01725   0.02298   0.02643   0.00269   0.02388   0.00891   0.04270   0.00270   0.00871   0.03780   0.04376   0.03556   0.09106   2.02527   1.13967  -0.01038   0.00932  
 36 63.3510   3149.656546  x:  0.00285   0.00400   0.00270   0.01088   0.00000   0.00239   0.00253   0.00458   0.00000   0.00000   0.00226   0.00268   0.00215   0.00000   0.00611   0.00237   0.01837   0.01732   0.02261   0.02644   0.00272   0.02375   0.00888   0.04286   0.00260   0.00864   0.03792   0.04373   0.03618   0.09080   2.02561   1.14014  -0.01084   0.00892  
 37 31.2727   3149.641926  x:  0.00282   0.00397   0.00270   0.01080   0.00000   0.00230   0.00256   0.00448   0.00000   0.00000   0.00228   0.00264   0.00231   0.00000   0.00609   0.00220   0.01857   0.01741   0.02214   0.02643   0.00268   0.02355   0.00889   0.04305   0.00263   0.00852   0.03806   0.04369   0.03691   0.09049   2.02610   1.14080  -0.01148   0.00837  
 38 116.7153   3149.634893  x:  0.00281   0.00376   0.00271   0.01088   0.00000   0.00233   0.00252   0.00450   0.00000   0.00000   0.00225   0.00270   0.00226   0.00000   0.00607   0.00224   0.01860   0.01741   0.02206   0.02636   0.00267   0.02346   0.00896   0.04309   0.00284   0.00854   0.03808   0.04369   0.03701   0.09038   2.02649   1.14131  -0.01198   0.00800  
 39 38.2387   3149.590213  x:  0.00284   0.00356   0.00265   0.01151   0.00000   0.00233   0.00254   0.00466   0.00000   0.00000   0.00227   0.00264   0.00230   0.00000   0.00603   0.00221   0.01852   0.01720   0.02214   0.02578   0.00286   0.02305   0.00928   0.04319   0.00245   0.00867   0.03801   0.04371   0.03670   0.08982   2.02933   1.14506  -0.01564   0.00551  
 40 80.9209   3149.541876  x:  0.00285   0.00414   0.00266   0.01159   0.00000   0.00227   0.00254   0.00442   0.00000   0.00000   0.00226   0.00266   0.00225   0.00000   0.00595   0.00221   0.01832   0.01702   0.02229   0.02533   0.00254   0.02280   0.00919   0.04319   0.00272   0.00866   0.03787   0.04373   0.03611   0.08926   2.03262   1.14940  -0.01987   0.00288  
 41 288.5494   3149.494061  x:  0.00282   0.00383   0.00264   0.01066   0.00000   0.00231   0.00253   0.00451   0.00000   0.00000   0.00224   0.00266   0.00222   0.00000   0.00597   0.00215   0.01803   0.01700   0.02229   0.02537   0.00263   0.02294   0.00858   0.04299   0.00265   0.00834   0.03764   0.04369   0.03541   0.08883   2.03600   1.15378  -0.02414   0.00082  
 42 205.6574   3149.474955  x:  0.00275   0.00381   0.00265   0.01051   0.00000   0.00211   0.00253   0.00452   0.00000   0.00000   0.00222   0.00266   0.00239   0.00000   0.00594   0.00242   0.01797   0.01708   0.02207   0.02574   0.00262   0.02318   0.00882   0.04274   0.00263   0.00840   0.03751   0.04363   0.03522   0.08875   2.03757   1.15574  -0.02606   0.00061  
 43 98.9450   3149.427162  x:  0.00257   0.00390   0.00267   0.01043   0.00000   0.00232   0.00253   0.00452   0.00000   0.00000   0.00225   0.00266   0.00221   0.00000   0.00585   0.00215   0.01786   0.01727   0.02149   0.02673   0.00260   0.02377   0.00946   0.04206   0.00263   0.00858   0.03718   0.04344   0.03487   0.08862   2.04158   1.16073  -0.03091   0.00055  
 44 380.7518   3149.277065  x:  0.00229   0.00387   0.00259   0.01205   0.00000   0.00225   0.00254   0.00451   0.00000   0.00000   0.00223   0.00265   0.00224   0.00000   0.00598   0.00220   0.01799   0.01715   0.02074   0.02813   0.00258   0.02415   0.00813   0.04041   0.00268   0.00811   0.03656   0.04316   0.03480   0.08857   2.05478   1.17684  -0.04660   0.00309  
 45 227.7276   3147.936452  x:  0.00222   0.00383   0.00263   0.01035   0.00000   0.00225   0.00255   0.00440   0.00000   0.00000   0.00223   0.00262   0.00223   0.00000   0.00599   0.00217   0.01874   0.01487   0.02266   0.02756   0.00264   0.02017   0.00882   0.03330   0.00264   0.00851   0.03475   0.04309   0.03721   0.08890   2.16953   1.31631  -0.18232   0.03296  
 46 693.7268   3146.599638  x:  0.00254   0.00388   0.00262   0.01091   0.00000   0.00226   0.00255   0.00440   0.00000   0.00000   0.00222   0.00261   0.00224   0.00000   0.00594   0.00218   0.01747   0.01949   0.02236   0.02440   0.00262   0.02333   0.00871   0.03742   0.00262   0.00844   0.03589   0.04341   0.03666   0.08912   2.29117   1.46398  -0.32601   0.06575  
 47 2323.9148   3146.367364  x:  0.00242   0.00387   0.00264   0.01079   0.00000   0.00226   0.00256   0.00437   0.00000   0.00000   0.00222   0.00261   0.00223   0.00000   0.00602   0.00218   0.01837   0.01664   0.02191   0.02581   0.00264   0.02357   0.00872   0.04061   0.00261   0.00851   0.03690   0.04329   0.03561   0.08910   2.31179   1.48886  -0.35022   0.07138  
 48 712.7217   3146.360506  x:  0.00236   0.00387   0.00264   0.01081   0.00000   0.00226   0.00256   0.00437   0.00000   0.00000   0.00222   0.00261   0.00223   0.00000   0.00602   0.00218   0.01829   0.01693   0.02210   0.02627   0.00265   0.02306   0.00870   0.04088   0.00260   0.00851   0.03701   0.04323   0.03549   0.08910   2.31250   1.48957  -0.35090   0.07154  
 49 28.7263   3146.340238  x:  0.00297   0.00388   0.00264   0.01085   0.00000   0.00226   0.00255   0.00437   0.00000   0.00000   0.00222   0.00261   0.00224   0.00000   0.00603   0.00218   0.01832   0.01698   0.02212   0.02645   0.00265   0.02317   0.00871   0.04045   0.00260   0.00852   0.03843   0.04384   0.03536   0.08914   2.32783   1.48669  -0.34654   0.07074  
 50  2.1382   3146.154569  x:  0.00108   0.00392   0.00261   0.01080   0.00000   0.00225   0.00254   0.00437   0.00000   0.00000   0.00222   0.00259   0.00223   0.00000   0.00605   0.00217   0.01832   0.01698   0.02223   0.02579   0.00262   0.02334   0.00874   0.04076   0.00260   0.00848   0.03952   0.04194   0.03520   0.08990   2.46862   1.45988  -0.30625   0.06391  
 51 199.5074   3146.042005  x:  0.00252   0.00394   0.00261   0.01082   0.00000   0.00225   0.00254   0.00438   0.00000   0.00000   0.00223   0.00257   0.00223   0.00000   0.00609   0.00217   0.01845   0.01707   0.02242   0.02623   0.00261   0.02337   0.00877   0.04193   0.00259   0.00852   0.03715   0.04337   0.03563   0.09032   2.55441   1.44355  -0.28168   0.05970  
 52 839.9775   3145.602125  x:  0.00230   0.00381   0.00255   0.01088   0.00000   0.00218   0.00237   0.00431   0.00000   0.00000   0.00222   0.00224   0.00218   0.00000   0.00666   0.00214   0.01997   0.01752   0.02480   0.02652   0.00275   0.02453   0.00896   0.04248   0.00269   0.00841   0.03788   0.04292   0.03778   0.09720   2.52011   1.62161  -0.23568   0.05735  
 53  0.1768   3145.497898  x:  0.00223   0.00385   0.00248   0.01071   0.00000   0.00210   0.00211   0.00433   0.00000   0.00000   0.00213   0.00216   0.00212   0.00000   0.00652   0.00214   0.01985   0.01743   0.02434   0.02632   0.00268   0.02437   0.00879   0.04260   0.00263   0.00854   0.03745   0.04285   0.03652   0.09256   2.51627   1.81050  -0.13753   0.05827  
 54  0.1517   3145.470414  x:  0.00214   0.00386   0.00254   0.01081   0.00000   0.00220   0.00207   0.00429   0.00000   0.00000   0.00216   0.00212   0.00220   0.00000   0.00642   0.00217   0.01939   0.01729   0.02374   0.02648   0.00266   0.02420   0.00882   0.04222   0.00264   0.00850   0.03734   0.04283   0.03674   0.09351   2.50833   2.05178   0.05101   0.06245  
 55  0.1349   3145.399267  x:  0.00206   0.00382   0.00260   0.01077   0.00000   0.00220   0.00214   0.00429   0.00000   0.00000   0.00213   0.00208   0.00219   0.00000   0.00637   0.00212   0.01933   0.01736   0.02360   0.02635   0.00274   0.02406   0.00885   0.04187   0.00268   0.00838   0.03757   0.04314   0.03702   0.09469   2.51680   3.02699   1.05049   0.05658  
 56  0.2419   3145.326464  x:  0.00172   0.00386   0.00255   0.01070   0.00000   0.00211   0.00221   0.00434   0.00000   0.00000   0.00214   0.00223   0.00212   0.00000   0.00648   0.00214   0.01976   0.01739   0.02417   0.02629   0.00273   0.02425   0.00879   0.04224   0.00266   0.00850   0.03735   0.04330   0.03657   0.09288   2.51798   4.11031   2.15141   0.06071  
 57  0.7041   3145.309063  x:  0.00153   0.00386   0.00250   0.01084   0.00000   0.00219   0.00218   0.00429   0.00000   0.00000   0.00219   0.00212   0.00219   0.00000   0.00649   0.00217   0.01954   0.01734   0.02407   0.02654   0.00264   0.02434   0.00885   0.04253   0.00262   0.00852   0.03752   0.04356   0.03682   0.09363   2.50899   5.04176   3.09255   0.05858  
 58  0.5714   3145.302396  x:  0.00131   0.00384   0.00251   0.01071   0.00000   0.00214   0.00210   0.00432   0.00000   0.00000   0.00212   0.00219   0.00214   0.00000   0.00645   0.00213   0.01964   0.01742   0.02403   0.02632   0.00270   0.02428   0.00881   0.04240   0.00265   0.00849   0.03744   0.04379   0.03672   0.09338   2.51257   5.87494   3.92140   0.05938  
 59  0.5366   3145.299855  x:  0.00108   0.00386   0.00253   0.01077   0.00000   0.00215   0.00217   0.00431   0.00000   0.00000   0.00215   0.00210   0.00216   0.00000   0.00647   0.00216   0.01966   0.01738   0.02408   0.02638   0.00268   0.02428   0.00882   0.04236   0.00264   0.00851   0.03743   0.04400   0.03669   0.09330   2.51405   6.61002   4.65809   0.05944  
 60  0.5508   3145.298542  x:  0.00083   0.00386   0.00253   0.01079   0.00000   0.00217   0.00213   0.00430   0.00000   0.00000   0.00216   0.00217   0.00217   0.00000   0.00648   0.00216   0.01961   0.01735   0.02408   0.02644   0.00269   0.02429   0.00883   0.04238   0.00264   0.00852   0.03747   0.04424   0.03675   0.09348   2.51286   7.37467   5.42403   0.05909  
 61  0.5553   3145.297838  x:  0.00057   0.00385   0.00252   0.01074   0.00000   0.00215   0.00216   0.00432   0.00000   0.00000   0.00215   0.00215   0.00215   0.00000   0.00646   0.00214   0.01962   0.01739   0.02406   0.02638   0.00268   0.02428   0.00882   0.04239   0.00264   0.00848   0.03745   0.04452   0.03673   0.09338   2.51269   8.15216   6.19846   0.05932  
 62  0.5310   3145.297578  x:  0.00027   0.00386   0.00252   0.01077   0.00000   0.00216   0.00216   0.00431   0.00000   0.00000   0.00216   0.00216   0.00216   0.00000   0.00648   0.00216   0.01964   0.01738   0.02407   0.02640   0.00269   0.02429   0.00882   0.04239   0.00264   0.00852   0.03745   0.04481   0.03672   0.09338   2.51301   8.94279   6.98956   0.05931  
 63  0.5204   3145.297447  x:  0.00000   0.00385   0.00252   0.01077   0.00000   0.00216   0.00215   0.00431   0.00000   0.00000   0.00215   0.00216   0.00216   0.00000   0.00647   0.00215   0.01963   0.01737   0.02407   0.02641   0.00268   0.02429   0.00883   0.04239   0.00264   0.00850   0.03746   0.04508   0.03673   0.09340   2.51286   9.60889   7.65581   0.05928  
 64  0.5646   3145.297446  x:  0.00000   0.00385   0.00252   0.01077   0.00000   0.00216   0.00215   0.00431   0.00000   0.00000   0.00215   0.00216   0.00216   0.00000   0.00647   0.00215   0.01963   0.01737   0.02407   0.02641   0.00268   0.02429   0.00883   0.04239   0.00264   0.00850   0.03746   0.04509   0.03673   0.09340   2.51286   9.62579   7.67272   0.05928  
 65  0.7696   3145.297364  x:  0.00000   0.00385   0.00252   0.01075   0.00000   0.00215   0.00215   0.00431   0.00000   0.00000   0.00215   0.00215   0.00216   0.00000   0.00647   0.00215   0.01962   0.01738   0.02406   0.02639   0.00269   0.02428   0.00882   0.04238   0.00264   0.00850   0.03745   0.04506   0.03673   0.09339   2.51286  11.47569   9.52284   0.05928  
 66 103.4625   3145.297363  x:  0.00000   0.00385   0.00252   0.01075   0.00000   0.00215   0.00215   0.00431   0.00000   0.00000   0.00215   0.00215   0.00216   0.00000   0.00647   0.00215   0.01962   0.01738   0.02406   0.02639   0.00269   0.02428   0.00882   0.04238   0.00264   0.00850   0.03745   0.04507   0.03673   0.09339   2.51286  11.29393   9.34106   0.05928  
 67  1.4762   3145.297363  x:  0.00000   0.00385   0.00252   0.01075   0.00000   0.00215   0.00215   0.00431   0.00000   0.00000   0.00215   0.00215   0.00216   0.00000   0.00647   0.00215   0.01962   0.01738   0.02406   0.02639   0.00269   0.02428   0.00882   0.04238   0.00264   0.00850   0.03745   0.04507   0.03673   0.09339   2.51286  11.29393   9.34106   0.05928  
 68  4.5756   3145.297356  x:  0.00000   0.00385   0.00252   0.01076   0.00000   0.00215   0.00215   0.00431   0.00000   0.00000   0.00215   0.00215   0.00216   0.00000   0.00647   0.00215   0.01963   0.01738   0.02407   0.02640   0.00268   0.02428   0.00882   0.04239   0.00264   0.00850   0.03745   0.04508   0.03673   0.09339   2.51312  11.29130   9.33844   0.05928  
 69  0.0032   3145.297356  x:  0.00000   0.00385   0.00252   0.01077   0.00000   0.00215   0.00215   0.00431   0.00000   0.00000   0.00215   0.00215   0.00216   0.00000   0.00647   0.00215   0.01963   0.01738   0.02407   0.02640   0.00268   0.02428   0.00882   0.04239   0.00264   0.00850   0.03745   0.04508   0.03673   0.09339   2.51309  11.29153   9.33869   0.05928  
 70  0.0010   3145.297355  x:  0.00000   0.00385   0.00252   0.01077   0.00000   0.00215   0.00215   0.00431   0.00000   0.00000   0.00215   0.00215   0.00216   0.00000   0.00647   0.00215   0.01963   0.01738   0.02407   0.02640   0.00268   0.02428   0.00882   0.04239   0.00264   0.00850   0.03745   0.04508   0.03673   0.09340   2.51305  11.29196   9.33912   0.05928  
 71  0.0023   3145.297355  x:  0.00000   0.00385   0.00252   0.01077   0.00000   0.00215   0.00215   0.00431   0.00000   0.00000   0.00215   0.00215   0.00216   0.00000   0.00647   0.00215   0.01963   0.01738   0.02407   0.02640   0.00268   0.02428   0.00882   0.04239   0.00264   0.00850   0.03745   0.04508   0.03673   0.09340   2.51304  11.29209   9.33924   0.05928  
 72  0.0025   3145.297355  x:  0.00000   0.00385   0.00252   0.01077   0.00000   0.00215   0.00215   0.00431   0.00000   0.00000   0.00215   0.00215   0.00216   0.00000   0.00647   0.00215   0.01963   0.01738   0.02407   0.02640   0.00268   0.02428   0.00882   0.04239   0.00264   0.00850   0.03745   0.04508   0.03673   0.09340   2.51303  11.29212   9.33927   0.05928  
 73  0.0025   3145.297355  x:  0.00000   0.00385   0.00252   0.01077   0.00000   0.00215   0.00215   0.00431   0.00000   0.00000   0.00215   0.00215   0.00216   0.00000   0.00647   0.00215   0.01963   0.01738   0.02407   0.02640   0.00268   0.02428   0.00882   0.04239   0.00264   0.00850   0.03745   0.04508   0.03673   0.09340   2.51303  11.29212   9.33928   0.05928  
 74  0.0024   3145.297355  x:  0.00000   0.00385   0.00252   0.01077   0.00000   0.00215   0.00215   0.00431   0.00000   0.00000   0.00215   0.00215   0.00216   0.00000   0.00647   0.00215   0.01963   0.01738   0.02407   0.02640   0.00268   0.02428   0.00882   0.04239   0.00264   0.00850   0.03745   0.04508   0.03673   0.09340   2.51303  11.29212   9.33928   0.05928  
 75  0.0022   3145.297355  x:  0.00000   0.00385   0.00252   0.01077   0.00000   0.00215   0.00215   0.00431   0.00000   0.00000   0.00215   0.00215   0.00216   0.00000   0.00647   0.00215   0.01963   0.01738   0.02407   0.02640   0.00268   0.02428   0.00882   0.04239   0.00264   0.00850   0.03745   0.04508   0.03673   0.09340   2.51302  11.29227   9.33942   0.05928  
 76  0.0046   3145.297355  x:  0.00000   0.00385   0.00252   0.01077   0.00000   0.00215   0.00215   0.00431   0.00000   0.00000   0.00215   0.00215   0.00216   0.00000   0.00647   0.00215   0.01963   0.01738   0.02407   0.02640   0.00268   0.02428   0.00882   0.04239   0.00264   0.00850   0.03745   0.04508   0.03673   0.09340   2.51302  11.29227   9.33942   0.05928  
 77  0.0024   3145.297355  x:  0.00000   0.00385   0.00252   0.01077   0.00000   0.00215   0.00215   0.00431   0.00000   0.00000   0.00215   0.00215   0.00216   0.00000   0.00647   0.00215   0.01963   0.01738   0.02407   0.02640   0.00268   0.02428   0.00882   0.04239   0.00264   0.00850   0.03745   0.04508   0.03673   0.09340   2.51302  11.29227   9.33942   0.05928  
 78  0.0018   3145.297355  x:  0.00000   0.00385   0.00252   0.01077   0.00000   0.00215   0.00215   0.00431   0.00000   0.00000   0.00215   0.00215   0.00216   0.00000   0.00647   0.00215   0.01963   0.01738   0.02407   0.02640   0.00268   0.02428   0.00882   0.04239   0.00264   0.00850   0.03745   0.04508   0.03673   0.09340   2.51302  11.29227   9.33942   0.05928  
check convergence!
