Supplemental results for CODEML (seqf: /Users/YY/Desktop/get/branch_site/modify/modify_trim_muscle_psbE.fa  treef: /Users/YY/Desktop/get/branch_site/16gene_topu.tree)


dN/dS (w) for site classes (K=4)

site class             0        1       2a       2b
proportion       1.00000  0.00000  0.00000  0.00000
background w     0.00000  1.00000  0.00000  1.00000
foreground w     0.00000  1.00000  1.00000  1.00000

Naive Empirical Bayes (NEB) probabilities for 4 classes
(amino acids refer to 1st sequence: NC_033343)

   1 M   1.00000 0.00000 0.00000 0.00000 ( 1)
   2 S   1.00000 0.00000 0.00000 0.00000 ( 1)
   3 G   1.00000 0.00000 0.00000 0.00000 ( 1)
   4 S   1.00000 0.00000 0.00000 0.00000 ( 1)
   5 T   1.00000 0.00000 0.00000 0.00000 ( 1)
   6 G   1.00000 0.00000 0.00000 0.00000 ( 1)
   7 E   1.00000 0.00000 0.00000 0.00000 ( 1)
   8 R   1.00000 0.00000 0.00000 0.00000 ( 1)
   9 S   1.00000 0.00000 0.00000 0.00000 ( 1)
  10 F   1.00000 0.00000 0.00000 0.00000 ( 1)
  11 A   1.00000 0.00000 0.00000 0.00000 ( 1)
  12 D   1.00000 0.00000 0.00000 0.00000 ( 1)
  13 I   1.00000 0.00000 0.00000 0.00000 ( 1)
  14 I   1.00000 0.00000 0.00000 0.00000 ( 1)
  15 T   1.00000 0.00000 0.00000 0.00000 ( 1)
  16 S   1.00000 0.00000 0.00000 0.00000 ( 1)
  17 I   1.00000 0.00000 0.00000 0.00000 ( 1)
  18 R   1.00000 0.00000 0.00000 0.00000 ( 1)
  19 Y   1.00000 0.00000 0.00000 0.00000 ( 1)
  20 W   1.00000 0.00000 0.00000 0.00000 ( 1)
  21 V   1.00000 0.00000 0.00000 0.00000 ( 1)
  22 I   1.00000 0.00000 0.00000 0.00000 ( 1)
  23 H   1.00000 0.00000 0.00000 0.00000 ( 1)
  24 S   1.00000 0.00000 0.00000 0.00000 ( 1)
  25 I   1.00000 0.00000 0.00000 0.00000 ( 1)
  26 T   1.00000 0.00000 0.00000 0.00000 ( 1)
  27 I   1.00000 0.00000 0.00000 0.00000 ( 1)
  28 P   1.00000 0.00000 0.00000 0.00000 ( 1)
  29 S   1.00000 0.00000 0.00000 0.00000 ( 1)
  30 L   1.00000 0.00000 0.00000 0.00000 ( 1)
  31 F   1.00000 0.00000 0.00000 0.00000 ( 1)
  32 I   1.00000 0.00000 0.00000 0.00000 ( 1)
  33 A   1.00000 0.00000 0.00000 0.00000 ( 1)
  34 G   1.00000 0.00000 0.00000 0.00000 ( 1)
  35 W   1.00000 0.00000 0.00000 0.00000 ( 1)
  36 L   1.00000 0.00000 0.00000 0.00000 ( 1)
  37 F   1.00000 0.00000 0.00000 0.00000 ( 1)
  38 V   1.00000 0.00000 0.00000 0.00000 ( 1)
  39 S   1.00000 0.00000 0.00000 0.00000 ( 1)
  40 T   1.00000 0.00000 0.00000 0.00000 ( 1)
  41 G   1.00000 0.00000 0.00000 0.00000 ( 1)
  42 L   1.00000 0.00000 0.00000 0.00000 ( 1)
  43 A   1.00000 0.00000 0.00000 0.00000 ( 1)
  44 Y   1.00000 0.00000 0.00000 0.00000 ( 1)
  45 D   1.00000 0.00000 0.00000 0.00000 ( 1)
  46 V   1.00000 0.00000 0.00000 0.00000 ( 1)
  47 F   1.00000 0.00000 0.00000 0.00000 ( 1)
  48 G   1.00000 0.00000 0.00000 0.00000 ( 1)
  49 S   1.00000 0.00000 0.00000 0.00000 ( 1)
  50 P   1.00000 0.00000 0.00000 0.00000 ( 1)
  51 R   1.00000 0.00000 0.00000 0.00000 ( 1)
  52 P   1.00000 0.00000 0.00000 0.00000 ( 1)
  53 N   1.00000 0.00000 0.00000 0.00000 ( 1)
  54 E   1.00000 0.00000 0.00000 0.00000 ( 1)
  55 Y   1.00000 0.00000 0.00000 0.00000 ( 1)
  56 F   1.00000 0.00000 0.00000 0.00000 ( 1)
  57 T   1.00000 0.00000 0.00000 0.00000 ( 1)
  58 E   1.00000 0.00000 0.00000 0.00000 ( 1)
  59 N   1.00000 0.00000 0.00000 0.00000 ( 1)
  60 R   1.00000 0.00000 0.00000 0.00000 ( 1)
  61 Q   1.00000 0.00000 0.00000 0.00000 ( 1)
  62 G   1.00000 0.00000 0.00000 0.00000 ( 1)
  63 I   1.00000 0.00000 0.00000 0.00000 ( 1)
  64 P   1.00000 0.00000 0.00000 0.00000 ( 1)
  65 L   1.00000 0.00000 0.00000 0.00000 ( 1)
  66 I   1.00000 0.00000 0.00000 0.00000 ( 1)
  67 T   1.00000 0.00000 0.00000 0.00000 ( 1)
  68 G   1.00000 0.00000 0.00000 0.00000 ( 1)
  69 R   1.00000 0.00000 0.00000 0.00000 ( 1)
  70 F   1.00000 0.00000 0.00000 0.00000 ( 1)
  71 D   1.00000 0.00000 0.00000 0.00000 ( 1)
  72 P   1.00000 0.00000 0.00000 0.00000 ( 1)
  73 L   1.00000 0.00000 0.00000 0.00000 ( 1)
  74 E   1.00000 0.00000 0.00000 0.00000 ( 1)
  75 Q   1.00000 0.00000 0.00000 0.00000 ( 1)
  76 L   1.00000 0.00000 0.00000 0.00000 ( 1)
  77 D   1.00000 0.00000 0.00000 0.00000 ( 1)
  78 E   1.00000 0.00000 0.00000 0.00000 ( 1)
  79 F   1.00000 0.00000 0.00000 0.00000 ( 1)
  80 S   1.00000 0.00000 0.00000 0.00000 ( 1)
  81 R   1.00000 0.00000 0.00000 0.00000 ( 1)
  82 S   1.00000 0.00000 0.00000 0.00000 ( 1)
  83 F   1.00000 0.00000 0.00000 0.00000 ( 1)


lnL =  -378.570514

