

TREE # 1

  0  0.0000    458.601180  x:  0.00000   0.01404   0.05773   0.01872   0.06707   0.06608   0.03686   0.03853   0.06571   0.01912   0.04942   0.02470   0.02319   0.01560   0.02271   0.05942   0.05878   0.02543   0.04808   0.03309   0.06954   0.03926   0.01280   0.02741   0.00898   0.06746   0.04432   0.04088   0.07340   0.02140   2.00000   1.09989   0.02896   0.27919  
  1 99.0000    458.599757  x:  0.00000   0.01404   0.05773   0.01872   0.06707   0.06608   0.03686   0.03853   0.06571   0.01912   0.04942   0.02470   0.02319   0.01560   0.02271   0.05942   0.05878   0.02543   0.04808   0.03309   0.06954   0.03926   0.01280   0.02741   0.00898   0.06746   0.04432   0.04088   0.07340   0.02140   2.00000   1.09989   0.02896   0.27919  
  2 344.0262    443.097088  x:  0.00000   0.00494   0.04868   0.00961   0.05808   0.05713   0.02905   0.02953   0.05667   0.01000   0.04036   0.01560   0.01419   0.00661   0.01709   0.05041   0.05127   0.01632   0.03902   0.02400   0.06054   0.03222   0.00382   0.02901   0.00000   0.05844   0.03716   0.03229   0.06475   0.02839   2.00011   1.09950   0.02939   0.26917  
  3 15256.4514    436.544350  x:  0.00000   0.00097   0.04472   0.00563   0.05416   0.05324   0.02581   0.02564   0.05273   0.00602   0.03640   0.01163   0.01030   0.00276   0.01822   0.04649   0.04765   0.01235   0.03505   0.02002   0.05662   0.02912   0.00000   0.02895   0.00000   0.05450   0.03381   0.02870   0.06134   0.02738   2.00011   1.09886   0.03006   0.25916  
  4 2156.6981    435.116892  x:  0.00000   0.00000   0.04376   0.00466   0.05321   0.05230   0.02608   0.02469   0.05177   0.00506   0.03543   0.01066   0.00936   0.00183   0.01796   0.04553   0.04704   0.01138   0.03409   0.01906   0.05566   0.02913   0.00000   0.02882   0.00000   0.05355   0.03356   0.02787   0.06057   0.02732   2.00011   1.09869   0.03023   0.25659  
  5 2934.8878    432.562416  x:  0.00000   0.00000   0.04191   0.00279   0.05139   0.05046   0.02636   0.02282   0.04994   0.00319   0.03359   0.00881   0.00752   0.00000   0.01837   0.04367   0.04635   0.00952   0.03224   0.01720   0.05384   0.02931   0.00000   0.02901   0.00000   0.05172   0.03357   0.02630   0.05913   0.02783   2.00011   1.09841   0.03053   0.25193  
  6 11117.3134    428.959521  x:  0.00000   0.00000   0.03917   0.00000   0.04868   0.04768   0.02596   0.01996   0.04722   0.00042   0.03085   0.00605   0.00467   0.00000   0.01813   0.04088   0.04614   0.00674   0.02949   0.01443   0.05113   0.02934   0.00000   0.02914   0.00000   0.04902   0.03393   0.02401   0.05712   0.02795   2.00009   1.09803   0.03094   0.24529  
  7 12669.2690    428.447699  x:  0.00000   0.00000   0.03875   0.00000   0.04827   0.04726   0.02591   0.01953   0.04681   0.00000   0.03044   0.00563   0.00424   0.00000   0.01810   0.04046   0.04611   0.00632   0.02908   0.01401   0.05073   0.02934   0.00000   0.02915   0.00000   0.04861   0.03398   0.02367   0.05682   0.02797   2.00009   1.09797   0.03100   0.24429  
  8 3951634.6090    423.704961  x:  0.00000   0.00000   0.03471   0.00000   0.04426   0.04316   0.02540   0.01526   0.04281   0.00000   0.02639   0.00155   0.00000   0.00000   0.01775   0.03634   0.04578   0.00223   0.02502   0.00992   0.04674   0.02935   0.00000   0.02944   0.00000   0.04463   0.03439   0.02029   0.05385   0.02814   2.00007   1.09743   0.03160   0.23463  
  9 169906.6065    422.020828  x:  0.00000   0.00000   0.03317   0.00000   0.04274   0.04160   0.02519   0.01364   0.04129   0.00000   0.02486   0.00000   0.00000   0.00000   0.01764   0.03478   0.04566   0.00068   0.02348   0.00837   0.04523   0.02936   0.00000   0.02946   0.00000   0.04312   0.03457   0.01900   0.05272   0.02823   2.00006   1.09722   0.03182   0.23098  
 10 496464.6923    421.339039  x:  0.00000   0.00000   0.03251   0.00000   0.04208   0.04093   0.02509   0.01294   0.04064   0.00000   0.02419   0.00000   0.00000   0.00000   0.01759   0.03410   0.04561   0.00000   0.02281   0.00770   0.04458   0.02936   0.00000   0.02946   0.00000   0.04246   0.03466   0.01845   0.05223   0.02827   2.00006   1.09713   0.03192   0.22939  
 11 3018173.8542    414.053927  x:  0.00000   0.00000   0.02489   0.00000   0.03452   0.03315   0.02471   0.00444   0.03312   0.00000   0.01660   0.00000   0.00000   0.00000   0.01697   0.02633   0.04584   0.00000   0.01517   0.00000   0.03708   0.02865   0.00000   0.03039   0.00000   0.03496   0.03523   0.01193   0.04643   0.02849   2.00002   1.09626   0.03288   0.21204  
 12 4339.4561    410.650991  x:  0.00000   0.00000   0.02105   0.00000   0.03072   0.02924   0.02482   0.00000   0.02932   0.00000   0.01276   0.00000   0.00000   0.00000   0.01662   0.02241   0.04618   0.00000   0.01132   0.00000   0.03329   0.02778   0.00000   0.03119   0.00000   0.03118   0.03563   0.00867   0.04352   0.02852   2.00000   1.09581   0.03338   0.20305  
 13 47847.7912    402.461695  x:  0.00000   0.00000   0.01085   0.00000   0.02062   0.01885   0.02498   0.00000   0.01925   0.00000   0.00259   0.00000   0.00000   0.00000   0.01569   0.01200   0.04722   0.00000   0.00109   0.00000   0.02324   0.02585   0.00000   0.03332   0.00000   0.02113   0.03633   0.00000   0.03582   0.02859   1.99994   1.09464   0.03468   0.17922  
 14 398986.5886    401.662167  x:  0.00000   0.00000   0.00976   0.00000   0.01956   0.01777   0.02499   0.00000   0.01818   0.00000   0.00150   0.00000   0.00000   0.00000   0.01557   0.01089   0.04749   0.00000   0.00000   0.00000   0.02217   0.02570   0.00000   0.03362   0.00000   0.02005   0.03630   0.00000   0.03507   0.02861   1.99993   1.09451   0.03482   0.17630  
 15 1359.2364    400.667307  x:  0.00000   0.00000   0.00826   0.00000   0.01809   0.01626   0.02503   0.00000   0.01669   0.00000   0.00000   0.00000   0.00000   0.00000   0.01542   0.00936   0.04764   0.00000   0.00000   0.00000   0.02068   0.02533   0.00000   0.03393   0.00000   0.01857   0.03649   0.00000   0.03415   0.02866   1.99992   1.09438   0.03498   0.17245  
 16 8959.3483    395.858780  x:  0.00000   0.00000   0.00000   0.00000   0.00998   0.00790   0.02488   0.00000   0.00855   0.00000   0.00000   0.00000   0.00000   0.00000   0.01459   0.00093   0.04874   0.00000   0.00000   0.00000   0.01255   0.02488   0.00000   0.03611   0.00000   0.01044   0.03613   0.00000   0.02949   0.02874   1.99987   1.09385   0.03564   0.15280  
 17 4979.9271    395.397193  x:  0.00000   0.00000   0.00000   0.00000   0.00908   0.00698   0.02487   0.00000   0.00765   0.00000   0.00000   0.00000   0.00000   0.00000   0.01450   0.00000   0.04887   0.00000   0.00000   0.00000   0.01166   0.02482   0.00000   0.03634   0.00000   0.00955   0.03610   0.00000   0.02897   0.02876   1.99987   1.09379   0.03571   0.15066  
 18 460817.7970    392.422988  x:  0.00000   0.00000   0.00000   0.00000   0.00231   0.00000   0.02475   0.00000   0.00091   0.00000   0.00000   0.00000   0.00000   0.00000   0.01386   0.00000   0.04971   0.00000   0.00000   0.00000   0.00491   0.02443   0.00000   0.03799   0.00000   0.00281   0.03589   0.00000   0.02499   0.02883   1.99983   1.09345   0.03615   0.13534  
 19 11087.7723    392.094905  x:  0.00000   0.00000   0.00000   0.00000   0.00140   0.00000   0.02473   0.00000   0.00000   0.00000   0.00000   0.00000   0.00000   0.00000   0.01379   0.00000   0.04984   0.00000   0.00000   0.00000   0.00401   0.02438   0.00000   0.03816   0.00000   0.00191   0.03586   0.00000   0.02443   0.02884   1.99983   1.09343   0.03618   0.13351  
 20 2851.3385    391.679745  x:  0.00000   0.00000   0.00000   0.00000   0.00000   0.00000   0.02470   0.00000   0.00000   0.00000   0.00000   0.00000   0.00000   0.00000   0.01368   0.00000   0.04989   0.00000   0.00000   0.00000   0.00257   0.02433   0.00000   0.03845   0.00000   0.00047   0.03586   0.00000   0.02350   0.02885   1.99982   1.09342   0.03621   0.13098  
 21 2867.2574    391.581581  x:  0.00000   0.00000   0.00000   0.00000   0.00000   0.00000   0.02470   0.00000   0.00000   0.00000   0.00000   0.00000   0.00000   0.00000   0.01366   0.00000   0.05001   0.00000   0.00000   0.00000   0.00210   0.02430   0.00000   0.03849   0.00000   0.00000   0.03582   0.00000   0.02317   0.02887   1.99982   1.09342   0.03621   0.13028  
 22 893.5820    391.278360  x:  0.00000   0.00000   0.00000   0.00000   0.00000   0.00000   0.02465   0.00000   0.00000   0.00000   0.00000   0.00000   0.00000   0.00000   0.01356   0.00000   0.04994   0.00000   0.00000   0.00000   0.00000   0.02428   0.00000   0.03875   0.00000   0.00000   0.03584   0.00000   0.02163   0.02888   1.99983   1.09353   0.03613   0.12793  
 23 678.4515    389.503357  x:  0.00000   0.00000   0.00000   0.00000   0.00000   0.00000   0.02467   0.00000   0.00000   0.00000   0.00000   0.00000   0.00000   0.00000   0.01315   0.00000   0.05096   0.00000   0.00000   0.00000   0.00000   0.02385   0.00000   0.03947   0.00000   0.00000   0.03547   0.00000   0.00000   0.02928   2.00004   1.09550   0.03438   0.11283  
 24 161.8637    385.827727  x:  0.00000   0.00000   0.00000   0.00000   0.00000   0.00000   0.02531   0.00000   0.00000   0.00000   0.00000   0.00000   0.00000   0.00000   0.01046   0.00000   0.00884   0.00000   0.00000   0.00000   0.00000   0.01912   0.00000   0.03425   0.00000   0.00000   0.01367   0.00000   0.00000   0.03498   2.01765   1.16249  -0.02900   0.02559  
 25 11.7066    385.293418  x:  0.00000   0.00000   0.00000   0.00000   0.00000   0.00000   0.02398   0.00000   0.00000   0.00000   0.00000   0.00000   0.00000   0.00000   0.01027   0.00000   0.00876   0.00000   0.00000   0.00000   0.00000   0.01980   0.00000   0.03281   0.00000   0.00000   0.01329   0.00000   0.00000   0.03570   2.02237   1.18349  -0.04895   0.00000  
 26 19.0481    384.155529  x:  0.00000   0.00000   0.00000   0.00000   0.00000   0.00000   0.01164   0.00000   0.00000   0.00000   0.00000   0.00000   0.00000   0.00000   0.00846   0.00000   0.00476   0.00000   0.00000   0.00000   0.00000   0.02092   0.00000   0.01929   0.00000   0.00000   0.01518   0.00000   0.00000   0.04364   2.08091   1.47079  -0.32092   0.00000  
 27 127.6025    383.750086  x:  0.00000   0.00000   0.00000   0.00000   0.00000   0.00000   0.00987   0.00000   0.00000   0.00000   0.00000   0.00000   0.00000   0.00000   0.00812   0.00000   0.00727   0.00000   0.00000   0.00000   0.00000   0.02139   0.00000   0.01705   0.00000   0.00000   0.00784   0.00000   0.00000   0.04518   2.10366   1.57036  -0.41492   0.00000  
 28 36.6401    383.581961  x:  0.00000   0.00000   0.00000   0.00000   0.00000   0.00000   0.01003   0.00000   0.00000   0.00000   0.00000   0.00000   0.00000   0.00000   0.00802   0.00000   0.00834   0.00000   0.00000   0.00000   0.00000   0.01383   0.00000   0.01432   0.00000   0.00000   0.00949   0.00000   0.00000   0.04454   2.15675   1.56765  -0.41212   0.00000  
 29  1.8446    383.287901  x:  0.00000   0.00000   0.00000   0.00000   0.00000   0.00000   0.00577   0.00000   0.00000   0.00000   0.00000   0.00000   0.00000   0.00000   0.00737   0.00000   0.00877   0.00000   0.00000   0.00000   0.00000   0.01121   0.00000   0.01841   0.00000   0.00000   0.01021   0.00000   0.00000   0.04038   2.31760   1.58212  -0.42463   0.00000  
 30  3.9500    381.724764  x:  0.00000   0.00000   0.00000   0.00000   0.00000   0.00000   0.01064   0.00000   0.00000   0.00000   0.00000   0.00000   0.00000   0.00000   0.00771   0.00000   0.00840   0.00000   0.00000   0.00000   0.00000   0.00997   0.00000   0.02115   0.00000   0.00000   0.00877   0.00000   0.00000   0.01657   3.40044   1.75925  -0.56961   0.00000  
 31  7.6497    380.840536  x:  0.00000   0.00000   0.00000   0.00000   0.00000   0.00000   0.00908   0.00000   0.00000   0.00000   0.00000   0.00000   0.00000   0.00000   0.01977   0.00000   0.01162   0.00000   0.00000   0.00000   0.00000   0.01991   0.00000   0.02013   0.00000   0.00000   0.01369   0.00000   0.00000   0.02265   4.39684   1.90547  -0.67069   0.00000  
 32  5.1536    379.984499  x:  0.00000   0.00000   0.00000   0.00000   0.00000   0.00000   0.01566   0.00000   0.00000   0.00000   0.00000   0.00000   0.00000   0.00000   0.01506   0.00000   0.01171   0.00000   0.00000   0.00000   0.00000   0.01226   0.00000   0.02665   0.00000   0.00000   0.01081   0.00000   0.00000   0.04003   5.62532   2.23145  -0.88150   0.00000  
 33  1.9722    379.785601  x:  0.00000   0.00000   0.00000   0.00000   0.00000   0.00000   0.01597   0.00000   0.00000   0.00000   0.00000   0.00000   0.00000   0.00000   0.00971   0.00000   0.01332   0.00000   0.00000   0.00000   0.00000   0.01654   0.00000   0.02608   0.00000   0.00000   0.01320   0.00000   0.00000   0.03854   5.94108   2.37119  -0.96397   0.00000  
 34  1.8181    378.978171  x:  0.00000   0.00000   0.00000   0.00000   0.00000   0.00000   0.01240   0.00000   0.00000   0.00000   0.00000   0.00000   0.00000   0.00000   0.01376   0.00000   0.01239   0.00000   0.00000   0.00000   0.00000   0.01440   0.00000   0.01983   0.00000   0.00000   0.01057   0.00000   0.00000   0.02262   7.77767   3.19290  -1.35995   0.00000  
 35  1.5196    378.790161  x:  0.00000   0.00000   0.00000   0.00000   0.00000   0.00000   0.01386   0.00000   0.00000   0.00000   0.00000   0.00000   0.00000   0.00000   0.01203   0.00000   0.01323   0.00000   0.00000   0.00000   0.00000   0.01045   0.00000   0.02517   0.00000   0.00000   0.01236   0.00000   0.00000   0.02581   8.93386   3.59058  -1.48146   0.00000  
 36  0.7657    378.713620  x:  0.00000   0.00000   0.00000   0.00000   0.00000   0.00000   0.01290   0.00000   0.00000   0.00000   0.00000   0.00000   0.00000   0.00000   0.01201   0.00000   0.01318   0.00000   0.00000   0.00000   0.00000   0.01408   0.00000   0.02657   0.00000   0.00000   0.01297   0.00000   0.00000   0.02403   9.99239   4.05826  -1.63000   0.00000  
 37  0.6771    378.674915  x:  0.00000   0.00000   0.00000   0.00000   0.00000   0.00000   0.01193   0.00000   0.00000   0.00000   0.00000   0.00000   0.00000   0.00000   0.01262   0.00000   0.01213   0.00000   0.00000   0.00000   0.00000   0.01230   0.00000   0.02566   0.00000   0.00000   0.01184   0.00000   0.00000   0.02533  10.92320   4.53132  -1.77431   0.00000  
 38  0.5339    378.668063  x:  0.00000   0.00000   0.00000   0.00000   0.00000   0.00000   0.01216   0.00000   0.00000   0.00000   0.00000   0.00000   0.00000   0.00000   0.01222   0.00000   0.01254   0.00000   0.00000   0.00000   0.00000   0.01250   0.00000   0.02530   0.00000   0.00000   0.01282   0.00000   0.00000   0.02526  11.38202   4.76537  -1.82123   0.00000  
 39  0.2470    378.665192  x:  0.00000   0.00000   0.00000   0.00000   0.00000   0.00000   0.01247   0.00000   0.00000   0.00000   0.00000   0.00000   0.00000   0.00000   0.01258   0.00000   0.01237   0.00000   0.00000   0.00000   0.00000   0.01258   0.00000   0.02482   0.00000   0.00000   0.01235   0.00000   0.00000   0.02541  11.64598   4.95753  -1.83703   0.00000  
 40  0.1097    378.661214  x:  0.00000   0.00000   0.00000   0.00000   0.00000   0.00000   0.01318   0.00000   0.00000   0.00000   0.00000   0.00000   0.00000   0.00000   0.01227   0.00000   0.01273   0.00000   0.00000   0.00000   0.00000   0.01261   0.00000   0.02520   0.00000   0.00000   0.01234   0.00000   0.00000   0.02447  11.51305   5.08073  -1.74362   0.00000  
 41  0.0326    378.636437  x:  0.00000   0.00000   0.00000   0.00000   0.00000   0.00000   0.01376   0.00000   0.00000   0.00000   0.00000   0.00000   0.00000   0.00000   0.01244   0.00000   0.01303   0.00000   0.00000   0.00000   0.00000   0.01259   0.00000   0.02580   0.00000   0.00000   0.01191   0.00000   0.00000   0.02607  10.17543   5.46883  -1.20515   0.00000  
 42  0.1867    378.608902  x:  0.00000   0.00000   0.00000   0.00000   0.00000   0.00000   0.01355   0.00000   0.00000   0.00000   0.00000   0.00000   0.00000   0.00000   0.01280   0.00000   0.01327   0.00000   0.00000   0.00000   0.00000   0.01232   0.00000   0.02569   0.00000   0.00000   0.01192   0.00000   0.00000   0.02641   8.01552   6.40262  -0.25309   0.00000  
 43  1.9869    378.584116  x:  0.00000   0.00000   0.00000   0.00000   0.00000   0.00000   0.01220   0.00000   0.00000   0.00000   0.00000   0.00000   0.00000   0.00000   0.01289   0.00000   0.01269   0.00000   0.00000   0.00000   0.00000   0.01245   0.00000   0.02430   0.00000   0.00000   0.01278   0.00000   0.00000   0.02521   8.44494   7.82454   0.07427   0.00000  
 44  0.6954    378.577344  x:  0.00000   0.00000   0.00000   0.00000   0.00000   0.00000   0.01260   0.00000   0.00000   0.00000   0.00000   0.00000   0.00000   0.00000   0.01241   0.00000   0.01263   0.00000   0.00000   0.00000   0.00000   0.01269   0.00000   0.02527   0.00000   0.00000   0.01264   0.00000   0.00000   0.02501   7.80309   8.78935   0.59514   0.00000  
 45  0.7319    378.574245  x:  0.00000   0.00000   0.00000   0.00000   0.00000   0.00000   0.01274   0.00000   0.00000   0.00000   0.00000   0.00000   0.00000   0.00000   0.01243   0.00000   0.01236   0.00000   0.00000   0.00000   0.00000   0.01257   0.00000   0.02565   0.00000   0.00000   0.01251   0.00000   0.00000   0.02525   8.27369   9.60548   0.73408   0.00000  
 46  0.4830    378.572277  x:  0.00000   0.00000   0.00000   0.00000   0.00000   0.00000   0.01247   0.00000   0.00000   0.00000   0.00000   0.00000   0.00000   0.00000   0.01269   0.00000   0.01236   0.00000   0.00000   0.00000   0.00000   0.01246   0.00000   0.02539   0.00000   0.00000   0.01265   0.00000   0.00000   0.02538   7.95079  10.94087   1.27572   0.00000  
 47  0.6237    378.571198  x:  0.00000   0.00000   0.00000   0.00000   0.00000   0.00000   0.01272   0.00000   0.00000   0.00000   0.00000   0.00000   0.00000   0.00000   0.01249   0.00000   0.01259   0.00000   0.00000   0.00000   0.00000   0.01263   0.00000   0.02537   0.00000   0.00000   0.01263   0.00000   0.00000   0.02516   8.09734  12.20587   1.66024   0.00000  
 48  0.5236    378.570784  x:  0.00000   0.00000   0.00000   0.00000   0.00000   0.00000   0.01252   0.00000   0.00000   0.00000   0.00000   0.00000   0.00000   0.00000   0.01258   0.00000   0.01257   0.00000   0.00000   0.00000   0.00000   0.01250   0.00000   0.02533   0.00000   0.00000   0.01251   0.00000   0.00000   0.02533   8.04675  13.52936   2.11686   0.00000  
 49  0.5660    378.570643  x:  0.00000   0.00000   0.00000   0.00000   0.00000   0.00000   0.01258   0.00000   0.00000   0.00000   0.00000   0.00000   0.00000   0.00000   0.01253   0.00000   0.01265   0.00000   0.00000   0.00000   0.00000   0.01259   0.00000   0.02543   0.00000   0.00000   0.01256   0.00000   0.00000   0.02524   8.07478  14.72447   2.51266   0.00000  
 50  0.5003    378.570564  x:  0.00000   0.00000   0.00000   0.00000   0.00000   0.00000   0.01254   0.00000   0.00000   0.00000   0.00000   0.00000   0.00000   0.00000   0.01257   0.00000   0.01259   0.00000   0.00000   0.00000   0.00000   0.01252   0.00000   0.02537   0.00000   0.00000   0.01253   0.00000   0.00000   0.02529   8.05744  16.27522   3.03766   0.00000  
 51  0.4916    378.570533  x:  0.00000   0.00000   0.00000   0.00000   0.00000   0.00000   0.01259   0.00000   0.00000   0.00000   0.00000   0.00000   0.00000   0.00000   0.01254   0.00000   0.01259   0.00000   0.00000   0.00000   0.00000   0.01257   0.00000   0.02539   0.00000   0.00000   0.01257   0.00000   0.00000   0.02526   8.06520  17.47945   3.44093   0.00000  
 52  0.5666    378.570524  x:  0.00000   0.00000   0.00000   0.00000   0.00000   0.00000   0.01257   0.00000   0.00000   0.00000   0.00000   0.00000   0.00000   0.00000   0.01256   0.00000   0.01256   0.00000   0.00000   0.00000   0.00000   0.01254   0.00000   0.02537   0.00000   0.00000   0.01256   0.00000   0.00000   0.02527   8.06046  18.73497   3.86390   0.00000  
 53  0.4829    378.570518  x:  0.00000   0.00000   0.00000   0.00000   0.00000   0.00000   0.01258   0.00000   0.00000   0.00000   0.00000   0.00000   0.00000   0.00000   0.01255   0.00000   0.01258   0.00000   0.00000   0.00000   0.00000   0.01256   0.00000   0.02539   0.00000   0.00000   0.01257   0.00000   0.00000   0.02527   8.06390  20.03660   4.30077   0.00000  
 54  0.4861    378.570516  x:  0.00000   0.00000   0.00000   0.00000   0.00000   0.00000   0.01257   0.00000   0.00000   0.00000   0.00000   0.00000   0.00000   0.00000   0.01255   0.00000   0.01258   0.00000   0.00000   0.00000   0.00000   0.01255   0.00000   0.02538   0.00000   0.00000   0.01256   0.00000   0.00000   0.02527   8.06242  21.39225   4.75667   0.00000  
 55  0.5729    378.570515  x:  0.00000   0.00000   0.00000   0.00000   0.00000   0.00000   0.01258   0.00000   0.00000   0.00000   0.00000   0.00000   0.00000   0.00000   0.01255   0.00000   0.01259   0.00000   0.00000   0.00000   0.00000   0.01256   0.00000   0.02538   0.00000   0.00000   0.01256   0.00000   0.00000   0.02527   8.06337  22.55366   5.14691   0.00000  
 56  0.4899    378.570515  x:  0.00000   0.00000   0.00000   0.00000   0.00000   0.00000   0.01258   0.00000   0.00000   0.00000   0.00000   0.00000   0.00000   0.00000   0.01255   0.00000   0.01258   0.00000   0.00000   0.00000   0.00000   0.01255   0.00000   0.02538   0.00000   0.00000   0.01256   0.00000   0.00000   0.02527   8.06258  24.21867   5.70674   0.00000  
 57  0.5754    378.570515  x:  0.00000   0.00000   0.00000   0.00000   0.00000   0.00000   0.01258   0.00000   0.00000   0.00000   0.00000   0.00000   0.00000   0.00000   0.01255   0.00000   0.01258   0.00000   0.00000   0.00000   0.00000   0.01255   0.00000   0.02538   0.00000   0.00000   0.01256   0.00000   0.00000   0.02527   8.06299  25.12162   6.01018   0.00000  
 58  0.4933    378.570514  x:  0.00000   0.00000   0.00000   0.00000   0.00000   0.00000   0.01258   0.00000   0.00000   0.00000   0.00000   0.00000   0.00000   0.00000   0.01255   0.00000   0.01258   0.00000   0.00000   0.00000   0.00000   0.01255   0.00000   0.02538   0.00000   0.00000   0.01256   0.00000   0.00000   0.02527   8.06281  27.85473   6.92891   0.00000  
 59  0.5905    378.570514  x:  0.00000   0.00000   0.00000   0.00000   0.00000   0.00000   0.01258   0.00000   0.00000   0.00000   0.00000   0.00000   0.00000   0.00000   0.01255   0.00000   0.01258   0.00000   0.00000   0.00000   0.00000   0.01255   0.00000   0.02538   0.00000   0.00000   0.01256   0.00000   0.00000   0.02527   8.06292  28.29474   7.07680   0.00000  
 60  0.3733    378.570514  x:  0.00000   0.00000   0.00000   0.00000   0.00000   0.00000   0.01258   0.00000   0.00000   0.00000   0.00000   0.00000   0.00000   0.00000   0.01255   0.00000   0.01258   0.00000   0.00000   0.00000   0.00000   0.01255   0.00000   0.02538   0.00000   0.00000   0.01256   0.00000   0.00000   0.02527   8.06294  29.84866   7.59913   0.00000  
 61  0.5079    378.570514  x:  0.00000   0.00000   0.00000   0.00000   0.00000   0.00000   0.01258   0.00000   0.00000   0.00000   0.00000   0.00000   0.00000   0.00000   0.01255   0.00000   0.01258   0.00000   0.00000   0.00000   0.00000   0.01255   0.00000   0.02538   0.00000   0.00000   0.01256   0.00000   0.00000   0.02527   8.06288  31.49753   8.15339   0.00000  
 62  0.5735    378.570514  x:  0.00000   0.00000   0.00000   0.00000   0.00000   0.00000   0.01258   0.00000   0.00000   0.00000   0.00000   0.00000   0.00000   0.00000   0.01255   0.00000   0.01258   0.00000   0.00000   0.00000   0.00000   0.01255   0.00000   0.02538   0.00000   0.00000   0.01256   0.00000   0.00000   0.02527   8.06289  31.66886   8.21098   0.00000  
 63  0.2509    378.570514  x:  0.00000   0.00000   0.00000   0.00000   0.00000   0.00000   0.01258   0.00000   0.00000   0.00000   0.00000   0.00000   0.00000   0.00000   0.01255   0.00000   0.01258   0.00000   0.00000   0.00000   0.00000   0.01255   0.00000   0.02538   0.00000   0.00000   0.01256   0.00000   0.00000   0.02527   8.06290  31.96569   8.31075   0.00000  
 64  0.6230    378.570514  x:  0.00000   0.00000   0.00000   0.00000   0.00000   0.00000   0.01258   0.00000   0.00000   0.00000   0.00000   0.00000   0.00000   0.00000   0.01255   0.00000   0.01258   0.00000   0.00000   0.00000   0.00000   0.01255   0.00000   0.02538   0.00000   0.00000   0.01256   0.00000   0.00000   0.02527   8.06291  32.45255   8.47440   0.00000  
 65  0.7572    378.570514  x:  0.00000   0.00000   0.00000   0.00000   0.00000   0.00000   0.01258   0.00000   0.00000   0.00000   0.00000   0.00000   0.00000   0.00000   0.01255   0.00000   0.01258   0.00000   0.00000   0.00000   0.00000   0.01255   0.00000   0.02538   0.00000   0.00000   0.01256   0.00000   0.00000   0.02527   8.06291  33.54534   8.84173   0.00000  
 66  0.8790    378.570514  x:  0.00000   0.00000   0.00000   0.00000   0.00000   0.00000   0.01258   0.00000   0.00000   0.00000   0.00000   0.00000   0.00000   0.00000   0.01255   0.00000   0.01258   0.00000   0.00000   0.00000   0.00000   0.01255   0.00000   0.02538   0.00000   0.00000   0.01256   0.00000   0.00000   0.02527   8.06291  42.02083  11.69067   0.00000  
 67  1.1177    378.570514  x:  0.00000   0.00000   0.00000   0.00000   0.00000   0.00000   0.01258   0.00000   0.00000   0.00000   0.00000   0.00000   0.00000   0.00000   0.01255   0.00000   0.01258   0.00000   0.00000   0.00000   0.00000   0.01255   0.00000   0.02538   0.00000   0.00000   0.01256   0.00000   0.00000   0.02527   8.06293  67.90568  20.39157   0.00000  
 68 113.5674    378.570514  x:  0.00000   0.00000   0.00000   0.00000   0.00000   0.00000   0.01258   0.00000   0.00000   0.00000   0.00000   0.00000   0.00000   0.00000   0.01255   0.00000   0.01258   0.00000   0.00000   0.00000   0.00000   0.01255   0.00000   0.02538   0.00000   0.00000   0.01256   0.00000   0.00000   0.02527   8.06293  68.29436  20.52222   0.00000  
 69 59.0364    378.570514  x:  0.00000   0.00000   0.00000   0.00000   0.00000   0.00000   0.01258   0.00000   0.00000   0.00000   0.00000   0.00000   0.00000   0.00000   0.01255   0.00000   0.01258   0.00000   0.00000   0.00000   0.00000   0.01255   0.00000   0.02538   0.00000   0.00000   0.01256   0.00000   0.00000   0.02527   8.06293  68.46220  20.57864   0.00000  
 70 105.7706    378.570514  x:  0.00000   0.00000   0.00000   0.00000   0.00000   0.00000   0.01258   0.00000   0.00000   0.00000   0.00000   0.00000   0.00000   0.00000   0.01255   0.00000   0.01258   0.00000   0.00000   0.00000   0.00000   0.01255   0.00000   0.02538   0.00000   0.00000   0.01256   0.00000   0.00000   0.02527   8.06293  68.46220  20.57864   0.00000  
 71 219.5421    378.570514  x:  0.00000   0.00000   0.00000   0.00000   0.00000   0.00000   0.01258   0.00000   0.00000   0.00000   0.00000   0.00000   0.00000   0.00000   0.01255   0.00000   0.01258   0.00000   0.00000   0.00000   0.00000   0.01255   0.00000   0.02538   0.00000   0.00000   0.01256   0.00000   0.00000   0.02527   8.06293  68.46220  20.57864   0.00000  