

TREE # 1

  0  0.0000    238.518782  x:  0.00000   0.02200   0.05807   0.01867   0.06735   0.06648   0.03272   0.03869   0.06600   0.02708   0.04952   0.02474   0.03094   0.01583   0.01900   0.05939   0.05480   0.02546   0.05618   0.03313   0.07007   0.03565   0.01249   0.01922   0.00902   0.06775   0.04040   0.04088   0.07374   0.01321   2.00000   1.09989   0.02896   0.27919   2.57308  
  1 99.0000    238.518009  x:  0.00000   0.02200   0.05807   0.01867   0.06735   0.06648   0.03271   0.03869   0.06600   0.02708   0.04952   0.02474   0.03094   0.01583   0.01900   0.05939   0.05480   0.02546   0.05618   0.03313   0.07007   0.03565   0.01249   0.01922   0.00902   0.06775   0.04040   0.04088   0.07374   0.01321   2.00000   1.09989   0.02896   0.27919   2.57308  
  2 186.2940    230.025587  x:  0.00000   0.03761   0.04943   0.00975   0.05840   0.05753   0.02305   0.02987   0.05723   0.02902   0.04074   0.01574   0.02816   0.00681   0.00998   0.05042   0.04584   0.01644   0.04832   0.02444   0.06134   0.02667   0.00348   0.01021   0.00000   0.05881   0.03142   0.03227   0.06482   0.00421   1.99968   1.09886   0.03007   0.26125   2.57307  
  3 1133.2805    226.791826  x:  0.00000   0.03671   0.04619   0.00635   0.05496   0.05409   0.01912   0.02653   0.05390   0.02873   0.03741   0.01227   0.02844   0.00334   0.00650   0.04697   0.04239   0.01297   0.04533   0.02112   0.05805   0.02321   0.00000   0.00674   0.00000   0.05537   0.02796   0.02909   0.06137   0.00074   1.99943   1.09800   0.03099   0.24750   2.57306  
  4 711.0673    226.169239  x:  0.00000   0.03665   0.04551   0.00565   0.05425   0.05338   0.01813   0.02581   0.05321   0.02900   0.03672   0.01155   0.02814   0.00261   0.00578   0.04626   0.04167   0.01225   0.04648   0.02044   0.05738   0.02248   0.00000   0.00600   0.00000   0.05465   0.02724   0.02846   0.06066   0.00000   1.99937   1.09783   0.03117   0.24464   2.57306  
  5 803.3236    224.068530  x:  0.00000   0.03837   0.04312   0.00307   0.05182   0.05095   0.01273   0.02308   0.05079   0.02511   0.03424   0.00898   0.03313   0.00000   0.00317   0.04380   0.03920   0.00966   0.05109   0.01809   0.05521   0.01987   0.00000   0.00333   0.00000   0.05215   0.02464   0.02655   0.05817   0.00000   1.99902   1.09746   0.03155   0.23591   2.57306  
  6 397.0512    221.659158  x:  0.00000   0.03861   0.04047   0.00000   0.04933   0.04847   0.00258   0.01958   0.04822   0.02672   0.03158   0.00614   0.03492   0.00000   0.00025   0.04126   0.03660   0.00679   0.05145   0.01564   0.05321   0.01692   0.00000   0.00022   0.00000   0.04949   0.02175   0.02511   0.05554   0.00000   1.99841   1.09749   0.03148   0.22919   2.57309  
  7 202.5379    221.496556  x:  0.00000   0.03862   0.04028   0.00000   0.04916   0.04830   0.00186   0.01933   0.04804   0.02683   0.03139   0.00593   0.03505   0.00000   0.00004   0.04108   0.03642   0.00659   0.05147   0.01546   0.05307   0.01671   0.00000   0.00000   0.00000   0.04930   0.02154   0.02500   0.05535   0.00000   1.99837   1.09750   0.03147   0.22871   2.57309  
  8 6402841.7213    221.470509  x:  0.00000   0.03863   0.04025   0.00000   0.04913   0.04827   0.00174   0.01929   0.04801   0.02685   0.03135   0.00590   0.03507   0.00000   0.00000   0.04105   0.03639   0.00655   0.05148   0.01543   0.05305   0.01668   0.00000   0.00000   0.00000   0.04926   0.02151   0.02499   0.05532   0.00000   1.99836   1.09750   0.03147   0.22864   2.57309  
  9 57372.4093    221.111984  x:  0.00000   0.03867   0.03979   0.00000   0.04870   0.04783   0.00000   0.01869   0.04756   0.02712   0.03089   0.00541   0.03537   0.00000   0.00000   0.04060   0.03594   0.00606   0.05154   0.01500   0.05269   0.01617   0.00000   0.00000   0.00000   0.04880   0.02101   0.02472   0.05486   0.00000   1.99826   1.09750   0.03145   0.22754   2.57310  
 10 2200.0252    217.905735  x:  0.00000   0.03901   0.03470   0.00000   0.04391   0.04305   0.00000   0.01200   0.04255   0.02896   0.02571   0.00000   0.03730   0.00000   0.00000   0.03571   0.03096   0.00062   0.05178   0.01017   0.04865   0.01060   0.00000   0.00000   0.00000   0.04372   0.01552   0.02154   0.04984   0.00000   1.99728   1.09779   0.03104   0.21965   2.57318  
 11 279.6661    217.537802  x:  0.00000   0.03906   0.03416   0.00000   0.04342   0.04256   0.00000   0.01000   0.04208   0.02924   0.02521   0.00000   0.03760   0.00000   0.00000   0.03520   0.03044   0.00000   0.05182   0.00970   0.04826   0.00995   0.00000   0.00000   0.00000   0.04316   0.01489   0.02127   0.04929   0.00000   1.99694   1.09804   0.03045   0.21797   2.57331  
 12 74.4110    215.987242  x:  0.00000   0.03926   0.03180   0.00000   0.04138   0.04050   0.00000   0.00000   0.04032   0.03008   0.02328   0.00000   0.03852   0.00000   0.00000   0.03302   0.02819   0.00000   0.05194   0.00761   0.04646   0.00691   0.00000   0.00000   0.00000   0.04068   0.01194   0.01982   0.04688   0.00000   1.99559   1.09930   0.02817   0.21213   2.57369  
 13 141.4719    213.309050  x:  0.00000   0.03967   0.02643   0.00000   0.03671   0.03580   0.00000   0.00000   0.03635   0.03187   0.01892   0.00000   0.04046   0.00000   0.00000   0.02804   0.02307   0.00000   0.05220   0.00281   0.04229   0.00000   0.00000   0.00000   0.00000   0.03502   0.00526   0.01640   0.04138   0.00000   1.99269   1.10195   0.02326   0.19968   2.57455  
 14 4032.6832    211.914403  x:  0.00000   0.03990   0.02330   0.00000   0.03403   0.03311   0.00000   0.00000   0.03402   0.03280   0.01639   0.00000   0.04147   0.00000   0.00000   0.02519   0.02014   0.00000   0.05233   0.00000   0.03987   0.00000   0.00000   0.00000   0.00000   0.03179   0.00145   0.01437   0.03824   0.00000   1.99113   1.10338   0.02064   0.19307   2.57500  
 15 1816.4838    211.433500  x:  0.00000   0.04000   0.02214   0.00000   0.03303   0.03211   0.00000   0.00000   0.03317   0.03318   0.01546   0.00000   0.04188   0.00000   0.00000   0.02413   0.01904   0.00000   0.05238   0.00000   0.03897   0.00000   0.00000   0.00000   0.00000   0.03057   0.00000   0.01364   0.03705   0.00000   1.99050   1.10399   0.01955   0.19037   2.57518  
 16 1834.7431    204.513091  x:  0.00000   0.04132   0.00522   0.00000   0.01671   0.01568   0.00000   0.00000   0.01894   0.03818   0.00000   0.00000   0.04727   0.00000   0.00000   0.00680   0.00124   0.00000   0.05309   0.00000   0.02402   0.00000   0.00000   0.00000   0.00000   0.01105   0.00000   0.00084   0.01805   0.00000   1.98174   1.11261   0.00453   0.15406   2.57759  
 17 449.4812    204.078656  x:  0.00000   0.04144   0.00394   0.00000   0.01560   0.01456   0.00000   0.00000   0.01805   0.03868   0.00000   0.00000   0.04778   0.00000   0.00000   0.00561   0.00000   0.00000   0.05316   0.00000   0.02305   0.00000   0.00000   0.00000   0.00000   0.00966   0.00000   0.00007   0.01670   0.00000   1.98084   1.11365   0.00288   0.15048   2.57782  
 18 119.4197    204.047135  x:  0.00000   0.04145   0.00384   0.00000   0.01551   0.01447   0.00000   0.00000   0.01799   0.03872   0.00000   0.00000   0.04781   0.00000   0.00000   0.00551   0.00000   0.00000   0.05317   0.00000   0.02297   0.00000   0.00000   0.00000   0.00000   0.00954   0.00000   0.00000   0.01659   0.00000   1.98077   1.11373   0.00276   0.15022   2.57784  
 19 1109.7889    202.994413  x:  0.00000   0.04178   0.00000   0.00000   0.01221   0.01115   0.00000   0.00000   0.01559   0.03997   0.00000   0.00000   0.04909   0.00000   0.00000   0.00198   0.00000   0.00000   0.05334   0.00000   0.02006   0.00000   0.00000   0.00000   0.00000   0.00543   0.00000   0.00000   0.01260   0.00000   1.97843   1.11649  -0.00152   0.14098   2.57841  
 20 62179.0158    202.488041  x:  0.00000   0.04193   0.00000   0.00000   0.01036   0.00928   0.00000   0.00000   0.01418   0.04058   0.00000   0.00000   0.04972   0.00000   0.00000   0.00000   0.00000   0.00000   0.05343   0.00000   0.01843   0.00000   0.00000   0.00000   0.00000   0.00317   0.00000   0.00000   0.01040   0.00000   1.97728   1.11785  -0.00363   0.13645   2.57869  
 21 1277.4323    201.883409  x:  0.00000   0.04214   0.00000   0.00000   0.00775   0.00666   0.00000   0.00000   0.01218   0.04141   0.00000   0.00000   0.05056   0.00000   0.00000   0.00000   0.00000   0.00000   0.05354   0.00000   0.01613   0.00000   0.00000   0.00000   0.00000   0.00000   0.00000   0.00000   0.00732   0.00000   1.97573   1.11968  -0.00647   0.13038   2.57906  
 22 9733.4475    200.697947  x:  0.00000   0.04255   0.00000   0.00000   0.00139   0.00027   0.00000   0.00000   0.00708   0.04302   0.00000   0.00000   0.05220   0.00000   0.00000   0.00000   0.00000   0.00000   0.05376   0.00000   0.01040   0.00000   0.00000   0.00000   0.00000   0.00000   0.00000   0.00000   0.00000   0.00000   1.97268   1.12334  -0.01209   0.11844   2.57979  
 23 555.7660    200.660783  x:  0.00000   0.04256   0.00000   0.00000   0.00113   0.00000   0.00000   0.00000   0.00686   0.04308   0.00000   0.00000   0.05226   0.00000   0.00000   0.00000   0.00000   0.00000   0.05376   0.00000   0.01017   0.00000   0.00000   0.00000   0.00000   0.00000   0.00000   0.00000   0.00000   0.00000   1.97256   1.12348  -0.01230   0.11800   2.57982  
 24 2747.9323    200.541406  x:  0.00000   0.04261   0.00000   0.00000   0.00000   0.00000   0.00000   0.00000   0.00590   0.04328   0.00000   0.00000   0.05245   0.00000   0.00000   0.00000   0.00000   0.00000   0.05379   0.00000   0.00913   0.00000   0.00000   0.00000   0.00000   0.00000   0.00000   0.00000   0.00000   0.00000   1.97219   1.12393  -0.01298   0.11655   2.57991  
 25 345.9743    200.078281  x:  0.00000   0.04283   0.00000   0.00000   0.00000   0.00000   0.00000   0.00000   0.00000   0.04412   0.00000   0.00000   0.05329   0.00000   0.00000   0.00000   0.00000   0.00000   0.05390   0.00000   0.00286   0.00000   0.00000   0.00000   0.00000   0.00000   0.00000   0.00000   0.00000   0.00000   1.97059   1.12591  -0.01597   0.11029   2.58028  
 26 299.8888    199.970153  x:  0.00000   0.04289   0.00000   0.00000   0.00000   0.00000   0.00000   0.00000   0.00000   0.04435   0.00000   0.00000   0.05353   0.00000   0.00000   0.00000   0.00000   0.00000   0.05393   0.00000   0.00000   0.00000   0.00000   0.00000   0.00000   0.00000   0.00000   0.00000   0.00000   0.00000   1.97012   1.12651  -0.01685   0.10848   2.58039  
 27 157.9510    198.879659  x:  0.00000   0.03986   0.00000   0.00000   0.00000   0.00000   0.00000   0.00000   0.00000   0.03449   0.00000   0.00000   0.03950   0.00000   0.00000   0.00000   0.00000   0.00000   0.03785   0.00000   0.00000   0.00000   0.00000   0.00000   0.00000   0.00000   0.00000   0.00000   0.00000   0.00000   1.93498   1.35532  -0.23097   0.00000   2.57431  
 28  1.3059    198.506278  x:  0.00000   0.03019   0.00000   0.00000   0.00000   0.00000   0.00000   0.00000   0.00000   0.02552   0.00000   0.00000   0.02451   0.00000   0.00000   0.00000   0.00000   0.00000   0.02253   0.00000   0.00000   0.00000   0.00000   0.00000   0.00000   0.00000   0.00000   0.00000   0.00000   0.00000   1.76051   1.42425  -0.28569   0.00000   2.56848  
 29  0.3471    198.469312  x:  0.00000   0.02543   0.00000   0.00000   0.00000   0.00000   0.00000   0.00000   0.00000   0.02444   0.00000   0.00000   0.02339   0.00000   0.00000   0.00000   0.00000   0.00000   0.02673   0.00000   0.00000   0.00000   0.00000   0.00000   0.00000   0.00000   0.00000   0.00000   0.00000   0.00000   1.68282   1.49320  -0.35469   0.00000   2.56828  
 30  0.2638    198.456968  x:  0.00000   0.02376   0.00000   0.00000   0.00000   0.00000   0.00000   0.00000   0.00000   0.02597   0.00000   0.00000   0.02573   0.00000   0.00000   0.00000   0.00000   0.00000   0.02528   0.00000   0.00000   0.00000   0.00000   0.00000   0.00000   0.00000   0.00000   0.00000   0.00000   0.00000   1.60371   1.53160  -0.39472   0.00000   2.56902  
 31  0.2096    198.452602  x:  0.00000   0.02342   0.00000   0.00000   0.00000   0.00000   0.00000   0.00000   0.00000   0.02631   0.00000   0.00000   0.02627   0.00000   0.00000   0.00000   0.00000   0.00000   0.02495   0.00000   0.00000   0.00000   0.00000   0.00000   0.00000   0.00000   0.00000   0.00000   0.00000   0.00000   1.58204   1.54122  -0.40471   0.01384   2.56918  
 32  1.3017    198.426309  x:  0.00000   0.02647   0.00000   0.00000   0.00000   0.00000   0.00000   0.00000   0.00000   0.02604   0.00000   0.00000   0.02678   0.00000   0.00000   0.00000   0.00000   0.00000   0.02478   0.00000   0.00000   0.00000   0.00000   0.00000   0.00000   0.00000   0.00000   0.00000   0.00000   0.00000   1.31368   1.68259  -0.54545   0.03847   2.56885  
 33  0.2725    198.417281  x:  0.00000   0.02532   0.00000   0.00000   0.00000   0.00000   0.00000   0.00000   0.00000   0.02542   0.00000   0.00000   0.02422   0.00000   0.00000   0.00000   0.00000   0.00000   0.02552   0.00000   0.00000   0.00000   0.00000   0.00000   0.00000   0.00000   0.00000   0.00000   0.00000   0.00000   1.26143   1.78598  -0.64753   0.04737   2.56820  
 34  0.0784    198.401051  x:  0.00000   0.02620   0.00000   0.00000   0.00000   0.00000   0.00000   0.00000   0.00000   0.02561   0.00000   0.00000   0.02499   0.00000   0.00000   0.00000   0.00000   0.00000   0.02765   0.00000   0.00000   0.00000   0.00000   0.00000   0.00000   0.00000   0.00000   0.00000   0.00000   0.00000   1.38008   2.04434  -0.90697   0.07822   2.56848  
 35  0.1290    198.389962  x:  0.00000   0.02537   0.00000   0.00000   0.00000   0.00000   0.00000   0.00000   0.00000   0.02526   0.00000   0.00000   0.02544   0.00000   0.00000   0.00000   0.00000   0.00000   0.02497   0.00000   0.00000   0.00000   0.00000   0.00000   0.00000   0.00000   0.00000   0.00000   0.00000   0.00000   1.37134   2.29074  -1.15298   0.09810   2.56824  
 36  0.2083    198.385474  x:  0.00000   0.02529   0.00000   0.00000   0.00000   0.00000   0.00000   0.00000   0.00000   0.02533   0.00000   0.00000   0.02555   0.00000   0.00000   0.00000   0.00000   0.00000   0.02438   0.00000   0.00000   0.00000   0.00000   0.00000   0.00000   0.00000   0.00000   0.00000   0.00000   0.00000   1.39059   2.33489  -1.19714   0.08829   2.56825  
 37  0.0819    198.376806  x:  0.00000   0.02586   0.00000   0.00000   0.00000   0.00000   0.00000   0.00000   0.00000   0.02615   0.00000   0.00000   0.02547   0.00000   0.00000   0.00000   0.00000   0.00000   0.02582   0.00000   0.00000   0.00000   0.00000   0.00000   0.00000   0.00000   0.00000   0.00000   0.00000   0.00000   1.31657   2.74944  -1.61231   0.10330   2.56828  
 38  0.2820    198.372463  x:  0.00000   0.02532   0.00000   0.00000   0.00000   0.00000   0.00000   0.00000   0.00000   0.02474   0.00000   0.00000   0.02513   0.00000   0.00000   0.00000   0.00000   0.00000   0.02547   0.00000   0.00000   0.00000   0.00000   0.00000   0.00000   0.00000   0.00000   0.00000   0.00000   0.00000   1.34257   3.12508  -1.98714   0.10260   2.56771  
 39  0.1930    198.370715  x:  0.00000   0.02550   0.00000   0.00000   0.00000   0.00000   0.00000   0.00000   0.00000   0.02558   0.00000   0.00000   0.02520   0.00000   0.00000   0.00000   0.00000   0.00000   0.02522   0.00000   0.00000   0.00000   0.00000   0.00000   0.00000   0.00000   0.00000   0.00000   0.00000   0.00000   1.33841   3.44621  -2.30875   0.10865   2.56779  
 40  0.3373    198.369945  x:  0.00000   0.02570   0.00000   0.00000   0.00000   0.00000   0.00000   0.00000   0.00000   0.02599   0.00000   0.00000   0.02542   0.00000   0.00000   0.00000   0.00000   0.00000   0.02541   0.00000   0.00000   0.00000   0.00000   0.00000   0.00000   0.00000   0.00000   0.00000   0.00000   0.00000   1.33015   3.62201  -2.48491   0.10521   2.56786  
 41  0.1965    198.369166  x:  0.00000   0.02559   0.00000   0.00000   0.00000   0.00000   0.00000   0.00000   0.00000   0.02537   0.00000   0.00000   0.02548   0.00000   0.00000   0.00000   0.00000   0.00000   0.02554   0.00000   0.00000   0.00000   0.00000   0.00000   0.00000   0.00000   0.00000   0.00000   0.00000   0.00000   1.33090   4.13290  -2.99563   0.10815   2.56750  
 42  0.3165    198.368857  x:  0.00000   0.02552   0.00000   0.00000   0.00000   0.00000   0.00000   0.00000   0.00000   0.02558   0.00000   0.00000   0.02519   0.00000   0.00000   0.00000   0.00000   0.00000   0.02531   0.00000   0.00000   0.00000   0.00000   0.00000   0.00000   0.00000   0.00000   0.00000   0.00000   0.00000   1.33854   4.44179  -3.30454   0.10686   2.56737  
 43  0.2415    198.368697  x:  0.00000   0.02562   0.00000   0.00000   0.00000   0.00000   0.00000   0.00000   0.00000   0.02561   0.00000   0.00000   0.02544   0.00000   0.00000   0.00000   0.00000   0.00000   0.02544   0.00000   0.00000   0.00000   0.00000   0.00000   0.00000   0.00000   0.00000   0.00000   0.00000   0.00000   1.32965   4.97048  -3.83347   0.10736   2.56719  
 44  0.2804    198.368637  x:  0.00000   0.02555   0.00000   0.00000   0.00000   0.00000   0.00000   0.00000   0.00000   0.02554   0.00000   0.00000   0.02528   0.00000   0.00000   0.00000   0.00000   0.00000   0.02540   0.00000   0.00000   0.00000   0.00000   0.00000   0.00000   0.00000   0.00000   0.00000   0.00000   0.00000   1.33681   5.36276  -4.22571   0.10722   2.56698  
 45  0.2493    198.368610  x:  0.00000   0.02558   0.00000   0.00000   0.00000   0.00000   0.00000   0.00000   0.00000   0.02559   0.00000   0.00000   0.02537   0.00000   0.00000   0.00000   0.00000   0.00000   0.02539   0.00000   0.00000   0.00000   0.00000   0.00000   0.00000   0.00000   0.00000   0.00000   0.00000   0.00000   1.33156   5.91102  -4.77414   0.10725   2.56677  
 46  0.2609    198.368601  x:  0.00000   0.02557   0.00000   0.00000   0.00000   0.00000   0.00000   0.00000   0.00000   0.02556   0.00000   0.00000   0.02531   0.00000   0.00000   0.00000   0.00000   0.00000   0.02541   0.00000   0.00000   0.00000   0.00000   0.00000   0.00000   0.00000   0.00000   0.00000   0.00000   0.00000   1.33551   6.30902  -5.17219   0.10726   2.56659  
 47  0.2532    198.368597  x:  0.00000   0.02557   0.00000   0.00000   0.00000   0.00000   0.00000   0.00000   0.00000   0.02557   0.00000   0.00000   0.02534   0.00000   0.00000   0.00000   0.00000   0.00000   0.02539   0.00000   0.00000   0.00000   0.00000   0.00000   0.00000   0.00000   0.00000   0.00000   0.00000   0.00000   1.33297   6.78360  -5.64686   0.10723   2.56639  
 48  0.2402    198.368596  x:  0.00000   0.02557   0.00000   0.00000   0.00000   0.00000   0.00000   0.00000   0.00000   0.02557   0.00000   0.00000   0.02533   0.00000   0.00000   0.00000   0.00000   0.00000   0.02541   0.00000   0.00000   0.00000   0.00000   0.00000   0.00000   0.00000   0.00000   0.00000   0.00000   0.00000   1.33464   7.20159  -6.06493   0.10727   2.56621  
 49  0.2527    198.368595  x:  0.00000   0.02557   0.00000   0.00000   0.00000   0.00000   0.00000   0.00000   0.00000   0.02557   0.00000   0.00000   0.02533   0.00000   0.00000   0.00000   0.00000   0.00000   0.02539   0.00000   0.00000   0.00000   0.00000   0.00000   0.00000   0.00000   0.00000   0.00000   0.00000   0.00000   1.33365   7.68189  -6.54532   0.10723   2.56601  
 50  0.2494    198.368595  x:  0.00000   0.02557   0.00000   0.00000   0.00000   0.00000   0.00000   0.00000   0.00000   0.02557   0.00000   0.00000   0.02533   0.00000   0.00000   0.00000   0.00000   0.00000   0.02540   0.00000   0.00000   0.00000   0.00000   0.00000   0.00000   0.00000   0.00000   0.00000   0.00000   0.00000   1.33425   8.09984  -6.96336   0.10726   2.56583  
 51  0.2521    198.368594  x:  0.00000   0.02557   0.00000   0.00000   0.00000   0.00000   0.00000   0.00000   0.00000   0.02557   0.00000   0.00000   0.02533   0.00000   0.00000   0.00000   0.00000   0.00000   0.02540   0.00000   0.00000   0.00000   0.00000   0.00000   0.00000   0.00000   0.00000   0.00000   0.00000   0.00000   1.33392   8.61136  -7.47497   0.10723   2.56561  
 52  0.2569    198.368594  x:  0.00000   0.02557   0.00000   0.00000   0.00000   0.00000   0.00000   0.00000   0.00000   0.02557   0.00000   0.00000   0.02533   0.00000   0.00000   0.00000   0.00000   0.00000   0.02540   0.00000   0.00000   0.00000   0.00000   0.00000   0.00000   0.00000   0.00000   0.00000   0.00000   0.00000   1.33410   9.00967  -7.87336   0.10726   2.56544  
 53  0.2556    198.368594  x:  0.00000   0.02557   0.00000   0.00000   0.00000   0.00000   0.00000   0.00000   0.00000   0.02557   0.00000   0.00000   0.02533   0.00000   0.00000   0.00000   0.00000   0.00000   0.02540   0.00000   0.00000   0.00000   0.00000   0.00000   0.00000   0.00000   0.00000   0.00000   0.00000   0.00000   1.33403   9.60707  -8.47087   0.10724   2.56518  
 54  0.2730    198.368594  x:  0.00000   0.02557   0.00000   0.00000   0.00000   0.00000   0.00000   0.00000   0.00000   0.02557   0.00000   0.00000   0.02533   0.00000   0.00000   0.00000   0.00000   0.00000   0.02540   0.00000   0.00000   0.00000   0.00000   0.00000   0.00000   0.00000   0.00000   0.00000   0.00000   0.00000   1.33405   9.98446  -8.84834   0.10725   2.56502  
 55  0.2697    198.368594  x:  0.00000   0.02557   0.00000   0.00000   0.00000   0.00000   0.00000   0.00000   0.00000   0.02557   0.00000   0.00000   0.02533   0.00000   0.00000   0.00000   0.00000   0.00000   0.02540   0.00000   0.00000   0.00000   0.00000   0.00000   0.00000   0.00000   0.00000   0.00000   0.00000   0.00000   1.33406  10.72133  -9.58535   0.10725   2.56471  
 56  0.2948    198.368594  x:  0.00000   0.02557   0.00000   0.00000   0.00000   0.00000   0.00000   0.00000   0.00000   0.02557   0.00000   0.00000   0.02533   0.00000   0.00000   0.00000   0.00000   0.00000   0.02540   0.00000   0.00000   0.00000   0.00000   0.00000   0.00000   0.00000   0.00000   0.00000   0.00000   0.00000   1.33404  11.12050  -9.98460   0.10725   2.56454  
 57  0.2920    198.368594  x:  0.00000   0.02557   0.00000   0.00000   0.00000   0.00000   0.00000   0.00000   0.00000   0.02557   0.00000   0.00000   0.02533   0.00000   0.00000   0.00000   0.00000   0.00000   0.02540   0.00000   0.00000   0.00000   0.00000   0.00000   0.00000   0.00000   0.00000   0.00000   0.00000   0.00000   1.33406  12.05736  -10.92163   0.10725   2.56413  
 58  0.3487    198.368594  x:  0.00000   0.02557   0.00000   0.00000   0.00000   0.00000   0.00000   0.00000   0.00000   0.02557   0.00000   0.00000   0.02533   0.00000   0.00000   0.00000   0.00000   0.00000   0.02540   0.00000   0.00000   0.00000   0.00000   0.00000   0.00000   0.00000   0.00000   0.00000   0.00000   0.00000   1.33404  12.66342  -11.52781   0.10725   2.56388  
 59  0.3718    198.368594  x:  0.00000   0.02557   0.00000   0.00000   0.00000   0.00000   0.00000   0.00000   0.00000   0.02557   0.00000   0.00000   0.02533   0.00000   0.00000   0.00000   0.00000   0.00000   0.02540   0.00000   0.00000   0.00000   0.00000   0.00000   0.00000   0.00000   0.00000   0.00000   0.00000   0.00000   1.33405  12.74174  -11.60615   0.10725   2.56384  
 60  0.1143    198.368594  x:  0.00000   0.02557   0.00000   0.00000   0.00000   0.00000   0.00000   0.00000   0.00000   0.02557   0.00000   0.00000   0.02533   0.00000   0.00000   0.00000   0.00000   0.00000   0.02540   0.00000   0.00000   0.00000   0.00000   0.00000   0.00000   0.00000   0.00000   0.00000   0.00000   0.00000   1.33405  13.08495  -11.94942   0.10725   2.56370  
 61  0.6662    198.368594  x:  0.00000   0.02557   0.00000   0.00000   0.00000   0.00000   0.00000   0.00000   0.00000   0.02557   0.00000   0.00000   0.02533   0.00000   0.00000   0.00000   0.00000   0.00000   0.02540   0.00000   0.00000   0.00000   0.00000   0.00000   0.00000   0.00000   0.00000   0.00000   0.00000   0.00000   1.33406  13.81087  -12.67548   0.10725   2.56338  
 62  0.9549    198.368594  x:  0.00000   0.02557   0.00000   0.00000   0.00000   0.00000   0.00000   0.00000   0.00000   0.02557   0.00000   0.00000   0.02533   0.00000   0.00000   0.00000   0.00000   0.00000   0.02540   0.00000   0.00000   0.00000   0.00000   0.00000   0.00000   0.00000   0.00000   0.00000   0.00000   0.00000   1.33405  13.76822  -12.63282   0.10725   2.56340  
 63  0.0198    198.368594  x:  0.00000   0.02557   0.00000   0.00000   0.00000   0.00000   0.00000   0.00000   0.00000   0.02557   0.00000   0.00000   0.02533   0.00000   0.00000   0.00000   0.00000   0.00000   0.02540   0.00000   0.00000   0.00000   0.00000   0.00000   0.00000   0.00000   0.00000   0.00000   0.00000   0.00000   1.33405  13.77888  -12.64348   0.10725   2.56340  
 64  0.1314    198.368594  x:  0.00000   0.02557   0.00000   0.00000   0.00000   0.00000   0.00000   0.00000   0.00000   0.02557   0.00000   0.00000   0.02533   0.00000   0.00000   0.00000   0.00000   0.00000   0.02540   0.00000   0.00000   0.00000   0.00000   0.00000   0.00000   0.00000   0.00000   0.00000   0.00000   0.00000   1.33405  13.78510  -12.64971   0.10725   2.56340  
 65  2.2001    198.368594  x:  0.00000   0.02557   0.00000   0.00000   0.00000   0.00000   0.00000   0.00000   0.00000   0.02557   0.00000   0.00000   0.02533   0.00000   0.00000   0.00000   0.00000   0.00000   0.02540   0.00000   0.00000   0.00000   0.00000   0.00000   0.00000   0.00000   0.00000   0.00000   0.00000   0.00000   1.33405  13.80999  -12.67460   0.10725   2.56338  
 66  0.0988    198.368594  x:  0.00000   0.02557   0.00000   0.00000   0.00000   0.00000   0.00000   0.00000   0.00000   0.02557   0.00000   0.00000   0.02533   0.00000   0.00000   0.00000   0.00000   0.00000   0.02540   0.00000   0.00000   0.00000   0.00000   0.00000   0.00000   0.00000   0.00000   0.00000   0.00000   0.00000   1.33405  13.80866  -12.67326   0.10725   2.56339  
 67  0.0189    198.368594  x:  0.00000   0.02557   0.00000   0.00000   0.00000   0.00000   0.00000   0.00000   0.00000   0.02557   0.00000   0.00000   0.02533   0.00000   0.00000   0.00000   0.00000   0.00000   0.02540   0.00000   0.00000   0.00000   0.00000   0.00000   0.00000   0.00000   0.00000   0.00000   0.00000   0.00000   1.33405  13.80866  -12.67326   0.10725   2.56339  
 68  0.0006    198.368594  x:  0.00000   0.02557   0.00000   0.00000   0.00000   0.00000   0.00000   0.00000   0.00000   0.02557   0.00000   0.00000   0.02533   0.00000   0.00000   0.00000   0.00000   0.00000   0.02540   0.00000   0.00000   0.00000   0.00000   0.00000   0.00000   0.00000   0.00000   0.00000   0.00000   0.00000   1.33405  13.80866  -12.67326   0.10725   2.56339  
check convergence!
