

TREE # 1

  0  0.0000    172.370197  x:  0.00000   0.00816   0.02703   0.00877   0.03141   0.03099   0.01525   0.01804   0.03076   0.00895   0.02314   0.01156   0.01086   0.00739   0.00886   0.02770   0.04796   0.01188   0.02249   0.01547   0.03058   0.04088   0.02939   0.00951   0.00366   0.05332   0.01986   0.04088   0.05966   0.02766   2.00000   1.09989   0.02896   0.27919  
  1 99.0000    172.365658  x:  0.00000   0.00815   0.02702   0.00876   0.03140   0.03098   0.01524   0.01803   0.03075   0.00894   0.02313   0.01155   0.01085   0.00739   0.00886   0.02769   0.04795   0.01187   0.02248   0.01546   0.03057   0.04088   0.02939   0.00950   0.00365   0.05332   0.01985   0.04088   0.05965   0.02766   2.00000   1.09989   0.02896   0.27919  
  2 133.6885    169.793045  x:  0.00000   0.00446   0.02311   0.00483   0.02753   0.02711   0.01091   0.01411   0.02684   0.00501   0.01921   0.00763   0.00692   0.00346   0.00493   0.02377   0.04604   0.00795   0.01856   0.01154   0.02691   0.04022   0.03554   0.00578   0.00000   0.05088   0.01598   0.03918   0.05728   0.03608   2.00014   1.09959   0.02928   0.27387  
  3 562.9784    167.532853  x:  0.00000   0.00199   0.01966   0.00138   0.02424   0.02381   0.00574   0.01064   0.02336   0.00155   0.01573   0.00416   0.00345   0.00000   0.00146   0.02029   0.04338   0.00448   0.01508   0.00810   0.02451   0.03975   0.03535   0.00335   0.00000   0.04695   0.01286   0.03554   0.05306   0.03549   2.00044   1.09786   0.03106   0.25249  
  4 137.4255    166.702414  x:  0.00000   0.00104   0.01829   0.00000   0.02293   0.02250   0.00365   0.00926   0.02198   0.00017   0.01435   0.00278   0.00207   0.00000   0.00008   0.01891   0.04334   0.00310   0.01370   0.00673   0.02356   0.03972   0.03534   0.00243   0.00000   0.04667   0.01164   0.03616   0.05241   0.03562   2.00056   1.09721   0.03173   0.24389  
  5 1088.5922    166.659722  x:  0.00000   0.00098   0.01821   0.00000   0.02286   0.02243   0.00353   0.00918   0.02190   0.00010   0.01428   0.00271   0.00200   0.00000   0.00000   0.01883   0.04335   0.00303   0.01363   0.00666   0.02351   0.03972   0.03534   0.00238   0.00000   0.04667   0.01158   0.03616   0.05241   0.03562   2.00057   1.09718   0.03177   0.24343  
  6 10247.3761    166.610299  x:  0.00000   0.00092   0.01812   0.00000   0.02277   0.02234   0.00339   0.00909   0.02181   0.00000   0.01418   0.00261   0.00190   0.00000   0.00000   0.01874   0.04336   0.00293   0.01353   0.00657   0.02345   0.03972   0.03535   0.00232   0.00000   0.04668   0.01150   0.03616   0.05240   0.03563   2.00057   1.09714   0.03181   0.24287  
  7 2247302.2972    165.967406  x:  0.00000   0.00000   0.01687   0.00000   0.02157   0.02114   0.00147   0.00783   0.02055   0.00000   0.01292   0.00136   0.00064   0.00000   0.00000   0.01748   0.04313   0.00167   0.01227   0.00532   0.02254   0.03982   0.03533   0.00145   0.00000   0.04665   0.01038   0.03625   0.05267   0.03573   2.00068   1.09661   0.03236   0.23541  
  8 1685.8266    165.655463  x:  0.00000   0.00000   0.01624   0.00000   0.02096   0.02053   0.00048   0.00720   0.01991   0.00000   0.01229   0.00072   0.00000   0.00000   0.00000   0.01684   0.04313   0.00104   0.01164   0.00468   0.02207   0.03978   0.03537   0.00102   0.00000   0.04664   0.00982   0.03628   0.05270   0.03576   2.00073   1.09637   0.03260   0.23175  
  9 24116.0879    165.514012  x:  0.00000   0.00000   0.01593   0.00000   0.02066   0.02024   0.00000   0.00689   0.01961   0.00000   0.01198   0.00041   0.00000   0.00000   0.00000   0.01653   0.04314   0.00073   0.01133   0.00438   0.02185   0.03975   0.03539   0.00082   0.00000   0.04663   0.00956   0.03630   0.05272   0.03577   2.00076   1.09626   0.03272   0.22998  
 10 1778333.3252    165.346114  x:  0.00000   0.00000   0.01553   0.00000   0.02027   0.01985   0.00000   0.00649   0.01921   0.00000   0.01158   0.00000   0.00000   0.00000   0.00000   0.01613   0.04319   0.00032   0.01093   0.00398   0.02150   0.03979   0.03536   0.00055   0.00000   0.04662   0.00921   0.03630   0.05272   0.03583   2.00079   1.09617   0.03281   0.22782  
 11 1189.4176    165.223293  x:  0.00000   0.00000   0.01522   0.00000   0.01997   0.01954   0.00000   0.00617   0.01889   0.00000   0.01126   0.00000   0.00000   0.00000   0.00000   0.01581   0.04318   0.00000   0.01061   0.00366   0.02123   0.03980   0.03539   0.00035   0.00000   0.04665   0.00894   0.03631   0.05270   0.03583   2.00081   1.09610   0.03288   0.22616  
 12 16680.6114    165.041847  x:  0.00000   0.00000   0.01471   0.00000   0.01947   0.01904   0.00000   0.00565   0.01838   0.00000   0.01075   0.00000   0.00000   0.00000   0.00000   0.01530   0.04318   0.00000   0.01010   0.00315   0.02083   0.03970   0.03535   0.00000   0.00000   0.04664   0.00851   0.03633   0.05274   0.03590   2.00085   1.09600   0.03299   0.22364  
 13 7191.2693    163.995499  x:  0.00000   0.00000   0.01159   0.00000   0.01638   0.01596   0.00000   0.00251   0.01526   0.00000   0.00761   0.00000   0.00000   0.00000   0.00000   0.01217   0.04365   0.00000   0.00695   0.00000   0.01842   0.03988   0.03567   0.00000   0.00000   0.04603   0.00582   0.03643   0.05318   0.03590   2.00107   1.09546   0.03358   0.20883  
 14 8135.0053    163.231488  x:  0.00000   0.00000   0.00911   0.00000   0.01391   0.01348   0.00000   0.00000   0.01278   0.00000   0.00511   0.00000   0.00000   0.00000   0.00000   0.00968   0.04378   0.00000   0.00445   0.00000   0.01638   0.03993   0.03575   0.00000   0.00000   0.04595   0.00369   0.03650   0.05326   0.03602   2.00125   1.09508   0.03401   0.19747  
 15 6848.3480    162.018438  x:  0.00000   0.00000   0.00478   0.00000   0.00971   0.00928   0.00000   0.00000   0.00847   0.00000   0.00078   0.00000   0.00000   0.00000   0.00000   0.00536   0.04394   0.00000   0.00012   0.00000   0.01272   0.04007   0.03583   0.00000   0.00000   0.04602   0.00000   0.03661   0.05326   0.03630   2.00158   1.09424   0.03494   0.17541  
 16 2212.0658    161.987818  x:  0.00000   0.00000   0.00466   0.00000   0.00960   0.00917   0.00000   0.00000   0.00835   0.00000   0.00066   0.00000   0.00000   0.00000   0.00000   0.00524   0.04395   0.00000   0.00000   0.00000   0.01262   0.04008   0.03583   0.00000   0.00000   0.04602   0.00000   0.03661   0.05326   0.03631   2.00159   1.09421   0.03498   0.17479  
 17 16818.0121    161.838412  x:  0.00000   0.00000   0.00401   0.00000   0.00896   0.00853   0.00000   0.00000   0.00770   0.00000   0.00000   0.00000   0.00000   0.00000   0.00000   0.00458   0.04397   0.00000   0.00000   0.00000   0.01205   0.04010   0.03584   0.00000   0.00000   0.04603   0.00000   0.03663   0.05325   0.03636   2.00164   1.09404   0.03516   0.17138  
 18 1446012.9166    161.044512  x:  0.00000   0.00000   0.00000   0.00000   0.00492   0.00449   0.00000   0.00000   0.00372   0.00000   0.00000   0.00000   0.00000   0.00000   0.00000   0.00058   0.04410   0.00000   0.00000   0.00000   0.00878   0.04023   0.03592   0.00000   0.00000   0.04612   0.00000   0.03673   0.05324   0.03660   2.00195   1.09388   0.03540   0.15186  
 19 1401.9671    160.948860  x:  0.00000   0.00000   0.00000   0.00000   0.00440   0.00397   0.00000   0.00000   0.00315   0.00000   0.00000   0.00000   0.00000   0.00000   0.00000   0.00000   0.04412   0.00000   0.00000   0.00000   0.00827   0.04025   0.03593   0.00000   0.00000   0.04613   0.00000   0.03674   0.05324   0.03664   2.00199   1.09378   0.03552   0.14894  
 20 1652.0635    160.522076  x:  0.00000   0.00000   0.00000   0.00000   0.00157   0.00113   0.00000   0.00000   0.00000   0.00000   0.00000   0.00000   0.00000   0.00000   0.00000   0.00000   0.04423   0.00000   0.00000   0.00000   0.00537   0.04037   0.03598   0.00000   0.00000   0.04619   0.00000   0.03681   0.05324   0.03685   2.00221   1.09277   0.03660   0.13417  
 21 6148.0076    160.403437  x:  0.00000   0.00000   0.00000   0.00000   0.00044   0.00000   0.00000   0.00000   0.00000   0.00000   0.00000   0.00000   0.00000   0.00000   0.00000   0.00000   0.04421   0.00000   0.00000   0.00000   0.00385   0.04041   0.03596   0.00000   0.00000   0.04618   0.00000   0.03683   0.05324   0.03689   2.00226   1.09253   0.03685   0.13251  
 22 88.3542    160.403437  x:  0.00000   0.00000   0.00000   0.00000   0.00044   0.00000   0.00000   0.00000   0.00000   0.00000   0.00000   0.00000   0.00000   0.00000   0.00000   0.00000   0.04421   0.00000   0.00000   0.00000   0.00385   0.04041   0.03596   0.00000   0.00000   0.04618   0.00000   0.03683   0.05324   0.03689   2.00226   1.09253   0.03685   0.13251  
 23 139.4843    160.375228  x:  0.00000   0.00000   0.00000   0.00000   0.00000   0.00000   0.00000   0.00000   0.00000   0.00000   0.00000   0.00000   0.00000   0.00000   0.00000   0.00000   0.04413   0.00000   0.00000   0.00000   0.00341   0.04035   0.03595   0.00000   0.00000   0.04608   0.00000   0.03681   0.05311   0.03687   2.00227   1.09254   0.03683   0.13242  
 24 43.3085    160.264988  x:  0.00000   0.00000   0.00000   0.00000   0.00000   0.00000   0.00000   0.00000   0.00000   0.00000   0.00000   0.00000   0.00000   0.00000   0.00000   0.00000   0.04392   0.00000   0.00000   0.00000   0.00000   0.04025   0.03585   0.00000   0.00000   0.04580   0.00000   0.03672   0.05258   0.03680   2.00235   1.09268   0.03670   0.13183  
 25 496.8177    160.178301  x:  0.00000   0.00000   0.00000   0.00000   0.00000   0.00000   0.00000   0.00000   0.00000   0.00000   0.00000   0.00000   0.00000   0.00000   0.00000   0.00000   0.03876   0.00000   0.00000   0.00000   0.00000   0.03069   0.04570   0.00000   0.00000   0.04375   0.00000   0.04192   0.05862   0.03745   2.00621   1.10021   0.02917   0.10930  
 26  6.9866    159.664857  x:  0.00000   0.00000   0.00000   0.00000   0.00000   0.00000   0.00000   0.00000   0.00000   0.00000   0.00000   0.00000   0.00000   0.00000   0.00000   0.00000   0.03107   0.00000   0.00000   0.00000   0.00000   0.04293   0.05249   0.00000   0.00000   0.03627   0.00000   0.04473   0.08229   0.03763   2.02471   1.13686  -0.00748   0.00000  
 27 12.9278    159.538240  x:  0.00000   0.00000   0.00000   0.00000   0.00000   0.00000   0.00000   0.00000   0.00000   0.00000   0.00000   0.00000   0.00000   0.00000   0.00000   0.00000   0.02332   0.00000   0.00000   0.00000   0.00000   0.04237   0.04852   0.00000   0.00000   0.03235   0.00000   0.04215   0.05700   0.03552   2.00248   1.09244   0.03694   0.00000  
 28 10.6149    159.518689  x:  0.00000   0.00000   0.00000   0.00000   0.00000   0.00000   0.00000   0.00000   0.00000   0.00000   0.00000   0.00000   0.00000   0.00000   0.00000   0.00000   0.02604   0.00000   0.00000   0.00000   0.00000   0.04241   0.04915   0.00000   0.00000   0.02777   0.00000   0.04201   0.05398   0.03537   2.00073   1.08879   0.04059   0.00000  
 29  8.0191    159.151777  x:  0.00000   0.00000   0.00000   0.00000   0.00000   0.00000   0.00000   0.00000   0.00000   0.00000   0.00000   0.00000   0.00000   0.00000   0.00000   0.00000   0.02500   0.00000   0.00000   0.00000   0.00000   0.04416   0.06459   0.00000   0.00000   0.02922   0.00000   0.02384   0.04098   0.04293   2.11008   1.29138  -0.16200   0.00000  
 30  3.7700    158.841701  x:  0.01724   0.00000   0.00000   0.00000   0.00000   0.00000   0.00000   0.00000   0.00000   0.00000   0.00000   0.00000   0.00000   0.00000   0.00000   0.00000   0.02388   0.00000   0.00000   0.00000   0.00000   0.04557   0.07013   0.00000   0.00000   0.02987   0.00000   0.02346   0.02860   0.04369   2.22804   1.50963  -0.38025   0.00000  
 31 260.1544    158.457674  x:  0.02097   0.00000   0.00000   0.00000   0.00000   0.00000   0.00000   0.00000   0.00000   0.00000   0.00000   0.00000   0.00000   0.00000   0.00000   0.00000   0.02037   0.00000   0.00000   0.00000   0.00000   0.03196   0.05155   0.00000   0.00000   0.02333   0.00000   0.01519   0.03720   0.02591   2.34955   1.73275  -0.60337   0.00000  
 32 126.2584    158.431259  x:  0.01903   0.00000   0.00000   0.00000   0.00000   0.00000   0.00000   0.00000   0.00000   0.00000   0.00000   0.00000   0.00000   0.00000   0.00000   0.00000   0.01943   0.00000   0.00000   0.00000   0.00000   0.03032   0.04654   0.00000   0.00000   0.02174   0.00000   0.01727   0.03855   0.03115   2.35840   1.74753  -0.61815   0.00000  
 33 18.1796    158.356062  x:  0.00000   0.00000   0.00000   0.00000   0.00000   0.00000   0.00000   0.00000   0.00000   0.00000   0.00000   0.00000   0.00000   0.00000   0.00000   0.00000   0.01974   0.00000   0.00000   0.00000   0.00000   0.03215   0.03995   0.00000   0.00000   0.02202   0.00000   0.03523   0.03607   0.03027   2.36768   1.75369  -0.62431   0.00000  
 34  4.1234    158.282599  x:  0.00000   0.00000   0.00000   0.00000   0.00000   0.00000   0.00000   0.00000   0.00000   0.00000   0.00000   0.00000   0.00000   0.00000   0.00000   0.00000   0.02196   0.00000   0.00000   0.00000   0.00000   0.02983   0.04046   0.00000   0.00000   0.02425   0.00000   0.02535   0.03705   0.03113   2.45218   1.76243  -0.63305   0.00000  
 35  0.7061    158.113905  x:  0.03407   0.00000   0.00000   0.00000   0.00000   0.00000   0.00000   0.00000   0.00000   0.00000   0.00000   0.00000   0.00000   0.00000   0.00000   0.00000   0.02865   0.00000   0.00000   0.00000   0.00000   0.02339   0.04123   0.00000   0.00000   0.03096   0.00000   0.00000   0.03981   0.03365   2.70690   1.78976  -0.66038   0.00000  
 36 65.4161    158.058093  x:  0.02610   0.00000   0.00000   0.00000   0.00000   0.00000   0.00000   0.00000   0.00000   0.00000   0.00000   0.00000   0.00000   0.00000   0.00000   0.00000   0.03197   0.00000   0.00000   0.00000   0.00000   0.02401   0.03759   0.00000   0.00000   0.03418   0.00000   0.00000   0.04012   0.03452   2.84964   1.80813  -0.67875   0.00000  
 37  2.2681    157.992518  x:  0.01422   0.00000   0.00000   0.00000   0.00000   0.00000   0.00000   0.00000   0.00000   0.00000   0.00000   0.00000   0.00000   0.00000   0.00000   0.00000   0.03696   0.00000   0.00000   0.00000   0.00000   0.02499   0.03214   0.00000   0.00000   0.03901   0.00000   0.01881   0.04057   0.03581   3.06529   1.83568  -0.70630   0.00000  
 38 84.1907    157.848193  x:  0.01440   0.00000   0.00000   0.00000   0.00000   0.00000   0.00000   0.00000   0.00000   0.00000   0.00000   0.00000   0.00000   0.00000   0.00000   0.00000   0.03732   0.00000   0.00000   0.00000   0.00000   0.03648   0.03877   0.00000   0.00000   0.03658   0.00000   0.01878   0.03116   0.03344   3.54576   1.78760  -0.65823   0.00000  
 39  0.4314    157.846885  x:  0.01438   0.00000   0.00000   0.00000   0.00000   0.00000   0.00000   0.00000   0.00000   0.00000   0.00000   0.00000   0.00000   0.00000   0.00000   0.00000   0.03730   0.00000   0.00000   0.00000   0.00000   0.03625   0.03860   0.00000   0.00000   0.03661   0.00000   0.01880   0.03132   0.03347   3.53844   1.78839  -0.65902   0.00335  
 40  1.5582    157.785706  x:  0.00893   0.00000   0.00000   0.00000   0.00000   0.00000   0.00000   0.00000   0.00000   0.00000   0.00000   0.00000   0.00000   0.00000   0.00000   0.00000   0.03506   0.00000   0.00000   0.00000   0.00000   0.03299   0.02974   0.00000   0.00000   0.03310   0.00000   0.02278   0.02789   0.02870   3.99626   1.78171  -0.65234   0.00000  
 41  0.4543    157.758893  x:  0.01086   0.00000   0.00000   0.00000   0.00000   0.00000   0.00000   0.00000   0.00000   0.00000   0.00000   0.00000   0.00000   0.00000   0.00000   0.00000   0.03342   0.00000   0.00000   0.00000   0.00000   0.03508   0.02957   0.00000   0.00000   0.03201   0.00000   0.02092   0.03461   0.02914   4.20098   1.78689  -0.65753   0.00000  
 42  0.2726    157.733794  x:  0.01364   0.00000   0.00000   0.00000   0.00000   0.00000   0.00000   0.00000   0.00000   0.00000   0.00000   0.00000   0.00000   0.00000   0.00000   0.00000   0.03211   0.00000   0.00000   0.00000   0.00000   0.03433   0.03404   0.00000   0.00000   0.03300   0.00000   0.01971   0.03342   0.03271   4.59434   1.75920  -0.62984   0.00000  
 43  0.2176    157.726103  x:  0.01081   0.00000   0.00000   0.00000   0.00000   0.00000   0.00000   0.00000   0.00000   0.00000   0.00000   0.00000   0.00000   0.00000   0.00000   0.00000   0.03257   0.00000   0.00000   0.00000   0.00000   0.03201   0.03230   0.00000   0.00000   0.03340   0.00000   0.02191   0.03320   0.03174   4.90462   1.77656  -0.64720   0.00000  
 44  0.1856    157.725433  x:  0.01090   0.00000   0.00000   0.00000   0.00000   0.00000   0.00000   0.00000   0.00000   0.00000   0.00000   0.00000   0.00000   0.00000   0.00000   0.00000   0.03280   0.00000   0.00000   0.00000   0.00000   0.03258   0.03287   0.00000   0.00000   0.03309   0.00000   0.02157   0.03332   0.03124   4.97606   1.77766  -0.64831   0.00000  
 45  0.0566    157.725413  x:  0.01072   0.00000   0.00000   0.00000   0.00000   0.00000   0.00000   0.00000   0.00000   0.00000   0.00000   0.00000   0.00000   0.00000   0.00000   0.00000   0.03289   0.00000   0.00000   0.00000   0.00000   0.03259   0.03285   0.00000   0.00000   0.03314   0.00000   0.02176   0.03330   0.03137   4.98969   1.77845  -0.64910   0.00000  
 46  0.0122    157.725413  x:  0.01072   0.00000   0.00000   0.00000   0.00000   0.00000   0.00000   0.00000   0.00000   0.00000   0.00000   0.00000   0.00000   0.00000   0.00000   0.00000   0.03288   0.00000   0.00000   0.00000   0.00000   0.03260   0.03284   0.00000   0.00000   0.03312   0.00000   0.02176   0.03329   0.03137   4.99179   1.77825  -0.64890   0.00000  
 47  0.0020    157.725413  x:  0.01072   0.00000   0.00000   0.00000   0.00000   0.00000   0.00000   0.00000   0.00000   0.00000   0.00000   0.00000   0.00000   0.00000   0.00000   0.00000   0.03288   0.00000   0.00000   0.00000   0.00000   0.03260   0.03284   0.00000   0.00000   0.03312   0.00000   0.02176   0.03329   0.03137   4.99167   1.77830  -0.64895   0.00000  
 48  0.0001    157.725413  x:  0.01072   0.00000   0.00000   0.00000   0.00000   0.00000   0.00000   0.00000   0.00000   0.00000   0.00000   0.00000   0.00000   0.00000   0.00000   0.00000   0.03288   0.00000   0.00000   0.00000   0.00000   0.03260   0.03284   0.00000   0.00000   0.03312   0.00000   0.02176   0.03329   0.03137   4.99168   1.77830  -0.64895   0.00000  
 49  0.0000    157.725413  x:  0.01072   0.00000   0.00000   0.00000   0.00000   0.00000   0.00000   0.00000   0.00000   0.00000   0.00000   0.00000   0.00000   0.00000   0.00000   0.00000   0.03288   0.00000   0.00000   0.00000   0.00000   0.03260   0.03284   0.00000   0.00000   0.03312   0.00000   0.02176   0.03329   0.03137   4.99168   1.77830  -0.64895   0.00000  