Supplemental results for CODEML (seqf: /Users/YY/Desktop/get/branch_site/modify/modify_trim_muscle_psbI.fa  treef: /Users/YY/Desktop/get/branch_site/16gene_topu.tree)


dN/dS (w) for site classes (K=4)

site class             0        1       2a       2b
proportion       1.00000  0.00000  0.00000  0.00000
background w     0.00000  1.00000  0.00000  1.00000
foreground w     0.00000  1.00000  2.57439  2.57439
(note that p[2] is zero)


Naive Empirical Bayes (NEB) probabilities for 4 classes
(amino acids refer to 1st sequence: NC_015804)

   1 M   1.00000 0.00000 0.00000 0.00000 ( 1)
   2 L   1.00000 0.00000 0.00000 0.00000 ( 1)
   3 T   1.00000 0.00000 0.00000 0.00000 ( 1)
   4 L   1.00000 0.00000 0.00000 0.00000 ( 1)
   5 K   1.00000 0.00000 0.00000 0.00000 ( 1)
   6 L   1.00000 0.00000 0.00000 0.00000 ( 1)
   7 F   1.00000 0.00000 0.00000 0.00000 ( 1)
   8 V   1.00000 0.00000 0.00000 0.00000 ( 1)
   9 Y   1.00000 0.00000 0.00000 0.00000 ( 1)
  10 T   1.00000 0.00000 0.00000 0.00000 ( 1)
  11 V   1.00000 0.00000 0.00000 0.00000 ( 1)
  12 V   1.00000 0.00000 0.00000 0.00000 ( 1)
  13 I   1.00000 0.00000 0.00000 0.00000 ( 1)
  14 F   1.00000 0.00000 0.00000 0.00000 ( 1)
  15 F   1.00000 0.00000 0.00000 0.00000 ( 1)
  16 V   1.00000 0.00000 0.00000 0.00000 ( 1)
  17 S   1.00000 0.00000 0.00000 0.00000 ( 1)
  18 L   1.00000 0.00000 0.00000 0.00000 ( 1)
  19 F   1.00000 0.00000 0.00000 0.00000 ( 1)
  20 I   1.00000 0.00000 0.00000 0.00000 ( 1)
  21 F   1.00000 0.00000 0.00000 0.00000 ( 1)
  22 G   1.00000 0.00000 0.00000 0.00000 ( 1)
  23 F   1.00000 0.00000 0.00000 0.00000 ( 1)
  24 L   1.00000 0.00000 0.00000 0.00000 ( 1)
  25 S   1.00000 0.00000 0.00000 0.00000 ( 1)
  26 N   1.00000 0.00000 0.00000 0.00000 ( 1)
  27 D   1.00000 0.00000 0.00000 0.00000 ( 1)
  28 P   1.00000 0.00000 0.00000 0.00000 ( 1)
  29 G   1.00000 0.00000 0.00000 0.00000 ( 1)
  30 R   1.00000 0.00000 0.00000 0.00000 ( 1)
  31 N   1.00000 0.00000 0.00000 0.00000 ( 1)
  32 P   1.00000 0.00000 0.00000 0.00000 ( 1)
  33 G   1.00000 0.00000 0.00000 0.00000 ( 1)
  34 R   1.00000 0.00000 0.00000 0.00000 ( 1)
  35 E   1.00000 0.00000 0.00000 0.00000 ( 1)
  36 E   1.00000 0.00000 0.00000 0.00000 ( 1)


lnL =  -175.666880

Bayes Empirical Bayes (BEB) probabilities for 4 classes (class)
(amino acids refer to 1st sequence: NC_015804)

   1 M   0.68391 0.03225 0.26834 0.01550 ( 1)
   2 L   0.69109 0.02507 0.27177 0.01207 ( 1)
   3 T   0.68408 0.03208 0.26842 0.01542 ( 1)
   4 L   0.67463 0.04152 0.26393 0.01992 ( 1)
   5 K   0.67675 0.03940 0.26494 0.01891 ( 1)
   6 L   0.69109 0.02507 0.27177 0.01207 ( 1)
   7 F   0.68019 0.03596 0.26657 0.01727 ( 1)
   8 V   0.69082 0.02534 0.27164 0.01220 ( 1)
   9 Y   0.67012 0.04603 0.26179 0.02206 ( 1)
  10 T   0.67569 0.04046 0.26443 0.01941 ( 1)
  11 V   0.68176 0.03439 0.26732 0.01653 ( 1)
  12 V   0.67359 0.04256 0.26344 0.02041 ( 1)
  13 I   0.68416 0.03199 0.26846 0.01538 ( 1)
  14 F   0.68019 0.03596 0.26657 0.01727 ( 1)
  15 F   0.69452 0.02165 0.27341 0.01043 ( 1)
  16 V   0.69082 0.02534 0.27164 0.01220 ( 1)
  17 S   0.68512 0.03104 0.26892 0.01492 ( 1)
  18 L   0.67556 0.04059 0.26437 0.01948 ( 1)
  19 F   0.69452 0.02165 0.27341 0.01043 ( 1)
  20 I   0.67888 0.03727 0.26595 0.01790 ( 1)
  21 F   0.69452 0.02165 0.27341 0.01043 ( 1)
  22 G   0.67429 0.04186 0.26377 0.02008 ( 1)
  23 F   0.68019 0.03596 0.26657 0.01727 ( 1)
  24 L   0.67556 0.04059 0.26437 0.01948 ( 1)
  25 S   0.68512 0.03104 0.26892 0.01492 ( 1)
  26 N   0.68340 0.03276 0.26810 0.01574 ( 1)
  27 D   0.68591 0.03024 0.26930 0.01454 ( 1)
  28 P   0.66733 0.04881 0.26047 0.02338 ( 1)
  29 G   0.66715 0.04900 0.26038 0.02347 ( 1)
  30 R   0.68205 0.03411 0.26746 0.01639 ( 1)
  31 N   0.68421 0.03195 0.26849 0.01536 ( 1)
  32 P   0.68512 0.03104 0.26892 0.01492 ( 1)
  33 G   0.67370 0.04245 0.26349 0.02036 ( 1)
  34 R   0.68205 0.03411 0.26746 0.01639 ( 1)
  35 E   0.67852 0.03763 0.26578 0.01807 ( 1)
  36 E   0.67852 0.03763 0.26578 0.01807 ( 1)

