

TREE # 1

  0  0.0000    212.055188  x:  0.00000   0.01567   0.05931   0.01932   0.06920   0.06830   0.03360   0.03974   0.06777   0.01972   0.05098   0.02548   0.02392   0.01630   0.01953   0.06103   0.05634   0.02618   0.04955   0.04316   0.07099   0.04596   0.01234   0.02813   0.01022   0.06944   0.05983   0.04088   0.08549   0.02199   2.00000   1.09989   0.02896   0.27919   2.57308  
  1 99.0000    212.054571  x:  0.00000   0.01567   0.05931   0.01932   0.06920   0.06830   0.03360   0.03974   0.06777   0.01972   0.05098   0.02547   0.02392   0.01629   0.01953   0.06103   0.05634   0.02618   0.04955   0.04316   0.07099   0.04596   0.01234   0.02813   0.01022   0.06943   0.05983   0.04088   0.08549   0.02200   2.00000   1.09989   0.02896   0.27919   2.57308  
  2 151.2782    204.455689  x:  0.00000   0.00543   0.04909   0.00896   0.05895   0.05805   0.02270   0.02942   0.05752   0.00935   0.04068   0.01512   0.01356   0.00592   0.00916   0.05076   0.04606   0.01583   0.03925   0.04048   0.06077   0.04284   0.00206   0.03085   0.00000   0.05922   0.06133   0.03076   0.07921   0.02987   1.99995   1.09986   0.02901   0.27083   2.57308  
  3 38996.7043    202.962253  x:  0.00000   0.00338   0.04703   0.00686   0.05687   0.05598   0.02051   0.02733   0.05544   0.00725   0.03860   0.01303   0.01147   0.00382   0.00706   0.04868   0.04398   0.01374   0.03717   0.04010   0.05871   0.04238   0.00000   0.03075   0.00000   0.05716   0.06160   0.02890   0.07806   0.03072   1.99991   1.09964   0.02925   0.26712   2.57308  
  4 2174.3810    200.571462  x:  0.00000   0.00000   0.04366   0.00340   0.05344   0.05254   0.01695   0.02388   0.05200   0.00379   0.03515   0.00956   0.00800   0.00035   0.00359   0.04523   0.04054   0.01027   0.03372   0.03893   0.05531   0.04097   0.00000   0.02920   0.00000   0.05372   0.06265   0.02568   0.07557   0.03221   1.99983   1.09922   0.02969   0.26047   2.57307  
  5 8851.1028    200.337338  x:  0.00000   0.00000   0.04332   0.00305   0.05309   0.05219   0.01661   0.02353   0.05166   0.00344   0.03480   0.00922   0.00765   0.00000   0.00324   0.04488   0.04019   0.00993   0.03337   0.03884   0.05497   0.04084   0.00000   0.02927   0.00000   0.05337   0.06277   0.02533   0.07524   0.03224   1.99982   1.09916   0.02976   0.25964   2.57307  
  6 2685.2279    198.400413  x:  0.00000   0.00000   0.04048   0.00000   0.05004   0.04914   0.01366   0.02048   0.04861   0.00039   0.03175   0.00617   0.00460   0.00000   0.00019   0.04183   0.03714   0.00687   0.03032   0.03907   0.05209   0.04104   0.00000   0.02900   0.00000   0.05019   0.06260   0.02212   0.07285   0.03306   1.99975   1.09863   0.03031   0.25227   2.57307  
  7 4268.5305    198.288229  x:  0.00000   0.00000   0.04031   0.00000   0.04986   0.04896   0.01348   0.02029   0.04842   0.00020   0.03156   0.00598   0.00441   0.00000   0.00000   0.04164   0.03695   0.00669   0.03013   0.03904   0.05192   0.04102   0.00000   0.02899   0.00000   0.04999   0.06259   0.02192   0.07279   0.03310   1.99974   1.09860   0.03034   0.25183   2.57307  
  8 6666.4719    198.176120  x:  0.00000   0.00000   0.04013   0.00000   0.04966   0.04876   0.01328   0.02009   0.04822   0.00000   0.03137   0.00578   0.00421   0.00000   0.00000   0.04144   0.03676   0.00649   0.02993   0.03900   0.05173   0.04100   0.00000   0.02898   0.00000   0.04978   0.06258   0.02171   0.07272   0.03314   1.99974   1.09857   0.03038   0.25137   2.57307  
  9 1906096.3928    195.940302  x:  0.00000   0.00000   0.03622   0.00000   0.04547   0.04456   0.00885   0.01589   0.04403   0.00000   0.02716   0.00157   0.00000   0.00000   0.00000   0.03724   0.03256   0.00228   0.02573   0.03905   0.04778   0.04050   0.00000   0.02881   0.00000   0.04541   0.06330   0.01718   0.07270   0.03398   1.99964   1.09803   0.03095   0.24165   2.57306  
 10 1207.1345    195.152986  x:  0.00000   0.00000   0.03478   0.00000   0.04390   0.04300   0.00715   0.01433   0.04246   0.00000   0.02560   0.00000   0.00000   0.00000   0.00000   0.03568   0.03099   0.00071   0.02416   0.03896   0.04632   0.04035   0.00000   0.02875   0.00000   0.04378   0.06346   0.01550   0.07255   0.03430   1.99960   1.09784   0.03114   0.23812   2.57306  
 11 48643.9490    194.823513  x:  0.00000   0.00000   0.03413   0.00000   0.04320   0.04230   0.00644   0.01362   0.04176   0.00000   0.02490   0.00000   0.00000   0.00000   0.00000   0.03498   0.03029   0.00000   0.02346   0.03884   0.04566   0.04040   0.00000   0.02872   0.00000   0.04305   0.06361   0.01475   0.07246   0.03444   1.99958   1.09776   0.03123   0.23646   2.57306  
 12 3918.3431    192.053655  x:  0.00000   0.00000   0.02836   0.00000   0.03693   0.03602   0.00000   0.00734   0.03548   0.00000   0.01861   0.00000   0.00000   0.00000   0.00000   0.02869   0.02401   0.00000   0.01717   0.03911   0.03979   0.03830   0.00000   0.02841   0.00000   0.03648   0.06312   0.00801   0.07149   0.03579   1.99942   1.09709   0.03195   0.22150   2.57304  
 13 5139.8551    189.117973  x:  0.00000   0.00000   0.02161   0.00000   0.02963   0.02871   0.00000   0.00000   0.02818   0.00000   0.01126   0.00000   0.00000   0.00000   0.00000   0.02137   0.01667   0.00000   0.00982   0.03884   0.03288   0.03733   0.00000   0.02816   0.00000   0.02894   0.06330   0.00022   0.07087   0.03707   1.99926   1.09697   0.03210   0.20676   2.57304  
 14 943.9411    189.044502  x:  0.00000   0.00000   0.02144   0.00000   0.02943   0.02851   0.00000   0.00000   0.02799   0.00000   0.01106   0.00000   0.00000   0.00000   0.00000   0.02117   0.01648   0.00000   0.00962   0.03882   0.03270   0.03734   0.00000   0.02815   0.00000   0.02874   0.06333   0.00000   0.07090   0.03710   1.99925   1.09703   0.03201   0.20615   2.57304  
 15 122.3107    185.813974  x:  0.00000   0.00000   0.01350   0.00000   0.02016   0.01920   0.00000   0.00000   0.01874   0.00000   0.00149   0.00000   0.00000   0.00000   0.00000   0.01179   0.00696   0.00000   0.00000   0.03850   0.02404   0.03693   0.00000   0.02788   0.00000   0.01913   0.06406   0.00000   0.06981   0.03832   1.99888   1.10554   0.02243   0.18126   2.57338  
 16 185.7360    185.329461  x:  0.00000   0.00000   0.01225   0.00000   0.01868   0.01772   0.00000   0.00000   0.01727   0.00000   0.00000   0.00000   0.00000   0.00000   0.00000   0.01031   0.00547   0.00000   0.00000   0.03848   0.02268   0.03681   0.00000   0.02781   0.00000   0.01759   0.06428   0.00000   0.06910   0.03861   1.99881   1.10735   0.02040   0.17618   2.57345  
 17 309.9042    183.755604  x:  0.00000   0.00000   0.00765   0.00000   0.01327   0.01230   0.00000   0.00000   0.01188   0.00000   0.00000   0.00000   0.00000   0.00000   0.00000   0.00489   0.00000   0.00000   0.00000   0.03836   0.01758   0.03648   0.00000   0.02762   0.00000   0.01205   0.06464   0.00000   0.06789   0.03941   1.99854   1.11464   0.01235   0.15835   2.57369  
 18 918.5956    182.432438  x:  0.00000   0.00000   0.00344   0.00000   0.00832   0.00735   0.00000   0.00000   0.00695   0.00000   0.00000   0.00000   0.00000   0.00000   0.00000   0.00000   0.00000   0.00000   0.00000   0.03818   0.01288   0.03606   0.00000   0.02743   0.00000   0.00695   0.06484   0.00000   0.06675   0.04031   1.99825   1.12164   0.00446   0.13810   2.57397  
 19 495.5018    181.530379  x:  0.00000   0.00000   0.00000   0.00000   0.00445   0.00349   0.00000   0.00000   0.00312   0.00000   0.00000   0.00000   0.00000   0.00000   0.00000   0.00000   0.00000   0.00000   0.00000   0.03792   0.00918   0.03561   0.00000   0.02726   0.00000   0.00296   0.06489   0.00000   0.06558   0.04111   1.99807   1.12480   0.00059   0.12344   2.57419  
 20 709.0516    180.954929  x:  0.00000   0.00000   0.00000   0.00000   0.00155   0.00060   0.00000   0.00000   0.00025   0.00000   0.00000   0.00000   0.00000   0.00000   0.00000   0.00000   0.00000   0.00000   0.00000   0.03780   0.00635   0.03532   0.00000   0.02715   0.00000   0.00000   0.06495   0.00000   0.06483   0.04164   1.99796   1.12653  -0.00160   0.11391   2.57434  
 21 2057.9146    180.912751  x:  0.00000   0.00000   0.00000   0.00000   0.00130   0.00035   0.00000   0.00000   0.00000   0.00000   0.00000   0.00000   0.00000   0.00000   0.00000   0.00000   0.00000   0.00000   0.00000   0.03779   0.00611   0.03529   0.00000   0.02714   0.00000   0.00000   0.06496   0.00000   0.06476   0.04169   1.99794   1.12669  -0.00181   0.11298   2.57435  
 22 2171.8121    180.868346  x:  0.00000   0.00000   0.00000   0.00000   0.00095   0.00000   0.00000   0.00000   0.00000   0.00000   0.00000   0.00000   0.00000   0.00000   0.00000   0.00000   0.00000   0.00000   0.00000   0.03777   0.00578   0.03526   0.00000   0.02713   0.00000   0.00000   0.06497   0.00000   0.06465   0.04175   1.99793   1.12685  -0.00202   0.11205   2.57437  
 23 302.6158    180.794349  x:  0.00000   0.00000   0.00000   0.00000   0.00000   0.00000   0.00000   0.00000   0.00000   0.00000   0.00000   0.00000   0.00000   0.00000   0.00000   0.00000   0.00000   0.00000   0.00000   0.03776   0.00487   0.03521   0.00000   0.02711   0.00000   0.00000   0.06498   0.00000   0.06453   0.04183   1.99792   1.12697  -0.00221   0.11082   2.57439  
 24 144.6899    180.571600  x:  0.00000   0.00000   0.00000   0.00000   0.00000   0.00000   0.00000   0.00000   0.00000   0.00000   0.00000   0.00000   0.00000   0.00000   0.00000   0.00000   0.00000   0.00000   0.00000   0.03767   0.00000   0.03498   0.00000   0.02704   0.00000   0.00000   0.06501   0.00000   0.06394   0.04218   1.99788   1.12761  -0.00314   0.10522   2.57448  
 25 1780.4795    180.571600  x:  0.00000   0.00000   0.00000   0.00000   0.00000   0.00000   0.00000   0.00000   0.00000   0.00000   0.00000   0.00000   0.00000   0.00000   0.00000   0.00000   0.00000   0.00000   0.00000   0.03767   0.00000   0.03498   0.00000   0.02704   0.00000   0.00000   0.06501   0.00000   0.06394   0.04218   1.99788   1.12761  -0.00314   0.10522   2.57448  
 26 513.4807    180.000977  x:  0.00000   0.00000   0.00000   0.00000   0.00000   0.00000   0.00000   0.00000   0.00000   0.00000   0.00000   0.00000   0.00000   0.00000   0.00000   0.00000   0.00000   0.00000   0.00000   0.02714   0.00000   0.02872   0.00000   0.03874   0.00000   0.00000   0.06422   0.00000   0.03143   0.02680   1.99805   1.13118  -0.00671   0.08429   2.57448  
 27 21.8884    179.783943  x:  0.00000   0.00000   0.00000   0.00000   0.00000   0.00000   0.00000   0.00000   0.00000   0.00000   0.00000   0.00000   0.00000   0.00000   0.00000   0.00000   0.00000   0.00000   0.00000   0.03241   0.00000   0.03184   0.00000   0.03233   0.00000   0.00000   0.06342   0.00000   0.01845   0.03200   1.99829   1.13611  -0.01164   0.05718   2.57448  
 28 16.7175    179.145909  x:  0.00000   0.00000   0.00000   0.00000   0.00000   0.00000   0.00000   0.00000   0.00000   0.00000   0.00000   0.00000   0.00000   0.00000   0.00000   0.00000   0.00000   0.00000   0.00000   0.03278   0.00000   0.03241   0.00000   0.02962   0.00000   0.00000   0.06271   0.00000   0.01799   0.03126   1.99877   1.14652  -0.02205   0.00000   2.57448  
 29 42.9414    179.053492  x:  0.00000   0.00000   0.00000   0.00000   0.00000   0.00000   0.00000   0.00000   0.00000   0.00000   0.00000   0.00000   0.00000   0.00000   0.00000   0.00000   0.00000   0.00000   0.00000   0.03689   0.00000   0.03692   0.00000   0.02148   0.00000   0.00000   0.06145   0.00000   0.01524   0.03144   2.00151   1.20787  -0.08340   0.00000   2.57448  
 30 162.4643    179.038483  x:  0.00000   0.00000   0.00000   0.00000   0.00000   0.00000   0.00000   0.00000   0.00000   0.00000   0.00000   0.00000   0.00000   0.00000   0.00000   0.00000   0.00000   0.00000   0.00000   0.03707   0.00000   0.03355   0.00000   0.02118   0.00000   0.00000   0.05638   0.00000   0.01497   0.03393   2.00212   1.21741  -0.09294   0.00000   2.57448  
 31  7.3324    179.009846  x:  0.00000   0.00000   0.00000   0.00000   0.00000   0.00000   0.00000   0.00000   0.00000   0.00000   0.00000   0.00000   0.00000   0.00000   0.00000   0.00000   0.00000   0.00000   0.00000   0.03801   0.00000   0.03721   0.00000   0.02243   0.00000   0.00000   0.04987   0.00000   0.01567   0.03075   2.00402   1.22908  -0.10461   0.00000   2.57448  
 32  1.6288    178.810038  x:  0.00000   0.00000   0.00000   0.00000   0.00000   0.00000   0.00000   0.00000   0.00000   0.00000   0.00000   0.00000   0.00000   0.00000   0.00000   0.00000   0.00000   0.00000   0.00000   0.02717   0.00000   0.03125   0.00000   0.01632   0.00000   0.00000   0.04862   0.00000   0.01884   0.02295   2.01719   1.30215  -0.17768   0.00000   2.57448  
 33 11.0718    178.807794  x:  0.00000   0.00000   0.00000   0.00000   0.00000   0.00000   0.00000   0.00000   0.00000   0.00000   0.00000   0.00000   0.00000   0.00000   0.00000   0.00000   0.00000   0.00000   0.00000   0.02852   0.00000   0.03034   0.00000   0.01634   0.00000   0.00000   0.04885   0.00000   0.01892   0.02214   2.01757   1.30300  -0.17853   0.00000   2.57448  
 34  2.6349    177.552108  x:  0.00000   0.00000   0.00000   0.00000   0.00000   0.00000   0.00000   0.00000   0.00000   0.00000   0.00000   0.00000   0.00000   0.00000   0.00000   0.00000   0.00000   0.00000   0.00000   0.03280   0.00000   0.01918   0.00000   0.02803   0.00000   0.00000   0.06286   0.00000   0.04280   0.04086   3.66385   1.73387  -0.60942   0.00000   2.57448  
 35  0.3197    177.070169  x:  0.00000   0.00000   0.00000   0.00000   0.00000   0.00000   0.00000   0.00000   0.00000   0.00000   0.00000   0.00000   0.00000   0.00000   0.00000   0.00000   0.00000   0.00000   0.00000   0.02656   0.00000   0.04333   0.00000   0.03249   0.00000   0.00000   0.06325   0.00000   0.03949   0.02958   4.08733   2.04577  -0.92133   0.00000   2.57448  
 36  0.5692    176.671491  x:  0.00000   0.00000   0.00000   0.00000   0.00000   0.00000   0.00000   0.00000   0.00000   0.00000   0.00000   0.00000   0.00000   0.00000   0.00000   0.00000   0.00000   0.00000   0.00000   0.02457   0.00000   0.02894   0.00000   0.03024   0.00000   0.00000   0.05367   0.00000   0.02448   0.02094   3.85377   2.42101  -1.29657   0.00000   2.57448  
 37  0.2626    176.459424  x:  0.00000   0.00000   0.00000   0.00000   0.00000   0.00000   0.00000   0.00000   0.00000   0.00000   0.00000   0.00000   0.00000   0.00000   0.00000   0.00000   0.00000   0.00000   0.00000   0.03676   0.00000   0.02594   0.00000   0.02252   0.00000   0.00000   0.05380   0.00000   0.02404   0.03110   3.55574   2.62191  -1.49747   0.00000   2.57448  
 38  0.4585    175.881485  x:  0.00000   0.00000   0.00000   0.00000   0.00000   0.00000   0.00000   0.00000   0.00000   0.00000   0.00000   0.00000   0.00000   0.00000   0.00000   0.00000   0.00000   0.00000   0.00000   0.02832   0.00000   0.03081   0.00000   0.03082   0.00000   0.00000   0.08298   0.00000   0.02750   0.03763   1.92438   3.13887  -2.01444   0.00000   2.57448  
 39  0.3896    175.803953  x:  0.00000   0.00000   0.00000   0.00000   0.00000   0.00000   0.00000   0.00000   0.00000   0.00000   0.00000   0.00000   0.00000   0.00000   0.00000   0.00000   0.00000   0.00000   0.00000   0.02930   0.00000   0.02938   0.00000   0.03035   0.00000   0.00000   0.07549   0.00000   0.02666   0.03575   1.48256   3.27912  -2.15468   0.00000   2.57448  
 40  0.5278    175.730992  x:  0.00000   0.00000   0.00000   0.00000   0.00000   0.00000   0.00000   0.00000   0.00000   0.00000   0.00000   0.00000   0.00000   0.00000   0.00000   0.00000   0.00000   0.00000   0.00000   0.03085   0.00000   0.02877   0.00000   0.03011   0.00000   0.00000   0.06021   0.00000   0.02783   0.03150   1.65216   3.35121  -2.22677   0.00000   2.57448  
 41  0.2704    175.711148  x:  0.00000   0.00000   0.00000   0.00000   0.00000   0.00000   0.00000   0.00000   0.00000   0.00000   0.00000   0.00000   0.00000   0.00000   0.00000   0.00000   0.00000   0.00000   0.00000   0.02828   0.00000   0.03089   0.00000   0.03186   0.00000   0.00000   0.06143   0.00000   0.03154   0.03034   1.66175   3.54301  -2.41858   0.00000   2.57448  
 42  0.1182    175.687145  x:  0.00000   0.00000   0.00000   0.00000   0.00000   0.00000   0.00000   0.00000   0.00000   0.00000   0.00000   0.00000   0.00000   0.00000   0.00000   0.00000   0.00000   0.00000   0.00000   0.02982   0.00000   0.02682   0.00000   0.03104   0.00000   0.00000   0.06197   0.00000   0.03015   0.02926   1.67521   4.05639  -2.93196   0.00000   2.57448  
 43  0.1629    175.676048  x:  0.00000   0.00000   0.00000   0.00000   0.00000   0.00000   0.00000   0.00000   0.00000   0.00000   0.00000   0.00000   0.00000   0.00000   0.00000   0.00000   0.00000   0.00000   0.00000   0.03042   0.00000   0.03056   0.00000   0.03051   0.00000   0.00000   0.06267   0.00000   0.03014   0.03033   1.67386   4.38008  -3.25565   0.00000   2.57447  
 44  0.2468    175.670898  x:  0.00000   0.00000   0.00000   0.00000   0.00000   0.00000   0.00000   0.00000   0.00000   0.00000   0.00000   0.00000   0.00000   0.00000   0.00000   0.00000   0.00000   0.00000   0.00000   0.02842   0.00000   0.02959   0.00000   0.03063   0.00000   0.00000   0.06128   0.00000   0.02940   0.03086   1.67951   4.77693  -3.65250   0.00000   2.57447  
 45  0.2724    175.668584  x:  0.00000   0.00000   0.00000   0.00000   0.00000   0.00000   0.00000   0.00000   0.00000   0.00000   0.00000   0.00000   0.00000   0.00000   0.00000   0.00000   0.00000   0.00000   0.00000   0.02996   0.00000   0.02936   0.00000   0.03049   0.00000   0.00000   0.06195   0.00000   0.02948   0.03098   1.68577   5.23218  -4.10776   0.00000   2.57447  
 46  0.2361    175.667544  x:  0.00000   0.00000   0.00000   0.00000   0.00000   0.00000   0.00000   0.00000   0.00000   0.00000   0.00000   0.00000   0.00000   0.00000   0.00000   0.00000   0.00000   0.00000   0.00000   0.02912   0.00000   0.02955   0.00000   0.03091   0.00000   0.00000   0.06152   0.00000   0.02986   0.03062   1.67510   5.67147  -4.54705   0.00000   2.57446  
 47  0.2641    175.667156  x:  0.00000   0.00000   0.00000   0.00000   0.00000   0.00000   0.00000   0.00000   0.00000   0.00000   0.00000   0.00000   0.00000   0.00000   0.00000   0.00000   0.00000   0.00000   0.00000   0.02940   0.00000   0.02944   0.00000   0.03071   0.00000   0.00000   0.06214   0.00000   0.02955   0.03079   1.68398   6.14751  -5.02309   0.00000   2.57446  
 48  0.2526    175.667004  x:  0.00000   0.00000   0.00000   0.00000   0.00000   0.00000   0.00000   0.00000   0.00000   0.00000   0.00000   0.00000   0.00000   0.00000   0.00000   0.00000   0.00000   0.00000   0.00000   0.02939   0.00000   0.02953   0.00000   0.03069   0.00000   0.00000   0.06156   0.00000   0.02964   0.03065   1.67763   6.51040  -5.38597   0.00000   2.57446  
 49  0.2724    175.666934  x:  0.00000   0.00000   0.00000   0.00000   0.00000   0.00000   0.00000   0.00000   0.00000   0.00000   0.00000   0.00000   0.00000   0.00000   0.00000   0.00000   0.00000   0.00000   0.00000   0.02922   0.00000   0.02950   0.00000   0.03072   0.00000   0.00000   0.06186   0.00000   0.02972   0.03073   1.68023   6.95206  -5.82764   0.00000   2.57446  
 50  0.2748    175.666902  x:  0.00000   0.00000   0.00000   0.00000   0.00000   0.00000   0.00000   0.00000   0.00000   0.00000   0.00000   0.00000   0.00000   0.00000   0.00000   0.00000   0.00000   0.00000   0.00000   0.02939   0.00000   0.02949   0.00000   0.03067   0.00000   0.00000   0.06174   0.00000   0.02965   0.03071   1.67964   7.39523  -6.27081   0.00000   2.57445  
 51  0.2699    175.666888  x:  0.00000   0.00000   0.00000   0.00000   0.00000   0.00000   0.00000   0.00000   0.00000   0.00000   0.00000   0.00000   0.00000   0.00000   0.00000   0.00000   0.00000   0.00000   0.00000   0.02929   0.00000   0.02951   0.00000   0.03073   0.00000   0.00000   0.06177   0.00000   0.02968   0.03071   1.67956   7.89565  -6.77123   0.00000   2.57445  
 52  0.2598    175.666884  x:  0.00000   0.00000   0.00000   0.00000   0.00000   0.00000   0.00000   0.00000   0.00000   0.00000   0.00000   0.00000   0.00000   0.00000   0.00000   0.00000   0.00000   0.00000   0.00000   0.02936   0.00000   0.02950   0.00000   0.03071   0.00000   0.00000   0.06177   0.00000   0.02965   0.03072   1.67975   8.34119  -7.21677   0.00000   2.57445  
 53  0.2510    175.666882  x:  0.00000   0.00000   0.00000   0.00000   0.00000   0.00000   0.00000   0.00000   0.00000   0.00000   0.00000   0.00000   0.00000   0.00000   0.00000   0.00000   0.00000   0.00000   0.00000   0.02931   0.00000   0.02950   0.00000   0.03072   0.00000   0.00000   0.06177   0.00000   0.02967   0.03071   1.67960   8.77693  -7.65251   0.00000   2.57444  
 54  0.2342    175.666881  x:  0.00000   0.00000   0.00000   0.00000   0.00000   0.00000   0.00000   0.00000   0.00000   0.00000   0.00000   0.00000   0.00000   0.00000   0.00000   0.00000   0.00000   0.00000   0.00000   0.02934   0.00000   0.02950   0.00000   0.03071   0.00000   0.00000   0.06177   0.00000   0.02966   0.03071   1.67970   9.23679  -8.11237   0.00000   2.57444  
 55  0.2491    175.666881  x:  0.00000   0.00000   0.00000   0.00000   0.00000   0.00000   0.00000   0.00000   0.00000   0.00000   0.00000   0.00000   0.00000   0.00000   0.00000   0.00000   0.00000   0.00000   0.00000   0.02932   0.00000   0.02950   0.00000   0.03071   0.00000   0.00000   0.06177   0.00000   0.02967   0.03071   1.67963   9.66093  -8.53651   0.00000   2.57444  
 56  0.2424    175.666880  x:  0.00000   0.00000   0.00000   0.00000   0.00000   0.00000   0.00000   0.00000   0.00000   0.00000   0.00000   0.00000   0.00000   0.00000   0.00000   0.00000   0.00000   0.00000   0.00000   0.02933   0.00000   0.02950   0.00000   0.03071   0.00000   0.00000   0.06177   0.00000   0.02967   0.03071   1.67968  10.12837  -9.00395   0.00000   2.57443  
 57  0.2433    175.666880  x:  0.00000   0.00000   0.00000   0.00000   0.00000   0.00000   0.00000   0.00000   0.00000   0.00000   0.00000   0.00000   0.00000   0.00000   0.00000   0.00000   0.00000   0.00000   0.00000   0.02933   0.00000   0.02950   0.00000   0.03071   0.00000   0.00000   0.06177   0.00000   0.02967   0.03071   1.67965  10.55729  -9.43288   0.00000   2.57443  
 58  0.2485    175.666880  x:  0.00000   0.00000   0.00000   0.00000   0.00000   0.00000   0.00000   0.00000   0.00000   0.00000   0.00000   0.00000   0.00000   0.00000   0.00000   0.00000   0.00000   0.00000   0.00000   0.02933   0.00000   0.02950   0.00000   0.03071   0.00000   0.00000   0.06177   0.00000   0.02967   0.03071   1.67967  11.01772  -9.89330   0.00000   2.57443  
 59  0.2437    175.666880  x:  0.00000   0.00000   0.00000   0.00000   0.00000   0.00000   0.00000   0.00000   0.00000   0.00000   0.00000   0.00000   0.00000   0.00000   0.00000   0.00000   0.00000   0.00000   0.00000   0.02933   0.00000   0.02950   0.00000   0.03071   0.00000   0.00000   0.06177   0.00000   0.02967   0.03071   1.67966  11.46010  -10.33568   0.00000   2.57442  
 60  0.2459    175.666880  x:  0.00000   0.00000   0.00000   0.00000   0.00000   0.00000   0.00000   0.00000   0.00000   0.00000   0.00000   0.00000   0.00000   0.00000   0.00000   0.00000   0.00000   0.00000   0.00000   0.02933   0.00000   0.02950   0.00000   0.03071   0.00000   0.00000   0.06177   0.00000   0.02967   0.03071   1.67966  11.89833  -10.77392   0.00000   2.57442  
 61  0.2439    175.666880  x:  0.00000   0.00000   0.00000   0.00000   0.00000   0.00000   0.00000   0.00000   0.00000   0.00000   0.00000   0.00000   0.00000   0.00000   0.00000   0.00000   0.00000   0.00000   0.00000   0.02933   0.00000   0.02950   0.00000   0.03071   0.00000   0.00000   0.06177   0.00000   0.02967   0.03071   1.67966  12.39651  -11.27209   0.00000   2.57442  
 62  0.2573    175.666880  x:  0.00000   0.00000   0.00000   0.00000   0.00000   0.00000   0.00000   0.00000   0.00000   0.00000   0.00000   0.00000   0.00000   0.00000   0.00000   0.00000   0.00000   0.00000   0.00000   0.02933   0.00000   0.02950   0.00000   0.03071   0.00000   0.00000   0.06177   0.00000   0.02967   0.03071   1.67966  12.77961  -11.65520   0.00000   2.57441  
 63  0.2401    175.666880  x:  0.00000   0.00000   0.00000   0.00000   0.00000   0.00000   0.00000   0.00000   0.00000   0.00000   0.00000   0.00000   0.00000   0.00000   0.00000   0.00000   0.00000   0.00000   0.00000   0.02933   0.00000   0.02950   0.00000   0.03071   0.00000   0.00000   0.06177   0.00000   0.02967   0.03071   1.67966  13.53693  -12.41252   0.00000   2.57441  
 64  0.3002    175.666880  x:  0.00000   0.00000   0.00000   0.00000   0.00000   0.00000   0.00000   0.00000   0.00000   0.00000   0.00000   0.00000   0.00000   0.00000   0.00000   0.00000   0.00000   0.00000   0.00000   0.02933   0.00000   0.02950   0.00000   0.03071   0.00000   0.00000   0.06177   0.00000   0.02967   0.03071   1.67966  14.01242  -12.88801   0.00000   2.57441  
 65  0.3216    175.666880  x:  0.00000   0.00000   0.00000   0.00000   0.00000   0.00000   0.00000   0.00000   0.00000   0.00000   0.00000   0.00000   0.00000   0.00000   0.00000   0.00000   0.00000   0.00000   0.00000   0.02933   0.00000   0.02950   0.00000   0.03071   0.00000   0.00000   0.06177   0.00000   0.02967   0.03071   1.67966  14.13289  -13.00848   0.00000   2.57440  
 66  0.0827    175.666880  x:  0.00000   0.00000   0.00000   0.00000   0.00000   0.00000   0.00000   0.00000   0.00000   0.00000   0.00000   0.00000   0.00000   0.00000   0.00000   0.00000   0.00000   0.00000   0.00000   0.02933   0.00000   0.02950   0.00000   0.03071   0.00000   0.00000   0.06177   0.00000   0.02967   0.03071   1.67966  15.68271  -14.55830   0.00000   2.57439  
 67  0.2740    175.666880  x:  0.00000   0.00000   0.00000   0.00000   0.00000   0.00000   0.00000   0.00000   0.00000   0.00000   0.00000   0.00000   0.00000   0.00000   0.00000   0.00000   0.00000   0.00000   0.00000   0.02933   0.00000   0.02950   0.00000   0.03071   0.00000   0.00000   0.06177   0.00000   0.02967   0.03071   1.67966  15.87858  -14.75417   0.00000   2.57439  
 68  0.4252    175.666880  x:  0.00000   0.00000   0.00000   0.00000   0.00000   0.00000   0.00000   0.00000   0.00000   0.00000   0.00000   0.00000   0.00000   0.00000   0.00000   0.00000   0.00000   0.00000   0.00000   0.02933   0.00000   0.02950   0.00000   0.03071   0.00000   0.00000   0.06177   0.00000   0.02967   0.03071   1.67966  15.87767  -14.75326   0.00000   2.57439  
 69  0.1463    175.666880  x:  0.00000   0.00000   0.00000   0.00000   0.00000   0.00000   0.00000   0.00000   0.00000   0.00000   0.00000   0.00000   0.00000   0.00000   0.00000   0.00000   0.00000   0.00000   0.00000   0.02933   0.00000   0.02950   0.00000   0.03071   0.00000   0.00000   0.06177   0.00000   0.02967   0.03071   1.67966  15.87767  -14.75326   0.00000   2.57439  