Supplemental results for CODEML (seqf: /Users/YY/Desktop/get/branch_site/modify/modify_trim_muscle_psaI.fa  treef: /Users/YY/Desktop/get/branch_site/16gene_topu.tree)


dN/dS (w) for site classes (K=4)

site class             0        1       2a       2b
proportion       0.57435  0.42055  0.00294  0.00216
background w     0.00000  1.00000  0.00000  1.00000
foreground w     0.00000  1.00000  1.00000  1.00000

Naive Empirical Bayes (NEB) probabilities for 4 classes
(amino acids refer to 1st sequence: NC_034643)

   1 M   0.69863 0.29627 0.00358 0.00152 ( 1)
   2 T   0.00000 0.99490 0.00000 0.00510 ( 2)
   3 T   0.69539 0.29951 0.00356 0.00154 ( 1)
   4 F   0.00000 0.99490 0.00000 0.00510 ( 2)
   5 D   0.60401 0.39089 0.00310 0.00200 ( 1)
   6 F   0.71867 0.27623 0.00368 0.00142 ( 1)
   7 P   0.60300 0.39190 0.00309 0.00201 ( 1)
   8 S   0.68964 0.30526 0.00354 0.00156 ( 1)
   9 V   0.70775 0.28715 0.00363 0.00147 ( 1)
  10 L   0.64175 0.35315 0.00329 0.00181 ( 1)
  11 V   0.63829 0.35661 0.00327 0.00183 ( 1)
  12 P   0.67897 0.31593 0.00348 0.00162 ( 1)
  13 L   0.65731 0.33759 0.00337 0.00173 ( 1)
  14 V   0.66289 0.33201 0.00340 0.00170 ( 1)
  15 G   0.59254 0.40236 0.00304 0.00206 ( 1)
  16 L   0.65288 0.34202 0.00335 0.00175 ( 1)
  17 V   0.00000 0.99490 0.00000 0.00510 ( 2)
  18 F   0.71867 0.27623 0.00368 0.00142 ( 1)
  19 P   0.62427 0.37063 0.00320 0.00190 ( 1)
  20 A   0.66124 0.33366 0.00339 0.00171 ( 1)
  21 M   0.69863 0.29627 0.00358 0.00152 ( 1)
  22 A   0.66124 0.33366 0.00339 0.00171 ( 1)
  23 M   0.69863 0.29627 0.00358 0.00152 ( 1)
  24 A   0.70036 0.29454 0.00359 0.00151 ( 1)
  25 S   0.68964 0.30526 0.00354 0.00156 ( 1)
  26 L   0.65731 0.33759 0.00337 0.00173 ( 1)
  27 F   0.00000 0.99490 0.00000 0.00510 ( 2)
  28 L   0.70213 0.29277 0.00360 0.00150 ( 1)
  29 H   0.63971 0.35519 0.00328 0.00182 ( 1)
  30 V   0.70775 0.28715 0.00363 0.00147 ( 1)
  31 Q   0.60750 0.38740 0.00311 0.00199 ( 1)
  32 K   0.00000 0.99490 0.00000 0.00510 ( 2)
  33 N   0.65276 0.34214 0.00335 0.00175 ( 1)
  34 K   0.61296 0.38194 0.00314 0.00196 ( 1)
  35 T   0.69539 0.29951 0.00356 0.00154 ( 1)
  36 V   0.70775 0.28715 0.00363 0.00147 ( 1)


lnL =  -190.425839

