

TREE # 1

  0  0.0000    208.922902  x:  0.00000   0.00653   0.03549   0.01107   0.03966   0.03915   0.01926   0.02278   0.03884   0.01130   0.02922   0.01460   0.01371   0.00934   0.01119   0.03498   0.03229   0.01501   0.02840   0.03542   0.04759   0.03228   0.00107   0.04439   0.00696   0.03969   0.07539   0.04088   0.04396   0.04263   2.00000   1.09989   0.02896   0.27919  
  1 99.0000    208.920031  x:  0.00000   0.00652   0.03549   0.01107   0.03966   0.03914   0.01926   0.02277   0.03884   0.01130   0.02921   0.01460   0.01371   0.00934   0.01119   0.03498   0.03229   0.01500   0.02840   0.03542   0.04758   0.03228   0.00106   0.04439   0.00696   0.03969   0.07539   0.04088   0.04396   0.04263   2.00000   1.09989   0.02896   0.27919  
  2 149.2963    208.141862  x:  0.00000   0.00551   0.03445   0.01000   0.03860   0.03808   0.01810   0.02171   0.03778   0.01023   0.02815   0.01353   0.01264   0.00827   0.01012   0.03391   0.03122   0.01394   0.02733   0.03530   0.04696   0.03159   0.00000   0.04549   0.00688   0.03865   0.07629   0.04032   0.04295   0.04465   2.00001   1.09987   0.02899   0.27830  
  3 1006.3688    204.365229  x:  0.00000   0.00000   0.02862   0.00362   0.03222   0.03171   0.01020   0.01532   0.03140   0.00383   0.02176   0.00713   0.00624   0.00187   0.00372   0.02752   0.02484   0.00754   0.02095   0.03512   0.05251   0.02669   0.00000   0.04318   0.01677   0.03289   0.08364   0.03346   0.03678   0.04301   2.00009   1.09929   0.02963   0.26135  
  4 224.4045    203.314875  x:  0.00000   0.00000   0.02691   0.00175   0.03036   0.02985   0.00789   0.01345   0.02954   0.00196   0.01990   0.00526   0.00437   0.00000   0.00185   0.02566   0.02298   0.00567   0.01908   0.03506   0.05420   0.02524   0.00000   0.04246   0.01970   0.03121   0.08567   0.03159   0.03498   0.04258   2.00012   1.09913   0.02981   0.25645  
  5 247676.3729    202.395953  x:  0.00000   0.00000   0.02526   0.00000   0.02862   0.02810   0.00571   0.01170   0.02779   0.00021   0.01815   0.00351   0.00262   0.00000   0.00010   0.02391   0.02123   0.00392   0.01733   0.03509   0.05592   0.02478   0.00000   0.04218   0.02288   0.02965   0.08693   0.02926   0.03328   0.04232   2.00014   1.09898   0.02998   0.25193  
  6 4447.5964    202.345500  x:  0.00000   0.00000   0.02514   0.00000   0.02853   0.02801   0.00556   0.01161   0.02770   0.00012   0.01806   0.00342   0.00252   0.00000   0.00000   0.02382   0.02114   0.00383   0.01724   0.03511   0.05599   0.02468   0.00000   0.04227   0.02293   0.02958   0.08691   0.02921   0.03318   0.04226   2.00014   1.09897   0.02998   0.25154  
  7 182.2417    202.283633  x:  0.00000   0.00000   0.02498   0.00000   0.02841   0.02789   0.00538   0.01150   0.02759   0.00000   0.01794   0.00331   0.00241   0.00000   0.00000   0.02370   0.02103   0.00371   0.01713   0.03510   0.05605   0.02465   0.00000   0.04225   0.02297   0.02950   0.08694   0.02916   0.03305   0.04226   2.00014   1.09896   0.03000   0.25103  
  8 889.1129    201.077935  x:  0.00000   0.00000   0.02158   0.00000   0.02602   0.02550   0.00135   0.00910   0.02519   0.00000   0.01554   0.00091   0.00000   0.00000   0.00000   0.02130   0.01863   0.00131   0.01473   0.03492   0.05659   0.02467   0.00000   0.04262   0.02487   0.02778   0.08856   0.02914   0.03041   0.04191   2.00015   1.09873   0.03026   0.24153  
  9 2316.5457    200.711508  x:  0.00000   0.00000   0.02046   0.00000   0.02524   0.02473   0.00000   0.00832   0.02441   0.00000   0.01476   0.00012   0.00000   0.00000   0.00000   0.02052   0.01785   0.00053   0.01395   0.03492   0.05671   0.02439   0.00000   0.04252   0.02549   0.02723   0.08892   0.02883   0.02958   0.04186   2.00015   1.09864   0.03035   0.23894  
 10 2679.5341    200.662389  x:  0.00000   0.00000   0.02029   0.00000   0.02513   0.02461   0.00000   0.00820   0.02429   0.00000   0.01464   0.00000   0.00000   0.00000   0.00000   0.02040   0.01773   0.00041   0.01383   0.03492   0.05673   0.02434   0.00000   0.04251   0.02558   0.02715   0.08898   0.02878   0.02945   0.04185   2.00015   1.09863   0.03037   0.23855  
 11 1689832.6916    200.509206  x:  0.00000   0.00000   0.01974   0.00000   0.02472   0.02421   0.00000   0.00779   0.02389   0.00000   0.01424   0.00000   0.00000   0.00000   0.00000   0.02000   0.01733   0.00000   0.01342   0.03505   0.05677   0.02424   0.00000   0.04246   0.02584   0.02686   0.08913   0.02866   0.02903   0.04184   2.00015   1.09859   0.03042   0.23737  
 12 836.9699    197.798672  x:  0.00000   0.00000   0.00912   0.00000   0.01700   0.01648   0.00000   0.00000   0.01616   0.00000   0.00648   0.00000   0.00000   0.00000   0.00000   0.01224   0.00958   0.00000   0.00566   0.03484   0.05727   0.02189   0.00000   0.04160   0.03110   0.02124   0.09178   0.02605   0.02096   0.04148   2.00016   1.09781   0.03150   0.21464  
 13 10366.7902    196.006749  x:  0.00000   0.00000   0.00139   0.00000   0.01138   0.01086   0.00000   0.00000   0.01053   0.00000   0.00083   0.00000   0.00000   0.00000   0.00000   0.00659   0.00394   0.00000   0.00000   0.03471   0.05766   0.02018   0.00000   0.04098   0.03491   0.01714   0.09371   0.02417   0.01509   0.04122   2.00018   1.09724   0.03229   0.19818  
 14 1046887.3813    195.773713  x:  0.00000   0.00000   0.00024   0.00000   0.01056   0.01004   0.00000   0.00000   0.00971   0.00000   0.00000   0.00000   0.00000   0.00000   0.00000   0.00577   0.00312   0.00000   0.00000   0.03469   0.05783   0.01991   0.00000   0.04088   0.03551   0.01656   0.09410   0.02384   0.01419   0.04117   2.00018   1.09718   0.03239   0.19566  
 15 2180.3877    195.728590  x:  0.00000   0.00000   0.00000   0.00000   0.01039   0.00986   0.00000   0.00000   0.00954   0.00000   0.00000   0.00000   0.00000   0.00000   0.00000   0.00560   0.00294   0.00000   0.00000   0.03469   0.05779   0.01985   0.00000   0.04086   0.03563   0.01642   0.09413   0.02379   0.01400   0.04116   2.00018   1.09716   0.03241   0.19515  
 16 629.1389    195.112180  x:  0.00000   0.00000   0.00000   0.00000   0.00746   0.00693   0.00000   0.00000   0.00660   0.00000   0.00000   0.00000   0.00000   0.00000   0.00000   0.00265   0.00000   0.00000   0.00000   0.03464   0.05821   0.01923   0.00000   0.04067   0.03706   0.01420   0.09499   0.02299   0.01096   0.04106   2.00019   1.09691   0.03275   0.18808  
 17 943.6013    194.630774  x:  0.00000   0.00000   0.00000   0.00000   0.00482   0.00429   0.00000   0.00000   0.00396   0.00000   0.00000   0.00000   0.00000   0.00000   0.00000   0.00000   0.00000   0.00000   0.00000   0.03459   0.05812   0.01871   0.00000   0.04048   0.03831   0.01212   0.09544   0.02242   0.00828   0.04102   2.00020   1.09672   0.03301   0.18249  
 18 957.1983    194.039033  x:  0.00000   0.00000   0.00000   0.00000   0.00087   0.00034   0.00000   0.00000   0.00000   0.00000   0.00000   0.00000   0.00000   0.00000   0.00000   0.00000   0.00000   0.00000   0.00000   0.03453   0.05814   0.01807   0.00000   0.04027   0.03984   0.00895   0.09608   0.02167   0.00433   0.04096   2.00021   1.09644   0.03339   0.17509  
 19 1273.8271    193.998764  x:  0.00000   0.00000   0.00000   0.00000   0.00053   0.00000   0.00000   0.00000   0.00000   0.00000   0.00000   0.00000   0.00000   0.00000   0.00000   0.00000   0.00000   0.00000   0.00000   0.03453   0.05813   0.01803   0.00000   0.04026   0.03995   0.00867   0.09611   0.02162   0.00400   0.04096   2.00021   1.09641   0.03342   0.17456  
 20 502.0315    193.952493  x:  0.00000   0.00000   0.00000   0.00000   0.00000   0.00000   0.00000   0.00000   0.00000   0.00000   0.00000   0.00000   0.00000   0.00000   0.00000   0.00000   0.00000   0.00000   0.00000   0.03452   0.05813   0.01798   0.00000   0.04025   0.04006   0.00823   0.09615   0.02157   0.00349   0.04096   2.00021   1.09639   0.03345   0.17393  
 21 352.1461    193.743754  x:  0.00000   0.00000   0.00000   0.00000   0.00000   0.00000   0.00000   0.00000   0.00000   0.00000   0.00000   0.00000   0.00000   0.00000   0.00000   0.00000   0.00000   0.00000   0.00000   0.03450   0.05807   0.01779   0.00000   0.04020   0.04057   0.00501   0.09627   0.02132   0.00000   0.04099   2.00023   1.09625   0.03363   0.17108  
 22 162.6581    193.586373  x:  0.00000   0.00000   0.00000   0.00000   0.00000   0.00000   0.00000   0.00000   0.00000   0.00000   0.00000   0.00000   0.00000   0.00000   0.00000   0.00000   0.00000   0.00000   0.00000   0.03446   0.05802   0.01765   0.00000   0.04018   0.04099   0.00000   0.09631   0.02112   0.00000   0.04102   2.00025   1.09614   0.03376   0.16832  
 23 96.3323    191.780506  x:  0.00000   0.00000   0.00000   0.00000   0.00000   0.00000   0.00000   0.00000   0.00000   0.00000   0.00000   0.00000   0.00000   0.00000   0.00000   0.00000   0.00000   0.00000   0.00000   0.02987   0.00000   0.04461   0.00000   0.05746   0.00656   0.00000   0.04047   0.03946   0.00000   0.05498   2.01067   1.09486   0.03492   0.09900  
 24  3.6132    191.633272  x:  0.00000   0.00000   0.00000   0.00000   0.00000   0.00000   0.00000   0.00000   0.00000   0.00000   0.00000   0.00000   0.00000   0.00000   0.00000   0.00000   0.00000   0.00000   0.00000   0.02937   0.00000   0.04783   0.00000   0.06002   0.00000   0.00000   0.03973   0.04046   0.00000   0.05601   2.01301   1.09421   0.03554   0.08949  
 25  2.0050    191.161760  x:  0.00000   0.00000   0.00000   0.00000   0.00000   0.00000   0.00000   0.00000   0.00000   0.00000   0.00000   0.00000   0.00000   0.00000   0.00000   0.00000   0.00000   0.00000   0.00000   0.01782   0.00000   0.03918   0.00000   0.06138   0.00000   0.00000   0.06179   0.04861   0.00000   0.06088   2.08883   1.06488   0.06409   0.04308  
 26  0.4608    190.911761  x:  0.00000   0.00000   0.00000   0.00000   0.00000   0.00000   0.00000   0.00000   0.00000   0.00000   0.00000   0.00000   0.00000   0.00000   0.00000   0.00000   0.00000   0.00000   0.00000   0.03571   0.00000   0.03705   0.00000   0.06512   0.00000   0.00000   0.07482   0.05317   0.00000   0.06685   2.16235   1.01737   0.11176   0.03038  
 27  1.0023    190.661464  x:  0.00000   0.00000   0.00000   0.00000   0.00000   0.00000   0.00000   0.00000   0.00000   0.00000   0.00000   0.00000   0.00000   0.00000   0.00000   0.00000   0.00000   0.00000   0.00000   0.03350   0.00000   0.03268   0.00000   0.07214   0.00000   0.00000   0.08088   0.04333   0.00000   0.07110   2.29247   0.84492   0.28590   0.10821  
 28  0.9515    190.495412  x:  0.00000   0.00000   0.00000   0.00000   0.00000   0.00000   0.00000   0.00000   0.00000   0.00000   0.00000   0.00000   0.00000   0.00000   0.00000   0.00000   0.00000   0.00000   0.00000   0.03223   0.00000   0.02583   0.00000   0.06261   0.00000   0.00000   0.08413   0.02945   0.00000   0.06191   2.45562   0.75169   0.37989   0.05456  
 29  0.2724    190.494285  x:  0.00209   0.00000   0.00000   0.00000   0.00000   0.00000   0.00000   0.00000   0.00000   0.00000   0.00000   0.00000   0.00000   0.00000   0.00000   0.00000   0.00000   0.00000   0.00000   0.03213   0.00000   0.02536   0.00000   0.06193   0.00000   0.00000   0.08437   0.02846   0.00000   0.06125   2.46751   0.74483   0.38680   0.05060  
 30  7.3292    190.452004  x:  0.00768   0.00000   0.00000   0.00000   0.00000   0.00000   0.00000   0.00000   0.00000   0.00000   0.00000   0.00000   0.00000   0.00000   0.00000   0.00000   0.00000   0.00000   0.00000   0.03153   0.00000   0.03229   0.00000   0.05884   0.00000   0.00000   0.08841   0.02326   0.00000   0.05705   2.57940   0.66347   0.46843   0.00000  
 31  0.2979    190.435248  x:  0.00433   0.00000   0.00000   0.00000   0.00000   0.00000   0.00000   0.00000   0.00000   0.00000   0.00000   0.00000   0.00000   0.00000   0.00000   0.00000   0.00000   0.00000   0.00000   0.03143   0.00000   0.03159   0.00000   0.06061   0.00000   0.00000   0.08831   0.02655   0.00000   0.06038   2.56435   0.73890   0.39281   0.00000  
 32  0.1935    190.427450  x:  0.00359   0.00000   0.00000   0.00000   0.00000   0.00000   0.00000   0.00000   0.00000   0.00000   0.00000   0.00000   0.00000   0.00000   0.00000   0.00000   0.00000   0.00000   0.00000   0.03083   0.00000   0.03112   0.00000   0.06201   0.00000   0.00000   0.09113   0.02695   0.00000   0.06434   2.61495   0.71305   0.41881   0.00000  
 33  0.0641    190.425981  x:  0.00447   0.00000   0.00000   0.00000   0.00000   0.00000   0.00000   0.00000   0.00000   0.00000   0.00000   0.00000   0.00000   0.00000   0.00000   0.00000   0.00000   0.00000   0.00000   0.03045   0.00000   0.03063   0.00000   0.06220   0.00000   0.00000   0.09308   0.02586   0.00000   0.06345   2.64210   0.72397   0.40795   0.00000  
 34  0.0207    190.425864  x:  0.00490   0.00000   0.00000   0.00000   0.00000   0.00000   0.00000   0.00000   0.00000   0.00000   0.00000   0.00000   0.00000   0.00000   0.00000   0.00000   0.00000   0.00000   0.00000   0.03048   0.00000   0.03085   0.00000   0.06211   0.00000   0.00000   0.09349   0.02572   0.00000   0.06330   2.64085   0.72153   0.41041   0.00000  
 35  0.0030    190.425845  x:  0.00475   0.00000   0.00000   0.00000   0.00000   0.00000   0.00000   0.00000   0.00000   0.00000   0.00000   0.00000   0.00000   0.00000   0.00000   0.00000   0.00000   0.00000   0.00000   0.03051   0.00000   0.03087   0.00000   0.06202   0.00000   0.00000   0.09364   0.02578   0.00000   0.06334   2.63400   0.72172   0.41021   0.00000  
 36  0.0035    190.425842  x:  0.00473   0.00000   0.00000   0.00000   0.00000   0.00000   0.00000   0.00000   0.00000   0.00000   0.00000   0.00000   0.00000   0.00000   0.00000   0.00000   0.00000   0.00000   0.00000   0.03050   0.00000   0.03085   0.00000   0.06206   0.00000   0.00000   0.09364   0.02583   0.00000   0.06335   2.63155   0.72190   0.41004   0.00000  
 37  0.0018    190.425842  x:  0.00474   0.00000   0.00000   0.00000   0.00000   0.00000   0.00000   0.00000   0.00000   0.00000   0.00000   0.00000   0.00000   0.00000   0.00000   0.00000   0.00000   0.00000   0.00000   0.03049   0.00000   0.03085   0.00000   0.06206   0.00000   0.00000   0.09363   0.02582   0.00000   0.06334   2.63144   0.72180   0.41014   0.00000  
 38  0.0001    190.425842  x:  0.00474   0.00000   0.00000   0.00000   0.00000   0.00000   0.00000   0.00000   0.00000   0.00000   0.00000   0.00000   0.00000   0.00000   0.00000   0.00000   0.00000   0.00000   0.00000   0.03049   0.00000   0.03085   0.00000   0.06206   0.00000   0.00000   0.09363   0.02582   0.00000   0.06334   2.63144   0.72181   0.41013   0.00000  
 39  0.0000    190.425842  x:  0.00474   0.00000   0.00000   0.00000   0.00000   0.00000   0.00000   0.00000   0.00000   0.00000   0.00000   0.00000   0.00000   0.00000   0.00000   0.00000   0.00000   0.00000   0.00000   0.03049   0.00000   0.03085   0.00000   0.06206   0.00000   0.00000   0.09363   0.02582   0.00000   0.06334   2.63144   0.72181   0.41013   0.00000  
 40  0.0000    190.425842  x:  0.00474   0.00000   0.00000   0.00000   0.00000   0.00000   0.00000   0.00000   0.00000   0.00000   0.00000   0.00000   0.00000   0.00000   0.00000   0.00000   0.00000   0.00000   0.00000   0.03049   0.00000   0.03085   0.00000   0.06206   0.00000   0.00000   0.09363   0.02582   0.00000   0.06334   2.63144   0.72182   0.41014   0.00000  
 41  0.0000    190.425842  x:  0.00474   0.00000   0.00000   0.00000   0.00000   0.00000   0.00000   0.00000   0.00000   0.00000   0.00000   0.00000   0.00000   0.00000   0.00000   0.00000   0.00000   0.00000   0.00000   0.03049   0.00000   0.03085   0.00000   0.06206   0.00000   0.00000   0.09363   0.02582   0.00000   0.06334   2.63144   0.72197   0.41028   0.00000  
 42  0.0001    190.425842  x:  0.00473   0.00000   0.00000   0.00000   0.00000   0.00000   0.00000   0.00000   0.00000   0.00000   0.00000   0.00000   0.00000   0.00000   0.00000   0.00000   0.00000   0.00000   0.00000   0.03049   0.00000   0.03085   0.00000   0.06206   0.00000   0.00000   0.09363   0.02583   0.00000   0.06334   2.63145   0.72283   0.41112   0.00000  
 43  0.0002    190.425842  x:  0.00442   0.00000   0.00000   0.00000   0.00000   0.00000   0.00000   0.00000   0.00000   0.00000   0.00000   0.00000   0.00000   0.00000   0.00000   0.00000   0.00000   0.00000   0.00000   0.03050   0.00000   0.03085   0.00000   0.06205   0.00000   0.00000   0.09363   0.02614   0.00000   0.06334   2.63153   0.76927   0.45737   0.00000  
 44  0.0311    190.425842  x:  0.00313   0.00000   0.00000   0.00000   0.00000   0.00000   0.00000   0.00000   0.00000   0.00000   0.00000   0.00000   0.00000   0.00000   0.00000   0.00000   0.00000   0.00000   0.00000   0.03050   0.00000   0.03085   0.00000   0.06205   0.00000   0.00000   0.09363   0.02743   0.00000   0.06334   2.63153   0.95624   0.64432   0.00000  
 45  0.0331    190.425841  x:  0.00000   0.00000   0.00000   0.00000   0.00000   0.00000   0.00000   0.00000   0.00000   0.00000   0.00000   0.00000   0.00000   0.00000   0.00000   0.00000   0.00000   0.00000   0.00000   0.03049   0.00000   0.03085   0.00000   0.06205   0.00000   0.00000   0.09363   0.03056   0.00000   0.06334   2.63152   1.41272   1.10084   0.00000  
 46  3.4177    190.425841  x:  0.00000   0.00000   0.00000   0.00000   0.00000   0.00000   0.00000   0.00000   0.00000   0.00000   0.00000   0.00000   0.00000   0.00000   0.00000   0.00000   0.00000   0.00000   0.00000   0.03049   0.00000   0.03085   0.00000   0.06205   0.00000   0.00000   0.09363   0.03055   0.00000   0.06334   2.63152   1.41249   1.10062   0.00000  
 47  2.2271    190.425841  x:  0.00000   0.00000   0.00000   0.00000   0.00000   0.00000   0.00000   0.00000   0.00000   0.00000   0.00000   0.00000   0.00000   0.00000   0.00000   0.00000   0.00000   0.00000   0.00000   0.03049   0.00000   0.03085   0.00000   0.06206   0.00000   0.00000   0.09363   0.03055   0.00000   0.06334   2.63143   1.41217   1.10048   0.00000  
 48  0.0004    190.425841  x:  0.00000   0.00000   0.00000   0.00000   0.00000   0.00000   0.00000   0.00000   0.00000   0.00000   0.00000   0.00000   0.00000   0.00000   0.00000   0.00000   0.00000   0.00000   0.00000   0.03049   0.00000   0.03085   0.00000   0.06206   0.00000   0.00000   0.09363   0.03055   0.00000   0.06334   2.63144   1.41234   1.10067   0.00000  
 49  0.0003    190.425841  x:  0.00000   0.00000   0.00000   0.00000   0.00000   0.00000   0.00000   0.00000   0.00000   0.00000   0.00000   0.00000   0.00000   0.00000   0.00000   0.00000   0.00000   0.00000   0.00000   0.03049   0.00000   0.03085   0.00000   0.06206   0.00000   0.00000   0.09363   0.03055   0.00000   0.06334   2.63145   1.41252   1.10083   0.00000  
 50  0.0001    190.425841  x:  0.00000   0.00000   0.00000   0.00000   0.00000   0.00000   0.00000   0.00000   0.00000   0.00000   0.00000   0.00000   0.00000   0.00000   0.00000   0.00000   0.00000   0.00000   0.00000   0.03049   0.00000   0.03085   0.00000   0.06206   0.00000   0.00000   0.09363   0.03055   0.00000   0.06334   2.63147   1.41424   1.10254   0.00000  
 51  0.0003    190.425841  x:  0.00000   0.00000   0.00000   0.00000   0.00000   0.00000   0.00000   0.00000   0.00000   0.00000   0.00000   0.00000   0.00000   0.00000   0.00000   0.00000   0.00000   0.00000   0.00000   0.03049   0.00000   0.03085   0.00000   0.06206   0.00000   0.00000   0.09363   0.03056   0.00000   0.06334   2.63150   1.42980   1.11807   0.00000  
 52  0.0027    190.425841  x:  0.00000   0.00000   0.00000   0.00000   0.00000   0.00000   0.00000   0.00000   0.00000   0.00000   0.00000   0.00000   0.00000   0.00000   0.00000   0.00000   0.00000   0.00000   0.00000   0.03050   0.00000   0.03085   0.00000   0.06206   0.00000   0.00000   0.09364   0.03056   0.00000   0.06334   2.63170   1.64660   1.33467   0.00000  
 53  0.1127    190.425840  x:  0.00000   0.00000   0.00000   0.00000   0.00000   0.00000   0.00000   0.00000   0.00000   0.00000   0.00000   0.00000   0.00000   0.00000   0.00000   0.00000   0.00000   0.00000   0.00000   0.03050   0.00000   0.03085   0.00000   0.06206   0.00000   0.00000   0.09364   0.03056   0.00000   0.06334   2.63156   2.46661   2.15481   0.00000  
 54  0.1450    190.425840  x:  0.00000   0.00000   0.00000   0.00000   0.00000   0.00000   0.00000   0.00000   0.00000   0.00000   0.00000   0.00000   0.00000   0.00000   0.00000   0.00000   0.00000   0.00000   0.00000   0.03048   0.00000   0.03085   0.00000   0.06206   0.00000   0.00000   0.09363   0.03055   0.00000   0.06334   2.63126   4.72392   4.41241   0.00000  
 55  1.3141    190.425840  x:  0.00000   0.00000   0.00000   0.00000   0.00000   0.00000   0.00000   0.00000   0.00000   0.00000   0.00000   0.00000   0.00000   0.00000   0.00000   0.00000   0.00000   0.00000   0.00000   0.03048   0.00000   0.03085   0.00000   0.06206   0.00000   0.00000   0.09363   0.03055   0.00000   0.06334   2.63126   4.72392   4.41241   0.00000  
 56  2.8984    190.425839  x:  0.00000   0.00000   0.00000   0.00000   0.00000   0.00000   0.00000   0.00000   0.00000   0.00000   0.00000   0.00000   0.00000   0.00000   0.00000   0.00000   0.00000   0.00000   0.00000   0.03049   0.00000   0.03085   0.00000   0.06206   0.00000   0.00000   0.09363   0.03055   0.00000   0.06334   2.63146   4.72399   4.41230   0.00000  
 57  0.0002    190.425839  x:  0.00000   0.00000   0.00000   0.00000   0.00000   0.00000   0.00000   0.00000   0.00000   0.00000   0.00000   0.00000   0.00000   0.00000   0.00000   0.00000   0.00000   0.00000   0.00000   0.03049   0.00000   0.03085   0.00000   0.06206   0.00000   0.00000   0.09363   0.03055   0.00000   0.06334   2.63144   4.72399   4.41230   0.00000  
 58  0.0000    190.425839  x:  0.00000   0.00000   0.00000   0.00000   0.00000   0.00000   0.00000   0.00000   0.00000   0.00000   0.00000   0.00000   0.00000   0.00000   0.00000   0.00000   0.00000   0.00000   0.00000   0.03049   0.00000   0.03085   0.00000   0.06206   0.00000   0.00000   0.09363   0.03055   0.00000   0.06334   2.63144   4.72399   4.41230   0.00000  
 59  0.0000    190.425839  x:  0.00000   0.00000   0.00000   0.00000   0.00000   0.00000   0.00000   0.00000   0.00000   0.00000   0.00000   0.00000   0.00000   0.00000   0.00000   0.00000   0.00000   0.00000   0.00000   0.03049   0.00000   0.03085   0.00000   0.06206   0.00000   0.00000   0.09363   0.03055   0.00000   0.06334   2.63144   4.72399   4.41230   0.00000  