Supplemental results for CODEML (seqf: /Users/YY/Desktop/get/branch_site/modify/modify_trim_muscle_rpl36.fa  treef: /Users/YY/Desktop/get/branch_site/16gene_topu.tree)


dN/dS (w) for site classes (K=4)

site class             0        1       2a       2b
proportion       1.00000  0.00000  0.00000  0.00000
background w     0.00000  1.00000  0.00000  1.00000
foreground w     0.00000  1.00000  2.57001  2.57001
(note that p[2] is zero)


Naive Empirical Bayes (NEB) probabilities for 4 classes
(amino acids refer to 1st sequence: NC_008325)

   1 M   1.00000 0.00000 0.00000 0.00000 ( 1)
   2 K   1.00000 0.00000 0.00000 0.00000 ( 1)
   3 I   1.00000 0.00000 0.00000 0.00000 ( 1)
   4 R   1.00000 0.00000 0.00000 0.00000 ( 1)
   5 A   1.00000 0.00000 0.00000 0.00000 ( 1)
   6 S   1.00000 0.00000 0.00000 0.00000 ( 1)
   7 V   1.00000 0.00000 0.00000 0.00000 ( 1)
   8 R   1.00000 0.00000 0.00000 0.00000 ( 1)
   9 K   1.00000 0.00000 0.00000 0.00000 ( 1)
  10 I   1.00000 0.00000 0.00000 0.00000 ( 1)
  11 C   1.00000 0.00000 0.00000 0.00000 ( 1)
  12 E   1.00000 0.00000 0.00000 0.00000 ( 1)
  13 K   1.00000 0.00000 0.00000 0.00000 ( 1)
  14 C   1.00000 0.00000 0.00000 0.00000 ( 1)
  15 R   1.00000 0.00000 0.00000 0.00000 ( 1)
  16 L   1.00000 0.00000 0.00000 0.00000 ( 1)
  17 I   1.00000 0.00000 0.00000 0.00000 ( 1)
  18 R   1.00000 0.00000 0.00000 0.00000 ( 1)
  19 R   1.00000 0.00000 0.00000 0.00000 ( 1)
  20 R   1.00000 0.00000 0.00000 0.00000 ( 1)
  21 G   1.00000 0.00000 0.00000 0.00000 ( 1)
  22 R   1.00000 0.00000 0.00000 0.00000 ( 1)
  23 I   1.00000 0.00000 0.00000 0.00000 ( 1)
  24 I   1.00000 0.00000 0.00000 0.00000 ( 1)
  25 V   1.00000 0.00000 0.00000 0.00000 ( 1)
  26 I   1.00000 0.00000 0.00000 0.00000 ( 1)
  27 C   1.00000 0.00000 0.00000 0.00000 ( 1)
  28 S   1.00000 0.00000 0.00000 0.00000 ( 1)
  29 N   1.00000 0.00000 0.00000 0.00000 ( 1)
  30 P   1.00000 0.00000 0.00000 0.00000 ( 1)
  31 R   1.00000 0.00000 0.00000 0.00000 ( 1)
  32 H   1.00000 0.00000 0.00000 0.00000 ( 1)
  33 K   1.00000 0.00000 0.00000 0.00000 ( 1)
  34 Q   1.00000 0.00000 0.00000 0.00000 ( 1)
  35 R   1.00000 0.00000 0.00000 0.00000 ( 1)
  36 Q   1.00000 0.00000 0.00000 0.00000 ( 1)
  37 G   1.00000 0.00000 0.00000 0.00000 ( 1)


lnL =  -156.939325

Bayes Empirical Bayes (BEB) probabilities for 4 classes (class)
(amino acids refer to 1st sequence: NC_008325)

   1 M   0.68335 0.03339 0.26723 0.01602 ( 1)
   2 K   0.69238 0.02438 0.27153 0.01171 ( 1)
   3 I   0.68880 0.02795 0.26982 0.01342 ( 1)
   4 R   0.68266 0.03410 0.26689 0.01635 ( 1)
   5 A   0.67338 0.04336 0.26251 0.02075 ( 1)
   6 S   0.67184 0.04490 0.26178 0.02148 ( 1)
   7 V   0.67812 0.03862 0.26475 0.01850 ( 1)
   8 R   0.67482 0.04193 0.26318 0.02007 ( 1)
   9 K   0.69238 0.02438 0.27153 0.01171 ( 1)
  10 I   0.68092 0.03583 0.26608 0.01718 ( 1)
  11 C   0.68052 0.03623 0.26589 0.01737 ( 1)
  12 E   0.68608 0.03067 0.26853 0.01472 ( 1)
  13 K   0.69238 0.02438 0.27153 0.01171 ( 1)
  14 C   0.68052 0.03623 0.26589 0.01737 ( 1)
  15 R   0.67709 0.03965 0.26426 0.01899 ( 1)
  16 L   0.68194 0.03481 0.26656 0.01669 ( 1)
  17 I   0.67700 0.03973 0.26423 0.01903 ( 1)
  18 R   0.67902 0.03773 0.26518 0.01808 ( 1)
  19 R   0.67404 0.04270 0.26282 0.02044 ( 1)
  20 R   0.66509 0.05164 0.25859 0.02467 ( 1)
  21 G   0.68844 0.02831 0.26965 0.01359 ( 1)
  22 R   0.67709 0.03965 0.26426 0.01899 ( 1)
  23 I   0.68092 0.03583 0.26608 0.01718 ( 1)
  24 I   0.68880 0.02795 0.26982 0.01342 ( 1)
  25 V   0.68565 0.03110 0.26833 0.01492 ( 1)
  26 I   0.68092 0.03583 0.26608 0.01718 ( 1)
  27 C   0.68052 0.03623 0.26589 0.01737 ( 1)
  28 S   0.66719 0.04955 0.25958 0.02368 ( 1)
  29 N   0.67460 0.04214 0.26308 0.02018 ( 1)
  30 P   0.68318 0.03357 0.26715 0.01610 ( 1)
  31 R   0.68835 0.02841 0.26961 0.01364 ( 1)
  32 H   0.68269 0.03406 0.26692 0.01633 ( 1)
  33 K   0.69238 0.02438 0.27153 0.01171 ( 1)
  34 Q   0.68647 0.03029 0.26871 0.01454 ( 1)
  35 R   0.68835 0.02841 0.26961 0.01364 ( 1)
  36 Q   0.68647 0.03029 0.26871 0.01454 ( 1)
  37 G   0.68844 0.02831 0.26965 0.01359 ( 1)

