

TREE # 1

  0  0.0000    198.804608  x:  0.00000   0.01451   0.05944   0.01928   0.06907   0.06817   0.03354   0.03966   0.06764   0.01968   0.05088   0.02543   0.02387   0.01626   0.01949   0.06091   0.05623   0.02613   0.04945   0.03402   0.07186   0.03656   0.01281   0.01971   0.00925   0.06948   0.04143   0.04088   0.08530   0.05195   2.00000   1.09989   0.02896   0.27919   2.57308  
  1 99.0000    198.803806  x:  0.00000   0.01451   0.05944   0.01928   0.06906   0.06817   0.03354   0.03966   0.06764   0.01968   0.05088   0.02543   0.02387   0.01626   0.01949   0.06091   0.05623   0.02613   0.04945   0.03402   0.07186   0.03656   0.01281   0.01971   0.00925   0.06948   0.04143   0.04088   0.08530   0.05195   2.00000   1.09989   0.02896   0.27919   2.57308  
  2 169.5580    190.714486  x:  0.00000   0.00529   0.05031   0.01006   0.05996   0.05906   0.02368   0.03049   0.05853   0.01046   0.04173   0.01622   0.01466   0.00703   0.01027   0.05178   0.04709   0.01693   0.04030   0.02483   0.06276   0.02738   0.00357   0.01049   0.00000   0.06037   0.03226   0.03206   0.08000   0.05820   1.99995   1.10002   0.02884   0.27406   2.57308  
  3 6630.5286    187.537035  x:  0.00000   0.00174   0.04675   0.00650   0.05641   0.05551   0.01955   0.02693   0.05498   0.00690   0.03817   0.01265   0.01110   0.00347   0.00670   0.04823   0.04354   0.01336   0.03674   0.02127   0.05922   0.02381   0.00000   0.00692   0.00000   0.05682   0.02870   0.02856   0.07684   0.05728   1.99993   1.09918   0.02973   0.25968   2.57307  
  4 448.0756    186.157864  x:  0.00000   0.00000   0.04524   0.00483   0.05495   0.05404   0.01275   0.02534   0.05351   0.00523   0.03663   0.01100   0.00943   0.00178   0.00501   0.04673   0.04202   0.01171   0.03519   0.01965   0.05775   0.02220   0.00000   0.00524   0.00000   0.05538   0.02714   0.02633   0.08535   0.05713   2.00023   1.10120   0.02769   0.25344   2.57307  
  5 92.4700    184.546695  x:  0.00000   0.00000   0.04381   0.00309   0.05362   0.05269   0.00024   0.02375   0.05216   0.00351   0.03513   0.00931   0.00773   0.00000   0.00326   0.04534   0.04058   0.01003   0.03369   0.01803   0.05638   0.02058   0.00000   0.00351   0.00000   0.05407   0.02561   0.02476   0.08726   0.05733   2.00076   1.10488   0.02390   0.24758   2.57308  
  6 213.2190    182.566104  x:  0.00000   0.00000   0.04107   0.00000   0.05099   0.05005   0.00487   0.02085   0.04952   0.00043   0.03233   0.00626   0.00471   0.00000   0.00016   0.04265   0.03782   0.00700   0.03088   0.01505   0.05361   0.01761   0.00000   0.00042   0.00000   0.05149   0.02278   0.02150   0.08624   0.05808   2.00159   1.11350   0.01599   0.24136   2.57278  
  7 67.7271    182.437757  x:  0.00000   0.00000   0.04090   0.00000   0.05082   0.04988   0.00491   0.02069   0.04935   0.00028   0.03217   0.00611   0.00456   0.00000   0.00000   0.04248   0.03765   0.00684   0.03072   0.01489   0.05341   0.01745   0.00000   0.00027   0.00000   0.05132   0.02261   0.02124   0.08620   0.05817   2.00168   1.11469   0.01486   0.24051   2.57274  
  8 75.8646    182.273058  x:  0.00000   0.00000   0.04066   0.00000   0.05059   0.04964   0.00492   0.02044   0.04912   0.00001   0.03193   0.00585   0.00430   0.00000   0.00000   0.04224   0.03741   0.00659   0.03048   0.01462   0.05311   0.01718   0.00000   0.00000   0.00000   0.05109   0.02236   0.02124   0.08619   0.05821   2.00184   1.11610   0.01353   0.23969   2.57271  
  9 64.8321    182.265838  x:  0.00000   0.00000   0.04065   0.00000   0.05058   0.04963   0.00492   0.02043   0.04911   0.00000   0.03192   0.00584   0.00429   0.00000   0.00000   0.04223   0.03740   0.00658   0.03047   0.01461   0.05310   0.01717   0.00000   0.00000   0.00000   0.05108   0.02235   0.02123   0.08619   0.05821   2.00185   1.11620   0.01344   0.23964   2.57270  
 10 246.8897    180.225441  x:  0.00000   0.00000   0.03748   0.00000   0.04791   0.04690   0.00522   0.01666   0.04640   0.00000   0.02859   0.00154   0.00000   0.00000   0.00000   0.03927   0.03427   0.00224   0.02702   0.01048   0.04972   0.01313   0.00000   0.00000   0.00000   0.04851   0.01872   0.02152   0.08622   0.05851   2.00511   1.13885  -0.00784   0.22782   2.57210  
 11 144.6657    179.477690  x:  0.00000   0.00000   0.03626   0.00000   0.04683   0.04578   0.00544   0.01529   0.04529   0.00000   0.02730   0.00000   0.00000   0.00000   0.00000   0.03811   0.03305   0.00073   0.02576   0.00894   0.04820   0.01162   0.00000   0.00000   0.00000   0.04746   0.01736   0.02202   0.08627   0.05864   2.00698   1.15117  -0.01940   0.22146   2.57176  
 12 339.3121    179.183551  x:  0.00000   0.00000   0.03573   0.00000   0.04639   0.04532   0.00554   0.01465   0.04483   0.00000   0.02673   0.00000   0.00000   0.00000   0.00000   0.03761   0.03252   0.00000   0.02519   0.00821   0.04752   0.01090   0.00000   0.00000   0.00000   0.04702   0.01673   0.02268   0.08633   0.05868   2.00776   1.15625  -0.02417   0.21886   2.57163  
 13 4047.7053    175.581919  x:  0.00000   0.00000   0.02908   0.00000   0.04039   0.03915   0.00675   0.00711   0.03860   0.00000   0.01975   0.00000   0.00000   0.00000   0.00000   0.03120   0.02590   0.00000   0.01841   0.00000   0.03899   0.00283   0.00000   0.00000   0.00000   0.04111   0.00938   0.02466   0.08658   0.05940   2.01894   1.22669  -0.09024   0.18286   2.56973  
 14 1496.5366    172.287458  x:  0.00000   0.00000   0.02315   0.00000   0.03226   0.03133   0.00637   0.00591   0.03118   0.00000   0.01528   0.00000   0.00000   0.00000   0.00000   0.02472   0.02039   0.00000   0.01421   0.00000   0.03255   0.00170   0.00000   0.00000   0.00000   0.03278   0.00671   0.00000   0.08472   0.06045   2.02368   1.25339  -0.11396   0.16690   2.56846  
 15 68.2281    171.153590  x:  0.00000   0.00000   0.02090   0.00000   0.02977   0.02885   0.00644   0.00456   0.02888   0.00000   0.01326   0.00000   0.00000   0.00000   0.00000   0.02247   0.01828   0.00000   0.01227   0.00000   0.02964   0.00000   0.00000   0.00000   0.00000   0.03032   0.00493   0.00000   0.08396   0.06108   2.02744   1.27583  -0.13425   0.15396   2.56754  
 16 215.7590    171.153590  x:  0.00000   0.00000   0.02090   0.00000   0.02977   0.02885   0.00644   0.00456   0.02888   0.00000   0.01326   0.00000   0.00000   0.00000   0.00000   0.02247   0.01828   0.00000   0.01227   0.00000   0.02964   0.00000   0.00000   0.00000   0.00000   0.03032   0.00493   0.00000   0.08396   0.06108   2.02744   1.27583  -0.13425   0.15396   2.56754  
 17 23.2984    168.996368  x:  0.00000   0.00000   0.01637   0.00000   0.02525   0.02433   0.00155   0.00000   0.02436   0.00000   0.00871   0.00000   0.00000   0.00000   0.00000   0.01794   0.01374   0.00000   0.00772   0.00000   0.02513   0.00000   0.00000   0.00000   0.00000   0.02580   0.00038   0.00000   0.08122   0.06593   2.02742   1.27597  -0.13439   0.15224   2.56754  
 18 123.6052    168.830695  x:  0.00000   0.00000   0.01600   0.00000   0.02488   0.02396   0.00115   0.00000   0.02399   0.00000   0.00834   0.00000   0.00000   0.00000   0.00000   0.01757   0.01337   0.00000   0.00735   0.00000   0.02476   0.00000   0.00000   0.00000   0.00000   0.02543   0.00000   0.00000   0.08099   0.06636   2.02742   1.27598  -0.13440   0.15210   2.56754  
 19 344654.2813    168.401331  x:  0.00000   0.00000   0.01495   0.00000   0.02384   0.02292   0.00000   0.00000   0.02295   0.00000   0.00729   0.00000   0.00000   0.00000   0.00000   0.01652   0.01233   0.00000   0.00630   0.00000   0.02371   0.00000   0.00000   0.00000   0.00000   0.02439   0.00000   0.00000   0.08042   0.06739   2.02742   1.27599  -0.13441   0.15146   2.56754  
 20 1324.5824    166.079939  x:  0.00000   0.00000   0.00867   0.00000   0.01758   0.01666   0.00000   0.00000   0.01669   0.00000   0.00100   0.00000   0.00000   0.00000   0.00000   0.01025   0.00604   0.00000   0.00000   0.00000   0.01746   0.00000   0.00000   0.00000   0.00000   0.01814   0.00000   0.00000   0.07718   0.07330   2.02740   1.27613  -0.13455   0.14796   2.56755  
 21 3662.4655    165.744081  x:  0.00000   0.00000   0.00768   0.00000   0.01660   0.01567   0.00000   0.00000   0.01570   0.00000   0.00000   0.00000   0.00000   0.00000   0.00000   0.00926   0.00505   0.00000   0.00000   0.00000   0.01647   0.00000   0.00000   0.00000   0.00000   0.01715   0.00000   0.00000   0.07664   0.07428   2.02740   1.27615  -0.13458   0.14734   2.56755  
 22 3024.0191    164.222422  x:  0.00000   0.00000   0.00264   0.00000   0.01157   0.01065   0.00000   0.00000   0.01068   0.00000   0.00000   0.00000   0.00000   0.00000   0.00000   0.00422   0.00000   0.00000   0.00000   0.00000   0.01144   0.00000   0.00000   0.00000   0.00000   0.01212   0.00000   0.00000   0.07445   0.07858   2.02740   1.27623  -0.13469   0.14350   2.56756  
 23 1152.4972    163.516730  x:  0.00000   0.00000   0.00000   0.00000   0.00895   0.00802   0.00000   0.00000   0.00805   0.00000   0.00000   0.00000   0.00000   0.00000   0.00000   0.00159   0.00000   0.00000   0.00000   0.00000   0.00882   0.00000   0.00000   0.00000   0.00000   0.00950   0.00000   0.00000   0.07331   0.08082   2.02740   1.27627  -0.13474   0.14150   2.56757  
 24 561634.8512    163.151730  x:  0.00000   0.00000   0.00000   0.00000   0.00737   0.00645   0.00000   0.00000   0.00647   0.00000   0.00000   0.00000   0.00000   0.00000   0.00000   0.00000   0.00000   0.00000   0.00000   0.00000   0.00724   0.00000   0.00000   0.00000   0.00000   0.00792   0.00000   0.00000   0.07274   0.08198   2.02740   1.27629  -0.13477   0.14025   2.56757  
 25 1230.9598    161.892944  x:  0.00000   0.00000   0.00000   0.00000   0.00093   0.00000   0.00000   0.00000   0.00002   0.00000   0.00000   0.00000   0.00000   0.00000   0.00000   0.00000   0.00000   0.00000   0.00000   0.00000   0.00080   0.00000   0.00000   0.00000   0.00000   0.00148   0.00000   0.00000   0.07041   0.08617   2.02740   1.27641  -0.13492   0.13540   2.56759  
 26 1267.6051    161.889814  x:  0.00000   0.00000   0.00000   0.00000   0.00091   0.00000   0.00000   0.00000   0.00000   0.00000   0.00000   0.00000   0.00000   0.00000   0.00000   0.00000   0.00000   0.00000   0.00000   0.00000   0.00078   0.00000   0.00000   0.00000   0.00000   0.00146   0.00000   0.00000   0.07041   0.08618   2.02740   1.27641  -0.13492   0.13539   2.56759  
 27 1104.4859    161.795912  x:  0.00000   0.00000   0.00000   0.00000   0.00014   0.00000   0.00000   0.00000   0.00000   0.00000   0.00000   0.00000   0.00000   0.00000   0.00000   0.00000   0.00000   0.00000   0.00000   0.00000   0.00000   0.00000   0.00000   0.00000   0.00000   0.00069   0.00000   0.00000   0.07016   0.08651   2.02740   1.27643  -0.13494   0.13487   2.56759  
 28 460.0269    161.784923  x:  0.00000   0.00000   0.00000   0.00000   0.00000   0.00000   0.00000   0.00000   0.00000   0.00000   0.00000   0.00000   0.00000   0.00000   0.00000   0.00000   0.00000   0.00000   0.00000   0.00000   0.00000   0.00000   0.00000   0.00000   0.00000   0.00055   0.00000   0.00000   0.07015   0.08656   2.02740   1.27643  -0.13495   0.13479   2.56759  
 29 213.8236    161.758693  x:  0.00000   0.00000   0.00000   0.00000   0.00000   0.00000   0.00000   0.00000   0.00000   0.00000   0.00000   0.00000   0.00000   0.00000   0.00000   0.00000   0.00000   0.00000   0.00000   0.00000   0.00000   0.00000   0.00000   0.00000   0.00000   0.00000   0.00000   0.00000   0.06995   0.08664   2.02740   1.27645  -0.13497   0.13453   2.56759  
 30 165.7178    160.399095  x:  0.00000   0.00000   0.00000   0.00000   0.00000   0.00000   0.00000   0.00000   0.00000   0.00000   0.00000   0.00000   0.00000   0.00000   0.00000   0.00000   0.00000   0.00000   0.00000   0.00000   0.00000   0.00000   0.00000   0.00000   0.00000   0.00000   0.00000   0.00000   0.06623   0.07854   2.02540   1.30675  -0.16528   0.00000   2.56759  
 31  8.5886    159.706667  x:  0.00000   0.00000   0.00000   0.00000   0.00000   0.00000   0.00000   0.00000   0.00000   0.00000   0.00000   0.00000   0.00000   0.00000   0.00000   0.00000   0.00000   0.00000   0.00000   0.00000   0.00000   0.00000   0.00000   0.00000   0.00000   0.00000   0.00000   0.00000   0.02585   0.06517   2.01673   1.50300  -0.36141   0.00000   2.56754  
 32  4.2446    159.655781  x:  0.00000   0.00000   0.00000   0.00000   0.00000   0.00000   0.00000   0.00000   0.00000   0.00000   0.00000   0.00000   0.00000   0.00000   0.00000   0.00000   0.00000   0.00000   0.00000   0.00000   0.00000   0.00000   0.00000   0.00000   0.00000   0.00000   0.00000   0.00000   0.02124   0.07364   2.01830   1.46209  -0.32043   0.00000   2.56752  
 33 11.6469    159.037836  x:  0.00000   0.00000   0.00000   0.00000   0.00000   0.00000   0.00000   0.00000   0.00000   0.00000   0.00000   0.00000   0.00000   0.00000   0.00000   0.00000   0.00000   0.00000   0.00000   0.00000   0.00000   0.00000   0.00000   0.00000   0.00000   0.00000   0.00000   0.00000   0.04836   0.10800   1.31184   1.53484  -0.39329   0.00000   2.56758  
 34  0.1880    158.073787  x:  0.00000   0.00000   0.00000   0.00000   0.00000   0.00000   0.00000   0.00000   0.00000   0.00000   0.00000   0.00000   0.00000   0.00000   0.00000   0.00000   0.00000   0.00000   0.00000   0.00000   0.00000   0.00000   0.00000   0.00000   0.00000   0.00000   0.00000   0.00000   0.03552   0.10145   0.70614   2.20468  -1.06339   0.00000   2.56768  
 35  0.5843    157.434926  x:  0.00000   0.00000   0.00000   0.00000   0.00000   0.00000   0.00000   0.00000   0.00000   0.00000   0.00000   0.00000   0.00000   0.00000   0.00000   0.00000   0.00000   0.00000   0.00000   0.00000   0.00000   0.00000   0.00000   0.00000   0.00000   0.00000   0.00000   0.00000   0.01964   0.09445   1.52540   2.61121  -1.47001   0.00000   2.56771  
 36  1.0740    157.149273  x:  0.00000   0.00000   0.00000   0.00000   0.00000   0.00000   0.00000   0.00000   0.00000   0.00000   0.00000   0.00000   0.00000   0.00000   0.00000   0.00000   0.00000   0.00000   0.00000   0.00000   0.00000   0.00000   0.00000   0.00000   0.00000   0.00000   0.00000   0.00000   0.03683   0.11958   1.79883   2.85143  -1.71038   0.00000   2.56777  
 37  0.2826    157.000934  x:  0.00000   0.00000   0.00000   0.00000   0.00000   0.00000   0.00000   0.00000   0.00000   0.00000   0.00000   0.00000   0.00000   0.00000   0.00000   0.00000   0.00000   0.00000   0.00000   0.00000   0.00000   0.00000   0.00000   0.00000   0.00000   0.00000   0.00000   0.00000   0.02548   0.13367   2.02361   3.41658  -2.27566   0.00000   2.56784  
 38  0.2902    156.982049  x:  0.00000   0.00000   0.00000   0.00000   0.00000   0.00000   0.00000   0.00000   0.00000   0.00000   0.00000   0.00000   0.00000   0.00000   0.00000   0.00000   0.00000   0.00000   0.00000   0.00000   0.00000   0.00000   0.00000   0.00000   0.00000   0.00000   0.00000   0.00000   0.03031   0.13409   2.08182   3.65726  -2.51648   0.00000   2.56789  
 39  0.1011    156.955868  x:  0.00000   0.00000   0.00000   0.00000   0.00000   0.00000   0.00000   0.00000   0.00000   0.00000   0.00000   0.00000   0.00000   0.00000   0.00000   0.00000   0.00000   0.00000   0.00000   0.00000   0.00000   0.00000   0.00000   0.00000   0.00000   0.00000   0.00000   0.00000   0.02600   0.12876   2.11902   4.29679  -3.15629   0.00000   2.56800  
 40  0.2307    156.948837  x:  0.00000   0.00000   0.00000   0.00000   0.00000   0.00000   0.00000   0.00000   0.00000   0.00000   0.00000   0.00000   0.00000   0.00000   0.00000   0.00000   0.00000   0.00000   0.00000   0.00000   0.00000   0.00000   0.00000   0.00000   0.00000   0.00000   0.00000   0.00000   0.02885   0.12586   2.07007   4.55150  -3.41114   0.00000   2.56805  
 41  0.1831    156.942195  x:  0.00000   0.00000   0.00000   0.00000   0.00000   0.00000   0.00000   0.00000   0.00000   0.00000   0.00000   0.00000   0.00000   0.00000   0.00000   0.00000   0.00000   0.00000   0.00000   0.00000   0.00000   0.00000   0.00000   0.00000   0.00000   0.00000   0.00000   0.00000   0.02712   0.12445   1.91915   5.13674  -3.99664   0.00000   2.56815  
 42  0.1907    156.940662  x:  0.00000   0.00000   0.00000   0.00000   0.00000   0.00000   0.00000   0.00000   0.00000   0.00000   0.00000   0.00000   0.00000   0.00000   0.00000   0.00000   0.00000   0.00000   0.00000   0.00000   0.00000   0.00000   0.00000   0.00000   0.00000   0.00000   0.00000   0.00000   0.02803   0.12708   1.89539   5.30886  -4.16883   0.00000   2.56818  
 43  0.1311    156.940189  x:  0.00000   0.00000   0.00000   0.00000   0.00000   0.00000   0.00000   0.00000   0.00000   0.00000   0.00000   0.00000   0.00000   0.00000   0.00000   0.00000   0.00000   0.00000   0.00000   0.00000   0.00000   0.00000   0.00000   0.00000   0.00000   0.00000   0.00000   0.00000   0.02742   0.12794   1.90804   5.60773  -4.46783   0.00000   2.56823  
 44  0.1013    156.939614  x:  0.00000   0.00000   0.00000   0.00000   0.00000   0.00000   0.00000   0.00000   0.00000   0.00000   0.00000   0.00000   0.00000   0.00000   0.00000   0.00000   0.00000   0.00000   0.00000   0.00000   0.00000   0.00000   0.00000   0.00000   0.00000   0.00000   0.00000   0.00000   0.02803   0.12703   1.93084   6.10733  -4.96766   0.00000   2.56832  
 45  0.2014    156.939442  x:  0.00000   0.00000   0.00000   0.00000   0.00000   0.00000   0.00000   0.00000   0.00000   0.00000   0.00000   0.00000   0.00000   0.00000   0.00000   0.00000   0.00000   0.00000   0.00000   0.00000   0.00000   0.00000   0.00000   0.00000   0.00000   0.00000   0.00000   0.00000   0.02766   0.12731   1.91921   6.56779  -5.42832   0.00000   2.56840  
 46  0.2460    156.939371  x:  0.00000   0.00000   0.00000   0.00000   0.00000   0.00000   0.00000   0.00000   0.00000   0.00000   0.00000   0.00000   0.00000   0.00000   0.00000   0.00000   0.00000   0.00000   0.00000   0.00000   0.00000   0.00000   0.00000   0.00000   0.00000   0.00000   0.00000   0.00000   0.02793   0.12714   1.92209   7.02823  -5.88897   0.00000   2.56848  
 47  0.2552    156.939343  x:  0.00000   0.00000   0.00000   0.00000   0.00000   0.00000   0.00000   0.00000   0.00000   0.00000   0.00000   0.00000   0.00000   0.00000   0.00000   0.00000   0.00000   0.00000   0.00000   0.00000   0.00000   0.00000   0.00000   0.00000   0.00000   0.00000   0.00000   0.00000   0.02776   0.12724   1.92147   7.51059  -6.37155   0.00000   2.56856  
 48  0.2565    156.939332  x:  0.00000   0.00000   0.00000   0.00000   0.00000   0.00000   0.00000   0.00000   0.00000   0.00000   0.00000   0.00000   0.00000   0.00000   0.00000   0.00000   0.00000   0.00000   0.00000   0.00000   0.00000   0.00000   0.00000   0.00000   0.00000   0.00000   0.00000   0.00000   0.02787   0.12719   1.92224   7.98847  -6.84965   0.00000   2.56864  
 49  0.2548    156.939328  x:  0.00000   0.00000   0.00000   0.00000   0.00000   0.00000   0.00000   0.00000   0.00000   0.00000   0.00000   0.00000   0.00000   0.00000   0.00000   0.00000   0.00000   0.00000   0.00000   0.00000   0.00000   0.00000   0.00000   0.00000   0.00000   0.00000   0.00000   0.00000   0.02780   0.12721   1.92156   8.39673  -7.25808   0.00000   2.56871  
 50  0.2370    156.939326  x:  0.00000   0.00000   0.00000   0.00000   0.00000   0.00000   0.00000   0.00000   0.00000   0.00000   0.00000   0.00000   0.00000   0.00000   0.00000   0.00000   0.00000   0.00000   0.00000   0.00000   0.00000   0.00000   0.00000   0.00000   0.00000   0.00000   0.00000   0.00000   0.02784   0.12720   1.92197   8.88984  -7.75142   0.00000   2.56880  
 51  0.2479    156.939326  x:  0.00000   0.00000   0.00000   0.00000   0.00000   0.00000   0.00000   0.00000   0.00000   0.00000   0.00000   0.00000   0.00000   0.00000   0.00000   0.00000   0.00000   0.00000   0.00000   0.00000   0.00000   0.00000   0.00000   0.00000   0.00000   0.00000   0.00000   0.00000   0.02781   0.12721   1.92173   9.29463  -8.15639   0.00000   2.56887  
 52  0.2457    156.939325  x:  0.00000   0.00000   0.00000   0.00000   0.00000   0.00000   0.00000   0.00000   0.00000   0.00000   0.00000   0.00000   0.00000   0.00000   0.00000   0.00000   0.00000   0.00000   0.00000   0.00000   0.00000   0.00000   0.00000   0.00000   0.00000   0.00000   0.00000   0.00000   0.02783   0.12720   1.92188   9.78413  -8.64611   0.00000   2.56896  
 53  0.2447    156.939325  x:  0.00000   0.00000   0.00000   0.00000   0.00000   0.00000   0.00000   0.00000   0.00000   0.00000   0.00000   0.00000   0.00000   0.00000   0.00000   0.00000   0.00000   0.00000   0.00000   0.00000   0.00000   0.00000   0.00000   0.00000   0.00000   0.00000   0.00000   0.00000   0.02782   0.12721   1.92178  10.19996  -9.06212   0.00000   2.56903  
 54  0.2485    156.939325  x:  0.00000   0.00000   0.00000   0.00000   0.00000   0.00000   0.00000   0.00000   0.00000   0.00000   0.00000   0.00000   0.00000   0.00000   0.00000   0.00000   0.00000   0.00000   0.00000   0.00000   0.00000   0.00000   0.00000   0.00000   0.00000   0.00000   0.00000   0.00000   0.02783   0.12720   1.92184  10.66426  -9.52664   0.00000   2.56911  
 55  0.2423    156.939325  x:  0.00000   0.00000   0.00000   0.00000   0.00000   0.00000   0.00000   0.00000   0.00000   0.00000   0.00000   0.00000   0.00000   0.00000   0.00000   0.00000   0.00000   0.00000   0.00000   0.00000   0.00000   0.00000   0.00000   0.00000   0.00000   0.00000   0.00000   0.00000   0.02782   0.12720   1.92180  11.12437  -9.98695   0.00000   2.56919  
 56  0.2546    156.939325  x:  0.00000   0.00000   0.00000   0.00000   0.00000   0.00000   0.00000   0.00000   0.00000   0.00000   0.00000   0.00000   0.00000   0.00000   0.00000   0.00000   0.00000   0.00000   0.00000   0.00000   0.00000   0.00000   0.00000   0.00000   0.00000   0.00000   0.00000   0.00000   0.02782   0.12720   1.92182  11.51831  -10.38107   0.00000   2.56926  
 57  0.2362    156.939325  x:  0.00000   0.00000   0.00000   0.00000   0.00000   0.00000   0.00000   0.00000   0.00000   0.00000   0.00000   0.00000   0.00000   0.00000   0.00000   0.00000   0.00000   0.00000   0.00000   0.00000   0.00000   0.00000   0.00000   0.00000   0.00000   0.00000   0.00000   0.00000   0.02782   0.12720   1.92180  12.13087  -10.99391   0.00000   2.56936  
 58  0.2664    156.939325  x:  0.00000   0.00000   0.00000   0.00000   0.00000   0.00000   0.00000   0.00000   0.00000   0.00000   0.00000   0.00000   0.00000   0.00000   0.00000   0.00000   0.00000   0.00000   0.00000   0.00000   0.00000   0.00000   0.00000   0.00000   0.00000   0.00000   0.00000   0.00000   0.02782   0.12720   1.92181  12.40104  -11.26419   0.00000   2.56941  
 59  0.2201    156.939325  x:  0.00000   0.00000   0.00000   0.00000   0.00000   0.00000   0.00000   0.00000   0.00000   0.00000   0.00000   0.00000   0.00000   0.00000   0.00000   0.00000   0.00000   0.00000   0.00000   0.00000   0.00000   0.00000   0.00000   0.00000   0.00000   0.00000   0.00000   0.00000   0.02782   0.12720   1.92181  13.95256  -12.81641   0.00000   2.56968  
 60  0.2743    156.939325  x:  0.00000   0.00000   0.00000   0.00000   0.00000   0.00000   0.00000   0.00000   0.00000   0.00000   0.00000   0.00000   0.00000   0.00000   0.00000   0.00000   0.00000   0.00000   0.00000   0.00000   0.00000   0.00000   0.00000   0.00000   0.00000   0.00000   0.00000   0.00000   0.02782   0.12720   1.92181  13.99103  -12.85489   0.00000   2.56969  
 61  0.0661    156.939325  x:  0.00000   0.00000   0.00000   0.00000   0.00000   0.00000   0.00000   0.00000   0.00000   0.00000   0.00000   0.00000   0.00000   0.00000   0.00000   0.00000   0.00000   0.00000   0.00000   0.00000   0.00000   0.00000   0.00000   0.00000   0.00000   0.00000   0.00000   0.00000   0.02782   0.12720   1.92181  14.02950  -12.89338   0.00000   2.56969  
 62  0.1167    156.939325  x:  0.00000   0.00000   0.00000   0.00000   0.00000   0.00000   0.00000   0.00000   0.00000   0.00000   0.00000   0.00000   0.00000   0.00000   0.00000   0.00000   0.00000   0.00000   0.00000   0.00000   0.00000   0.00000   0.00000   0.00000   0.00000   0.00000   0.00000   0.00000   0.02782   0.12720   1.92181  14.05057  -12.91447   0.00000   2.56970  
 63  2.0947    156.939325  x:  0.00000   0.00000   0.00000   0.00000   0.00000   0.00000   0.00000   0.00000   0.00000   0.00000   0.00000   0.00000   0.00000   0.00000   0.00000   0.00000   0.00000   0.00000   0.00000   0.00000   0.00000   0.00000   0.00000   0.00000   0.00000   0.00000   0.00000   0.00000   0.02782   0.12720   1.92181  14.08761  -12.95152   0.00000   2.56970  
 64  0.0825    156.939325  x:  0.00000   0.00000   0.00000   0.00000   0.00000   0.00000   0.00000   0.00000   0.00000   0.00000   0.00000   0.00000   0.00000   0.00000   0.00000   0.00000   0.00000   0.00000   0.00000   0.00000   0.00000   0.00000   0.00000   0.00000   0.00000   0.00000   0.00000   0.00000   0.02782   0.12720   1.92181  14.27229  -13.13628   0.00000   2.56973  
 65  0.0327    156.939325  x:  0.00000   0.00000   0.00000   0.00000   0.00000   0.00000   0.00000   0.00000   0.00000   0.00000   0.00000   0.00000   0.00000   0.00000   0.00000   0.00000   0.00000   0.00000   0.00000   0.00000   0.00000   0.00000   0.00000   0.00000   0.00000   0.00000   0.00000   0.00000   0.02782   0.12720   1.92181  15.83336  -14.69806   0.00000   2.57001  
 66  6.9966    156.939325  x:  0.00000   0.00000   0.00000   0.00000   0.00000   0.00000   0.00000   0.00000   0.00000   0.00000   0.00000   0.00000   0.00000   0.00000   0.00000   0.00000   0.00000   0.00000   0.00000   0.00000   0.00000   0.00000   0.00000   0.00000   0.00000   0.00000   0.00000   0.00000   0.02782   0.12720   1.92181  15.85776  -14.72246   0.00000   2.57001  
 67 10.2663    156.939325  x:  0.00000   0.00000   0.00000   0.00000   0.00000   0.00000   0.00000   0.00000   0.00000   0.00000   0.00000   0.00000   0.00000   0.00000   0.00000   0.00000   0.00000   0.00000   0.00000   0.00000   0.00000   0.00000   0.00000   0.00000   0.00000   0.00000   0.00000   0.00000   0.02782   0.12720   1.92181  15.85776  -14.72246   0.00000   2.57001  
 68 25.3729    156.939325  x:  0.00000   0.00000   0.00000   0.00000   0.00000   0.00000   0.00000   0.00000   0.00000   0.00000   0.00000   0.00000   0.00000   0.00000   0.00000   0.00000   0.00000   0.00000   0.00000   0.00000   0.00000   0.00000   0.00000   0.00000   0.00000   0.00000   0.00000   0.00000   0.02782   0.12720   1.92181  15.85776  -14.72246   0.00000   2.57001  