Supplemental results for CODEML (seqf: /Users/YY/Desktop/get/branch_site/modify/modify_trim_muscle_psaA.fa  treef: /Users/YY/Desktop/get/branch_site/16gene_topu.tree)


dN/dS (w) for site classes (K=4)

site class             0        1       2a       2b
proportion       0.98465  0.01535  0.00000  0.00000
background w     0.01310  1.00000  0.01310  1.00000
foreground w     0.01310  1.00000  1.00000  1.00000

Naive Empirical Bayes (NEB) probabilities for 4 classes
(amino acids refer to 1st sequence: NC_034643)

   1 M   0.99087 0.00913 0.00000 0.00000 ( 1)
   2 I   0.99218 0.00782 0.00000 0.00000 ( 1)
   3 I   0.99218 0.00782 0.00000 0.00000 ( 1)
   4 R   0.99035 0.00965 0.00000 0.00000 ( 1)
   5 S   0.98773 0.01227 0.00000 0.00000 ( 1)
   6 P   0.98803 0.01197 0.00000 0.00000 ( 1)
   7 E   0.98992 0.01008 0.00000 0.00000 ( 1)
   8 P   0.98932 0.01068 0.00000 0.00000 ( 1)
   9 E   0.98992 0.01008 0.00000 0.00000 ( 1)
  10 V   0.99009 0.00991 0.00000 0.00000 ( 1)
  11 K   0.98960 0.01040 0.00000 0.00000 ( 1)
  12 I   0.99218 0.00782 0.00000 0.00000 ( 1)
  13 L   0.98773 0.01227 0.00000 0.00000 ( 1)
  14 V   0.99009 0.00991 0.00000 0.00000 ( 1)
  15 D   0.99172 0.00828 0.00000 0.00000 ( 1)
  16 R   0.98816 0.01184 0.00000 0.00000 ( 1)
  17 D   0.99172 0.00828 0.00000 0.00000 ( 1)
  18 H   0.98771 0.01229 0.00000 0.00000 ( 1)
  19 I   0.99101 0.00899 0.00000 0.00000 ( 1)
  20 K   0.98960 0.01040 0.00000 0.00000 ( 1)
  21 T   0.99158 0.00842 0.00000 0.00000 ( 1)
  22 S   0.99114 0.00886 0.00000 0.00000 ( 1)
  23 F   0.98841 0.01159 0.00000 0.00000 ( 1)
  24 E   0.98863 0.01137 0.00000 0.00000 ( 1)
  25 E   0.98992 0.01008 0.00000 0.00000 ( 1)
  26 W   0.98722 0.01278 0.00000 0.00000 ( 1)
  27 A   0.98790 0.01210 0.00000 0.00000 ( 1)
  28 R   0.98846 0.01154 0.00000 0.00000 ( 1)
  29 P   0.98787 0.01213 0.00000 0.00000 ( 1)
  30 G   0.99115 0.00885 0.00000 0.00000 ( 1)
  31 H   0.99092 0.00908 0.00000 0.00000 ( 1)
  32 F   0.98841 0.01159 0.00000 0.00000 ( 1)
  33 S   0.98881 0.01119 0.00000 0.00000 ( 1)
  34 R   0.98917 0.01083 0.00000 0.00000 ( 1)
  35 T   0.98973 0.01027 0.00000 0.00000 ( 1)
  36 L   0.98790 0.01210 0.00000 0.00000 ( 1)
  37 A   0.99191 0.00809 0.00000 0.00000 ( 1)
  38 K   0.98960 0.01040 0.00000 0.00000 ( 1)
  39 G   0.98777 0.01223 0.00000 0.00000 ( 1)
  40 P   0.99107 0.00893 0.00000 0.00000 ( 1)
  41 D   0.98826 0.01174 0.00000 0.00000 ( 1)
  42 T   0.99158 0.00842 0.00000 0.00000 ( 1)
  43 T   0.98772 0.01228 0.00000 0.00000 ( 1)
  44 T   0.99158 0.00842 0.00000 0.00000 ( 1)
  45 W   0.98722 0.01278 0.00000 0.00000 ( 1)
  46 I   0.98840 0.01160 0.00000 0.00000 ( 1)
  47 W   0.98722 0.01278 0.00000 0.00000 ( 1)
  48 N   0.98800 0.01200 0.00000 0.00000 ( 1)
  49 L   0.98793 0.01207 0.00000 0.00000 ( 1)
  50 H   0.99092 0.00908 0.00000 0.00000 ( 1)
  51 A   0.99191 0.00809 0.00000 0.00000 ( 1)
  52 D   0.99172 0.00828 0.00000 0.00000 ( 1)
  53 A   0.99191 0.00809 0.00000 0.00000 ( 1)
  54 H   0.98807 0.01193 0.00000 0.00000 ( 1)
  55 D   0.99172 0.00828 0.00000 0.00000 ( 1)
  56 F   0.98841 0.01159 0.00000 0.00000 ( 1)
  57 D   0.99172 0.00828 0.00000 0.00000 ( 1)
  58 S   0.98782 0.01218 0.00000 0.00000 ( 1)
  59 H   0.99092 0.00908 0.00000 0.00000 ( 1)
  60 T   0.98772 0.01228 0.00000 0.00000 ( 1)
  61 S   0.99119 0.00881 0.00000 0.00000 ( 1)
  62 D   0.99172 0.00828 0.00000 0.00000 ( 1)
  63 L   0.98773 0.01227 0.00000 0.00000 ( 1)
  64 E   0.98863 0.01137 0.00000 0.00000 ( 1)
  65 E   0.98863 0.01137 0.00000 0.00000 ( 1)
  66 I   0.98845 0.01155 0.00000 0.00000 ( 1)
  67 S   0.99114 0.00886 0.00000 0.00000 ( 1)
  68 R   0.98738 0.01262 0.00000 0.00000 ( 1)
  69 K   0.98960 0.01040 0.00000 0.00000 ( 1)
  70 V   0.98813 0.01187 0.00000 0.00000 ( 1)
  71 F   0.99197 0.00803 0.00000 0.00000 ( 1)
  72 S   0.99119 0.00881 0.00000 0.00000 ( 1)
  73 A   0.98790 0.01210 0.00000 0.00000 ( 1)
  74 H   0.99092 0.00908 0.00000 0.00000 ( 1)
  75 F   0.98841 0.01159 0.00000 0.00000 ( 1)
  76 G   0.98780 0.01220 0.00000 0.00000 ( 1)
  77 Q   0.98826 0.01174 0.00000 0.00000 ( 1)
  78 L   0.98764 0.01236 0.00000 0.00000 ( 1)
  79 S   0.98748 0.01252 0.00000 0.00000 ( 1)
  80 I   0.98825 0.01175 0.00000 0.00000 ( 1)
  81 I   0.98825 0.01175 0.00000 0.00000 ( 1)
  82 F   0.99197 0.00803 0.00000 0.00000 ( 1)
  83 L   0.99143 0.00857 0.00000 0.00000 ( 1)
  84 W   0.98722 0.01278 0.00000 0.00000 ( 1)
  85 L   0.98723 0.01277 0.00000 0.00000 ( 1)
  86 S   0.99119 0.00881 0.00000 0.00000 ( 1)
  87 G   0.99083 0.00917 0.00000 0.00000 ( 1)
  88 M   0.99087 0.00913 0.00000 0.00000 ( 1)
  89 Y   0.99055 0.00945 0.00000 0.00000 ( 1)
  90 F   0.98841 0.01159 0.00000 0.00000 ( 1)
  91 H   0.99056 0.00944 0.00000 0.00000 ( 1)
  92 G   0.99115 0.00885 0.00000 0.00000 ( 1)
  93 A   0.99191 0.00809 0.00000 0.00000 ( 1)
  94 R   0.99035 0.00965 0.00000 0.00000 ( 1)
  95 F   0.99197 0.00803 0.00000 0.00000 ( 1)
  96 S   0.99105 0.00895 0.00000 0.00000 ( 1)
  97 N   0.99143 0.00857 0.00000 0.00000 ( 1)
  98 Y   0.99055 0.00945 0.00000 0.00000 ( 1)
  99 E   0.98992 0.01008 0.00000 0.00000 ( 1)
 100 A   0.99000 0.01000 0.00000 0.00000 ( 1)
 101 W   0.98722 0.01278 0.00000 0.00000 ( 1)
 102 L   0.98793 0.01207 0.00000 0.00000 ( 1)
 103 S   0.99119 0.00881 0.00000 0.00000 ( 1)
 104 D   0.99172 0.00828 0.00000 0.00000 ( 1)
 105 P   0.98787 0.01213 0.00000 0.00000 ( 1)
 106 T   0.99158 0.00842 0.00000 0.00000 ( 1)
 107 H   0.98771 0.01229 0.00000 0.00000 ( 1)
 108 I   0.99182 0.00818 0.00000 0.00000 ( 1)
 109 G   0.98801 0.01199 0.00000 0.00000 ( 1)
 110 P   0.98890 0.01110 0.00000 0.00000 ( 1)
 111 S   0.99119 0.00881 0.00000 0.00000 ( 1)
 112 A   0.98790 0.01210 0.00000 0.00000 ( 1)
 113 Q   0.98735 0.01265 0.00000 0.00000 ( 1)
 114 V   0.98845 0.01155 0.00000 0.00000 ( 1)
 115 V   0.99200 0.00800 0.00000 0.00000 ( 1)
 116 W   0.98722 0.01278 0.00000 0.00000 ( 1)
 117 P   0.98932 0.01068 0.00000 0.00000 ( 1)
 118 I   0.99101 0.00899 0.00000 0.00000 ( 1)
 119 V   0.98845 0.01155 0.00000 0.00000 ( 1)
 120 G   0.98749 0.01251 0.00000 0.00000 ( 1)
 121 Q   0.98826 0.01174 0.00000 0.00000 ( 1)
 122 E   0.98992 0.01008 0.00000 0.00000 ( 1)
 123 I   0.99101 0.00899 0.00000 0.00000 ( 1)
 124 L   0.98773 0.01227 0.00000 0.00000 ( 1)
 125 N   0.99143 0.00857 0.00000 0.00000 ( 1)
 126 G   0.99115 0.00885 0.00000 0.00000 ( 1)
 127 D   0.99172 0.00828 0.00000 0.00000 ( 1)
 128 V   0.98845 0.01155 0.00000 0.00000 ( 1)
 129 G   0.99115 0.00885 0.00000 0.00000 ( 1)
 130 G   0.98792 0.01208 0.00000 0.00000 ( 1)
 131 G   0.98749 0.01251 0.00000 0.00000 ( 1)
 132 F   0.98841 0.01159 0.00000 0.00000 ( 1)
 133 R   0.98738 0.01262 0.00000 0.00000 ( 1)
 134 G   0.98913 0.01087 0.00000 0.00000 ( 1)
 135 I   0.99101 0.00899 0.00000 0.00000 ( 1)
 136 Q   0.98826 0.01174 0.00000 0.00000 ( 1)
 137 I   0.99101 0.00899 0.00000 0.00000 ( 1)
 138 T   0.98772 0.01228 0.00000 0.00000 ( 1)
 139 S   0.99114 0.00886 0.00000 0.00000 ( 1)
 140 G   0.99108 0.00892 0.00000 0.00000 ( 1)
 141 F   0.99197 0.00803 0.00000 0.00000 ( 1)
 142 F   0.99197 0.00803 0.00000 0.00000 ( 1)
 143 Q   0.98735 0.01265 0.00000 0.00000 ( 1)
 144 L   0.59283 0.40717 0.00000 0.00000 ( 1)
 145 W   0.98722 0.01278 0.00000 0.00000 ( 1)
 146 R   0.98735 0.01265 0.00000 0.00000 ( 1)
 147 A   0.99000 0.01000 0.00000 0.00000 ( 1)
 148 S   0.99062 0.00938 0.00000 0.00000 ( 1)
 149 G   0.98913 0.01087 0.00000 0.00000 ( 1)
 150 I   0.99101 0.00899 0.00000 0.00000 ( 1)
 151 T   0.99158 0.00842 0.00000 0.00000 ( 1)
 152 S   0.99119 0.00881 0.00000 0.00000 ( 1)
 153 E   0.98992 0.01008 0.00000 0.00000 ( 1)
 154 L   0.98773 0.01227 0.00000 0.00000 ( 1)
 155 Q   0.98822 0.01178 0.00000 0.00000 ( 1)
 156 L   0.98764 0.01236 0.00000 0.00000 ( 1)
 157 Y   0.99055 0.00945 0.00000 0.00000 ( 1)
 158 C   0.99057 0.00943 0.00000 0.00000 ( 1)
 159 T   0.98772 0.01228 0.00000 0.00000 ( 1)
 160 A   0.98996 0.01004 0.00000 0.00000 ( 1)
 161 I   0.99218 0.00782 0.00000 0.00000 ( 1)
 162 G   0.99115 0.00885 0.00000 0.00000 ( 1)
 163 A   0.99000 0.01000 0.00000 0.00000 ( 1)
 164 L   0.98773 0.01227 0.00000 0.00000 ( 1)
 165 I   0.98846 0.01154 0.00000 0.00000 ( 1)
 166 F   0.99197 0.00803 0.00000 0.00000 ( 1)
 167 A   0.99000 0.01000 0.00000 0.00000 ( 1)
 168 A   0.98839 0.01161 0.00000 0.00000 ( 1)
 169 L   0.98838 0.01162 0.00000 0.00000 ( 1)
 170 M   0.99087 0.00913 0.00000 0.00000 ( 1)
 171 L   0.99143 0.00857 0.00000 0.00000 ( 1)
 172 F   0.99197 0.00803 0.00000 0.00000 ( 1)
 173 A   0.99191 0.00809 0.00000 0.00000 ( 1)
 174 G   0.99115 0.00885 0.00000 0.00000 ( 1)
 175 W   0.98722 0.01278 0.00000 0.00000 ( 1)
 176 F   0.99197 0.00803 0.00000 0.00000 ( 1)
 177 H   0.99092 0.00908 0.00000 0.00000 ( 1)
 178 Y   0.99055 0.00945 0.00000 0.00000 ( 1)
 179 H   0.99086 0.00914 0.00000 0.00000 ( 1)
 180 K   0.98960 0.01040 0.00000 0.00000 ( 1)
 181 A   0.60693 0.39307 0.00000 0.00000 ( 1)
 182 A   0.99191 0.00809 0.00000 0.00000 ( 1)
 183 P   0.98932 0.01068 0.00000 0.00000 ( 1)
 184 K   0.98960 0.01040 0.00000 0.00000 ( 1)
 185 L   0.98773 0.01227 0.00000 0.00000 ( 1)
 186 A   0.99191 0.00809 0.00000 0.00000 ( 1)
 187 W   0.98722 0.01278 0.00000 0.00000 ( 1)
 188 F   0.99197 0.00803 0.00000 0.00000 ( 1)
 189 Q   0.98826 0.01174 0.00000 0.00000 ( 1)
 190 D   0.99172 0.00828 0.00000 0.00000 ( 1)
 191 V   0.99009 0.00991 0.00000 0.00000 ( 1)
 192 E   0.98992 0.01008 0.00000 0.00000 ( 1)
 193 S   0.99114 0.00886 0.00000 0.00000 ( 1)
 194 M   0.99087 0.00913 0.00000 0.00000 ( 1)
 195 L   0.98772 0.01228 0.00000 0.00000 ( 1)
 196 N   0.99143 0.00857 0.00000 0.00000 ( 1)
 197 H   0.98771 0.01229 0.00000 0.00000 ( 1)
 198 H   0.99092 0.00908 0.00000 0.00000 ( 1)
 199 L   0.98838 0.01162 0.00000 0.00000 ( 1)
 200 A   0.98839 0.01161 0.00000 0.00000 ( 1)
 201 G   0.98792 0.01208 0.00000 0.00000 ( 1)
 202 L   0.98793 0.01207 0.00000 0.00000 ( 1)
 203 L   0.98793 0.01207 0.00000 0.00000 ( 1)
 204 G   0.98913 0.01087 0.00000 0.00000 ( 1)
 205 L   0.98687 0.01313 0.00000 0.00000 ( 1)
 206 G   0.98792 0.01208 0.00000 0.00000 ( 1)
 207 S   0.99114 0.00886 0.00000 0.00000 ( 1)
 208 L   0.98764 0.01236 0.00000 0.00000 ( 1)
 209 S   0.99114 0.00886 0.00000 0.00000 ( 1)
 210 W   0.98722 0.01278 0.00000 0.00000 ( 1)
 211 A   0.98839 0.01161 0.00000 0.00000 ( 1)
 212 G   0.98792 0.01208 0.00000 0.00000 ( 1)
 213 H   0.99092 0.00908 0.00000 0.00000 ( 1)
 214 Q   0.98826 0.01174 0.00000 0.00000 ( 1)
 215 V   0.99009 0.00991 0.00000 0.00000 ( 1)
 216 H   0.99092 0.00908 0.00000 0.00000 ( 1)
 217 V   0.99009 0.00991 0.00000 0.00000 ( 1)
 218 S   0.99114 0.00886 0.00000 0.00000 ( 1)
 219 L   0.98838 0.01162 0.00000 0.00000 ( 1)
 220 P   0.98795 0.01205 0.00000 0.00000 ( 1)
 221 I   0.99218 0.00782 0.00000 0.00000 ( 1)
 222 N   0.98800 0.01200 0.00000 0.00000 ( 1)
 223 Q   0.98826 0.01174 0.00000 0.00000 ( 1)
 224 F   0.99197 0.00803 0.00000 0.00000 ( 1)
 225 L   0.98793 0.01207 0.00000 0.00000 ( 1)
 226 N   0.98839 0.01161 0.00000 0.00000 ( 1)
 227 A   0.99191 0.00809 0.00000 0.00000 ( 1)
 228 G   0.98913 0.01087 0.00000 0.00000 ( 1)
 229 V   0.99009 0.00991 0.00000 0.00000 ( 1)
 230 D   0.99140 0.00860 0.00000 0.00000 ( 1)
 231 P   0.99107 0.00893 0.00000 0.00000 ( 1)
 232 K   0.98960 0.01040 0.00000 0.00000 ( 1)
 233 E   0.98863 0.01137 0.00000 0.00000 ( 1)
 234 I   0.99101 0.00899 0.00000 0.00000 ( 1)
 235 P   0.98932 0.01068 0.00000 0.00000 ( 1)
 236 L   0.99143 0.00857 0.00000 0.00000 ( 1)
 237 P   0.99107 0.00893 0.00000 0.00000 ( 1)
 238 H   0.99092 0.00908 0.00000 0.00000 ( 1)
 239 E   0.98992 0.01008 0.00000 0.00000 ( 1)
 240 F   0.99197 0.00803 0.00000 0.00000 ( 1)
 241 I   0.98825 0.01175 0.00000 0.00000 ( 1)
 242 L   0.98775 0.01225 0.00000 0.00000 ( 1)
 243 N   0.99143 0.00857 0.00000 0.00000 ( 1)
 244 R   0.98726 0.01274 0.00000 0.00000 ( 1)
 245 D   0.99172 0.00828 0.00000 0.00000 ( 1)
 246 L   0.99143 0.00857 0.00000 0.00000 ( 1)
 247 L   0.98773 0.01227 0.00000 0.00000 ( 1)
 248 A   0.99191 0.00809 0.00000 0.00000 ( 1)
 249 Q   0.98826 0.01174 0.00000 0.00000 ( 1)
 250 L   0.99143 0.00857 0.00000 0.00000 ( 1)
 251 Y   0.99055 0.00945 0.00000 0.00000 ( 1)
 252 P   0.98745 0.01255 0.00000 0.00000 ( 1)
 253 S   0.99119 0.00881 0.00000 0.00000 ( 1)
 254 F   0.99197 0.00803 0.00000 0.00000 ( 1)
 255 A   0.99191 0.00809 0.00000 0.00000 ( 1)
 256 E   0.98874 0.01126 0.00000 0.00000 ( 1)
 257 G   0.98913 0.01087 0.00000 0.00000 ( 1)
 258 A   0.99000 0.01000 0.00000 0.00000 ( 1)
 259 T   0.99158 0.00842 0.00000 0.00000 ( 1)
 260 P   0.98745 0.01255 0.00000 0.00000 ( 1)
 261 F   0.99197 0.00803 0.00000 0.00000 ( 1)
 262 F   0.98868 0.01132 0.00000 0.00000 ( 1)
 263 T   0.98772 0.01228 0.00000 0.00000 ( 1)
 264 L   0.98773 0.01227 0.00000 0.00000 ( 1)
 265 N   0.60284 0.39716 0.00000 0.00000 ( 1)
 266 W   0.98722 0.01278 0.00000 0.00000 ( 1)
 267 S   0.98881 0.01119 0.00000 0.00000 ( 1)
 268 K   0.98960 0.01040 0.00000 0.00000 ( 1)
 269 Y   0.99055 0.00945 0.00000 0.00000 ( 1)
 270 S   0.98881 0.01119 0.00000 0.00000 ( 1)
 271 D   0.98865 0.01135 0.00000 0.00000 ( 1)
 272 F   0.99197 0.00803 0.00000 0.00000 ( 1)
 273 L   0.99131 0.00869 0.00000 0.00000 ( 1)
 274 T   0.99158 0.00842 0.00000 0.00000 ( 1)
 275 F   0.99197 0.00803 0.00000 0.00000 ( 1)
 276 R   0.99035 0.00965 0.00000 0.00000 ( 1)
 277 G   0.98913 0.01087 0.00000 0.00000 ( 1)
 278 G   0.98913 0.01087 0.00000 0.00000 ( 1)
 279 L   0.98838 0.01162 0.00000 0.00000 ( 1)
 280 D   0.99172 0.00828 0.00000 0.00000 ( 1)
 281 P   0.98932 0.01068 0.00000 0.00000 ( 1)
 282 V   0.99009 0.00991 0.00000 0.00000 ( 1)
 283 T   0.99158 0.00842 0.00000 0.00000 ( 1)
 284 G   0.98792 0.01208 0.00000 0.00000 ( 1)
 285 G   0.99115 0.00885 0.00000 0.00000 ( 1)
 286 L   0.98783 0.01217 0.00000 0.00000 ( 1)
 287 W   0.98722 0.01278 0.00000 0.00000 ( 1)
 288 L   0.98691 0.01309 0.00000 0.00000 ( 1)
 289 T   0.98772 0.01228 0.00000 0.00000 ( 1)
 290 D   0.99172 0.00828 0.00000 0.00000 ( 1)
 291 I   0.98862 0.01138 0.00000 0.00000 ( 1)
 292 A   0.99000 0.01000 0.00000 0.00000 ( 1)
 293 H   0.98771 0.01229 0.00000 0.00000 ( 1)
 294 H   0.99092 0.00908 0.00000 0.00000 ( 1)
 295 H   0.99092 0.00908 0.00000 0.00000 ( 1)
 296 L   0.98838 0.01162 0.00000 0.00000 ( 1)
 297 A   0.99191 0.00809 0.00000 0.00000 ( 1)
 298 I   0.99218 0.00782 0.00000 0.00000 ( 1)
 299 A   0.99000 0.01000 0.00000 0.00000 ( 1)
 300 I   0.99218 0.00782 0.00000 0.00000 ( 1)
 301 L   0.99143 0.00857 0.00000 0.00000 ( 1)
 302 F   0.98841 0.01159 0.00000 0.00000 ( 1)
 303 L   0.98687 0.01313 0.00000 0.00000 ( 1)
 304 I   0.99101 0.00899 0.00000 0.00000 ( 1)
 305 A   0.98991 0.01009 0.00000 0.00000 ( 1)
 306 G   0.99115 0.00885 0.00000 0.00000 ( 1)
 307 H   0.99092 0.00908 0.00000 0.00000 ( 1)
 308 M   0.99087 0.00913 0.00000 0.00000 ( 1)
 309 Y   0.99055 0.00945 0.00000 0.00000 ( 1)
 310 K   0.98841 0.01159 0.00000 0.00000 ( 1)
 311 T   0.98822 0.01178 0.00000 0.00000 ( 1)
 312 N   0.98800 0.01200 0.00000 0.00000 ( 1)
 313 W   0.98722 0.01278 0.00000 0.00000 ( 1)
 314 G   0.98749 0.01251 0.00000 0.00000 ( 1)
 315 I   0.99218 0.00782 0.00000 0.00000 ( 1)
 316 G   0.99115 0.00885 0.00000 0.00000 ( 1)
 317 H   0.99092 0.00908 0.00000 0.00000 ( 1)
 318 G   0.98749 0.01251 0.00000 0.00000 ( 1)
 319 L   0.98793 0.01207 0.00000 0.00000 ( 1)
 320 K   0.98960 0.01040 0.00000 0.00000 ( 1)
 321 D   0.99172 0.00828 0.00000 0.00000 ( 1)
 322 I   0.99218 0.00782 0.00000 0.00000 ( 1)
 323 L   0.98838 0.01162 0.00000 0.00000 ( 1)
 324 E   0.98992 0.01008 0.00000 0.00000 ( 1)
 325 A   0.99191 0.00809 0.00000 0.00000 ( 1)
 326 H   0.99092 0.00908 0.00000 0.00000 ( 1)
 327 K   0.98960 0.01040 0.00000 0.00000 ( 1)
 328 G   0.99115 0.00885 0.00000 0.00000 ( 1)
 329 P   0.98932 0.01068 0.00000 0.00000 ( 1)
 330 F   0.99197 0.00803 0.00000 0.00000 ( 1)
 331 T   0.98824 0.01176 0.00000 0.00000 ( 1)
 332 G   0.99115 0.00885 0.00000 0.00000 ( 1)
 333 Q   0.98735 0.01265 0.00000 0.00000 ( 1)
 334 G   0.98756 0.01244 0.00000 0.00000 ( 1)
 335 H   0.99092 0.00908 0.00000 0.00000 ( 1)
 336 K   0.98960 0.01040 0.00000 0.00000 ( 1)
 337 G   0.98749 0.01251 0.00000 0.00000 ( 1)
 338 L   0.98793 0.01207 0.00000 0.00000 ( 1)
 339 Y   0.99055 0.00945 0.00000 0.00000 ( 1)
 340 E   0.98870 0.01130 0.00000 0.00000 ( 1)
 341 I   0.98825 0.01175 0.00000 0.00000 ( 1)
 342 L   0.98793 0.01207 0.00000 0.00000 ( 1)
 343 T   0.98973 0.01027 0.00000 0.00000 ( 1)
 344 T   0.98973 0.01027 0.00000 0.00000 ( 1)
 345 S   0.98879 0.01121 0.00000 0.00000 ( 1)
 346 W   0.98722 0.01278 0.00000 0.00000 ( 1)
 347 H   0.99092 0.00908 0.00000 0.00000 ( 1)
 348 A   0.99191 0.00809 0.00000 0.00000 ( 1)
 349 Q   0.98823 0.01177 0.00000 0.00000 ( 1)
 350 L   0.98838 0.01162 0.00000 0.00000 ( 1)
 351 S   0.99114 0.00886 0.00000 0.00000 ( 1)
 352 L   0.99112 0.00888 0.00000 0.00000 ( 1)
 353 N   0.98800 0.01200 0.00000 0.00000 ( 1)
 354 L   0.98784 0.01216 0.00000 0.00000 ( 1)
 355 A   0.99191 0.00809 0.00000 0.00000 ( 1)
 356 M   0.99087 0.00913 0.00000 0.00000 ( 1)
 357 L   0.98838 0.01162 0.00000 0.00000 ( 1)
 358 G   0.98749 0.01251 0.00000 0.00000 ( 1)
 359 S   0.99114 0.00886 0.00000 0.00000 ( 1)
 360 L   0.98838 0.01162 0.00000 0.00000 ( 1)
 361 T   0.98772 0.01228 0.00000 0.00000 ( 1)
 362 I   0.99218 0.00782 0.00000 0.00000 ( 1)
 363 I   0.61658 0.38342 0.00000 0.00000 ( 1)
 364 V   0.99009 0.00991 0.00000 0.00000 ( 1)
 365 A   0.99191 0.00809 0.00000 0.00000 ( 1)
 366 H   0.98774 0.01226 0.00000 0.00000 ( 1)
 367 H   0.99092 0.00908 0.00000 0.00000 ( 1)
 368 M   0.99087 0.00913 0.00000 0.00000 ( 1)
 369 Y   0.99047 0.00953 0.00000 0.00000 ( 1)
 370 S   0.99114 0.00886 0.00000 0.00000 ( 1)
 371 M   0.99087 0.00913 0.00000 0.00000 ( 1)
 372 P   0.98761 0.01239 0.00000 0.00000 ( 1)
 373 P   0.99107 0.00893 0.00000 0.00000 ( 1)
 374 Y   0.99055 0.00945 0.00000 0.00000 ( 1)
 375 P   0.98787 0.01213 0.00000 0.00000 ( 1)
 376 Y   0.99055 0.00945 0.00000 0.00000 ( 1)
 377 L   0.98793 0.01207 0.00000 0.00000 ( 1)
 378 A   0.99191 0.00809 0.00000 0.00000 ( 1)
 379 T   0.99158 0.00842 0.00000 0.00000 ( 1)
 380 D   0.98826 0.01174 0.00000 0.00000 ( 1)
 381 Y   0.99055 0.00945 0.00000 0.00000 ( 1)
 382 G   0.99115 0.00885 0.00000 0.00000 ( 1)
 383 T   0.98973 0.01027 0.00000 0.00000 ( 1)
 384 Q   0.98826 0.01174 0.00000 0.00000 ( 1)
 385 L   0.98687 0.01313 0.00000 0.00000 ( 1)
 386 S   0.98881 0.01119 0.00000 0.00000 ( 1)
 387 L   0.98773 0.01227 0.00000 0.00000 ( 1)
 388 F   0.98841 0.01159 0.00000 0.00000 ( 1)
 389 T   0.98973 0.01027 0.00000 0.00000 ( 1)
 390 H   0.99092 0.00908 0.00000 0.00000 ( 1)
 391 H   0.98782 0.01218 0.00000 0.00000 ( 1)
 392 M   0.99087 0.00913 0.00000 0.00000 ( 1)
 393 W   0.98722 0.01278 0.00000 0.00000 ( 1)
 394 I   0.99218 0.00782 0.00000 0.00000 ( 1)
 395 G   0.99113 0.00887 0.00000 0.00000 ( 1)
 396 G   0.98913 0.01087 0.00000 0.00000 ( 1)
 397 F   0.99197 0.00803 0.00000 0.00000 ( 1)
 398 L   0.98764 0.01236 0.00000 0.00000 ( 1)
 399 I   0.99101 0.00899 0.00000 0.00000 ( 1)
 400 V   0.99193 0.00807 0.00000 0.00000 ( 1)
 401 G   0.98749 0.01251 0.00000 0.00000 ( 1)
 402 A   0.99191 0.00809 0.00000 0.00000 ( 1)
 403 A   0.99191 0.00809 0.00000 0.00000 ( 1)
 404 A   0.98839 0.01161 0.00000 0.00000 ( 1)
 405 H   0.99092 0.00908 0.00000 0.00000 ( 1)
 406 A   0.99000 0.01000 0.00000 0.00000 ( 1)
 407 A   0.98790 0.01210 0.00000 0.00000 ( 1)
 408 I   0.99218 0.00782 0.00000 0.00000 ( 1)
 409 F   0.99197 0.00803 0.00000 0.00000 ( 1)
 410 M   0.99087 0.00913 0.00000 0.00000 ( 1)
 411 V   0.99009 0.00991 0.00000 0.00000 ( 1)
 412 R   0.98917 0.01083 0.00000 0.00000 ( 1)
 413 D   0.98843 0.01157 0.00000 0.00000 ( 1)
 414 Y   0.99055 0.00945 0.00000 0.00000 ( 1)
 415 D   0.99172 0.00828 0.00000 0.00000 ( 1)
 416 P   0.99107 0.00893 0.00000 0.00000 ( 1)
 417 T   0.99158 0.00842 0.00000 0.00000 ( 1)
 418 T   0.99158 0.00842 0.00000 0.00000 ( 1)
 419 R   0.98738 0.01262 0.00000 0.00000 ( 1)
 420 Y   0.98718 0.01282 0.00000 0.00000 ( 1)
 421 N   0.99138 0.00862 0.00000 0.00000 ( 1)
 422 D   0.99172 0.00828 0.00000 0.00000 ( 1)
 423 L   0.98793 0.01207 0.00000 0.00000 ( 1)
 424 L   0.98838 0.01162 0.00000 0.00000 ( 1)
 425 D   0.99172 0.00828 0.00000 0.00000 ( 1)
 426 R   0.99035 0.00965 0.00000 0.00000 ( 1)
 427 V   0.98796 0.01204 0.00000 0.00000 ( 1)
 428 L   0.99104 0.00896 0.00000 0.00000 ( 1)
 429 R   0.98819 0.01181 0.00000 0.00000 ( 1)
 430 H   0.99092 0.00908 0.00000 0.00000 ( 1)
 431 R   0.98708 0.01292 0.00000 0.00000 ( 1)
 432 D   0.99172 0.00828 0.00000 0.00000 ( 1)
 433 A   0.99000 0.01000 0.00000 0.00000 ( 1)
 434 I   0.98975 0.01025 0.00000 0.00000 ( 1)
 435 I   0.99101 0.00899 0.00000 0.00000 ( 1)
 436 S   0.98881 0.01119 0.00000 0.00000 ( 1)
 437 H   0.99092 0.00908 0.00000 0.00000 ( 1)
 438 L   0.98764 0.01236 0.00000 0.00000 ( 1)
 439 N   0.98800 0.01200 0.00000 0.00000 ( 1)
 440 W   0.98722 0.01278 0.00000 0.00000 ( 1)
 441 A   0.99000 0.01000 0.00000 0.00000 ( 1)
 442 C   0.99057 0.00943 0.00000 0.00000 ( 1)
 443 I   0.99101 0.00899 0.00000 0.00000 ( 1)
 444 F   0.99197 0.00803 0.00000 0.00000 ( 1)
 445 L   0.98793 0.01207 0.00000 0.00000 ( 1)
 446 G   0.98749 0.01251 0.00000 0.00000 ( 1)
 447 F   0.99197 0.00803 0.00000 0.00000 ( 1)
 448 H   0.98771 0.01229 0.00000 0.00000 ( 1)
 449 S   0.99119 0.00881 0.00000 0.00000 ( 1)
 450 F   0.99197 0.00803 0.00000 0.00000 ( 1)
 451 G   0.99115 0.00885 0.00000 0.00000 ( 1)
 452 L   0.98773 0.01227 0.00000 0.00000 ( 1)
 453 Y   0.99055 0.00945 0.00000 0.00000 ( 1)
 454 I   0.99218 0.00782 0.00000 0.00000 ( 1)
 455 H   0.99092 0.00908 0.00000 0.00000 ( 1)
 456 N   0.99143 0.00857 0.00000 0.00000 ( 1)
 457 D   0.99172 0.00828 0.00000 0.00000 ( 1)
 458 T   0.98772 0.01228 0.00000 0.00000 ( 1)
 459 M   0.99087 0.00913 0.00000 0.00000 ( 1)
 460 S   0.98782 0.01218 0.00000 0.00000 ( 1)
 461 A   0.99191 0.00809 0.00000 0.00000 ( 1)
 462 L   0.98773 0.01227 0.00000 0.00000 ( 1)
 463 G   0.98792 0.01208 0.00000 0.00000 ( 1)
 464 R   0.99035 0.00965 0.00000 0.00000 ( 1)
 465 P   0.99107 0.00893 0.00000 0.00000 ( 1)
 466 Q   0.98826 0.01174 0.00000 0.00000 ( 1)
 467 D   0.99172 0.00828 0.00000 0.00000 ( 1)
 468 M   0.99087 0.00913 0.00000 0.00000 ( 1)
 469 F   0.99197 0.00803 0.00000 0.00000 ( 1)
 470 S   0.98769 0.01231 0.00000 0.00000 ( 1)
 471 D   0.99172 0.00828 0.00000 0.00000 ( 1)
 472 T   0.98772 0.01228 0.00000 0.00000 ( 1)
 473 A   0.99191 0.00809 0.00000 0.00000 ( 1)
 474 I   0.98844 0.01156 0.00000 0.00000 ( 1)
 475 Q   0.98826 0.01174 0.00000 0.00000 ( 1)
 476 L   0.98838 0.01162 0.00000 0.00000 ( 1)
 477 Q   0.98826 0.01174 0.00000 0.00000 ( 1)
 478 P   0.99107 0.00893 0.00000 0.00000 ( 1)
 479 V   0.98796 0.01204 0.00000 0.00000 ( 1)
 480 F   0.99197 0.00803 0.00000 0.00000 ( 1)
 481 A   0.99189 0.00811 0.00000 0.00000 ( 1)
 482 Q   0.98826 0.01174 0.00000 0.00000 ( 1)
 483 W   0.98722 0.01278 0.00000 0.00000 ( 1)
 484 I   0.99101 0.00899 0.00000 0.00000 ( 1)
 485 Q   0.98826 0.01174 0.00000 0.00000 ( 1)
 486 N   0.98800 0.01200 0.00000 0.00000 ( 1)
 487 T   0.98772 0.01228 0.00000 0.00000 ( 1)
 488 H   0.99092 0.00908 0.00000 0.00000 ( 1)
 489 A   0.99191 0.00809 0.00000 0.00000 ( 1)
 490 L   0.98838 0.01162 0.00000 0.00000 ( 1)
 491 A   0.99000 0.01000 0.00000 0.00000 ( 1)
 492 P   0.98745 0.01255 0.00000 0.00000 ( 1)
 493 S   0.01862 0.98138 0.00000 0.00000 ( 2)
 494 A   0.99000 0.01000 0.00000 0.00000 ( 1)
 495 T   0.98818 0.01182 0.00000 0.00000 ( 1)
 496 A   0.99185 0.00815 0.00000 0.00000 ( 1)
 497 P   0.98893 0.01107 0.00000 0.00000 ( 1)
 498 G   0.99115 0.00885 0.00000 0.00000 ( 1)
 499 A   0.99000 0.01000 0.00000 0.00000 ( 1)
 500 T   0.55909 0.44091 0.00000 0.00000 ( 1)
 501 T   0.98973 0.01027 0.00000 0.00000 ( 1)
 502 S   0.51486 0.48514 0.00000 0.00000 ( 1)
 503 T   0.98776 0.01224 0.00000 0.00000 ( 1)
 504 S   0.99119 0.00881 0.00000 0.00000 ( 1)
 505 L   0.98838 0.01162 0.00000 0.00000 ( 1)
 506 T   0.99158 0.00842 0.00000 0.00000 ( 1)
 507 W   0.98722 0.01278 0.00000 0.00000 ( 1)
 508 G   0.98887 0.01113 0.00000 0.00000 ( 1)
 509 G   0.98764 0.01236 0.00000 0.00000 ( 1)
 510 G   0.99115 0.00885 0.00000 0.00000 ( 1)
 511 D   0.60730 0.39270 0.00000 0.00000 ( 1)
 512 L   0.98838 0.01162 0.00000 0.00000 ( 1)
 513 V   0.99009 0.00991 0.00000 0.00000 ( 1)
 514 A   0.99000 0.01000 0.00000 0.00000 ( 1)
 515 V   0.98845 0.01155 0.00000 0.00000 ( 1)
 516 G   0.99115 0.00885 0.00000 0.00000 ( 1)
 517 G   0.99018 0.00982 0.00000 0.00000 ( 1)
 518 K   0.98960 0.01040 0.00000 0.00000 ( 1)
 519 V   0.98845 0.01155 0.00000 0.00000 ( 1)
 520 A   0.99191 0.00809 0.00000 0.00000 ( 1)
 521 L   0.98773 0.01227 0.00000 0.00000 ( 1)
 522 L   0.98826 0.01174 0.00000 0.00000 ( 1)
 523 P   0.99107 0.00893 0.00000 0.00000 ( 1)
 524 I   0.99218 0.00782 0.00000 0.00000 ( 1)
 525 P   0.98936 0.01064 0.00000 0.00000 ( 1)
 526 L   0.98838 0.01162 0.00000 0.00000 ( 1)
 527 G   0.98913 0.01087 0.00000 0.00000 ( 1)
 528 T   0.99158 0.00842 0.00000 0.00000 ( 1)
 529 A   0.99000 0.01000 0.00000 0.00000 ( 1)
 530 D   0.99172 0.00828 0.00000 0.00000 ( 1)
 531 F   0.99197 0.00803 0.00000 0.00000 ( 1)
 532 L   0.98773 0.01227 0.00000 0.00000 ( 1)
 533 V   0.99009 0.00991 0.00000 0.00000 ( 1)
 534 H   0.99092 0.00908 0.00000 0.00000 ( 1)
 535 H   0.98771 0.01229 0.00000 0.00000 ( 1)
 536 I   0.99218 0.00782 0.00000 0.00000 ( 1)
 537 H   0.99092 0.00908 0.00000 0.00000 ( 1)
 538 A   0.99000 0.01000 0.00000 0.00000 ( 1)
 539 F   0.99197 0.00803 0.00000 0.00000 ( 1)
 540 T   0.98818 0.01182 0.00000 0.00000 ( 1)
 541 I   0.99218 0.00782 0.00000 0.00000 ( 1)
 542 H   0.99092 0.00908 0.00000 0.00000 ( 1)
 543 V   0.98845 0.01155 0.00000 0.00000 ( 1)
 544 T   0.98818 0.01182 0.00000 0.00000 ( 1)
 545 V   0.99009 0.00991 0.00000 0.00000 ( 1)
 546 L   0.98838 0.01162 0.00000 0.00000 ( 1)
 547 I   0.99101 0.00899 0.00000 0.00000 ( 1)
 548 L   0.99143 0.00857 0.00000 0.00000 ( 1)
 549 L   0.98692 0.01308 0.00000 0.00000 ( 1)
 550 K   0.98833 0.01167 0.00000 0.00000 ( 1)
 551 G   0.99115 0.00885 0.00000 0.00000 ( 1)
 552 V   0.99200 0.00800 0.00000 0.00000 ( 1)
 553 L   0.98808 0.01192 0.00000 0.00000 ( 1)
 554 F   0.99197 0.00803 0.00000 0.00000 ( 1)
 555 A   0.99191 0.00809 0.00000 0.00000 ( 1)
 556 R   0.99023 0.00977 0.00000 0.00000 ( 1)
 557 S   0.98782 0.01218 0.00000 0.00000 ( 1)
 558 S   0.98767 0.01233 0.00000 0.00000 ( 1)
 559 R   0.99035 0.00965 0.00000 0.00000 ( 1)
 560 L   0.98773 0.01227 0.00000 0.00000 ( 1)
 561 I   0.99101 0.00899 0.00000 0.00000 ( 1)
 562 P   0.98787 0.01213 0.00000 0.00000 ( 1)
 563 D   0.99172 0.00828 0.00000 0.00000 ( 1)
 564 K   0.98960 0.01040 0.00000 0.00000 ( 1)
 565 A   0.99000 0.01000 0.00000 0.00000 ( 1)
 566 N   0.99143 0.00857 0.00000 0.00000 ( 1)
 567 L   0.99143 0.00857 0.00000 0.00000 ( 1)
 568 G   0.99115 0.00885 0.00000 0.00000 ( 1)
 569 F   0.99197 0.00803 0.00000 0.00000 ( 1)
 570 R   0.99035 0.00965 0.00000 0.00000 ( 1)
 571 F   0.99197 0.00803 0.00000 0.00000 ( 1)
 572 P   0.99107 0.00893 0.00000 0.00000 ( 1)
 573 C   0.99057 0.00943 0.00000 0.00000 ( 1)
 574 D   0.99172 0.00828 0.00000 0.00000 ( 1)
 575 G   0.98801 0.01199 0.00000 0.00000 ( 1)
 576 P   0.99107 0.00893 0.00000 0.00000 ( 1)
 577 G   0.98907 0.01093 0.00000 0.00000 ( 1)
 578 R   0.98886 0.01114 0.00000 0.00000 ( 1)
 579 G   0.98796 0.01204 0.00000 0.00000 ( 1)
 580 G   0.98792 0.01208 0.00000 0.00000 ( 1)
 581 T   0.98824 0.01176 0.00000 0.00000 ( 1)
 582 C   0.99057 0.00943 0.00000 0.00000 ( 1)
 583 Q   0.98826 0.01174 0.00000 0.00000 ( 1)
 584 V   0.98864 0.01136 0.00000 0.00000 ( 1)
 585 S   0.98769 0.01231 0.00000 0.00000 ( 1)
 586 A   0.99191 0.00809 0.00000 0.00000 ( 1)
 587 W   0.98722 0.01278 0.00000 0.00000 ( 1)
 588 D   0.99172 0.00828 0.00000 0.00000 ( 1)
 589 H   0.99092 0.00908 0.00000 0.00000 ( 1)
 590 V   0.98796 0.01204 0.00000 0.00000 ( 1)
 591 F   0.98841 0.01159 0.00000 0.00000 ( 1)
 592 L   0.98838 0.01162 0.00000 0.00000 ( 1)
 593 G   0.98830 0.01170 0.00000 0.00000 ( 1)
 594 L   0.98793 0.01207 0.00000 0.00000 ( 1)
 595 F   0.98841 0.01159 0.00000 0.00000 ( 1)
 596 W   0.98722 0.01278 0.00000 0.00000 ( 1)
 597 M   0.99087 0.00913 0.00000 0.00000 ( 1)
 598 Y   0.99055 0.00945 0.00000 0.00000 ( 1)
 599 N   0.99112 0.00888 0.00000 0.00000 ( 1)
 600 A   0.99000 0.01000 0.00000 0.00000 ( 1)
 601 I   0.99218 0.00782 0.00000 0.00000 ( 1)
 602 S   0.98773 0.01227 0.00000 0.00000 ( 1)
 603 V   0.98896 0.01104 0.00000 0.00000 ( 1)
 604 V   0.99200 0.00800 0.00000 0.00000 ( 1)
 605 I   0.99101 0.00899 0.00000 0.00000 ( 1)
 606 F   0.98841 0.01159 0.00000 0.00000 ( 1)
 607 H   0.99092 0.00908 0.00000 0.00000 ( 1)
 608 F   0.98841 0.01159 0.00000 0.00000 ( 1)
 609 S   0.99119 0.00881 0.00000 0.00000 ( 1)
 610 W   0.98722 0.01278 0.00000 0.00000 ( 1)
 611 K   0.98960 0.01040 0.00000 0.00000 ( 1)
 612 M   0.99087 0.00913 0.00000 0.00000 ( 1)
 613 Q   0.98735 0.01265 0.00000 0.00000 ( 1)
 614 S   0.98881 0.01119 0.00000 0.00000 ( 1)
 615 D   0.99172 0.00828 0.00000 0.00000 ( 1)
 616 V   0.99200 0.00800 0.00000 0.00000 ( 1)
 617 W   0.98722 0.01278 0.00000 0.00000 ( 1)
 618 G   0.98749 0.01251 0.00000 0.00000 ( 1)
 619 S   0.99119 0.00881 0.00000 0.00000 ( 1)
 620 I   0.99101 0.00899 0.00000 0.00000 ( 1)
 621 S   0.99113 0.00887 0.00000 0.00000 ( 1)
 622 D   0.99172 0.00828 0.00000 0.00000 ( 1)
 623 Q   0.98826 0.01174 0.00000 0.00000 ( 1)
 624 G   0.98792 0.01208 0.00000 0.00000 ( 1)
 625 V   0.99009 0.00991 0.00000 0.00000 ( 1)
 626 V   0.99009 0.00991 0.00000 0.00000 ( 1)
 627 T   0.99158 0.00842 0.00000 0.00000 ( 1)
 628 H   0.99092 0.00908 0.00000 0.00000 ( 1)
 629 I   0.98825 0.01175 0.00000 0.00000 ( 1)
 630 T   0.98818 0.01182 0.00000 0.00000 ( 1)
 631 G   0.98913 0.01087 0.00000 0.00000 ( 1)
 632 G   0.98913 0.01087 0.00000 0.00000 ( 1)
 633 N   0.98800 0.01200 0.00000 0.00000 ( 1)
 634 F   0.99197 0.00803 0.00000 0.00000 ( 1)
 635 A   0.98846 0.01154 0.00000 0.00000 ( 1)
 636 Q   0.98735 0.01265 0.00000 0.00000 ( 1)
 637 S   0.99119 0.00881 0.00000 0.00000 ( 1)
 638 S   0.98748 0.01252 0.00000 0.00000 ( 1)
 639 I   0.99218 0.00782 0.00000 0.00000 ( 1)
 640 T   0.99158 0.00842 0.00000 0.00000 ( 1)
 641 I   0.99218 0.00782 0.00000 0.00000 ( 1)
 642 N   0.99143 0.00857 0.00000 0.00000 ( 1)
 643 G   0.98792 0.01208 0.00000 0.00000 ( 1)
 644 W   0.98722 0.01278 0.00000 0.00000 ( 1)
 645 L   0.98774 0.01226 0.00000 0.00000 ( 1)
 646 R   0.98708 0.01292 0.00000 0.00000 ( 1)
 647 D   0.99172 0.00828 0.00000 0.00000 ( 1)
 648 F   0.98841 0.01159 0.00000 0.00000 ( 1)
 649 L   0.98838 0.01162 0.00000 0.00000 ( 1)
 650 W   0.98722 0.01278 0.00000 0.00000 ( 1)
 651 A   0.99000 0.01000 0.00000 0.00000 ( 1)
 652 Q   0.98735 0.01265 0.00000 0.00000 ( 1)
 653 A   0.99000 0.01000 0.00000 0.00000 ( 1)
 654 S   0.98748 0.01252 0.00000 0.00000 ( 1)
 655 Q   0.98799 0.01201 0.00000 0.00000 ( 1)
 656 V   0.99009 0.00991 0.00000 0.00000 ( 1)
 657 I   0.99218 0.00782 0.00000 0.00000 ( 1)
 658 Q   0.98816 0.01184 0.00000 0.00000 ( 1)
 659 S   0.99084 0.00916 0.00000 0.00000 ( 1)
 660 Y   0.99055 0.00945 0.00000 0.00000 ( 1)
 661 G   0.99115 0.00885 0.00000 0.00000 ( 1)
 662 S   0.99114 0.00886 0.00000 0.00000 ( 1)
 663 S   0.98881 0.01119 0.00000 0.00000 ( 1)
 664 L   0.98838 0.01162 0.00000 0.00000 ( 1)
 665 S   0.99095 0.00905 0.00000 0.00000 ( 1)
 666 A   0.99000 0.01000 0.00000 0.00000 ( 1)
 667 Y   0.99055 0.00945 0.00000 0.00000 ( 1)
 668 G   0.98792 0.01208 0.00000 0.00000 ( 1)
 669 L   0.99143 0.00857 0.00000 0.00000 ( 1)
 670 F   0.98841 0.01159 0.00000 0.00000 ( 1)
 671 F   0.98841 0.01159 0.00000 0.00000 ( 1)
 672 L   0.98793 0.01207 0.00000 0.00000 ( 1)
 673 G   0.99115 0.00885 0.00000 0.00000 ( 1)
 674 A   0.98941 0.01059 0.00000 0.00000 ( 1)
 675 H   0.99092 0.00908 0.00000 0.00000 ( 1)
 676 F   0.99197 0.00803 0.00000 0.00000 ( 1)
 677 V   0.99009 0.00991 0.00000 0.00000 ( 1)
 678 W   0.98722 0.01278 0.00000 0.00000 ( 1)
 679 A   0.98790 0.01210 0.00000 0.00000 ( 1)
 680 F   0.99197 0.00803 0.00000 0.00000 ( 1)
 681 S   0.99119 0.00881 0.00000 0.00000 ( 1)
 682 L   0.98838 0.01162 0.00000 0.00000 ( 1)
 683 M   0.99087 0.00913 0.00000 0.00000 ( 1)
 684 F   0.99197 0.00803 0.00000 0.00000 ( 1)
 685 L   0.98793 0.01207 0.00000 0.00000 ( 1)
 686 F   0.98841 0.01159 0.00000 0.00000 ( 1)
 687 S   0.99119 0.00881 0.00000 0.00000 ( 1)
 688 G   0.98913 0.01087 0.00000 0.00000 ( 1)
 689 R   0.99035 0.00965 0.00000 0.00000 ( 1)
 690 G   0.99115 0.00885 0.00000 0.00000 ( 1)
 691 Y   0.99055 0.00945 0.00000 0.00000 ( 1)
 692 W   0.98722 0.01278 0.00000 0.00000 ( 1)
 693 Q   0.98826 0.01174 0.00000 0.00000 ( 1)
 694 E   0.98992 0.01008 0.00000 0.00000 ( 1)
 695 L   0.99143 0.00857 0.00000 0.00000 ( 1)
 696 I   0.99218 0.00782 0.00000 0.00000 ( 1)
 697 E   0.98992 0.01008 0.00000 0.00000 ( 1)
 698 S   0.98748 0.01252 0.00000 0.00000 ( 1)
 699 I   0.98825 0.01175 0.00000 0.00000 ( 1)
 700 V   0.99200 0.00800 0.00000 0.00000 ( 1)
 701 W   0.98722 0.01278 0.00000 0.00000 ( 1)
 702 A   0.99191 0.00809 0.00000 0.00000 ( 1)
 703 H   0.99092 0.00908 0.00000 0.00000 ( 1)
 704 N   0.99143 0.00857 0.00000 0.00000 ( 1)
 705 K   0.98960 0.01040 0.00000 0.00000 ( 1)
 706 L   0.98838 0.01162 0.00000 0.00000 ( 1)
 707 K   0.98960 0.01040 0.00000 0.00000 ( 1)
 708 V   0.99200 0.00800 0.00000 0.00000 ( 1)
 709 A   0.99191 0.00809 0.00000 0.00000 ( 1)
 710 P   0.99107 0.00893 0.00000 0.00000 ( 1)
 711 A   0.99191 0.00809 0.00000 0.00000 ( 1)
 712 T   0.99158 0.00842 0.00000 0.00000 ( 1)
 713 Q   0.98735 0.01265 0.00000 0.00000 ( 1)
 714 P   0.98787 0.01213 0.00000 0.00000 ( 1)
 715 R   0.98917 0.01083 0.00000 0.00000 ( 1)
 716 A   0.98790 0.01210 0.00000 0.00000 ( 1)
 717 L   0.98838 0.01162 0.00000 0.00000 ( 1)
 718 S   0.98782 0.01218 0.00000 0.00000 ( 1)
 719 I   0.99218 0.00782 0.00000 0.00000 ( 1)
 720 V   0.99009 0.00991 0.00000 0.00000 ( 1)
 721 Q   0.98826 0.01174 0.00000 0.00000 ( 1)
 722 G   0.98913 0.01087 0.00000 0.00000 ( 1)
 723 R   0.99035 0.00965 0.00000 0.00000 ( 1)
 724 A   0.99191 0.00809 0.00000 0.00000 ( 1)
 725 V   0.99009 0.00991 0.00000 0.00000 ( 1)
 726 G   0.98913 0.01087 0.00000 0.00000 ( 1)
 727 V   0.99009 0.00991 0.00000 0.00000 ( 1)
 728 T   0.98772 0.01228 0.00000 0.00000 ( 1)
 729 H   0.99092 0.00908 0.00000 0.00000 ( 1)
 730 Y   0.98718 0.01282 0.00000 0.00000 ( 1)
 731 L   0.99143 0.00857 0.00000 0.00000 ( 1)
 732 L   0.98687 0.01313 0.00000 0.00000 ( 1)
 733 G   0.99115 0.00885 0.00000 0.00000 ( 1)
 734 G   0.98913 0.01087 0.00000 0.00000 ( 1)
 735 I   0.99218 0.00782 0.00000 0.00000 ( 1)
 736 A   0.98790 0.01210 0.00000 0.00000 ( 1)
 737 T   0.98973 0.01027 0.00000 0.00000 ( 1)
 738 T   0.98973 0.01027 0.00000 0.00000 ( 1)
 739 W   0.98722 0.01278 0.00000 0.00000 ( 1)
 740 A   0.98845 0.01155 0.00000 0.00000 ( 1)
 741 F   0.98841 0.01159 0.00000 0.00000 ( 1)
 742 F   0.98841 0.01159 0.00000 0.00000 ( 1)
 743 L   0.98838 0.01162 0.00000 0.00000 ( 1)
 744 A   0.99000 0.01000 0.00000 0.00000 ( 1)
 745 R   0.98917 0.01083 0.00000 0.00000 ( 1)
 746 I   0.99218 0.00782 0.00000 0.00000 ( 1)
 747 I   0.99218 0.00782 0.00000 0.00000 ( 1)
 748 A   0.99000 0.01000 0.00000 0.00000 ( 1)
 749 V   0.99009 0.00991 0.00000 0.00000 ( 1)
 750 G   0.98913 0.01087 0.00000 0.00000 ( 1)


lnL = -3736.993519

