

TREE # 1

  0  0.0000   4240.452226  x:  0.00000   0.01223   0.04675   0.01643   0.05452   0.05390   0.02775   0.03193   0.05347   0.01679   0.04020   0.02071   0.01890   0.01347   0.01657   0.04942   0.04751   0.02317   0.04350   0.02923   0.05699   0.03318   0.00937   0.02068   0.00781   0.05987   0.04212   0.04088   0.06279   0.02525   2.00000   1.09989   0.02896   0.27919  
  1 99.0000   4240.431438  x:  0.00000   0.01223   0.04675   0.01642   0.05452   0.05390   0.02775   0.03193   0.05347   0.01679   0.04020   0.02071   0.01890   0.01347   0.01657   0.04942   0.04751   0.02317   0.04350   0.02923   0.05698   0.03318   0.00937   0.02068   0.00780   0.05987   0.04212   0.04088   0.06279   0.02525   2.00000   1.09989   0.02896   0.27919  
  2 2903.4089   4141.334333  x:  0.00000   0.00683   0.03789   0.01180   0.04564   0.04500   0.02070   0.02386   0.04457   0.01213   0.03127   0.01336   0.00993   0.00784   0.01203   0.04140   0.04084   0.01913   0.03806   0.02392   0.04800   0.02923   0.00093   0.02157   0.00000   0.05350   0.03980   0.03932   0.05546   0.02145   2.00018   1.10030   0.02855   0.27920  
  3 32190.8259   4131.591149  x:  0.00000   0.00638   0.03692   0.01141   0.04466   0.04403   0.02001   0.02300   0.04359   0.01174   0.03029   0.01263   0.00895   0.00737   0.01165   0.04055   0.04015   0.01878   0.03752   0.02342   0.04700   0.02889   0.00000   0.02164   0.00000   0.05283   0.03960   0.03917   0.05468   0.02141   2.00020   1.10036   0.02849   0.27940  
  4 138429.9607   4054.132894  x:  0.00000   0.00576   0.02814   0.00853   0.03580   0.03516   0.01478   0.01583   0.03473   0.00880   0.02138   0.00792   0.00000   0.00633   0.00868   0.03300   0.03427   0.01521   0.03281   0.01926   0.03834   0.02458   0.00000   0.01825   0.00000   0.04689   0.03704   0.03528   0.04790   0.01926   2.00038   1.10070   0.02815   0.28003  
  5 42567.7709   3917.724755  x:  0.00000   0.00085   0.00700   0.00821   0.01454   0.01385   0.01023   0.00426   0.01343   0.00814   0.00000   0.01128   0.00000   0.00283   0.00773   0.01729   0.02326   0.01025   0.02364   0.01264   0.02058   0.01283   0.00000   0.02655   0.00000   0.03576   0.02862   0.02301   0.03350   0.01757   2.00070   1.10022   0.02866   0.26995  
  6 10353.8591   3882.386854  x:  0.00000   0.00448   0.00000   0.00692   0.00749   0.00678   0.00856   0.00197   0.00636   0.00679   0.00000   0.01132   0.00000   0.00036   0.00643   0.01246   0.01984   0.00913   0.02078   0.01065   0.01487   0.01101   0.00000   0.03019   0.00000   0.03239   0.02646   0.02110   0.02887   0.01748   2.00078   1.09993   0.02895   0.26471  
  7 15511.2541   3855.524228  x:  0.00000   0.00662   0.00000   0.00517   0.00116   0.00043   0.00676   0.00069   0.00000   0.00502   0.00000   0.01064   0.00000   0.00172   0.00476   0.00823   0.01676   0.00819   0.01818   0.00878   0.00974   0.01006   0.00000   0.03413   0.00000   0.02940   0.02474   0.02026   0.02470   0.01760   2.00086   1.09965   0.02925   0.25931  
  8 27544.7772   3854.018054  x:  0.00000   0.00669   0.00000   0.00509   0.00073   0.00000   0.00666   0.00085   0.00000   0.00493   0.00000   0.01058   0.00000   0.00175   0.00468   0.00797   0.01657   0.00814   0.01803   0.00868   0.00939   0.01002   0.00000   0.03429   0.00000   0.02921   0.02464   0.02021   0.02443   0.01760   2.00086   1.09964   0.02927   0.25900  
  9 18417.6671   3852.352241  x:  0.00000   0.00662   0.00000   0.00503   0.00000   0.00000   0.00661   0.00084   0.00000   0.00490   0.00000   0.01041   0.00000   0.00173   0.00467   0.00772   0.01637   0.00819   0.01788   0.00870   0.00880   0.01025   0.00000   0.03426   0.00000   0.02895   0.02460   0.02025   0.02405   0.01757   2.00087   1.09960   0.02931   0.25839  
 10 5172.9770   3840.053553  x:  0.00000   0.00640   0.00000   0.00564   0.00000   0.00000   0.00623   0.00081   0.00000   0.00532   0.00000   0.00670   0.00000   0.00167   0.00471   0.00787   0.01502   0.00807   0.01727   0.00864   0.00000   0.00842   0.00000   0.03412   0.00000   0.02618   0.02530   0.02228   0.01991   0.01759   2.00100   1.09930   0.02963   0.25132  
 11 3817.1905   3837.033078  x:  0.00000   0.00626   0.00000   0.00452   0.00000   0.00000   0.00631   0.00079   0.00000   0.00409   0.00000   0.00170   0.00000   0.00162   0.00497   0.01161   0.01649   0.00543   0.01901   0.00569   0.00000   0.01004   0.00000   0.03583   0.00000   0.02330   0.02595   0.01949   0.01654   0.01713   2.00143   1.09966   0.02929   0.24533  
 12 541.1417   3836.284016  x:  0.00000   0.00590   0.00000   0.00312   0.00000   0.00000   0.00467   0.00075   0.00000   0.00306   0.00000   0.00223   0.00000   0.00152   0.00316   0.01353   0.01721   0.00629   0.01976   0.00611   0.00000   0.00984   0.00000   0.03601   0.00000   0.02177   0.02666   0.01917   0.01537   0.01696   2.00179   1.10027   0.02869   0.24331  
 13 301.8248   3836.110058  x:  0.00000   0.00590   0.00000   0.00336   0.00000   0.00000   0.00330   0.00075   0.00000   0.00336   0.00000   0.00236   0.00000   0.00152   0.00320   0.01379   0.01725   0.00583   0.01934   0.00606   0.00000   0.01003   0.00000   0.03593   0.00000   0.02139   0.02643   0.01929   0.01617   0.01689   2.00216   1.10110   0.02787   0.24248  
 14 109.6457   3835.208532  x:  0.00000   0.00555   0.00000   0.00272   0.00000   0.00000   0.00367   0.00069   0.00000   0.00221   0.00000   0.00186   0.00000   0.00141   0.00317   0.01382   0.01637   0.00530   0.01530   0.00592   0.00000   0.00939   0.00000   0.03523   0.00000   0.01885   0.02444   0.02060   0.02190   0.01635   2.00509   1.10795   0.02105   0.23748  
 15 203.0621   3834.995962  x:  0.00000   0.00549   0.00000   0.00247   0.00000   0.00000   0.00392   0.00068   0.00000   0.00301   0.00000   0.00168   0.00000   0.00139   0.00243   0.01369   0.01608   0.00545   0.01473   0.00543   0.00000   0.00936   0.00000   0.03506   0.00000   0.01849   0.02413   0.02056   0.02284   0.01618   2.00590   1.10990   0.01911   0.23626  
 16 477.2067   3833.979757  x:  0.00000   0.00537   0.00000   0.00348   0.00000   0.00000   0.00375   0.00064   0.00000   0.00246   0.00000   0.00196   0.00000   0.00134   0.00221   0.01265   0.01445   0.00668   0.01509   0.00321   0.00000   0.00902   0.00000   0.03415   0.00000   0.01826   0.02440   0.01920   0.02367   0.01543   2.00991   1.11972   0.00933   0.23101  
 17 411.0444   3830.200679  x:  0.00000   0.00536   0.00000   0.00217   0.00000   0.00000   0.00303   0.00054   0.00000   0.00275   0.00000   0.00128   0.00000   0.00127   0.00327   0.00839   0.00886   0.00693   0.01725   0.00397   0.00000   0.00691   0.00000   0.03234   0.00000   0.01806   0.02499   0.01225   0.02478   0.01263   2.02480   1.15635  -0.02716   0.21227  
 18 2639.7835   3828.848022  x:  0.00000   0.00525   0.00000   0.00318   0.00000   0.00000   0.00381   0.00049   0.00000   0.00244   0.00000   0.00222   0.00000   0.00122   0.00195   0.00678   0.00833   0.00444   0.01755   0.00451   0.00000   0.00674   0.00000   0.03146   0.00000   0.01765   0.02460   0.01108   0.02352   0.01162   2.03058   1.17059  -0.04135   0.20534  
 19 2434.8004   3827.860637  x:  0.00000   0.00516   0.00000   0.00200   0.00000   0.00000   0.00400   0.00046   0.00000   0.00285   0.00000   0.00340   0.00000   0.00118   0.00284   0.00580   0.01023   0.00350   0.01689   0.00359   0.00000   0.00632   0.00000   0.03042   0.00000   0.01740   0.02276   0.01119   0.02127   0.01093   2.03508   1.18172  -0.05244   0.20018  
 20 1510.0726   3826.867279  x:  0.00000   0.00525   0.00000   0.00270   0.00000   0.00000   0.00369   0.00046   0.00000   0.00275   0.00000   0.00280   0.00000   0.00119   0.00271   0.00543   0.01330   0.00447   0.01512   0.00403   0.00000   0.00600   0.00000   0.02986   0.00000   0.01755   0.01864   0.00986   0.01866   0.01015   2.03986   1.19360  -0.06428   0.19499  
 21 1489.3335   3826.595226  x:  0.00000   0.00533   0.00000   0.00260   0.00000   0.00000   0.00376   0.00047   0.00000   0.00283   0.00000   0.00317   0.00000   0.00121   0.00286   0.00746   0.01161   0.00441   0.01391   0.00396   0.00000   0.00636   0.00000   0.02974   0.00000   0.01849   0.01713   0.00988   0.01730   0.01001   2.04172   1.19829  -0.06897   0.19354  
 22 193.9127   3824.811212  x:  0.00820   0.00531   0.00000   0.00259   0.00000   0.00000   0.00373   0.00047   0.00000   0.00280   0.00000   0.00312   0.00000   0.00120   0.00283   0.00729   0.01170   0.00440   0.01380   0.00396   0.00000   0.00632   0.00000   0.02974   0.00000   0.01879   0.01730   0.00988   0.01729   0.01001   2.04239   1.19999  -0.07067   0.19303  
 23 547.8645   3824.217103  x:  0.00958   0.00547   0.00000   0.00270   0.00000   0.00000   0.00389   0.00049   0.00000   0.00298   0.00000   0.00346   0.00000   0.00124   0.00312   0.00823   0.01246   0.00456   0.01032   0.00399   0.00000   0.00658   0.00000   0.03004   0.00000   0.01789   0.02049   0.00846   0.01686   0.00997   2.04431   1.20500  -0.07567   0.19202  
 24 249.4901   3820.726131  x:  0.01058   0.00598   0.00000   0.00299   0.00000   0.00000   0.00456   0.00056   0.00000   0.00355   0.00000   0.00428   0.00000   0.00135   0.00385   0.00946   0.01201   0.00507   0.01216   0.00417   0.00000   0.00738   0.00000   0.03062   0.00000   0.00824   0.01979   0.00772   0.01782   0.01007   2.06829   1.26714  -0.13779   0.17831  
 25 270.9048   3763.365513  x:  0.01079   0.00664   0.00000   0.00258   0.00000   0.00000   0.00365   0.00053   0.00000   0.00311   0.00000   0.00378   0.00000   0.00106   0.00361   0.00295   0.00802   0.00484   0.00853   0.00372   0.00000   0.00878   0.00000   0.03084   0.00000   0.00624   0.01760   0.00785   0.01090   0.01023   2.35236   1.99924  -0.86955   0.00000  
 26 4574.2305   3753.599143  x:  0.01316   0.00391   0.00000   0.00249   0.00000   0.00000   0.00325   0.00039   0.00000   0.00282   0.00000   0.00330   0.00000   0.00064   0.00324   0.00248   0.00802   0.00378   0.00598   0.00339   0.00000   0.00688   0.00000   0.01346   0.00000   0.00724   0.01565   0.00466   0.00593   0.01704   2.33433   1.93211  -0.80131   0.00000  
 27 32.9137   3752.222029  x:  0.01353   0.00300   0.00000   0.00261   0.00000   0.00000   0.00338   0.00040   0.00000   0.00291   0.00000   0.00328   0.00000   0.00061   0.00325   0.00464   0.00904   0.00374   0.00703   0.00348   0.00000   0.00626   0.00000   0.00986   0.00000   0.00756   0.01657   0.00433   0.00762   0.01694   2.41431   2.00222  -0.86604   0.00000  
 28 10.2985   3750.642024  x:  0.01613   0.00182   0.00000   0.00258   0.00000   0.00000   0.00349   0.00037   0.00000   0.00300   0.00000   0.00356   0.00000   0.00058   0.00327   0.00623   0.00977   0.00341   0.00694   0.00330   0.00000   0.00494   0.00000   0.01479   0.00000   0.00799   0.01631   0.00167   0.00901   0.01949   2.54646   2.04367  -0.89453   0.00000  
 29 10.0420   3743.050144  x:  0.01735   0.00166   0.00000   0.00208   0.00000   0.00000   0.00328   0.00144   0.00000   0.00271   0.00000   0.00236   0.00000   0.00150   0.00304   0.00209   0.00946   0.00469   0.01339   0.00422   0.00000   0.01009   0.00000   0.01550   0.00000   0.01602   0.02029   0.00000   0.00784   0.02326   4.26307   2.04845  -0.68335   0.00000  
 30  6.0528   3743.050144  x:  0.01735   0.00166   0.00000   0.00208   0.00000   0.00000   0.00328   0.00144   0.00000   0.00271   0.00000   0.00236   0.00000   0.00150   0.00304   0.00209   0.00946   0.00469   0.01339   0.00422   0.00000   0.01009   0.00000   0.01550   0.00000   0.01602   0.02029   0.00000   0.00784   0.02326   4.26307   2.04845  -0.68335   0.00000  
 31  1.6944   3741.703113  x:  0.01738   0.00116   0.00000   0.00340   0.00000   0.00000   0.00278   0.00141   0.00000   0.00291   0.00000   0.00097   0.00000   0.00133   0.00281   0.00338   0.00861   0.00546   0.01252   0.00547   0.00000   0.01008   0.00000   0.01525   0.00000   0.01504   0.02054   0.00003   0.00758   0.02480   4.26307   2.04849  -0.68338   0.00000  
 32 719.0704   3740.821634  x:  0.01742   0.00188   0.00000   0.00364   0.00000   0.00000   0.00247   0.00145   0.00000   0.00299   0.00000   0.00220   0.00000   0.00156   0.00269   0.00362   0.00715   0.00626   0.01092   0.00664   0.00000   0.01007   0.00000   0.01481   0.00000   0.01318   0.02102   0.00007   0.00718   0.02768   4.26307   2.04856  -0.68344   0.00000  
 33 673.6872   3740.179609  x:  0.01744   0.00136   0.00000   0.00265   0.00000   0.00000   0.00297   0.00142   0.00000   0.00283   0.00000   0.00168   0.00000   0.00138   0.00289   0.00267   0.00628   0.00631   0.00960   0.00664   0.00000   0.01007   0.00000   0.01443   0.00000   0.01150   0.02147   0.00010   0.00697   0.03038   4.26306   2.04864  -0.68352   0.00000  
 34 623.6491   3740.022605  x:  0.01744   0.00179   0.00000   0.00271   0.00000   0.00000   0.00279   0.00147   0.00000   0.00285   0.00000   0.00136   0.00000   0.00163   0.00285   0.00272   0.00672   0.00585   0.00945   0.00593   0.00000   0.01007   0.00000   0.01431   0.00000   0.01102   0.02167   0.00009   0.00706   0.03174   4.26306   2.04872  -0.68359   0.00000  
 35 244.9831   3739.944122  x:  0.01743   0.00150   0.00000   0.00288   0.00000   0.00000   0.00271   0.00142   0.00000   0.00287   0.00000   0.00159   0.00000   0.00142   0.00281   0.00288   0.00708   0.00558   0.00953   0.00551   0.00000   0.01006   0.00000   0.01426   0.00000   0.01088   0.02179   0.00008   0.00714   0.03265   4.26306   2.04878  -0.68365   0.00000  
 36 284.0547   3739.907903  x:  0.01741   0.00145   0.00000   0.00285   0.00000   0.00000   0.00291   0.00149   0.00000   0.00287   0.00000   0.00161   0.00000   0.00157   0.00286   0.00287   0.00729   0.00568   0.01000   0.00566   0.00000   0.01007   0.00000   0.01432   0.00000   0.01128   0.02186   0.00006   0.00722   0.03348   4.26305   2.04889  -0.68376   0.00000  
 37 89.6858   3739.898048  x:  0.01741   0.00153   0.00000   0.00281   0.00000   0.00000   0.00288   0.00142   0.00000   0.00286   0.00000   0.00158   0.00000   0.00145   0.00286   0.00282   0.00731   0.00572   0.01014   0.00570   0.00000   0.01007   0.00000   0.01435   0.00000   0.01144   0.02187   0.00006   0.00724   0.03373   4.26305   2.04895  -0.68381   0.00000  
 38 113.9168   3739.895476  x:  0.01741   0.00150   0.00000   0.00279   0.00000   0.00000   0.00277   0.00145   0.00000   0.00286   0.00000   0.00158   0.00000   0.00146   0.00284   0.00279   0.00725   0.00570   0.01017   0.00568   0.00000   0.01007   0.00000   0.01439   0.00000   0.01153   0.02185   0.00007   0.00722   0.03380   4.26305   2.04900  -0.68386   0.00000  
 39 35.0032   3739.893824  x:  0.01742   0.00150   0.00000   0.00281   0.00000   0.00000   0.00280   0.00141   0.00000   0.00286   0.00000   0.00157   0.00000   0.00148   0.00284   0.00281   0.00716   0.00567   0.01015   0.00563   0.00000   0.01008   0.00000   0.01443   0.00000   0.01162   0.02182   0.00007   0.00720   0.03385   4.26304   2.04909  -0.68395   0.00000  
 40 22.7229   3739.893080  x:  0.01742   0.00152   0.00000   0.00282   0.00000   0.00000   0.00282   0.00145   0.00000   0.00286   0.00000   0.00157   0.00000   0.00145   0.00285   0.00282   0.00714   0.00566   0.01012   0.00561   0.00000   0.01008   0.00000   0.01446   0.00000   0.01166   0.02180   0.00007   0.00719   0.03387   4.26304   2.04917  -0.68402   0.00000  
 41 27.3295   3739.883582  x:  0.01744   0.00151   0.00000   0.00280   0.00000   0.00000   0.00281   0.00143   0.00000   0.00287   0.00000   0.00158   0.00000   0.00146   0.00285   0.00281   0.00733   0.00569   0.00982   0.00568   0.00000   0.01009   0.00000   0.01471   0.00000   0.01179   0.02147   0.00009   0.00719   0.03395   4.26298   2.05057  -0.68534   0.00000  
 42 29.2165   3739.797428  x:  0.01735   0.00151   0.00000   0.00290   0.00000   0.00000   0.00283   0.00143   0.00000   0.00258   0.00000   0.00157   0.00000   0.00146   0.00266   0.00274   0.00713   0.00579   0.01027   0.00559   0.00000   0.01004   0.00000   0.01504   0.00000   0.01123   0.02003   0.00000   0.00739   0.03407   4.26242   2.06386  -0.69788   0.00000  
 43 120.9474   3739.797428  x:  0.01735   0.00151   0.00000   0.00290   0.00000   0.00000   0.00283   0.00143   0.00000   0.00258   0.00000   0.00157   0.00000   0.00146   0.00266   0.00274   0.00713   0.00579   0.01027   0.00559   0.00000   0.01004   0.00000   0.01504   0.00000   0.01123   0.02003   0.00000   0.00739   0.03407   4.26242   2.06386  -0.69788   0.00000  
 44 1668.8273   3739.758150  x:  0.01737   0.00136   0.00000   0.00286   0.00000   0.00000   0.00282   0.00142   0.00000   0.00286   0.00000   0.00133   0.00000   0.00141   0.00284   0.00285   0.00714   0.00575   0.01021   0.00565   0.00000   0.01004   0.00000   0.01493   0.00000   0.01129   0.02025   0.00002   0.00732   0.03406   4.26242   2.06388  -0.69790   0.00000  
 45 144.9266   3739.734257  x:  0.01739   0.00147   0.00000   0.00282   0.00000   0.00000   0.00281   0.00143   0.00000   0.00304   0.00000   0.00150   0.00000   0.00145   0.00296   0.00293   0.00715   0.00569   0.01010   0.00573   0.00000   0.01006   0.00000   0.01471   0.00000   0.01141   0.02072   0.00005   0.00720   0.03406   4.26242   2.06394  -0.69795   0.00000  
 46 101.1753   3739.707397  x:  0.01744   0.00142   0.00000   0.00285   0.00000   0.00000   0.00282   0.00143   0.00000   0.00284   0.00000   0.00143   0.00000   0.00143   0.00283   0.00285   0.00716   0.00565   0.00994   0.00581   0.00000   0.01008   0.00000   0.01434   0.00000   0.01159   0.02154   0.00009   0.00706   0.03405   4.26241   2.06405  -0.69806   0.00000  
 47 113.0741   3739.703867  x:  0.01742   0.00146   0.00000   0.00285   0.00000   0.00000   0.00282   0.00143   0.00000   0.00285   0.00000   0.00141   0.00000   0.00143   0.00284   0.00285   0.00715   0.00573   0.01000   0.00568   0.00000   0.01007   0.00000   0.01433   0.00000   0.01154   0.02174   0.00007   0.00718   0.03405   4.26241   2.06415  -0.69815   0.00000  
 48 26.3025   3739.703056  x:  0.01741   0.00142   0.00000   0.00285   0.00000   0.00000   0.00282   0.00143   0.00000   0.00286   0.00000   0.00144   0.00000   0.00143   0.00284   0.00285   0.00714   0.00574   0.01003   0.00566   0.00000   0.01007   0.00000   0.01434   0.00000   0.01152   0.02179   0.00007   0.00721   0.03405   4.26241   2.06419  -0.69819   0.00000  
 49 30.4855   3739.700669  x:  0.01739   0.00143   0.00000   0.00285   0.00000   0.00000   0.00283   0.00143   0.00000   0.00285   0.00000   0.00143   0.00000   0.00143   0.00283   0.00287   0.00714   0.00568   0.01013   0.00576   0.00000   0.01006   0.00000   0.01446   0.00000   0.01142   0.02191   0.00004   0.00725   0.03405   4.26239   2.06446  -0.69845   0.00000  
 50 19.0256   3739.694825  x:  0.01739   0.00143   0.00000   0.00288   0.00000   0.00000   0.00276   0.00143   0.00000   0.00287   0.00000   0.00144   0.00000   0.00142   0.00289   0.00273   0.00716   0.00570   0.01013   0.00574   0.00000   0.01006   0.00000   0.01466   0.00000   0.01136   0.02201   0.00005   0.00712   0.03404   4.26235   2.06539  -0.69932   0.00000  
 51 30.8053   3739.675814  x:  0.01744   0.00142   0.00000   0.00285   0.00000   0.00000   0.00285   0.00143   0.00000   0.00284   0.00000   0.00142   0.00000   0.00151   0.00282   0.00290   0.00717   0.00581   0.01002   0.00559   0.00000   0.01007   0.00000   0.01510   0.00000   0.01131   0.02217   0.00010   0.00681   0.03403   4.26220   2.06859  -0.70233   0.00000  
 52 217.6200   3739.649419  x:  0.01749   0.00144   0.00000   0.00282   0.00000   0.00000   0.00288   0.00142   0.00000   0.00283   0.00000   0.00147   0.00000   0.00123   0.00278   0.00298   0.00717   0.00582   0.00989   0.00556   0.00000   0.01008   0.00000   0.01531   0.00000   0.01138   0.02222   0.00014   0.00682   0.03402   4.26201   2.07283  -0.70632   0.00000  
 53 512.2944   3739.335320  x:  0.01787   0.00142   0.00000   0.00276   0.00000   0.00000   0.00271   0.00140   0.00000   0.00288   0.00000   0.00142   0.00000   0.00148   0.00272   0.00282   0.00700   0.00557   0.00859   0.00578   0.00000   0.01017   0.00000   0.01660   0.00000   0.01252   0.02238   0.00053   0.00807   0.03389   4.25949   2.12725  -0.75750   0.00000  
 54 2224.8943   3738.552915  x:  0.01734   0.00140   0.00000   0.00350   0.00000   0.00000   0.00358   0.00188   0.00000   0.00242   0.00000   0.00139   0.00000   0.00140   0.00366   0.00277   0.00714   0.00566   0.00995   0.00579   0.00000   0.01002   0.00000   0.01557   0.00000   0.01314   0.02183   0.00000   0.00757   0.03361   4.25309   2.26576  -0.88777   0.00000  
 55 4348.7209   3738.101194  x:  0.01703   0.00140   0.00000   0.00305   0.00000   0.00000   0.00308   0.00103   0.00000   0.00274   0.00000   0.00142   0.00000   0.00145   0.00300   0.00275   0.00716   0.00568   0.01066   0.00569   0.00000   0.00991   0.00000   0.01465   0.00000   0.01285   0.02147   0.00000   0.00706   0.03347   4.24980   2.33681  -0.95459   0.00000  
 56 15826.3056   3737.982572  x:  0.01696   0.00139   0.00000   0.00274   0.00000   0.00000   0.00271   0.00146   0.00000   0.00289   0.00000   0.00139   0.00000   0.00143   0.00263   0.00277   0.00713   0.00567   0.01074   0.00563   0.00000   0.00987   0.00000   0.01430   0.00000   0.01252   0.02135   0.00000   0.00690   0.03343   4.24881   2.35831  -0.97481   0.00000  
 57 10756.6271   3737.900267  x:  0.01702   0.00139   0.00000   0.00270   0.00000   0.00000   0.00265   0.00142   0.00000   0.00270   0.00000   0.00139   0.00000   0.00142   0.00286   0.00285   0.00696   0.00555   0.01002   0.00555   0.00000   0.00986   0.00000   0.01382   0.00000   0.01131   0.02125   0.00000   0.00691   0.03343   4.24815   2.37244  -0.98809   0.00000  
 58 1448.2602   3737.893351  x:  0.01704   0.00139   0.00000   0.00279   0.00000   0.00000   0.00277   0.00143   0.00000   0.00281   0.00000   0.00139   0.00000   0.00142   0.00277   0.00279   0.00697   0.00557   0.00993   0.00556   0.00000   0.00986   0.00000   0.01377   0.00000   0.01117   0.02124   0.00000   0.00692   0.03343   4.24809   2.37372  -0.98930   0.00000  
 59 411.4670   3737.892819  x:  0.01707   0.00139   0.00000   0.00279   0.00000   0.00000   0.00276   0.00143   0.00000   0.00280   0.00000   0.00139   0.00000   0.00142   0.00277   0.00279   0.00703   0.00563   0.00991   0.00560   0.00000   0.00987   0.00000   0.01377   0.00000   0.01116   0.02123   0.00000   0.00693   0.03344   4.24807   2.37402  -0.98957   0.00000  
 60 32.4339   3737.836857  x:  0.01727   0.00139   0.00000   0.00276   0.00000   0.00000   0.00277   0.00143   0.00000   0.00280   0.00000   0.00139   0.00000   0.00142   0.00278   0.00278   0.00714   0.00564   0.00986   0.00560   0.00000   0.00989   0.00000   0.01377   0.00000   0.01120   0.02123   0.00000   0.00692   0.03350   4.24792   2.37615  -0.99154   0.00287  
 61 56.9613   3737.835630  x:  0.01727   0.00139   0.00000   0.00283   0.00000   0.00000   0.00273   0.00143   0.00000   0.00280   0.00000   0.00139   0.00000   0.00142   0.00277   0.00282   0.00708   0.00567   0.00984   0.00562   0.00000   0.00991   0.00000   0.01377   0.00000   0.01122   0.02123   0.00000   0.00692   0.03352   4.24789   2.37659  -0.99195   0.00292  
 62 62.4709   3737.832827  x:  0.01726   0.00139   0.00000   0.00277   0.00000   0.00000   0.00277   0.00142   0.00000   0.00280   0.00000   0.00139   0.00000   0.00141   0.00277   0.00279   0.00694   0.00575   0.00976   0.00566   0.00000   0.00996   0.00000   0.01379   0.00000   0.01129   0.02123   0.00000   0.00689   0.03358   4.24777   2.37850  -0.99373   0.00299  
 63 126.3459   3737.824695  x:  0.01734   0.00139   0.00000   0.00278   0.00000   0.00000   0.00275   0.00142   0.00000   0.00280   0.00000   0.00139   0.00000   0.00141   0.00276   0.00280   0.00706   0.00567   0.00944   0.00556   0.00000   0.01002   0.00000   0.01384   0.00000   0.01151   0.02122   0.00000   0.00684   0.03376   4.24732   2.38549  -1.00020   0.00316  
 64 265.4609   3737.823968  x:  0.01744   0.00139   0.00000   0.00278   0.00000   0.00000   0.00275   0.00142   0.00000   0.00280   0.00000   0.00139   0.00000   0.00141   0.00276   0.00280   0.00704   0.00567   0.00943   0.00556   0.00000   0.00991   0.00000   0.01384   0.00000   0.01153   0.02122   0.00000   0.00683   0.03369   4.24726   2.38621  -1.00087   0.00317  
 65 45.3474   3737.823745  x:  0.01749   0.00139   0.00000   0.00278   0.00000   0.00000   0.00275   0.00142   0.00000   0.00280   0.00000   0.00139   0.00000   0.00141   0.00276   0.00280   0.00704   0.00567   0.00943   0.00556   0.00000   0.00996   0.00000   0.01384   0.00000   0.01154   0.02122   0.00000   0.00683   0.03359   4.24723   2.38646  -1.00109   0.00317  
 66 11.9039   3737.823697  x:  0.01746   0.00139   0.00000   0.00278   0.00000   0.00000   0.00275   0.00142   0.00000   0.00280   0.00000   0.00139   0.00000   0.00141   0.00276   0.00280   0.00704   0.00567   0.00942   0.00556   0.00000   0.00995   0.00000   0.01384   0.00000   0.01154   0.02122   0.00000   0.00683   0.03354   4.24721   2.38650  -1.00111   0.00317  
 67  2.1712   3737.523388  x:  0.01745   0.00140   0.00000   0.00277   0.00000   0.00000   0.00275   0.00139   0.00000   0.00284   0.00000   0.00140   0.00000   0.00140   0.00275   0.00282   0.00705   0.00564   0.00958   0.00561   0.00000   0.00995   0.00000   0.01431   0.00000   0.01146   0.02147   0.00000   0.00705   0.03355   3.65562   2.69402  -0.89185   0.00679  
 68  0.6385   3737.180848  x:  0.01716   0.00141   0.00000   0.00281   0.00000   0.00000   0.00282   0.00137   0.00000   0.00285   0.00000   0.00142   0.00000   0.00140   0.00282   0.00283   0.00704   0.00560   0.01000   0.00566   0.00000   0.00990   0.00000   0.01439   0.00000   0.01131   0.02159   0.00000   0.00715   0.03344   3.91983   3.59750  -0.50042   0.01528  
 69  0.3453   3737.180779  x:  0.01716   0.00141   0.00000   0.00281   0.00000   0.00000   0.00282   0.00137   0.00000   0.00285   0.00000   0.00142   0.00000   0.00140   0.00282   0.00283   0.00704   0.00560   0.01000   0.00566   0.00000   0.00990   0.00000   0.01439   0.00000   0.01131   0.02159   0.00006   0.00715   0.03344   3.92005   3.59824  -0.50010   0.01529  
 70 31.9124   3737.099028  x:  0.01700   0.00139   0.00000   0.00282   0.00000   0.00000   0.00282   0.00141   0.00000   0.00279   0.00000   0.00140   0.00000   0.00141   0.00281   0.00279   0.00702   0.00560   0.01000   0.00560   0.00000   0.00988   0.00000   0.01400   0.00000   0.01124   0.02134   0.00027   0.00701   0.03338   3.87088   3.91672  -0.27312   0.01287  
 71  0.2306   3737.079046  x:  0.01689   0.00141   0.00000   0.00281   0.00000   0.00000   0.00281   0.00142   0.00000   0.00282   0.00000   0.00141   0.00000   0.00141   0.00280   0.00282   0.00704   0.00563   0.00989   0.00563   0.00000   0.00992   0.00000   0.01421   0.00000   0.01133   0.02147   0.00025   0.00707   0.03346   3.81697   4.27264  -0.06332   0.01466  
 72  0.2801   3737.069847  x:  0.01677   0.00140   0.00000   0.00280   0.00000   0.00000   0.00280   0.00140   0.00000   0.00283   0.00000   0.00140   0.00000   0.00140   0.00280   0.00281   0.00704   0.00561   0.00990   0.00564   0.00000   0.00991   0.00000   0.01427   0.00000   0.01132   0.02151   0.00055   0.00709   0.03344   3.87988   4.52788   0.16473   0.01424  
 73  0.1390   3737.036832  x:  0.01638   0.00145   0.00000   0.00290   0.00000   0.00000   0.00290   0.00143   0.00000   0.00281   0.00000   0.00145   0.00000   0.00145   0.00292   0.00281   0.00706   0.00563   0.01005   0.00562   0.00000   0.00989   0.00000   0.01381   0.00000   0.01135   0.02127   0.00054   0.00693   0.03338   3.85328   5.50427   1.19659   0.01434  
 74  0.1776   3737.006304  x:  0.01610   0.00139   0.00000   0.00279   0.00000   0.00000   0.00280   0.00138   0.00000   0.00281   0.00000   0.00140   0.00000   0.00141   0.00276   0.00279   0.00702   0.00562   0.00990   0.00561   0.00000   0.00991   0.00000   0.01418   0.00000   0.01125   0.02144   0.00130   0.00706   0.03345   3.83549   6.20026   2.02808   0.01348  
 75  0.6030   3737.001032  x:  0.01590   0.00141   0.00000   0.00281   0.00000   0.00000   0.00281   0.00142   0.00000   0.00283   0.00000   0.00141   0.00000   0.00141   0.00281   0.00282   0.00704   0.00563   0.00987   0.00564   0.00000   0.00992   0.00000   0.01427   0.00000   0.01135   0.02150   0.00127   0.00709   0.03347   3.85416   6.65882   2.52125   0.01281  
 76  0.5073   3736.996573  x:  0.01545   0.00140   0.00000   0.00281   0.00000   0.00000   0.00281   0.00140   0.00000   0.00281   0.00000   0.00140   0.00000   0.00140   0.00280   0.00280   0.00705   0.00562   0.00989   0.00562   0.00000   0.00990   0.00000   0.01405   0.00000   0.01136   0.02141   0.00181   0.00700   0.03343   3.85691   7.78755   3.62702   0.01306  
 77  0.4880   3736.994785  x:  0.01519   0.00141   0.00000   0.00281   0.00000   0.00000   0.00281   0.00141   0.00000   0.00282   0.00000   0.00141   0.00000   0.00141   0.00280   0.00281   0.00703   0.00562   0.00989   0.00562   0.00000   0.00992   0.00000   0.01422   0.00000   0.01129   0.02146   0.00199   0.00708   0.03346   3.84886   8.44761   4.28529   0.01313  
 78  0.5217   3736.994025  x:  0.01475   0.00140   0.00000   0.00281   0.00000   0.00000   0.00281   0.00141   0.00000   0.00282   0.00000   0.00140   0.00000   0.00141   0.00281   0.00281   0.00705   0.00562   0.00989   0.00563   0.00000   0.00991   0.00000   0.01417   0.00000   0.01137   0.02146   0.00250   0.00705   0.03346   3.85151   9.52308   5.36253   0.01309  
 79  0.4856   3736.993742  x:  0.01447   0.00141   0.00000   0.00281   0.00000   0.00000   0.00281   0.00141   0.00000   0.00282   0.00000   0.00141   0.00000   0.00141   0.00280   0.00281   0.00704   0.00562   0.00989   0.00563   0.00000   0.00991   0.00000   0.01418   0.00000   0.01131   0.02145   0.00274   0.00706   0.03345   3.85121  10.23178   6.07072   0.01310  
 80  0.5216   3736.993601  x:  0.01401   0.00140   0.00000   0.00281   0.00000   0.00000   0.00281   0.00141   0.00000   0.00282   0.00000   0.00141   0.00000   0.00141   0.00281   0.00281   0.00704   0.00562   0.00989   0.00563   0.00000   0.00991   0.00000   0.01420   0.00000   0.01134   0.02146   0.00322   0.00706   0.03345   3.85004  11.37522   7.21413   0.01311  
 81  0.5019   3736.993556  x:  0.01379   0.00140   0.00000   0.00281   0.00000   0.00000   0.00281   0.00141   0.00000   0.00282   0.00000   0.00141   0.00000   0.00141   0.00280   0.00281   0.00704   0.00562   0.00989   0.00563   0.00000   0.00991   0.00000   0.01418   0.00000   0.01132   0.02146   0.00343   0.00706   0.03345   3.85120  11.91934   7.75821   0.01310  
 82  0.4495   3736.993531  x:  0.01314   0.00140   0.00000   0.00281   0.00000   0.00000   0.00281   0.00141   0.00000   0.00282   0.00000   0.00141   0.00000   0.00141   0.00281   0.00281   0.00704   0.00562   0.00989   0.00563   0.00000   0.00991   0.00000   0.01419   0.00000   0.01132   0.02146   0.00408   0.00706   0.03345   3.85051  13.52098   9.36018   0.01311  
 83  0.5198   3736.993524  x:  0.01294   0.00140   0.00000   0.00281   0.00000   0.00000   0.00281   0.00141   0.00000   0.00282   0.00000   0.00141   0.00000   0.00141   0.00280   0.00281   0.00704   0.00562   0.00989   0.00563   0.00000   0.00991   0.00000   0.01419   0.00000   0.01133   0.02146   0.00427   0.00706   0.03345   3.85096  14.01780   9.85664   0.01310  
 84  0.4592   3736.993521  x:  0.01250   0.00140   0.00000   0.00281   0.00000   0.00000   0.00281   0.00141   0.00000   0.00282   0.00000   0.00141   0.00000   0.00141   0.00280   0.00281   0.00704   0.00562   0.00989   0.00563   0.00000   0.00991   0.00000   0.01419   0.00000   0.01132   0.02146   0.00472   0.00706   0.03345   3.85090  15.12201  10.96109   0.01311  
 85  0.3964   3736.993520  x:  0.01230   0.00140   0.00000   0.00281   0.00000   0.00000   0.00281   0.00141   0.00000   0.00282   0.00000   0.00141   0.00000   0.00141   0.00280   0.00281   0.00704   0.00562   0.00989   0.00563   0.00000   0.00991   0.00000   0.01419   0.00000   0.01133   0.02146   0.00492   0.00706   0.03345   3.85088  15.61830  11.45721   0.01310  
 86  0.4386   3736.993520  x:  0.01181   0.00140   0.00000   0.00281   0.00000   0.00000   0.00281   0.00141   0.00000   0.00282   0.00000   0.00141   0.00000   0.00141   0.00280   0.00281   0.00704   0.00562   0.00989   0.00563   0.00000   0.00991   0.00000   0.01419   0.00000   0.01133   0.02146   0.00541   0.00706   0.03345   3.85091  16.83840  12.67733   0.01310  
 87  0.5918   3736.993519  x:  0.01101   0.00140   0.00000   0.00281   0.00000   0.00000   0.00281   0.00141   0.00000   0.00282   0.00000   0.00141   0.00000   0.00141   0.00280   0.00281   0.00704   0.00562   0.00989   0.00563   0.00000   0.00991   0.00000   0.01419   0.00000   0.01132   0.02146   0.00620   0.00706   0.03345   3.85085  18.81614  14.65510   0.01310  
 88  0.8304   3736.993519  x:  0.01061   0.00140   0.00000   0.00281   0.00000   0.00000   0.00281   0.00141   0.00000   0.00282   0.00000   0.00141   0.00000   0.00141   0.00280   0.00281   0.00704   0.00562   0.00989   0.00563   0.00000   0.00991   0.00000   0.01419   0.00000   0.01133   0.02146   0.00660   0.00706   0.03345   3.85092  19.80237  15.64131   0.01310  
 89  0.6491   3736.993519  x:  0.01040   0.00140   0.00000   0.00281   0.00000   0.00000   0.00281   0.00141   0.00000   0.00282   0.00000   0.00141   0.00000   0.00141   0.00280   0.00281   0.00704   0.00562   0.00989   0.00563   0.00000   0.00991   0.00000   0.01419   0.00000   0.01133   0.02146   0.00681   0.00706   0.03345   3.85091  20.33414  16.17308   0.01310  
 90  1.0827   3736.993519  x:  0.01040   0.00140   0.00000   0.00281   0.00000   0.00000   0.00281   0.00141   0.00000   0.00282   0.00000   0.00141   0.00000   0.00141   0.00280   0.00281   0.00704   0.00562   0.00989   0.00563   0.00000   0.00991   0.00000   0.01419   0.00000   0.01133   0.02146   0.00681   0.00706   0.03345   3.85091  20.33414  16.17307   0.01310  
 91  0.7514   3736.993519  x:  0.01040   0.00140   0.00000   0.00281   0.00000   0.00000   0.00281   0.00141   0.00000   0.00282   0.00000   0.00141   0.00000   0.00141   0.00280   0.00281   0.00704   0.00562   0.00989   0.00563   0.00000   0.00991   0.00000   0.01419   0.00000   0.01133   0.02146   0.00681   0.00706   0.03345   3.85091  20.33412  16.17306   0.01310  