

TREE # 1

  0  0.0000    172.371076  x:  0.00000   0.00816   0.02703   0.00877   0.03141   0.03099   0.01525   0.01804   0.03076   0.00895   0.02314   0.01156   0.01086   0.00739   0.00886   0.02770   0.04796   0.01188   0.02249   0.01547   0.03058   0.04088   0.02939   0.00951   0.00366   0.05332   0.01986   0.04088   0.05966   0.02766   2.00000   1.09989   0.02896   0.27919   2.57308  
  1 99.0000    172.366548  x:  0.00000   0.00815   0.02702   0.00876   0.03140   0.03098   0.01524   0.01803   0.03075   0.00894   0.02313   0.01155   0.01085   0.00739   0.00886   0.02769   0.04795   0.01187   0.02248   0.01546   0.03057   0.04088   0.02939   0.00950   0.00365   0.05332   0.01985   0.04088   0.05965   0.02766   2.00000   1.09989   0.02896   0.27919   2.57308  
  2 133.7136    169.795866  x:  0.00000   0.00446   0.02311   0.00483   0.02753   0.02711   0.01101   0.01411   0.02683   0.00501   0.01921   0.00763   0.00692   0.00346   0.00493   0.02377   0.04603   0.00795   0.01856   0.01154   0.02691   0.04021   0.03554   0.00578   0.00000   0.05086   0.01598   0.03916   0.05727   0.03609   2.00015   1.09960   0.02927   0.27389   2.57308  
  3 561.4617    167.546747  x:  0.00000   0.00200   0.01966   0.00138   0.02424   0.02381   0.00620   0.01064   0.02336   0.00155   0.01573   0.00416   0.00345   0.00000   0.00146   0.02029   0.04333   0.00448   0.01508   0.00810   0.02452   0.03973   0.03535   0.00337   0.00000   0.04689   0.01287   0.03548   0.05300   0.03549   2.00045   1.09788   0.03105   0.25251   2.57308  
  4 135.9146    166.718986  x:  0.00000   0.00105   0.01829   0.00000   0.02293   0.02251   0.00420   0.00926   0.02198   0.00017   0.01435   0.00278   0.00207   0.00000   0.00008   0.01891   0.04329   0.00310   0.01370   0.00673   0.02358   0.03970   0.03534   0.00245   0.00000   0.04659   0.01165   0.03609   0.05234   0.03562   2.00057   1.09723   0.03172   0.24387   2.57308  
  5 1072.6123    166.675743  x:  0.00000   0.00100   0.01821   0.00000   0.02286   0.02243   0.00409   0.00918   0.02190   0.00009   0.01427   0.00270   0.00200   0.00000   0.00000   0.01883   0.04329   0.00303   0.01362   0.00666   0.02353   0.03970   0.03534   0.00240   0.00000   0.04659   0.01158   0.03609   0.05233   0.03562   2.00058   1.09720   0.03175   0.24340   2.57308  
  6 11898.6738    166.627451  x:  0.00000   0.00094   0.01812   0.00000   0.02277   0.02235   0.00396   0.00909   0.02181   0.00000   0.01418   0.00261   0.00190   0.00000   0.00000   0.01874   0.04330   0.00294   0.01353   0.00657   0.02347   0.03970   0.03535   0.00234   0.00000   0.04660   0.01151   0.03609   0.05231   0.03563   2.00059   1.09715   0.03180   0.24284   2.57308  
  7 67047.8631    165.929032  x:  0.00000   0.00000   0.01674   0.00000   0.02146   0.02104   0.00224   0.00771   0.02042   0.00000   0.01279   0.00123   0.00052   0.00000   0.00000   0.01734   0.04279   0.00155   0.01214   0.00520   0.02254   0.03966   0.03519   0.00132   0.00000   0.04658   0.01022   0.03623   0.05282   0.03585   2.00071   1.09636   0.03261   0.23397   2.57308  
  8 2935.0672    165.676610  x:  0.00000   0.00000   0.01622   0.00000   0.02097   0.02054   0.00151   0.00719   0.01990   0.00000   0.01228   0.00071   0.00000   0.00000   0.00000   0.01682   0.04284   0.00103   0.01163   0.00468   0.02218   0.03965   0.03542   0.00095   0.00000   0.04641   0.00976   0.03629   0.05297   0.03572   2.00076   1.09615   0.03284   0.23090   2.57308  
  9 1918.4029    165.351073  x:  0.00000   0.00000   0.01552   0.00000   0.02029   0.01986   0.00046   0.00648   0.01919   0.00000   0.01157   0.00000   0.00000   0.00000   0.00000   0.01611   0.04296   0.00032   0.01092   0.00398   0.02167   0.03963   0.03543   0.00046   0.00000   0.04631   0.00913   0.03631   0.05301   0.03577   2.00082   1.09592   0.03308   0.22687   2.57308  
 10 5527.5769    165.351073  x:  0.00000   0.00000   0.01552   0.00000   0.02029   0.01986   0.00046   0.00648   0.01919   0.00000   0.01157   0.00000   0.00000   0.00000   0.00000   0.01611   0.04296   0.00032   0.01092   0.00398   0.02167   0.03963   0.03543   0.00046   0.00000   0.04631   0.00913   0.03631   0.05301   0.03577   2.00082   1.09592   0.03308   0.22687   2.57308  
 11 2635145732.9189    165.219986  x:  0.00000   0.00000   0.01520   0.00000   0.01997   0.01954   0.00013   0.00616   0.01887   0.00000   0.01125   0.00000   0.00000   0.00000   0.00000   0.01579   0.04290   0.00000   0.01060   0.00366   0.02135   0.03960   0.03542   0.00014   0.00000   0.04623   0.00881   0.03630   0.05291   0.03577   2.00083   1.09593   0.03307   0.22680   2.57308  
 12 108.2968    165.179009  x:  0.00000   0.00000   0.01511   0.00000   0.01989   0.01946   0.00000   0.00607   0.01878   0.00000   0.01116   0.00000   0.00000   0.00000   0.00000   0.01570   0.04277   0.00000   0.01050   0.00357   0.02126   0.03956   0.03559   0.00005   0.00000   0.04605   0.00872   0.03644   0.05271   0.03592   2.00083   1.09590   0.03310   0.22639   2.57308  
 13 96.5802    165.161212  x:  0.00000   0.00000   0.01506   0.00000   0.01985   0.01942   0.00000   0.00603   0.01873   0.00000   0.01111   0.00000   0.00000   0.00000   0.00000   0.01566   0.04276   0.00000   0.01046   0.00352   0.02122   0.03956   0.03556   0.00000   0.00000   0.04601   0.00868   0.03642   0.05264   0.03589   2.00084   1.09588   0.03312   0.22606   2.57308  
 14 114.8385    163.920165  x:  0.00000   0.00000   0.01151   0.00000   0.01679   0.01637   0.00000   0.00245   0.01514   0.00000   0.00753   0.00000   0.00000   0.00000   0.00000   0.01207   0.04367   0.00000   0.00688   0.00000   0.01777   0.03973   0.03616   0.00000   0.00000   0.04710   0.00529   0.03641   0.05224   0.03606   2.00129   1.09455   0.03451   0.20114   2.57307  
 15 537.6317    163.149340  x:  0.00000   0.00000   0.00910   0.00000   0.01470   0.01427   0.00000   0.00000   0.01270   0.00000   0.00509   0.00000   0.00000   0.00000   0.00000   0.00963   0.04273   0.00000   0.00444   0.00000   0.01546   0.03955   0.03549   0.00000   0.00000   0.04671   0.00306   0.03700   0.05386   0.03622   2.00159   1.09400   0.03510   0.18462   2.57307  
 16 1512.0361    162.021409  x:  0.00000   0.00000   0.00502   0.00000   0.01104   0.01061   0.00000   0.00000   0.00863   0.00000   0.00093   0.00000   0.00000   0.00000   0.00000   0.00553   0.04191   0.00000   0.00027   0.00000   0.01187   0.03989   0.03867   0.00000   0.00000   0.04348   0.00000   0.03375   0.05716   0.03453   2.00210   1.09609   0.03307   0.16210   2.57306  
 17 361.7323    161.956006  x:  0.00000   0.00000   0.00475   0.00000   0.01079   0.01036   0.00000   0.00000   0.00838   0.00000   0.00066   0.00000   0.00000   0.00000   0.00000   0.00526   0.04196   0.00000   0.00000   0.00000   0.01166   0.03990   0.03866   0.00000   0.00000   0.04340   0.00000   0.03376   0.05719   0.03453   2.00213   1.09639   0.03278   0.16105   2.57306  
 18 314.0710    161.814981  x:  0.00000   0.00000   0.00411   0.00000   0.01019   0.00977   0.00000   0.00000   0.00774   0.00000   0.00000   0.00000   0.00000   0.00000   0.00000   0.00462   0.04220   0.00000   0.00000   0.00000   0.01113   0.03994   0.03864   0.00000   0.00000   0.04314   0.00000   0.03380   0.05730   0.03455   2.00220   1.09711   0.03206   0.15844   2.57305  
 19 22527.8772    161.031171  x:  0.00000   0.00000   0.00000   0.00000   0.00650   0.00607   0.00000   0.00000   0.00370   0.00000   0.00000   0.00000   0.00000   0.00000   0.00000   0.00052   0.04281   0.00000   0.00000   0.00000   0.00776   0.04042   0.03848   0.00000   0.00000   0.04236   0.00000   0.03357   0.05775   0.03511   2.00275   1.10295   0.02627   0.14046   2.57305  
 20 180.6188    160.947782  x:  0.00000   0.00000   0.00000   0.00000   0.00604   0.00561   0.00000   0.00000   0.00319   0.00000   0.00000   0.00000   0.00000   0.00000   0.00000   0.00000   0.04289   0.00000   0.00000   0.00000   0.00733   0.04049   0.03845   0.00000   0.00000   0.04227   0.00000   0.03352   0.05781   0.03521   2.00282   1.10369   0.02554   0.13821   2.57305  
 21 221954.9824    160.515371  x:  0.00000   0.00000   0.00000   0.00000   0.00314   0.00270   0.00000   0.00000   0.00000   0.00000   0.00000   0.00000   0.00000   0.00000   0.00000   0.00000   0.04306   0.00000   0.00000   0.00000   0.00469   0.04197   0.03840   0.00000   0.00000   0.04178   0.00000   0.03360   0.05812   0.03542   2.00327   1.10853   0.02074   0.12343   2.57304  
 22 1104.4850    160.195906  x:  0.00000   0.00000   0.00000   0.00000   0.00044   0.00000   0.00000   0.00000   0.00000   0.00000   0.00000   0.00000   0.00000   0.00000   0.00000   0.00000   0.04337   0.00000   0.00000   0.00000   0.00226   0.04265   0.03830   0.00000   0.00000   0.04130   0.00000   0.03347   0.05842   0.03579   2.00370   1.11313   0.01618   0.10945   2.57303  
 23 6787.6748    160.163755  x:  0.00000   0.00000   0.00000   0.00000   0.00000   0.00000   0.00000   0.00000   0.00000   0.00000   0.00000   0.00000   0.00000   0.00000   0.00000   0.00000   0.04341   0.00000   0.00000   0.00000   0.00180   0.04269   0.03829   0.00000   0.00000   0.04124   0.00000   0.03346   0.05845   0.03583   2.00373   1.11343   0.01588   0.10847   2.57303  
 24 207.9295    160.095082  x:  0.00000   0.00000   0.00000   0.00000   0.00000   0.00000   0.00000   0.00000   0.00000   0.00000   0.00000   0.00000   0.00000   0.00000   0.00000   0.00000   0.04349   0.00000   0.00000   0.00000   0.00000   0.04278   0.03826   0.00000   0.00000   0.04113   0.00000   0.03342   0.05851   0.03592   2.00383   1.11428   0.01504   0.10592   2.57303  
 25 310.0013    159.348532  x:  0.00000   0.00000   0.00000   0.00000   0.00000   0.00000   0.00000   0.00000   0.00000   0.00000   0.00000   0.00000   0.00000   0.00000   0.00000   0.00000   0.04645   0.00000   0.00000   0.00000   0.00000   0.04734   0.03678   0.00000   0.00000   0.03634   0.00000   0.03136   0.06051   0.04035   2.01435   1.14855  -0.01893   0.00000   2.57299  
 26  8.0064    158.802796  x:  0.00000   0.00000   0.00000   0.00000   0.00000   0.00000   0.00000   0.00000   0.00000   0.00000   0.00000   0.00000   0.00000   0.00000   0.00000   0.00000   0.03141   0.00000   0.00000   0.00000   0.00000   0.04084   0.03283   0.00000   0.00000   0.03716   0.00000   0.03233   0.02816   0.04412   2.58844   1.18493  -0.05661   0.00000   2.57319  
 27  0.6811    158.795580  x:  0.00427   0.00000   0.00000   0.00000   0.00000   0.00000   0.00000   0.00000   0.00000   0.00000   0.00000   0.00000   0.00000   0.00000   0.00000   0.00000   0.03158   0.00000   0.00000   0.00000   0.00000   0.04087   0.03286   0.00000   0.00000   0.03709   0.00000   0.03237   0.02839   0.04408   2.58640   1.18507  -0.05674   0.00000   2.57319  
 28  3.3374    158.611069  x:  0.00000   0.00000   0.00000   0.00000   0.00000   0.00000   0.00000   0.00000   0.00000   0.00000   0.00000   0.00000   0.00000   0.00000   0.00000   0.00000   0.03784   0.00000   0.00000   0.00000   0.00000   0.04029   0.03258   0.00000   0.00000   0.03012   0.00000   0.03603   0.02866   0.04331   2.81183   1.23227  -0.10411   0.00000   2.57321  
 29  1.6141    158.300615  x:  0.00000   0.00000   0.00000   0.00000   0.00000   0.00000   0.00000   0.00000   0.00000   0.00000   0.00000   0.00000   0.00000   0.00000   0.00000   0.00000   0.03588   0.00000   0.00000   0.00000   0.00000   0.04651   0.02904   0.00000   0.00000   0.03277   0.00000   0.02859   0.04227   0.05882   3.56841   1.42686  -0.29954   0.00000   2.57333  
 30  1.4153    158.281346  x:  0.00686   0.00000   0.00000   0.00000   0.00000   0.00000   0.00000   0.00000   0.00000   0.00000   0.00000   0.00000   0.00000   0.00000   0.00000   0.00000   0.03575   0.00000   0.00000   0.00000   0.00000   0.04688   0.02881   0.00000   0.00000   0.03292   0.00000   0.02813   0.04313   0.05978   3.61778   1.43937  -0.31211   0.00000   2.57334  
 31 45.2814    157.958322  x:  0.00239   0.00000   0.00000   0.00000   0.00000   0.00000   0.00000   0.00000   0.00000   0.00000   0.00000   0.00000   0.00000   0.00000   0.00000   0.00000   0.03241   0.00000   0.00000   0.00000   0.00000   0.02836   0.03299   0.00000   0.00000   0.02377   0.00000   0.03155   0.04230   0.04066   4.44808   1.53439  -0.40847   0.00000   2.57353  
 32  1.0580    157.771503  x:  0.00595   0.00000   0.00000   0.00000   0.00000   0.00000   0.00000   0.00000   0.00000   0.00000   0.00000   0.00000   0.00000   0.00000   0.00000   0.00000   0.03997   0.00000   0.00000   0.00000   0.00000   0.03002   0.03253   0.00000   0.00000   0.03262   0.00000   0.02703   0.03111   0.03267   5.11028   1.66665  -0.54151   0.00000   2.57364  
 33  0.8317    157.735961  x:  0.00933   0.00000   0.00000   0.00000   0.00000   0.00000   0.00000   0.00000   0.00000   0.00000   0.00000   0.00000   0.00000   0.00000   0.00000   0.00000   0.03398   0.00000   0.00000   0.00000   0.00000   0.03505   0.03423   0.00000   0.00000   0.03251   0.00000   0.02354   0.03318   0.03199   5.31617   1.72331  -0.59850   0.00000   2.57369  
 34  0.2491    157.731302  x:  0.01006   0.00000   0.00000   0.00000   0.00000   0.00000   0.00000   0.00000   0.00000   0.00000   0.00000   0.00000   0.00000   0.00000   0.00000   0.00000   0.03265   0.00000   0.00000   0.00000   0.00000   0.03294   0.03293   0.00000   0.00000   0.03341   0.00000   0.02263   0.03393   0.03142   5.39095   1.74424  -0.61956   0.00000   2.57371  
 35  0.0854    157.730099  x:  0.01011   0.00000   0.00000   0.00000   0.00000   0.00000   0.00000   0.00000   0.00000   0.00000   0.00000   0.00000   0.00000   0.00000   0.00000   0.00000   0.03321   0.00000   0.00000   0.00000   0.00000   0.03265   0.03269   0.00000   0.00000   0.03329   0.00000   0.02243   0.03320   0.03228   5.37932   1.75970  -0.63512   0.00000   2.57372  
 36  0.0175    157.728212  x:  0.01009   0.00000   0.00000   0.00000   0.00000   0.00000   0.00000   0.00000   0.00000   0.00000   0.00000   0.00000   0.00000   0.00000   0.00000   0.00000   0.03368   0.00000   0.00000   0.00000   0.00000   0.03250   0.03268   0.00000   0.00000   0.03260   0.00000   0.02223   0.03292   0.03077   5.27710   1.77415  -0.64961   0.00000   2.57373  
 37  0.0460    157.725598  x:  0.01126   0.00000   0.00000   0.00000   0.00000   0.00000   0.00000   0.00000   0.00000   0.00000   0.00000   0.00000   0.00000   0.00000   0.00000   0.00000   0.03295   0.00000   0.00000   0.00000   0.00000   0.03261   0.03301   0.00000   0.00000   0.03266   0.00000   0.02117   0.03361   0.03144   5.01391   1.77889  -0.65435   0.00000   2.57374  
 38  0.1483    157.725416  x:  0.01143   0.00000   0.00000   0.00000   0.00000   0.00000   0.00000   0.00000   0.00000   0.00000   0.00000   0.00000   0.00000   0.00000   0.00000   0.00000   0.03281   0.00000   0.00000   0.00000   0.00000   0.03259   0.03281   0.00000   0.00000   0.03304   0.00000   0.02106   0.03326   0.03138   4.99020   1.77605  -0.65150   0.00000   2.57374  
 39  0.0212    157.725411  x:  0.01145   0.00000   0.00000   0.00000   0.00000   0.00000   0.00000   0.00000   0.00000   0.00000   0.00000   0.00000   0.00000   0.00000   0.00000   0.00000   0.03289   0.00000   0.00000   0.00000   0.00000   0.03259   0.03283   0.00000   0.00000   0.03311   0.00000   0.02105   0.03330   0.03137   4.99128   1.77576  -0.65120   0.00000   2.57374  
 40  0.0013    157.725410  x:  0.01145   0.00000   0.00000   0.00000   0.00000   0.00000   0.00000   0.00000   0.00000   0.00000   0.00000   0.00000   0.00000   0.00000   0.00000   0.00000   0.03288   0.00000   0.00000   0.00000   0.00000   0.03260   0.03284   0.00000   0.00000   0.03312   0.00000   0.02104   0.03329   0.03137   4.99176   1.77589  -0.65133   0.00000   2.57374  
 41  0.0005    157.725410  x:  0.01145   0.00000   0.00000   0.00000   0.00000   0.00000   0.00000   0.00000   0.00000   0.00000   0.00000   0.00000   0.00000   0.00000   0.00000   0.00000   0.03288   0.00000   0.00000   0.00000   0.00000   0.03260   0.03284   0.00000   0.00000   0.03312   0.00000   0.02104   0.03329   0.03137   4.99167   1.77590  -0.65135   0.00000   2.57374  
 42  0.0001    157.725410  x:  0.01145   0.00000   0.00000   0.00000   0.00000   0.00000   0.00000   0.00000   0.00000   0.00000   0.00000   0.00000   0.00000   0.00000   0.00000   0.00000   0.03288   0.00000   0.00000   0.00000   0.00000   0.03260   0.03284   0.00000   0.00000   0.03312   0.00000   0.02104   0.03329   0.03137   4.99169   1.77590  -0.65135   0.00000   2.57374  
 43  0.0000    157.725410  x:  0.01145   0.00000   0.00000   0.00000   0.00000   0.00000   0.00000   0.00000   0.00000   0.00000   0.00000   0.00000   0.00000   0.00000   0.00000   0.00000   0.03288   0.00000   0.00000   0.00000   0.00000   0.03260   0.03284   0.00000   0.00000   0.03312   0.00000   0.02104   0.03329   0.03137   4.99167   1.77589  -0.65136   0.00000   2.57375  
 44  0.0000    157.725410  x:  0.01145   0.00000   0.00000   0.00000   0.00000   0.00000   0.00000   0.00000   0.00000   0.00000   0.00000   0.00000   0.00000   0.00000   0.00000   0.00000   0.03288   0.00000   0.00000   0.00000   0.00000   0.03260   0.03284   0.00000   0.00000   0.03312   0.00000   0.02104   0.03329   0.03137   4.99164   1.77579  -0.65146   0.00000   2.57387  
 45  0.0000    157.725410  x:  0.01145   0.00000   0.00000   0.00000   0.00000   0.00000   0.00000   0.00000   0.00000   0.00000   0.00000   0.00000   0.00000   0.00000   0.00000   0.00000   0.03288   0.00000   0.00000   0.00000   0.00000   0.03260   0.03284   0.00000   0.00000   0.03312   0.00000   0.02104   0.03329   0.03137   4.99139   1.77384  -0.65342   0.00000   2.57610  
 46  0.0014    157.725410  x:  0.01143   0.00000   0.00000   0.00000   0.00000   0.00000   0.00000   0.00000   0.00000   0.00000   0.00000   0.00000   0.00000   0.00000   0.00000   0.00000   0.03288   0.00000   0.00000   0.00000   0.00000   0.03260   0.03284   0.00000   0.00000   0.03312   0.00000   0.02105   0.03329   0.03137   4.99137   1.76522  -0.66203   0.00000   2.58596  
 47  0.0020    157.725407  x:  0.00558   0.00000   0.00000   0.00000   0.00000   0.00000   0.00000   0.00000   0.00000   0.00000   0.00000   0.00000   0.00000   0.00000   0.00000   0.00000   0.03289   0.00000   0.00000   0.00000   0.00000   0.03261   0.03284   0.00000   0.00000   0.03311   0.00000   0.02691   0.03329   0.03136   4.98822  -1.55840  -3.98576   0.00000   6.38656  
 48  9.2792    157.725407  x:  0.00558   0.00000   0.00000   0.00000   0.00000   0.00000   0.00000   0.00000   0.00000   0.00000   0.00000   0.00000   0.00000   0.00000   0.00000   0.00000   0.03289   0.00000   0.00000   0.00000   0.00000   0.03261   0.03284   0.00000   0.00000   0.03311   0.00000   0.02691   0.03329   0.03136   4.98822  -1.55840  -3.98576   0.00000   6.38656  
 49 33.7339    157.725406  x:  0.00555   0.00000   0.00000   0.00000   0.00000   0.00000   0.00000   0.00000   0.00000   0.00000   0.00000   0.00000   0.00000   0.00000   0.00000   0.00000   0.03288   0.00000   0.00000   0.00000   0.00000   0.03260   0.03284   0.00000   0.00000   0.03312   0.00000   0.02694   0.03329   0.03137   4.99172  -1.57341  -4.00069   0.00000   6.40367  
 50  0.0278    157.725406  x:  0.00555   0.00000   0.00000   0.00000   0.00000   0.00000   0.00000   0.00000   0.00000   0.00000   0.00000   0.00000   0.00000   0.00000   0.00000   0.00000   0.03288   0.00000   0.00000   0.00000   0.00000   0.03260   0.03284   0.00000   0.00000   0.03312   0.00000   0.02694   0.03329   0.03137   4.99172  -1.57342  -4.00068   0.00000   6.40367  
 51  0.0000    157.725406  x:  0.00555   0.00000   0.00000   0.00000   0.00000   0.00000   0.00000   0.00000   0.00000   0.00000   0.00000   0.00000   0.00000   0.00000   0.00000   0.00000   0.03288   0.00000   0.00000   0.00000   0.00000   0.03260   0.03284   0.00000   0.00000   0.03312   0.00000   0.02694   0.03329   0.03137   4.99172  -1.57341  -4.00067   0.00000   6.40366  
 52  0.0001    157.725406  x:  0.00555   0.00000   0.00000   0.00000   0.00000   0.00000   0.00000   0.00000   0.00000   0.00000   0.00000   0.00000   0.00000   0.00000   0.00000   0.00000   0.03288   0.00000   0.00000   0.00000   0.00000   0.03260   0.03284   0.00000   0.00000   0.03312   0.00000   0.02694   0.03329   0.03137   4.99172  -1.57341  -4.00067   0.00000   6.40366  