Supplemental results for CODEML (seqf: /Users/YY/Desktop/get/branch_site/modify/modify_trim_muscle_psbD.fa  treef: /Users/YY/Desktop/get/branch_site/16gene_topu.tree)


dN/dS (w) for site classes (K=4)

site class             0        1       2a       2b
proportion       0.87928  0.02938  0.08839  0.00295
background w     0.00822  1.00000  0.00822  1.00000
foreground w     0.00822  1.00000  2.57305  2.57305

Naive Empirical Bayes (NEB) probabilities for 4 classes
(amino acids refer to 1st sequence: MF594405)

   1 M   0.89129 0.01737 0.08959 0.00175 ( 1)
   2 T   0.89363 0.01503 0.08983 0.00151 ( 1)
   3 I   0.89157 0.01709 0.08962 0.00172 ( 1)
   4 A   0.23534 0.67332 0.02366 0.06768 ( 2)
   5 L   0.89463 0.01403 0.08993 0.00141 ( 1)
   6 G   0.88559 0.02307 0.08902 0.00232 ( 1)
   7 K   0.88847 0.02020 0.08931 0.00203 ( 1)
   8 F   0.33729 0.57137 0.03390 0.05743 ( 2)
   9 T   0.22491 0.68375 0.02261 0.06873 ( 2)
  10 K   0.88847 0.02020 0.08931 0.00203 ( 1)
  11 D   0.88828 0.02038 0.08929 0.00205 ( 1)
  12 E   0.89045 0.01821 0.08951 0.00183 ( 1)
  13 K   0.88847 0.02020 0.08931 0.00203 ( 1)
  14 D   0.89476 0.01390 0.08994 0.00140 ( 1)
  15 L   0.88880 0.01986 0.08934 0.00200 ( 1)
  16 F   0.89627 0.01239 0.09009 0.00125 ( 1)
  17 D   0.89476 0.01390 0.08994 0.00140 ( 1)
  18 I   0.32677 0.58189 0.03285 0.05849 ( 2)
  19 M   0.89129 0.01737 0.08959 0.00175 ( 1)
  20 D   0.89476 0.01390 0.08994 0.00140 ( 1)
  21 D   0.88828 0.02038 0.08929 0.00205 ( 1)
  22 W   0.88570 0.02296 0.08903 0.00231 ( 1)
  23 L   0.88935 0.01932 0.08940 0.00194 ( 1)
  24 R   0.88406 0.02460 0.08887 0.00247 ( 1)
  25 R   0.88582 0.02284 0.08904 0.00230 ( 1)
  26 D   0.88828 0.02038 0.08929 0.00205 ( 1)
  27 R   0.89142 0.01725 0.08960 0.00173 ( 1)
  28 F   0.88962 0.01904 0.08942 0.00191 ( 1)
  29 V   0.89501 0.01365 0.08997 0.00137 ( 1)
  30 F   0.89627 0.01239 0.09009 0.00125 ( 1)
  31 V   0.89043 0.01823 0.08951 0.00183 ( 1)
  32 G   0.88815 0.02051 0.08928 0.00206 ( 1)
  33 W   0.88570 0.02296 0.08903 0.00231 ( 1)
  34 S   0.88696 0.02171 0.08916 0.00218 ( 1)
  35 G   0.89273 0.01593 0.08974 0.00160 ( 1)
  36 L   0.88619 0.02247 0.08908 0.00226 ( 1)
  37 L   0.88784 0.02082 0.08925 0.00209 ( 1)
  38 L   0.88721 0.02145 0.08918 0.00216 ( 1)
  39 F   0.89627 0.01239 0.09009 0.00125 ( 1)
  40 P   0.89315 0.01551 0.08978 0.00156 ( 1)
  41 C   0.89276 0.01590 0.08974 0.00160 ( 1)
  42 A   0.88895 0.01971 0.08936 0.00198 ( 1)
  43 Y   0.89267 0.01599 0.08973 0.00161 ( 1)
  44 F   0.88962 0.01904 0.08942 0.00191 ( 1)
  45 A   0.89520 0.01346 0.08998 0.00135 ( 1)
  46 L   0.00280 0.90586 0.00028 0.09106 ( 2)
  47 G   0.88815 0.02051 0.08928 0.00206 ( 1)
  48 G   0.88940 0.01926 0.08940 0.00194 ( 1)
  49 W   0.88570 0.02296 0.08903 0.00231 ( 1)
  50 F   0.88962 0.01904 0.08942 0.00191 ( 1)
  51 T   0.88900 0.01966 0.08936 0.00198 ( 1)
  52 G   0.89353 0.01513 0.08982 0.00152 ( 1)
  53 T   0.88900 0.01966 0.08936 0.00198 ( 1)
  54 T   0.88657 0.02209 0.08912 0.00222 ( 1)
  55 F   0.89627 0.01239 0.09009 0.00125 ( 1)
  56 V   0.89043 0.01823 0.08951 0.00183 ( 1)
  57 T   0.89363 0.01503 0.08983 0.00151 ( 1)
  58 S   0.88786 0.02080 0.08925 0.00209 ( 1)
  59 W   0.88570 0.02296 0.08903 0.00231 ( 1)
  60 Y   0.89267 0.01599 0.08973 0.00161 ( 1)
  61 T   0.88657 0.02209 0.08912 0.00222 ( 1)
  62 H   0.89173 0.01693 0.08964 0.00170 ( 1)
  63 G   0.88815 0.02051 0.08928 0.00206 ( 1)
  64 L   0.88784 0.02082 0.08925 0.00209 ( 1)
  65 A   0.88760 0.02106 0.08922 0.00212 ( 1)
  66 S   0.89258 0.01608 0.08972 0.00162 ( 1)
  67 S   0.88696 0.02171 0.08916 0.00218 ( 1)
  68 Y   0.89267 0.01599 0.08973 0.00161 ( 1)
  69 L   0.88774 0.02092 0.08924 0.00210 ( 1)
  70 E   0.89045 0.01821 0.08951 0.00183 ( 1)
  71 G   0.88651 0.02215 0.08911 0.00223 ( 1)
  72 C   0.88644 0.02222 0.08911 0.00223 ( 1)
  73 N   0.89296 0.01570 0.08976 0.00158 ( 1)
  74 F   0.88962 0.01904 0.08942 0.00191 ( 1)
  75 L   0.88935 0.01932 0.08940 0.00194 ( 1)
  76 T   0.89363 0.01503 0.08983 0.00151 ( 1)
  77 A   0.88774 0.02092 0.08924 0.00210 ( 1)
  78 A   0.89027 0.01839 0.08949 0.00185 ( 1)
  79 V   0.89537 0.01329 0.09000 0.00134 ( 1)
  80 S   0.89377 0.01489 0.08984 0.00150 ( 1)
  81 T   0.89363 0.01503 0.08983 0.00151 ( 1)
  82 P   0.89315 0.01551 0.08978 0.00156 ( 1)
  83 A   0.89520 0.01346 0.08998 0.00135 ( 1)
  84 N   0.89296 0.01570 0.08976 0.00158 ( 1)
  85 S   0.89258 0.01608 0.08972 0.00162 ( 1)
  86 L   0.88935 0.01932 0.08940 0.00194 ( 1)
  87 A   0.89013 0.01854 0.08948 0.00186 ( 1)
  88 H   0.89249 0.01617 0.08971 0.00163 ( 1)
  89 S   0.89423 0.01444 0.08989 0.00145 ( 1)
  90 L   0.88784 0.02082 0.08925 0.00209 ( 1)
  91 L   0.88784 0.02082 0.08925 0.00209 ( 1)
  92 L   0.88935 0.01932 0.08940 0.00194 ( 1)
  93 L   0.88603 0.02263 0.08906 0.00227 ( 1)
  94 W   0.88570 0.02296 0.08903 0.00231 ( 1)
  95 G   0.89353 0.01513 0.08982 0.00152 ( 1)
  96 P   0.89315 0.01551 0.08978 0.00156 ( 1)
  97 E   0.89045 0.01821 0.08951 0.00183 ( 1)
  98 A   0.89027 0.01839 0.08949 0.00185 ( 1)
  99 Q   0.88674 0.02192 0.08914 0.00220 ( 1)
 100 G   0.88559 0.02307 0.08902 0.00232 ( 1)
 101 D   0.89476 0.01390 0.08994 0.00140 ( 1)
 102 F   0.89627 0.01239 0.09009 0.00125 ( 1)
 103 T   0.89363 0.01503 0.08983 0.00151 ( 1)
 104 R   0.89142 0.01725 0.08960 0.00173 ( 1)
 105 W   0.88570 0.02296 0.08903 0.00231 ( 1)
 106 C   0.89293 0.01573 0.08976 0.00158 ( 1)
 107 Q   0.88674 0.02192 0.08914 0.00220 ( 1)
 108 L   0.88935 0.01932 0.08940 0.00194 ( 1)
 109 G   0.89273 0.01593 0.08974 0.00160 ( 1)
 110 G   0.89353 0.01513 0.08982 0.00152 ( 1)
 111 L   0.88370 0.02496 0.08883 0.00251 ( 1)
 112 W   0.88570 0.02296 0.08903 0.00231 ( 1)
 113 T   0.89363 0.01503 0.08983 0.00151 ( 1)
 114 F   0.89627 0.01239 0.09009 0.00125 ( 1)
 115 V   0.89537 0.01329 0.09000 0.00134 ( 1)
 116 A   0.89088 0.01778 0.08955 0.00179 ( 1)
 117 L   0.88719 0.02147 0.08918 0.00216 ( 1)
 118 H   0.89249 0.01617 0.08971 0.00163 ( 1)
 119 G   0.89353 0.01513 0.08982 0.00152 ( 1)
 120 A   0.89520 0.01346 0.08998 0.00135 ( 1)
 121 F   0.88962 0.01904 0.08942 0.00191 ( 1)
 122 G   0.88815 0.02051 0.08928 0.00206 ( 1)
 123 L   0.88619 0.02247 0.08908 0.00226 ( 1)
 124 I   0.89157 0.01709 0.08962 0.00172 ( 1)
 125 G   0.88940 0.01926 0.08940 0.00194 ( 1)
 126 F   0.88962 0.01904 0.08942 0.00191 ( 1)
 127 M   0.89129 0.01737 0.08959 0.00175 ( 1)
 128 L   0.88935 0.01932 0.08940 0.00194 ( 1)
 129 R   0.89142 0.01725 0.08960 0.00173 ( 1)
 130 Q   0.88674 0.02192 0.08914 0.00220 ( 1)
 131 F   0.88962 0.01904 0.08942 0.00191 ( 1)
 132 E   0.89045 0.01821 0.08951 0.00183 ( 1)
 133 L   0.89463 0.01403 0.08993 0.00141 ( 1)
 134 A   0.89520 0.01346 0.08998 0.00135 ( 1)
 135 R   0.88453 0.02413 0.08891 0.00243 ( 1)
 136 S   0.89409 0.01457 0.08987 0.00146 ( 1)
 137 V   0.89537 0.01329 0.09000 0.00134 ( 1)
 138 Q   0.88674 0.02192 0.08914 0.00220 ( 1)
 139 L   0.88784 0.02082 0.08925 0.00209 ( 1)
 140 R   0.88454 0.02412 0.08891 0.00242 ( 1)
 141 P   0.89315 0.01551 0.08978 0.00156 ( 1)
 142 Y   0.89267 0.01599 0.08973 0.00161 ( 1)
 143 N   0.89296 0.01570 0.08976 0.00158 ( 1)
 144 A   0.89027 0.01839 0.08949 0.00185 ( 1)
 145 I   0.88853 0.02013 0.08932 0.00202 ( 1)
 146 A   0.88656 0.02210 0.08912 0.00222 ( 1)
 147 F   0.89012 0.01854 0.08947 0.00186 ( 1)
 148 S   0.89423 0.01444 0.08989 0.00145 ( 1)
 149 G   0.89353 0.01513 0.08982 0.00152 ( 1)
 150 P   0.88862 0.02004 0.08932 0.00201 ( 1)
 151 I   0.89557 0.01309 0.09002 0.00132 ( 1)
 152 A   0.89520 0.01346 0.08998 0.00135 ( 1)
 153 V   0.89537 0.01329 0.09000 0.00134 ( 1)
 154 F   0.89627 0.01239 0.09009 0.00125 ( 1)
 155 V   0.89537 0.01329 0.09000 0.00134 ( 1)
 156 S   0.89209 0.01657 0.08967 0.00167 ( 1)
 157 V   0.89043 0.01823 0.08951 0.00183 ( 1)
 158 F   0.88962 0.01904 0.08942 0.00191 ( 1)
 159 L   0.88403 0.02463 0.08886 0.00248 ( 1)
 160 I   0.89557 0.01309 0.09002 0.00132 ( 1)
 161 Y   0.89267 0.01599 0.08973 0.00161 ( 1)
 162 P   0.88862 0.02004 0.08932 0.00201 ( 1)
 163 L   0.88619 0.02247 0.08908 0.00226 ( 1)
 164 G   0.88614 0.02252 0.08908 0.00226 ( 1)
 165 Q   0.88674 0.02192 0.08914 0.00220 ( 1)
 166 S   0.89334 0.01532 0.08980 0.00154 ( 1)
 167 G   0.89353 0.01513 0.08982 0.00152 ( 1)
 168 W   0.88570 0.02296 0.08903 0.00231 ( 1)
 169 F   0.88962 0.01904 0.08942 0.00191 ( 1)
 170 F   0.89627 0.01239 0.09009 0.00125 ( 1)
 171 A   0.88656 0.02210 0.08912 0.00222 ( 1)
 172 P   0.89287 0.01579 0.08975 0.00159 ( 1)
 173 S   0.89258 0.01608 0.08972 0.00162 ( 1)
 174 F   0.89627 0.01239 0.09009 0.00125 ( 1)
 175 G   0.89353 0.01513 0.08982 0.00152 ( 1)
 176 V   0.89043 0.01823 0.08951 0.00183 ( 1)
 177 A   0.89027 0.01839 0.08949 0.00185 ( 1)
 178 A   0.89520 0.01346 0.08998 0.00135 ( 1)
 179 I   0.89157 0.01709 0.08962 0.00172 ( 1)
 180 F   0.89627 0.01239 0.09009 0.00125 ( 1)
 181 R   0.88456 0.02410 0.08892 0.00242 ( 1)
 182 F   0.88962 0.01904 0.08942 0.00191 ( 1)
 183 I   0.88935 0.01932 0.08940 0.00194 ( 1)
 184 L   0.22501 0.68365 0.02262 0.06872 ( 2)
 185 F   0.89627 0.01239 0.09009 0.00125 ( 1)
 186 F   0.89627 0.01239 0.09009 0.00125 ( 1)
 187 Q   0.88674 0.02192 0.08914 0.00220 ( 1)
 188 G   0.88815 0.02051 0.08928 0.00206 ( 1)
 189 F   0.89627 0.01239 0.09009 0.00125 ( 1)
 190 H   0.89249 0.01617 0.08971 0.00163 ( 1)
 191 N   0.89296 0.01570 0.08976 0.00158 ( 1)
 192 W   0.88570 0.02296 0.08903 0.00231 ( 1)
 193 T   0.88589 0.02277 0.08905 0.00229 ( 1)
 194 L   0.88935 0.01932 0.08940 0.00194 ( 1)
 195 N   0.88676 0.02190 0.08914 0.00220 ( 1)
 196 P   0.88862 0.02004 0.08932 0.00201 ( 1)
 197 F   0.89627 0.01239 0.09009 0.00125 ( 1)
 198 H   0.89249 0.01617 0.08971 0.00163 ( 1)
 199 M   0.89129 0.01737 0.08959 0.00175 ( 1)
 200 M   0.89129 0.01737 0.08959 0.00175 ( 1)
 201 G   0.88815 0.02051 0.08928 0.00206 ( 1)
 202 V   0.89537 0.01329 0.09000 0.00134 ( 1)
 203 A   0.88724 0.02142 0.08919 0.00215 ( 1)
 204 G   0.88559 0.02307 0.08902 0.00232 ( 1)
 205 V   0.89043 0.01823 0.08951 0.00183 ( 1)
 206 L   0.88784 0.02082 0.08925 0.00209 ( 1)
 207 G   0.88664 0.02202 0.08913 0.00221 ( 1)
 208 A   0.89520 0.01346 0.08998 0.00135 ( 1)
 209 A   0.89520 0.01346 0.08998 0.00135 ( 1)
 210 L   0.88784 0.02082 0.08925 0.00209 ( 1)
 211 L   0.88619 0.02247 0.08908 0.00226 ( 1)
 212 C   0.88644 0.02222 0.08911 0.00223 ( 1)
 213 A   0.89520 0.01346 0.08998 0.00135 ( 1)
 214 I   0.89557 0.01309 0.09002 0.00132 ( 1)
 215 H   0.89249 0.01617 0.08971 0.00163 ( 1)
 216 G   0.89353 0.01513 0.08982 0.00152 ( 1)
 217 A   0.89520 0.01346 0.08998 0.00135 ( 1)
 218 T   0.89363 0.01503 0.08983 0.00151 ( 1)
 219 V   0.89043 0.01823 0.08951 0.00183 ( 1)
 220 E   0.89045 0.01821 0.08951 0.00183 ( 1)
 221 N   0.89296 0.01570 0.08976 0.00158 ( 1)
 222 T   0.89363 0.01503 0.08983 0.00151 ( 1)
 223 L   0.88935 0.01932 0.08940 0.00194 ( 1)
 224 F   0.89627 0.01239 0.09009 0.00125 ( 1)
 225 E   0.89045 0.01821 0.08951 0.00183 ( 1)
 226 D   0.89476 0.01390 0.08994 0.00140 ( 1)
 227 G   0.89353 0.01513 0.08982 0.00152 ( 1)
 228 D   0.89476 0.01390 0.08994 0.00140 ( 1)
 229 G   0.89353 0.01513 0.08982 0.00152 ( 1)
 230 A   0.89027 0.01839 0.08949 0.00185 ( 1)
 231 N   0.89296 0.01570 0.08976 0.00158 ( 1)
 232 T   0.88900 0.01966 0.08936 0.00198 ( 1)
 233 F   0.88962 0.01904 0.08942 0.00191 ( 1)
 234 R   0.89142 0.01725 0.08960 0.00173 ( 1)
 235 A   0.89520 0.01346 0.08998 0.00135 ( 1)
 236 F   0.89627 0.01239 0.09009 0.00125 ( 1)
 237 N   0.88676 0.02190 0.08914 0.00220 ( 1)
 238 P   0.88853 0.02013 0.08932 0.00202 ( 1)
 239 T   0.89363 0.01503 0.08983 0.00151 ( 1)
 240 Q   0.88674 0.02192 0.08914 0.00220 ( 1)
 241 A   0.89237 0.01629 0.08970 0.00164 ( 1)
 242 E   0.89045 0.01821 0.08951 0.00183 ( 1)
 243 E   0.89037 0.01829 0.08950 0.00184 ( 1)
 244 T   0.89363 0.01503 0.08983 0.00151 ( 1)
 245 Y   0.89267 0.01599 0.08973 0.00161 ( 1)
 246 S   0.88786 0.02080 0.08925 0.00209 ( 1)
 247 M   0.89129 0.01737 0.08959 0.00175 ( 1)
 248 V   0.88774 0.02093 0.08924 0.00210 ( 1)
 249 T   0.88657 0.02209 0.08912 0.00222 ( 1)
 250 A   0.88656 0.02210 0.08912 0.00222 ( 1)
 251 N   0.88676 0.02190 0.08914 0.00220 ( 1)
 252 R   0.88524 0.02342 0.08898 0.00235 ( 1)
 253 F   0.89627 0.01239 0.09009 0.00125 ( 1)
 254 W   0.88570 0.02296 0.08903 0.00231 ( 1)
 255 S   0.88696 0.02171 0.08916 0.00218 ( 1)
 256 Q   0.88674 0.02192 0.08914 0.00220 ( 1)
 257 I   0.88820 0.02046 0.08928 0.00206 ( 1)
 258 F   0.89627 0.01239 0.09009 0.00125 ( 1)
 259 G   0.88559 0.02307 0.08902 0.00232 ( 1)
 260 V   0.89537 0.01329 0.09000 0.00134 ( 1)
 261 A   0.89520 0.01346 0.08998 0.00135 ( 1)
 262 F   0.89627 0.01239 0.09009 0.00125 ( 1)
 263 S   0.88696 0.02171 0.08916 0.00218 ( 1)
 264 N   0.89296 0.01570 0.08976 0.00158 ( 1)
 265 K   0.88847 0.02020 0.08931 0.00203 ( 1)
 266 R   0.89142 0.01725 0.08960 0.00173 ( 1)
 267 W   0.88570 0.02296 0.08903 0.00231 ( 1)
 268 L   0.88935 0.01932 0.08940 0.00194 ( 1)
 269 H   0.89249 0.01617 0.08971 0.00163 ( 1)
 270 F   0.88962 0.01904 0.08942 0.00191 ( 1)
 271 F   0.89627 0.01239 0.09009 0.00125 ( 1)
 272 M   0.89129 0.01737 0.08959 0.00175 ( 1)
 273 L   0.88935 0.01932 0.08940 0.00194 ( 1)
 274 F   0.89627 0.01239 0.09009 0.00125 ( 1)
 275 V   0.89043 0.01823 0.08951 0.00183 ( 1)
 276 P   0.88862 0.02004 0.08932 0.00201 ( 1)
 277 V   0.89043 0.01823 0.08951 0.00183 ( 1)
 278 T   0.88837 0.02029 0.08930 0.00204 ( 1)
 279 G   0.89353 0.01513 0.08982 0.00152 ( 1)
 280 L   0.88935 0.01932 0.08940 0.00194 ( 1)
 281 W   0.88570 0.02296 0.08903 0.00231 ( 1)
 282 M   0.89129 0.01737 0.08959 0.00175 ( 1)
 283 S   0.89258 0.01608 0.08972 0.00162 ( 1)
 284 A   0.89520 0.01346 0.08998 0.00135 ( 1)
 285 L   0.89463 0.01403 0.08993 0.00141 ( 1)
 286 G   0.88815 0.02051 0.08928 0.00206 ( 1)
 287 V   0.89043 0.01823 0.08951 0.00183 ( 1)
 288 V   0.89537 0.01329 0.09000 0.00134 ( 1)
 289 G   0.89353 0.01513 0.08982 0.00152 ( 1)
 290 L   0.88370 0.02496 0.08883 0.00251 ( 1)
 291 A   0.88905 0.01961 0.08937 0.00197 ( 1)
 292 L   0.88370 0.02496 0.08883 0.00251 ( 1)
 293 N   0.88676 0.02190 0.08914 0.00220 ( 1)
 294 L   0.86445 0.04421 0.08689 0.00444 ( 1)
 295 R   0.88776 0.02091 0.08924 0.00210 ( 1)
 296 A   0.88760 0.02106 0.08922 0.00212 ( 1)
 297 Y   0.89267 0.01599 0.08973 0.00161 ( 1)
 298 D   0.88828 0.02038 0.08929 0.00205 ( 1)
 299 F   0.88962 0.01904 0.08942 0.00191 ( 1)
 300 V   0.89537 0.01329 0.09000 0.00134 ( 1)
 301 S   0.89423 0.01444 0.08989 0.00145 ( 1)
 302 Q   0.88472 0.02394 0.08893 0.00241 ( 1)
 303 E   0.89045 0.01821 0.08951 0.00183 ( 1)
 304 I   0.89557 0.01309 0.09002 0.00132 ( 1)
 305 R   0.88524 0.02342 0.08898 0.00235 ( 1)
 306 A   0.88656 0.02210 0.08912 0.00222 ( 1)
 307 A   0.88897 0.01969 0.08936 0.00198 ( 1)
 308 E   0.89045 0.01821 0.08951 0.00183 ( 1)
 309 D   0.89476 0.01390 0.08994 0.00140 ( 1)
 310 P   0.89315 0.01551 0.08978 0.00156 ( 1)
 311 E   0.89045 0.01821 0.08951 0.00183 ( 1)
 312 F   0.89627 0.01239 0.09009 0.00125 ( 1)
 313 E   0.88797 0.02069 0.08926 0.00208 ( 1)
 314 T   0.89363 0.01503 0.08983 0.00151 ( 1)
 315 F   0.89057 0.01809 0.08952 0.00182 ( 1)
 316 Y   0.88702 0.02164 0.08916 0.00218 ( 1)
 317 T   0.88675 0.02191 0.08914 0.00220 ( 1)
 318 K   0.88847 0.02020 0.08931 0.00203 ( 1)
 319 N   0.89296 0.01570 0.08976 0.00158 ( 1)
 320 I   0.89557 0.01309 0.09002 0.00132 ( 1)
 321 L   0.88719 0.02147 0.08918 0.00216 ( 1)
 322 L   0.88935 0.01932 0.08940 0.00194 ( 1)
 323 N   0.88676 0.02190 0.08914 0.00220 ( 1)
 324 E   0.89045 0.01821 0.08951 0.00183 ( 1)
 325 G   0.89353 0.01513 0.08982 0.00152 ( 1)
 326 I   0.89557 0.01309 0.09002 0.00132 ( 1)
 327 R   0.89142 0.01725 0.08960 0.00173 ( 1)
 328 A   0.89520 0.01346 0.08998 0.00135 ( 1)
 329 W   0.88570 0.02296 0.08903 0.00231 ( 1)
 330 M   0.89129 0.01737 0.08959 0.00175 ( 1)
 331 A   0.88656 0.02210 0.08912 0.00222 ( 1)
 332 A   0.89520 0.01346 0.08998 0.00135 ( 1)
 333 Q   0.88674 0.02192 0.08914 0.00220 ( 1)
 334 D   0.89476 0.01390 0.08994 0.00140 ( 1)
 335 Q   0.88472 0.02394 0.08893 0.00241 ( 1)
 336 P   0.89315 0.01551 0.08978 0.00156 ( 1)
 337 H   0.89249 0.01617 0.08971 0.00163 ( 1)
 338 E   0.89045 0.01821 0.08951 0.00183 ( 1)
 339 N   0.88676 0.02190 0.08914 0.00220 ( 1)
 340 L   0.89463 0.01403 0.08993 0.00141 ( 1)
 341 I   0.89157 0.01709 0.08962 0.00172 ( 1)
 342 F   0.88962 0.01904 0.08942 0.00191 ( 1)
 343 P   0.89315 0.01551 0.08978 0.00156 ( 1)
 344 E   0.88771 0.02095 0.08923 0.00211 ( 1)
 345 E   0.88771 0.02095 0.08923 0.00211 ( 1)
 346 V   0.89537 0.01329 0.09000 0.00134 ( 1)
 347 L   0.88619 0.02247 0.08908 0.00226 ( 1)
 348 P   0.88661 0.02205 0.08912 0.00222 ( 1)
 349 R   0.89142 0.01725 0.08960 0.00173 ( 1)
 350 G   0.88815 0.02051 0.08928 0.00206 ( 1)
 351 N   0.88676 0.02190 0.08914 0.00220 ( 1)
 352 A   0.89520 0.01346 0.08998 0.00135 ( 1)
 353 L   0.89463 0.01403 0.08993 0.00141 ( 1)


lnL = -1806.431829

Bayes Empirical Bayes (BEB) probabilities for 4 classes (class)
(amino acids refer to 1st sequence: MF594405)

   1 M   0.81688 0.02082 0.15752 0.00477 ( 1)
   2 T   0.81956 0.01814 0.15813 0.00416 ( 1)
   3 I   0.81720 0.02051 0.15759 0.00470 ( 1)
   4 A   0.52363 0.31407 0.09493 0.06736 ( 1)
   5 L   0.82071 0.01700 0.15839 0.00390 ( 1)
   6 G   0.81044 0.02726 0.15606 0.00624 ( 1)
   7 K   0.81368 0.02402 0.15679 0.00550 ( 1)
   8 F   0.61374 0.22397 0.11331 0.04898 ( 1)
   9 T   0.51226 0.32544 0.09266 0.06963 ( 1)
  10 K   0.81368 0.02402 0.15679 0.00550 ( 1)
  11 D   0.81347 0.02424 0.15675 0.00555 ( 1)
  12 E   0.81593 0.02178 0.15730 0.00499 ( 1)
  13 K   0.81368 0.02402 0.15679 0.00550 ( 1)
  14 D   0.82086 0.01685 0.15843 0.00387 ( 1)
  15 L   0.81405 0.02365 0.15688 0.00542 ( 1)
  16 F   0.82261 0.01510 0.15883 0.00347 ( 1)
  17 D   0.82086 0.01685 0.15843 0.00387 ( 1)
  18 I   0.60589 0.23182 0.11168 0.05061 ( 1)
  19 M   0.81688 0.02082 0.15752 0.00477 ( 1)
  20 D   0.82086 0.01685 0.15843 0.00387 ( 1)
  21 D   0.81347 0.02424 0.15675 0.00555 ( 1)
  22 W   0.81057 0.02714 0.15609 0.00621 ( 1)
  23 L   0.81467 0.02303 0.15702 0.00528 ( 1)
  24 R   0.80873 0.02898 0.15567 0.00663 ( 1)
  25 R   0.81070 0.02700 0.15612 0.00618 ( 1)
  26 D   0.81347 0.02424 0.15675 0.00555 ( 1)
  27 R   0.81703 0.02068 0.15755 0.00474 ( 1)
  28 F   0.81499 0.02272 0.15709 0.00521 ( 1)
  29 V   0.82115 0.01656 0.15849 0.00380 ( 1)
  30 F   0.82261 0.01510 0.15883 0.00347 ( 1)
  31 V   0.81590 0.02180 0.15730 0.00500 ( 1)
  32 G   0.81332 0.02438 0.15671 0.00558 ( 1)
  33 W   0.81057 0.02714 0.15609 0.00621 ( 1)
  34 S   0.81197 0.02573 0.15641 0.00589 ( 1)
  35 G   0.81853 0.01918 0.15790 0.00440 ( 1)
  36 L   0.81112 0.02658 0.15621 0.00609 ( 1)
  37 L   0.81297 0.02473 0.15663 0.00566 ( 1)
  38 L   0.81227 0.02544 0.15647 0.00583 ( 1)
  39 F   0.82261 0.01510 0.15883 0.00347 ( 1)
  40 P   0.81901 0.01870 0.15800 0.00429 ( 1)
  41 C   0.81856 0.01914 0.15790 0.00439 ( 1)
  42 A   0.81422 0.02348 0.15692 0.00538 ( 1)
  43 Y   0.81846 0.01925 0.15788 0.00441 ( 1)
  44 F   0.81499 0.02272 0.15709 0.00521 ( 1)
  45 A   0.82137 0.01634 0.15854 0.00375 ( 1)
  46 L   0.06997 0.76773 0.01166 0.15063 ( 2)
  47 G   0.81332 0.02438 0.15671 0.00558 ( 1)
  48 G   0.81474 0.02297 0.15704 0.00526 ( 1)
  49 W   0.81057 0.02714 0.15609 0.00621 ( 1)
  50 F   0.81499 0.02272 0.15709 0.00521 ( 1)
  51 T   0.81428 0.02342 0.15693 0.00537 ( 1)
  52 G   0.81945 0.01826 0.15811 0.00419 ( 1)
  53 T   0.81428 0.02342 0.15693 0.00537 ( 1)
  54 T   0.81154 0.02616 0.15631 0.00599 ( 1)
  55 F   0.82261 0.01510 0.15883 0.00347 ( 1)
  56 V   0.81590 0.02180 0.15730 0.00500 ( 1)
  57 T   0.81956 0.01814 0.15813 0.00416 ( 1)
  58 S   0.81299 0.02471 0.15664 0.00566 ( 1)
  59 W   0.81057 0.02714 0.15609 0.00621 ( 1)
  60 Y   0.81846 0.01925 0.15788 0.00441 ( 1)
  61 T   0.81154 0.02616 0.15631 0.00599 ( 1)
  62 H   0.81739 0.02032 0.15764 0.00466 ( 1)
  63 G   0.81332 0.02438 0.15671 0.00558 ( 1)
  64 L   0.81297 0.02473 0.15663 0.00566 ( 1)
  65 A   0.81270 0.02500 0.15657 0.00573 ( 1)
  66 S   0.81836 0.01935 0.15786 0.00444 ( 1)
  67 S   0.81197 0.02573 0.15641 0.00589 ( 1)
  68 Y   0.81846 0.01925 0.15788 0.00441 ( 1)
  69 L   0.81286 0.02484 0.15661 0.00569 ( 1)
  70 E   0.81593 0.02178 0.15730 0.00499 ( 1)
  71 G   0.81148 0.02622 0.15629 0.00600 ( 1)
  72 C   0.81139 0.02631 0.15627 0.00602 ( 1)
  73 N   0.81879 0.01892 0.15796 0.00434 ( 1)
  74 F   0.81499 0.02272 0.15709 0.00521 ( 1)
  75 L   0.81467 0.02303 0.15702 0.00528 ( 1)
  76 T   0.81956 0.01814 0.15813 0.00416 ( 1)
  77 A   0.81286 0.02484 0.15661 0.00569 ( 1)
  78 A   0.81572 0.02198 0.15726 0.00504 ( 1)
  79 V   0.82156 0.01615 0.15859 0.00371 ( 1)
  80 S   0.81972 0.01799 0.15817 0.00413 ( 1)
  81 T   0.81956 0.01814 0.15813 0.00416 ( 1)
  82 P   0.81901 0.01870 0.15800 0.00429 ( 1)
  83 A   0.82137 0.01634 0.15854 0.00375 ( 1)
  84 N   0.81879 0.01892 0.15796 0.00434 ( 1)
  85 S   0.81836 0.01935 0.15786 0.00444 ( 1)
  86 L   0.81467 0.02303 0.15702 0.00528 ( 1)
  87 A   0.81556 0.02215 0.15722 0.00508 ( 1)
  88 H   0.81825 0.01945 0.15783 0.00446 ( 1)
  89 S   0.82024 0.01746 0.15829 0.00401 ( 1)
  90 L   0.81297 0.02473 0.15663 0.00566 ( 1)
  91 L   0.81297 0.02473 0.15663 0.00566 ( 1)
  92 L   0.81467 0.02303 0.15702 0.00528 ( 1)
  93 L   0.81094 0.02677 0.15617 0.00613 ( 1)
  94 W   0.81057 0.02714 0.15609 0.00621 ( 1)
  95 G   0.81945 0.01826 0.15811 0.00419 ( 1)
  96 P   0.81901 0.01870 0.15800 0.00429 ( 1)
  97 E   0.81593 0.02178 0.15730 0.00499 ( 1)
  98 A   0.81572 0.02198 0.15726 0.00504 ( 1)
  99 Q   0.81174 0.02596 0.15635 0.00595 ( 1)
 100 G   0.81044 0.02726 0.15606 0.00624 ( 1)
 101 D   0.82086 0.01685 0.15843 0.00387 ( 1)
 102 F   0.82261 0.01510 0.15883 0.00347 ( 1)
 103 T   0.81956 0.01814 0.15813 0.00416 ( 1)
 104 R   0.81703 0.02068 0.15755 0.00474 ( 1)
 105 W   0.81057 0.02714 0.15609 0.00621 ( 1)
 106 C   0.81876 0.01895 0.15795 0.00435 ( 1)
 107 Q   0.81174 0.02596 0.15635 0.00595 ( 1)
 108 L   0.81467 0.02303 0.15702 0.00528 ( 1)
 109 G   0.81853 0.01918 0.15790 0.00440 ( 1)
 110 G   0.81945 0.01826 0.15811 0.00419 ( 1)
 111 L   0.80833 0.02937 0.15558 0.00672 ( 1)
 112 W   0.81057 0.02714 0.15609 0.00621 ( 1)
 113 T   0.81956 0.01814 0.15813 0.00416 ( 1)
 114 F   0.82261 0.01510 0.15883 0.00347 ( 1)
 115 V   0.82156 0.01615 0.15859 0.00371 ( 1)
 116 A   0.81641 0.02129 0.15742 0.00488 ( 1)
 117 L   0.81224 0.02546 0.15647 0.00583 ( 1)
 118 H   0.81825 0.01945 0.15783 0.00446 ( 1)
 119 G   0.81945 0.01826 0.15811 0.00419 ( 1)
 120 A   0.82137 0.01634 0.15854 0.00375 ( 1)
 121 F   0.81499 0.02272 0.15709 0.00521 ( 1)
 122 G   0.81332 0.02438 0.15671 0.00558 ( 1)
 123 L   0.81112 0.02658 0.15621 0.00609 ( 1)
 124 I   0.81720 0.02051 0.15759 0.00470 ( 1)
 125 G   0.81474 0.02297 0.15704 0.00526 ( 1)
 126 F   0.81499 0.02272 0.15709 0.00521 ( 1)
 127 M   0.81688 0.02082 0.15752 0.00477 ( 1)
 128 L   0.81467 0.02303 0.15702 0.00528 ( 1)
 129 R   0.81703 0.02068 0.15755 0.00474 ( 1)
 130 Q   0.81174 0.02596 0.15635 0.00595 ( 1)
 131 F   0.81499 0.02272 0.15709 0.00521 ( 1)
 132 E   0.81593 0.02178 0.15730 0.00499 ( 1)
 133 L   0.82071 0.01700 0.15839 0.00390 ( 1)
 134 A   0.82137 0.01634 0.15854 0.00375 ( 1)
 135 R   0.80926 0.02845 0.15579 0.00651 ( 1)
 136 S   0.82009 0.01762 0.15825 0.00404 ( 1)
 137 V   0.82156 0.01615 0.15859 0.00371 ( 1)
 138 Q   0.81174 0.02596 0.15635 0.00595 ( 1)
 139 L   0.81297 0.02473 0.15663 0.00566 ( 1)
 140 R   0.80927 0.02844 0.15579 0.00651 ( 1)
 141 P   0.81901 0.01870 0.15800 0.00429 ( 1)
 142 Y   0.81846 0.01925 0.15788 0.00441 ( 1)
 143 N   0.81879 0.01892 0.15796 0.00434 ( 1)
 144 A   0.81572 0.02198 0.15726 0.00504 ( 1)
 145 I   0.81375 0.02395 0.15681 0.00549 ( 1)
 146 A   0.81153 0.02617 0.15631 0.00599 ( 1)
 147 F   0.81555 0.02216 0.15722 0.00508 ( 1)
 148 S   0.82024 0.01746 0.15829 0.00401 ( 1)
 149 G   0.81945 0.01826 0.15811 0.00419 ( 1)
 150 P   0.81386 0.02385 0.15683 0.00546 ( 1)
 151 I   0.82180 0.01591 0.15864 0.00365 ( 1)
 152 A   0.82137 0.01634 0.15854 0.00375 ( 1)
 153 V   0.82156 0.01615 0.15859 0.00371 ( 1)
 154 F   0.82261 0.01510 0.15883 0.00347 ( 1)
 155 V   0.82156 0.01615 0.15859 0.00371 ( 1)
 156 S   0.81779 0.01991 0.15773 0.00457 ( 1)
 157 V   0.81590 0.02180 0.15730 0.00500 ( 1)
 158 F   0.81499 0.02272 0.15709 0.00521 ( 1)
 159 L   0.80869 0.02901 0.15566 0.00664 ( 1)
 160 I   0.82180 0.01591 0.15864 0.00365 ( 1)
 161 Y   0.81846 0.01925 0.15788 0.00441 ( 1)
 162 P   0.81386 0.02385 0.15683 0.00546 ( 1)
 163 L   0.81112 0.02658 0.15621 0.00609 ( 1)
 164 G   0.81106 0.02664 0.15620 0.00610 ( 1)
 165 Q   0.81174 0.02596 0.15635 0.00595 ( 1)
 166 S   0.81923 0.01848 0.15806 0.00424 ( 1)
 167 G   0.81945 0.01826 0.15811 0.00419 ( 1)
 168 W   0.81057 0.02714 0.15609 0.00621 ( 1)
 169 F   0.81499 0.02272 0.15709 0.00521 ( 1)
 170 F   0.82261 0.01510 0.15883 0.00347 ( 1)
 171 A   0.81153 0.02617 0.15631 0.00599 ( 1)
 172 P   0.81868 0.01902 0.15793 0.00436 ( 1)
 173 S   0.81836 0.01935 0.15786 0.00444 ( 1)
 174 F   0.82261 0.01510 0.15883 0.00347 ( 1)
 175 G   0.81945 0.01826 0.15811 0.00419 ( 1)
 176 V   0.81590 0.02180 0.15730 0.00500 ( 1)
 177 A   0.81572 0.02198 0.15726 0.00504 ( 1)
 178 A   0.82137 0.01634 0.15854 0.00375 ( 1)
 179 I   0.81720 0.02051 0.15759 0.00470 ( 1)
 180 F   0.82261 0.01510 0.15883 0.00347 ( 1)
 181 R   0.80928 0.02842 0.15579 0.00650 ( 1)
 182 F   0.81499 0.02272 0.15709 0.00521 ( 1)
 183 I   0.81467 0.02303 0.15702 0.00528 ( 1)
 184 L   0.51237 0.32533 0.09269 0.06961 ( 1)
 185 F   0.82261 0.01510 0.15883 0.00347 ( 1)
 186 F   0.82261 0.01510 0.15883 0.00347 ( 1)
 187 Q   0.81174 0.02596 0.15635 0.00595 ( 1)
 188 G   0.81332 0.02438 0.15671 0.00558 ( 1)
 189 F   0.82261 0.01510 0.15883 0.00347 ( 1)
 190 H   0.81825 0.01945 0.15783 0.00446 ( 1)
 191 N   0.81879 0.01892 0.15796 0.00434 ( 1)
 192 W   0.81057 0.02714 0.15609 0.00621 ( 1)
 193 T   0.81078 0.02692 0.15613 0.00616 ( 1)
 194 L   0.81467 0.02303 0.15702 0.00528 ( 1)
 195 N   0.81176 0.02595 0.15636 0.00594 ( 1)
 196 P   0.81386 0.02385 0.15683 0.00546 ( 1)
 197 F   0.82261 0.01510 0.15883 0.00347 ( 1)
 198 H   0.81825 0.01945 0.15783 0.00446 ( 1)
 199 M   0.81688 0.02082 0.15752 0.00477 ( 1)
 200 M   0.81688 0.02082 0.15752 0.00477 ( 1)
 201 G   0.81332 0.02438 0.15671 0.00558 ( 1)
 202 V   0.82156 0.01615 0.15859 0.00371 ( 1)
 203 A   0.81229 0.02541 0.15648 0.00582 ( 1)
 204 G   0.81044 0.02726 0.15606 0.00624 ( 1)
 205 V   0.81590 0.02180 0.15730 0.00500 ( 1)
 206 L   0.81297 0.02473 0.15663 0.00566 ( 1)
 207 G   0.81162 0.02608 0.15633 0.00597 ( 1)
 208 A   0.82137 0.01634 0.15854 0.00375 ( 1)
 209 A   0.82137 0.01634 0.15854 0.00375 ( 1)
 210 L   0.81297 0.02473 0.15663 0.00566 ( 1)
 211 L   0.81112 0.02658 0.15621 0.00609 ( 1)
 212 C   0.81139 0.02631 0.15627 0.00602 ( 1)
 213 A   0.82137 0.01634 0.15854 0.00375 ( 1)
 214 I   0.82180 0.01591 0.15864 0.00365 ( 1)
 215 H   0.81825 0.01945 0.15783 0.00446 ( 1)
 216 G   0.81945 0.01826 0.15811 0.00419 ( 1)
 217 A   0.82137 0.01634 0.15854 0.00375 ( 1)
 218 T   0.81956 0.01814 0.15813 0.00416 ( 1)
 219 V   0.81590 0.02180 0.15730 0.00500 ( 1)
 220 E   0.81593 0.02178 0.15730 0.00499 ( 1)
 221 N   0.81879 0.01892 0.15796 0.00434 ( 1)
 222 T   0.81956 0.01814 0.15813 0.00416 ( 1)
 223 L   0.81467 0.02303 0.15702 0.00528 ( 1)
 224 F   0.82261 0.01510 0.15883 0.00347 ( 1)
 225 E   0.81593 0.02178 0.15730 0.00499 ( 1)
 226 D   0.82086 0.01685 0.15843 0.00387 ( 1)
 227 G   0.81945 0.01826 0.15811 0.00419 ( 1)
 228 D   0.82086 0.01685 0.15843 0.00387 ( 1)
 229 G   0.81945 0.01826 0.15811 0.00419 ( 1)
 230 A   0.81572 0.02198 0.15726 0.00504 ( 1)
 231 N   0.81879 0.01892 0.15796 0.00434 ( 1)
 232 T   0.81428 0.02342 0.15693 0.00537 ( 1)
 233 F   0.81499 0.02272 0.15709 0.00521 ( 1)
 234 R   0.81703 0.02068 0.15755 0.00474 ( 1)
 235 A   0.82137 0.01634 0.15854 0.00375 ( 1)
 236 F   0.82261 0.01510 0.15883 0.00347 ( 1)
 237 N   0.81176 0.02595 0.15636 0.00594 ( 1)
 238 P   0.81375 0.02395 0.15681 0.00549 ( 1)
 239 T   0.81956 0.01814 0.15813 0.00416 ( 1)
 240 Q   0.81174 0.02596 0.15635 0.00595 ( 1)
 241 A   0.81812 0.01959 0.15781 0.00449 ( 1)
 242 E   0.81593 0.02178 0.15730 0.00499 ( 1)
 243 E   0.81584 0.02187 0.15728 0.00501 ( 1)
 244 T   0.81956 0.01814 0.15813 0.00416 ( 1)
 245 Y   0.81846 0.01925 0.15788 0.00441 ( 1)
 246 S   0.81299 0.02471 0.15664 0.00566 ( 1)
 247 M   0.81688 0.02082 0.15752 0.00477 ( 1)
 248 V   0.81285 0.02485 0.15661 0.00569 ( 1)
 249 T   0.81154 0.02616 0.15631 0.00599 ( 1)
 250 A   0.81153 0.02617 0.15631 0.00599 ( 1)
 251 N   0.81176 0.02595 0.15636 0.00594 ( 1)
 252 R   0.81004 0.02766 0.15597 0.00633 ( 1)
 253 F   0.82261 0.01510 0.15883 0.00347 ( 1)
 254 W   0.81057 0.02714 0.15609 0.00621 ( 1)
 255 S   0.81197 0.02573 0.15641 0.00589 ( 1)
 256 Q   0.81174 0.02596 0.15635 0.00595 ( 1)
 257 I   0.81338 0.02433 0.15672 0.00557 ( 1)
 258 F   0.82261 0.01510 0.15883 0.00347 ( 1)
 259 G   0.81044 0.02726 0.15606 0.00624 ( 1)
 260 V   0.82156 0.01615 0.15859 0.00371 ( 1)
 261 A   0.82137 0.01634 0.15854 0.00375 ( 1)
 262 F   0.82261 0.01510 0.15883 0.00347 ( 1)
 263 S   0.81197 0.02573 0.15641 0.00589 ( 1)
 264 N   0.81879 0.01892 0.15796 0.00434 ( 1)
 265 K   0.81368 0.02402 0.15679 0.00550 ( 1)
 266 R   0.81703 0.02068 0.15755 0.00474 ( 1)
 267 W   0.81057 0.02714 0.15609 0.00621 ( 1)
 268 L   0.81467 0.02303 0.15702 0.00528 ( 1)
 269 H   0.81825 0.01945 0.15783 0.00446 ( 1)
 270 F   0.81499 0.02272 0.15709 0.00521 ( 1)
 271 F   0.82261 0.01510 0.15883 0.00347 ( 1)
 272 M   0.81688 0.02082 0.15752 0.00477 ( 1)
 273 L   0.81467 0.02303 0.15702 0.00528 ( 1)
 274 F   0.82261 0.01510 0.15883 0.00347 ( 1)
 275 V   0.81590 0.02180 0.15730 0.00500 ( 1)
 276 P   0.81386 0.02385 0.15683 0.00546 ( 1)
 277 V   0.81590 0.02180 0.15730 0.00500 ( 1)
 278 T   0.81357 0.02413 0.15677 0.00553 ( 1)
 279 G   0.81945 0.01826 0.15811 0.00419 ( 1)
 280 L   0.81467 0.02303 0.15702 0.00528 ( 1)
 281 W   0.81057 0.02714 0.15609 0.00621 ( 1)
 282 M   0.81688 0.02082 0.15752 0.00477 ( 1)
 283 S   0.81836 0.01935 0.15786 0.00444 ( 1)
 284 A   0.82137 0.01634 0.15854 0.00375 ( 1)
 285 L   0.82071 0.01700 0.15839 0.00390 ( 1)
 286 G   0.81332 0.02438 0.15671 0.00558 ( 1)
 287 V   0.81590 0.02180 0.15730 0.00500 ( 1)
 288 V   0.82156 0.01615 0.15859 0.00371 ( 1)
 289 G   0.81945 0.01826 0.15811 0.00419 ( 1)
 290 L   0.80833 0.02937 0.15558 0.00672 ( 1)
 291 A   0.81434 0.02337 0.15694 0.00535 ( 1)
 292 L   0.80833 0.02937 0.15558 0.00672 ( 1)
 293 N   0.81176 0.02595 0.15636 0.00594 ( 1)
 294 L   0.78588 0.05182 0.15051 0.01179 ( 1)
 295 R   0.81288 0.02483 0.15661 0.00569 ( 1)
 296 A   0.81270 0.02500 0.15657 0.00573 ( 1)
 297 Y   0.81846 0.01925 0.15788 0.00441 ( 1)
 298 D   0.81347 0.02424 0.15675 0.00555 ( 1)
 299 F   0.81499 0.02272 0.15709 0.00521 ( 1)
 300 V   0.82156 0.01615 0.15859 0.00371 ( 1)
 301 S   0.82024 0.01746 0.15829 0.00401 ( 1)
 302 Q   0.80947 0.02823 0.15584 0.00646 ( 1)
 303 E   0.81593 0.02178 0.15730 0.00499 ( 1)
 304 I   0.82180 0.01591 0.15864 0.00365 ( 1)
 305 R   0.81004 0.02766 0.15597 0.00633 ( 1)
 306 A   0.81153 0.02617 0.15631 0.00599 ( 1)
 307 A   0.81425 0.02346 0.15692 0.00537 ( 1)
 308 E   0.81593 0.02178 0.15730 0.00499 ( 1)
 309 D   0.82086 0.01685 0.15843 0.00387 ( 1)
 310 P   0.81901 0.01870 0.15800 0.00429 ( 1)
 311 E   0.81593 0.02178 0.15730 0.00499 ( 1)
 312 F   0.82261 0.01510 0.15883 0.00347 ( 1)
 313 E   0.81311 0.02460 0.15666 0.00563 ( 1)
 314 T   0.81956 0.01814 0.15813 0.00416 ( 1)
 315 F   0.81605 0.02165 0.15733 0.00496 ( 1)
 316 Y   0.81205 0.02566 0.15642 0.00587 ( 1)
 317 T   0.81174 0.02596 0.15635 0.00594 ( 1)
 318 K   0.81368 0.02402 0.15679 0.00550 ( 1)
 319 N   0.81879 0.01892 0.15796 0.00434 ( 1)
 320 I   0.82180 0.01591 0.15864 0.00365 ( 1)
 321 L   0.81224 0.02546 0.15647 0.00583 ( 1)
 322 L   0.81467 0.02303 0.15702 0.00528 ( 1)
 323 N   0.81176 0.02595 0.15636 0.00594 ( 1)
 324 E   0.81593 0.02178 0.15730 0.00499 ( 1)
 325 G   0.81945 0.01826 0.15811 0.00419 ( 1)
 326 I   0.82180 0.01591 0.15864 0.00365 ( 1)
 327 R   0.81703 0.02068 0.15755 0.00474 ( 1)
 328 A   0.82137 0.01634 0.15854 0.00375 ( 1)
 329 W   0.81057 0.02714 0.15609 0.00621 ( 1)
 330 M   0.81688 0.02082 0.15752 0.00477 ( 1)
 331 A   0.81153 0.02617 0.15631 0.00599 ( 1)
 332 A   0.82137 0.01634 0.15854 0.00375 ( 1)
 333 Q   0.81174 0.02596 0.15635 0.00595 ( 1)
 334 D   0.82086 0.01685 0.15843 0.00387 ( 1)
 335 Q   0.80947 0.02823 0.15584 0.00646 ( 1)
 336 P   0.81901 0.01870 0.15800 0.00429 ( 1)
 337 H   0.81825 0.01945 0.15783 0.00446 ( 1)
 338 E   0.81593 0.02178 0.15730 0.00499 ( 1)
 339 N   0.81176 0.02595 0.15636 0.00594 ( 1)
 340 L   0.82071 0.01700 0.15839 0.00390 ( 1)
 341 I   0.81720 0.02051 0.15759 0.00470 ( 1)
 342 F   0.81499 0.02272 0.15709 0.00521 ( 1)
 343 P   0.81901 0.01870 0.15800 0.00429 ( 1)
 344 E   0.81282 0.02488 0.15660 0.00570 ( 1)
 345 E   0.81282 0.02488 0.15660 0.00570 ( 1)
 346 V   0.82156 0.01615 0.15859 0.00371 ( 1)
 347 L   0.81112 0.02658 0.15621 0.00609 ( 1)
 348 P   0.81159 0.02612 0.15632 0.00598 ( 1)
 349 R   0.81703 0.02068 0.15755 0.00474 ( 1)
 350 G   0.81332 0.02438 0.15671 0.00558 ( 1)
 351 N   0.81176 0.02595 0.15636 0.00594 ( 1)
 352 A   0.82137 0.01634 0.15854 0.00375 ( 1)
 353 L   0.82071 0.01700 0.15839 0.00390 ( 1)

