

TREE # 1

  0  0.0000   1868.777049  x:  0.00000   0.00642   0.00711   0.00508   0.00883   0.01102   0.00373   0.00521   0.00796   0.00357   0.01055   0.00380   0.00820   0.00256   0.00246   0.00770   0.01491   0.00839   0.01662   0.01251   0.00991   0.01255   0.00433   0.01048   0.00105   0.01437   0.02868   0.03116   0.02214   0.04583   2.00000   1.09989   0.02896   0.27919   2.57308  
  1 99.0000   1868.767760  x:  0.00000   0.00642   0.00711   0.00507   0.00883   0.01102   0.00372   0.00521   0.00796   0.00357   0.01055   0.00379   0.00820   0.00256   0.00246   0.00770   0.01491   0.00839   0.01662   0.01251   0.00991   0.01255   0.00433   0.01048   0.00104   0.01437   0.02868   0.03116   0.02214   0.04583   2.00000   1.09989   0.02896   0.27919   2.57308  
  2 1206.5882   1864.492037  x:  0.00000   0.00645   0.00607   0.00513   0.00779   0.01044   0.00264   0.00416   0.00692   0.00252   0.01033   0.00275   0.00816   0.00151   0.00141   0.00665   0.01466   0.00833   0.01646   0.01238   0.00920   0.01241   0.00450   0.01043   0.00000   0.01393   0.02864   0.03089   0.02185   0.04591   2.00002   1.09992   0.02893   0.27902   2.57308  
  3 19858.5577   1859.224319  x:  0.00000   0.00651   0.00466   0.00517   0.00639   0.00973   0.00119   0.00275   0.00551   0.00111   0.01009   0.00134   0.00811   0.00010   0.00000   0.00524   0.01437   0.00826   0.01625   0.01223   0.00828   0.01226   0.00461   0.01038   0.00000   0.01340   0.02858   0.03054   0.02147   0.04600   2.00004   1.09996   0.02889   0.27882   2.57308  
  4 922421.1648   1858.894167  x:  0.00000   0.00651   0.00457   0.00516   0.00629   0.00970   0.00109   0.00265   0.00541   0.00101   0.01008   0.00124   0.00810   0.00000   0.00000   0.00514   0.01435   0.00825   0.01624   0.01222   0.00823   0.01225   0.00463   0.01037   0.00000   0.01338   0.02858   0.03051   0.02145   0.04601   2.00004   1.09997   0.02889   0.27880   2.57308  
  5 83272.4825   1855.891799  x:  0.00000   0.00638   0.00357   0.00545   0.00529   0.00955   0.00002   0.00164   0.00440   0.00000   0.00974   0.00023   0.00803   0.00000   0.00000   0.00414   0.01409   0.00816   0.01606   0.01200   0.00783   0.01203   0.00465   0.01031   0.00000   0.01311   0.02859   0.03022   0.02119   0.04614   2.00005   1.09999   0.02886   0.27864   2.57308  
  6 16104.7041   1855.844508  x:  0.00000   0.00638   0.00355   0.00545   0.00527   0.00954   0.00000   0.00162   0.00438   0.00000   0.00974   0.00022   0.00804   0.00000   0.00000   0.00412   0.01408   0.00816   0.01605   0.01200   0.00782   0.01203   0.00466   0.01031   0.00000   0.01311   0.02859   0.03021   0.02119   0.04614   2.00005   1.09999   0.02886   0.27863   2.57308  
  7 10384.7681   1855.353219  x:  0.00000   0.00637   0.00334   0.00547   0.00506   0.00942   0.00000   0.00141   0.00417   0.00000   0.00976   0.00000   0.00801   0.00000   0.00000   0.00391   0.01406   0.00814   0.01604   0.01201   0.00773   0.01204   0.00466   0.01030   0.00000   0.01303   0.02858   0.03017   0.02115   0.04615   2.00005   1.10000   0.02885   0.27857   2.57308  
  8 9864.7249   1852.622074  x:  0.00000   0.00639   0.00196   0.00544   0.00368   0.00878   0.00000   0.00000   0.00278   0.00000   0.00939   0.00000   0.00823   0.00000   0.00000   0.00251   0.01433   0.00817   0.01619   0.01176   0.00660   0.01181   0.00472   0.01018   0.00000   0.01303   0.02840   0.03022   0.02100   0.04597   2.00007   1.10003   0.02882   0.27800   2.57308  
  9 3715.1569   1849.499558  x:  0.00000   0.00701   0.00000   0.00546   0.00174   0.00861   0.00000   0.00000   0.00083   0.00000   0.00913   0.00000   0.00767   0.00000   0.00000   0.00055   0.01400   0.00800   0.01592   0.01160   0.00511   0.01162   0.00474   0.01031   0.00000   0.01295   0.02831   0.03033   0.02057   0.04585   2.00009   1.10009   0.02877   0.27711   2.57308  
 10 3667.7779   1848.838281  x:  0.00000   0.00702   0.00000   0.00545   0.00120   0.00863   0.00000   0.00000   0.00030   0.00000   0.00915   0.00000   0.00773   0.00000   0.00000   0.00000   0.01388   0.00798   0.01585   0.01161   0.00479   0.01163   0.00476   0.01028   0.00000   0.01288   0.02832   0.03032   0.02040   0.04589   2.00010   1.10010   0.02875   0.27687   2.57308  
 11 5150.4833   1848.599306  x:  0.00000   0.00703   0.00000   0.00545   0.00091   0.00861   0.00000   0.00000   0.00000   0.00000   0.00913   0.00000   0.00771   0.00000   0.00000   0.00000   0.01390   0.00799   0.01586   0.01160   0.00473   0.01162   0.00477   0.01027   0.00000   0.01284   0.02833   0.03027   0.02032   0.04596   2.00010   1.10011   0.02874   0.27676   2.57308  
 12 3306.4361   1848.217052  x:  0.00000   0.00703   0.00000   0.00547   0.00000   0.00848   0.00000   0.00000   0.00000   0.00000   0.00909   0.00000   0.00776   0.00000   0.00000   0.00000   0.01385   0.00786   0.01581   0.01156   0.00470   0.01156   0.00480   0.01037   0.00000   0.01282   0.02830   0.03014   0.02034   0.04602   2.00011   1.10014   0.02872   0.27646   2.57308  
 13 2075.2834   1846.641966  x:  0.00000   0.00498   0.00000   0.00590   0.00000   0.00401   0.00000   0.00000   0.00000   0.00000   0.00847   0.00000   0.00560   0.00000   0.00000   0.00000   0.01025   0.01140   0.01235   0.01088   0.00340   0.01074   0.00606   0.00753   0.00000   0.01341   0.02634   0.02339   0.02608   0.04479   2.00084   1.10194   0.02701   0.26407   2.57305  
 14 270.0901   1845.989354  x:  0.00000   0.00457   0.00000   0.00605   0.00000   0.00576   0.00000   0.00000   0.00000   0.00000   0.00703   0.00000   0.00549   0.00000   0.00000   0.00000   0.01039   0.01152   0.01388   0.01079   0.00213   0.01178   0.00629   0.00815   0.00000   0.00810   0.02603   0.02069   0.02900   0.04059   2.00163   1.10381   0.02519   0.25504   2.57303  
 15 122.5765   1845.124596  x:  0.00000   0.00590   0.00000   0.00616   0.00000   0.00499   0.00000   0.00000   0.00000   0.00000   0.00777   0.00000   0.00584   0.00000   0.00000   0.00000   0.01024   0.00908   0.01394   0.00985   0.00277   0.01059   0.00618   0.00491   0.00000   0.00599   0.02742   0.02172   0.02767   0.03619   2.00330   1.10772   0.02136   0.23753   2.57299  
 16 149.5596   1842.203691  x:  0.00000   0.00463   0.00000   0.00619   0.00000   0.00142   0.00000   0.00000   0.00000   0.00000   0.00858   0.00000   0.00538   0.00000   0.00000   0.00000   0.00936   0.01117   0.01371   0.00900   0.00256   0.00916   0.00559   0.00777   0.00000   0.00463   0.03194   0.02570   0.01991   0.02674   2.00898   1.12109   0.00827   0.17857   2.57288  
 17 751.5628   1839.308459  x:  0.00000   0.00577   0.00000   0.00626   0.00000   0.00100   0.00000   0.00000   0.00000   0.00000   0.00844   0.00000   0.00547   0.00000   0.00000   0.00000   0.01003   0.01110   0.01330   0.00991   0.00000   0.00960   0.00498   0.00743   0.00000   0.00501   0.03187   0.02579   0.01821   0.02661   2.01248   1.12934   0.00017   0.14254   2.57281  
 18 1210.2502   1833.409865  x:  0.00000   0.00876   0.00000   0.00646   0.00000   0.00011   0.00000   0.00000   0.00000   0.00000   0.00911   0.00000   0.00563   0.00000   0.00000   0.00000   0.01194   0.01123   0.01227   0.01156   0.00000   0.00986   0.00332   0.00675   0.00000   0.00572   0.03140   0.02599   0.01384   0.02650   2.02186   1.15153  -0.02160   0.04568   2.57264  
 19 232890.1302   1830.495590  x:  0.00000   0.01025   0.00000   0.00661   0.00000   0.00015   0.00000   0.00000   0.00000   0.00000   0.00949   0.00000   0.00576   0.00000   0.00000   0.00000   0.01479   0.01144   0.00955   0.01403   0.00000   0.00869   0.00255   0.00653   0.00000   0.00625   0.03048   0.02424   0.01045   0.02472   2.02631   1.16190  -0.03177   0.00000   2.57256  
 20 7028.7313   1830.156452  x:  0.00000   0.01007   0.00000   0.00656   0.00000   0.00019   0.00000   0.00000   0.00000   0.00000   0.00963   0.00000   0.00580   0.00000   0.00000   0.00000   0.01359   0.01119   0.01017   0.01194   0.00000   0.00996   0.00268   0.00662   0.00000   0.00593   0.02502   0.02484   0.00896   0.02502   2.02569   1.16055  -0.03049   0.00000   2.57258  
 21 29.4264   1829.442636  x:  0.00000   0.01001   0.00000   0.00641   0.00000   0.00023   0.00000   0.00000   0.00000   0.00000   0.01011   0.00000   0.00560   0.00000   0.00000   0.00000   0.01373   0.01133   0.00994   0.01317   0.00000   0.00676   0.00278   0.00678   0.00000   0.00385   0.02341   0.02717   0.00962   0.02862   2.02580   1.16126  -0.03128   0.00000   2.57262  
 22 31.8934   1827.940547  x:  0.00000   0.01214   0.00000   0.00644   0.00000   0.00037   0.00000   0.00000   0.00000   0.00000   0.01428   0.00000   0.00580   0.00000   0.00000   0.00000   0.01449   0.01094   0.01103   0.00726   0.00000   0.00618   0.00283   0.00699   0.00000   0.00509   0.02945   0.02214   0.00942   0.03288   2.02670   1.16471  -0.03494   0.00000   2.57271  
 23 89.5399   1827.506177  x:  0.00000   0.01233   0.00000   0.00629   0.00000   0.00039   0.00000   0.00000   0.00000   0.00000   0.01371   0.00000   0.00576   0.00000   0.00000   0.00000   0.01236   0.01055   0.01342   0.00913   0.00000   0.00459   0.00296   0.00670   0.00000   0.00599   0.03006   0.02128   0.00794   0.03280   2.03156   1.18093  -0.05125   0.00000   2.57276  
 24 32.1791   1824.517134  x:  0.00000   0.01154   0.00000   0.00500   0.00000   0.00043   0.00000   0.00000   0.00000   0.00000   0.00854   0.00000   0.00509   0.00000   0.00000   0.00000   0.01046   0.00854   0.01008   0.00949   0.00000   0.00641   0.00399   0.00579   0.00000   0.00530   0.03633   0.02505   0.00329   0.03653   2.06102   1.28053  -0.15145   0.00000   2.57305  
 25 828.4389   1816.870089  x:  0.00000   0.01138   0.00000   0.00237   0.00000   0.00047   0.00000   0.00000   0.00000   0.00000   0.00732   0.00000   0.00652   0.00000   0.00000   0.00000   0.00799   0.00773   0.00730   0.00893   0.00000   0.00608   0.00081   0.00717   0.00000   0.00368   0.03339   0.01327   0.00464   0.03412   2.17966   1.65640  -0.52880   0.00000   2.57381  
 26 43.3025   1816.355936  x:  0.00675   0.01137   0.00000   0.00210   0.00000   0.00047   0.00000   0.00000   0.00000   0.00000   0.00720   0.00000   0.00666   0.00000   0.00000   0.00000   0.00775   0.00764   0.00701   0.00888   0.00000   0.00604   0.00049   0.00732   0.00000   0.00352   0.03308   0.01207   0.00478   0.03386   2.19210   1.69562  -0.56817   0.00000   2.57389  
 27 1322.4310   1814.917895  x:  0.01676   0.01205   0.00000   0.00155   0.00000   0.00049   0.00000   0.00000   0.00000   0.00000   0.00782   0.00000   0.00703   0.00000   0.00000   0.00000   0.00899   0.00751   0.00544   0.00900   0.00000   0.00571   0.00188   0.00785   0.00000   0.00321   0.03169   0.00799   0.00524   0.03239   2.23618   1.83287  -0.70595   0.00000   2.57410  
 28 69.5955   1814.294724  x:  0.01855   0.01292   0.00000   0.00518   0.00000   0.00052   0.00000   0.00000   0.00000   0.00000   0.00698   0.00000   0.00736   0.00000   0.00000   0.00000   0.00868   0.00752   0.00532   0.00933   0.00000   0.00592   0.00199   0.00805   0.00000   0.00326   0.03178   0.00739   0.00559   0.03254   2.29174   1.89426  -0.76730   0.00000   2.57404  
 29  5.9135   1812.566946  x:  0.01271   0.01324   0.00000   0.00489   0.00000   0.00059   0.00000   0.00000   0.00000   0.00000   0.00718   0.00000   0.00397   0.00000   0.00000   0.00000   0.01092   0.00381   0.00761   0.00990   0.00000   0.00653   0.00199   0.00716   0.00000   0.00496   0.03179   0.01303   0.00670   0.03388   2.48056   1.94376  -0.81453   0.00000   2.57303  
 30  3.7718   1811.277479  x:  0.01881   0.01407   0.00000   0.00420   0.00000   0.00070   0.00000   0.00000   0.00000   0.00000   0.00518   0.00000   0.00531   0.00000   0.00000   0.00000   0.00714   0.00539   0.01061   0.01253   0.00000   0.00919   0.00229   0.00789   0.00000   0.00420   0.03421   0.00781   0.00792   0.03651   2.67816   1.93521  -0.80740   0.00000   2.57366  
 31  3.5870   1810.229349  x:  0.02438   0.00810   0.00000   0.00430   0.00000   0.00066   0.00000   0.00000   0.00000   0.00000   0.00656   0.00000   0.00672   0.00000   0.00000   0.00000   0.01156   0.00706   0.01295   0.01225   0.00000   0.00933   0.00224   0.00762   0.00000   0.00349   0.03275   0.00165   0.00727   0.03754   2.81725   1.99644  -0.86761   0.00000   2.57323  
 32  2.0090   1809.576587  x:  0.01740   0.00648   0.00000   0.00398   0.00000   0.00068   0.00000   0.00000   0.00000   0.00000   0.00409   0.00000   0.00786   0.00000   0.00000   0.00000   0.01205   0.00736   0.01252   0.01056   0.00000   0.00841   0.00223   0.00669   0.00000   0.00553   0.03180   0.00787   0.00793   0.03958   2.84165   2.01374  -0.88535   0.00000   2.57343  
 33  0.4233   1808.824420  x:  0.01118   0.00539   0.00000   0.00367   0.00000   0.00075   0.00000   0.00000   0.00000   0.00000   0.00792   0.00000   0.00950   0.00000   0.00000   0.00000   0.00994   0.00667   0.01175   0.01120   0.00000   0.00907   0.00222   0.00611   0.00000   0.00756   0.03149   0.01275   0.00889   0.04389   2.80429   2.04482  -0.91540   0.00000   2.57296  
 34  0.5465   1807.645294  x:  0.01881   0.00488   0.00000   0.00268   0.00000   0.00096   0.00000   0.00000   0.00000   0.00000   0.00642   0.00000   0.00391   0.00000   0.00000   0.00000   0.00866   0.00792   0.01156   0.01079   0.00000   0.01059   0.00225   0.01046   0.00000   0.00694   0.02844   0.00000   0.01103   0.05319   2.21383   2.18868  -1.05972   0.00000   2.57320  
 35  0.8490   1807.645294  x:  0.01881   0.00488   0.00000   0.00268   0.00000   0.00096   0.00000   0.00000   0.00000   0.00000   0.00642   0.00000   0.00391   0.00000   0.00000   0.00000   0.00866   0.00792   0.01156   0.01079   0.00000   0.01059   0.00225   0.01046   0.00000   0.00694   0.02844   0.00000   0.01103   0.05319   2.21383   2.18868  -1.05972   0.00000   2.57320  
 36 156.2120   1806.948165  x:  0.01884   0.00523   0.00000   0.00288   0.00000   0.00385   0.00000   0.00000   0.00000   0.00000   0.00638   0.00000   0.00467   0.00000   0.00000   0.00000   0.00875   0.00765   0.01165   0.01061   0.00000   0.01043   0.00274   0.01033   0.00000   0.00681   0.02845   0.00004   0.01117   0.05326   2.21383   2.18867  -1.05972   0.00017   2.57320  
 37 770.2357   1806.676414  x:  0.01899   0.00637   0.00000   0.00335   0.00000   0.00346   0.00000   0.00000   0.00000   0.00000   0.00621   0.00000   0.00673   0.00000   0.00000   0.00000   0.00913   0.00653   0.01206   0.00988   0.00000   0.00981   0.00363   0.00978   0.00000   0.00629   0.02848   0.00019   0.01177   0.05357   2.21384   2.18866  -1.05971   0.00096   2.57320  
 38 187.3010   1806.616349  x:  0.01909   0.00646   0.00000   0.00296   0.00000   0.00352   0.00000   0.00000   0.00000   0.00000   0.00618   0.00000   0.00673   0.00000   0.00000   0.00000   0.00934   0.00599   0.01237   0.00936   0.00000   0.00937   0.00294   0.00940   0.00000   0.00612   0.02853   0.00028   0.01223   0.05396   2.21386   2.18865  -1.05970   0.00184   2.57320  
 39 80.5533   1806.580506  x:  0.01914   0.00623   0.00000   0.00326   0.00000   0.00353   0.00000   0.00000   0.00000   0.00000   0.00622   0.00000   0.00621   0.00000   0.00000   0.00000   0.00947   0.00602   0.01267   0.00899   0.00000   0.00908   0.00329   0.00915   0.00000   0.00618   0.02861   0.00034   0.01268   0.05461   2.21389   2.18863  -1.05968   0.00318   2.57320  
 40 59.2525   1806.556251  x:  0.01911   0.00630   0.00000   0.00303   0.00000   0.00352   0.00000   0.00000   0.00000   0.00000   0.00626   0.00000   0.00646   0.00000   0.00000   0.00000   0.00939   0.00649   0.01271   0.00929   0.00000   0.00933   0.00330   0.00937   0.00000   0.00632   0.02873   0.00030   0.01278   0.05552   2.21395   2.18862  -1.05967   0.00471   2.57320  
 41 42.7780   1806.551524  x:  0.01909   0.00631   0.00000   0.00323   0.00000   0.00352   0.00000   0.00000   0.00000   0.00000   0.00625   0.00000   0.00647   0.00000   0.00000   0.00000   0.00935   0.00638   0.01263   0.00942   0.00000   0.00944   0.00317   0.00947   0.00000   0.00629   0.02877   0.00029   0.01266   0.05579   2.21397   2.18862  -1.05967   0.00504   2.57320  
 42 30.2856   1806.549732  x:  0.01909   0.00631   0.00000   0.00316   0.00000   0.00352   0.00000   0.00000   0.00000   0.00000   0.00624   0.00000   0.00642   0.00000   0.00000   0.00000   0.00934   0.00622   0.01254   0.00946   0.00000   0.00948   0.00324   0.00950   0.00000   0.00624   0.02879   0.00029   0.01251   0.05598   2.21400   2.18863  -1.05967   0.00515   2.57320  
 43 16.3890   1806.548898  x:  0.01912   0.00632   0.00000   0.00317   0.00000   0.00352   0.00000   0.00000   0.00000   0.00000   0.00624   0.00000   0.00643   0.00000   0.00000   0.00000   0.00937   0.00628   0.01247   0.00939   0.00000   0.00942   0.00323   0.00945   0.00000   0.00626   0.02881   0.00031   0.01236   0.05624   2.21405   2.18864  -1.05969   0.00511   2.57320  
 44  6.2087   1806.548277  x:  0.01913   0.00630   0.00000   0.00317   0.00000   0.00352   0.00000   0.00000   0.00000   0.00000   0.00625   0.00000   0.00643   0.00000   0.00000   0.00000   0.00935   0.00627   0.01254   0.00941   0.00000   0.00943   0.00323   0.00946   0.00000   0.00625   0.02881   0.00032   0.01243   0.05661   2.21416   2.18868  -1.05972   0.00494   2.57320  
 45  4.3662   1806.548230  x:  0.01910   0.00633   0.00000   0.00316   0.00000   0.00352   0.00000   0.00000   0.00000   0.00000   0.00624   0.00000   0.00642   0.00000   0.00000   0.00000   0.00936   0.00627   0.01252   0.00941   0.00000   0.00943   0.00323   0.00946   0.00000   0.00626   0.02881   0.00030   0.01245   0.05663   2.21421   2.18869  -1.05974   0.00493   2.57320  
 46  1.4282   1806.548140  x:  0.01909   0.00629   0.00000   0.00316   0.00000   0.00352   0.00000   0.00000   0.00000   0.00000   0.00625   0.00000   0.00644   0.00000   0.00000   0.00000   0.00937   0.00627   0.01248   0.00940   0.00000   0.00943   0.00323   0.00946   0.00000   0.00625   0.02878   0.00028   0.01247   0.05664   2.21440   2.18874  -1.05979   0.00493   2.57320  
 47  1.7347   1806.546118  x:  0.01921   0.00633   0.00000   0.00316   0.00000   0.00352   0.00000   0.00000   0.00000   0.00000   0.00622   0.00000   0.00642   0.00000   0.00000   0.00000   0.00927   0.00626   0.01236   0.00945   0.00000   0.00943   0.00323   0.00940   0.00000   0.00627   0.02837   0.00041   0.01254   0.05667   2.21905   2.19003  -1.06108   0.00500   2.57320  
 48  7.1155   1806.537797  x:  0.01908   0.00633   0.00000   0.00316   0.00000   0.00352   0.00000   0.00000   0.00000   0.00000   0.00632   0.00000   0.00641   0.00000   0.00000   0.00000   0.00948   0.00628   0.01268   0.00936   0.00000   0.00945   0.00323   0.00955   0.00000   0.00617   0.02760   0.00028   0.01230   0.05668   2.23824   2.19537  -1.06642   0.00527   2.57320  
 49 102.3597   1806.507442  x:  0.01882   0.00608   0.00000   0.00315   0.00000   0.00350   0.00000   0.00000   0.00000   0.00000   0.00577   0.00000   0.00653   0.00000   0.00000   0.00000   0.00925   0.00611   0.01286   0.00937   0.00000   0.00936   0.00321   0.00937   0.00000   0.00670   0.02768   0.00004   0.01214   0.05659   2.30891   2.21503  -1.08608   0.00616   2.57320  
 50 340.9420   1806.446284  x:  0.01888   0.00633   0.00000   0.00314   0.00000   0.00348   0.00000   0.00000   0.00000   0.00000   0.00644   0.00000   0.00637   0.00000   0.00000   0.00000   0.00897   0.00621   0.01254   0.00943   0.00000   0.00930   0.00320   0.00916   0.00000   0.00622   0.02870   0.00012   0.01230   0.05635   2.45584   2.25591  -1.12695   0.00793   2.57319  
 51 2215.0208   1806.440085  x:  0.01906   0.00629   0.00000   0.00314   0.00000   0.00348   0.00000   0.00000   0.00000   0.00000   0.00623   0.00000   0.00635   0.00000   0.00000   0.00000   0.00930   0.00626   0.01241   0.00937   0.00000   0.00938   0.00320   0.00939   0.00000   0.00613   0.02884   0.00030   0.01239   0.05632   2.47035   2.25994  -1.13098   0.00809   2.57319  
 52 532.4507   1806.439966  x:  0.01907   0.00629   0.00000   0.00314   0.00000   0.00347   0.00000   0.00000   0.00000   0.00000   0.00626   0.00000   0.00636   0.00000   0.00000   0.00000   0.00932   0.00624   0.01241   0.00936   0.00000   0.00939   0.00320   0.00941   0.00000   0.00618   0.02885   0.00031   0.01240   0.05632   2.47062   2.26002  -1.13106   0.00809   2.57319  
 53 14.4363   1806.439966  x:  0.01907   0.00629   0.00000   0.00314   0.00000   0.00347   0.00000   0.00000   0.00000   0.00000   0.00626   0.00000   0.00636   0.00000   0.00000   0.00000   0.00932   0.00624   0.01241   0.00936   0.00000   0.00939   0.00320   0.00941   0.00000   0.00618   0.02885   0.00031   0.01240   0.05632   2.47062   2.26002  -1.13106   0.00809   2.57319  
 54  0.1037   1806.439307  x:  0.01906   0.00628   0.00000   0.00313   0.00000   0.00345   0.00000   0.00000   0.00000   0.00000   0.00625   0.00000   0.00634   0.00000   0.00000   0.00000   0.00936   0.00624   0.01242   0.00931   0.00000   0.00953   0.00319   0.00931   0.00000   0.00619   0.02881   0.00031   0.01240   0.05634   2.47237   2.26092  -1.13195   0.00813   2.57319  
 55  0.0178   1806.435284  x:  0.01901   0.00621   0.00000   0.00310   0.00000   0.00330   0.00000   0.00000   0.00000   0.00000   0.00621   0.00000   0.00624   0.00000   0.00000   0.00000   0.00949   0.00621   0.01250   0.00949   0.00000   0.00933   0.00312   0.00922   0.00000   0.00625   0.02861   0.00030   0.01240   0.05643   2.48292   2.26634  -1.13735   0.00834   2.57318  
 56 62.0513   1806.434962  x:  0.01930   0.00621   0.00000   0.00310   0.00000   0.00329   0.00000   0.00000   0.00000   0.00000   0.00621   0.00000   0.00624   0.00000   0.00000   0.00000   0.00948   0.00622   0.01251   0.00948   0.00000   0.00933   0.00312   0.00923   0.00000   0.00626   0.02861   0.00000   0.01240   0.05644   2.48318   2.26655  -1.13753   0.00835   2.57318  
 57  0.0107   1806.434959  x:  0.01932   0.00621   0.00000   0.00310   0.00000   0.00329   0.00000   0.00000   0.00000   0.00000   0.00621   0.00000   0.00624   0.00000   0.00000   0.00000   0.00948   0.00622   0.01251   0.00948   0.00000   0.00933   0.00312   0.00923   0.00000   0.00626   0.02861   0.00000   0.01240   0.05644   2.48318   2.26655  -1.13753   0.00835   2.57318  
 58  0.0781   1806.434959  x:  0.01932   0.00621   0.00000   0.00310   0.00000   0.00329   0.00000   0.00000   0.00000   0.00000   0.00621   0.00000   0.00624   0.00000   0.00000   0.00000   0.00948   0.00622   0.01251   0.00948   0.00000   0.00933   0.00312   0.00923   0.00000   0.00626   0.02861   0.00001   0.01240   0.05644   2.48318   2.26654  -1.13753   0.00835   2.57318  
 59  0.1239   1806.432163  x:  0.01933   0.00623   0.00000   0.00314   0.00000   0.00312   0.00000   0.00000   0.00000   0.00000   0.00624   0.00000   0.00624   0.00000   0.00000   0.00000   0.00935   0.00626   0.01251   0.00935   0.00000   0.00938   0.00315   0.00941   0.00000   0.00627   0.02865   0.00001   0.01241   0.05644   2.48433   2.26314  -1.13350   0.00820   2.57315  
 60  0.0171   1806.432010  x:  0.01933   0.00623   0.00000   0.00313   0.00000   0.00311   0.00000   0.00000   0.00000   0.00000   0.00623   0.00000   0.00624   0.00000   0.00000   0.00000   0.00934   0.00625   0.01250   0.00935   0.00000   0.00938   0.00314   0.00940   0.00000   0.00626   0.02866   0.00000   0.01241   0.05642   2.48219   2.26474  -1.13503   0.00826   2.57315  
 61  0.0062   1806.431848  x:  0.01933   0.00622   0.00000   0.00310   0.00000   0.00310   0.00000   0.00000   0.00000   0.00000   0.00622   0.00000   0.00622   0.00000   0.00000   0.00000   0.00933   0.00623   0.01247   0.00935   0.00000   0.00936   0.00312   0.00938   0.00000   0.00623   0.02868   0.00000   0.01239   0.05639   2.48023   2.26268  -1.13274   0.00815   2.57313  
 62  0.0039   1806.431832  x:  0.01933   0.00621   0.00000   0.00310   0.00000   0.00310   0.00000   0.00000   0.00000   0.00000   0.00622   0.00000   0.00622   0.00000   0.00000   0.00000   0.00932   0.00623   0.01247   0.00933   0.00000   0.00936   0.00312   0.00939   0.00000   0.00623   0.02867   0.00000   0.01239   0.05639   2.47940   2.26480  -1.13481   0.00824   2.57312  
 63  0.0039   1806.431829  x:  0.01933   0.00621   0.00000   0.00310   0.00000   0.00311   0.00000   0.00000   0.00000   0.00000   0.00622   0.00000   0.00622   0.00000   0.00000   0.00000   0.00932   0.00623   0.01247   0.00933   0.00000   0.00936   0.00312   0.00939   0.00000   0.00623   0.02867   0.00000   0.01239   0.05640   2.48034   2.26441  -1.13437   0.00822   2.57310  
 64  0.0008   1806.431829  x:  0.01933   0.00621   0.00000   0.00310   0.00000   0.00311   0.00000   0.00000   0.00000   0.00000   0.00622   0.00000   0.00622   0.00000   0.00000   0.00000   0.00932   0.00623   0.01247   0.00933   0.00000   0.00936   0.00312   0.00939   0.00000   0.00623   0.02867   0.00000   0.01239   0.05640   2.48043   2.26452  -1.13435   0.00822   2.57305  