

TREE # 1

  0  0.0000    785.684033  x:  0.00085   0.01459   0.00331   0.00305   0.00665   0.00568   0.00257   0.01009   0.01234   0.00920   0.00433   0.00324   0.00312   0.00236   0.00171   0.01266   0.00565   0.00959   0.02526   0.03262   0.00000   0.02611   0.01630   0.01851   0.00607   0.02899   0.02595   0.02580   0.05006   0.03998   2.00000   1.09989   0.02896   0.27919   2.57308  
  1 99.0000    785.682756  x:  0.00085   0.01459   0.00330   0.00305   0.00665   0.00568   0.00257   0.01009   0.01234   0.00920   0.00433   0.00324   0.00312   0.00236   0.00171   0.01266   0.00565   0.00959   0.02526   0.03262   0.00000   0.02611   0.01630   0.01851   0.00608   0.02899   0.02595   0.02580   0.05006   0.03998   2.00000   1.09989   0.02896   0.27919   2.57308  
  2 439.3816    783.256934  x:  0.00105   0.01397   0.00161   0.00134   0.00494   0.00397   0.00083   0.00988   0.01190   0.00909   0.00263   0.00154   0.00141   0.00065   0.00000   0.01219   0.00395   0.00942   0.02521   0.03262   0.00000   0.02601   0.01630   0.01836   0.00608   0.02877   0.02588   0.02600   0.05006   0.04004   2.00002   1.09995   0.02890   0.27875   2.57308  
  3 35961.3264    782.417856  x:  0.00115   0.01371   0.00097   0.00070   0.00430   0.00333   0.00017   0.00978   0.01171   0.00903   0.00199   0.00090   0.00076   0.00000   0.00000   0.01199   0.00330   0.00935   0.02519   0.03262   0.00000   0.02598   0.01630   0.01829   0.00604   0.02868   0.02585   0.02610   0.05006   0.04007   2.00003   1.09997   0.02888   0.27858   2.57308  
  4 300447.5110    782.226090  x:  0.00112   0.01354   0.00082   0.00055   0.00414   0.00317   0.00000   0.00984   0.01166   0.00911   0.00183   0.00074   0.00061   0.00000   0.00000   0.01191   0.00314   0.00943   0.02520   0.03266   0.00000   0.02596   0.01632   0.01826   0.00605   0.02862   0.02585   0.02607   0.05011   0.04013   2.00003   1.09998   0.02888   0.27842   2.57308  
  5 739.5999    781.614708  x:  0.00111   0.01329   0.00026   0.00000   0.00356   0.00258   0.00000   0.00980   0.01166   0.00897   0.00124   0.00015   0.00004   0.00000   0.00000   0.01189   0.00255   0.00932   0.02522   0.03276   0.00000   0.02594   0.01633   0.01822   0.00605   0.02847   0.02585   0.02606   0.05027   0.04034   2.00005   1.09997   0.02888   0.27770   2.57308  
  6 1320.4888    781.576360  x:  0.00112   0.01329   0.00022   0.00000   0.00352   0.00254   0.00000   0.00980   0.01165   0.00897   0.00120   0.00011   0.00000   0.00000   0.00000   0.01188   0.00251   0.00932   0.02522   0.03276   0.00000   0.02594   0.01632   0.01821   0.00605   0.02846   0.02585   0.02607   0.05028   0.04035   2.00005   1.09997   0.02888   0.27765   2.57308  
  7 8416.6359    781.493011  x:  0.00112   0.01327   0.00012   0.00000   0.00342   0.00243   0.00000   0.00980   0.01163   0.00895   0.00110   0.00000   0.00000   0.00000   0.00000   0.01186   0.00240   0.00932   0.02522   0.03276   0.00000   0.02593   0.01633   0.01821   0.00605   0.02846   0.02585   0.02607   0.05028   0.04035   2.00005   1.09997   0.02888   0.27752   2.57308  
  8 12997.9631    781.405897  x:  0.00113   0.01321   0.00000   0.00000   0.00330   0.00230   0.00000   0.00978   0.01162   0.00897   0.00097   0.00000   0.00000   0.00000   0.00000   0.01184   0.00227   0.00929   0.02522   0.03275   0.00000   0.02593   0.01633   0.01820   0.00605   0.02846   0.02585   0.02607   0.05026   0.04032   2.00006   1.09997   0.02888   0.27738   2.57308  
  9 4088.3523    780.878563  x:  0.00132   0.01289   0.00000   0.00000   0.00237   0.00133   0.00000   0.00973   0.01166   0.00880   0.00000   0.00000   0.00000   0.00000   0.00000   0.01189   0.00130   0.00951   0.02526   0.03281   0.00000   0.02590   0.01629   0.01815   0.00603   0.02836   0.02586   0.02626   0.05003   0.04025   2.00008   1.10002   0.02884   0.27641   2.57308  
 10 1934.2911    780.349168  x:  0.00137   0.01279   0.00000   0.00000   0.00114   0.00004   0.00000   0.00974   0.01149   0.00879   0.00000   0.00000   0.00000   0.00000   0.00000   0.01181   0.00000   0.00941   0.02529   0.03298   0.00000   0.02586   0.01626   0.01814   0.00602   0.02813   0.02587   0.02632   0.04989   0.04039   2.00010   1.10010   0.02877   0.27531   2.57307  
 11 1746.9472    780.340204  x:  0.00137   0.01279   0.00000   0.00000   0.00111   0.00000   0.00000   0.00973   0.01149   0.00879   0.00000   0.00000   0.00000   0.00000   0.00000   0.01181   0.00000   0.00941   0.02529   0.03298   0.00000   0.02586   0.01626   0.01814   0.00602   0.02813   0.02587   0.02632   0.04989   0.04039   2.00010   1.10010   0.02877   0.27529   2.57307  
 12 3020.2422    780.163697  x:  0.00146   0.01265   0.00000   0.00000   0.00000   0.00000   0.00000   0.00983   0.01147   0.00878   0.00000   0.00000   0.00000   0.00000   0.00000   0.01176   0.00000   0.00933   0.02525   0.03288   0.00000   0.02587   0.01626   0.01810   0.00600   0.02821   0.02584   0.02641   0.05015   0.04047   2.00013   1.10017   0.02870   0.27443   2.57307  
 13 1391.6146    779.692321  x:  0.00058   0.01005   0.00000   0.00000   0.00000   0.00000   0.00000   0.00760   0.00635   0.00853   0.00000   0.00000   0.00000   0.00000   0.00000   0.01492   0.00000   0.00967   0.02629   0.03139   0.00000   0.02489   0.01196   0.01898   0.00619   0.02760   0.02610   0.02553   0.05585   0.03768   2.00077   1.10248   0.02644   0.25460   2.57305  
 14 90.3100    777.407106  x:  0.00194   0.00953   0.00000   0.00000   0.00000   0.00000   0.00000   0.00773   0.00768   0.00813   0.00000   0.00000   0.00000   0.00000   0.00000   0.01125   0.00000   0.00894   0.03406   0.03416   0.00000   0.02001   0.01645   0.02309   0.00639   0.01471   0.02941   0.02689   0.07106   0.01979   2.00478   1.11664   0.01245   0.14517   2.57299  
 15 131.9577    772.432092  x:  0.00287   0.00809   0.00000   0.00000   0.00000   0.00000   0.00000   0.00747   0.00726   0.00780   0.00000   0.00000   0.00000   0.00000   0.00000   0.00899   0.00000   0.00843   0.04144   0.03920   0.00000   0.02048   0.01693   0.02494   0.00659   0.01684   0.03294   0.02783   0.07627   0.01610   2.01015   1.13572  -0.00646   0.00000   2.57293  
 16 668.5378    772.266954  x:  0.00224   0.00906   0.00000   0.00000   0.00000   0.00000   0.00000   0.00762   0.00903   0.00800   0.00000   0.00000   0.00000   0.00000   0.00000   0.00801   0.00000   0.00876   0.03722   0.04182   0.00000   0.02005   0.01335   0.02395   0.00638   0.01917   0.03069   0.02720   0.07430   0.01647   2.00650   1.12256   0.00657   0.00000   2.57298  
 17 65.6660    772.141316  x:  0.00194   0.00960   0.00000   0.00000   0.00000   0.00000   0.00000   0.00755   0.00798   0.00813   0.00000   0.00000   0.00000   0.00000   0.00000   0.01020   0.00000   0.00899   0.03477   0.04486   0.00000   0.02151   0.01576   0.02364   0.00607   0.02246   0.02982   0.02690   0.07307   0.01677   2.00350   1.11177   0.01724   0.00000   2.57302  
 18 70.7383    772.010131  x:  0.00179   0.00972   0.00000   0.00000   0.00000   0.00000   0.00000   0.00744   0.00846   0.00818   0.00000   0.00000   0.00000   0.00000   0.00000   0.00932   0.00000   0.00910   0.03917   0.04269   0.00000   0.02473   0.01559   0.02603   0.00576   0.02445   0.03415   0.02674   0.07139   0.01885   2.00214   1.10702   0.02190   0.00000   2.57305  
 19 15.8325    771.851486  x:  0.00190   0.01033   0.00000   0.00000   0.00000   0.00000   0.00000   0.00730   0.00795   0.00805   0.00000   0.00000   0.00000   0.00000   0.00000   0.00925   0.00000   0.00897   0.04388   0.04208   0.00000   0.01958   0.01639   0.02255   0.00574   0.02645   0.03472   0.02685   0.06940   0.02026   2.00424   1.11507   0.01378   0.00000   2.57307  
 20 14.5707    771.249680  x:  0.00234   0.01030   0.00000   0.00000   0.00000   0.00000   0.00000   0.00688   0.00674   0.00751   0.00000   0.00000   0.00000   0.00000   0.00000   0.00771   0.00000   0.00838   0.04858   0.04343   0.00000   0.02469   0.01562   0.01296   0.00609   0.02547   0.02844   0.02730   0.06328   0.02040   2.01526   1.15668  -0.02802   0.00000   2.57311  
 21 61.5033    770.355068  x:  0.00307   0.00624   0.00000   0.00000   0.00000   0.00000   0.00000   0.00626   0.00524   0.00668   0.00000   0.00000   0.00000   0.00000   0.00000   0.00456   0.00000   0.00749   0.04604   0.04621   0.00000   0.02389   0.01647   0.01883   0.00674   0.02626   0.01987   0.02804   0.05257   0.02251   2.03319   1.22415  -0.09576   0.00000   2.57316  
 22 256.5660    769.940607  x:  0.00344   0.00480   0.00000   0.00000   0.00000   0.00000   0.00000   0.00593   0.00426   0.00626   0.00000   0.00000   0.00000   0.00000   0.00000   0.00332   0.00000   0.00703   0.03670   0.04828   0.00000   0.02306   0.01633   0.01716   0.00695   0.02612   0.02804   0.02842   0.04769   0.02279   2.04257   1.25900  -0.13075   0.00000   2.57319  
 23 175.8926    768.735440  x:  0.00437   0.00491   0.00000   0.00000   0.00000   0.00000   0.00000   0.00535   0.00630   0.00661   0.00000   0.00000   0.00000   0.00000   0.00000   0.00440   0.00000   0.00685   0.03961   0.05059   0.00000   0.02363   0.01582   0.01862   0.01021   0.03188   0.03091   0.02935   0.05687   0.01954   2.12683   1.48132  -0.35339   0.00000   2.57315  
 24  7.9396    768.199010  x:  0.00359   0.00586   0.00000   0.00000   0.00000   0.00000   0.00000   0.00710   0.00615   0.00641   0.00000   0.00000   0.00000   0.00000   0.00000   0.00495   0.00000   0.00722   0.03492   0.03551   0.00000   0.02347   0.01566   0.01836   0.01081   0.03447   0.03016   0.02852   0.04642   0.01736   2.21784   1.51343  -0.38594   0.00000   2.57327  
 25  1.7494    767.603384  x:  0.00285   0.00299   0.00000   0.00000   0.00000   0.00000   0.00000   0.00708   0.00730   0.00713   0.00000   0.00000   0.00000   0.00000   0.00000   0.00714   0.00000   0.00673   0.02975   0.03616   0.00000   0.02263   0.01509   0.01692   0.00741   0.03270   0.02943   0.02773   0.04325   0.01979   2.42906   1.53620  -0.40838   0.00000   2.57330  
 26  1.5297    766.734693  x:  0.00347   0.00640   0.00000   0.00000   0.00000   0.00000   0.00000   0.00684   0.00638   0.00827   0.00000   0.00000   0.00000   0.00000   0.00000   0.00727   0.00000   0.00647   0.02083   0.03873   0.00000   0.02233   0.01507   0.01685   0.00401   0.03005   0.02868   0.02831   0.04562   0.02341   2.80196   1.58390  -0.45576   0.00000   2.57329  
 27  6.4160    766.514154  x:  0.00393   0.00692   0.00000   0.00000   0.00000   0.00000   0.00000   0.00664   0.00671   0.00781   0.00000   0.00000   0.00000   0.00000   0.00000   0.00794   0.00000   0.00615   0.01809   0.03906   0.00000   0.02261   0.01517   0.01670   0.00773   0.02934   0.02859   0.02879   0.04566   0.02585   2.89983   1.56301  -0.43516   0.00000   2.57323  
 28  1.8017    766.039656  x:  0.00170   0.00706   0.00000   0.00000   0.00000   0.00000   0.00000   0.00964   0.00710   0.00624   0.00000   0.00000   0.00000   0.00000   0.00000   0.00678   0.00000   0.00871   0.02292   0.03588   0.00000   0.02314   0.01640   0.01562   0.00850   0.02813   0.02591   0.02655   0.05379   0.03017   3.04230   1.59954  -0.47253   0.00000   2.57355  
 29  0.5457    766.029484  x:  0.00164   0.00706   0.00000   0.00000   0.00000   0.00000   0.00000   0.00973   0.00711   0.00620   0.00000   0.00000   0.00000   0.00000   0.00000   0.00674   0.00000   0.00878   0.02307   0.03578   0.00000   0.02315   0.01643   0.01559   0.00853   0.02810   0.02583   0.02649   0.05402   0.03030   3.04636   1.60063  -0.47364   0.00332   2.57356  
 30  9.8819    765.778120  x:  0.00403   0.00757   0.00000   0.00000   0.00000   0.00000   0.00000   0.00861   0.00741   0.00996   0.00000   0.00000   0.00000   0.00000   0.00000   0.00700   0.00000   0.00952   0.02694   0.03218   0.00000   0.02377   0.01609   0.01553   0.00910   0.02680   0.02433   0.02886   0.05162   0.03328   3.00602   1.62091  -0.49460   0.00600   2.57375  
 31  0.1955    765.516391  x:  0.00414   0.00814   0.00000   0.00000   0.00000   0.00000   0.00000   0.00841   0.00822   0.00735   0.00000   0.00000   0.00000   0.00000   0.00000   0.00843   0.00000   0.00720   0.02701   0.03045   0.00000   0.02424   0.01530   0.01581   0.00832   0.02391   0.02323   0.02891   0.04836   0.03793   2.74315   1.68779  -0.56050   0.01091   2.57339  
 32  0.4816    765.439662  x:  0.00363   0.00795   0.00000   0.00000   0.00000   0.00000   0.00000   0.00806   0.00841   0.00788   0.00000   0.00000   0.00000   0.00000   0.00000   0.00812   0.00000   0.00846   0.02362   0.03020   0.00000   0.02411   0.01610   0.01575   0.00783   0.02361   0.02309   0.02844   0.05085   0.03958   2.64452   1.73129  -0.60435   0.01441   2.57354  
 33  0.1956    765.412270  x:  0.00377   0.00805   0.00000   0.00000   0.00000   0.00000   0.00000   0.00874   0.00804   0.00816   0.00000   0.00000   0.00000   0.00000   0.00000   0.00835   0.00000   0.00836   0.02385   0.03311   0.00000   0.02414   0.01594   0.01616   0.00782   0.02346   0.02381   0.02856   0.05110   0.04062   2.65676   1.75146  -0.62467   0.01645   2.57360  
 34  0.1049    765.383208  x:  0.00328   0.00818   0.00000   0.00000   0.00000   0.00000   0.00000   0.00780   0.00815   0.00811   0.00000   0.00000   0.00000   0.00000   0.00000   0.00805   0.00000   0.00770   0.02415   0.03295   0.00000   0.02399   0.01639   0.01628   0.00765   0.02419   0.02444   0.02812   0.05205   0.04192   2.75523   1.78189  -0.65497   0.01792   2.57355  
 35  0.1552    765.376919  x:  0.00362   0.00816   0.00000   0.00000   0.00000   0.00000   0.00000   0.00782   0.00801   0.00782   0.00000   0.00000   0.00000   0.00000   0.00000   0.00806   0.00000   0.00811   0.02413   0.03264   0.00000   0.02394   0.01606   0.01620   0.00760   0.02449   0.02451   0.02849   0.05115   0.04243   2.77248   1.79774  -0.67086   0.01834   2.57355  
 36  0.0343    765.375191  x:  0.00352   0.00811   0.00000   0.00000   0.00000   0.00000   0.00000   0.00806   0.00795   0.00797   0.00000   0.00000   0.00000   0.00000   0.00000   0.00796   0.00000   0.00792   0.02407   0.03233   0.00000   0.02393   0.01595   0.01609   0.00761   0.02456   0.02438   0.02840   0.05102   0.04259   2.76741   1.80601  -0.67918   0.01852   2.57357  
 37  0.0224    765.374693  x:  0.00353   0.00801   0.00000   0.00000   0.00000   0.00000   0.00000   0.00794   0.00800   0.00798   0.00000   0.00000   0.00000   0.00000   0.00000   0.00788   0.00000   0.00789   0.02417   0.03241   0.00000   0.02399   0.01597   0.01607   0.00763   0.02441   0.02432   0.02844   0.05097   0.04258   2.76039   1.81008  -0.68324   0.01852   2.57357  
 38  0.0060    765.374542  x:  0.00351   0.00793   0.00000   0.00000   0.00000   0.00000   0.00000   0.00797   0.00796   0.00796   0.00000   0.00000   0.00000   0.00000   0.00000   0.00789   0.00000   0.00791   0.02417   0.03238   0.00000   0.02397   0.01599   0.01613   0.00766   0.02439   0.02439   0.02845   0.05103   0.04246   2.76089   1.81179  -0.68495   0.01872   2.57357  
 39  0.0017    765.374523  x:  0.00349   0.00792   0.00000   0.00000   0.00000   0.00000   0.00000   0.00797   0.00798   0.00796   0.00000   0.00000   0.00000   0.00000   0.00000   0.00790   0.00000   0.00791   0.02416   0.03240   0.00000   0.02395   0.01598   0.01610   0.00766   0.02440   0.02438   0.02844   0.05097   0.04242   2.76225   1.81187  -0.68503   0.01872   2.57357  
 40  0.0012    765.374520  x:  0.00349   0.00792   0.00000   0.00000   0.00000   0.00000   0.00000   0.00797   0.00798   0.00796   0.00000   0.00000   0.00000   0.00000   0.00000   0.00791   0.00000   0.00791   0.02415   0.03239   0.00000   0.02396   0.01598   0.01610   0.00766   0.02440   0.02437   0.02846   0.05098   0.04241   2.76279   1.81201  -0.68517   0.01872   2.57357  
 41  0.0004    765.374519  x:  0.00348   0.00792   0.00000   0.00000   0.00000   0.00000   0.00000   0.00797   0.00798   0.00796   0.00000   0.00000   0.00000   0.00000   0.00000   0.00791   0.00000   0.00791   0.02416   0.03239   0.00000   0.02396   0.01598   0.01610   0.00766   0.02440   0.02437   0.02847   0.05098   0.04241   2.76253   1.81220  -0.68535   0.01873   2.57356  
 42  0.0002    765.374519  x:  0.00346   0.00792   0.00000   0.00000   0.00000   0.00000   0.00000   0.00797   0.00798   0.00796   0.00000   0.00000   0.00000   0.00000   0.00000   0.00791   0.00000   0.00791   0.02416   0.03239   0.00000   0.02396   0.01598   0.01610   0.00766   0.02440   0.02437   0.02848   0.05098   0.04240   2.76255   1.81228  -0.68542   0.01873   2.57356  
 43  0.0001    765.374519  x:  0.00345   0.00792   0.00000   0.00000   0.00000   0.00000   0.00000   0.00797   0.00798   0.00796   0.00000   0.00000   0.00000   0.00000   0.00000   0.00791   0.00000   0.00791   0.02416   0.03239   0.00000   0.02396   0.01598   0.01610   0.00766   0.02440   0.02437   0.02849   0.05098   0.04240   2.76256   1.81229  -0.68543   0.01873   2.57356  
 44  0.0000    765.374519  x:  0.00345   0.00792   0.00000   0.00000   0.00000   0.00000   0.00000   0.00797   0.00798   0.00796   0.00000   0.00000   0.00000   0.00000   0.00000   0.00791   0.00000   0.00791   0.02416   0.03239   0.00000   0.02396   0.01598   0.01610   0.00766   0.02440   0.02437   0.02849   0.05098   0.04240   2.76256   1.81229  -0.68543   0.01873   2.57356  