Supplemental results for CODEML (seqf: /Users/YY/Desktop/get/branch_site/modify/modify_trim_muscle_rpl32.fa  treef: /Users/YY/Desktop/get/branch_site/16gene_topu.tree)


dN/dS (w) for site classes (K=4)

site class             0        1       2a       2b
proportion       0.00000  0.00000  1.00000  0.00000
background w     0.07641  1.00000  0.07641  1.00000
foreground w     0.07641  1.00000 51.41571 51.41571

Naive Empirical Bayes (NEB) probabilities for 4 classes
(amino acids refer to 1st sequence: NC_034643)

   1 M   0.00000 0.00000 1.00000 0.00000 ( 3)
   2 A   0.00000 0.00000 1.00000 0.00000 ( 3)
   3 V   0.00000 0.00000 1.00000 0.00000 ( 3)
   4 P   0.00000 0.00000 1.00000 0.00000 ( 3)
   5 K   0.00000 0.00000 1.00000 0.00000 ( 3)
   6 K   0.00000 0.00000 1.00000 0.00000 ( 3)
   7 R   0.00000 0.00000 1.00000 0.00000 ( 3)
   8 T   0.00000 0.00000 1.00000 0.00000 ( 3)
   9 S   0.00000 0.00000 1.00000 0.00000 ( 3)
  10 I   0.00000 0.00000 1.00000 0.00000 ( 3)
  11 S   0.00000 0.00000 1.00000 0.00000 ( 3)
  12 K   0.00000 0.00000 1.00000 0.00000 ( 3)
  13 K   0.00000 0.00000 1.00000 0.00000 ( 3)
  14 R   0.00000 0.00000 1.00000 0.00000 ( 3)
  15 I   0.00000 0.00000 1.00000 0.00000 ( 3)
  16 R   0.00000 0.00000 1.00000 0.00000 ( 3)
  17 K   0.00000 0.00000 1.00000 0.00000 ( 3)
  18 N   0.00000 0.00000 1.00000 0.00000 ( 3)
  19 I   0.00000 0.00000 1.00000 0.00000 ( 3)
  20 W   0.00000 0.00000 1.00000 0.00000 ( 3)
  21 K   0.00000 0.00000 1.00000 0.00000 ( 3)
  22 G   0.00000 0.00000 1.00000 0.00000 ( 3)
  23 K   0.00000 0.00000 1.00000 0.00000 ( 3)
  24 G   0.00000 0.00000 1.00000 0.00000 ( 3)
  25 Y   0.00000 0.00000 1.00000 0.00000 ( 3)
  26 W   0.00000 0.00000 1.00000 0.00000 ( 3)
  27 A   0.00000 0.00000 1.00000 0.00000 ( 3)
  28 A   0.00000 0.00000 1.00000 0.00000 ( 3)
  29 L   0.00000 0.00000 1.00000 0.00000 ( 3)
  30 K   0.00000 0.00000 1.00000 0.00000 ( 3)
  31 A   0.00000 0.00000 1.00000 0.00000 ( 3)
  32 L   0.00000 0.00000 1.00000 0.00000 ( 3)
  33 S   0.00000 0.00000 1.00000 0.00000 ( 3)
  34 L   0.00000 0.00000 1.00000 0.00000 ( 3)
  35 G   0.00000 0.00000 1.00000 0.00000 ( 3)
  36 K   0.00000 0.00000 1.00000 0.00000 ( 3)
  37 S   0.00000 0.00000 1.00000 0.00000 ( 3)
  38 L   0.00000 0.00000 1.00000 0.00000 ( 3)
  39 S   0.00000 0.00000 1.00000 0.00000 ( 3)
  40 T   0.00000 0.00000 1.00000 0.00000 ( 3)
  41 G   0.00000 0.00000 1.00000 0.00000 ( 3)
  42 N   0.00000 0.00000 1.00000 0.00000 ( 3)
  43 S   0.00000 0.00000 1.00000 0.00000 ( 3)
  44 K   0.00000 0.00000 1.00000 0.00000 ( 3)
  45 S   0.00000 0.00000 1.00000 0.00000 ( 3)
  46 F   0.00000 0.00000 1.00000 0.00000 ( 3)
  47 F   0.00000 0.00000 1.00000 0.00000 ( 3)
  48 V   0.00000 0.00000 1.00000 0.00000 ( 3)
  49 R   0.00000 0.00000 1.00000 0.00000 ( 3)
  50 Q   0.00000 0.00000 1.00000 0.00000 ( 3)
  51 K   0.00000 0.00000 1.00000 0.00000 ( 3)
  52 K   0.00000 0.00000 1.00000 0.00000 ( 3)
  53 S   0.00000 0.00000 1.00000 0.00000 ( 3)


lnL =  -328.128827

Bayes Empirical Bayes (BEB) probabilities for 4 classes (class)
(amino acids refer to 1st sequence: NC_034643)

   1 M   0.57046 0.01251 0.40632 0.01071 ( 1)
   2 A   0.56986 0.01310 0.40584 0.01121 ( 1)
   3 V   0.56369 0.01907 0.40092 0.01632 ( 1)
   4 P   0.56824 0.01465 0.40457 0.01254 ( 1)
   5 K   0.57421 0.00894 0.40920 0.00765 ( 1)
   6 K   0.57421 0.00894 0.40920 0.00765 ( 1)
   7 R   0.56082 0.02188 0.39860 0.01871 ( 1)
   8 T   0.56881 0.01411 0.40501 0.01207 ( 1)
   9 S   0.56647 0.01637 0.40315 0.01401 ( 1)
  10 I   0.02516 0.00548 0.95396 0.01540 ( 3)
  11 S   0.56368 0.01908 0.40091 0.01633 ( 1)
  12 K   0.57421 0.00894 0.40920 0.00765 ( 1)
  13 K   0.56420 0.01858 0.40133 0.01590 ( 1)
  14 R   0.56082 0.02188 0.39860 0.01871 ( 1)
  15 I   0.57047 0.01251 0.40632 0.01071 ( 1)
  16 R   0.56082 0.02188 0.39860 0.01871 ( 1)
  17 K   0.57421 0.00894 0.40920 0.00765 ( 1)
  18 N   0.57541 0.00780 0.41011 0.00668 ( 1)
  19 I   0.57047 0.01251 0.40632 0.01071 ( 1)
  20 W   0.55654 0.02607 0.39512 0.02228 ( 1)
  21 K   0.57342 0.00973 0.40853 0.00832 ( 1)
  22 G   0.32937 0.25317 0.21436 0.20310 ( 1)
  23 K   0.56420 0.01858 0.40133 0.01590 ( 1)
  24 G   0.36562 0.21714 0.24114 0.17610 ( 1)
  25 Y   0.39510 0.18773 0.26352 0.15365 ( 1)
  26 W   0.55654 0.02607 0.39512 0.02228 ( 1)
  27 A   0.56986 0.01310 0.40584 0.01121 ( 1)
  28 A   0.54425 0.03813 0.38510 0.03252 ( 1)
  29 L   0.56388 0.01889 0.40107 0.01616 ( 1)
  30 K   0.57421 0.00894 0.40920 0.00765 ( 1)
  31 A   0.55581 0.02678 0.39452 0.02289 ( 1)
  32 L   0.55659 0.02601 0.39516 0.02223 ( 1)
  33 S   0.56368 0.01908 0.40091 0.01633 ( 1)
  34 L   0.56340 0.01937 0.40066 0.01657 ( 1)
  35 G   0.55741 0.02533 0.39561 0.02164 ( 1)
  36 K   0.57421 0.00894 0.40920 0.00765 ( 1)
  37 S   0.56647 0.01637 0.40315 0.01401 ( 1)
  38 L   0.36294 0.21976 0.23920 0.17811 ( 1)
  39 S   0.56647 0.01637 0.40315 0.01401 ( 1)
  40 T   0.54523 0.03717 0.38590 0.03170 ( 1)
  41 G   0.56445 0.01833 0.40153 0.01569 ( 1)
  42 N   0.56133 0.02135 0.39905 0.01827 ( 1)
  43 S   0.56368 0.01908 0.40091 0.01633 ( 1)
  44 K   0.57421 0.00894 0.40920 0.00765 ( 1)
  45 S   0.57342 0.00968 0.40861 0.00829 ( 1)
  46 F   0.57051 0.01246 0.40635 0.01067 ( 1)
  47 F   0.57051 0.01246 0.40635 0.01067 ( 1)
  48 V   0.55922 0.02336 0.39745 0.01998 ( 1)
  49 R   0.55394 0.02861 0.39300 0.02444 ( 1)
  50 Q   0.56578 0.01704 0.40260 0.01458 ( 1)
  51 K   0.45035 0.13277 0.30641 0.11047 ( 1)
  52 K   0.56420 0.01858 0.40133 0.01590 ( 1)
  53 S   0.56289 0.01988 0.40023 0.01701 ( 1)

