

TREE # 1

  0  0.0000    343.001334  x:  0.00137   0.01886   0.01770   0.00092   0.01880   0.01685   0.02463   0.00998   0.01702   0.00495   0.01281   0.00640   0.00601   0.00359   0.02012   0.01599   0.03010   0.02120   0.02735   0.02431   0.03118   0.06325   0.00000   0.01018   0.01328   0.04618   0.02974   0.04226   0.05119   0.03836   2.00000   1.09989   0.02896   0.27919   2.57308  
  1 99.0000    343.000754  x:  0.00137   0.01886   0.01770   0.00092   0.01880   0.01685   0.02463   0.00998   0.01702   0.00495   0.01280   0.00640   0.00601   0.00359   0.02012   0.01599   0.03010   0.02120   0.02735   0.02431   0.03118   0.06325   0.00000   0.01018   0.01328   0.04618   0.02974   0.04226   0.05119   0.03836   2.00000   1.09989   0.02896   0.27919   2.57308  
  2 185.5399    342.389316  x:  0.00137   0.01893   0.01678   0.00000   0.01787   0.01593   0.02449   0.00906   0.01611   0.00403   0.01189   0.00548   0.00509   0.00267   0.02015   0.01506   0.02984   0.02119   0.02716   0.02420   0.03091   0.06324   0.00000   0.00925   0.01352   0.04571   0.03003   0.04225   0.05106   0.03842   1.99999   1.09993   0.02892   0.27890   2.57308  
  3 22005.1251    340.683180  x:  0.00155   0.01970   0.01412   0.00000   0.01529   0.01326   0.02359   0.00638   0.01343   0.00135   0.00920   0.00279   0.00241   0.00000   0.02050   0.01239   0.02851   0.02120   0.02612   0.02361   0.02957   0.06345   0.00000   0.00655   0.01337   0.04380   0.03247   0.04243   0.05064   0.03897   1.99993   1.10002   0.02883   0.27740   2.57308  
  4 2947.3181    339.885466  x:  0.00146   0.01897   0.01285   0.00000   0.01446   0.01200   0.02333   0.00506   0.01209   0.00000   0.00786   0.00145   0.00108   0.00000   0.02022   0.01110   0.02755   0.02103   0.02556   0.02346   0.02854   0.06389   0.00000   0.00516   0.01371   0.04197   0.03235   0.04235   0.05037   0.03945   1.99985   1.09997   0.02886   0.27478   2.57309  
  5 351.3352    339.325275  x:  0.00142   0.01950   0.01184   0.00000   0.01391   0.01100   0.02340   0.00399   0.01100   0.00000   0.00677   0.00036   0.00000   0.00000   0.02033   0.01006   0.02744   0.02105   0.02557   0.02347   0.02835   0.06404   0.00000   0.00403   0.01394   0.04089   0.03227   0.04231   0.05021   0.03947   1.99977   1.09994   0.02889   0.27238   2.57309  
  6 750.9769    339.165206  x:  0.00144   0.01946   0.01151   0.00000   0.01374   0.01067   0.02339   0.00364   0.01065   0.00000   0.00641   0.00000   0.00000   0.00000   0.02034   0.00973   0.02748   0.02105   0.02558   0.02345   0.02838   0.06404   0.00000   0.00366   0.01401   0.04072   0.03239   0.04232   0.05018   0.03944   1.99975   1.09993   0.02890   0.27160   2.57309  
  7 1651.0612    337.783941  x:  0.00143   0.01983   0.00825   0.00000   0.01214   0.00744   0.02286   0.00014   0.00712   0.00000   0.00287   0.00000   0.00000   0.00000   0.02008   0.00640   0.02693   0.02084   0.02492   0.02319   0.02805   0.06379   0.00000   0.00000   0.01465   0.04099   0.03286   0.04231   0.05022   0.03964   1.99950   1.09993   0.02888   0.26419   2.57310  
  8 2060.0052    337.736542  x:  0.00143   0.01982   0.00812   0.00000   0.01208   0.00731   0.02287   0.00000   0.00698   0.00000   0.00273   0.00000   0.00000   0.00000   0.02013   0.00627   0.02690   0.02086   0.02492   0.02319   0.02801   0.06380   0.00000   0.00000   0.01467   0.04100   0.03288   0.04231   0.05021   0.03966   1.99949   1.09993   0.02887   0.26392   2.57310  
  9 1792.8930    336.971448  x:  0.00148   0.01996   0.00564   0.00000   0.01091   0.00486   0.02302   0.00000   0.00426   0.00000   0.00000   0.00000   0.00000   0.00000   0.01974   0.00374   0.02676   0.02077   0.02523   0.02321   0.02745   0.06423   0.00000   0.00000   0.01493   0.04080   0.03336   0.04236   0.04998   0.03985   1.99932   1.10019   0.02858   0.25963   2.57311  
 10 1067.8901    336.030618  x:  0.00146   0.02007   0.00198   0.00000   0.00916   0.00122   0.02263   0.00000   0.00023   0.00000   0.00000   0.00000   0.00000   0.00000   0.01990   0.00000   0.02661   0.02067   0.02495   0.02302   0.02723   0.06463   0.00000   0.00000   0.01530   0.04019   0.03373   0.04234   0.04971   0.03993   1.99909   1.10063   0.02810   0.25356   2.57313  
 11 3717.8324    335.987131  x:  0.00146   0.02008   0.00177   0.00000   0.00905   0.00102   0.02265   0.00000   0.00000   0.00000   0.00000   0.00000   0.00000   0.00000   0.01989   0.00000   0.02657   0.02069   0.02492   0.02302   0.02723   0.06460   0.00000   0.00000   0.01531   0.04014   0.03375   0.04235   0.04972   0.03993   1.99908   1.10065   0.02807   0.25324   2.57313  
 12 2154.0191    335.831117  x:  0.00146   0.02010   0.00075   0.00000   0.00844   0.00000   0.02261   0.00000   0.00000   0.00000   0.00000   0.00000   0.00000   0.00000   0.01994   0.00000   0.02648   0.02049   0.02501   0.02301   0.02710   0.06432   0.00000   0.00000   0.01539   0.03996   0.03385   0.04235   0.04982   0.03998   1.99902   1.10077   0.02795   0.25190   2.57314  
 13 804.2405    335.753962  x:  0.00146   0.02011   0.00000   0.00000   0.00793   0.00000   0.02251   0.00000   0.00000   0.00000   0.00000   0.00000   0.00000   0.00000   0.01992   0.00000   0.02652   0.02059   0.02503   0.02296   0.02700   0.06430   0.00000   0.00000   0.01543   0.03992   0.03388   0.04234   0.04982   0.04001   1.99899   1.10084   0.02786   0.25107   2.57314  
 14 555.1540    335.181739  x:  0.00159   0.02028   0.00000   0.00000   0.00000   0.00000   0.02277   0.00000   0.00000   0.00000   0.00000   0.00000   0.00000   0.00000   0.02001   0.00000   0.02645   0.02017   0.02429   0.02297   0.02675   0.06552   0.00000   0.00000   0.01597   0.03979   0.03450   0.04248   0.04911   0.04020   1.99853   1.10192   0.02669   0.24028   2.57318  
 15 573.8319    334.379897  x:  0.00093   0.02130   0.00000   0.00000   0.00000   0.00000   0.01645   0.00000   0.00000   0.00000   0.00000   0.00000   0.00000   0.00000   0.02013   0.00000   0.01024   0.02140   0.03251   0.02541   0.03704   0.07898   0.00000   0.00000   0.01886   0.03929   0.03761   0.04182   0.05052   0.04165   1.99478   1.11235   0.01540   0.15805   2.57355  
 16 117.4529    332.981403  x:  0.00143   0.02236   0.00000   0.00000   0.00000   0.00000   0.01527   0.00000   0.00000   0.00000   0.00000   0.00000   0.00000   0.00000   0.02108   0.00000   0.01180   0.02133   0.03263   0.02887   0.04512   0.09601   0.00000   0.00000   0.02085   0.03646   0.04013   0.04232   0.07316   0.06021   1.98784   1.13421  -0.00819   0.01922   2.57430  
 17 88.7262    332.755033  x:  0.00243   0.02217   0.00000   0.00000   0.00000   0.00000   0.01699   0.00000   0.00000   0.00000   0.00000   0.00000   0.00000   0.00000   0.02093   0.00000   0.00982   0.02109   0.03267   0.02324   0.04192   0.09311   0.00000   0.00000   0.02034   0.03709   0.03929   0.04332   0.06824   0.05053   1.98561   1.14044  -0.01509   0.00000   2.57458  
 18 19.3914    332.755033  x:  0.00243   0.02217   0.00000   0.00000   0.00000   0.00000   0.01699   0.00000   0.00000   0.00000   0.00000   0.00000   0.00000   0.00000   0.02093   0.00000   0.00982   0.02109   0.03267   0.02324   0.04192   0.09311   0.00000   0.00000   0.02034   0.03709   0.03929   0.04332   0.06824   0.05053   1.98561   1.14044  -0.01509   0.00000   2.57458  
 19 14.4548    332.121348  x:  0.00302   0.02270   0.00000   0.00000   0.00000   0.00000   0.02101   0.00000   0.00000   0.00000   0.00000   0.00000   0.00000   0.00000   0.02220   0.00000   0.03362   0.02194   0.02678   0.02244   0.03346   0.08847   0.00000   0.00000   0.02220   0.02951   0.04206   0.04391   0.06312   0.04829   1.98517   1.14097  -0.01575   0.00132   2.57464  
 20 67.5303    331.773408  x:  0.00362   0.02299   0.00000   0.00000   0.00000   0.00000   0.02125   0.00000   0.00000   0.00000   0.00000   0.00000   0.00000   0.00000   0.02285   0.00000   0.03003   0.02240   0.01959   0.02196   0.02037   0.08016   0.00000   0.00000   0.02321   0.01880   0.04541   0.04451   0.05430   0.04495   1.98427   1.14207  -0.01713   0.00375   2.57476  
 21 31.4985    331.682478  x:  0.00286   0.02199   0.00000   0.00000   0.00000   0.00000   0.02113   0.00000   0.00000   0.00000   0.00000   0.00000   0.00000   0.00000   0.02167   0.00000   0.02997   0.02129   0.02246   0.02137   0.01950   0.06970   0.00000   0.00000   0.02238   0.02144   0.04632   0.04375   0.04478   0.04204   1.98289   1.14419  -0.01970   0.00455   2.57495  
 22 13.6545    331.666409  x:  0.00280   0.02228   0.00000   0.00000   0.00000   0.00000   0.02101   0.00000   0.00000   0.00000   0.00000   0.00000   0.00000   0.00000   0.02201   0.00000   0.02987   0.02168   0.02091   0.02157   0.02213   0.06620   0.00000   0.00000   0.02227   0.02047   0.04554   0.04369   0.04366   0.04223   1.98193   1.14580  -0.02161   0.00431   2.57508  
 23  7.7584    331.646070  x:  0.00271   0.02231   0.00000   0.00000   0.00000   0.00000   0.02106   0.00000   0.00000   0.00000   0.00000   0.00000   0.00000   0.00000   0.02204   0.00000   0.02990   0.02159   0.02101   0.02147   0.02065   0.06137   0.00000   0.00000   0.02245   0.02073   0.04295   0.04360   0.04625   0.04406   1.97841   1.15181  -0.02875   0.00284   2.57556  
 24  4.9505    331.548564  x:  0.00232   0.02064   0.00000   0.00000   0.00000   0.00000   0.02075   0.00000   0.00000   0.00000   0.00000   0.00000   0.00000   0.00000   0.02024   0.00000   0.02986   0.02032   0.02156   0.02055   0.02084   0.06048   0.00000   0.00000   0.02074   0.01851   0.04445   0.04321   0.04703   0.04193   1.96178   1.17982  -0.06209   0.00000   2.57783  
 25  8.7195    331.548564  x:  0.00232   0.02064   0.00000   0.00000   0.00000   0.00000   0.02075   0.00000   0.00000   0.00000   0.00000   0.00000   0.00000   0.00000   0.02024   0.00000   0.02986   0.02032   0.02156   0.02055   0.02084   0.06048   0.00000   0.00000   0.02074   0.01851   0.04445   0.04321   0.04703   0.04193   1.96178   1.17982  -0.06209   0.00000   2.57783  
 26 108.1001    331.455542  x:  0.00239   0.02221   0.00000   0.00000   0.00000   0.00000   0.01965   0.00000   0.00000   0.00000   0.00000   0.00000   0.00000   0.00000   0.02190   0.00000   0.02111   0.02144   0.02130   0.02161   0.02163   0.06287   0.00000   0.00000   0.02203   0.02219   0.04380   0.04328   0.04614   0.04228   1.96117   1.18065  -0.06314   0.00192   2.57791  
 27 16.6892    331.442184  x:  0.00247   0.02173   0.00000   0.00000   0.00000   0.00000   0.02041   0.00000   0.00000   0.00000   0.00000   0.00000   0.00000   0.00000   0.02123   0.00000   0.01968   0.02100   0.02155   0.02124   0.02143   0.06533   0.00000   0.00000   0.02147   0.02021   0.04339   0.04335   0.04546   0.04269   1.96010   1.18216  -0.06500   0.00462   2.57806  
 28  5.2910    331.420582  x:  0.00245   0.02194   0.00000   0.00000   0.00000   0.00000   0.01961   0.00000   0.00000   0.00000   0.00000   0.00000   0.00000   0.00000   0.02165   0.00000   0.02198   0.02137   0.02145   0.02151   0.02155   0.07038   0.00000   0.00000   0.02195   0.02146   0.04296   0.04333   0.04429   0.04334   1.95643   1.18755  -0.07159   0.01154   2.57857  
 29  6.7624    331.373298  x:  0.00348   0.02352   0.00000   0.00000   0.00000   0.00000   0.02339   0.00000   0.00000   0.00000   0.00000   0.00000   0.00000   0.00000   0.02278   0.00000   0.02254   0.02217   0.02292   0.02259   0.02287   0.06926   0.00000   0.00000   0.02252   0.02205   0.04682   0.04437   0.04843   0.04311   1.94396   1.20687  -0.09496   0.02279   2.58029  
 30  7.6121    331.264560  x:  0.00333   0.02188   0.00000   0.00000   0.00000   0.00000   0.01725   0.00000   0.00000   0.00000   0.00000   0.00000   0.00000   0.00000   0.02158   0.00000   0.02127   0.02146   0.02154   0.02149   0.02159   0.06387   0.00000   0.00000   0.02233   0.02098   0.05030   0.04421   0.05327   0.04263   1.91516   1.25199  -0.14942   0.04032   2.58425  
 31 36.6509    330.946376  x:  0.00000   0.01971   0.00000   0.00000   0.00000   0.00000   0.02098   0.00000   0.00000   0.00000   0.00000   0.00000   0.00000   0.00000   0.02080   0.00000   0.02066   0.02068   0.01868   0.02028   0.01953   0.05692   0.00000   0.00000   0.02165   0.02333   0.04377   0.04089   0.04841   0.04131   1.84968   1.35558  -0.27421   0.06207   2.59324  
 32 70.5029    330.546640  x:  0.00391   0.02503   0.00000   0.00000   0.00000   0.00000   0.01754   0.00000   0.00000   0.00000   0.00000   0.00000   0.00000   0.00000   0.02210   0.00000   0.02114   0.02134   0.02630   0.02246   0.02423   0.05433   0.00000   0.00000   0.02083   0.01896   0.03624   0.04480   0.03873   0.03985   1.73330   1.54019  -0.49647   0.08828   2.60921  
 33 258.1496    330.009999  x:  0.00614   0.02220   0.00000   0.00000   0.00000   0.00000   0.01884   0.00000   0.00000   0.00000   0.00000   0.00000   0.00000   0.00000   0.02077   0.00000   0.02054   0.02084   0.02181   0.02044   0.02077   0.07659   0.00000   0.00000   0.02320   0.01928   0.05039   0.04702   0.04121   0.04185   1.56574   1.80566  -0.81623   0.10565   2.63222  
 34 199.1680    329.975236  x:  0.00323   0.02257   0.00000   0.00000   0.00000   0.00000   0.01826   0.00000   0.00000   0.00000   0.00000   0.00000   0.00000   0.00000   0.02151   0.00000   0.02055   0.02087   0.02288   0.02170   0.02221   0.07908   0.00000   0.00000   0.02086   0.01886   0.04945   0.04411   0.04463   0.04148   1.55540   1.82120  -0.83520   0.10616   2.63367  
 35 38.1450    329.970877  x:  0.00340   0.02276   0.00000   0.00000   0.00000   0.00000   0.01830   0.00000   0.00000   0.00000   0.00000   0.00000   0.00000   0.00000   0.02107   0.00000   0.02057   0.02085   0.02318   0.02102   0.02200   0.07964   0.00000   0.00000   0.02173   0.01894   0.04785   0.04428   0.04638   0.04099   1.55355   1.82283  -0.83755   0.10609   2.63397  
 36  4.4556    329.968936  x:  0.00396   0.02245   0.00000   0.00000   0.00000   0.00000   0.01835   0.00000   0.00000   0.00000   0.00000   0.00000   0.00000   0.00000   0.02142   0.00000   0.02058   0.02087   0.02262   0.02149   0.02181   0.07980   0.00000   0.00000   0.02125   0.01895   0.04716   0.04484   0.04697   0.04071   1.55201   1.82302  -0.83847   0.10600   2.63426  
 37  1.7702    329.850083  x:  0.00459   0.02100   0.00000   0.00000   0.00000   0.00000   0.01864   0.00000   0.00000   0.00000   0.00000   0.00000   0.00000   0.00000   0.01787   0.00000   0.02029   0.02022   0.02081   0.01803   0.02715   0.07960   0.00000   0.00000   0.01796   0.02119   0.04693   0.04546   0.04562   0.03563   1.42726   1.81019  -0.88758   0.09843   2.65912  
 38  2.1978    329.523035  x:  0.00185   0.01865   0.00000   0.00000   0.00000   0.00000   0.01894   0.00000   0.00000   0.00000   0.00000   0.00000   0.00000   0.00000   0.02082   0.00000   0.01996   0.01942   0.01978   0.02035   0.02428   0.07746   0.00000   0.00000   0.02262   0.01773   0.04521   0.04271   0.04264   0.03277   1.10164   1.77630  -1.01557   0.07834   2.72408  
 39 219.5797    329.459371  x:  0.00201   0.02071   0.00000   0.00000   0.00000   0.00000   0.01912   0.00000   0.00000   0.00000   0.00000   0.00000   0.00000   0.00000   0.01941   0.00000   0.01996   0.02018   0.02076   0.01951   0.02099   0.07654   0.00000   0.00000   0.01979   0.01900   0.04415   0.04287   0.04287   0.03785   1.03380   1.76918  -1.04252   0.07401   2.73775  
 40 126.4470    329.456439  x:  0.00209   0.02010   0.00000   0.00000   0.00000   0.00000   0.01916   0.00000   0.00000   0.00000   0.00000   0.00000   0.00000   0.00000   0.01958   0.00000   0.01999   0.01988   0.02058   0.01940   0.02193   0.07637   0.00000   0.00000   0.02009   0.01902   0.04386   0.04295   0.04307   0.03926   1.03122   1.76885  -1.04396   0.07377   2.73845  
 41  5.3298    329.452301  x:  0.00196   0.02053   0.00000   0.00000   0.00000   0.00000   0.01918   0.00000   0.00000   0.00000   0.00000   0.00000   0.00000   0.00000   0.01881   0.00000   0.02002   0.02085   0.01970   0.01990   0.02229   0.07625   0.00000   0.00000   0.02041   0.01856   0.04372   0.04282   0.04308   0.03955   1.03369   1.76839  -1.04768   0.07347   2.74008  
 42  0.7347    329.223940  x:  0.00043   0.02030   0.00000   0.00000   0.00000   0.00000   0.01954   0.00000   0.00000   0.00000   0.00000   0.00000   0.00000   0.00000   0.02154   0.00000   0.01955   0.02115   0.01849   0.01691   0.01965   0.07244   0.00000   0.00000   0.01965   0.01757   0.04126   0.04127   0.04143   0.04046   1.18730   1.74375  -1.25408   0.05736   2.83011  
 43 11.5201    329.200274  x:  0.00039   0.01937   0.00000   0.00000   0.00000   0.00000   0.01960   0.00000   0.00000   0.00000   0.00000   0.00000   0.00000   0.00000   0.01939   0.00000   0.01942   0.01950   0.01953   0.01925   0.01913   0.07206   0.00000   0.00000   0.01997   0.01851   0.04105   0.04123   0.04126   0.04051   1.20370   1.74114  -1.27624   0.05564   2.83976  
 44 72.4359    329.198837  x:  0.00036   0.02000   0.00000   0.00000   0.00000   0.00000   0.01961   0.00000   0.00000   0.00000   0.00000   0.00000   0.00000   0.00000   0.01942   0.00000   0.01944   0.01878   0.01913   0.01928   0.01917   0.07199   0.00000   0.00000   0.02001   0.01844   0.04103   0.04121   0.04126   0.04053   1.20432   1.74130  -1.27904   0.05576   2.84075  
 45  0.7221    329.059273  x:  0.00000   0.01984   0.00000   0.00000   0.00000   0.00000   0.01969   0.00000   0.00000   0.00000   0.00000   0.00000   0.00000   0.00000   0.01952   0.00000   0.01929   0.01884   0.01927   0.01951   0.01849   0.06744   0.00000   0.00000   0.02012   0.01879   0.04023   0.04084   0.04051   0.04075   1.23780   1.75235  -1.44838   0.06306   2.90012  
 46  7.6307    328.742691  x:  0.00120   0.02105   0.00000   0.00000   0.00000   0.00000   0.01963   0.00000   0.00000   0.00000   0.00000   0.00000   0.00000   0.00000   0.02076   0.00000   0.01957   0.02007   0.02021   0.01988   0.02103   0.04984   0.00000   0.00000   0.02083   0.01994   0.04053   0.04189   0.03961   0.03692   1.24823   1.65816  -2.51697   0.07653   3.32626  
 47  1.0850    328.585778  x:  0.00000   0.02017   0.00000   0.00000   0.00000   0.00000   0.01928   0.00000   0.00000   0.00000   0.00000   0.00000   0.00000   0.00000   0.02035   0.00000   0.01961   0.01965   0.02004   0.01978   0.01948   0.05913   0.00000   0.00000   0.02025   0.01983   0.03822   0.04061   0.03987   0.03678   1.25003   1.55761  -3.13298   0.08251   3.57587  
 48  0.6285    328.585778  x:  0.00000   0.02017   0.00000   0.00000   0.00000   0.00000   0.01928   0.00000   0.00000   0.00000   0.00000   0.00000   0.00000   0.00000   0.02035   0.00000   0.01961   0.01965   0.02004   0.01978   0.01948   0.05913   0.00000   0.00000   0.02025   0.01983   0.03822   0.04061   0.03987   0.03678   1.25003   1.55761  -3.13298   0.08251   3.57587  
 49  2.4903    328.570376  x:  0.00114   0.02002   0.00000   0.00000   0.00000   0.00000   0.01965   0.00000   0.00000   0.00000   0.00000   0.00000   0.00000   0.00000   0.01936   0.00000   0.01926   0.01920   0.01969   0.01923   0.01957   0.06021   0.00000   0.00000   0.01999   0.01854   0.04042   0.04175   0.04015   0.03823   1.25002   1.55753  -3.13308   0.07908   3.57592  
 50  6.0250    328.564517  x:  0.00067   0.02014   0.00000   0.00000   0.00000   0.00000   0.01941   0.00000   0.00000   0.00000   0.00000   0.00000   0.00000   0.00000   0.02001   0.00000   0.01952   0.01953   0.01993   0.01963   0.01948   0.06094   0.00000   0.00000   0.02029   0.01934   0.04114   0.04128   0.04022   0.03859   1.24997   1.55742  -3.13320   0.07604   3.57599  
 51  4.6674    328.563594  x:  0.00051   0.02013   0.00000   0.00000   0.00000   0.00000   0.01945   0.00000   0.00000   0.00000   0.00000   0.00000   0.00000   0.00000   0.01986   0.00000   0.01943   0.01940   0.01989   0.01949   0.01953   0.06098   0.00000   0.00000   0.02014   0.01910   0.04051   0.04112   0.04010   0.03813   1.24991   1.55732  -3.13331   0.07508   3.57605  
 52  1.6753    328.563508  x:  0.00066   0.02012   0.00000   0.00000   0.00000   0.00000   0.01945   0.00000   0.00000   0.00000   0.00000   0.00000   0.00000   0.00000   0.01987   0.00000   0.01946   0.01944   0.01988   0.01953   0.01951   0.06092   0.00000   0.00000   0.02019   0.01916   0.04036   0.04127   0.04010   0.03806   1.24986   1.55725  -3.13338   0.07496   3.57609  
 53  0.5864    328.563364  x:  0.00067   0.02019   0.00000   0.00000   0.00000   0.00000   0.01943   0.00000   0.00000   0.00000   0.00000   0.00000   0.00000   0.00000   0.01996   0.00000   0.01943   0.01939   0.01995   0.01950   0.01951   0.06047   0.00000   0.00000   0.02014   0.01913   0.04035   0.04128   0.04027   0.03817   1.24931   1.55642  -3.13420   0.07485   3.57657  
 54  0.2288    328.562975  x:  0.00057   0.02000   0.00000   0.00000   0.00000   0.00000   0.01950   0.00000   0.00000   0.00000   0.00000   0.00000   0.00000   0.00000   0.01967   0.00000   0.01950   0.01954   0.01976   0.01958   0.01951   0.06000   0.00000   0.00000   0.02025   0.01919   0.04044   0.04118   0.04030   0.03820   1.24763   1.55394  -3.13666   0.07473   3.57803  
 55  1.7324    328.555541  x:  0.00069   0.01992   0.00000   0.00000   0.00000   0.00000   0.01940   0.00000   0.00000   0.00000   0.00000   0.00000   0.00000   0.00000   0.02015   0.00000   0.01936   0.01923   0.01999   0.01948   0.01963   0.05903   0.00000   0.00000   0.02042   0.01908   0.04168   0.04130   0.03825   0.03712   1.21498   1.50539  -3.18475   0.07422   3.60643  
 56  6.9201    328.539090  x:  0.00069   0.02099   0.00000   0.00000   0.00000   0.00000   0.01957   0.00000   0.00000   0.00000   0.00000   0.00000   0.00000   0.00000   0.01972   0.00000   0.01970   0.02000   0.01999   0.01965   0.01925   0.06042   0.00000   0.00000   0.01970   0.01922   0.04073   0.04130   0.03927   0.03803   1.14366   1.39897  -3.29017   0.07361   3.66870  
 57 75.0894    328.536709  x:  0.00064   0.02019   0.00000   0.00000   0.00000   0.00000   0.01949   0.00000   0.00000   0.00000   0.00000   0.00000   0.00000   0.00000   0.01998   0.00000   0.01948   0.01945   0.01996   0.01958   0.01953   0.06078   0.00000   0.00000   0.02029   0.01923   0.04043   0.04125   0.03982   0.03829   1.13331   1.38327  -3.30574   0.07355   3.67789  
 58 51.8174    328.536525  x:  0.00065   0.02005   0.00000   0.00000   0.00000   0.00000   0.01947   0.00000   0.00000   0.00000   0.00000   0.00000   0.00000   0.00000   0.02006   0.00000   0.01956   0.01961   0.02005   0.01960   0.01956   0.06081   0.00000   0.00000   0.02024   0.01907   0.04054   0.04126   0.04005   0.03806   1.13315   1.38191  -3.30714   0.07355   3.67870  
 59  1.1442    328.535622  x:  0.00069   0.02030   0.00000   0.00000   0.00000   0.00000   0.01952   0.00000   0.00000   0.00000   0.00000   0.00000   0.00000   0.00000   0.01991   0.00000   0.01943   0.01936   0.01992   0.01957   0.01953   0.06087   0.00000   0.00000   0.02030   0.01933   0.04089   0.04129   0.04065   0.03735   1.13347   1.37494  -3.31439   0.07358   3.68288  
 60  3.3006    328.358129  x:  0.00019   0.02103   0.00000   0.00000   0.00000   0.00000   0.01852   0.00000   0.00000   0.00000   0.00000   0.00000   0.00000   0.00000   0.02170   0.00000   0.02050   0.01974   0.01672   0.01887   0.01696   0.06107   0.00000   0.00000   0.02202   0.01766   0.03892   0.04074   0.04070   0.03772   1.26072  -0.19457  -4.95214   0.07480   4.62570  
 61 14.8586    328.305627  x:  0.00021   0.02024   0.00000   0.00000   0.00000   0.00000   0.01981   0.00000   0.00000   0.00000   0.00000   0.00000   0.00000   0.00000   0.01981   0.00000   0.01956   0.01965   0.02053   0.01971   0.01990   0.06109   0.00000   0.00000   0.02046   0.01950   0.03840   0.04075   0.04050   0.03807   1.29530  -0.62100  -5.39718   0.07511   4.88189  
 62 1302.4993    328.305097  x:  0.00025   0.01996   0.00000   0.00000   0.00000   0.00000   0.01966   0.00000   0.00000   0.00000   0.00000   0.00000   0.00000   0.00000   0.01986   0.00000   0.01944   0.01958   0.02036   0.01977   0.01979   0.06109   0.00000   0.00000   0.01999   0.01972   0.03841   0.04078   0.04049   0.03808   1.29561  -0.62517  -5.40162   0.07511   4.88442  
 63 15.5258    328.304813  x:  0.00026   0.01994   0.00000   0.00000   0.00000   0.00000   0.01984   0.00000   0.00000   0.00000   0.00000   0.00000   0.00000   0.00000   0.01996   0.00000   0.01969   0.01956   0.02024   0.01952   0.01996   0.06109   0.00000   0.00000   0.01990   0.01983   0.03844   0.04079   0.04048   0.03808   1.29514  -0.62943  -5.40824   0.07511   4.88770  
 64  0.7503    328.249655  x:  0.00123   0.02055   0.00000   0.00000   0.00000   0.00000   0.01988   0.00000   0.00000   0.00000   0.00000   0.00000   0.00000   0.00000   0.02008   0.00000   0.01828   0.01978   0.01900   0.01998   0.02097   0.06005   0.00000   0.00000   0.01987   0.01863   0.04296   0.04158   0.03914   0.03782   1.19478  -1.50612  -6.78013   0.07452   5.56436  
 65 21.0237    328.242487  x:  0.00131   0.02017   0.00000   0.00000   0.00000   0.00000   0.01968   0.00000   0.00000   0.00000   0.00000   0.00000   0.00000   0.00000   0.01947   0.00000   0.01918   0.01909   0.02000   0.01936   0.01959   0.05992   0.00000   0.00000   0.01994   0.01869   0.04353   0.04164   0.03898   0.03777   1.18235  -1.61495  -6.95046   0.07445   5.64836  
 66 487.9980    328.242455  x:  0.00131   0.02015   0.00000   0.00000   0.00000   0.00000   0.01976   0.00000   0.00000   0.00000   0.00000   0.00000   0.00000   0.00000   0.01949   0.00000   0.01910   0.01914   0.02002   0.01931   0.01953   0.05992   0.00000   0.00000   0.01995   0.01871   0.04353   0.04164   0.03898   0.03777   1.18232  -1.61554  -6.95139   0.07445   5.64882  
 67  2.1782    328.236918  x:  0.00115   0.02003   0.00000   0.00000   0.00000   0.00000   0.02101   0.00000   0.00000   0.00000   0.00000   0.00000   0.00000   0.00000   0.01990   0.00000   0.01950   0.01851   0.01992   0.02046   0.01910   0.06001   0.00000   0.00000   0.01976   0.01845   0.04294   0.04147   0.03915   0.03775   1.18800  -1.76324  -7.18874   0.07476   5.76567  
 68  1.3821    328.190900  x:  0.00000   0.01961   0.00000   0.00000   0.00000   0.00000   0.01892   0.00000   0.00000   0.00000   0.00000   0.00000   0.00000   0.00000   0.01978   0.00000   0.01955   0.01954   0.01974   0.01890   0.01917   0.06106   0.00000   0.00000   0.02030   0.01955   0.03673   0.04019   0.04088   0.03755   1.24771  -3.31281  -9.67896   0.07801   6.99162  
 69 669.5887    328.169096  x:  0.00090   0.02009   0.00000   0.00000   0.00000   0.00000   0.01978   0.00000   0.00000   0.00000   0.00000   0.00000   0.00000   0.00000   0.01973   0.00000   0.01931   0.01927   0.01974   0.01948   0.01928   0.06022   0.00000   0.00000   0.02005   0.01894   0.04124   0.04091   0.03947   0.03777   1.23017  -4.07470  -10.90182   0.07583   7.59769  
 70  0.8848    328.151314  x:  0.00079   0.01982   0.00000   0.00000   0.00000   0.00000   0.01938   0.00000   0.00000   0.00000   0.00000   0.00000   0.00000   0.00000   0.01972   0.00000   0.01908   0.01915   0.01954   0.01922   0.01948   0.06008   0.00000   0.00000   0.01984   0.01887   0.03821   0.04042   0.03960   0.03731   1.23008  -7.53354  -16.49058   0.07740  10.36350  
 71  1.3455    328.145850  x:  0.00107   0.01999   0.00000   0.00000   0.00000   0.00000   0.01963   0.00000   0.00000   0.00000   0.00000   0.00000   0.00000   0.00000   0.01974   0.00000   0.01940   0.01934   0.01985   0.01940   0.01925   0.06049   0.00000   0.00000   0.02013   0.01915   0.04068   0.04046   0.03981   0.03782   1.23305  -8.93765  -18.73155   0.07596  11.48037  
 72  1.6115    328.140812  x:  0.00147   0.01994   0.00000   0.00000   0.00000   0.00000   0.01973   0.00000   0.00000   0.00000   0.00000   0.00000   0.00000   0.00000   0.01965   0.00000   0.01907   0.01913   0.01954   0.01937   0.01951   0.05977   0.00000   0.00000   0.01980   0.01870   0.03934   0.04008   0.03927   0.03732   1.22948  -13.96321  -26.80429   0.07737  15.49356  
 73  1.8659    328.136270  x:  0.00193   0.01994   0.00000   0.00000   0.00000   0.00000   0.01944   0.00000   0.00000   0.00000   0.00000   0.00000   0.00000   0.00000   0.01981   0.00000   0.01942   0.01936   0.01984   0.01932   0.01921   0.06072   0.00000   0.00000   0.02018   0.01926   0.04026   0.03949   0.04002   0.03785   1.23498  -20.42017  -37.14617   0.07574  20.64154  
 74  4.8320    328.132073  x:  0.00334   0.02000   0.00000   0.00000   0.00000   0.00000   0.01992   0.00000   0.00000   0.00000   0.00000   0.00000   0.00000   0.00000   0.01961   0.00000   0.01919   0.01922   0.01966   0.01945   0.01946   0.05983   0.00000   0.00000   0.01989   0.01877   0.04004   0.03822   0.03929   0.03746   1.22938  -36.56877  -63.04969   0.07726  33.52777  
 75  7.4538    328.129709  x:  0.00450   0.01991   0.00000   0.00000   0.00000   0.00000   0.01939   0.00000   0.00000   0.00000   0.00000   0.00000   0.00000   0.00000   0.01981   0.00000   0.01931   0.01927   0.01975   0.01929   0.01927   0.06056   0.00000   0.00000   0.02008   0.01915   0.03988   0.03695   0.03990   0.03772   1.23436  -51.27677  -86.62787   0.07594  45.26018  
 76 12.4828    328.128905  x:  0.00515   0.01994   0.00000   0.00000   0.00000   0.00000   0.01950   0.00000   0.00000   0.00000   0.00000   0.00000   0.00000   0.00000   0.01977   0.00000   0.01931   0.01928   0.01975   0.01933   0.01929   0.06046   0.00000   0.00000   0.02007   0.01910   0.03996   0.03630   0.03981   0.03770   1.23374  -58.99192  -99.00000   0.07615  51.41568  
 77 16.9073    328.128905  x:  0.00515   0.01994   0.00000   0.00000   0.00000   0.00000   0.01950   0.00000   0.00000   0.00000   0.00000   0.00000   0.00000   0.00000   0.01977   0.00000   0.01931   0.01928   0.01975   0.01933   0.01929   0.06046   0.00000   0.00000   0.02007   0.01910   0.03996   0.03630   0.03981   0.03770   1.23374  -58.99192  -99.00000   0.07615  51.41568  
 78 51.8949    328.128847  x:  0.00517   0.01996   0.00000   0.00000   0.00000   0.00000   0.01963   0.00000   0.00000   0.00000   0.00000   0.00000   0.00000   0.00000   0.01972   0.00000   0.01928   0.01927   0.01973   0.01937   0.01934   0.06040   0.00000   0.00000   0.02002   0.01900   0.03999   0.03632   0.03974   0.03766   1.23374  -58.99192  -99.00000   0.07624  51.41568  
 79  0.4879    328.128830  x:  0.00517   0.01996   0.00000   0.00000   0.00000   0.00000   0.01961   0.00000   0.00000   0.00000   0.00000   0.00000   0.00000   0.00000   0.01973   0.00000   0.01929   0.01928   0.01973   0.01936   0.01933   0.06031   0.00000   0.00000   0.02003   0.01902   0.04002   0.03632   0.03966   0.03762   1.23373  -58.99192  -99.00000   0.07638  51.41568  
 80  0.2015    328.128829  x:  0.00516   0.01995   0.00000   0.00000   0.00000   0.00000   0.01961   0.00000   0.00000   0.00000   0.00000   0.00000   0.00000   0.00000   0.01973   0.00000   0.01929   0.01927   0.01973   0.01936   0.01933   0.06030   0.00000   0.00000   0.02003   0.01902   0.04001   0.03631   0.03968   0.03765   1.23373  -58.99192  -99.00000   0.07642  51.41568  
 81  0.0636    328.128829  x:  0.00516   0.01995   0.00000   0.00000   0.00000   0.00000   0.01961   0.00000   0.00000   0.00000   0.00000   0.00000   0.00000   0.00000   0.01973   0.00000   0.01929   0.01927   0.01973   0.01936   0.01933   0.06030   0.00000   0.00000   0.02003   0.01902   0.04001   0.03632   0.03969   0.03765   1.23372  -58.99192  -99.00000   0.07642  51.41568  
 82  0.0211    328.128829  x:  0.00517   0.01995   0.00000   0.00000   0.00000   0.00000   0.01961   0.00000   0.00000   0.00000   0.00000   0.00000   0.00000   0.00000   0.01973   0.00000   0.01929   0.01927   0.01973   0.01936   0.01933   0.06031   0.00000   0.00000   0.02003   0.01902   0.04001   0.03632   0.03969   0.03764   1.23372  -58.99192  -99.00000   0.07643  51.41568  
 83  0.0067    328.128829  x:  0.00516   0.01995   0.00000   0.00000   0.00000   0.00000   0.01961   0.00000   0.00000   0.00000   0.00000   0.00000   0.00000   0.00000   0.01973   0.00000   0.01929   0.01927   0.01973   0.01936   0.01933   0.06031   0.00000   0.00000   0.02003   0.01902   0.04001   0.03632   0.03969   0.03764   1.23371  -58.99192  -99.00000   0.07643  51.41568  
 84  0.0070    328.128828  x:  0.00516   0.01996   0.00000   0.00000   0.00000   0.00000   0.01961   0.00000   0.00000   0.00000   0.00000   0.00000   0.00000   0.00000   0.01973   0.00000   0.01929   0.01927   0.01973   0.01936   0.01933   0.06032   0.00000   0.00000   0.02003   0.01902   0.04001   0.03632   0.03968   0.03766   1.23358  -58.99192  -99.00000   0.07643  51.41568  
 85  0.0150    328.128828  x:  0.00517   0.01995   0.00000   0.00000   0.00000   0.00000   0.01961   0.00000   0.00000   0.00000   0.00000   0.00000   0.00000   0.00000   0.01974   0.00000   0.01930   0.01928   0.01973   0.01936   0.01932   0.06031   0.00000   0.00000   0.02002   0.01902   0.04001   0.03632   0.03968   0.03766   1.23305  -58.99192  -99.00000   0.07642  51.41570  
 86  0.1326    328.128827  x:  0.00516   0.01995   0.00000   0.00000   0.00000   0.00000   0.01961   0.00000   0.00000   0.00000   0.00000   0.00000   0.00000   0.00000   0.01973   0.00000   0.01929   0.01927   0.01973   0.01936   0.01933   0.06031   0.00000   0.00000   0.02003   0.01902   0.04001   0.03632   0.03969   0.03765   1.23265  -58.99192  -99.00000   0.07641  51.41571  
 87  0.5445    328.128827  x:  0.00516   0.01996   0.00000   0.00000   0.00000   0.00000   0.01961   0.00000   0.00000   0.00000   0.00000   0.00000   0.00000   0.00000   0.01973   0.00000   0.01929   0.01927   0.01973   0.01936   0.01933   0.06031   0.00000   0.00000   0.02003   0.01902   0.04001   0.03632   0.03969   0.03765   1.23265  -58.99192  -99.00000   0.07641  51.41571  
 88  0.0067    328.128827  x:  0.00516   0.01995   0.00000   0.00000   0.00000   0.00000   0.01961   0.00000   0.00000   0.00000   0.00000   0.00000   0.00000   0.00000   0.01973   0.00000   0.01929   0.01927   0.01973   0.01936   0.01933   0.06031   0.00000   0.00000   0.02003   0.01902   0.04001   0.03632   0.03969   0.03765   1.23265  -58.99192  -99.00000   0.07641  51.41571  