

TREE # 1

  0  0.0000   3058.068490  x:  0.00000   0.01669   0.03379   0.01431   0.03786   0.04056   0.01880   0.02226   0.03796   0.01357   0.02848   0.01547   0.01337   0.00912   0.01219   0.03414   0.03667   0.01974   0.03392   0.02721   0.04176   0.03136   0.00958   0.02583   0.00680   0.04535   0.03679   0.04088   0.05222   0.05500   2.00000   1.09989   0.02896   0.27919   2.57308  
  1 99.0000   3058.035608  x:  0.00000   0.01669   0.03379   0.01430   0.03786   0.04056   0.01880   0.02225   0.03796   0.01356   0.02848   0.01546   0.01336   0.00912   0.01219   0.03413   0.03666   0.01974   0.03392   0.02721   0.04176   0.03136   0.00958   0.02583   0.00680   0.04535   0.03679   0.04088   0.05222   0.05500   2.00000   1.09989   0.02896   0.27919   2.57308  
  2 1756.9742   3003.835795  x:  0.00000   0.01670   0.02518   0.01226   0.02881   0.03263   0.00931   0.01314   0.02888   0.01093   0.01939   0.00938   0.00421   0.00000   0.00742   0.02502   0.03121   0.01797   0.02921   0.02491   0.03469   0.02906   0.01022   0.02548   0.01015   0.03892   0.03543   0.04034   0.04727   0.05603   2.00008   1.10018   0.02866   0.27772   2.57308  
  3 15804.6511   2982.342534  x:  0.00000   0.01665   0.02128   0.01189   0.02465   0.02914   0.00496   0.00894   0.02470   0.01042   0.01520   0.00743   0.00000   0.00000   0.00632   0.02082   0.02911   0.01755   0.02749   0.02423   0.03168   0.02833   0.01024   0.02526   0.00995   0.03620   0.03493   0.04005   0.04527   0.05603   2.00011   1.10035   0.02850   0.27760   2.57308  
  4 47407.1544   2960.970907  x:  0.00000   0.01633   0.01695   0.01100   0.01991   0.02540   0.00000   0.00417   0.01994   0.00943   0.01044   0.00674   0.00000   0.00000   0.00579   0.01606   0.02712   0.01665   0.02581   0.02341   0.02860   0.02746   0.00966   0.02522   0.01054   0.03338   0.03439   0.03955   0.04321   0.05660   2.00016   1.10053   0.02831   0.27758   2.57308  
  5 59290.7158   2947.147563  x:  0.00000   0.01674   0.01384   0.01102   0.01578   0.02346   0.00000   0.00000   0.01573   0.00951   0.00626   0.00654   0.00000   0.00000   0.00366   0.01196   0.02683   0.01595   0.02527   0.02274   0.02779   0.02663   0.01030   0.02517   0.01045   0.03228   0.03382   0.03883   0.04223   0.05823   2.00019   1.10059   0.02824   0.27692   2.57309  
  6 7658.2809   2930.406493  x:  0.00000   0.01719   0.00961   0.01087   0.00962   0.02131   0.00000   0.00000   0.00939   0.00904   0.00000   0.00389   0.00000   0.00000   0.00423   0.00588   0.02653   0.01508   0.02429   0.02170   0.02749   0.02528   0.01126   0.02496   0.01048   0.03120   0.03295   0.03787   0.04092   0.06066   2.00023   1.10059   0.02824   0.27465   2.57309  
  7 9183.2429   2917.336601  x:  0.00000   0.01670   0.00586   0.01067   0.00362   0.01963   0.00000   0.00000   0.00316   0.00818   0.00000   0.00359   0.00000   0.00000   0.00380   0.00000   0.02506   0.01560   0.02243   0.02149   0.02729   0.02471   0.01130   0.02444   0.01045   0.02999   0.03254   0.03786   0.03936   0.06015   2.00026   1.10047   0.02838   0.27043   2.57310  
  8 4833.5420   2912.020972  x:  0.00000   0.01701   0.00400   0.01037   0.00058   0.01874   0.00000   0.00000   0.00000   0.00882   0.00000   0.00354   0.00000   0.00000   0.00377   0.00000   0.02410   0.01499   0.02190   0.02148   0.02675   0.02463   0.01120   0.02471   0.01046   0.02909   0.03248   0.03778   0.03857   0.05996   2.00027   1.10041   0.02845   0.26791   2.57310  
  9 7876.9595   2911.372179  x:  0.00000   0.01705   0.00367   0.01048   0.00000   0.01858   0.00000   0.00000   0.00000   0.00871   0.00000   0.00355   0.00000   0.00000   0.00377   0.00000   0.02404   0.01494   0.02203   0.02153   0.02655   0.02467   0.01123   0.02473   0.01045   0.02889   0.03249   0.03772   0.03849   0.05999   2.00027   1.10041   0.02846   0.26748   2.57310  
 10 2726.2008   2908.283580  x:  0.00000   0.01596   0.00000   0.00965   0.00000   0.01658   0.00000   0.00000   0.00000   0.00950   0.00000   0.00344   0.00000   0.00000   0.00374   0.00000   0.02538   0.01600   0.02292   0.02169   0.02487   0.02444   0.01131   0.02380   0.01063   0.02746   0.03246   0.03696   0.03860   0.06064   2.00030   1.10057   0.02832   0.26403   2.57309  
 11 1096.3639   2904.181147  x:  0.00000   0.01986   0.00000   0.01261   0.00000   0.00318   0.00000   0.00000   0.00000   0.00916   0.00000   0.00648   0.00000   0.00000   0.00535   0.00000   0.03340   0.01688   0.01431   0.02088   0.02369   0.01953   0.01277   0.02434   0.00987   0.02396   0.02975   0.03472   0.03951   0.06212   2.00065   1.10297   0.02600   0.25665   2.57307  
 12 279.5158   2900.288492  x:  0.00000   0.01695   0.00000   0.01592   0.00000   0.00604   0.00000   0.00000   0.00000   0.00845   0.00000   0.00425   0.00000   0.00000   0.00386   0.00000   0.04348   0.01075   0.00710   0.02034   0.01911   0.02081   0.00970   0.02474   0.01159   0.01311   0.02729   0.03284   0.03411   0.05931   2.00189   1.11108   0.01796   0.24954   2.57305  
 13 113.6707   2896.113130  x:  0.00000   0.01799   0.00000   0.01328   0.00000   0.00229   0.00000   0.00000   0.00000   0.00567   0.00000   0.00130   0.00000   0.00000   0.00180   0.00000   0.04649   0.00780   0.01072   0.01771   0.01851   0.01909   0.00635   0.02720   0.01261   0.00885   0.02561   0.03523   0.02624   0.05413   2.00341   1.12104   0.00806   0.24278   2.57302  
 14 330.8566   2891.185473  x:  0.00000   0.02050   0.00000   0.00834   0.00000   0.00461   0.00000   0.00000   0.00000   0.00247   0.00000   0.00277   0.00000   0.00000   0.00218   0.00000   0.04183   0.00857   0.01092   0.01251   0.01204   0.01557   0.01056   0.02837   0.01102   0.00718   0.02386   0.03711   0.01416   0.05541   2.00546   1.13442  -0.00525   0.23415   2.57299  
 15 598.0226   2884.131126  x:  0.00000   0.01850   0.00000   0.00953   0.00000   0.00228   0.00000   0.00000   0.00000   0.00219   0.00000   0.00133   0.00000   0.00000   0.00133   0.00000   0.02613   0.00953   0.00797   0.01369   0.00344   0.01579   0.00835   0.02840   0.01245   0.01245   0.02486   0.03742   0.00907   0.06390   2.00835   1.15306  -0.02382   0.22052   2.57295  
 16 648.2258   2878.625808  x:  0.00000   0.01604   0.00000   0.01002   0.00000   0.00093   0.00000   0.00000   0.00000   0.00218   0.00000   0.00137   0.00000   0.00000   0.00127   0.00000   0.00940   0.00997   0.00704   0.01281   0.00475   0.01516   0.00909   0.02632   0.01302   0.00712   0.02454   0.03662   0.01056   0.07095   2.01063   1.16766  -0.03836   0.20882   2.57292  
 17 1168.2402   2878.254081  x:  0.00000   0.01703   0.00000   0.01007   0.00000   0.00162   0.00000   0.00000   0.00000   0.00217   0.00000   0.00127   0.00000   0.00000   0.00119   0.00000   0.00824   0.01056   0.00718   0.01314   0.00400   0.01338   0.00815   0.02590   0.01327   0.00654   0.02406   0.03630   0.01170   0.07104   2.01091   1.16927  -0.03996   0.20584   2.57291  
 18 304.9704   2875.732692  x:  0.00000   0.02095   0.00000   0.00718   0.00000   0.00163   0.00000   0.00000   0.00000   0.00086   0.00000   0.00120   0.00000   0.00000   0.00097   0.00000   0.00711   0.00865   0.00674   0.01599   0.00495   0.01400   0.00725   0.01945   0.01332   0.00848   0.02303   0.03259   0.01158   0.07067   2.01317   1.18165  -0.05231   0.16973   2.57287  
 19 221.0953   2872.227910  x:  0.00000   0.02284   0.00000   0.00926   0.00000   0.00224   0.00000   0.00000   0.00000   0.00185   0.00000   0.00134   0.00000   0.00000   0.00094   0.00000   0.00527   0.00857   0.00719   0.01422   0.00762   0.01265   0.00331   0.01414   0.01460   0.01103   0.02122   0.02981   0.00752   0.07203   2.01669   1.20095  -0.07158   0.11225   2.57281  
 20 2233.8485   2861.160365  x:  0.00000   0.02277   0.00000   0.00936   0.00000   0.00248   0.00000   0.00000   0.00000   0.00163   0.00000   0.00104   0.00000   0.00000   0.00059   0.00000   0.00427   0.00947   0.00671   0.00987   0.00872   0.01227   0.00139   0.01535   0.01547   0.01484   0.02030   0.02929   0.00873   0.07353   2.02343   1.23791  -0.10846   0.00000   2.57270  
 21 4541.3711   2861.000714  x:  0.00000   0.02345   0.00000   0.00924   0.00000   0.00238   0.00000   0.00000   0.00000   0.00166   0.00000   0.00117   0.00000   0.00000   0.00069   0.00000   0.00439   0.00961   0.00691   0.00921   0.00795   0.01383   0.00130   0.01507   0.01531   0.01397   0.02020   0.02749   0.00907   0.07258   2.02283   1.23254  -0.10315   0.00000   2.57274  
 22 24.1081   2858.497260  x:  0.03238   0.01939   0.00000   0.00824   0.00000   0.00198   0.00000   0.00000   0.00000   0.00175   0.00000   0.00217   0.00000   0.00000   0.00107   0.00000   0.00226   0.00769   0.00941   0.00898   0.00573   0.01451   0.00198   0.02204   0.01446   0.01370   0.02075   0.00000   0.00888   0.06430   2.03810   1.28398  -0.15510   0.00000   2.57296  
 23 199.0320   2857.896546  x:  0.03772   0.02026   0.00000   0.00762   0.00000   0.00204   0.00000   0.00000   0.00000   0.00172   0.00000   0.00213   0.00000   0.00000   0.00111   0.00000   0.00257   0.00885   0.00941   0.01018   0.00587   0.01531   0.00132   0.02331   0.01439   0.01209   0.02316   0.00000   0.00805   0.06433   2.03997   1.28913  -0.16034   0.00000   2.57301  
 24 644.3238   2857.630621  x:  0.03781   0.01989   0.00000   0.00784   0.00000   0.00193   0.00000   0.00000   0.00000   0.00170   0.00000   0.00232   0.00000   0.00000   0.00114   0.00000   0.00275   0.00758   0.00941   0.00930   0.00558   0.01399   0.00136   0.02240   0.01412   0.01212   0.02678   0.00000   0.00838   0.06400   2.04218   1.29757  -0.16880   0.00000   2.57302  
 25 188.7482   2857.062726  x:  0.03192   0.01873   0.00000   0.00755   0.00000   0.00196   0.00000   0.00000   0.00000   0.00167   0.00000   0.00251   0.00000   0.00000   0.00114   0.00000   0.00266   0.00698   0.00965   0.01094   0.00600   0.01253   0.00097   0.02374   0.01385   0.01230   0.02737   0.00000   0.00778   0.06498   2.04936   1.32699  -0.19823   0.00000   2.57301  
 26 300.7812   2856.230058  x:  0.03472   0.01807   0.00000   0.00752   0.00000   0.00179   0.00000   0.00000   0.00000   0.00175   0.00000   0.00305   0.00000   0.00000   0.00123   0.00000   0.00304   0.00514   0.01006   0.01116   0.00512   0.01293   0.00061   0.02234   0.01289   0.01242   0.02359   0.00000   0.00868   0.06693   2.05821   1.35955  -0.23067   0.00000   2.57297  
 27 169.7486   2850.770907  x:  0.03287   0.01488   0.00000   0.00474   0.00000   0.00183   0.00000   0.00000   0.00000   0.00219   0.00000   0.00288   0.00000   0.00000   0.00025   0.00000   0.00492   0.00439   0.01024   0.01124   0.00480   0.01326   0.00169   0.02692   0.00734   0.01042   0.02033   0.00000   0.00885   0.06833   2.09941   1.49208  -0.36193   0.00000   2.57273  
 28 433.2859   2849.049378  x:  0.03304   0.01564   0.00000   0.00383   0.00000   0.00200   0.00000   0.00000   0.00000   0.00226   0.00000   0.00194   0.00000   0.00000   0.00083   0.00000   0.00481   0.00483   0.00962   0.01075   0.00526   0.01366   0.00192   0.02571   0.00362   0.01054   0.02001   0.00000   0.00868   0.06943   2.12770   1.59247  -0.46220   0.00000   2.57269  
 29 65.0822   2848.774321  x:  0.03294   0.01323   0.00000   0.00451   0.00000   0.00201   0.00000   0.00000   0.00000   0.00211   0.00000   0.00184   0.00000   0.00000   0.00098   0.00000   0.00540   0.00487   0.00986   0.01044   0.00534   0.01274   0.00198   0.02769   0.00407   0.01038   0.01878   0.00000   0.00869   0.06938   2.12996   1.57502  -0.44484   0.00000   2.57279  
 30  8.0857   2848.427014  x:  0.03341   0.01379   0.00000   0.00624   0.00000   0.00218   0.00000   0.00000   0.00000   0.00196   0.00000   0.00187   0.00000   0.00000   0.00095   0.00000   0.00523   0.00511   0.01042   0.01054   0.00565   0.01362   0.00205   0.02642   0.00474   0.01025   0.01937   0.00000   0.00855   0.07180   2.16305   1.61793  -0.48759   0.00000   2.57268  
 31  4.2241   2848.391636  x:  0.03347   0.01386   0.00000   0.00652   0.00000   0.00221   0.00000   0.00000   0.00000   0.00194   0.00000   0.00188   0.00000   0.00000   0.00094   0.00000   0.00521   0.00515   0.01051   0.01057   0.00570   0.01377   0.00206   0.02622   0.00484   0.01022   0.01948   0.00000   0.00854   0.07220   2.16919   1.62449  -0.49412   0.00451   2.57266  
 32 33.1455   2846.383272  x:  0.03038   0.01159   0.00000   0.00648   0.00000   0.00213   0.00000   0.00000   0.00000   0.00212   0.00000   0.00205   0.00000   0.00000   0.00095   0.00000   0.00548   0.00640   0.01016   0.01164   0.00518   0.01551   0.00204   0.02663   0.00356   0.00857   0.02180   0.00000   0.01100   0.07400   2.32903   1.58511  -0.45478   0.00000   2.57284  
 33  3.1363   2846.348269  x:  0.03022   0.01148   0.00000   0.00647   0.00000   0.00212   0.00000   0.00000   0.00000   0.00213   0.00000   0.00206   0.00000   0.00000   0.00095   0.00000   0.00550   0.00646   0.01014   0.01170   0.00516   0.01560   0.00204   0.02666   0.00351   0.00849   0.02191   0.00240   0.01113   0.07412   2.33711   1.58315  -0.45282   0.00000   2.57285  
 34 99.7901   2845.828389  x:  0.02937   0.01192   0.00000   0.00500   0.00000   0.00222   0.00000   0.00000   0.00000   0.00239   0.00000   0.00184   0.00000   0.00000   0.00112   0.00000   0.00573   0.00652   0.00993   0.01201   0.00548   0.01624   0.00214   0.02792   0.00633   0.00835   0.02279   0.00329   0.01224   0.07795   2.38944   1.57600  -0.44556   0.00000   2.57289  
 35  4.2838   2845.239882  x:  0.03030   0.01350   0.00000   0.00548   0.00000   0.00247   0.00000   0.00000   0.00000   0.00266   0.00000   0.00159   0.00000   0.00000   0.00116   0.00000   0.00609   0.00589   0.01080   0.01299   0.00662   0.01595   0.00233   0.03003   0.00501   0.00953   0.02398   0.00239   0.01335   0.08530   2.28030   1.52115  -0.38984   0.00000   2.57250  
 36  1.1326   2844.657113  x:  0.02991   0.01487   0.00000   0.00609   0.00000   0.00196   0.00000   0.00000   0.00000   0.00293   0.00000   0.00187   0.00000   0.00000   0.00119   0.00000   0.00658   0.00767   0.01101   0.01442   0.00633   0.01426   0.00245   0.02889   0.00529   0.01046   0.02374   0.00238   0.01534   0.08222   2.11036   1.54979  -0.41855   0.00000   2.57254  
 37  2.2793   2843.713402  x:  0.02537   0.01197   0.00000   0.00631   0.00000   0.00270   0.00000   0.00000   0.00000   0.00332   0.00000   0.00222   0.00000   0.00000   0.00141   0.00000   0.00791   0.00814   0.01023   0.01517   0.00676   0.01812   0.00286   0.02640   0.00465   0.00825   0.02610   0.00498   0.01709   0.08043   1.99817   1.53251  -0.40183   0.00000   2.57292  
 38  0.1411   2843.417332  x:  0.02432   0.01283   0.00000   0.00652   0.00000   0.00262   0.00000   0.00000   0.00000   0.00355   0.00000   0.00243   0.00000   0.00000   0.00152   0.00000   0.00861   0.00836   0.01034   0.01599   0.00661   0.01797   0.00313   0.02543   0.00430   0.00811   0.02609   0.00558   0.01778   0.07906   2.23483   1.51303  -0.38242   0.00000   2.57295  
 39  1.2062   2843.196195  x:  0.02363   0.01289   0.00000   0.00634   0.00000   0.00251   0.00000   0.00000   0.00000   0.00375   0.00000   0.00205   0.00000   0.00000   0.00166   0.00000   0.00948   0.00898   0.01111   0.01534   0.00638   0.01751   0.00350   0.02555   0.00398   0.00743   0.02667   0.00696   0.01789   0.08386   2.23486   1.54302  -0.41193   0.00000   2.57282  
 40  0.0416   2843.127410  x:  0.02362   0.01235   0.00000   0.00609   0.00000   0.00257   0.00000   0.00000   0.00000   0.00391   0.00000   0.00203   0.00000   0.00000   0.00175   0.00000   0.00989   0.00907   0.01102   0.01528   0.00641   0.01734   0.00371   0.02538   0.00407   0.00873   0.02693   0.00726   0.01797   0.08348   2.23356   1.54578  -0.41475   0.00000   2.57283  
 41  0.0078   2843.052743  x:  0.02294   0.01305   0.00000   0.00591   0.00000   0.00240   0.00000   0.00000   0.00000   0.00413   0.00000   0.00203   0.00000   0.00000   0.00192   0.00000   0.01053   0.00898   0.01036   0.01498   0.00600   0.01701   0.00399   0.02571   0.00422   0.00841   0.02682   0.00809   0.01793   0.08236   2.19280   1.53280  -0.40177   0.00000   2.57288  
 42  0.0573   2843.019312  x:  0.02337   0.01267   0.00000   0.00595   0.00000   0.00247   0.00000   0.00000   0.00000   0.00422   0.00000   0.00220   0.00000   0.00000   0.00202   0.00000   0.01080   0.00866   0.01047   0.01494   0.00646   0.01680   0.00426   0.02526   0.00416   0.00805   0.02654   0.00740   0.01748   0.08201   2.19064   1.53659  -0.40556   0.00000   2.57286  
 43  0.0043   2843.008421  x:  0.02354   0.01278   0.00000   0.00612   0.00000   0.00244   0.00000   0.00000   0.00000   0.00425   0.00000   0.00202   0.00000   0.00000   0.00206   0.00000   0.01082   0.00855   0.01065   0.01489   0.00639   0.01710   0.00439   0.02534   0.00414   0.00811   0.02648   0.00721   0.01709   0.08175   2.19361   1.53815  -0.40709   0.00000   2.57284  
 44  0.0027   2843.002895  x:  0.02382   0.01284   0.00000   0.00607   0.00000   0.00242   0.00000   0.00000   0.00000   0.00425   0.00000   0.00212   0.00000   0.00000   0.00208   0.00000   0.01074   0.00865   0.01071   0.01479   0.00637   0.01722   0.00447   0.02547   0.00414   0.00820   0.02643   0.00703   0.01681   0.08239   2.19657   1.53401  -0.40287   0.00000   2.57280  
 45  0.0059   2842.996400  x:  0.02437   0.01275   0.00000   0.00608   0.00000   0.00235   0.00000   0.00000   0.00000   0.00425   0.00000   0.00212   0.00000   0.00000   0.00210   0.00000   0.01046   0.00875   0.01057   0.01502   0.00637   0.01714   0.00459   0.02537   0.00423   0.00815   0.02671   0.00655   0.01670   0.08213   2.19746   1.53468  -0.40350   0.00000   2.57276  
 46  0.0008   2842.993767  x:  0.02452   0.01284   0.00000   0.00606   0.00000   0.00239   0.00000   0.00000   0.00000   0.00426   0.00000   0.00211   0.00000   0.00000   0.00211   0.00000   0.01035   0.00887   0.01054   0.01497   0.00646   0.01718   0.00466   0.02543   0.00411   0.00814   0.02668   0.00631   0.01682   0.08201   2.19283   1.53566  -0.40441   0.00000   2.57273  
 47  0.0028   2842.992231  x:  0.02463   0.01279   0.00000   0.00603   0.00000   0.00241   0.00000   0.00000   0.00000   0.00425   0.00000   0.00211   0.00000   0.00000   0.00212   0.00000   0.01028   0.00883   0.01065   0.01492   0.00638   0.01716   0.00474   0.02540   0.00415   0.00810   0.02658   0.00616   0.01697   0.08203   2.19302   1.53582  -0.40450   0.00000   2.57270  
 48  0.0002   2842.992018  x:  0.02465   0.01280   0.00000   0.00605   0.00000   0.00242   0.00000   0.00000   0.00000   0.00425   0.00000   0.00211   0.00000   0.00000   0.00213   0.00000   0.01027   0.00880   0.01061   0.01489   0.00638   0.01716   0.00475   0.02545   0.00415   0.00812   0.02660   0.00619   0.01699   0.08202   2.19493   1.53579  -0.40443   0.00000   2.57268  
 49  0.0018   2842.991977  x:  0.02467   0.01280   0.00000   0.00605   0.00000   0.00242   0.00000   0.00000   0.00000   0.00424   0.00000   0.00211   0.00000   0.00000   0.00213   0.00000   0.01027   0.00879   0.01061   0.01488   0.00639   0.01714   0.00476   0.02544   0.00415   0.00812   0.02662   0.00617   0.01699   0.08201   2.19531   1.53519  -0.40381   0.00000   2.57267  
 50  0.0007   2842.991932  x:  0.02467   0.01281   0.00000   0.00605   0.00000   0.00243   0.00000   0.00000   0.00000   0.00423   0.00000   0.00211   0.00000   0.00000   0.00212   0.00000   0.01028   0.00879   0.01060   0.01487   0.00639   0.01714   0.00476   0.02541   0.00415   0.00812   0.02662   0.00615   0.01698   0.08203   2.19511   1.53556  -0.40408   0.00000   2.57263  
 51  0.0002   2842.991901  x:  0.02467   0.01280   0.00000   0.00605   0.00000   0.00242   0.00000   0.00000   0.00000   0.00421   0.00000   0.00211   0.00000   0.00000   0.00212   0.00000   0.01029   0.00880   0.01061   0.01489   0.00638   0.01715   0.00477   0.02543   0.00415   0.00811   0.02662   0.00616   0.01698   0.08202   2.19488   1.53553  -0.40395   0.00000   2.57258  
 52  0.0001   2842.991895  x:  0.02468   0.01281   0.00000   0.00605   0.00000   0.00242   0.00000   0.00000   0.00000   0.00422   0.00000   0.00211   0.00000   0.00000   0.00211   0.00000   0.01029   0.00879   0.01061   0.01489   0.00639   0.01715   0.00477   0.02543   0.00415   0.00812   0.02662   0.00615   0.01699   0.08201   2.19513   1.53557  -0.40393   0.00000   2.57255  
 53  0.0001   2842.991886  x:  0.02469   0.01280   0.00000   0.00605   0.00000   0.00242   0.00000   0.00000   0.00000   0.00422   0.00000   0.00211   0.00000   0.00000   0.00211   0.00000   0.01029   0.00879   0.01061   0.01488   0.00639   0.01715   0.00478   0.02543   0.00415   0.00811   0.02662   0.00615   0.01699   0.08203   2.19505   1.53564  -0.40383   0.00000   2.57247  
 54  0.0000   2842.991885  x:  0.02469   0.01280   0.00000   0.00605   0.00000   0.00242   0.00000   0.00000   0.00000   0.00422   0.00000   0.00211   0.00000   0.00000   0.00211   0.00000   0.01029   0.00879   0.01061   0.01488   0.00639   0.01715   0.00477   0.02543   0.00415   0.00812   0.02662   0.00615   0.01699   0.08202   2.19502   1.53565  -0.40383   0.00000   2.57247  
 55  0.0000   2842.991885  x:  0.02469   0.01280   0.00000   0.00605   0.00000   0.00242   0.00000   0.00000   0.00000   0.00422   0.00000   0.00211   0.00000   0.00000   0.00211   0.00000   0.01029   0.00879   0.01061   0.01488   0.00639   0.01715   0.00477   0.02543   0.00415   0.00812   0.02662   0.00614   0.01699   0.08202   2.19501   1.53568  -0.40379   0.00000   2.57244  
 56  0.0000   2842.991884  x:  0.02469   0.01280   0.00000   0.00605   0.00000   0.00242   0.00000   0.00000   0.00000   0.00422   0.00000   0.00211   0.00000   0.00000   0.00211   0.00000   0.01029   0.00879   0.01061   0.01488   0.00639   0.01715   0.00477   0.02543   0.00415   0.00812   0.02662   0.00614   0.01699   0.08202   2.19503   1.53570  -0.40377   0.00000   2.57242  