Supplemental results for CODEML (seqf: /Users/YY/Desktop/get/branch_site/modify/modify_trim_muscle_ndhA.fa  treef: /Users/YY/Desktop/get/branch_site/16gene_topu.tree)


dN/dS (w) for site classes (K=4)

site class             0        1       2a       2b
proportion       0.84609  0.15391  0.00000  0.00000
background w     0.02774  1.00000  0.02774  1.00000
foreground w     0.02774  1.00000  1.00000  1.00000

Naive Empirical Bayes (NEB) probabilities for 4 classes
(amino acids refer to 1st sequence: KM035850)

   1 M   0.93369 0.06631 0.00000 0.00000 ( 1)
   2 I   0.94631 0.05369 0.00000 0.00000 ( 1)
   3 I   0.94631 0.05369 0.00000 0.00000 ( 1)
   4 D   0.92984 0.07016 0.00000 0.00000 ( 1)
   5 T   0.27503 0.72497 0.00000 0.00000 ( 2)
   6 T   0.93261 0.06739 0.00000 0.00000 ( 1)
   7 E   0.92219 0.07781 0.00000 0.00000 ( 1)
   8 V   0.30221 0.69779 0.00000 0.00000 ( 2)
   9 Q   0.90012 0.09988 0.00000 0.00000 ( 1)
  10 A   0.93454 0.06546 0.00000 0.00000 ( 1)
  11 I   0.88632 0.11368 0.00000 0.00000 ( 1)
  12 N   0.92956 0.07044 0.00000 0.00000 ( 1)
  13 S   0.28482 0.71518 0.00000 0.00000 ( 2)
  14 F   0.95095 0.04905 0.00000 0.00000 ( 1)
  15 F   0.34661 0.65339 0.00000 0.00000 ( 2)
  16 R   0.91709 0.08291 0.00000 0.00000 ( 1)
  17 L   0.19267 0.80733 0.00000 0.00000 ( 2)
  18 E   0.24574 0.75426 0.00000 0.00000 ( 2)
  19 S   0.87720 0.12280 0.00000 0.00000 ( 1)
  20 L   0.92622 0.07378 0.00000 0.00000 ( 1)
  21 K   0.92190 0.07810 0.00000 0.00000 ( 1)
  22 E   0.88417 0.11583 0.00000 0.00000 ( 1)
  23 V   0.93996 0.06004 0.00000 0.00000 ( 1)
  24 Y   0.92241 0.07759 0.00000 0.00000 ( 1)
  25 E   0.00016 0.99984 0.00000 0.00000 ( 2)
  26 I   0.88632 0.11368 0.00000 0.00000 ( 1)
  27 I   0.94631 0.05369 0.00000 0.00000 ( 1)
  28 W   0.87758 0.12242 0.00000 0.00000 ( 1)
  29 M   0.28395 0.71605 0.00000 0.00000 ( 2)
  30 L   0.93934 0.06066 0.00000 0.00000 ( 1)
  31 V   0.17450 0.82550 0.00000 0.00000 ( 2)
  32 P   0.92432 0.07568 0.00000 0.00000 ( 1)
  33 I   0.94447 0.05553 0.00000 0.00000 ( 1)
  34 F   0.34044 0.65956 0.00000 0.00000 ( 2)
  35 T   0.93430 0.06570 0.00000 0.00000 ( 1)
  36 P   0.25492 0.74508 0.00000 0.00000 ( 2)
  37 V   0.30273 0.69727 0.00000 0.00000 ( 2)
  38 L   0.92622 0.07378 0.00000 0.00000 ( 1)
  39 G   0.91374 0.08626 0.00000 0.00000 ( 1)
  40 I   0.88632 0.11368 0.00000 0.00000 ( 1)
  41 T   0.93261 0.06739 0.00000 0.00000 ( 1)
  42 I   0.94631 0.05369 0.00000 0.00000 ( 1)
  43 G   0.92120 0.07880 0.00000 0.00000 ( 1)
  44 V   0.93996 0.06004 0.00000 0.00000 ( 1)
  45 L   0.90681 0.09319 0.00000 0.00000 ( 1)
  46 V   0.93996 0.06004 0.00000 0.00000 ( 1)
  47 I   0.93885 0.06115 0.00000 0.00000 ( 1)
  48 V   0.94166 0.05834 0.00000 0.00000 ( 1)
  49 W   0.87758 0.12242 0.00000 0.00000 ( 1)
  50 L   0.92263 0.07737 0.00000 0.00000 ( 1)
  51 E   0.92033 0.07967 0.00000 0.00000 ( 1)
  52 R   0.91709 0.08291 0.00000 0.00000 ( 1)
  53 E   0.92219 0.07781 0.00000 0.00000 ( 1)
  54 I   0.94631 0.05369 0.00000 0.00000 ( 1)
  55 S   0.92794 0.07206 0.00000 0.00000 ( 1)
  56 A   0.88834 0.11166 0.00000 0.00000 ( 1)
  57 G   0.87327 0.12673 0.00000 0.00000 ( 1)
  58 I   0.32498 0.67502 0.00000 0.00000 ( 2)
  59 Q   0.90012 0.09988 0.00000 0.00000 ( 1)
  60 Q   0.89620 0.10380 0.00000 0.00000 ( 1)
  61 R   0.91064 0.08936 0.00000 0.00000 ( 1)
  62 I   0.94447 0.05553 0.00000 0.00000 ( 1)
  63 G   0.88901 0.11099 0.00000 0.00000 ( 1)
  64 P   0.92222 0.07778 0.00000 0.00000 ( 1)
  65 E   0.92219 0.07781 0.00000 0.00000 ( 1)
  66 Y   0.87475 0.12525 0.00000 0.00000 ( 1)
  67 A   0.88630 0.11370 0.00000 0.00000 ( 1)
  68 G   0.87944 0.12056 0.00000 0.00000 ( 1)
  69 P   0.92432 0.07568 0.00000 0.00000 ( 1)
  70 L   0.89634 0.10366 0.00000 0.00000 ( 1)
  71 G   0.91374 0.08626 0.00000 0.00000 ( 1)
  72 I   0.94447 0.05553 0.00000 0.00000 ( 1)
  73 L   0.68854 0.31146 0.00000 0.00000 ( 1)
  74 Q   0.90012 0.09988 0.00000 0.00000 ( 1)
  75 A   0.93454 0.06546 0.00000 0.00000 ( 1)
  76 L   0.92622 0.07378 0.00000 0.00000 ( 1)
  77 A   0.93285 0.06715 0.00000 0.00000 ( 1)
  78 D   0.92984 0.07016 0.00000 0.00000 ( 1)
  79 G   0.92120 0.07880 0.00000 0.00000 ( 1)
  80 T   0.93261 0.06739 0.00000 0.00000 ( 1)
  81 K   0.92190 0.07810 0.00000 0.00000 ( 1)
  82 L   0.92622 0.07378 0.00000 0.00000 ( 1)
  83 L   0.93934 0.06066 0.00000 0.00000 ( 1)
  84 F   0.90318 0.09682 0.00000 0.00000 ( 1)
  85 K   0.92190 0.07810 0.00000 0.00000 ( 1)
  86 E   0.88238 0.11762 0.00000 0.00000 ( 1)
  87 N   0.92956 0.07044 0.00000 0.00000 ( 1)
  88 L   0.93934 0.06066 0.00000 0.00000 ( 1)
  89 L   0.93934 0.06066 0.00000 0.00000 ( 1)
  90 P   0.91732 0.08268 0.00000 0.00000 ( 1)
  91 S   0.92173 0.07827 0.00000 0.00000 ( 1)
  92 R   0.91709 0.08291 0.00000 0.00000 ( 1)
  93 G   0.91374 0.08626 0.00000 0.00000 ( 1)
  94 D   0.92715 0.07285 0.00000 0.00000 ( 1)
  95 T   0.28537 0.71463 0.00000 0.00000 ( 2)
  96 R   0.91064 0.08936 0.00000 0.00000 ( 1)
  97 L   0.92263 0.07737 0.00000 0.00000 ( 1)
  98 F   0.90318 0.09682 0.00000 0.00000 ( 1)
  99 S   0.92724 0.07276 0.00000 0.00000 ( 1)
 100 I   0.89582 0.10418 0.00000 0.00000 ( 1)
 101 G   0.91374 0.08626 0.00000 0.00000 ( 1)
 102 P   0.92270 0.07730 0.00000 0.00000 ( 1)
 103 S   0.87720 0.12280 0.00000 0.00000 ( 1)
 104 I   0.94631 0.05369 0.00000 0.00000 ( 1)
 105 A   0.93285 0.06715 0.00000 0.00000 ( 1)
 106 V   0.88383 0.11617 0.00000 0.00000 ( 1)
 107 T   0.27798 0.72202 0.00000 0.00000 ( 2)
 108 S   0.92173 0.07827 0.00000 0.00000 ( 1)
 109 I   0.94447 0.05553 0.00000 0.00000 ( 1)
 110 L   0.90699 0.09301 0.00000 0.00000 ( 1)
 111 L   0.90681 0.09319 0.00000 0.00000 ( 1)
 112 S   0.92724 0.07276 0.00000 0.00000 ( 1)
 113 S   0.00937 0.99063 0.00000 0.00000 ( 2)
 114 L   0.92622 0.07378 0.00000 0.00000 ( 1)
 115 V   0.93996 0.06004 0.00000 0.00000 ( 1)
 116 I   0.94447 0.05553 0.00000 0.00000 ( 1)
 117 P   0.92292 0.07708 0.00000 0.00000 ( 1)
 118 F   0.95095 0.04905 0.00000 0.00000 ( 1)
 119 G   0.91223 0.08777 0.00000 0.00000 ( 1)
 120 Y   0.92241 0.07759 0.00000 0.00000 ( 1)
 121 R   0.15446 0.84554 0.00000 0.00000 ( 2)
 122 L   0.93934 0.06066 0.00000 0.00000 ( 1)
 123 V   0.94166 0.05834 0.00000 0.00000 ( 1)
 124 L   0.90794 0.09206 0.00000 0.00000 ( 1)
 125 A   0.00564 0.99436 0.00000 0.00000 ( 2)
 126 D   0.92984 0.07016 0.00000 0.00000 ( 1)
 127 L   0.00020 0.99980 0.00000 0.00000 ( 2)
 128 S   0.00950 0.99050 0.00000 0.00000 ( 2)
 129 I   0.94447 0.05553 0.00000 0.00000 ( 1)
 130 G   0.92120 0.07880 0.00000 0.00000 ( 1)
 131 V   0.94166 0.05834 0.00000 0.00000 ( 1)
 132 F   0.95095 0.04905 0.00000 0.00000 ( 1)
 133 L   0.92622 0.07378 0.00000 0.00000 ( 1)
 134 W   0.87758 0.12242 0.00000 0.00000 ( 1)
 135 I   0.94447 0.05553 0.00000 0.00000 ( 1)
 136 A   0.87715 0.12285 0.00000 0.00000 ( 1)
 137 I   0.94447 0.05553 0.00000 0.00000 ( 1)
 138 S   0.92173 0.07827 0.00000 0.00000 ( 1)
 139 S   0.92724 0.07276 0.00000 0.00000 ( 1)
 140 I   0.94447 0.05553 0.00000 0.00000 ( 1)
 141 A   0.93454 0.06546 0.00000 0.00000 ( 1)
 142 P   0.87237 0.12762 0.00000 0.00000 ( 1)
 143 V   0.88387 0.11613 0.00000 0.00000 ( 1)
 144 G   0.87201 0.12799 0.00000 0.00000 ( 1)
 145 L   0.93934 0.06066 0.00000 0.00000 ( 1)
 146 L   0.93599 0.06401 0.00000 0.00000 ( 1)
 147 M   0.93369 0.06631 0.00000 0.00000 ( 1)
 148 S   0.92173 0.07827 0.00000 0.00000 ( 1)
 149 G   0.92120 0.07880 0.00000 0.00000 ( 1)
 150 Y   0.92241 0.07759 0.00000 0.00000 ( 1)
 151 G   0.91374 0.08626 0.00000 0.00000 ( 1)
 152 S   0.92173 0.07827 0.00000 0.00000 ( 1)
 153 N   0.92956 0.07044 0.00000 0.00000 ( 1)
 154 N   0.92956 0.07044 0.00000 0.00000 ( 1)
 155 K   0.92190 0.07810 0.00000 0.00000 ( 1)
 156 Y   0.92241 0.07759 0.00000 0.00000 ( 1)
 157 S   0.89682 0.10318 0.00000 0.00000 ( 1)
 158 F   0.95095 0.04905 0.00000 0.00000 ( 1)
 159 L   0.92622 0.07378 0.00000 0.00000 ( 1)
 160 G   0.92120 0.07880 0.00000 0.00000 ( 1)
 161 G   0.92120 0.07880 0.00000 0.00000 ( 1)
 162 L   0.92622 0.07378 0.00000 0.00000 ( 1)
 163 R   0.86695 0.13305 0.00000 0.00000 ( 1)
 164 A   0.93454 0.06546 0.00000 0.00000 ( 1)
 165 A   0.93454 0.06546 0.00000 0.00000 ( 1)
 166 A   0.93454 0.06546 0.00000 0.00000 ( 1)
 167 Q   0.90012 0.09988 0.00000 0.00000 ( 1)
 168 S   0.92173 0.07827 0.00000 0.00000 ( 1)
 169 I   0.94447 0.05553 0.00000 0.00000 ( 1)
 170 S   0.92724 0.07276 0.00000 0.00000 ( 1)
 171 Y   0.92241 0.07759 0.00000 0.00000 ( 1)
 172 E   0.92219 0.07781 0.00000 0.00000 ( 1)
 173 I   0.94631 0.05369 0.00000 0.00000 ( 1)
 174 P   0.92270 0.07730 0.00000 0.00000 ( 1)
 175 L   0.92622 0.07378 0.00000 0.00000 ( 1)
 176 T   0.93430 0.06570 0.00000 0.00000 ( 1)
 177 L   0.90681 0.09319 0.00000 0.00000 ( 1)
 178 C   0.92342 0.07658 0.00000 0.00000 ( 1)
 179 V   0.88663 0.11336 0.00000 0.00000 ( 1)
 180 L   0.92622 0.07378 0.00000 0.00000 ( 1)
 181 S   0.92173 0.07827 0.00000 0.00000 ( 1)
 182 I   0.94631 0.05369 0.00000 0.00000 ( 1)
 183 S   0.93460 0.06540 0.00000 0.00000 ( 1)
 184 L   0.90681 0.09319 0.00000 0.00000 ( 1)
 185 S   0.93460 0.06540 0.00000 0.00000 ( 1)
 186 N   0.88289 0.11711 0.00000 0.00000 ( 1)
 187 S   0.92724 0.07276 0.00000 0.00000 ( 1)
 188 S   0.24752 0.75248 0.00000 0.00000 ( 2)
 189 S   0.92724 0.07276 0.00000 0.00000 ( 1)
 190 T   0.93261 0.06739 0.00000 0.00000 ( 1)
 191 V   0.94166 0.05834 0.00000 0.00000 ( 1)
 192 D   0.92984 0.07016 0.00000 0.00000 ( 1)
 193 I   0.94631 0.05369 0.00000 0.00000 ( 1)
 194 V   0.94166 0.05834 0.00000 0.00000 ( 1)
 195 E   0.92219 0.07781 0.00000 0.00000 ( 1)
 196 A   0.88091 0.11909 0.00000 0.00000 ( 1)
 197 Q   0.87015 0.12985 0.00000 0.00000 ( 1)
 198 S   0.92173 0.07827 0.00000 0.00000 ( 1)
 199 K   0.92190 0.07810 0.00000 0.00000 ( 1)
 200 Y   0.92241 0.07759 0.00000 0.00000 ( 1)
 201 G   0.91937 0.08063 0.00000 0.00000 ( 1)
 202 F   0.95095 0.04905 0.00000 0.00000 ( 1)
 203 W   0.87758 0.12242 0.00000 0.00000 ( 1)
 204 G   0.88070 0.11930 0.00000 0.00000 ( 1)
 205 W   0.87758 0.12242 0.00000 0.00000 ( 1)
 206 N   0.92956 0.07044 0.00000 0.00000 ( 1)
 207 L   0.89945 0.10055 0.00000 0.00000 ( 1)
 208 W   0.87758 0.12242 0.00000 0.00000 ( 1)
 209 R   0.91064 0.08936 0.00000 0.00000 ( 1)
 210 Q   0.90012 0.09988 0.00000 0.00000 ( 1)
 211 P   0.92352 0.07648 0.00000 0.00000 ( 1)
 212 I   0.32399 0.67601 0.00000 0.00000 ( 2)
 213 G   0.87320 0.12680 0.00000 0.00000 ( 1)
 214 F   0.95095 0.04905 0.00000 0.00000 ( 1)
 215 I   0.20630 0.79370 0.00000 0.00000 ( 2)
 216 V   0.30870 0.69130 0.00000 0.00000 ( 2)
 217 F   0.95095 0.04905 0.00000 0.00000 ( 1)
 218 L   0.21323 0.78677 0.00000 0.00000 ( 2)
 219 I   0.94447 0.05553 0.00000 0.00000 ( 1)
 220 S   0.87695 0.12305 0.00000 0.00000 ( 1)
 221 S   0.87720 0.12280 0.00000 0.00000 ( 1)
 222 L   0.92622 0.07378 0.00000 0.00000 ( 1)
 223 A   0.87715 0.12285 0.00000 0.00000 ( 1)
 224 E   0.88238 0.11762 0.00000 0.00000 ( 1)
 225 C   0.92342 0.07658 0.00000 0.00000 ( 1)
 226 E   0.92219 0.07781 0.00000 0.00000 ( 1)
 227 R   0.91709 0.08291 0.00000 0.00000 ( 1)
 228 L   0.92622 0.07378 0.00000 0.00000 ( 1)
 229 P   0.91777 0.08223 0.00000 0.00000 ( 1)
 230 F   0.95095 0.04905 0.00000 0.00000 ( 1)
 231 D   0.92984 0.07016 0.00000 0.00000 ( 1)
 232 L   0.92622 0.07378 0.00000 0.00000 ( 1)
 233 P   0.92270 0.07730 0.00000 0.00000 ( 1)
 234 E   0.92219 0.07781 0.00000 0.00000 ( 1)
 235 A   0.93285 0.06715 0.00000 0.00000 ( 1)
 236 E   0.92219 0.07781 0.00000 0.00000 ( 1)
 237 E   0.92219 0.07781 0.00000 0.00000 ( 1)
 238 E   0.92219 0.07781 0.00000 0.00000 ( 1)
 239 L   0.89634 0.10366 0.00000 0.00000 ( 1)
 240 V   0.93996 0.06004 0.00000 0.00000 ( 1)
 241 A   0.93237 0.06763 0.00000 0.00000 ( 1)
 242 G   0.92120 0.07880 0.00000 0.00000 ( 1)
 243 Y   0.92241 0.07759 0.00000 0.00000 ( 1)
 244 Q   0.90012 0.09988 0.00000 0.00000 ( 1)
 245 T   0.87703 0.12297 0.00000 0.00000 ( 1)
 246 E   0.92219 0.07781 0.00000 0.00000 ( 1)
 247 Y   0.92241 0.07759 0.00000 0.00000 ( 1)
 248 S   0.92173 0.07827 0.00000 0.00000 ( 1)
 249 G   0.92120 0.07880 0.00000 0.00000 ( 1)
 250 I   0.93999 0.06001 0.00000 0.00000 ( 1)
 251 K   0.92190 0.07810 0.00000 0.00000 ( 1)
 252 F   0.95095 0.04905 0.00000 0.00000 ( 1)
 253 G   0.92120 0.07880 0.00000 0.00000 ( 1)
 254 L   0.92622 0.07378 0.00000 0.00000 ( 1)
 255 F   0.95095 0.04905 0.00000 0.00000 ( 1)
 256 Y   0.87159 0.12841 0.00000 0.00000 ( 1)
 257 V   0.94166 0.05834 0.00000 0.00000 ( 1)
 258 A   0.92538 0.07462 0.00000 0.00000 ( 1)
 259 S   0.87884 0.12116 0.00000 0.00000 ( 1)
 260 Y   0.92241 0.07759 0.00000 0.00000 ( 1)
 261 L   0.86768 0.13232 0.00000 0.00000 ( 1)
 262 N   0.92956 0.07044 0.00000 0.00000 ( 1)
 263 L   0.92622 0.07378 0.00000 0.00000 ( 1)
 264 L   0.90688 0.09312 0.00000 0.00000 ( 1)
 265 V   0.94166 0.05834 0.00000 0.00000 ( 1)
 266 S   0.93460 0.06540 0.00000 0.00000 ( 1)
 267 S   0.92173 0.07827 0.00000 0.00000 ( 1)
 268 L   0.92622 0.07378 0.00000 0.00000 ( 1)
 269 F   0.95095 0.04905 0.00000 0.00000 ( 1)
 270 V   0.93996 0.06004 0.00000 0.00000 ( 1)
 271 T   0.87971 0.12029 0.00000 0.00000 ( 1)
 272 V   0.94166 0.05834 0.00000 0.00000 ( 1)
 273 L   0.93934 0.06066 0.00000 0.00000 ( 1)
 274 Y   0.87159 0.12841 0.00000 0.00000 ( 1)
 275 L   0.90067 0.09933 0.00000 0.00000 ( 1)
 276 G   0.87327 0.12673 0.00000 0.00000 ( 1)
 277 G   0.92042 0.07958 0.00000 0.00000 ( 1)
 278 W   0.87758 0.12242 0.00000 0.00000 ( 1)
 279 N   0.92956 0.07044 0.00000 0.00000 ( 1)
 280 L   0.93934 0.06066 0.00000 0.00000 ( 1)
 281 S   0.93460 0.06540 0.00000 0.00000 ( 1)
 282 L   0.93934 0.06066 0.00000 0.00000 ( 1)
 283 P   0.88322 0.11678 0.00000 0.00000 ( 1)
 284 Y   0.00521 0.99479 0.00000 0.00000 ( 2)
 285 I   0.94631 0.05369 0.00000 0.00000 ( 1)
 286 A   0.00571 0.99429 0.00000 0.00000 ( 2)
 287 V   0.01066 0.98934 0.00000 0.00000 ( 2)
 288 P   0.92432 0.07568 0.00000 0.00000 ( 1)
 289 Y   0.00000 1.00000 0.00000 0.00000 ( 2)
 290 F   0.95095 0.04905 0.00000 0.00000 ( 1)
 291 F   0.95095 0.04905 0.00000 0.00000 ( 1)
 292 E   0.92219 0.07781 0.00000 0.00000 ( 1)
 293 I   0.94408 0.05592 0.00000 0.00000 ( 1)
 294 N   0.92956 0.07044 0.00000 0.00000 ( 1)
 295 K   0.92190 0.07810 0.00000 0.00000 ( 1)
 296 A   0.00581 0.99419 0.00000 0.00000 ( 2)
 297 G   0.92045 0.07955 0.00000 0.00000 ( 1)
 298 R   0.91709 0.08291 0.00000 0.00000 ( 1)
 299 V   0.88094 0.11906 0.00000 0.00000 ( 1)
 300 F   0.95095 0.04905 0.00000 0.00000 ( 1)
 301 G   0.91374 0.08626 0.00000 0.00000 ( 1)
 302 T   0.93261 0.06739 0.00000 0.00000 ( 1)
 303 I   0.94631 0.05369 0.00000 0.00000 ( 1)
 304 I   0.94447 0.05553 0.00000 0.00000 ( 1)
 305 G   0.23864 0.76136 0.00000 0.00000 ( 2)
 306 I   0.88632 0.11368 0.00000 0.00000 ( 1)
 307 F   0.95095 0.04905 0.00000 0.00000 ( 1)
 308 I   0.94447 0.05553 0.00000 0.00000 ( 1)
 309 T   0.93261 0.06739 0.00000 0.00000 ( 1)
 310 L   0.92452 0.07548 0.00000 0.00000 ( 1)
 311 A   0.93454 0.06546 0.00000 0.00000 ( 1)
 312 K   0.92190 0.07810 0.00000 0.00000 ( 1)
 313 T   0.93430 0.06570 0.00000 0.00000 ( 1)
 314 Y   0.24817 0.75183 0.00000 0.00000 ( 2)
 315 L   0.89432 0.10568 0.00000 0.00000 ( 1)
 316 F   0.20124 0.79876 0.00000 0.00000 ( 2)
 317 L   0.92622 0.07378 0.00000 0.00000 ( 1)
 318 F   0.90318 0.09682 0.00000 0.00000 ( 1)
 319 I   0.94447 0.05553 0.00000 0.00000 ( 1)
 320 A   0.26447 0.73553 0.00000 0.00000 ( 2)
 321 I   0.88632 0.11368 0.00000 0.00000 ( 1)
 322 T   0.93261 0.06739 0.00000 0.00000 ( 1)
 323 T   0.93261 0.06739 0.00000 0.00000 ( 1)
 324 R   0.91709 0.08291 0.00000 0.00000 ( 1)
 325 W   0.87758 0.12242 0.00000 0.00000 ( 1)
 326 T   0.93430 0.06570 0.00000 0.00000 ( 1)
 327 L   0.92622 0.07378 0.00000 0.00000 ( 1)
 328 P   0.92270 0.07730 0.00000 0.00000 ( 1)
 329 R   0.88143 0.11857 0.00000 0.00000 ( 1)
 330 L   0.90681 0.09319 0.00000 0.00000 ( 1)
 331 R   0.91709 0.08291 0.00000 0.00000 ( 1)
 332 M   0.93369 0.06631 0.00000 0.00000 ( 1)
 333 D   0.88311 0.11689 0.00000 0.00000 ( 1)
 334 Q   0.90012 0.09988 0.00000 0.00000 ( 1)
 335 L   0.88988 0.11012 0.00000 0.00000 ( 1)
 336 L   0.92622 0.07378 0.00000 0.00000 ( 1)
 337 N   0.92956 0.07044 0.00000 0.00000 ( 1)
 338 L   0.93934 0.06066 0.00000 0.00000 ( 1)
 339 G   0.87327 0.12673 0.00000 0.00000 ( 1)
 340 W   0.87758 0.12242 0.00000 0.00000 ( 1)
 341 K   0.92190 0.07810 0.00000 0.00000 ( 1)
 342 F   0.95095 0.04905 0.00000 0.00000 ( 1)
 343 L   0.93934 0.06066 0.00000 0.00000 ( 1)
 344 L   0.92622 0.07378 0.00000 0.00000 ( 1)
 345 P   0.91585 0.08415 0.00000 0.00000 ( 1)
 346 I   0.94542 0.05458 0.00000 0.00000 ( 1)
 347 S   0.93460 0.06540 0.00000 0.00000 ( 1)
 348 L   0.88348 0.11652 0.00000 0.00000 ( 1)
 349 G   0.87105 0.12895 0.00000 0.00000 ( 1)
 350 N   0.92956 0.07044 0.00000 0.00000 ( 1)
 351 L   0.90681 0.09319 0.00000 0.00000 ( 1)
 352 L   0.92622 0.07378 0.00000 0.00000 ( 1)
 353 L   0.92622 0.07378 0.00000 0.00000 ( 1)
 354 T   0.93261 0.06739 0.00000 0.00000 ( 1)
 355 T   0.93430 0.06570 0.00000 0.00000 ( 1)
 356 S   0.27716 0.72284 0.00000 0.00000 ( 2)
 357 S   0.16762 0.83238 0.00000 0.00000 ( 2)
 358 Q   0.90012 0.09988 0.00000 0.00000 ( 1)
 359 L   0.93846 0.06154 0.00000 0.00000 ( 1)
 360 L   0.93934 0.06066 0.00000 0.00000 ( 1)
 361 S   0.92173 0.07827 0.00000 0.00000 ( 1)
 362 L   0.86768 0.13232 0.00000 0.00000 ( 1)


lnL = -2196.257856

