

TREE # 1

  0  0.0000   2412.670083  x:  0.00000   0.01240   0.05225   0.01872   0.05843   0.05987   0.03023   0.03528   0.05823   0.01694   0.04719   0.02189   0.02055   0.01605   0.01891   0.05257   0.05747   0.02820   0.04834   0.03483   0.06292   0.03624   0.01530   0.03406   0.00594   0.06604   0.04999   0.04088   0.07871   0.04755   2.00000   1.09989   0.02896   0.27919  
  1 99.0000   2412.661040  x:  0.00000   0.01240   0.05225   0.01872   0.05843   0.05987   0.03023   0.03528   0.05823   0.01694   0.04719   0.02189   0.02055   0.01605   0.01891   0.05257   0.05747   0.02820   0.04834   0.03483   0.06292   0.03624   0.01530   0.03406   0.00594   0.06604   0.04999   0.04088   0.07871   0.04756   2.00000   1.09989   0.02896   0.27919  
  2 1329.4403   2384.997770  x:  0.00000   0.00714   0.04705   0.01645   0.05251   0.05395   0.02518   0.03016   0.05224   0.01089   0.04292   0.01585   0.01452   0.01467   0.01670   0.04660   0.05509   0.02691   0.04503   0.03238   0.05759   0.03332   0.01431   0.03352   0.00000   0.06203   0.04936   0.03916   0.07560   0.04641   2.00005   1.10007   0.02879   0.27767  
  3 8021.5918   2349.206947  x:  0.00000   0.00000   0.03971   0.01410   0.04398   0.04541   0.01843   0.02310   0.04359   0.00218   0.03718   0.00714   0.00583   0.01342   0.01444   0.03799   0.05204   0.02554   0.04073   0.02953   0.05010   0.02971   0.01340   0.03312   0.00000   0.05653   0.04856   0.03702   0.07130   0.04580   2.00014   1.10042   0.02843   0.27690  
  4 164411.9151   2341.033944  x:  0.00000   0.00000   0.03794   0.01358   0.04184   0.04327   0.01706   0.02154   0.04143   0.00000   0.03588   0.00496   0.00367   0.01295   0.01390   0.03584   0.05132   0.02511   0.03975   0.02889   0.04839   0.02892   0.01297   0.03299   0.00000   0.05526   0.04831   0.03647   0.07020   0.04563   2.00016   1.10050   0.02835   0.27668  
  5 222535.6728   2329.424001  x:  0.00000   0.00000   0.03524   0.01279   0.03823   0.03965   0.01624   0.01996   0.03778   0.00000   0.03414   0.00130   0.00000   0.01318   0.01319   0.03221   0.05008   0.02455   0.03824   0.02769   0.04496   0.02766   0.01394   0.03371   0.00000   0.05326   0.04801   0.03539   0.06915   0.04518   2.00020   1.10047   0.02839   0.27482  
  6 9808.8724   2325.821593  x:  0.00000   0.00000   0.03436   0.01271   0.03695   0.03837   0.01586   0.01947   0.03649   0.00000   0.03356   0.00000   0.00000   0.01325   0.01314   0.03093   0.04972   0.02460   0.03776   0.02740   0.04346   0.02729   0.01382   0.03338   0.00000   0.05262   0.04798   0.03517   0.06905   0.04531   2.00021   1.10044   0.02842   0.27395  
  7 10411.8289   2254.884400  x:  0.00000   0.00000   0.01483   0.01191   0.00598   0.00742   0.00210   0.00754   0.00535   0.00000   0.02199   0.00000   0.00000   0.00642   0.01136   0.00000   0.04541   0.02417   0.03026   0.02765   0.00413   0.02332   0.00774   0.03927   0.00000   0.03996   0.04785   0.03550   0.06841   0.04111   2.00044   1.10031   0.02866   0.25594  
  8 9975.1827   2246.814333  x:  0.00000   0.00000   0.01168   0.01031   0.00062   0.00209   0.00457   0.00388   0.00000   0.00000   0.01928   0.00000   0.00000   0.00645   0.00975   0.00000   0.04524   0.02363   0.02895   0.02812   0.00113   0.02244   0.00670   0.03931   0.00000   0.03759   0.04814   0.03683   0.06780   0.04084   2.00046   1.10065   0.02834   0.25472  
  9 1645.8362   2245.947571  x:  0.00000   0.00021   0.01132   0.01013   0.00000   0.00148   0.00482   0.00349   0.00000   0.00000   0.01898   0.00000   0.00000   0.00646   0.00957   0.00000   0.04522   0.02357   0.02881   0.02817   0.00085   0.02234   0.00659   0.03932   0.00000   0.03732   0.04817   0.03698   0.06773   0.04082   2.00046   1.10069   0.02830   0.25457  
 10 22747.7322   2244.862680  x:  0.00000   0.00033   0.01062   0.00980   0.00000   0.00000   0.00486   0.00384   0.00000   0.00000   0.01844   0.00000   0.00000   0.00651   0.00925   0.00000   0.04516   0.02325   0.02853   0.02823   0.00057   0.02215   0.00654   0.03918   0.00000   0.03676   0.04814   0.03720   0.06744   0.04082   2.00047   1.10080   0.02819   0.25450  
 11 1253.3425   2242.222384  x:  0.00000   0.00000   0.00738   0.01087   0.00000   0.00000   0.00428   0.00302   0.00000   0.00000   0.01766   0.00000   0.00000   0.00530   0.01058   0.00000   0.04394   0.01964   0.02721   0.02734   0.00130   0.02137   0.00784   0.03794   0.00000   0.03298   0.04650   0.03632   0.06505   0.04101   2.00058   1.10168   0.02734   0.25340  
 12 381.6797   2242.222384  x:  0.00000   0.00000   0.00738   0.01087   0.00000   0.00000   0.00428   0.00302   0.00000   0.00000   0.01766   0.00000   0.00000   0.00530   0.01058   0.00000   0.04394   0.01964   0.02721   0.02734   0.00130   0.02137   0.00784   0.03794   0.00000   0.03298   0.04650   0.03632   0.06505   0.04101   2.00058   1.10168   0.02734   0.25340  
 13 475.5873   2240.048531  x:  0.00000   0.00960   0.00615   0.00987   0.00000   0.00000   0.00357   0.00300   0.00000   0.00000   0.01656   0.00000   0.00000   0.00559   0.00961   0.00000   0.04310   0.01912   0.02622   0.02637   0.00361   0.02041   0.00760   0.03868   0.00000   0.03185   0.04612   0.03529   0.06395   0.04398   2.00060   1.10174   0.02728   0.25284  
 14 1628.2101   2232.452992  x:  0.00000   0.01043   0.00279   0.00730   0.00000   0.00000   0.00226   0.00298   0.00000   0.00000   0.01357   0.00000   0.00000   0.00614   0.00712   0.00000   0.04074   0.01774   0.02347   0.02362   0.00000   0.01776   0.00698   0.04069   0.00000   0.02865   0.04507   0.03236   0.06100   0.05151   2.00068   1.10190   0.02712   0.25124  
 15 806.7791   2226.272762  x:  0.00000   0.01135   0.00953   0.00541   0.00000   0.00000   0.01409   0.00300   0.00000   0.00000   0.00699   0.00000   0.00000   0.00466   0.00563   0.00000   0.03355   0.01481   0.01596   0.01618   0.00000   0.01129   0.00666   0.04554   0.00000   0.01899   0.04202   0.02330   0.05149   0.06720   2.00096   1.10249   0.02654   0.24586  
 16 977.7680   2224.382843  x:  0.00000   0.00997   0.01060   0.01034   0.00000   0.00000   0.01317   0.00284   0.00000   0.00000   0.01178   0.00000   0.00000   0.00690   0.01003   0.00000   0.02929   0.01522   0.01423   0.01434   0.00000   0.01211   0.00700   0.04729   0.00000   0.01450   0.04032   0.01824   0.04426   0.07184   2.00122   1.10305   0.02599   0.24101  
 17 337.5330   2223.177645  x:  0.00000   0.00768   0.01223   0.01016   0.00000   0.00000   0.01115   0.00356   0.00000   0.00000   0.01214   0.00000   0.00000   0.00317   0.00994   0.00000   0.02668   0.01629   0.01554   0.01558   0.00000   0.01398   0.00682   0.04788   0.00000   0.01436   0.03926   0.01637   0.03753   0.07245   2.00154   1.10377   0.02528   0.23505  
 18 224.5276   2221.888439  x:  0.00000   0.00399   0.01548   0.00848   0.00000   0.00000   0.00928   0.00279   0.00000   0.00000   0.01087   0.00000   0.00000   0.00562   0.00858   0.00000   0.02405   0.01743   0.01748   0.01748   0.00000   0.01568   0.00667   0.04829   0.00000   0.01546   0.03807   0.01549   0.02867   0.07193   2.00205   1.10491   0.02416   0.22561  
 19 506.8074   2221.184255  x:  0.00000   0.00160   0.01619   0.00891   0.00000   0.00000   0.00829   0.00375   0.00000   0.00000   0.01092   0.00000   0.00000   0.00540   0.00886   0.00000   0.02506   0.01652   0.01627   0.01637   0.00000   0.01385   0.00726   0.04822   0.00000   0.01548   0.03794   0.01763   0.02756   0.07118   2.00251   1.10596   0.02312   0.21701  
 20 174.5106   2220.389872  x:  0.00000   0.00000   0.01667   0.00919   0.00000   0.00000   0.00761   0.00425   0.00000   0.00000   0.01096   0.00000   0.00000   0.00522   0.00906   0.00000   0.02575   0.01589   0.01544   0.01562   0.00142   0.01262   0.00763   0.04818   0.00000   0.01549   0.03784   0.01906   0.02682   0.07065   2.00284   1.10672   0.02237   0.21083  
 21 3113.4865   2220.389872  x:  0.00000   0.00000   0.01667   0.00919   0.00000   0.00000   0.00761   0.00425   0.00000   0.00000   0.01096   0.00000   0.00000   0.00522   0.00906   0.00000   0.02575   0.01589   0.01544   0.01562   0.00142   0.01262   0.00763   0.04818   0.00000   0.01549   0.03784   0.01906   0.02682   0.07065   2.00284   1.10672   0.02237   0.21083  
 22 869.3212   2218.273498  x:  0.00000   0.00153   0.01125   0.00685   0.00000   0.00000   0.00341   0.00221   0.00000   0.00000   0.00970   0.00000   0.00000   0.00615   0.00675   0.00000   0.02607   0.01548   0.01522   0.01535   0.00847   0.01229   0.00659   0.04852   0.00000   0.01546   0.03798   0.01869   0.02772   0.07318   2.00292   1.10691   0.02218   0.20927  
 23 565.8878   2216.955810  x:  0.00000   0.00000   0.00830   0.00598   0.00000   0.00000   0.00206   0.00252   0.00000   0.00000   0.00921   0.00000   0.00000   0.00629   0.00592   0.00000   0.02622   0.01530   0.01512   0.01518   0.00863   0.01214   0.00625   0.04871   0.00000   0.01544   0.03806   0.01849   0.02818   0.07455   2.00296   1.10702   0.02207   0.20835  
 24 607.1863   2215.874042  x:  0.00000   0.00000   0.00283   0.00512   0.00000   0.00000   0.00345   0.00210   0.00000   0.00000   0.00854   0.00000   0.00000   0.00638   0.00511   0.00000   0.02648   0.01500   0.01495   0.01493   0.00874   0.01192   0.00591   0.04906   0.00000   0.01538   0.03819   0.01816   0.02893   0.07725   2.00306   1.10726   0.02184   0.20644  
 25 755.3357   2214.783111  x:  0.00000   0.00000   0.00135   0.00767   0.00000   0.00000   0.00369   0.00461   0.00000   0.00000   0.00877   0.00000   0.00000   0.00581   0.00761   0.00000   0.02694   0.01463   0.01474   0.01478   0.00599   0.01177   0.00669   0.04990   0.00000   0.01522   0.03849   0.01772   0.03022   0.08406   2.00334   1.10795   0.02116   0.20081  
 26 183.1957   2213.581773  x:  0.00000   0.00000   0.00222   0.00758   0.00000   0.00000   0.00397   0.00419   0.00000   0.00000   0.00853   0.00000   0.00000   0.00562   0.00753   0.00000   0.02741   0.01430   0.01457   0.01456   0.00191   0.01161   0.00669   0.05073   0.00000   0.01512   0.03880   0.01729   0.03154   0.09075   2.00363   1.10866   0.02046   0.19506  
 27 721.7287   2211.685350  x:  0.00000   0.00000   0.00412   0.00645   0.00000   0.00000   0.00468   0.00503   0.00000   0.00000   0.01388   0.00000   0.00000   0.00449   0.00644   0.00000   0.02789   0.01642   0.01587   0.01576   0.00533   0.01365   0.00824   0.05366   0.00000   0.01561   0.03984   0.01818   0.03353   0.11824   2.00530   1.11284   0.01633   0.16120  
 28 210.6414   2210.629119  x:  0.00000   0.00000   0.00378   0.00860   0.00000   0.00000   0.00342   0.00205   0.00000   0.00000   0.01372   0.00000   0.00000   0.00750   0.00848   0.00000   0.02778   0.01691   0.01621   0.01630   0.00568   0.01373   0.00778   0.05445   0.00000   0.01594   0.04016   0.01891   0.03304   0.12798   2.00615   1.11500   0.01420   0.14361  
 29 628.0784   2208.647768  x:  0.00000   0.00000   0.00526   0.00953   0.00000   0.00000   0.00445   0.00381   0.00000   0.00000   0.00680   0.00000   0.00000   0.00905   0.00920   0.00000   0.02713   0.01624   0.01594   0.01668   0.00750   0.01186   0.00417   0.05446   0.00000   0.01657   0.04044   0.02033   0.02936   0.13778   2.00791   1.11960   0.00967   0.10583  
 30 530.7235   2205.818288  x:  0.00000   0.00000   0.00535   0.00995   0.00000   0.00000   0.00385   0.00260   0.00000   0.00000   0.00304   0.00000   0.00000   0.00655   0.00942   0.00000   0.02638   0.01477   0.01526   0.01660   0.00802   0.01002   0.00845   0.05357   0.00000   0.01687   0.04073   0.02168   0.02380   0.14483   2.01055   1.12665   0.00272   0.04777  
 31 1220.6945   2203.386383  x:  0.00000   0.00000   0.00526   0.00998   0.00000   0.00000   0.00374   0.00247   0.00000   0.00000   0.00504   0.00000   0.00000   0.00636   0.00931   0.00000   0.02582   0.01356   0.01467   0.01644   0.00795   0.00874   0.00777   0.05260   0.00000   0.01718   0.04088   0.02267   0.01966   0.14854   2.01272   1.13246  -0.00301   0.00000  
 32 3780.3392   2203.063033  x:  0.00000   0.00000   0.00532   0.01006   0.00000   0.00000   0.00389   0.00271   0.00000   0.00000   0.00556   0.00000   0.00000   0.00712   0.00950   0.00000   0.02563   0.01460   0.01503   0.01638   0.00792   0.01272   0.00695   0.05140   0.00000   0.01696   0.04086   0.02317   0.02030   0.15119   2.01573   1.14042  -0.01086   0.00000  
 33 111.6306   2202.697562  x:  0.00000   0.00000   0.00560   0.01053   0.00000   0.00000   0.00401   0.00258   0.00000   0.00000   0.00624   0.00000   0.00000   0.00714   0.01012   0.00000   0.02621   0.01632   0.01599   0.01674   0.00834   0.01119   0.00588   0.05100   0.00000   0.01658   0.04080   0.02270   0.02545   0.15361   2.01927   1.14968  -0.01997   0.00000  
 34 188.7926   2202.665727  x:  0.00000   0.00000   0.00574   0.01047   0.00000   0.00000   0.00418   0.00288   0.00000   0.00000   0.00632   0.00000   0.00000   0.00797   0.00997   0.00000   0.02655   0.01590   0.01584   0.01682   0.00846   0.01109   0.00629   0.05177   0.00000   0.01668   0.04082   0.02199   0.02581   0.15371   2.01970   1.15067  -0.02095   0.00000  
 35 49.7154   2202.637406  x:  0.00000   0.00000   0.00577   0.01068   0.00000   0.00000   0.00412   0.00272   0.00000   0.00000   0.00632   0.00000   0.00000   0.00765   0.01008   0.00000   0.02702   0.01532   0.01561   0.01691   0.00857   0.01136   0.00596   0.05331   0.00000   0.01686   0.04086   0.02088   0.02594   0.15375   2.02023   1.15181  -0.02206   0.00000  
 36 44.7478   2202.622301  x:  0.00000   0.00000   0.00575   0.01061   0.00000   0.00000   0.00413   0.00275   0.00000   0.00000   0.00630   0.00000   0.00000   0.00770   0.01011   0.00000   0.02691   0.01611   0.01588   0.01676   0.00852   0.01130   0.00595   0.05485   0.00000   0.01668   0.04091   0.02088   0.02562   0.15354   2.02084   1.15291  -0.02313   0.00000  
 37 18.5828   2202.602958  x:  0.00000   0.00000   0.00573   0.01059   0.00000   0.00000   0.00413   0.00275   0.00000   0.00000   0.00628   0.00000   0.00000   0.00765   0.01009   0.00000   0.02644   0.01557   0.01579   0.01690   0.00849   0.01139   0.00597   0.05607   0.00000   0.01666   0.04099   0.02214   0.02598   0.15327   2.02223   1.15524  -0.02538   0.00000  
 38 16.6662   2202.174726  x:  0.00000   0.00000   0.00553   0.01104   0.00000   0.00000   0.00402   0.00266   0.00000   0.00000   0.00509   0.00000   0.00000   0.00715   0.00918   0.00000   0.02879   0.01689   0.01411   0.01727   0.00823   0.01151   0.00655   0.05449   0.00000   0.01910   0.04143   0.02266   0.02610   0.15010   2.05951   1.21576  -0.08372   0.00000  
 39 32.3418   2201.863802  x:  0.00000   0.00000   0.00549   0.00997   0.00000   0.00000   0.00394   0.00259   0.00000   0.00000   0.00423   0.00000   0.00000   0.00689   0.01005   0.00000   0.02750   0.01531   0.01654   0.01628   0.00821   0.01161   0.00683   0.05281   0.00000   0.01621   0.04079   0.02085   0.02611   0.14813   2.08747   1.26082  -0.12715   0.00200  
 40 622.8452   2201.752384  x:  0.00000   0.00000   0.00548   0.01029   0.00000   0.00000   0.00391   0.00254   0.00000   0.00000   0.00393   0.00000   0.00000   0.00675   0.00962   0.00000   0.02532   0.01567   0.01470   0.01612   0.00821   0.01159   0.00698   0.05223   0.00000   0.01532   0.03967   0.01971   0.02643   0.14741   2.09905   1.27897  -0.14462   0.00612  
 41 245.0796   2201.666434  x:  0.00000   0.00000   0.00539   0.01013   0.00000   0.00000   0.00388   0.00253   0.00000   0.00000   0.00360   0.00000   0.00000   0.00660   0.00962   0.00000   0.02541   0.01565   0.01574   0.01632   0.00809   0.01164   0.00718   0.05179   0.00000   0.01696   0.03872   0.01959   0.02641   0.14652   2.10995   1.29544  -0.16044   0.01261  
 42 170.5102   2201.641735  x:  0.00000   0.00000   0.00539   0.01003   0.00000   0.00000   0.00387   0.00252   0.00000   0.00000   0.00350   0.00000   0.00000   0.00657   0.00970   0.00000   0.02668   0.01566   0.01549   0.01627   0.00809   0.01166   0.00718   0.05166   0.00000   0.01618   0.03917   0.01999   0.02632   0.14625   2.11343   1.30038  -0.16516   0.01496  
 43 89.3529   2201.637992  x:  0.00000   0.00000   0.00539   0.01015   0.00000   0.00000   0.00387   0.00252   0.00000   0.00000   0.00348   0.00000   0.00000   0.00657   0.00959   0.00000   0.02652   0.01565   0.01556   0.01623   0.00810   0.01166   0.00718   0.05160   0.00000   0.01622   0.04005   0.01991   0.02634   0.14619   2.11426   1.30091  -0.16563   0.01527  
 44  8.3681   2201.633698  x:  0.00000   0.00000   0.00539   0.00975   0.00000   0.00000   0.00387   0.00252   0.00000   0.00000   0.00348   0.00000   0.00000   0.00657   0.00998   0.00000   0.02643   0.01570   0.01540   0.01639   0.00809   0.01166   0.00719   0.05159   0.00000   0.01632   0.04033   0.01986   0.02635   0.14614   2.11565   1.30096  -0.16557   0.01532  
 45  4.8216   2200.189944  x:  0.00000   0.00000   0.00424   0.00922   0.00000   0.00000   0.00362   0.00257   0.00000   0.00000   0.00457   0.00000   0.00000   0.00583   0.00714   0.00000   0.02655   0.01596   0.01684   0.02340   0.00639   0.01204   0.00768   0.05191   0.00000   0.01413   0.03991   0.01883   0.02686   0.13314   2.65001   1.28195  -0.09968   0.01148  
 46 24.0040   2199.445259  x:  0.00000   0.00000   0.00413   0.00785   0.00000   0.00000   0.00358   0.00254   0.00000   0.00000   0.00512   0.00000   0.00000   0.00559   0.00784   0.00000   0.02698   0.01549   0.01570   0.01520   0.00625   0.01212   0.00797   0.05218   0.00000   0.01566   0.03961   0.01909   0.02825   0.12790   2.88515   1.27373  -0.07080   0.00988  
 47 2225.5666   2197.313341  x:  0.00000   0.00000   0.00228   0.00451   0.00000   0.00000   0.00315   0.00265   0.00000   0.00000   0.00570   0.00000   0.00000   0.00493   0.00485   0.00000   0.02684   0.01538   0.01560   0.01549   0.00341   0.01256   0.00839   0.05115   0.00000   0.01489   0.03890   0.01740   0.03043   0.10258   2.52984   1.41848  -0.07282   0.01711  
 48  0.8138   2197.310913  x:  0.00053   0.00000   0.00227   0.00450   0.00000   0.00000   0.00314   0.00265   0.00000   0.00000   0.00570   0.00000   0.00000   0.00492   0.00484   0.00000   0.02684   0.01538   0.01560   0.01549   0.00340   0.01257   0.00839   0.05115   0.00000   0.01489   0.03889   0.01740   0.03043   0.10250   2.52869   1.41895  -0.07283   0.01713  
 49 23.2164   2196.850735  x:  0.00128   0.00000   0.00293   0.00672   0.00000   0.00000   0.00272   0.00313   0.00000   0.00000   0.00625   0.00000   0.00000   0.00542   0.00584   0.00000   0.02705   0.01514   0.01521   0.01517   0.00329   0.01250   0.00752   0.05048   0.00000   0.01492   0.03885   0.01663   0.03155   0.09615   2.31335   1.52442  -0.03205   0.02077  
 50  0.3959   2196.660091  x:  0.00152   0.00000   0.00300   0.00585   0.00000   0.00000   0.00300   0.00314   0.00000   0.00000   0.00675   0.00000   0.00000   0.00665   0.00611   0.00000   0.02699   0.01487   0.01486   0.01466   0.00294   0.01218   0.00604   0.05009   0.00000   0.01519   0.03877   0.01630   0.03177   0.10074   2.25147   1.64442   0.04698   0.02250  
 51  0.2027   2196.510507  x:  0.00224   0.00000   0.00298   0.00614   0.00000   0.00000   0.00278   0.00279   0.00000   0.00000   0.00785   0.00000   0.00000   0.00547   0.00588   0.00000   0.02694   0.01478   0.01458   0.01451   0.00254   0.01198   0.00585   0.05120   0.00000   0.01559   0.03876   0.01556   0.03206   0.10318   2.32261   1.90912   0.25376   0.02494  
 52  0.1879   2196.423658  x:  0.00310   0.00000   0.00319   0.00562   0.00000   0.00000   0.00288   0.00284   0.00000   0.00000   0.00874   0.00000   0.00000   0.00578   0.00611   0.00000   0.02696   0.01467   0.01483   0.01509   0.00314   0.01181   0.00639   0.05133   0.00000   0.01520   0.03887   0.01464   0.03172   0.10151   2.33800   2.19533   0.48163   0.02852  
 53  0.2654   2196.398539  x:  0.00333   0.00000   0.00307   0.00594   0.00000   0.00000   0.00295   0.00290   0.00000   0.00000   0.00907   0.00000   0.00000   0.00602   0.00553   0.00000   0.02688   0.01480   0.01485   0.01492   0.00302   0.01183   0.00633   0.05090   0.00000   0.01520   0.03882   0.01440   0.03111   0.10063   2.32097   2.34673   0.61342   0.02943  
 54  0.2447   2196.382042  x:  0.00350   0.00000   0.00294   0.00588   0.00000   0.00000   0.00290   0.00295   0.00000   0.00000   0.00933   0.00000   0.00000   0.00586   0.00596   0.00000   0.02678   0.01490   0.01485   0.01486   0.00286   0.01193   0.00624   0.05055   0.00000   0.01520   0.03879   0.01428   0.03036   0.10022   2.30111   2.51384   0.77477   0.02946  
 55  0.2273   2196.364395  x:  0.00347   0.00000   0.00292   0.00611   0.00000   0.00000   0.00294   0.00295   0.00000   0.00000   0.00941   0.00000   0.00000   0.00581   0.00598   0.00000   0.02680   0.01465   0.01464   0.01466   0.00310   0.01192   0.00619   0.05080   0.00000   0.01535   0.03877   0.01441   0.02975   0.10192   2.31910   2.77014   1.05329   0.02808  
 56  0.1792   2196.317857  x:  0.00296   0.00000   0.00284   0.00578   0.00000   0.00000   0.00298   0.00291   0.00000   0.00000   0.00917   0.00000   0.00000   0.00605   0.00582   0.00000   0.02687   0.01443   0.01468   0.01527   0.00285   0.01175   0.00657   0.05145   0.00000   0.01538   0.03876   0.01476   0.03015   0.10097   2.32457   3.59136   1.91755   0.02693  
 57  0.2863   2196.284250  x:  0.00312   0.00000   0.00303   0.00584   0.00000   0.00000   0.00295   0.00296   0.00000   0.00000   0.00898   0.00000   0.00000   0.00577   0.00584   0.00000   0.02685   0.01487   0.01485   0.01451   0.00304   0.01178   0.00624   0.05061   0.00000   0.01509   0.03879   0.01466   0.03092   0.10058   2.30447   4.34216   2.65768   0.02734  
 58  0.5687   2196.270542  x:  0.00322   0.00000   0.00301   0.00600   0.00000   0.00000   0.00290   0.00293   0.00000   0.00000   0.00890   0.00000   0.00000   0.00589   0.00590   0.00000   0.02681   0.01495   0.01483   0.01511   0.00297   0.01197   0.00614   0.05066   0.00000   0.01533   0.03881   0.01464   0.03088   0.10114   2.31262   5.00851   3.31194   0.02722  
 59  0.5837   2196.263791  x:  0.00320   0.00000   0.00297   0.00593   0.00000   0.00000   0.00293   0.00290   0.00000   0.00000   0.00882   0.00000   0.00000   0.00593   0.00590   0.00000   0.02685   0.01473   0.01478   0.01473   0.00291   0.01203   0.00635   0.05098   0.00000   0.01526   0.03879   0.01458   0.03078   0.10100   2.31675   5.78041   4.07363   0.02760  
 60  0.6505   2196.260819  x:  0.00319   0.00000   0.00298   0.00590   0.00000   0.00000   0.00296   0.00294   0.00000   0.00000   0.00874   0.00000   0.00000   0.00581   0.00586   0.00000   0.02690   0.01475   0.01479   0.01491   0.00298   0.01190   0.00627   0.05080   0.00000   0.01522   0.03883   0.01458   0.03069   0.10104   2.30598   6.48541   4.77604   0.02805  
 61  0.5414   2196.259677  x:  0.00322   0.00000   0.00297   0.00591   0.00000   0.00000   0.00292   0.00294   0.00000   0.00000   0.00873   0.00000   0.00000   0.00590   0.00589   0.00000   0.02685   0.01482   0.01480   0.01483   0.00297   0.01187   0.00624   0.05074   0.00000   0.01526   0.03880   0.01458   0.03063   0.10086   2.31810   6.99866   5.29147   0.02791  
 62  0.4627   2196.258746  x:  0.00328   0.00000   0.00297   0.00594   0.00000   0.00000   0.00291   0.00290   0.00000   0.00000   0.00879   0.00000   0.00000   0.00588   0.00588   0.00000   0.02684   0.01480   0.01481   0.01483   0.00295   0.01192   0.00632   0.05085   0.00000   0.01527   0.03880   0.01454   0.03066   0.10110   2.31040   7.73212   6.02624   0.02784  
 63  0.5117   2196.258240  x:  0.00328   0.00000   0.00299   0.00591   0.00000   0.00000   0.00295   0.00293   0.00000   0.00000   0.00882   0.00000   0.00000   0.00586   0.00588   0.00000   0.02685   0.01475   0.01478   0.01486   0.00295   0.01192   0.00625   0.05084   0.00000   0.01525   0.03880   0.01450   0.03071   0.10092   2.31261   8.50797   6.80393   0.02770  
 64  0.5993   2196.258045  x:  0.00331   0.00000   0.00298   0.00592   0.00000   0.00000   0.00292   0.00293   0.00000   0.00000   0.00882   0.00000   0.00000   0.00588   0.00588   0.00000   0.02686   0.01482   0.01481   0.01485   0.00296   0.01192   0.00628   0.05078   0.00000   0.01525   0.03881   0.01448   0.03072   0.10102   2.31286   9.21828   7.51531   0.02770  
 65  0.4832   2196.257937  x:  0.00335   0.00000   0.00298   0.00592   0.00000   0.00000   0.00294   0.00293   0.00000   0.00000   0.00882   0.00000   0.00000   0.00587   0.00588   0.00000   0.02685   0.01477   0.01479   0.01485   0.00296   0.01193   0.00627   0.05085   0.00000   0.01526   0.03880   0.01445   0.03072   0.10097   2.31222  10.10599   8.40177   0.02771  
 66  0.4536   2196.257891  x:  0.00337   0.00000   0.00298   0.00592   0.00000   0.00000   0.00293   0.00293   0.00000   0.00000   0.00880   0.00000   0.00000   0.00588   0.00588   0.00000   0.02686   0.01480   0.01480   0.01485   0.00296   0.01192   0.00628   0.05079   0.00000   0.01525   0.03881   0.01442   0.03072   0.10100   2.31284  10.91288   9.20857   0.02775  
 67  0.4868   2196.257870  x:  0.00341   0.00000   0.00298   0.00592   0.00000   0.00000   0.00293   0.00293   0.00000   0.00000   0.00880   0.00000   0.00000   0.00588   0.00588   0.00000   0.02685   0.01478   0.01480   0.01485   0.00296   0.01192   0.00627   0.05083   0.00000   0.01526   0.03880   0.01439   0.03071   0.10097   2.31233  11.83272  10.12826   0.02774  
 68  0.4895   2196.257863  x:  0.00343   0.00000   0.00298   0.00592   0.00000   0.00000   0.00293   0.00293   0.00000   0.00000   0.00881   0.00000   0.00000   0.00587   0.00588   0.00000   0.02686   0.01479   0.01479   0.01485   0.00296   0.01192   0.00627   0.05081   0.00000   0.01525   0.03881   0.01436   0.03071   0.10099   2.31269  12.51140  10.80714   0.02774  
 69  0.4556   2196.257859  x:  0.00348   0.00000   0.00298   0.00592   0.00000   0.00000   0.00293   0.00293   0.00000   0.00000   0.00881   0.00000   0.00000   0.00588   0.00588   0.00000   0.02686   0.01479   0.01480   0.01485   0.00296   0.01192   0.00627   0.05082   0.00000   0.01525   0.03881   0.01432   0.03071   0.10098   2.31245  13.80535  12.10119   0.02773  
 70  0.5287   2196.257857  x:  0.00349   0.00000   0.00298   0.00592   0.00000   0.00000   0.00293   0.00293   0.00000   0.00000   0.00881   0.00000   0.00000   0.00587   0.00588   0.00000   0.02686   0.01479   0.01480   0.01485   0.00296   0.01192   0.00627   0.05081   0.00000   0.01525   0.03880   0.01430   0.03071   0.10099   2.31258  14.28856  12.58433   0.02774  
 71  0.4427   2196.257857  x:  0.00356   0.00000   0.00298   0.00592   0.00000   0.00000   0.00293   0.00293   0.00000   0.00000   0.00881   0.00000   0.00000   0.00587   0.00588   0.00000   0.02686   0.01479   0.01480   0.01485   0.00296   0.01192   0.00627   0.05081   0.00000   0.01525   0.03881   0.01423   0.03071   0.10099   2.31261  16.21363  14.50932   0.02774  
 72  0.5499   2196.257856  x:  0.00359   0.00000   0.00298   0.00592   0.00000   0.00000   0.00293   0.00293   0.00000   0.00000   0.00881   0.00000   0.00000   0.00587   0.00588   0.00000   0.02686   0.01479   0.01480   0.01485   0.00296   0.01192   0.00627   0.05082   0.00000   0.01525   0.03881   0.01421   0.03071   0.10098   2.31255  16.83407  15.12980   0.02774  
 73  0.5605   2196.257856  x:  0.00362   0.00000   0.00298   0.00592   0.00000   0.00000   0.00293   0.00293   0.00000   0.00000   0.00881   0.00000   0.00000   0.00587   0.00588   0.00000   0.02686   0.01479   0.01480   0.01485   0.00296   0.01192   0.00627   0.05082   0.00000   0.01525   0.03881   0.01417   0.03071   0.10099   2.31257  17.93205  16.22782   0.02774  
 74  0.6172   2196.257856  x:  0.00366   0.00000   0.00298   0.00592   0.00000   0.00000   0.00293   0.00293   0.00000   0.00000   0.00881   0.00000   0.00000   0.00587   0.00588   0.00000   0.02686   0.01479   0.01480   0.01485   0.00296   0.01192   0.00627   0.05081   0.00000   0.01525   0.03881   0.01413   0.03071   0.10099   2.31257  19.03004  17.32582   0.02774  
 75  2.2930   2196.257856  x:  0.00365   0.00000   0.00298   0.00592   0.00000   0.00000   0.00293   0.00293   0.00000   0.00000   0.00881   0.00000   0.00000   0.00587   0.00588   0.00000   0.02686   0.01479   0.01480   0.01485   0.00296   0.01192   0.00627   0.05081   0.00000   0.01525   0.03881   0.01414   0.03071   0.10099   2.31257  18.68383  16.97960   0.02774  
 76  1.5523   2196.257856  x:  0.00360   0.00000   0.00298   0.00592   0.00000   0.00000   0.00293   0.00293   0.00000   0.00000   0.00881   0.00000   0.00000   0.00587   0.00588   0.00000   0.02686   0.01479   0.01480   0.01485   0.00296   0.01192   0.00627   0.05081   0.00000   0.01525   0.03881   0.01419   0.03071   0.10099   2.31257  17.29900  15.59476   0.02774  
 77 26.2819   2196.257856  x:  0.00360   0.00000   0.00298   0.00592   0.00000   0.00000   0.00293   0.00293   0.00000   0.00000   0.00881   0.00000   0.00000   0.00587   0.00588   0.00000   0.02686   0.01479   0.01480   0.01485   0.00296   0.01192   0.00627   0.05081   0.00000   0.01525   0.03881   0.01419   0.03071   0.10099   2.31257  17.29765  15.59341   0.02774  
 78 24.9627   2196.257856  x:  0.00360   0.00000   0.00298   0.00592   0.00000   0.00000   0.00293   0.00293   0.00000   0.00000   0.00881   0.00000   0.00000   0.00587   0.00588   0.00000   0.02686   0.01479   0.01480   0.01485   0.00296   0.01192   0.00627   0.05081   0.00000   0.01525   0.03881   0.01420   0.03071   0.10099   2.31252  17.17427  15.47003   0.02774  
 79  6.1993   2196.257856  x:  0.00360   0.00000   0.00298   0.00592   0.00000   0.00000   0.00293   0.00293   0.00000   0.00000   0.00881   0.00000   0.00000   0.00587   0.00588   0.00000   0.02686   0.01479   0.01480   0.01485   0.00296   0.01192   0.00627   0.05081   0.00000   0.01525   0.03881   0.01420   0.03071   0.10099   2.31252  17.17408  15.46984   0.02774  
 80 23.9540   2196.257856  x:  0.00360   0.00000   0.00298   0.00592   0.00000   0.00000   0.00293   0.00293   0.00000   0.00000   0.00881   0.00000   0.00000   0.00587   0.00588   0.00000   0.02686   0.01479   0.01480   0.01485   0.00296   0.01192   0.00627   0.05081   0.00000   0.01525   0.03881   0.01420   0.03071   0.10099   2.31249  17.15800  15.45376   0.02774  
 81  0.9577   2196.257856  x:  0.00360   0.00000   0.00298   0.00592   0.00000   0.00000   0.00293   0.00293   0.00000   0.00000   0.00881   0.00000   0.00000   0.00587   0.00588   0.00000   0.02686   0.01479   0.01480   0.01485   0.00296   0.01192   0.00627   0.05081   0.00000   0.01525   0.03881   0.01420   0.03071   0.10099   2.31249  17.15800  15.45376   0.02774  
 82  0.0009   2196.257856  x:  0.00360   0.00000   0.00298   0.00592   0.00000   0.00000   0.00293   0.00293   0.00000   0.00000   0.00881   0.00000   0.00000   0.00587   0.00588   0.00000   0.02686   0.01479   0.01480   0.01485   0.00296   0.01192   0.00627   0.05081   0.00000   0.01525   0.03881   0.01420   0.03071   0.10099   2.31249  17.15800  15.45376   0.02774  
check convergence!
