

TREE # 1

  0  0.0000    155.928879  x:  0.00000   0.00454   0.02304   0.00747   0.02677   0.02642   0.01300   0.01537   0.02622   0.00763   0.01972   0.00986   0.00925   0.00630   0.00756   0.02361   0.02180   0.01013   0.01917   0.01319   0.05179   0.01417   0.00496   0.00764   0.00358   0.02693   0.01606   0.04088   0.02840   0.02902   2.00000   1.09989   0.02896   0.27919   2.57308  
  1 99.0000    155.924911  x:  0.00000   0.00454   0.02303   0.00747   0.02677   0.02642   0.01299   0.01537   0.02621   0.00762   0.01972   0.00985   0.00925   0.00630   0.00755   0.02361   0.02179   0.01012   0.01916   0.01318   0.05179   0.01417   0.00496   0.00764   0.00358   0.02693   0.01606   0.04088   0.02840   0.02902   2.00000   1.09989   0.02896   0.27919   2.57308  
  2 149.9567    153.062145  x:  0.00000   0.00114   0.01949   0.00391   0.02320   0.02286   0.00791   0.01181   0.02265   0.00406   0.01615   0.00629   0.00568   0.00274   0.00399   0.02004   0.01823   0.00656   0.01560   0.00964   0.04846   0.01077   0.00157   0.00405   0.00000   0.02335   0.01248   0.03500   0.02495   0.04490   1.99990   1.09957   0.02934   0.26354   2.57307  
  3 184.1908    151.991204  x:  0.00000   0.00000   0.01819   0.00259   0.02188   0.02153   0.00533   0.01048   0.02133   0.00274   0.01483   0.00497   0.00436   0.00142   0.00266   0.01871   0.01690   0.00524   0.01427   0.00834   0.04749   0.00960   0.00040   0.00274   0.00000   0.02202   0.01116   0.03454   0.02369   0.04452   1.99979   1.09932   0.02964   0.25142   2.57305  
  4 169.8217    151.639341  x:  0.00000   0.00000   0.01774   0.00214   0.02143   0.02108   0.00430   0.01003   0.02087   0.00228   0.01437   0.00451   0.00390   0.00096   0.00221   0.01825   0.01645   0.00478   0.01382   0.00789   0.04790   0.00920   0.00000   0.00229   0.00000   0.02158   0.01071   0.03511   0.02326   0.04470   1.99976   1.09927   0.02970   0.24737   2.57305  
  5 1336.8648    150.930053  x:  0.00000   0.00000   0.01683   0.00118   0.02052   0.02017   0.00096   0.00909   0.01996   0.00133   0.01344   0.00356   0.00295   0.00000   0.00125   0.01733   0.01553   0.00383   0.01289   0.00696   0.05045   0.00842   0.00000   0.00143   0.00000   0.02077   0.00987   0.03393   0.02243   0.04453   1.99969   1.09948   0.02948   0.24007   2.57305  
  6 473.7917    150.791947  x:  0.00000   0.00000   0.01666   0.00100   0.02035   0.02000   0.00000   0.00891   0.01979   0.00114   0.01327   0.00338   0.00277   0.00000   0.00107   0.01716   0.01536   0.00365   0.01272   0.00678   0.05051   0.00829   0.00000   0.00128   0.00000   0.02064   0.00974   0.03390   0.02228   0.04454   1.99968   1.09960   0.02936   0.23892   2.57306  
  7 417.3442    150.200956  x:  0.00000   0.00000   0.01574   0.00000   0.01944   0.01909   0.00000   0.00795   0.01888   0.00015   0.01233   0.00239   0.00178   0.00000   0.00007   0.01624   0.01443   0.00266   0.01177   0.00582   0.05086   0.00755   0.00000   0.00048   0.00000   0.01993   0.00898   0.03379   0.02149   0.04457   1.99963   1.10022   0.02871   0.23251   2.57307  
  8 102440.6964    150.164064  x:  0.00000   0.00000   0.01568   0.00000   0.01938   0.01903   0.00000   0.00789   0.01882   0.00008   0.01227   0.00232   0.00171   0.00000   0.00000   0.01618   0.01436   0.00260   0.01171   0.00575   0.05088   0.00751   0.00000   0.00043   0.00000   0.01988   0.00893   0.03378   0.02144   0.04458   1.99963   1.10027   0.02867   0.23213   2.57307  
  9 703.8161    150.123965  x:  0.00000   0.00000   0.01561   0.00000   0.01932   0.01896   0.00000   0.00782   0.01875   0.00000   0.01220   0.00225   0.00164   0.00000   0.00000   0.01611   0.01429   0.00252   0.01164   0.00568   0.05090   0.00745   0.00000   0.00037   0.00000   0.01983   0.00887   0.03377   0.02138   0.04458   1.99963   1.10033   0.02862   0.23167   2.57306  
 10 1999.0754    149.887556  x:  0.00000   0.00000   0.01517   0.00000   0.01889   0.01853   0.00000   0.00735   0.01832   0.00000   0.01174   0.00177   0.00116   0.00000   0.00000   0.01567   0.01385   0.00204   0.01119   0.00521   0.05103   0.00711   0.00000   0.00000   0.00000   0.01952   0.00853   0.03373   0.02101   0.04459   1.99962   1.10072   0.02828   0.22922   2.57304  
 11 443.4868    149.352560  x:  0.00000   0.00000   0.01412   0.00000   0.01787   0.01751   0.00000   0.00625   0.01730   0.00000   0.01067   0.00062   0.00000   0.00000   0.00000   0.01463   0.01279   0.00089   0.01011   0.00410   0.05136   0.00634   0.00000   0.00000   0.00000   0.01882   0.00775   0.03362   0.02015   0.04463   1.99961   1.10183   0.02731   0.22282   2.57298  
 12 1353.2081    149.087884  x:  0.00000   0.00000   0.01356   0.00000   0.01733   0.01697   0.00000   0.00566   0.01676   0.00000   0.01009   0.00000   0.00000   0.00000   0.00000   0.01407   0.01223   0.00028   0.00953   0.00350   0.05152   0.00594   0.00000   0.00000   0.00000   0.01846   0.00734   0.03357   0.01969   0.04464   1.99961   1.10241   0.02680   0.21978   2.57296  
 13 1073.2313    148.977967  x:  0.00000   0.00000   0.01331   0.00000   0.01709   0.01673   0.00000   0.00539   0.01651   0.00000   0.00984   0.00000   0.00000   0.00000   0.00000   0.01383   0.01198   0.00000   0.00927   0.00324   0.05159   0.00576   0.00000   0.00000   0.00000   0.01831   0.00717   0.03355   0.01949   0.04465   1.99961   1.10269   0.02656   0.21835   2.57294  
 14 4935.8279    147.756853  x:  0.00000   0.00000   0.01029   0.00000   0.01418   0.01382   0.00000   0.00221   0.01359   0.00000   0.00674   0.00000   0.00000   0.00000   0.00000   0.01084   0.00895   0.00000   0.00617   0.00000   0.05234   0.00361   0.00000   0.00000   0.00000   0.01642   0.00501   0.03330   0.01704   0.04474   1.99960   1.10583   0.02375   0.20341   2.57281  
 15 727.9809    146.982780  x:  0.00000   0.00000   0.00821   0.00000   0.01218   0.01181   0.00000   0.00000   0.01158   0.00000   0.00460   0.00000   0.00000   0.00000   0.00000   0.00878   0.00686   0.00000   0.00402   0.00000   0.05291   0.00220   0.00000   0.00000   0.00000   0.01520   0.00359   0.03312   0.01537   0.04480   1.99959   1.10837   0.02146   0.19170   2.57270  
 16 1021.4649    145.876544  x:  0.00000   0.00000   0.00498   0.00000   0.00905   0.00867   0.00000   0.00000   0.00843   0.00000   0.00125   0.00000   0.00000   0.00000   0.00000   0.00555   0.00358   0.00000   0.00065   0.00000   0.05379   0.00000   0.00000   0.00000   0.00000   0.01332   0.00139   0.03283   0.01278   0.04490   1.99958   1.11232   0.01791   0.17382   2.57254  
 17 29808.1035    145.672216  x:  0.00000   0.00000   0.00435   0.00000   0.00845   0.00807   0.00000   0.00000   0.00782   0.00000   0.00060   0.00000   0.00000   0.00000   0.00000   0.00493   0.00294   0.00000   0.00000   0.00000   0.05400   0.00000   0.00000   0.00000   0.00000   0.01295   0.00096   0.03277   0.01227   0.04492   1.99957   1.11322   0.01709   0.16965   2.57250  
 18 479.2886    145.504219  x:  0.00000   0.00000   0.00378   0.00000   0.00789   0.00751   0.00000   0.00000   0.00726   0.00000   0.00000   0.00000   0.00000   0.00000   0.00000   0.00436   0.00236   0.00000   0.00000   0.00000   0.05417   0.00000   0.00000   0.00000   0.00000   0.01262   0.00057   0.03271   0.01181   0.04494   1.99956   1.11405   0.01635   0.16609   2.57247  
 19 4663.1146    145.280684  x:  0.00000   0.00000   0.00291   0.00000   0.00706   0.00667   0.00000   0.00000   0.00642   0.00000   0.00000   0.00000   0.00000   0.00000   0.00000   0.00350   0.00149   0.00000   0.00000   0.00000   0.05442   0.00000   0.00000   0.00000   0.00000   0.01214   0.00000   0.03264   0.01112   0.04497   1.99955   1.11523   0.01527   0.16101   2.57243  
 20 11436.2753    144.929929  x:  0.00000   0.00000   0.00145   0.00000   0.00565   0.00526   0.00000   0.00000   0.00500   0.00000   0.00000   0.00000   0.00000   0.00000   0.00000   0.00204   0.00000   0.00000   0.00000   0.00000   0.05483   0.00000   0.00000   0.00000   0.00000   0.01132   0.00000   0.03250   0.00994   0.04502   1.99954   1.11725   0.01344   0.15238   2.57235  
 21 9486384.6689    144.629587  x:  0.00000   0.00000   0.00000   0.00000   0.00426   0.00386   0.00000   0.00000   0.00360   0.00000   0.00000   0.00000   0.00000   0.00000   0.00000   0.00060   0.00000   0.00000   0.00000   0.00000   0.05523   0.00000   0.00000   0.00000   0.00000   0.01052   0.00000   0.03238   0.00879   0.04507   1.99953   1.11922   0.01165   0.14407   2.57228  
 22 58724.6645    144.520239  x:  0.00000   0.00000   0.00000   0.00000   0.00367   0.00328   0.00000   0.00000   0.00301   0.00000   0.00000   0.00000   0.00000   0.00000   0.00000   0.00000   0.00000   0.00000   0.00000   0.00000   0.05541   0.00000   0.00000   0.00000   0.00000   0.01016   0.00000   0.03232   0.00830   0.04509   1.99953   1.12004   0.01091   0.14045   2.57224  
 23 17214.0012    144.024834  x:  0.00000   0.00000   0.00000   0.00000   0.00067   0.00028   0.00000   0.00000   0.00000   0.00000   0.00000   0.00000   0.00000   0.00000   0.00000   0.00000   0.00000   0.00000   0.00000   0.00000   0.05632   0.00000   0.00000   0.00000   0.00000   0.00751   0.00000   0.03202   0.00549   0.04520   1.99947   1.12315   0.00820   0.12267   2.57208  
 24 2209.3634    144.024834  x:  0.00000   0.00000   0.00000   0.00000   0.00067   0.00028   0.00000   0.00000   0.00000   0.00000   0.00000   0.00000   0.00000   0.00000   0.00000   0.00000   0.00000   0.00000   0.00000   0.00000   0.05632   0.00000   0.00000   0.00000   0.00000   0.00751   0.00000   0.03202   0.00549   0.04520   1.99947   1.12315   0.00820   0.12267   2.57208  
 25 45.1715    143.990499  x:  0.00000   0.00000   0.00000   0.00000   0.00040   0.00000   0.00000   0.00000   0.00000   0.00000   0.00000   0.00000   0.00000   0.00000   0.00000   0.00000   0.00000   0.00000   0.00000   0.00000   0.05621   0.00000   0.00000   0.00000   0.00000   0.00724   0.00000   0.03204   0.00522   0.04513   1.99948   1.12315   0.00820   0.12264   2.57208  
 26 61.4649    143.948898  x:  0.00000   0.00000   0.00000   0.00000   0.00000   0.00000   0.00000   0.00000   0.00000   0.00000   0.00000   0.00000   0.00000   0.00000   0.00000   0.00000   0.00000   0.00000   0.00000   0.00000   0.05589   0.00000   0.00000   0.00000   0.00000   0.00684   0.00000   0.03221   0.00483   0.04489   1.99949   1.12317   0.00818   0.12251   2.57208  
 27 479.0180    143.579755  x:  0.00000   0.00000   0.00000   0.00000   0.00000   0.00000   0.00000   0.00000   0.00000   0.00000   0.00000   0.00000   0.00000   0.00000   0.00000   0.00000   0.00000   0.00000   0.00000   0.00000   0.05065   0.00000   0.00000   0.00000   0.00000   0.00195   0.00000   0.02905   0.00000   0.04261   1.99956   1.12347   0.00788   0.11852   2.57208  
 28 63.8874    143.512663  x:  0.00000   0.00000   0.00000   0.00000   0.00000   0.00000   0.00000   0.00000   0.00000   0.00000   0.00000   0.00000   0.00000   0.00000   0.00000   0.00000   0.00000   0.00000   0.00000   0.00000   0.05021   0.00000   0.00000   0.00000   0.00000   0.00000   0.00000   0.02913   0.00000   0.04283   1.99959   1.12356   0.00779   0.11737   2.57208  
 29 47.8690    142.961484  x:  0.00000   0.00000   0.00000   0.00000   0.00000   0.00000   0.00000   0.00000   0.00000   0.00000   0.00000   0.00000   0.00000   0.00000   0.00000   0.00000   0.00000   0.00000   0.00000   0.00000   0.04362   0.00000   0.00000   0.00000   0.00000   0.00000   0.00000   0.03074   0.00000   0.02481   2.00568   1.13624  -0.00489   0.00000   2.57208  
 30 27.6247    142.344299  x:  0.00000   0.00000   0.00000   0.00000   0.00000   0.00000   0.00000   0.00000   0.00000   0.00000   0.00000   0.00000   0.00000   0.00000   0.00000   0.00000   0.00000   0.00000   0.00000   0.00000   0.01831   0.00000   0.00000   0.00000   0.00000   0.00000   0.00000   0.03242   0.00000   0.02408   2.25729   1.49161  -0.36026   0.00000   2.57208  
 31  1.4986    141.517670  x:  0.00000   0.00000   0.00000   0.00000   0.00000   0.00000   0.00000   0.00000   0.00000   0.00000   0.00000   0.00000   0.00000   0.00000   0.00000   0.00000   0.00000   0.00000   0.00000   0.00000   0.03454   0.00000   0.00000   0.00000   0.00000   0.00000   0.00000   0.04296   0.00000   0.01339   2.89980   2.28837  -1.15702   0.00000   2.57208  
 32  3.4321    140.922608  x:  0.00000   0.00000   0.00000   0.00000   0.00000   0.00000   0.00000   0.00000   0.00000   0.00000   0.00000   0.00000   0.00000   0.00000   0.00000   0.00000   0.00000   0.00000   0.00000   0.00000   0.04175   0.00000   0.00000   0.00000   0.00000   0.00000   0.00000   0.04227   0.00000   0.04178   3.76447   2.83744  -1.70609   0.00000   2.57208  
 33  1.8098    140.790161  x:  0.00000   0.00000   0.00000   0.00000   0.00000   0.00000   0.00000   0.00000   0.00000   0.00000   0.00000   0.00000   0.00000   0.00000   0.00000   0.00000   0.00000   0.00000   0.00000   0.00000   0.03764   0.00000   0.00000   0.00000   0.00000   0.00000   0.00000   0.02669   0.00000   0.04006   4.10871   3.06204  -1.93068   0.00000   2.57208  
 34  0.4998    140.643633  x:  0.03025   0.00000   0.00000   0.00000   0.00000   0.00000   0.00000   0.00000   0.00000   0.00000   0.00000   0.00000   0.00000   0.00000   0.00000   0.00000   0.00000   0.00000   0.00000   0.00000   0.03057   0.00000   0.00000   0.00000   0.00000   0.00000   0.00000   0.00000   0.00000   0.03711   4.70100   3.44833  -2.31697   0.00000   2.57208  
 35 173.2429    140.643633  x:  0.03025   0.00000   0.00000   0.00000   0.00000   0.00000   0.00000   0.00000   0.00000   0.00000   0.00000   0.00000   0.00000   0.00000   0.00000   0.00000   0.00000   0.00000   0.00000   0.00000   0.03057   0.00000   0.00000   0.00000   0.00000   0.00000   0.00000   0.00000   0.00000   0.03711   4.70100   3.44833  -2.31697   0.00000   2.57208  
 36  1.2898    140.628939  x:  0.03202   0.00000   0.00000   0.00000   0.00000   0.00000   0.00000   0.00000   0.00000   0.00000   0.00000   0.00000   0.00000   0.00000   0.00000   0.00000   0.00000   0.00000   0.00000   0.00000   0.03255   0.00000   0.00000   0.00000   0.00000   0.00000   0.00000   0.00177   0.00000   0.03295   4.70112   3.44835  -2.31699   0.00000   2.57208  
 37  5.6018    140.626967  x:  0.03126   0.00000   0.00000   0.00000   0.00000   0.00000   0.00000   0.00000   0.00000   0.00000   0.00000   0.00000   0.00000   0.00000   0.00000   0.00000   0.00000   0.00000   0.00000   0.00000   0.03293   0.00000   0.00000   0.00000   0.00000   0.00000   0.00000   0.00101   0.00000   0.03162   4.70122   3.44836  -2.31701   0.00000   2.57208  
 38  2.5989    140.626927  x:  0.03128   0.00000   0.00000   0.00000   0.00000   0.00000   0.00000   0.00000   0.00000   0.00000   0.00000   0.00000   0.00000   0.00000   0.00000   0.00000   0.00000   0.00000   0.00000   0.00000   0.03267   0.00000   0.00000   0.00000   0.00000   0.00000   0.00000   0.00103   0.00000   0.03150   4.70159   3.44843  -2.31707   0.00000   2.57208  
 39  0.1672    140.483244  x:  0.03017   0.00000   0.00000   0.00000   0.00000   0.00000   0.00000   0.00000   0.00000   0.00000   0.00000   0.00000   0.00000   0.00000   0.00000   0.00000   0.00000   0.00000   0.00000   0.00000   0.03144   0.00000   0.00000   0.00000   0.00000   0.00000   0.00000   0.00000   0.00000   0.03232   6.06118   3.68159  -2.55023   0.00000   2.57208  
 40  0.3490    140.483244  x:  0.03017   0.00000   0.00000   0.00000   0.00000   0.00000   0.00000   0.00000   0.00000   0.00000   0.00000   0.00000   0.00000   0.00000   0.00000   0.00000   0.00000   0.00000   0.00000   0.00000   0.03144   0.00000   0.00000   0.00000   0.00000   0.00000   0.00000   0.00000   0.00000   0.03232   6.06118   3.68159  -2.55023   0.00000   2.57208  
 41 17.9240    140.481279  x:  0.03111   0.00000   0.00000   0.00000   0.00000   0.00000   0.00000   0.00000   0.00000   0.00000   0.00000   0.00000   0.00000   0.00000   0.00000   0.00000   0.00000   0.00000   0.00000   0.00000   0.03196   0.00000   0.00000   0.00000   0.00000   0.00000   0.00000   0.00094   0.00000   0.03174   6.06123   3.68159  -2.55024   0.00000   2.57208  
 42  2.6339    140.481051  x:  0.03098   0.00000   0.00000   0.00000   0.00000   0.00000   0.00000   0.00000   0.00000   0.00000   0.00000   0.00000   0.00000   0.00000   0.00000   0.00000   0.00000   0.00000   0.00000   0.00000   0.03239   0.00000   0.00000   0.00000   0.00000   0.00000   0.00000   0.00081   0.00000   0.03127   6.06131   3.68161  -2.55025   0.00000   2.57208  
 43  0.7275    140.480910  x:  0.03097   0.00000   0.00000   0.00000   0.00000   0.00000   0.00000   0.00000   0.00000   0.00000   0.00000   0.00000   0.00000   0.00000   0.00000   0.00000   0.00000   0.00000   0.00000   0.00000   0.03281   0.00000   0.00000   0.00000   0.00000   0.00000   0.00000   0.00081   0.00000   0.03162   6.06455   3.68215  -2.55079   0.00000   2.57208  
 44  0.0851    140.315307  x:  0.03030   0.00000   0.00000   0.00000   0.00000   0.00000   0.00000   0.00000   0.00000   0.00000   0.00000   0.00000   0.00000   0.00000   0.00000   0.00000   0.00000   0.00000   0.00000   0.00000   0.03164   0.00000   0.00000   0.00000   0.00000   0.00000   0.00000   0.00000   0.00000   0.03086   8.85520   4.14733  -3.01598   0.00000   2.57208  
 45  3.1208    140.063437  x:  0.03304   0.00000   0.00000   0.00000   0.00000   0.00000   0.00000   0.00000   0.00000   0.00000   0.00000   0.00000   0.00000   0.00000   0.00000   0.00000   0.00000   0.00000   0.00000   0.00000   0.03095   0.00000   0.00000   0.00000   0.00000   0.00000   0.00000   0.00212   0.00000   0.02691  30.26519   7.69277  -6.56145   0.00000   2.57209  
 46  2.7487    140.040544  x:  0.03095   0.00000   0.00000   0.00000   0.00000   0.00000   0.00000   0.00000   0.00000   0.00000   0.00000   0.00000   0.00000   0.00000   0.00000   0.00000   0.00000   0.00000   0.00000   0.00000   0.03135   0.00000   0.00000   0.00000   0.00000   0.00000   0.00000   0.00000   0.00000   0.03074  32.50622   8.06326  -6.93195   0.00000   2.57209  
 47  2.1280    140.040458  x:  0.03127   0.00000   0.00000   0.00000   0.00000   0.00000   0.00000   0.00000   0.00000   0.00000   0.00000   0.00000   0.00000   0.00000   0.00000   0.00000   0.00000   0.00000   0.00000   0.00000   0.03137   0.00000   0.00000   0.00000   0.00000   0.00000   0.00000   0.00000   0.00000   0.03099  32.66107   8.08886  -6.95755   0.00000   2.57209  
 48 53.2983    140.009060  x:  0.02586   0.00000   0.00000   0.00000   0.00000   0.00000   0.00000   0.00000   0.00000   0.00000   0.00000   0.00000   0.00000   0.00000   0.00000   0.00000   0.00000   0.00000   0.00000   0.00000   0.03095   0.00000   0.00000   0.00000   0.00000   0.00000   0.00000   0.00000   0.00000   0.03377  61.75269  12.89889  -11.76763   0.00000   2.57211  
 49  3.7345    139.992875  x:  0.02358   0.00000   0.00000   0.00000   0.00000   0.00000   0.00000   0.00000   0.00000   0.00000   0.00000   0.00000   0.00000   0.00000   0.00000   0.00000   0.00000   0.00000   0.00000   0.00000   0.03077   0.00000   0.00000   0.00000   0.00000   0.00000   0.00000   0.00723   0.00000   0.03494  73.98667  14.92167  -13.79042   0.00000   2.57212  
 50 8294.4217    139.972890  x:  0.01921   0.00000   0.00000   0.00000   0.00000   0.00000   0.00000   0.00000   0.00000   0.00000   0.00000   0.00000   0.00000   0.00000   0.00000   0.00000   0.00000   0.00000   0.00000   0.00000   0.03154   0.00000   0.00000   0.00000   0.00000   0.00000   0.00000   0.01187   0.00000   0.02889  88.94616  17.39516  -16.26394   0.00000   2.57213  
 51  7.3301    139.958594  x:  0.00529   0.00000   0.00000   0.00000   0.00000   0.00000   0.00000   0.00000   0.00000   0.00000   0.00000   0.00000   0.00000   0.00000   0.00000   0.00000   0.00000   0.00000   0.00000   0.00000   0.02852   0.00000   0.00000   0.00000   0.00000   0.00000   0.00000   0.02559   0.00000   0.03070  158.05356  28.82148  -27.69038   0.00000   2.57218  
 52 10.3078    139.951749  x:  0.00000   0.00000   0.00000   0.00000   0.00000   0.00000   0.00000   0.00000   0.00000   0.00000   0.00000   0.00000   0.00000   0.00000   0.00000   0.00000   0.00000   0.00000   0.00000   0.00000   0.03052   0.00000   0.00000   0.00000   0.00000   0.00000   0.00000   0.03051   0.00000   0.03001  183.11952  32.96593  -31.83487   0.00000   2.57220  
 53 26.1032    139.951670  x:  0.00000   0.00000   0.00000   0.00000   0.00000   0.00000   0.00000   0.00000   0.00000   0.00000   0.00000   0.00000   0.00000   0.00000   0.00000   0.00000   0.00000   0.00000   0.00000   0.00000   0.03058   0.00000   0.00000   0.00000   0.00000   0.00000   0.00000   0.03089   0.00000   0.02998  185.03924  33.28334  -32.15228   0.00000   2.57220  
 54 57.4664    139.950226  x:  0.00000   0.00000   0.00000   0.00000   0.00000   0.00000   0.00000   0.00000   0.00000   0.00000   0.00000   0.00000   0.00000   0.00000   0.00000   0.00000   0.00000   0.00000   0.00000   0.00000   0.03202   0.00000   0.00000   0.00000   0.00000   0.00000   0.00000   0.03048   0.00000   0.02932  203.17769  36.28238  -35.15135   0.00000   2.57221  
 55  4.4524    139.945670  x:  0.00000   0.00000   0.00000   0.00000   0.00000   0.00000   0.00000   0.00000   0.00000   0.00000   0.00000   0.00000   0.00000   0.00000   0.00000   0.00000   0.00000   0.00000   0.00000   0.00000   0.03165   0.00000   0.00000   0.00000   0.00000   0.00000   0.00000   0.03044   0.00000   0.03057  274.90889  48.14252  -47.01162   0.00000   2.57226  
 56  9.2083    139.940191  x:  0.00000   0.00000   0.00000   0.00000   0.00000   0.00000   0.00000   0.00000   0.00000   0.00000   0.00000   0.00000   0.00000   0.00000   0.00000   0.00000   0.00000   0.00000   0.00000   0.00000   0.02982   0.00000   0.00000   0.00000   0.00000   0.00000   0.00000   0.03005   0.00000   0.02912  494.49841  84.44983  -83.31930   0.00000   2.57241  
 57 76.6793    139.938210  x:  0.00000   0.00000   0.00000   0.00000   0.00000   0.00000   0.00000   0.00000   0.00000   0.00000   0.00000   0.00000   0.00000   0.00000   0.00000   0.00000   0.00000   0.00000   0.00000   0.00000   0.03099   0.00000   0.00000   0.00000   0.00000   0.00000   0.00000   0.03020   0.00000   0.02952  582.49908  99.00000  -97.86961   0.00000   2.57247  
 58 66.5393    139.938210  x:  0.00000   0.00000   0.00000   0.00000   0.00000   0.00000   0.00000   0.00000   0.00000   0.00000   0.00000   0.00000   0.00000   0.00000   0.00000   0.00000   0.00000   0.00000   0.00000   0.00000   0.03099   0.00000   0.00000   0.00000   0.00000   0.00000   0.00000   0.03020   0.00000   0.02952  582.49908  99.00000  -97.86961   0.00000   2.57247  
 59 127.5214    139.938193  x:  0.00000   0.00000   0.00000   0.00000   0.00000   0.00000   0.00000   0.00000   0.00000   0.00000   0.00000   0.00000   0.00000   0.00000   0.00000   0.00000   0.00000   0.00000   0.00000   0.00000   0.03099   0.00000   0.00000   0.00000   0.00000   0.00000   0.00000   0.03025   0.00000   0.02969  582.49908  99.00000  -97.86961   0.00000   2.57247  
 60  0.1923    139.938193  x:  0.00000   0.00000   0.00000   0.00000   0.00000   0.00000   0.00000   0.00000   0.00000   0.00000   0.00000   0.00000   0.00000   0.00000   0.00000   0.00000   0.00000   0.00000   0.00000   0.00000   0.03099   0.00000   0.00000   0.00000   0.00000   0.00000   0.00000   0.03025   0.00000   0.02969  582.49908  99.00000  -97.86961   0.00000   2.57247  