Supplemental results for CODEML (seqf: /Users/YY/Desktop/get/branch_site/modify/modify_trim_muscle_ycf3.fa  treef: /Users/YY/Desktop/get/branch_site/16gene_topu.tree)


dN/dS (w) for site classes (K=4)

site class             0        1       2a       2b
proportion       1.00000  0.00000  0.00000  0.00000
background w     0.04803  1.00000  0.04803  1.00000
foreground w     0.04803  1.00000  1.00000  1.00000

Naive Empirical Bayes (NEB) probabilities for 4 classes
(amino acids refer to 1st sequence: NC_015804)

   1 M   1.00000 0.00000 0.00000 0.00000 ( 1)
   2 P   1.00000 0.00000 0.00000 0.00000 ( 1)
   3 R   1.00000 0.00000 0.00000 0.00000 ( 1)
   4 S   1.00000 0.00000 0.00000 0.00000 ( 1)
   5 R   1.00000 0.00000 0.00000 0.00000 ( 1)
   6 I   1.00000 0.00000 0.00000 0.00000 ( 1)
   7 N   1.00000 0.00000 0.00000 0.00000 ( 1)
   8 G   1.00000 0.00000 0.00000 0.00000 ( 1)
   9 N   1.00000 0.00000 0.00000 0.00000 ( 1)
  10 F   1.00000 0.00000 0.00000 0.00000 ( 1)
  11 I   1.00000 0.00000 0.00000 0.00000 ( 1)
  12 D   1.00000 0.00000 0.00000 0.00000 ( 1)
  13 K   1.00000 0.00000 0.00000 0.00000 ( 1)
  14 T   1.00000 0.00000 0.00000 0.00000 ( 1)
  15 F   1.00000 0.00000 0.00000 0.00000 ( 1)
  16 S   1.00000 0.00000 0.00000 0.00000 ( 1)
  17 I   1.00000 0.00000 0.00000 0.00000 ( 1)
  18 I   1.00000 0.00000 0.00000 0.00000 ( 1)
  19 A   1.00000 0.00000 0.00000 0.00000 ( 1)
  20 N   1.00000 0.00000 0.00000 0.00000 ( 1)
  21 I   1.00000 0.00000 0.00000 0.00000 ( 1)
  22 L   1.00000 0.00000 0.00000 0.00000 ( 1)
  23 L   1.00000 0.00000 0.00000 0.00000 ( 1)
  24 R   1.00000 0.00000 0.00000 0.00000 ( 1)
  25 I   1.00000 0.00000 0.00000 0.00000 ( 1)
  26 I   1.00000 0.00000 0.00000 0.00000 ( 1)
  27 P   1.00000 0.00000 0.00000 0.00000 ( 1)
  28 T   1.00000 0.00000 0.00000 0.00000 ( 1)
  29 T   1.00000 0.00000 0.00000 0.00000 ( 1)
  30 S   1.00000 0.00000 0.00000 0.00000 ( 1)
  31 G   1.00000 0.00000 0.00000 0.00000 ( 1)
  32 E   1.00000 0.00000 0.00000 0.00000 ( 1)
  33 K   1.00000 0.00000 0.00000 0.00000 ( 1)
  34 E   1.00000 0.00000 0.00000 0.00000 ( 1)
  35 A   1.00000 0.00000 0.00000 0.00000 ( 1)
  36 F   1.00000 0.00000 0.00000 0.00000 ( 1)
  37 T   1.00000 0.00000 0.00000 0.00000 ( 1)
  38 Y   1.00000 0.00000 0.00000 0.00000 ( 1)
  39 Y   1.00000 0.00000 0.00000 0.00000 ( 1)
  40 R   1.00000 0.00000 0.00000 0.00000 ( 1)
  41 D   1.00000 0.00000 0.00000 0.00000 ( 1)
  42 G   1.00000 0.00000 0.00000 0.00000 ( 1)
  43 M   1.00000 0.00000 0.00000 0.00000 ( 1)
  44 S   1.00000 0.00000 0.00000 0.00000 ( 1)
  45 A   1.00000 0.00000 0.00000 0.00000 ( 1)
  46 Q   1.00000 0.00000 0.00000 0.00000 ( 1)
  47 S   1.00000 0.00000 0.00000 0.00000 ( 1)
  48 E   1.00000 0.00000 0.00000 0.00000 ( 1)
  49 G   1.00000 0.00000 0.00000 0.00000 ( 1)
  50 N   1.00000 0.00000 0.00000 0.00000 ( 1)
  51 Y   1.00000 0.00000 0.00000 0.00000 ( 1)
  52 A   1.00000 0.00000 0.00000 0.00000 ( 1)
  53 E   1.00000 0.00000 0.00000 0.00000 ( 1)
  54 A   1.00000 0.00000 0.00000 0.00000 ( 1)
  55 L   1.00000 0.00000 0.00000 0.00000 ( 1)
  56 Q   1.00000 0.00000 0.00000 0.00000 ( 1)
  57 N   1.00000 0.00000 0.00000 0.00000 ( 1)
  58 Y   1.00000 0.00000 0.00000 0.00000 ( 1)
  59 Y   1.00000 0.00000 0.00000 0.00000 ( 1)
  60 E   1.00000 0.00000 0.00000 0.00000 ( 1)
  61 A   1.00000 0.00000 0.00000 0.00000 ( 1)
  62 M   1.00000 0.00000 0.00000 0.00000 ( 1)
  63 R   1.00000 0.00000 0.00000 0.00000 ( 1)
  64 L   1.00000 0.00000 0.00000 0.00000 ( 1)
  65 E   1.00000 0.00000 0.00000 0.00000 ( 1)
  66 I   1.00000 0.00000 0.00000 0.00000 ( 1)
  67 D   1.00000 0.00000 0.00000 0.00000 ( 1)
  68 P   1.00000 0.00000 0.00000 0.00000 ( 1)
  69 Y   1.00000 0.00000 0.00000 0.00000 ( 1)
  70 D   1.00000 0.00000 0.00000 0.00000 ( 1)
  71 R   1.00000 0.00000 0.00000 0.00000 ( 1)
  72 S   1.00000 0.00000 0.00000 0.00000 ( 1)
  73 Y   1.00000 0.00000 0.00000 0.00000 ( 1)
  74 I   1.00000 0.00000 0.00000 0.00000 ( 1)
  75 L   1.00000 0.00000 0.00000 0.00000 ( 1)
  76 Y   1.00000 0.00000 0.00000 0.00000 ( 1)
  77 N   1.00000 0.00000 0.00000 0.00000 ( 1)
  78 I   1.00000 0.00000 0.00000 0.00000 ( 1)
  79 G   1.00000 0.00000 0.00000 0.00000 ( 1)
  80 L   1.00000 0.00000 0.00000 0.00000 ( 1)
  81 I   1.00000 0.00000 0.00000 0.00000 ( 1)
  82 H   1.00000 0.00000 0.00000 0.00000 ( 1)
  83 T   1.00000 0.00000 0.00000 0.00000 ( 1)
  84 S   1.00000 0.00000 0.00000 0.00000 ( 1)
  85 N   1.00000 0.00000 0.00000 0.00000 ( 1)
  86 G   1.00000 0.00000 0.00000 0.00000 ( 1)
  87 E   1.00000 0.00000 0.00000 0.00000 ( 1)
  88 H   1.00000 0.00000 0.00000 0.00000 ( 1)
  89 T   1.00000 0.00000 0.00000 0.00000 ( 1)
  90 K   1.00000 0.00000 0.00000 0.00000 ( 1)
  91 A   1.00000 0.00000 0.00000 0.00000 ( 1)
  92 L   1.00000 0.00000 0.00000 0.00000 ( 1)
  93 E   1.00000 0.00000 0.00000 0.00000 ( 1)
  94 Y   1.00000 0.00000 0.00000 0.00000 ( 1)
  95 Y   1.00000 0.00000 0.00000 0.00000 ( 1)
  96 F   1.00000 0.00000 0.00000 0.00000 ( 1)
  97 R   1.00000 0.00000 0.00000 0.00000 ( 1)
  98 A   1.00000 0.00000 0.00000 0.00000 ( 1)
  99 L   1.00000 0.00000 0.00000 0.00000 ( 1)
 100 E   1.00000 0.00000 0.00000 0.00000 ( 1)
 101 R   1.00000 0.00000 0.00000 0.00000 ( 1)
 102 N   1.00000 0.00000 0.00000 0.00000 ( 1)
 103 P   1.00000 0.00000 0.00000 0.00000 ( 1)
 104 F   1.00000 0.00000 0.00000 0.00000 ( 1)
 105 L   1.00000 0.00000 0.00000 0.00000 ( 1)
 106 P   1.00000 0.00000 0.00000 0.00000 ( 1)
 107 Q   1.00000 0.00000 0.00000 0.00000 ( 1)
 108 A   1.00000 0.00000 0.00000 0.00000 ( 1)
 109 F   1.00000 0.00000 0.00000 0.00000 ( 1)
 110 N   1.00000 0.00000 0.00000 0.00000 ( 1)
 111 N   1.00000 0.00000 0.00000 0.00000 ( 1)
 112 M   1.00000 0.00000 0.00000 0.00000 ( 1)
 113 A   1.00000 0.00000 0.00000 0.00000 ( 1)
 114 V   1.00000 0.00000 0.00000 0.00000 ( 1)
 115 I   1.00000 0.00000 0.00000 0.00000 ( 1)
 116 C   1.00000 0.00000 0.00000 0.00000 ( 1)
 117 H   1.00000 0.00000 0.00000 0.00000 ( 1)
 118 Y   1.00000 0.00000 0.00000 0.00000 ( 1)
 119 R   1.00000 0.00000 0.00000 0.00000 ( 1)
 120 G   1.00000 0.00000 0.00000 0.00000 ( 1)
 121 E   1.00000 0.00000 0.00000 0.00000 ( 1)
 122 Q   1.00000 0.00000 0.00000 0.00000 ( 1)
 123 A   1.00000 0.00000 0.00000 0.00000 ( 1)
 124 I   1.00000 0.00000 0.00000 0.00000 ( 1)
 125 R   1.00000 0.00000 0.00000 0.00000 ( 1)
 126 Q   1.00000 0.00000 0.00000 0.00000 ( 1)
 127 G   1.00000 0.00000 0.00000 0.00000 ( 1)
 128 D   1.00000 0.00000 0.00000 0.00000 ( 1)
 129 S   1.00000 0.00000 0.00000 0.00000 ( 1)
 130 E   1.00000 0.00000 0.00000 0.00000 ( 1)
 131 I   1.00000 0.00000 0.00000 0.00000 ( 1)
 132 A   1.00000 0.00000 0.00000 0.00000 ( 1)
 133 E   1.00000 0.00000 0.00000 0.00000 ( 1)
 134 A   1.00000 0.00000 0.00000 0.00000 ( 1)
 135 W   1.00000 0.00000 0.00000 0.00000 ( 1)
 136 F   1.00000 0.00000 0.00000 0.00000 ( 1)
 137 D   1.00000 0.00000 0.00000 0.00000 ( 1)
 138 Q   1.00000 0.00000 0.00000 0.00000 ( 1)
 139 A   1.00000 0.00000 0.00000 0.00000 ( 1)
 140 A   1.00000 0.00000 0.00000 0.00000 ( 1)
 141 E   1.00000 0.00000 0.00000 0.00000 ( 1)
 142 Y   1.00000 0.00000 0.00000 0.00000 ( 1)
 143 W   1.00000 0.00000 0.00000 0.00000 ( 1)
 144 K   1.00000 0.00000 0.00000 0.00000 ( 1)
 145 Q   1.00000 0.00000 0.00000 0.00000 ( 1)
 146 A   1.00000 0.00000 0.00000 0.00000 ( 1)
 147 I   1.00000 0.00000 0.00000 0.00000 ( 1)
 148 A   1.00000 0.00000 0.00000 0.00000 ( 1)
 149 L   1.00000 0.00000 0.00000 0.00000 ( 1)
 150 T   1.00000 0.00000 0.00000 0.00000 ( 1)
 151 P   1.00000 0.00000 0.00000 0.00000 ( 1)
 152 G   1.00000 0.00000 0.00000 0.00000 ( 1)
 153 N   1.00000 0.00000 0.00000 0.00000 ( 1)
 154 Y   1.00000 0.00000 0.00000 0.00000 ( 1)
 155 I   1.00000 0.00000 0.00000 0.00000 ( 1)
 156 E   1.00000 0.00000 0.00000 0.00000 ( 1)
 157 A   1.00000 0.00000 0.00000 0.00000 ( 1)
 158 Q   1.00000 0.00000 0.00000 0.00000 ( 1)
 159 N   1.00000 0.00000 0.00000 0.00000 ( 1)
 160 W   1.00000 0.00000 0.00000 0.00000 ( 1)
 161 L   1.00000 0.00000 0.00000 0.00000 ( 1)
 162 K   1.00000 0.00000 0.00000 0.00000 ( 1)
 163 I   1.00000 0.00000 0.00000 0.00000 ( 1)
 164 T   1.00000 0.00000 0.00000 0.00000 ( 1)
 165 R   1.00000 0.00000 0.00000 0.00000 ( 1)
 166 R   1.00000 0.00000 0.00000 0.00000 ( 1)
 167 F   1.00000 0.00000 0.00000 0.00000 ( 1)
 168 E   1.00000 0.00000 0.00000 0.00000 ( 1)


lnL =  -897.889430

