

TREE # 1

  0  0.0000   1009.037741  x:  0.00000   0.01600   0.04504   0.01426   0.05199   0.05305   0.02817   0.03023   0.05156   0.01500   0.03878   0.01938   0.01820   0.01265   0.01751   0.04662   0.05056   0.02478   0.03959   0.03252   0.05433   0.03759   0.01001   0.02214   0.00722   0.06308   0.03577   0.04088   0.05872   0.04580   2.00000   1.09989   0.02896   0.27919  
  1 99.0000   1009.032506  x:  0.00000   0.01600   0.04504   0.01425   0.05199   0.05305   0.02817   0.03023   0.05155   0.01500   0.03878   0.01938   0.01820   0.01265   0.01751   0.04662   0.05056   0.02478   0.03959   0.03252   0.05433   0.03759   0.01001   0.02214   0.00721   0.06308   0.03577   0.04088   0.05872   0.04580   2.00000   1.09989   0.02896   0.27919  
  2 636.0638    989.729737  x:  0.00000   0.01587   0.03937   0.00710   0.04487   0.04713   0.02335   0.02304   0.04439   0.00778   0.03159   0.01216   0.01100   0.00550   0.01486   0.03945   0.04585   0.02062   0.03242   0.02935   0.04726   0.03512   0.00477   0.02298   0.00000   0.05959   0.03060   0.03878   0.05164   0.04749   2.00011   1.10016   0.02870   0.27678  
  3 21783.8817    974.908177  x:  0.00000   0.01725   0.03433   0.00159   0.03942   0.04209   0.01784   0.01752   0.03886   0.00222   0.02606   0.00661   0.00547   0.00000   0.01141   0.03395   0.04142   0.01569   0.02689   0.02585   0.04183   0.03251   0.00044   0.02328   0.00000   0.05577   0.02656   0.03814   0.04623   0.04667   2.00016   1.10020   0.02867   0.27178  
  4 12955.5727    973.430213  x:  0.00000   0.01699   0.03373   0.00100   0.03882   0.04149   0.01747   0.01692   0.03826   0.00161   0.02545   0.00600   0.00487   0.00000   0.01182   0.03335   0.04089   0.01552   0.02629   0.02558   0.04124   0.03233   0.00000   0.02343   0.00000   0.05531   0.02605   0.03825   0.04567   0.04664   2.00016   1.10017   0.02871   0.27053  
  5 2487.1115    971.206586  x:  0.00000   0.01701   0.03292   0.00000   0.03782   0.04059   0.01760   0.01591   0.03724   0.00058   0.02443   0.00498   0.00386   0.00000   0.01157   0.03235   0.04024   0.01585   0.02527   0.02558   0.04024   0.03231   0.00000   0.02352   0.00000   0.05491   0.02516   0.03842   0.04476   0.04666   2.00016   1.10010   0.02878   0.26818  
  6 3958.0018    970.150955  x:  0.00000   0.01710   0.03271   0.00000   0.03725   0.04026   0.01767   0.01533   0.03667   0.00000   0.02385   0.00440   0.00328   0.00000   0.01162   0.03179   0.04015   0.01568   0.02469   0.02562   0.03968   0.03232   0.00000   0.02327   0.00000   0.05487   0.02509   0.03835   0.04426   0.04672   2.00016   1.10008   0.02880   0.26692  
  7 3854.2416    964.864125  x:  0.00000   0.01705   0.03210   0.00000   0.03401   0.03887   0.01763   0.01204   0.03344   0.00000   0.02061   0.00114   0.00000   0.00000   0.01143   0.02862   0.04011   0.01497   0.02144   0.02561   0.03651   0.03229   0.00000   0.02378   0.00000   0.05491   0.02546   0.03782   0.04149   0.04662   2.00013   1.10003   0.02887   0.26016  
  8 10383.8417    963.233111  x:  0.00000   0.01702   0.03203   0.00000   0.03289   0.03860   0.01733   0.01087   0.03233   0.00000   0.01949   0.00000   0.00000   0.00000   0.01134   0.02753   0.04011   0.01516   0.02032   0.02539   0.03540   0.03213   0.00000   0.02366   0.00000   0.05479   0.02561   0.03777   0.04054   0.04665   2.00011   1.10006   0.02886   0.25802  
  9 10843.9982    949.979940  x:  0.00000   0.01921   0.03246   0.00000   0.02257   0.03902   0.01659   0.00000   0.02210   0.00000   0.00918   0.00000   0.00000   0.00000   0.01156   0.01759   0.03882   0.01420   0.00996   0.02412   0.02518   0.03099   0.00000   0.02440   0.00000   0.05149   0.02448   0.03890   0.03195   0.04828   1.99994   1.10089   0.02811   0.24158  
 10 5896.3479    939.488091  x:  0.00000   0.01824   0.03244   0.00000   0.01342   0.03962   0.01623   0.00000   0.01301   0.00000   0.00000   0.00000   0.00000   0.00000   0.01057   0.00876   0.03720   0.01261   0.00074   0.02356   0.01602   0.03039   0.00000   0.02395   0.00000   0.04849   0.02305   0.03911   0.02435   0.04858   1.99975   1.10182   0.02728   0.22773  
 11 15887.3035    938.749233  x:  0.00000   0.01824   0.03235   0.00000   0.01270   0.03961   0.01616   0.00000   0.01228   0.00000   0.00000   0.00000   0.00000   0.00000   0.01053   0.00806   0.03705   0.01254   0.00000   0.02352   0.01529   0.03035   0.00000   0.02393   0.00000   0.04832   0.02296   0.03901   0.02375   0.04860   1.99974   1.10190   0.02720   0.22669  
 12 20825.0973    931.567616  x:  0.00000   0.01818   0.03124   0.00000   0.00439   0.03901   0.01574   0.00000   0.00396   0.00000   0.00000   0.00000   0.00000   0.00000   0.01000   0.00000   0.03573   0.01164   0.00000   0.02270   0.00684   0.02962   0.00000   0.02378   0.00000   0.04665   0.02226   0.03861   0.01674   0.04895   1.99956   1.10283   0.02635   0.21527  
 13 60678.7351    928.808425  x:  0.00000   0.01819   0.03119   0.00000   0.00044   0.03871   0.01483   0.00000   0.00000   0.00000   0.00000   0.00000   0.00000   0.00000   0.00979   0.00000   0.03541   0.01131   0.00000   0.02326   0.00277   0.02984   0.00000   0.02374   0.00000   0.04566   0.02181   0.03852   0.01327   0.04917   1.99949   1.10323   0.02599   0.21038  
 14 5729.7157    928.573615  x:  0.00000   0.01819   0.03121   0.00000   0.00000   0.03871   0.01482   0.00000   0.00000   0.00000   0.00000   0.00000   0.00000   0.00000   0.00978   0.00000   0.03535   0.01129   0.00000   0.02322   0.00232   0.02982   0.00000   0.02373   0.00000   0.04556   0.02175   0.03843   0.01288   0.04916   1.99948   1.10328   0.02595   0.20987  
 15 4234.0129    927.724565  x:  0.00000   0.01818   0.03087   0.00000   0.00000   0.03895   0.01465   0.00000   0.00000   0.00000   0.00000   0.00000   0.00000   0.00000   0.00969   0.00000   0.03482   0.01112   0.00000   0.02326   0.00000   0.02950   0.00000   0.02372   0.00000   0.04569   0.02164   0.03842   0.01083   0.04926   1.99944   1.10353   0.02571   0.20774  
 16 1628.6592    925.262763  x:  0.00000   0.01823   0.02837   0.00000   0.00000   0.03879   0.01412   0.00000   0.00000   0.00000   0.00000   0.00000   0.00000   0.00000   0.00926   0.00000   0.03452   0.01051   0.00000   0.02183   0.00000   0.03144   0.00000   0.02363   0.00000   0.04450   0.02176   0.03853   0.00000   0.04989   1.99928   1.10503   0.02429   0.19969  
 17 898.0061    918.670042  x:  0.00000   0.01883   0.01573   0.00000   0.00000   0.00832   0.01356   0.00000   0.00000   0.00000   0.00000   0.00000   0.00000   0.00000   0.00613   0.00000   0.05245   0.00683   0.00000   0.02699   0.00000   0.01250   0.00000   0.02291   0.00000   0.01904   0.01745   0.03059   0.00000   0.05361   1.99821   1.12597   0.00419   0.14185  
 18 197.7058    918.161021  x:  0.00000   0.01876   0.01946   0.00000   0.00000   0.00404   0.01185   0.00000   0.00000   0.00000   0.00000   0.00000   0.00000   0.00000   0.00633   0.00000   0.05386   0.00585   0.00000   0.02523   0.00000   0.01256   0.00000   0.02301   0.00000   0.02253   0.01214   0.02963   0.00000   0.05377   1.99830   1.12961   0.00065   0.13822  
 19 80.1471    917.580591  x:  0.00000   0.01885   0.01837   0.00000   0.00000   0.00619   0.00996   0.00000   0.00000   0.00000   0.00000   0.00000   0.00000   0.00000   0.00666   0.00000   0.05883   0.00501   0.00000   0.02432   0.00000   0.01136   0.00000   0.02310   0.00000   0.02459   0.00548   0.02689   0.00000   0.05357   1.99859   1.13704  -0.00658   0.12717  
 20 89.3845    912.667961  x:  0.00000   0.02203   0.03100   0.00000   0.00000   0.00632   0.00576   0.00000   0.00000   0.00000   0.00000   0.00000   0.00000   0.00000   0.00657   0.00000   0.02923   0.00621   0.00000   0.02894   0.00000   0.01340   0.00000   0.02303   0.00000   0.01917   0.00504   0.00267   0.00000   0.05409   2.00310   1.23770  -0.10466   0.00000  
 21 115.2044    912.299110  x:  0.00289   0.02238   0.03231   0.00000   0.00000   0.00633   0.00530   0.00000   0.00000   0.00000   0.00000   0.00000   0.00000   0.00000   0.00656   0.00000   0.02596   0.00635   0.00000   0.02945   0.00000   0.01363   0.00000   0.02302   0.00000   0.01859   0.00500   0.00000   0.00000   0.05415   2.00363   1.24905  -0.11572   0.00000  
 22 776.4578    912.299110  x:  0.00289   0.02238   0.03231   0.00000   0.00000   0.00633   0.00530   0.00000   0.00000   0.00000   0.00000   0.00000   0.00000   0.00000   0.00656   0.00000   0.02596   0.00635   0.00000   0.02945   0.00000   0.01363   0.00000   0.02302   0.00000   0.01859   0.00500   0.00000   0.00000   0.05415   2.00363   1.24905  -0.11572   0.00000  
 23 35.0937    908.384503  x:  0.01447   0.02171   0.03091   0.00000   0.00000   0.00654   0.00579   0.00000   0.00000   0.00000   0.00000   0.00000   0.00000   0.00000   0.00669   0.00000   0.02513   0.00655   0.00000   0.02851   0.00000   0.01463   0.00000   0.02345   0.00000   0.01954   0.00574   0.01158   0.00000   0.05523   2.00365   1.24915  -0.11582   0.00000  
 24 1281.1038    904.503716  x:  0.01405   0.01259   0.01067   0.00000   0.00000   0.00907   0.01039   0.00000   0.00000   0.00000   0.00000   0.00000   0.00000   0.00000   0.00849   0.00000   0.01369   0.00898   0.00000   0.01544   0.00000   0.02706   0.00000   0.02950   0.00000   0.03201   0.01239   0.01116   0.00000   0.07086   2.00389   1.25058  -0.11721   0.00000  
 25 204.4630    903.998305  x:  0.01410   0.01288   0.00531   0.00000   0.00000   0.00742   0.00745   0.00000   0.00000   0.00000   0.00000   0.00000   0.00000   0.00000   0.00725   0.00000   0.01285   0.00737   0.00000   0.01340   0.00000   0.02659   0.00000   0.03000   0.00000   0.03251   0.00927   0.01121   0.00000   0.07498   2.00400   1.25124  -0.11785   0.00000  
 26 131.0402    903.803583  x:  0.01413   0.01289   0.00758   0.00000   0.00000   0.00740   0.00670   0.00000   0.00000   0.00000   0.00000   0.00000   0.00000   0.00000   0.00745   0.00000   0.01237   0.00740   0.00000   0.01193   0.00000   0.02568   0.00000   0.03056   0.00000   0.03308   0.00653   0.01125   0.00000   0.08230   2.00424   1.25268  -0.11924   0.00000  
 27 57.0224    903.604612  x:  0.01413   0.01427   0.00730   0.00000   0.00000   0.00746   0.00769   0.00000   0.00000   0.00000   0.00000   0.00000   0.00000   0.00000   0.00729   0.00000   0.01437   0.00742   0.00000   0.01429   0.00000   0.02255   0.00000   0.03045   0.00000   0.03210   0.00811   0.01124   0.00000   0.09312   2.00472   1.25555  -0.12203   0.00000  
 28 69.6632    903.577361  x:  0.01414   0.01348   0.00717   0.00000   0.00000   0.00790   0.00681   0.00000   0.00000   0.00000   0.00000   0.00000   0.00000   0.00000   0.00789   0.00000   0.01384   0.00790   0.00000   0.01476   0.00000   0.02273   0.00000   0.02965   0.00000   0.03058   0.00837   0.01125   0.00000   0.09412   2.00502   1.25740  -0.12381   0.00000  
 29 18.3919    903.534294  x:  0.01413   0.01277   0.00713   0.00000   0.00000   0.00752   0.00789   0.00000   0.00000   0.00000   0.00000   0.00000   0.00000   0.00000   0.00734   0.00000   0.01311   0.00748   0.00000   0.01462   0.00000   0.02360   0.00000   0.02832   0.00000   0.02808   0.00815   0.01124   0.00000   0.09502   2.00576   1.26186  -0.12814   0.00000  
 30 34.3665    903.355892  x:  0.01411   0.01577   0.00737   0.00000   0.00000   0.00771   0.00718   0.00000   0.00000   0.00000   0.00000   0.00000   0.00000   0.00000   0.00749   0.00000   0.01488   0.00766   0.00000   0.01175   0.00000   0.02673   0.00000   0.02671   0.00000   0.02558   0.00941   0.01122   0.00000   0.09577   2.00969   1.28568  -0.15121   0.00000  
 31 48.8840    901.814326  x:  0.01409   0.01807   0.00644   0.00000   0.00000   0.00760   0.00732   0.00000   0.00000   0.00000   0.00000   0.00000   0.00000   0.00000   0.00855   0.00000   0.01721   0.00783   0.00000   0.01983   0.00000   0.03672   0.00000   0.02664   0.00000   0.02823   0.00421   0.01120   0.00000   0.09570   2.04387   1.49291  -0.35189   0.00000  
 32 276.3588    900.898868  x:  0.01405   0.01570   0.00850   0.00000   0.00000   0.00511   0.00444   0.00000   0.00000   0.00000   0.00000   0.00000   0.00000   0.00000   0.00538   0.00000   0.01488   0.00507   0.00000   0.01954   0.00000   0.03480   0.00000   0.02784   0.00000   0.02985   0.00803   0.01117   0.00000   0.09472   2.06450   1.61796  -0.47298   0.00000  
 33 1491.8658    899.589579  x:  0.01406   0.01283   0.00677   0.00000   0.00000   0.00787   0.00726   0.00000   0.00000   0.00000   0.00000   0.00000   0.00000   0.00000   0.00611   0.00000   0.01224   0.00767   0.00000   0.01243   0.00000   0.02116   0.00000   0.02900   0.00000   0.02928   0.00861   0.01117   0.00000   0.09102   2.09348   1.79341  -0.64283   0.00000  
 34 1650.4191    899.572812  x:  0.01405   0.01258   0.00674   0.00000   0.00000   0.00731   0.00742   0.00000   0.00000   0.00000   0.00000   0.00000   0.00000   0.00000   0.00710   0.00000   0.01243   0.00721   0.00000   0.01222   0.00000   0.02092   0.00000   0.02883   0.00000   0.02936   0.00867   0.01117   0.00000   0.09097   2.09389   1.79580  -0.64514   0.00000  
 35 71.9072    899.571647  x:  0.01405   0.01237   0.00674   0.00000   0.00000   0.00728   0.00740   0.00000   0.00000   0.00000   0.00000   0.00000   0.00000   0.00000   0.00703   0.00000   0.01266   0.00727   0.00000   0.01215   0.00000   0.02089   0.00000   0.02846   0.00000   0.02956   0.00866   0.01117   0.00000   0.09098   2.09396   1.79598  -0.64528   0.00000  
 36  4.7143    899.528614  x:  0.01405   0.01259   0.00674   0.00000   0.00000   0.00744   0.00741   0.00000   0.00000   0.00000   0.00000   0.00000   0.00000   0.00000   0.00706   0.00000   0.01239   0.00710   0.00000   0.01219   0.00000   0.02078   0.00000   0.02772   0.00000   0.02993   0.00867   0.01117   0.00000   0.09098   2.09415   1.79617  -0.64535   0.00580  
 37 15.6918    899.527211  x:  0.01405   0.01252   0.00674   0.00000   0.00000   0.00723   0.00741   0.00000   0.00000   0.00000   0.00000   0.00000   0.00000   0.00000   0.00705   0.00000   0.01247   0.00731   0.00000   0.01218   0.00000   0.02083   0.00000   0.02809   0.00000   0.02974   0.00867   0.01117   0.00000   0.09098   2.09415   1.79611  -0.64528   0.00604  
 38  6.3681    899.526892  x:  0.01405   0.01244   0.00674   0.00000   0.00000   0.00731   0.00740   0.00000   0.00000   0.00000   0.00000   0.00000   0.00000   0.00000   0.00704   0.00000   0.01257   0.00723   0.00000   0.01217   0.00000   0.02086   0.00000   0.02827   0.00000   0.02965   0.00866   0.01117   0.00000   0.09097   2.09418   1.79610  -0.64525   0.00611  
 39  3.0506    899.169774  x:  0.01365   0.01268   0.00600   0.00000   0.00000   0.00624   0.00627   0.00000   0.00000   0.00000   0.00000   0.00000   0.00000   0.00000   0.00626   0.00000   0.01276   0.00624   0.00000   0.01276   0.00000   0.01733   0.00000   0.02642   0.00000   0.02519   0.00650   0.01079   0.00000   0.08220   2.43305   2.01523  -0.59672   0.01225  
 40  0.4229    898.899722  x:  0.01280   0.01395   0.00661   0.00000   0.00000   0.00631   0.00615   0.00000   0.00000   0.00000   0.00000   0.00000   0.00000   0.00000   0.00663   0.00000   0.01409   0.00633   0.00000   0.01501   0.00000   0.02237   0.00000   0.02438   0.00000   0.02453   0.00570   0.00998   0.00000   0.07632   2.34007   2.42441  -0.52395   0.02618  
 41  0.3396    898.557143  x:  0.01139   0.01378   0.00657   0.00000   0.00000   0.00643   0.00615   0.00000   0.00000   0.00000   0.00000   0.00000   0.00000   0.00000   0.00625   0.00000   0.01313   0.00630   0.00000   0.01360   0.00000   0.01936   0.00000   0.02569   0.00000   0.02578   0.00576   0.00863   0.00000   0.07859   2.05769   3.09634  -0.40336   0.04420  
 42  0.4737    898.341735  x:  0.01041   0.01267   0.00649   0.00000   0.00000   0.00662   0.00672   0.00000   0.00000   0.00000   0.00000   0.00000   0.00000   0.00000   0.00641   0.00000   0.01201   0.00652   0.00000   0.01221   0.00000   0.01930   0.00000   0.02644   0.00000   0.02729   0.00710   0.00768   0.00000   0.08293   2.35631   3.52777  -0.22763   0.04330  
 43  0.4290    898.189254  x:  0.00965   0.01240   0.00585   0.00000   0.00000   0.00609   0.00615   0.00000   0.00000   0.00000   0.00000   0.00000   0.00000   0.00000   0.00628   0.00000   0.01277   0.00611   0.00000   0.01261   0.00000   0.01836   0.00000   0.02523   0.00000   0.02452   0.00637   0.00694   0.00000   0.08068   2.22658   4.11189  -0.01136   0.03908  
 44  0.3209    898.120310  x:  0.00928   0.01299   0.00649   0.00000   0.00000   0.00636   0.00628   0.00000   0.00000   0.00000   0.00000   0.00000   0.00000   0.00000   0.00635   0.00000   0.01306   0.00633   0.00000   0.01320   0.00000   0.01958   0.00000   0.02560   0.00000   0.02570   0.00633   0.00656   0.00000   0.07873   2.16046   4.68230   0.15462   0.04544  
 45  0.4027    898.029889  x:  0.01028   0.01339   0.00678   0.00000   0.00000   0.00667   0.00650   0.00000   0.00000   0.00000   0.00000   0.00000   0.00000   0.00000   0.00635   0.00000   0.01257   0.00654   0.00000   0.01291   0.00000   0.02017   0.00000   0.02646   0.00000   0.02735   0.00639   0.00746   0.00000   0.08056   2.15083   5.42813   0.44517   0.04151  
 46  0.2948    897.946390  x:  0.01086   0.01283   0.00621   0.00000   0.00000   0.00630   0.00640   0.00000   0.00000   0.00000   0.00000   0.00000   0.00000   0.00000   0.00626   0.00000   0.01203   0.00630   0.00000   0.01234   0.00000   0.01929   0.00000   0.02573   0.00000   0.02589   0.00618   0.00795   0.00000   0.08056   2.17429   6.56079   0.79312   0.04910  
 47  0.8689    897.922823  x:  0.01131   0.01265   0.00625   0.00000   0.00000   0.00632   0.00626   0.00000   0.00000   0.00000   0.00000   0.00000   0.00000   0.00000   0.00638   0.00000   0.01289   0.00629   0.00000   0.01300   0.00000   0.01899   0.00000   0.02530   0.00000   0.02517   0.00653   0.00834   0.00000   0.07924   2.19997   7.17673   1.01803   0.04784  
 48  0.4209    897.908512  x:  0.01147   0.01278   0.00618   0.00000   0.00000   0.00616   0.00632   0.00000   0.00000   0.00000   0.00000   0.00000   0.00000   0.00000   0.00611   0.00000   0.01260   0.00611   0.00000   0.01253   0.00000   0.01942   0.00000   0.02579   0.00000   0.02607   0.00633   0.00842   0.00000   0.07955   2.17316   8.21648   1.38554   0.04735  
 49  0.4138    897.899041  x:  0.01132   0.01283   0.00629   0.00000   0.00000   0.00648   0.00619   0.00000   0.00000   0.00000   0.00000   0.00000   0.00000   0.00000   0.00636   0.00000   0.01245   0.00647   0.00000   0.01273   0.00000   0.01920   0.00000   0.02559   0.00000   0.02559   0.00647   0.00820   0.00000   0.08019   2.17165   9.28955   1.75669   0.04824  
 50  0.5698    897.893720  x:  0.01113   0.01270   0.00631   0.00000   0.00000   0.00623   0.00642   0.00000   0.00000   0.00000   0.00000   0.00000   0.00000   0.00000   0.00632   0.00000   0.01259   0.00621   0.00000   0.01283   0.00000   0.01912   0.00000   0.02543   0.00000   0.02545   0.00639   0.00793   0.00000   0.07948   2.19117  10.33152   2.12435   0.04807  
 51  0.6338    897.891819  x:  0.01113   0.01279   0.00616   0.00000   0.00000   0.00632   0.00625   0.00000   0.00000   0.00000   0.00000   0.00000   0.00000   0.00000   0.00627   0.00000   0.01267   0.00629   0.00000   0.01269   0.00000   0.01923   0.00000   0.02558   0.00000   0.02567   0.00637   0.00786   0.00000   0.07960   2.18462  11.15333   2.41337   0.04794  
 52  0.5445    897.890554  x:  0.01125   0.01272   0.00632   0.00000   0.00000   0.00629   0.00628   0.00000   0.00000   0.00000   0.00000   0.00000   0.00000   0.00000   0.00626   0.00000   0.01252   0.00627   0.00000   0.01273   0.00000   0.01923   0.00000   0.02562   0.00000   0.02564   0.00644   0.00785   0.00000   0.07984   2.17408  12.52279   2.89279   0.04806  
 53  0.6162    897.889873  x:  0.01135   0.01279   0.00622   0.00000   0.00000   0.00630   0.00631   0.00000   0.00000   0.00000   0.00000   0.00000   0.00000   0.00000   0.00630   0.00000   0.01262   0.00626   0.00000   0.01274   0.00000   0.01918   0.00000   0.02550   0.00000   0.02559   0.00640   0.00783   0.00000   0.07961   2.18635  13.69822   3.30587   0.04804  
 54  0.6424    897.889615  x:  0.01142   0.01271   0.00626   0.00000   0.00000   0.00629   0.00628   0.00000   0.00000   0.00000   0.00000   0.00000   0.00000   0.00000   0.00627   0.00000   0.01259   0.00629   0.00000   0.01273   0.00000   0.01922   0.00000   0.02560   0.00000   0.02563   0.00638   0.00774   0.00000   0.07966   2.18099  15.23297   3.84451   0.04800  
 55  0.5852    897.889513  x:  0.01148   0.01278   0.00624   0.00000   0.00000   0.00630   0.00631   0.00000   0.00000   0.00000   0.00000   0.00000   0.00000   0.00000   0.00629   0.00000   0.01261   0.00626   0.00000   0.01273   0.00000   0.01921   0.00000   0.02554   0.00000   0.02562   0.00641   0.00767   0.00000   0.07971   2.18162  16.35904   4.23946   0.04805  
 56  0.6319    897.889470  x:  0.01154   0.01275   0.00625   0.00000   0.00000   0.00630   0.00629   0.00000   0.00000   0.00000   0.00000   0.00000   0.00000   0.00000   0.00628   0.00000   0.01259   0.00627   0.00000   0.01273   0.00000   0.01919   0.00000   0.02555   0.00000   0.02561   0.00640   0.00760   0.00000   0.07961   2.18404  17.50493   4.64184   0.04802  
 57  0.5919    897.889448  x:  0.01162   0.01275   0.00625   0.00000   0.00000   0.00629   0.00630   0.00000   0.00000   0.00000   0.00000   0.00000   0.00000   0.00000   0.00628   0.00000   0.01260   0.00627   0.00000   0.01274   0.00000   0.01922   0.00000   0.02556   0.00000   0.02561   0.00640   0.00752   0.00000   0.07970   2.18214  18.72761   5.07083   0.04804  
 58  0.6130    897.889438  x:  0.01170   0.01276   0.00625   0.00000   0.00000   0.00630   0.00630   0.00000   0.00000   0.00000   0.00000   0.00000   0.00000   0.00000   0.00629   0.00000   0.01260   0.00627   0.00000   0.01272   0.00000   0.01919   0.00000   0.02555   0.00000   0.02562   0.00640   0.00745   0.00000   0.07965   2.18233  19.91634   5.48799   0.04803  
 59  0.6130    897.889434  x:  0.01179   0.01275   0.00625   0.00000   0.00000   0.00629   0.00630   0.00000   0.00000   0.00000   0.00000   0.00000   0.00000   0.00000   0.00629   0.00000   0.01260   0.00627   0.00000   0.01274   0.00000   0.01921   0.00000   0.02556   0.00000   0.02561   0.00640   0.00736   0.00000   0.07967   2.18302  21.18306   5.93262   0.04803  
 60  0.6189    897.889432  x:  0.01188   0.01275   0.00625   0.00000   0.00000   0.00630   0.00630   0.00000   0.00000   0.00000   0.00000   0.00000   0.00000   0.00000   0.00628   0.00000   0.01260   0.00627   0.00000   0.01273   0.00000   0.01920   0.00000   0.02555   0.00000   0.02562   0.00640   0.00727   0.00000   0.07967   2.18238  22.36284   6.34658   0.04803  
 61  0.5869    897.889431  x:  0.01199   0.01276   0.00625   0.00000   0.00000   0.00629   0.00630   0.00000   0.00000   0.00000   0.00000   0.00000   0.00000   0.00000   0.00629   0.00000   0.01260   0.00627   0.00000   0.01273   0.00000   0.01920   0.00000   0.02555   0.00000   0.02561   0.00640   0.00716   0.00000   0.07966   2.18266  23.80947   6.85433   0.04803  
 62  0.6090    897.889430  x:  0.01208   0.01275   0.00625   0.00000   0.00000   0.00630   0.00630   0.00000   0.00000   0.00000   0.00000   0.00000   0.00000   0.00000   0.00628   0.00000   0.01260   0.00627   0.00000   0.01273   0.00000   0.01920   0.00000   0.02555   0.00000   0.02561   0.00640   0.00707   0.00000   0.07967   2.18265  24.92144   7.24454   0.04803  
 63  0.5911    897.889430  x:  0.01218   0.01276   0.00625   0.00000   0.00000   0.00630   0.00630   0.00000   0.00000   0.00000   0.00000   0.00000   0.00000   0.00000   0.00628   0.00000   0.01260   0.00627   0.00000   0.01273   0.00000   0.01920   0.00000   0.02555   0.00000   0.02561   0.00640   0.00697   0.00000   0.07967   2.18254  26.05622   7.64279   0.04803  
 64  0.5774    897.889430  x:  0.01234   0.01275   0.00625   0.00000   0.00000   0.00630   0.00630   0.00000   0.00000   0.00000   0.00000   0.00000   0.00000   0.00000   0.00629   0.00000   0.01260   0.00627   0.00000   0.01273   0.00000   0.01920   0.00000   0.02555   0.00000   0.02561   0.00640   0.00681   0.00000   0.07966   2.18265  27.79590   8.25334   0.04803  
 65  0.6871    897.889430  x:  0.01241   0.01275   0.00625   0.00000   0.00000   0.00630   0.00630   0.00000   0.00000   0.00000   0.00000   0.00000   0.00000   0.00000   0.00628   0.00000   0.01260   0.00627   0.00000   0.01273   0.00000   0.01920   0.00000   0.02555   0.00000   0.02561   0.00640   0.00674   0.00000   0.07967   2.18261  28.56224   8.52227   0.04803  
 66  0.5214    897.889430  x:  0.01258   0.01275   0.00625   0.00000   0.00000   0.00630   0.00630   0.00000   0.00000   0.00000   0.00000   0.00000   0.00000   0.00000   0.00628   0.00000   0.01260   0.00627   0.00000   0.01273   0.00000   0.01920   0.00000   0.02555   0.00000   0.02561   0.00640   0.00657   0.00000   0.07967   2.18258  30.28839   9.12807   0.04803  
 67  0.6258    897.889430  x:  0.01290   0.01275   0.00625   0.00000   0.00000   0.00630   0.00630   0.00000   0.00000   0.00000   0.00000   0.00000   0.00000   0.00000   0.00628   0.00000   0.01260   0.00627   0.00000   0.01273   0.00000   0.01920   0.00000   0.02555   0.00000   0.02561   0.00640   0.00625   0.00000   0.07967   2.18264  33.31705  10.19096   0.04803  
 68  0.9386    897.889430  x:  0.01291   0.01275   0.00625   0.00000   0.00000   0.00630   0.00630   0.00000   0.00000   0.00000   0.00000   0.00000   0.00000   0.00000   0.00628   0.00000   0.01260   0.00627   0.00000   0.01273   0.00000   0.01920   0.00000   0.02555   0.00000   0.02561   0.00640   0.00624   0.00000   0.07967   2.18263  33.43551  10.23254   0.04803  
 69  0.3139    897.889430  x:  0.01291   0.01275   0.00625   0.00000   0.00000   0.00630   0.00630   0.00000   0.00000   0.00000   0.00000   0.00000   0.00000   0.00000   0.00628   0.00000   0.01260   0.00627   0.00000   0.01273   0.00000   0.01920   0.00000   0.02555   0.00000   0.02561   0.00640   0.00623   0.00000   0.07967   2.18263  33.46513  10.24293   0.04803  
 70  0.6645    897.889430  x:  0.01291   0.01275   0.00625   0.00000   0.00000   0.00630   0.00630   0.00000   0.00000   0.00000   0.00000   0.00000   0.00000   0.00000   0.00628   0.00000   0.01260   0.00627   0.00000   0.01273   0.00000   0.01920   0.00000   0.02555   0.00000   0.02561   0.00640   0.00623   0.00000   0.07967   2.18263  33.46662  10.24345   0.04803  
 71 21.7984    897.889430  x:  0.01297   0.01275   0.00625   0.00000   0.00000   0.00630   0.00630   0.00000   0.00000   0.00000   0.00000   0.00000   0.00000   0.00000   0.00628   0.00000   0.01260   0.00627   0.00000   0.01273   0.00000   0.01920   0.00000   0.02555   0.00000   0.02561   0.00640   0.00618   0.00000   0.07967   2.18259  33.86614  10.38366   0.04803  
 72  1.6889    897.889430  x:  0.01297   0.01275   0.00625   0.00000   0.00000   0.00630   0.00630   0.00000   0.00000   0.00000   0.00000   0.00000   0.00000   0.00000   0.00628   0.00000   0.01260   0.00627   0.00000   0.01273   0.00000   0.01920   0.00000   0.02555   0.00000   0.02561   0.00640   0.00618   0.00000   0.07967   2.18259  33.86612  10.38366   0.04803  
 73  0.6944    897.889430  x:  0.01297   0.01275   0.00625   0.00000   0.00000   0.00630   0.00630   0.00000   0.00000   0.00000   0.00000   0.00000   0.00000   0.00000   0.00628   0.00000   0.01260   0.00627   0.00000   0.01273   0.00000   0.01920   0.00000   0.02555   0.00000   0.02561   0.00640   0.00617   0.00000   0.07967   2.18261  33.86610  10.38365   0.04803  
 74  0.0000    897.889430  x:  0.01297   0.01275   0.00625   0.00000   0.00000   0.00630   0.00630   0.00000   0.00000   0.00000   0.00000   0.00000   0.00000   0.00000   0.00628   0.00000   0.01260   0.00627   0.00000   0.01273   0.00000   0.01920   0.00000   0.02555   0.00000   0.02561   0.00640   0.00617   0.00000   0.07967   2.18261  33.86611  10.38365   0.04803  
 75  0.0014    897.889430  x:  0.01298   0.01275   0.00625   0.00000   0.00000   0.00630   0.00630   0.00000   0.00000   0.00000   0.00000   0.00000   0.00000   0.00000   0.00628   0.00000   0.01260   0.00627   0.00000   0.01273   0.00000   0.01920   0.00000   0.02555   0.00000   0.02561   0.00640   0.00617   0.00000   0.07967   2.18260  33.86570  10.38351   0.04803  
 76  0.0111    897.889430  x:  0.01300   0.01275   0.00625   0.00000   0.00000   0.00630   0.00630   0.00000   0.00000   0.00000   0.00000   0.00000   0.00000   0.00000   0.00628   0.00000   0.01260   0.00627   0.00000   0.01273   0.00000   0.01920   0.00000   0.02555   0.00000   0.02561   0.00640   0.00615   0.00000   0.07967   2.18259  33.86489  10.38323   0.04803  
 77  0.0003    897.889430  x:  0.01315   0.01275   0.00625   0.00000   0.00000   0.00630   0.00630   0.00000   0.00000   0.00000   0.00000   0.00000   0.00000   0.00000   0.00628   0.00000   0.01260   0.00627   0.00000   0.01273   0.00000   0.01920   0.00000   0.02555   0.00000   0.02561   0.00640   0.00599   0.00000   0.07967   2.18260  33.86608  10.38364   0.04803  
 78  0.0002    897.889430  x:  0.01468   0.01275   0.00625   0.00000   0.00000   0.00630   0.00630   0.00000   0.00000   0.00000   0.00000   0.00000   0.00000   0.00000   0.00628   0.00000   0.01260   0.00627   0.00000   0.01273   0.00000   0.01920   0.00000   0.02555   0.00000   0.02561   0.00640   0.00447   0.00000   0.07967   2.18260  33.87517  10.38683   0.04803  
 79  0.0095    897.889430  x:  0.01468   0.01275   0.00625   0.00000   0.00000   0.00630   0.00630   0.00000   0.00000   0.00000   0.00000   0.00000   0.00000   0.00000   0.00628   0.00000   0.01260   0.00627   0.00000   0.01273   0.00000   0.01920   0.00000   0.02555   0.00000   0.02561   0.00640   0.00447   0.00000   0.07967   2.18260  33.87505  10.38679   0.04803  
 80  0.0003    897.889430  x:  0.01468   0.01275   0.00625   0.00000   0.00000   0.00630   0.00630   0.00000   0.00000   0.00000   0.00000   0.00000   0.00000   0.00000   0.00628   0.00000   0.01260   0.00627   0.00000   0.01273   0.00000   0.01920   0.00000   0.02555   0.00000   0.02561   0.00640   0.00446   0.00000   0.07967   2.18260  33.87504  10.38679   0.04803  
 81  0.0002    897.889430  x:  0.01468   0.01275   0.00625   0.00000   0.00000   0.00630   0.00630   0.00000   0.00000   0.00000   0.00000   0.00000   0.00000   0.00000   0.00628   0.00000   0.01260   0.00627   0.00000   0.01273   0.00000   0.01920   0.00000   0.02555   0.00000   0.02561   0.00640   0.00446   0.00000   0.07967   2.18260  33.87504  10.38679   0.04803  
 82  0.0004    897.889430  x:  0.01468   0.01275   0.00625   0.00000   0.00000   0.00630   0.00630   0.00000   0.00000   0.00000   0.00000   0.00000   0.00000   0.00000   0.00628   0.00000   0.01260   0.00627   0.00000   0.01273   0.00000   0.01920   0.00000   0.02555   0.00000   0.02561   0.00640   0.00446   0.00000   0.07967   2.18260  33.87504  10.38679   0.04803  
 83  0.0001    897.889430  x:  0.01468   0.01275   0.00625   0.00000   0.00000   0.00630   0.00630   0.00000   0.00000   0.00000   0.00000   0.00000   0.00000   0.00000   0.00628   0.00000   0.01260   0.00627   0.00000   0.01273   0.00000   0.01920   0.00000   0.02555   0.00000   0.02561   0.00640   0.00446   0.00000   0.07967   2.18260  33.87504  10.38679   0.04803  
check convergence!
