

TREE # 1

  0  0.0000   1266.889100  x:  0.00000   0.00855   0.01629   0.01173   0.02089   0.02179   0.01068   0.01238   0.02093   0.00611   0.01581   0.01166   0.00739   0.00848   0.00982   0.01883   0.02045   0.01936   0.02087   0.02234   0.02351   0.02232   0.01277   0.03583   0.00000   0.04045   0.03988   0.02830   0.05456   0.03913   2.00000   1.09989   0.02896   0.27919   2.57308  
  1 99.0000   1266.886706  x:  0.00000   0.00855   0.01629   0.01173   0.02088   0.02179   0.01068   0.01238   0.02092   0.00611   0.01581   0.01166   0.00738   0.00848   0.00982   0.01883   0.02045   0.01936   0.02087   0.02234   0.02351   0.02232   0.01277   0.03583   0.00000   0.04045   0.03988   0.02830   0.05456   0.03913   2.00000   1.09989   0.02896   0.27919   2.57308  
  2 742.4121   1252.632336  x:  0.00000   0.00445   0.01021   0.01069   0.01484   0.01571   0.00430   0.00631   0.01484   0.00000   0.00971   0.01071   0.00128   0.00929   0.00983   0.01275   0.01697   0.01894   0.01915   0.02149   0.01939   0.02144   0.01246   0.03605   0.00000   0.03883   0.03942   0.02636   0.05342   0.03929   2.00020   1.10020   0.02865   0.27768   2.57308  
  3 8470.9329   1249.927068  x:  0.00000   0.00363   0.00895   0.01049   0.01358   0.01445   0.00298   0.00504   0.01357   0.00000   0.00844   0.01053   0.00000   0.00939   0.00981   0.01149   0.01628   0.01885   0.01881   0.02132   0.01857   0.02127   0.01240   0.03609   0.00000   0.03851   0.03933   0.02596   0.05319   0.03931   2.00024   1.10026   0.02859   0.27739   2.57308  
  4 1304478.8813   1244.941578  x:  0.00000   0.00370   0.00615   0.00958   0.01078   0.01164   0.00000   0.00222   0.01075   0.00000   0.00562   0.00952   0.00000   0.01084   0.00948   0.00868   0.01553   0.01850   0.01791   0.02067   0.01865   0.02065   0.01221   0.03679   0.00000   0.03774   0.03918   0.02478   0.05297   0.03963   2.00034   1.10036   0.02849   0.27595   2.57308  
  5 3303.5383   1241.440462  x:  0.00000   0.00357   0.00398   0.00966   0.00857   0.00944   0.00000   0.00000   0.00853   0.00000   0.00341   0.00979   0.00000   0.01081   0.01009   0.00647   0.01474   0.01850   0.01716   0.02034   0.01842   0.02033   0.01209   0.03711   0.00000   0.03706   0.03912   0.02376   0.05256   0.04035   2.00042   1.10040   0.02846   0.27341   2.57308  
  6 2280.6287   1236.709373  x:  0.00000   0.00305   0.00064   0.00959   0.00515   0.00605   0.00000   0.00000   0.00509   0.00000   0.00000   0.00957   0.00000   0.01115   0.00981   0.00306   0.01384   0.01846   0.01696   0.02034   0.01742   0.02031   0.01208   0.03692   0.00000   0.03639   0.03904   0.02296   0.05191   0.04056   2.00055   1.10045   0.02843   0.26905   2.57308  
  7 6351.5457   1235.949484  x:  0.00000   0.00296   0.00000   0.00947   0.00449   0.00540   0.00000   0.00000   0.00444   0.00000   0.00000   0.00951   0.00000   0.01115   0.00988   0.00242   0.01377   0.01841   0.01690   0.02026   0.01718   0.02024   0.01204   0.03696   0.00000   0.03635   0.03902   0.02294   0.05184   0.04052   2.00058   1.10047   0.02841   0.26825   2.57308  
  8 12006.4570   1233.664721  x:  0.00000   0.00276   0.00000   0.00987   0.00201   0.00296   0.00000   0.00000   0.00206   0.00000   0.00000   0.00951   0.00000   0.01140   0.00954   0.00000   0.01358   0.01843   0.01628   0.01992   0.01622   0.01991   0.01229   0.03751   0.00000   0.03647   0.03891   0.02310   0.05197   0.04070   2.00066   1.10062   0.02828   0.26561   2.57307  
  9 4195.8141   1232.292957  x:  0.00000   0.00289   0.00000   0.00979   0.00000   0.00101   0.00000   0.00000   0.00021   0.00000   0.00000   0.00947   0.00000   0.01150   0.00948   0.00000   0.01323   0.01850   0.01614   0.02000   0.01566   0.01997   0.01196   0.03759   0.00000   0.03647   0.03885   0.02301   0.05211   0.04108   2.00072   1.10080   0.02812   0.26385   2.57307  
 10 2734.6521   1232.180569  x:  0.00000   0.00291   0.00000   0.00977   0.00000   0.00078   0.00000   0.00000   0.00000   0.00000   0.00000   0.00946   0.00000   0.01151   0.00949   0.00000   0.01320   0.01849   0.01614   0.02000   0.01560   0.01997   0.01199   0.03758   0.00000   0.03645   0.03885   0.02298   0.05211   0.04111   2.00073   1.10082   0.02810   0.26366   2.57307  
 11 6049.0361   1231.936812  x:  0.00000   0.00301   0.00000   0.00979   0.00000   0.00000   0.00000   0.00000   0.00000   0.00000   0.00000   0.00945   0.00000   0.01154   0.00947   0.00000   0.01316   0.01846   0.01611   0.01992   0.01540   0.01990   0.01193   0.03756   0.00000   0.03633   0.03886   0.02285   0.05194   0.04108   2.00075   1.10090   0.02803   0.26302   2.57307  
 12 2539.5310   1228.594706  x:  0.00000   0.01445   0.00000   0.00471   0.00000   0.00000   0.00000   0.00000   0.00000   0.00000   0.00000   0.01087   0.00000   0.01307   0.00910   0.00000   0.01513   0.02756   0.00943   0.02600   0.00000   0.02495   0.01243   0.04692   0.00000   0.03075   0.03840   0.02125   0.03261   0.04034   2.00325   1.10812   0.02113   0.21864   2.57296  
 13 288.6967   1226.631480  x:  0.00000   0.01475   0.00000   0.00873   0.00000   0.00000   0.00000   0.00000   0.00000   0.00000   0.00000   0.00418   0.00000   0.01220   0.01190   0.00000   0.01075   0.02940   0.01431   0.02762   0.00000   0.02571   0.01133   0.05609   0.00000   0.03115   0.03718   0.02636   0.02031   0.04169   2.00659   1.11705   0.01243   0.17387   2.57288  
 14 197.0702   1221.016287  x:  0.00000   0.00271   0.00000   0.00634   0.00000   0.00000   0.00000   0.00000   0.00000   0.00000   0.00000   0.01030   0.00000   0.01187   0.00958   0.00000   0.00209   0.02746   0.02152   0.02751   0.00000   0.02459   0.01127   0.06599   0.00000   0.03216   0.03618   0.03632   0.01512   0.03823   2.01409   1.13668  -0.00688   0.08322   2.57276  
 15 545.9973   1218.184148  x:  0.00000   0.00046   0.00000   0.00599   0.00000   0.00000   0.00000   0.00000   0.00000   0.00000   0.00000   0.01102   0.00000   0.01205   0.00947   0.00000   0.00303   0.02753   0.02343   0.02856   0.00000   0.02507   0.01127   0.06957   0.00000   0.03065   0.03610   0.03867   0.01308   0.03904   2.01807   1.14704  -0.01706   0.03217   2.57269  
 16 2271.6715   1215.990967  x:  0.00000   0.00031   0.00000   0.00565   0.00000   0.00000   0.00000   0.00000   0.00000   0.00000   0.00000   0.01173   0.00000   0.01214   0.00928   0.00000   0.00284   0.02752   0.02462   0.02909   0.00000   0.02525   0.01127   0.07190   0.00000   0.02977   0.03608   0.04029   0.01157   0.03940   2.02055   1.15349  -0.02340   0.00000   2.57264  
 17 29967.1717   1215.734877  x:  0.00000   0.00022   0.00000   0.00641   0.00000   0.00000   0.00000   0.00000   0.00000   0.00000   0.00000   0.00999   0.00000   0.01152   0.00975   0.00000   0.00188   0.02792   0.02218   0.02901   0.00000   0.02546   0.01129   0.06953   0.00000   0.03013   0.03632   0.04036   0.01327   0.03789   2.02001   1.15203  -0.02198   0.00000   2.57266  
 18 151.1147   1215.091159  x:  0.00000   0.00011   0.00000   0.00723   0.00000   0.00000   0.00000   0.00000   0.00000   0.00000   0.00000   0.00811   0.00000   0.01084   0.01026   0.00000   0.00086   0.02834   0.01950   0.02892   0.00113   0.02568   0.01132   0.06691   0.00000   0.03055   0.03657   0.04046   0.01507   0.03629   2.01942   1.15045  -0.02045   0.00000   2.57268  
 19 5167.5947   1214.259635  x:  0.00000   0.00008   0.00000   0.00710   0.00000   0.00000   0.00000   0.00000   0.00000   0.00000   0.00000   0.00780   0.00000   0.01058   0.01027   0.00000   0.00081   0.03012   0.01997   0.02994   0.00129   0.02355   0.01130   0.06739   0.00000   0.03787   0.02426   0.03185   0.01547   0.03460   2.03417   1.18196  -0.05196   0.00000   2.57268  
 20 23.6901   1212.713385  x:  0.00000   0.00000   0.00000   0.00662   0.00000   0.00000   0.00000   0.00000   0.00000   0.00000   0.00000   0.00766   0.00000   0.01042   0.00998   0.00000   0.00063   0.03081   0.02094   0.03031   0.00143   0.02279   0.01115   0.06985   0.00000   0.04248   0.02744   0.02488   0.01508   0.03475   2.05258   1.22116  -0.09115   0.00000   2.57269  
 21 275.2571   1212.713385  x:  0.00000   0.00000   0.00000   0.00662   0.00000   0.00000   0.00000   0.00000   0.00000   0.00000   0.00000   0.00766   0.00000   0.01042   0.00998   0.00000   0.00063   0.03081   0.02094   0.03031   0.00143   0.02279   0.01115   0.06985   0.00000   0.04248   0.02744   0.02488   0.01508   0.03475   2.05258   1.22116  -0.09115   0.00000   2.57269  
 22 592.3558   1209.476712  x:  0.00000   0.00703   0.00000   0.00655   0.00000   0.00000   0.00000   0.00000   0.00000   0.00000   0.00000   0.00752   0.00000   0.01014   0.00972   0.00000   0.00623   0.03054   0.02066   0.03005   0.00340   0.02266   0.01129   0.06971   0.00000   0.04231   0.02778   0.02457   0.01649   0.03515   2.05260   1.22122  -0.09121   0.00000   2.57269  
 23 2352.6548   1205.977306  x:  0.00000   0.00702   0.00000   0.00611   0.00000   0.00000   0.00000   0.00000   0.00000   0.00000   0.00000   0.00644   0.00000   0.00795   0.00766   0.00000   0.00719   0.02840   0.01845   0.02794   0.00000   0.02161   0.01229   0.06862   0.00000   0.04090   0.03054   0.02213   0.02509   0.03909   2.05278   1.22172  -0.09171   0.00000   2.57269  
 24 380.2859   1204.168828  x:  0.00000   0.01061   0.00000   0.00713   0.00000   0.00000   0.00000   0.00000   0.00000   0.00000   0.00000   0.00779   0.00000   0.00576   0.00619   0.00000   0.00364   0.02093   0.01185   0.02064   0.00000   0.01870   0.01244   0.06423   0.00000   0.03564   0.03653   0.01332   0.02120   0.04908   2.05354   1.22388  -0.09387   0.00000   2.57269  
 25 187.1085   1203.876945  x:  0.00000   0.00867   0.00000   0.00656   0.00000   0.00000   0.00000   0.00000   0.00000   0.00000   0.00000   0.00734   0.00000   0.00699   0.00702   0.00000   0.00643   0.01875   0.01121   0.01856   0.00000   0.01812   0.01213   0.06225   0.00000   0.03359   0.03764   0.01150   0.01980   0.05149   2.05394   1.22500  -0.09499   0.00000   2.57269  
 26 148.4182   1203.683383  x:  0.00000   0.00881   0.00000   0.00566   0.00000   0.00000   0.00000   0.00000   0.00000   0.00000   0.00000   0.00610   0.00000   0.00812   0.00799   0.00000   0.00550   0.01723   0.01378   0.01726   0.00000   0.01826   0.01147   0.05799   0.00000   0.03010   0.03753   0.01306   0.01990   0.05317   2.05496   1.22788  -0.09787   0.00000   2.57269  
 27 57.1797   1203.514794  x:  0.00000   0.00757   0.00000   0.00746   0.00000   0.00000   0.00000   0.00000   0.00000   0.00000   0.00000   0.00776   0.00000   0.00722   0.00721   0.00000   0.00590   0.01755   0.01433   0.01767   0.00000   0.01864   0.01175   0.05258   0.00000   0.02703   0.03659   0.01410   0.01976   0.05382   2.05662   1.23255  -0.10254   0.00000   2.57269  
 28 70.3017   1203.303224  x:  0.00000   0.00644   0.00000   0.00528   0.00000   0.00000   0.00000   0.00000   0.00000   0.00000   0.00000   0.00685   0.00000   0.00678   0.00682   0.00000   0.00551   0.01911   0.01226   0.01908   0.00000   0.01877   0.01254   0.04657   0.00000   0.02614   0.03529   0.01315   0.01931   0.05325   2.05943   1.24048  -0.11047   0.00000   2.57269  
 29 84.1489   1203.095111  x:  0.00000   0.00553   0.00000   0.00742   0.00000   0.00000   0.00000   0.00000   0.00000   0.00000   0.00000   0.00553   0.00000   0.00840   0.00812   0.00000   0.00468   0.01909   0.01133   0.01893   0.00000   0.01820   0.01218   0.04306   0.00000   0.02796   0.03476   0.01156   0.01998   0.05192   2.06328   1.25130  -0.12129   0.00000   2.57269  
 30 105.9647   1202.592095  x:  0.00000   0.00324   0.00000   0.00582   0.00000   0.00000   0.00000   0.00000   0.00000   0.00000   0.00000   0.00889   0.00000   0.00849   0.00810   0.00000   0.00401   0.01661   0.01285   0.01640   0.00000   0.01680   0.01123   0.04076   0.00000   0.03257   0.03531   0.01068   0.02047   0.04956   2.07328   1.27940  -0.14939   0.00000   2.57269  
 31 202.8327   1201.550061  x:  0.00000   0.00138   0.00000   0.00678   0.00000   0.00000   0.00000   0.00000   0.00000   0.00000   0.00000   0.00518   0.00000   0.00597   0.00546   0.00000   0.00451   0.01467   0.01294   0.01486   0.00000   0.01710   0.01310   0.04238   0.00000   0.03388   0.03687   0.01331   0.01846   0.04911   2.09285   1.33428  -0.20427   0.00000   2.57269  
 32 337.5181   1193.139195  x:  0.00000   0.00457   0.00000   0.00613   0.00000   0.00000   0.00000   0.00000   0.00000   0.00000   0.00000   0.00795   0.00000   0.01228   0.00677   0.00000   0.00428   0.01152   0.00665   0.01360   0.00000   0.02195   0.02511   0.04629   0.00000   0.03174   0.04391   0.02057   0.01908   0.04738   2.29387   1.89790  -0.76789   0.00000   2.57269  
 33 1711.7227   1190.409598  x:  0.00000   0.00525   0.00000   0.00650   0.00000   0.00000   0.00000   0.00000   0.00000   0.00000   0.00000   0.00466   0.00000   0.00533   0.00583   0.00000   0.00532   0.01796   0.01594   0.01574   0.00000   0.01715   0.01692   0.04853   0.00000   0.02911   0.04261   0.01033   0.01842   0.04907   2.35532   2.06929  -0.93928   0.00000   2.57269  
 34 2149.4104   1189.872619  x:  0.00000   0.00515   0.00000   0.00632   0.00000   0.00000   0.00000   0.00000   0.00000   0.00000   0.00000   0.00421   0.00000   0.00441   0.00486   0.00000   0.00544   0.01718   0.01329   0.01607   0.00000   0.01528   0.00960   0.05042   0.00000   0.02696   0.03883   0.01090   0.01901   0.04902   2.36605   2.09840  -0.96839   0.00000   2.57269  
 35 494.4728   1189.771531  x:  0.00000   0.00482   0.00000   0.00624   0.00000   0.00000   0.00000   0.00000   0.00000   0.00000   0.00000   0.00455   0.00000   0.00474   0.00548   0.00000   0.00510   0.01712   0.01303   0.01585   0.00000   0.01459   0.01032   0.05300   0.00000   0.02502   0.03501   0.00989   0.01944   0.04998   2.36878   2.10449  -0.97448   0.00000   2.57269  
 36 74.6074   1189.767815  x:  0.00000   0.00483   0.00000   0.00624   0.00000   0.00000   0.00000   0.00000   0.00000   0.00000   0.00000   0.00454   0.00000   0.00493   0.00519   0.00000   0.00509   0.01714   0.01310   0.01578   0.00000   0.01490   0.01028   0.05303   0.00000   0.02516   0.03469   0.00978   0.01944   0.05024   2.36907   2.10468  -0.97467   0.00000   2.57269  
 37 12.7401   1189.754545  x:  0.00117   0.00484   0.00000   0.00624   0.00000   0.00000   0.00000   0.00000   0.00000   0.00000   0.00000   0.00454   0.00000   0.00487   0.00520   0.00000   0.00510   0.01712   0.01311   0.01568   0.00000   0.01532   0.01022   0.05300   0.00000   0.02545   0.03429   0.00976   0.01944   0.05065   2.36957   2.10485  -0.97484   0.00000   2.57269  
 38 25.0579   1189.744455  x:  0.00129   0.00485   0.00000   0.00624   0.00000   0.00000   0.00000   0.00000   0.00000   0.00000   0.00000   0.00452   0.00000   0.00477   0.00522   0.00000   0.00510   0.01683   0.01316   0.01582   0.00000   0.01556   0.01022   0.05298   0.00000   0.02544   0.03419   0.00961   0.01946   0.05055   2.37002   2.10485  -0.97484   0.00129   2.57269  
 39 14.8787   1189.742025  x:  0.00147   0.00483   0.00000   0.00624   0.00000   0.00000   0.00000   0.00000   0.00000   0.00000   0.00000   0.00454   0.00000   0.00494   0.00511   0.00000   0.00508   0.01686   0.01317   0.01599   0.00000   0.01527   0.01024   0.05304   0.00000   0.02524   0.03449   0.00962   0.01946   0.05037   2.37081   2.10472  -0.97471   0.00141   2.57269  
 40  4.7163   1189.710203  x:  0.00215   0.00467   0.00000   0.00619   0.00000   0.00000   0.00000   0.00000   0.00000   0.00000   0.00000   0.00466   0.00000   0.00503   0.00534   0.00000   0.00495   0.01672   0.01312   0.01654   0.00000   0.01666   0.00977   0.05368   0.00000   0.02398   0.03576   0.00890   0.01964   0.04931   2.38636   2.10381  -0.97380   0.00110   2.57269  
 41 17.6374   1189.403372  x:  0.00411   0.00518   0.00000   0.00615   0.00000   0.00000   0.00000   0.00000   0.00000   0.00000   0.00000   0.00396   0.00000   0.00417   0.00396   0.00000   0.00504   0.01533   0.01314   0.01302   0.00000   0.01648   0.01095   0.05225   0.00000   0.02168   0.03528   0.00727   0.02044   0.04297   2.54953   2.09566  -0.96565   0.00000   2.57269  
 42 122.7614   1189.403372  x:  0.00411   0.00518   0.00000   0.00615   0.00000   0.00000   0.00000   0.00000   0.00000   0.00000   0.00000   0.00396   0.00000   0.00417   0.00396   0.00000   0.00504   0.01533   0.01314   0.01302   0.00000   0.01648   0.01095   0.05225   0.00000   0.02168   0.03528   0.00727   0.02044   0.04297   2.54953   2.09566  -0.96565   0.00000   2.57269  
 43 1047.4566   1188.429530  x:  0.00353   0.00488   0.00000   0.00415   0.00000   0.00000   0.00000   0.00000   0.00000   0.00000   0.00000   0.00723   0.00000   0.00670   0.00723   0.00000   0.00513   0.01543   0.01065   0.01503   0.00000   0.01574   0.01155   0.05109   0.00000   0.02360   0.03586   0.00669   0.02900   0.04567   2.54969   2.09570  -0.96569   0.00028   2.57269  
 44 193.6250   1187.961409  x:  0.00369   0.00518   0.00000   0.00606   0.00000   0.00000   0.00000   0.00000   0.00000   0.00000   0.00000   0.00507   0.00000   0.00491   0.00506   0.00000   0.00510   0.01554   0.00920   0.01615   0.00000   0.01523   0.01190   0.04962   0.00000   0.02537   0.03654   0.00684   0.03567   0.04881   2.54993   2.09576  -0.96575   0.00106   2.57269  
 45 145.8442   1187.910231  x:  0.00373   0.00504   0.00000   0.00502   0.00000   0.00000   0.00000   0.00000   0.00000   0.00000   0.00000   0.00456   0.00000   0.00485   0.00456   0.00000   0.00512   0.01557   0.01032   0.01574   0.00000   0.01539   0.01179   0.04896   0.00000   0.02562   0.03679   0.00689   0.03639   0.05006   2.55008   2.09580  -0.96579   0.00141   2.57269  
 46 49.1108   1187.883461  x:  0.00375   0.00517   0.00000   0.00556   0.00000   0.00000   0.00000   0.00000   0.00000   0.00000   0.00000   0.00492   0.00000   0.00475   0.00492   0.00000   0.00511   0.01560   0.01113   0.01507   0.00000   0.01565   0.01164   0.04804   0.00000   0.02570   0.03710   0.00691   0.03638   0.05168   2.55036   2.09587  -0.96586   0.00176   2.57269  
 47 33.5789   1187.868059  x:  0.00367   0.00508   0.00000   0.00553   0.00000   0.00000   0.00000   0.00000   0.00000   0.00000   0.00000   0.00481   0.00000   0.00520   0.00481   0.00000   0.00514   0.01561   0.01052   0.01489   0.00000   0.01576   0.01171   0.04713   0.00000   0.02559   0.03737   0.00683   0.03577   0.05327   2.55077   2.09597  -0.96596   0.00191   2.57269  
 48 23.2907   1187.863610  x:  0.00371   0.00511   0.00000   0.00534   0.00000   0.00000   0.00000   0.00000   0.00000   0.00000   0.00000   0.00489   0.00000   0.00488   0.00489   0.00000   0.00512   0.01561   0.01030   0.01503   0.00000   0.01572   0.01177   0.04684   0.00000   0.02554   0.03744   0.00687   0.03551   0.05379   2.55099   2.09604  -0.96602   0.00187   2.57269  
 49 21.3216   1187.861869  x:  0.00374   0.00513   0.00000   0.00538   0.00000   0.00000   0.00000   0.00000   0.00000   0.00000   0.00000   0.00488   0.00000   0.00494   0.00488   0.00000   0.00511   0.01560   0.01045   0.01539   0.00000   0.01557   0.01184   0.04672   0.00000   0.02549   0.03743   0.00690   0.03540   0.05402   2.55133   2.09613  -0.96612   0.00166   2.57269  
 50  7.0490   1187.860289  x:  0.00358   0.00499   0.00000   0.00540   0.00000   0.00000   0.00000   0.00000   0.00000   0.00000   0.00000   0.00488   0.00000   0.00488   0.00488   0.00000   0.00515   0.01558   0.01048   0.01541   0.00000   0.01550   0.01178   0.04670   0.00000   0.02545   0.03732   0.00673   0.03540   0.05409   2.55222   2.09637  -0.96636   0.00154   2.57269  
 51  4.6954   1187.839956  x:  0.00361   0.00535   0.00000   0.00532   0.00000   0.00000   0.00000   0.00000   0.00000   0.00000   0.00000   0.00484   0.00000   0.00490   0.00482   0.00000   0.00503   0.01536   0.01033   0.01480   0.00000   0.01514   0.01117   0.04671   0.00000   0.02507   0.03594   0.00677   0.03564   0.05451   2.56494   2.09982  -0.96981   0.00060   2.57269  
 52 29.4419   1187.797232  x:  0.00417   0.00439   0.00000   0.00544   0.00000   0.00000   0.00000   0.00000   0.00000   0.00000   0.00000   0.00486   0.00000   0.00488   0.00490   0.00000   0.00531   0.01532   0.01029   0.01460   0.00000   0.01529   0.01152   0.04676   0.00000   0.02479   0.03423   0.00732   0.03577   0.05485   2.59179   2.10707  -0.97705   0.00078   2.57269  
 53 157.0890   1187.623960  x:  0.00352   0.00537   0.00000   0.00535   0.00000   0.00000   0.00000   0.00000   0.00000   0.00000   0.00000   0.00488   0.00000   0.00490   0.00482   0.00000   0.00521   0.01560   0.01053   0.01523   0.00000   0.01642   0.01352   0.04695   0.00000   0.02450   0.02981   0.00668   0.03572   0.05548   2.70403   2.13732  -1.00731   0.00366   2.57269  
 54 681.5106   1186.883969  x:  0.00368   0.00452   0.00000   0.00528   0.00000   0.00000   0.00000   0.00000   0.00000   0.00000   0.00000   0.00466   0.00000   0.00504   0.00527   0.00000   0.00286   0.01609   0.01024   0.01669   0.00000   0.01537   0.00932   0.04749   0.00000   0.02699   0.03183   0.00683   0.03476   0.05495   3.15943   2.26014  -1.13012   0.01036   2.57269  
 55 1016.6305   1186.533663  x:  0.00376   0.00513   0.00000   0.00514   0.00000   0.00000   0.00000   0.00000   0.00000   0.00000   0.00000   0.00489   0.00000   0.00503   0.00512   0.00000   0.00593   0.01614   0.01008   0.01689   0.00000   0.01466   0.00781   0.04777   0.00000   0.02819   0.03407   0.00690   0.03436   0.05446   3.43014   2.33315  -1.20314   0.01330   2.57268  
 56 9580.7177   1186.117250  x:  0.00354   0.00520   0.00000   0.00503   0.00000   0.00000   0.00000   0.00000   0.00000   0.00000   0.00000   0.00538   0.00000   0.00492   0.00443   0.00000   0.00575   0.01524   0.01015   0.01416   0.00000   0.01427   0.01252   0.04782   0.00000   0.02799   0.03923   0.00668   0.03483   0.05342   3.72497   2.41271  -1.28270   0.01257   2.57268  
 57 3201.9864   1186.082426  x:  0.00351   0.00527   0.00000   0.00504   0.00000   0.00000   0.00000   0.00000   0.00000   0.00000   0.00000   0.00458   0.00000   0.00489   0.00517   0.00000   0.00582   0.01530   0.01015   0.01424   0.00000   0.01519   0.01263   0.04752   0.00000   0.02722   0.03980   0.00665   0.03510   0.05318   3.74755   2.41879  -1.28878   0.01223   2.57268  
 58 521.8249   1186.058793  x:  0.00351   0.00523   0.00000   0.00507   0.00000   0.00000   0.00000   0.00000   0.00000   0.00000   0.00000   0.00493   0.00000   0.00486   0.00474   0.00000   0.00577   0.01548   0.01015   0.01456   0.00000   0.01639   0.01237   0.04695   0.00000   0.02595   0.04026   0.00665   0.03549   0.05282   3.76298   2.42292  -1.29291   0.01198   2.57268  
 59 264.8476   1186.054153  x:  0.00351   0.00524   0.00000   0.00507   0.00000   0.00000   0.00000   0.00000   0.00000   0.00000   0.00000   0.00490   0.00000   0.00486   0.00477   0.00000   0.00577   0.01549   0.01016   0.01450   0.00000   0.01594   0.01238   0.04634   0.00000   0.02518   0.04034   0.00665   0.03565   0.05247   3.76601   2.42368  -1.29367   0.01231   2.57268  
 60 25.0598   1186.053547  x:  0.00351   0.00523   0.00000   0.00507   0.00000   0.00000   0.00000   0.00000   0.00000   0.00000   0.00000   0.00490   0.00000   0.00486   0.00477   0.00000   0.00577   0.01542   0.01016   0.01450   0.00000   0.01597   0.01238   0.04591   0.00000   0.02535   0.04027   0.00665   0.03564   0.05225   3.76648   2.42372  -1.29371   0.01225   2.57268  
 61  3.0746   1186.053480  x:  0.00351   0.00523   0.00000   0.00507   0.00000   0.00000   0.00000   0.00000   0.00000   0.00000   0.00000   0.00490   0.00000   0.00486   0.00477   0.00000   0.00577   0.01552   0.01016   0.01449   0.00000   0.01596   0.01239   0.04588   0.00000   0.02537   0.04026   0.00665   0.03563   0.05223   3.76659   2.42368  -1.29366   0.01223   2.57268  
 62  0.8904   1185.932079  x:  0.00365   0.00511   0.00000   0.00506   0.00000   0.00000   0.00000   0.00000   0.00000   0.00000   0.00000   0.00503   0.00000   0.00501   0.00495   0.00000   0.00560   0.01526   0.01028   0.01494   0.00000   0.01510   0.01203   0.04633   0.00000   0.02498   0.03935   0.00678   0.03600   0.05304   4.04823   2.26590  -1.13587   0.00663   2.57268  
 63  1.2654   1185.843292  x:  0.00366   0.00480   0.00000   0.00499   0.00000   0.00000   0.00000   0.00000   0.00000   0.00000   0.00000   0.00511   0.00000   0.00510   0.00510   0.00000   0.00509   0.01544   0.01018   0.01539   0.00000   0.01536   0.01170   0.04616   0.00000   0.02544   0.03647   0.00677   0.03652   0.05383   4.33809   2.37040  -1.24036   0.01032   2.57267  
 64  0.2512   1185.839104  x:  0.00359   0.00499   0.00000   0.00506   0.00000   0.00000   0.00000   0.00000   0.00000   0.00000   0.00000   0.00503   0.00000   0.00503   0.00503   0.00000   0.00500   0.01536   0.01015   0.01513   0.00000   0.01530   0.01161   0.04633   0.00000   0.02525   0.03686   0.00671   0.03655   0.05355   4.40108   2.37239  -1.24233   0.01008   2.57266  
 65  0.0537   1185.838866  x:  0.00359   0.00498   0.00000   0.00503   0.00000   0.00000   0.00000   0.00000   0.00000   0.00000   0.00000   0.00504   0.00000   0.00504   0.00504   0.00000   0.00502   0.01538   0.01018   0.01518   0.00000   0.01527   0.01161   0.04631   0.00000   0.02528   0.03691   0.00674   0.03640   0.05352   4.41781   2.37179  -1.24171   0.01011   2.57265  
 66  0.0131   1185.838857  x:  0.00358   0.00497   0.00000   0.00504   0.00000   0.00000   0.00000   0.00000   0.00000   0.00000   0.00000   0.00503   0.00000   0.00504   0.00503   0.00000   0.00503   0.01538   0.01018   0.01517   0.00000   0.01528   0.01161   0.04631   0.00000   0.02529   0.03691   0.00675   0.03639   0.05353   4.41888   2.37181  -1.24172   0.01012   2.57265  
 67  0.0010   1185.838857  x:  0.00357   0.00498   0.00000   0.00504   0.00000   0.00000   0.00000   0.00000   0.00000   0.00000   0.00000   0.00503   0.00000   0.00504   0.00503   0.00000   0.00503   0.01538   0.01018   0.01517   0.00000   0.01528   0.01161   0.04631   0.00000   0.02528   0.03691   0.00676   0.03639   0.05353   4.41877   2.37180  -1.24169   0.01012   2.57264  
 68  0.0001   1185.838857  x:  0.00357   0.00498   0.00000   0.00504   0.00000   0.00000   0.00000   0.00000   0.00000   0.00000   0.00000   0.00503   0.00000   0.00504   0.00503   0.00000   0.00503   0.01538   0.01018   0.01517   0.00000   0.01528   0.01161   0.04631   0.00000   0.02528   0.03691   0.00676   0.03639   0.05353   4.41877   2.37180  -1.24169   0.01012   2.57264  
 69  0.0000   1185.838857  x:  0.00357   0.00498   0.00000   0.00504   0.00000   0.00000   0.00000   0.00000   0.00000   0.00000   0.00000   0.00503   0.00000   0.00504   0.00503   0.00000   0.00503   0.01538   0.01018   0.01517   0.00000   0.01528   0.01161   0.04631   0.00000   0.02528   0.03691   0.00676   0.03639   0.05353   4.41877   2.37180  -1.24169   0.01012   2.57264  
 70  0.0000   1185.838857  x:  0.00357   0.00498   0.00000   0.00504   0.00000   0.00000   0.00000   0.00000   0.00000   0.00000   0.00000   0.00503   0.00000   0.00504   0.00503   0.00000   0.00503   0.01538   0.01018   0.01517   0.00000   0.01528   0.01161   0.04631   0.00000   0.02528   0.03691   0.00676   0.03639   0.05353   4.41877   2.37180  -1.24169   0.01012   2.57264  
 71  0.0001   1185.838857  x:  0.00357   0.00498   0.00000   0.00504   0.00000   0.00000   0.00000   0.00000   0.00000   0.00000   0.00000   0.00503   0.00000   0.00504   0.00503   0.00000   0.00503   0.01538   0.01018   0.01517   0.00000   0.01528   0.01161   0.04631   0.00000   0.02528   0.03691   0.00676   0.03639   0.05353   4.41877   2.37180  -1.24169   0.01012   2.57264  
check convergence!
