Supplemental results for CODEML (seqf: /Users/YY/Desktop/get/branch_site/modify/modify_trim_muscle_rps4.fa  treef: /Users/YY/Desktop/get/branch_site/16gene_topu.tree)


dN/dS (w) for site classes (K=4)

site class             0        1       2a       2b
proportion       1.00000  0.00000  0.00000  0.00000
background w     0.18617  1.00000  0.18617  1.00000
foreground w     0.18617  1.00000  2.57170  2.57170
(note that p[2] is zero)


Naive Empirical Bayes (NEB) probabilities for 4 classes
(amino acids refer to 1st sequence: NC_033344)

   1 M   1.00000 0.00000 0.00000 0.00000 ( 1)
   2 S   1.00000 0.00000 0.00000 0.00000 ( 1)
   3 R   1.00000 0.00000 0.00000 0.00000 ( 1)
   4 Y   1.00000 0.00000 0.00000 0.00000 ( 1)
   5 R   1.00000 0.00000 0.00000 0.00000 ( 1)
   6 G   1.00000 0.00000 0.00000 0.00000 ( 1)
   7 P   1.00000 0.00000 0.00000 0.00000 ( 1)
   8 R   1.00000 0.00000 0.00000 0.00000 ( 1)
   9 F   1.00000 0.00000 0.00000 0.00000 ( 1)
  10 K   1.00000 0.00000 0.00000 0.00000 ( 1)
  11 K   1.00000 0.00000 0.00000 0.00000 ( 1)
  12 I   1.00000 0.00000 0.00000 0.00000 ( 1)
  13 R   1.00000 0.00000 0.00000 0.00000 ( 1)
  14 R   1.00000 0.00000 0.00000 0.00000 ( 1)
  15 L   1.00000 0.00000 0.00000 0.00000 ( 1)
  16 G   1.00000 0.00000 0.00000 0.00000 ( 1)
  17 A   1.00000 0.00000 0.00000 0.00000 ( 1)
  18 L   1.00000 0.00000 0.00000 0.00000 ( 1)
  19 P   1.00000 0.00000 0.00000 0.00000 ( 1)
  20 G   1.00000 0.00000 0.00000 0.00000 ( 1)
  21 L   1.00000 0.00000 0.00000 0.00000 ( 1)
  22 T   1.00000 0.00000 0.00000 0.00000 ( 1)
  23 N   1.00000 0.00000 0.00000 0.00000 ( 1)
  24 K   1.00000 0.00000 0.00000 0.00000 ( 1)
  25 R   1.00000 0.00000 0.00000 0.00000 ( 1)
  26 P   1.00000 0.00000 0.00000 0.00000 ( 1)
  27 R   1.00000 0.00000 0.00000 0.00000 ( 1)
  28 A   1.00000 0.00000 0.00000 0.00000 ( 1)
  29 G   1.00000 0.00000 0.00000 0.00000 ( 1)
  30 S   1.00000 0.00000 0.00000 0.00000 ( 1)
  31 D   1.00000 0.00000 0.00000 0.00000 ( 1)
  32 L   1.00000 0.00000 0.00000 0.00000 ( 1)
  33 R   1.00000 0.00000 0.00000 0.00000 ( 1)
  34 N   1.00000 0.00000 0.00000 0.00000 ( 1)
  35 Q   1.00000 0.00000 0.00000 0.00000 ( 1)
  36 S   1.00000 0.00000 0.00000 0.00000 ( 1)
  37 R   1.00000 0.00000 0.00000 0.00000 ( 1)
  38 S   1.00000 0.00000 0.00000 0.00000 ( 1)
  39 G   1.00000 0.00000 0.00000 0.00000 ( 1)
  40 K   1.00000 0.00000 0.00000 0.00000 ( 1)
  41 K   1.00000 0.00000 0.00000 0.00000 ( 1)
  42 S   1.00000 0.00000 0.00000 0.00000 ( 1)
  43 Q   1.00000 0.00000 0.00000 0.00000 ( 1)
  44 Y   1.00000 0.00000 0.00000 0.00000 ( 1)
  45 R   1.00000 0.00000 0.00000 0.00000 ( 1)
  46 I   1.00000 0.00000 0.00000 0.00000 ( 1)
  47 R   1.00000 0.00000 0.00000 0.00000 ( 1)
  48 L   1.00000 0.00000 0.00000 0.00000 ( 1)
  49 E   1.00000 0.00000 0.00000 0.00000 ( 1)
  50 E   1.00000 0.00000 0.00000 0.00000 ( 1)
  51 K   1.00000 0.00000 0.00000 0.00000 ( 1)
  52 Q   1.00000 0.00000 0.00000 0.00000 ( 1)
  53 K   1.00000 0.00000 0.00000 0.00000 ( 1)
  54 L   1.00000 0.00000 0.00000 0.00000 ( 1)
  55 R   1.00000 0.00000 0.00000 0.00000 ( 1)
  56 F   1.00000 0.00000 0.00000 0.00000 ( 1)
  57 H   1.00000 0.00000 0.00000 0.00000 ( 1)
  58 Y   1.00000 0.00000 0.00000 0.00000 ( 1)
  59 G   1.00000 0.00000 0.00000 0.00000 ( 1)
  60 L   1.00000 0.00000 0.00000 0.00000 ( 1)
  61 T   1.00000 0.00000 0.00000 0.00000 ( 1)
  62 E   1.00000 0.00000 0.00000 0.00000 ( 1)
  63 R   1.00000 0.00000 0.00000 0.00000 ( 1)
  64 Q   1.00000 0.00000 0.00000 0.00000 ( 1)
  65 L   1.00000 0.00000 0.00000 0.00000 ( 1)
  66 L   1.00000 0.00000 0.00000 0.00000 ( 1)
  67 K   1.00000 0.00000 0.00000 0.00000 ( 1)
  68 Y   1.00000 0.00000 0.00000 0.00000 ( 1)
  69 V   1.00000 0.00000 0.00000 0.00000 ( 1)
  70 R   1.00000 0.00000 0.00000 0.00000 ( 1)
  71 I   1.00000 0.00000 0.00000 0.00000 ( 1)
  72 A   1.00000 0.00000 0.00000 0.00000 ( 1)
  73 G   1.00000 0.00000 0.00000 0.00000 ( 1)
  74 K   1.00000 0.00000 0.00000 0.00000 ( 1)
  75 A   1.00000 0.00000 0.00000 0.00000 ( 1)
  76 K   1.00000 0.00000 0.00000 0.00000 ( 1)
  77 G   1.00000 0.00000 0.00000 0.00000 ( 1)
  78 S   1.00000 0.00000 0.00000 0.00000 ( 1)
  79 T   1.00000 0.00000 0.00000 0.00000 ( 1)
  80 G   1.00000 0.00000 0.00000 0.00000 ( 1)
  81 Q   1.00000 0.00000 0.00000 0.00000 ( 1)
  82 V   1.00000 0.00000 0.00000 0.00000 ( 1)
  83 L   1.00000 0.00000 0.00000 0.00000 ( 1)
  84 L   1.00000 0.00000 0.00000 0.00000 ( 1)
  85 Q   1.00000 0.00000 0.00000 0.00000 ( 1)
  86 L   1.00000 0.00000 0.00000 0.00000 ( 1)
  87 L   1.00000 0.00000 0.00000 0.00000 ( 1)
  88 E   1.00000 0.00000 0.00000 0.00000 ( 1)
  89 M   1.00000 0.00000 0.00000 0.00000 ( 1)
  90 R   1.00000 0.00000 0.00000 0.00000 ( 1)
  91 L   1.00000 0.00000 0.00000 0.00000 ( 1)
  92 D   1.00000 0.00000 0.00000 0.00000 ( 1)
  93 N   1.00000 0.00000 0.00000 0.00000 ( 1)
  94 I   1.00000 0.00000 0.00000 0.00000 ( 1)
  95 L   1.00000 0.00000 0.00000 0.00000 ( 1)
  96 F   1.00000 0.00000 0.00000 0.00000 ( 1)
  97 R   1.00000 0.00000 0.00000 0.00000 ( 1)
  98 L   1.00000 0.00000 0.00000 0.00000 ( 1)
  99 G   1.00000 0.00000 0.00000 0.00000 ( 1)
 100 M   1.00000 0.00000 0.00000 0.00000 ( 1)
 101 A   1.00000 0.00000 0.00000 0.00000 ( 1)
 102 P   1.00000 0.00000 0.00000 0.00000 ( 1)
 103 T   1.00000 0.00000 0.00000 0.00000 ( 1)
 104 I   1.00000 0.00000 0.00000 0.00000 ( 1)
 105 P   1.00000 0.00000 0.00000 0.00000 ( 1)
 106 G   1.00000 0.00000 0.00000 0.00000 ( 1)
 107 A   1.00000 0.00000 0.00000 0.00000 ( 1)
 108 R   1.00000 0.00000 0.00000 0.00000 ( 1)
 109 Q   1.00000 0.00000 0.00000 0.00000 ( 1)
 110 L   1.00000 0.00000 0.00000 0.00000 ( 1)
 111 V   1.00000 0.00000 0.00000 0.00000 ( 1)
 112 N   1.00000 0.00000 0.00000 0.00000 ( 1)
 113 H   1.00000 0.00000 0.00000 0.00000 ( 1)
 114 R   1.00000 0.00000 0.00000 0.00000 ( 1)
 115 H   1.00000 0.00000 0.00000 0.00000 ( 1)
 116 I   1.00000 0.00000 0.00000 0.00000 ( 1)
 117 L   1.00000 0.00000 0.00000 0.00000 ( 1)
 118 V   1.00000 0.00000 0.00000 0.00000 ( 1)
 119 N   1.00000 0.00000 0.00000 0.00000 ( 1)
 120 G   1.00000 0.00000 0.00000 0.00000 ( 1)
 121 R   1.00000 0.00000 0.00000 0.00000 ( 1)
 122 I   1.00000 0.00000 0.00000 0.00000 ( 1)
 123 V   1.00000 0.00000 0.00000 0.00000 ( 1)
 124 D   1.00000 0.00000 0.00000 0.00000 ( 1)
 125 I   1.00000 0.00000 0.00000 0.00000 ( 1)
 126 P   1.00000 0.00000 0.00000 0.00000 ( 1)
 127 S   1.00000 0.00000 0.00000 0.00000 ( 1)
 128 Y   1.00000 0.00000 0.00000 0.00000 ( 1)
 129 R   1.00000 0.00000 0.00000 0.00000 ( 1)
 130 C   1.00000 0.00000 0.00000 0.00000 ( 1)
 131 K   1.00000 0.00000 0.00000 0.00000 ( 1)
 132 P   1.00000 0.00000 0.00000 0.00000 ( 1)
 133 R   1.00000 0.00000 0.00000 0.00000 ( 1)
 134 D   1.00000 0.00000 0.00000 0.00000 ( 1)
 135 I   1.00000 0.00000 0.00000 0.00000 ( 1)
 136 I   1.00000 0.00000 0.00000 0.00000 ( 1)
 137 T   1.00000 0.00000 0.00000 0.00000 ( 1)
 138 A   1.00000 0.00000 0.00000 0.00000 ( 1)
 139 R   1.00000 0.00000 0.00000 0.00000 ( 1)
 140 D   1.00000 0.00000 0.00000 0.00000 ( 1)
 141 E   1.00000 0.00000 0.00000 0.00000 ( 1)
 142 Q   1.00000 0.00000 0.00000 0.00000 ( 1)
 143 N   1.00000 0.00000 0.00000 0.00000 ( 1)
 144 S   1.00000 0.00000 0.00000 0.00000 ( 1)
 145 R   1.00000 0.00000 0.00000 0.00000 ( 1)
 146 A   1.00000 0.00000 0.00000 0.00000 ( 1)
 147 L   1.00000 0.00000 0.00000 0.00000 ( 1)
 148 I   1.00000 0.00000 0.00000 0.00000 ( 1)
 149 Q   1.00000 0.00000 0.00000 0.00000 ( 1)
 150 N   1.00000 0.00000 0.00000 0.00000 ( 1)
 151 Y   1.00000 0.00000 0.00000 0.00000 ( 1)
 152 F   1.00000 0.00000 0.00000 0.00000 ( 1)
 153 D   1.00000 0.00000 0.00000 0.00000 ( 1)
 154 S   1.00000 0.00000 0.00000 0.00000 ( 1)
 155 S   1.00000 0.00000 0.00000 0.00000 ( 1)
 156 S   1.00000 0.00000 0.00000 0.00000 ( 1)
 157 Q   1.00000 0.00000 0.00000 0.00000 ( 1)
 158 D   1.00000 0.00000 0.00000 0.00000 ( 1)
 159 E   1.00000 0.00000 0.00000 0.00000 ( 1)
 160 M   1.00000 0.00000 0.00000 0.00000 ( 1)
 161 P   1.00000 0.00000 0.00000 0.00000 ( 1)
 162 K   1.00000 0.00000 0.00000 0.00000 ( 1)
 163 H   1.00000 0.00000 0.00000 0.00000 ( 1)
 164 L   1.00000 0.00000 0.00000 0.00000 ( 1)
 165 T   1.00000 0.00000 0.00000 0.00000 ( 1)
 166 L   1.00000 0.00000 0.00000 0.00000 ( 1)
 167 Q   1.00000 0.00000 0.00000 0.00000 ( 1)
 168 P   1.00000 0.00000 0.00000 0.00000 ( 1)
 169 F   1.00000 0.00000 0.00000 0.00000 ( 1)
 170 Q   1.00000 0.00000 0.00000 0.00000 ( 1)
 171 Y   1.00000 0.00000 0.00000 0.00000 ( 1)
 172 K   1.00000 0.00000 0.00000 0.00000 ( 1)
 173 G   1.00000 0.00000 0.00000 0.00000 ( 1)
 174 L   1.00000 0.00000 0.00000 0.00000 ( 1)
 175 V   1.00000 0.00000 0.00000 0.00000 ( 1)
 176 N   1.00000 0.00000 0.00000 0.00000 ( 1)
 177 Q   1.00000 0.00000 0.00000 0.00000 ( 1)
 178 I   1.00000 0.00000 0.00000 0.00000 ( 1)
 179 I   1.00000 0.00000 0.00000 0.00000 ( 1)
 180 D   1.00000 0.00000 0.00000 0.00000 ( 1)
 181 S   1.00000 0.00000 0.00000 0.00000 ( 1)
 182 K   1.00000 0.00000 0.00000 0.00000 ( 1)
 183 W   1.00000 0.00000 0.00000 0.00000 ( 1)
 184 V   1.00000 0.00000 0.00000 0.00000 ( 1)
 185 G   1.00000 0.00000 0.00000 0.00000 ( 1)
 186 L   1.00000 0.00000 0.00000 0.00000 ( 1)
 187 K   1.00000 0.00000 0.00000 0.00000 ( 1)
 188 I   1.00000 0.00000 0.00000 0.00000 ( 1)
 189 N   1.00000 0.00000 0.00000 0.00000 ( 1)
 190 E   1.00000 0.00000 0.00000 0.00000 ( 1)
 191 L   1.00000 0.00000 0.00000 0.00000 ( 1)
 192 L   1.00000 0.00000 0.00000 0.00000 ( 1)
 193 V   1.00000 0.00000 0.00000 0.00000 ( 1)
 194 V   1.00000 0.00000 0.00000 0.00000 ( 1)
 195 E   1.00000 0.00000 0.00000 0.00000 ( 1)
 196 Y   1.00000 0.00000 0.00000 0.00000 ( 1)
 197 Y   1.00000 0.00000 0.00000 0.00000 ( 1)
 198 S   1.00000 0.00000 0.00000 0.00000 ( 1)
 199 R   1.00000 0.00000 0.00000 0.00000 ( 1)
 200 Q   1.00000 0.00000 0.00000 0.00000 ( 1)
 201 T   1.00000 0.00000 0.00000 0.00000 ( 1)


lnL = -1052.693489

Bayes Empirical Bayes (BEB) probabilities for 4 classes (class)
(amino acids refer to 1st sequence: NC_033344)

   1 M   0.64002 0.05120 0.28266 0.02612 ( 1)
   2 S   0.62650 0.06471 0.27578 0.03301 ( 1)
   3 R   0.64035 0.05087 0.28283 0.02595 ( 1)
   4 Y   0.63042 0.06079 0.27778 0.03101 ( 1)
   5 R   0.62833 0.06289 0.27671 0.03208 ( 1)
   6 G   0.63842 0.05280 0.28185 0.02694 ( 1)
   7 P   0.63895 0.05227 0.28212 0.02666 ( 1)
   8 R   0.64035 0.05087 0.28283 0.02595 ( 1)
   9 F   0.63235 0.05887 0.27876 0.03003 ( 1)
  10 K   0.64432 0.04689 0.28486 0.02392 ( 1)
  11 K   0.64432 0.04689 0.28486 0.02392 ( 1)
  12 I   0.64307 0.04815 0.28422 0.02456 ( 1)
  13 R   0.63009 0.06112 0.27761 0.03118 ( 1)
  14 R   0.63009 0.06112 0.27761 0.03118 ( 1)
  15 L   0.62711 0.06410 0.27609 0.03270 ( 1)
  16 G   0.63842 0.05280 0.28185 0.02694 ( 1)
  17 A   0.63806 0.05316 0.28167 0.02712 ( 1)
  18 L   0.63215 0.05906 0.27866 0.03013 ( 1)
  19 P   0.62859 0.06262 0.27684 0.03195 ( 1)
  20 G   0.63842 0.05280 0.28185 0.02694 ( 1)
  21 L   0.63582 0.05540 0.28052 0.02826 ( 1)
  22 T   0.63944 0.05178 0.28237 0.02641 ( 1)
  23 N   0.64598 0.04524 0.28570 0.02308 ( 1)
  24 K   0.64432 0.04689 0.28486 0.02392 ( 1)
  25 R   0.63189 0.05932 0.27852 0.03026 ( 1)
  26 P   0.63895 0.05227 0.28212 0.02666 ( 1)
  27 R   0.64057 0.05065 0.28295 0.02584 ( 1)
  28 A   0.62888 0.06233 0.27699 0.03180 ( 1)
  29 G   0.63842 0.05280 0.28185 0.02694 ( 1)
  30 S   0.64353 0.04769 0.28445 0.02433 ( 1)
  31 D   0.44821 0.24301 0.18445 0.12433 ( 1)
  32 L   0.64002 0.05120 0.28266 0.02612 ( 1)
  33 R   0.64057 0.05065 0.28295 0.02584 ( 1)
  34 N   0.63572 0.05550 0.28047 0.02831 ( 1)
  35 Q   0.64105 0.05016 0.28319 0.02559 ( 1)
  36 S   0.41413 0.27708 0.16787 0.14091 ( 1)
  37 R   0.64035 0.05087 0.28283 0.02595 ( 1)
  38 S   0.62817 0.06304 0.27663 0.03216 ( 1)
  39 G   0.63668 0.05454 0.28096 0.02782 ( 1)
  40 K   0.64432 0.04689 0.28486 0.02392 ( 1)
  41 K   0.64432 0.04689 0.28486 0.02392 ( 1)
  42 S   0.63669 0.05452 0.28097 0.02781 ( 1)
  43 Q   0.64105 0.05016 0.28319 0.02559 ( 1)
  44 Y   0.64070 0.05052 0.28301 0.02577 ( 1)
  45 R   0.64035 0.05087 0.28283 0.02595 ( 1)
  46 I   0.64164 0.04957 0.28349 0.02529 ( 1)
  47 R   0.64035 0.05087 0.28283 0.02595 ( 1)
  48 L   0.63543 0.05579 0.28032 0.02846 ( 1)
  49 E   0.64329 0.04793 0.28433 0.02445 ( 1)
  50 E   0.64329 0.04793 0.28433 0.02445 ( 1)
  51 K   0.64432 0.04689 0.28486 0.02392 ( 1)
  52 Q   0.64105 0.05016 0.28319 0.02559 ( 1)
  53 K   0.63410 0.05712 0.27965 0.02914 ( 1)
  54 L   0.62786 0.06335 0.27647 0.03232 ( 1)
  55 R   0.64035 0.05087 0.28283 0.02595 ( 1)
  56 F   0.64169 0.04952 0.28352 0.02526 ( 1)
  57 H   0.64531 0.04591 0.28536 0.02342 ( 1)
  58 Y   0.64097 0.05025 0.28315 0.02564 ( 1)
  59 G   0.63968 0.05154 0.28249 0.02629 ( 1)
  60 L   0.64002 0.05120 0.28266 0.02612 ( 1)
  61 T   0.63952 0.05170 0.28241 0.02638 ( 1)
  62 E   0.64329 0.04793 0.28433 0.02445 ( 1)
  63 R   0.63524 0.05598 0.28023 0.02856 ( 1)
  64 Q   0.64105 0.05016 0.28319 0.02559 ( 1)
  65 L   0.63215 0.05906 0.27866 0.03013 ( 1)
  66 L   0.64002 0.05120 0.28266 0.02612 ( 1)
  67 K   0.64432 0.04689 0.28486 0.02392 ( 1)
  68 Y   0.63074 0.06047 0.27794 0.03085 ( 1)
  69 V   0.64014 0.05108 0.28273 0.02606 ( 1)
  70 R   0.64035 0.05087 0.28283 0.02595 ( 1)
  71 I   0.63390 0.05731 0.27955 0.02924 ( 1)
  72 A   0.62929 0.06192 0.27720 0.03159 ( 1)
  73 G   0.63307 0.05815 0.27912 0.02966 ( 1)
  74 K   0.64432 0.04689 0.28486 0.02392 ( 1)
  75 A   0.62888 0.06233 0.27699 0.03180 ( 1)
  76 K   0.63410 0.05712 0.27965 0.02914 ( 1)
  77 G   0.62950 0.06171 0.27731 0.03148 ( 1)
  78 S   0.63314 0.05807 0.27916 0.02963 ( 1)
  79 T   0.63952 0.05170 0.28241 0.02638 ( 1)
  80 G   0.63968 0.05154 0.28249 0.02629 ( 1)
  81 Q   0.41653 0.27468 0.16903 0.13975 ( 1)
  82 V   0.64014 0.05108 0.28273 0.02606 ( 1)
  83 L   0.63215 0.05906 0.27866 0.03013 ( 1)
  84 L   0.62992 0.06129 0.27752 0.03127 ( 1)
  85 Q   0.64105 0.05016 0.28319 0.02559 ( 1)
  86 L   0.63215 0.05906 0.27866 0.03013 ( 1)
  87 L   0.64002 0.05120 0.28266 0.02612 ( 1)
  88 E   0.64329 0.04793 0.28433 0.02445 ( 1)
  89 M   0.64002 0.05120 0.28266 0.02612 ( 1)
  90 R   0.63009 0.06112 0.27761 0.03118 ( 1)
  91 L   0.62786 0.06335 0.27647 0.03232 ( 1)
  92 D   0.64500 0.04622 0.28520 0.02358 ( 1)
  93 N   0.63646 0.05475 0.28085 0.02793 ( 1)
  94 I   0.63146 0.05976 0.27830 0.03048 ( 1)
  95 L   0.64002 0.05120 0.28266 0.02612 ( 1)
  96 F   0.64169 0.04952 0.28352 0.02526 ( 1)
  97 R   0.63524 0.05598 0.28023 0.02856 ( 1)
  98 L   0.62786 0.06335 0.27647 0.03232 ( 1)
  99 G   0.63968 0.05154 0.28249 0.02629 ( 1)
 100 M   0.64002 0.05120 0.28266 0.02612 ( 1)
 101 A   0.63806 0.05316 0.28167 0.02712 ( 1)
 102 P   0.40813 0.28309 0.16499 0.14380 ( 1)
 103 T   0.63944 0.05178 0.28237 0.02641 ( 1)
 104 I   0.64164 0.04957 0.28349 0.02529 ( 1)
 105 P   0.63574 0.05548 0.28048 0.02830 ( 1)
 106 G   0.63842 0.05280 0.28185 0.02694 ( 1)
 107 A   0.62888 0.06233 0.27699 0.03180 ( 1)
 108 R   0.64035 0.05087 0.28283 0.02595 ( 1)
 109 Q   0.64105 0.05016 0.28319 0.02559 ( 1)
 110 L   0.63090 0.06031 0.27802 0.03077 ( 1)
 111 V   0.64014 0.05108 0.28273 0.02606 ( 1)
 112 N   0.63572 0.05550 0.28047 0.02831 ( 1)
 113 H   0.64485 0.04637 0.28512 0.02366 ( 1)
 114 R   0.64057 0.05065 0.28295 0.02584 ( 1)
 115 H   0.64531 0.04591 0.28536 0.02342 ( 1)
 116 I   0.64164 0.04957 0.28349 0.02529 ( 1)
 117 L   0.63215 0.05906 0.27866 0.03013 ( 1)
 118 V   0.62998 0.06123 0.27755 0.03124 ( 1)
 119 N   0.64598 0.04524 0.28570 0.02308 ( 1)
 120 G   0.43573 0.25549 0.17834 0.13044 ( 1)
 121 R   0.43488 0.25634 0.17792 0.13086 ( 1)
 122 I   0.64307 0.04815 0.28422 0.02456 ( 1)
 123 V   0.64022 0.05100 0.28276 0.02602 ( 1)
 124 D   0.64500 0.04622 0.28520 0.02358 ( 1)
 125 I   0.64307 0.04815 0.28422 0.02456 ( 1)
 126 P   0.63902 0.05219 0.28216 0.02663 ( 1)
 127 S   0.64353 0.04769 0.28445 0.02433 ( 1)
 128 Y   0.64097 0.05025 0.28315 0.02564 ( 1)
 129 R   0.63009 0.06112 0.27761 0.03118 ( 1)
 130 C   0.62968 0.06154 0.27740 0.03139 ( 1)
 131 K   0.64432 0.04689 0.28486 0.02392 ( 1)
 132 P   0.62935 0.06186 0.27723 0.03156 ( 1)
 133 R   0.63524 0.05598 0.28023 0.02856 ( 1)
 134 D   0.64500 0.04622 0.28520 0.02358 ( 1)
 135 I   0.64164 0.04957 0.28349 0.02529 ( 1)
 136 I   0.64164 0.04957 0.28349 0.02529 ( 1)
 137 T   0.62883 0.06239 0.27696 0.03182 ( 1)
 138 A   0.62816 0.06306 0.27662 0.03217 ( 1)
 139 R   0.63189 0.05932 0.27852 0.03026 ( 1)
 140 D   0.44727 0.24395 0.18399 0.12479 ( 1)
 141 E   0.64329 0.04793 0.28433 0.02445 ( 1)
 142 Q   0.64105 0.05016 0.28319 0.02559 ( 1)
 143 N   0.63572 0.05550 0.28047 0.02831 ( 1)
 144 S   0.63669 0.05452 0.28097 0.02781 ( 1)
 145 R   0.64057 0.05065 0.28295 0.02584 ( 1)
 146 A   0.63806 0.05316 0.28167 0.02712 ( 1)
 147 L   0.62710 0.06411 0.27608 0.03271 ( 1)
 148 I   0.64164 0.04957 0.28349 0.02529 ( 1)
 149 Q   0.64105 0.05016 0.28319 0.02559 ( 1)
 150 N   0.64598 0.04524 0.28570 0.02308 ( 1)
 151 Y   0.42766 0.26355 0.17442 0.13437 ( 1)
 152 F   0.63235 0.05887 0.27876 0.03003 ( 1)
 153 D   0.45004 0.24118 0.18535 0.12343 ( 1)
 154 S   0.63314 0.05807 0.27916 0.02963 ( 1)
 155 S   0.40746 0.28375 0.16467 0.14412 ( 1)
 156 S   0.63669 0.05452 0.28097 0.02781 ( 1)
 157 Q   0.63245 0.05876 0.27881 0.02998 ( 1)
 158 D   0.63471 0.05651 0.27996 0.02883 ( 1)
 159 E   0.64329 0.04793 0.28433 0.02445 ( 1)
 160 M   0.42722 0.26400 0.17420 0.13459 ( 1)
 161 P   0.63902 0.05219 0.28216 0.02663 ( 1)
 162 K   0.64432 0.04689 0.28486 0.02392 ( 1)
 163 H   0.64531 0.04591 0.28536 0.02342 ( 1)
 164 L   0.62786 0.06335 0.27647 0.03232 ( 1)
 165 T   0.63944 0.05178 0.28237 0.02641 ( 1)
 166 L   0.64002 0.05120 0.28266 0.02612 ( 1)
 167 Q   0.43883 0.25239 0.17985 0.12893 ( 1)
 168 P   0.63902 0.05219 0.28216 0.02663 ( 1)
 169 F   0.63235 0.05887 0.27876 0.03003 ( 1)
 170 Q   0.64105 0.05016 0.28319 0.02559 ( 1)
 171 Y   0.64097 0.05025 0.28315 0.02564 ( 1)
 172 K   0.64432 0.04689 0.28486 0.02392 ( 1)
 173 G   0.63842 0.05280 0.28185 0.02694 ( 1)
 174 L   0.63215 0.05906 0.27866 0.03013 ( 1)
 175 V   0.63029 0.06092 0.27771 0.03108 ( 1)
 176 N   0.64598 0.04524 0.28570 0.02308 ( 1)
 177 Q   0.43892 0.25230 0.17990 0.12888 ( 1)
 178 I   0.64307 0.04815 0.28422 0.02456 ( 1)
 179 I   0.64307 0.04815 0.28422 0.02456 ( 1)
 180 D   0.64500 0.04622 0.28520 0.02358 ( 1)
 181 S   0.64353 0.04769 0.28445 0.02433 ( 1)
 182 K   0.44799 0.24323 0.18434 0.12444 ( 1)
 183 W   0.62826 0.06295 0.27667 0.03211 ( 1)
 184 V   0.63044 0.06077 0.27778 0.03100 ( 1)
 185 G   0.63968 0.05154 0.28249 0.02629 ( 1)
 186 L   0.62786 0.06335 0.27647 0.03232 ( 1)
 187 K   0.64432 0.04689 0.28486 0.02392 ( 1)
 188 I   0.64307 0.04815 0.28422 0.02456 ( 1)
 189 N   0.64598 0.04524 0.28570 0.02308 ( 1)
 190 E   0.64236 0.04885 0.28386 0.02492 ( 1)
 191 L   0.62786 0.06335 0.27647 0.03232 ( 1)
 192 L   0.63590 0.05531 0.28057 0.02822 ( 1)
 193 V   0.62998 0.06123 0.27755 0.03124 ( 1)
 194 V   0.64022 0.05100 0.28276 0.02602 ( 1)
 195 E   0.64329 0.04793 0.28433 0.02445 ( 1)
 196 Y   0.64097 0.05025 0.28315 0.02564 ( 1)
 197 Y   0.64097 0.05025 0.28315 0.02564 ( 1)
 198 S   0.62650 0.06471 0.27578 0.03301 ( 1)
 199 R   0.63032 0.06090 0.27772 0.03107 ( 1)
 200 Q   0.63245 0.05876 0.27881 0.02998 ( 1)
 201 T   0.62961 0.06160 0.27736 0.03143 ( 1)

