

TREE # 1

  0  0.0000   1160.127195  x:  0.00000   0.01349   0.04172   0.01361   0.04837   0.04787   0.02353   0.02785   0.04750   0.01382   0.03573   0.01785   0.01676   0.01144   0.01630   0.04274   0.04206   0.02630   0.03992   0.03167   0.05253   0.03099   0.00871   0.02383   0.00692   0.05404   0.03677   0.04088   0.05949   0.02402   2.00000   1.09989   0.02896   0.27919   2.57308  
  1 99.0000   1160.118461  x:  0.00000   0.01348   0.04172   0.01360   0.04837   0.04787   0.02353   0.02785   0.04749   0.01382   0.03572   0.01785   0.01676   0.01144   0.01629   0.04274   0.04205   0.02630   0.03992   0.03167   0.05253   0.03099   0.00871   0.02383   0.00691   0.05404   0.03677   0.04088   0.05949   0.02402   2.00000   1.09989   0.02896   0.27919   2.57308  
  2 784.8014   1135.637711  x:  0.00000   0.00917   0.03485   0.00672   0.04150   0.04099   0.01625   0.02093   0.04060   0.00688   0.02882   0.01092   0.00983   0.00455   0.01159   0.03586   0.03606   0.02382   0.03496   0.02846   0.04643   0.02654   0.00180   0.02358   0.00000   0.04859   0.03301   0.03853   0.05451   0.02664   2.00002   1.09990   0.02896   0.27690   2.57308  
  3 3674297.4548   1129.648737  x:  0.00000   0.00922   0.03306   0.00492   0.03970   0.03919   0.01435   0.01913   0.03881   0.00507   0.02702   0.00912   0.00802   0.00276   0.01121   0.03406   0.03450   0.02316   0.03365   0.02760   0.04485   0.02542   0.00000   0.02350   0.00000   0.04714   0.03201   0.03679   0.05319   0.02783   2.00001   1.09986   0.02901   0.27570   2.57308  
  4 10763.6819   1121.295862  x:  0.00000   0.00744   0.03033   0.00218   0.03697   0.03646   0.01146   0.01638   0.03607   0.00231   0.02427   0.00636   0.00527   0.00000   0.01115   0.03128   0.03244   0.02288   0.03216   0.02691   0.04254   0.02459   0.00000   0.02339   0.00000   0.04515   0.03103   0.03397   0.05130   0.02800   1.99998   1.09967   0.02921   0.27251   2.57308  
  5 6820.0040   1115.240264  x:  0.00000   0.00720   0.02816   0.00000   0.03479   0.03429   0.00915   0.01419   0.03389   0.00012   0.02209   0.00417   0.00308   0.00000   0.00996   0.02904   0.03102   0.02260   0.03127   0.02653   0.04084   0.02415   0.00000   0.02335   0.00000   0.04376   0.03048   0.03316   0.04998   0.02838   1.99994   1.09947   0.02942   0.26940   2.57307  
  6 8743.8955   1114.938603  x:  0.00000   0.00717   0.02805   0.00000   0.03468   0.03417   0.00902   0.01407   0.03377   0.00000   0.02197   0.00405   0.00296   0.00000   0.00994   0.02892   0.03095   0.02257   0.03122   0.02650   0.04075   0.02412   0.00000   0.02334   0.00000   0.04369   0.03045   0.03315   0.04991   0.02842   1.99994   1.09945   0.02943   0.26923   2.57307  
  7 25744.2381   1108.315976  x:  0.00000   0.00685   0.02514   0.00000   0.03176   0.03124   0.00569   0.01113   0.03085   0.00000   0.01903   0.00110   0.00000   0.00000   0.00930   0.02599   0.03002   0.02211   0.03031   0.02540   0.03935   0.02256   0.00000   0.02333   0.00000   0.04276   0.02936   0.03239   0.04897   0.02857   1.99988   1.09919   0.02971   0.26535   2.57308  
  8 7073.7062   1106.128905  x:  0.00000   0.00669   0.02407   0.00000   0.03068   0.03015   0.00443   0.01004   0.02976   0.00000   0.01795   0.00000   0.00000   0.00000   0.00906   0.02491   0.02967   0.02201   0.02997   0.02529   0.03886   0.02236   0.00000   0.02327   0.00000   0.04241   0.02912   0.03208   0.04863   0.02885   1.99986   1.09910   0.02980   0.26406   2.57308  
  9 20475.9385   1099.201921  x:  0.00000   0.00637   0.02051   0.00000   0.02710   0.02651   0.00000   0.00639   0.02614   0.00000   0.01431   0.00000   0.00000   0.00000   0.00852   0.02135   0.02789   0.02087   0.02873   0.02428   0.03697   0.02208   0.00000   0.02377   0.00000   0.04061   0.02861   0.03132   0.04695   0.02914   1.99980   1.09878   0.03012   0.25934   2.57308  
 10 11545.0002   1088.486575  x:  0.00000   0.00589   0.01429   0.00000   0.02086   0.02012   0.00000   0.00000   0.01980   0.00000   0.00794   0.00000   0.00000   0.00000   0.00771   0.01512   0.02461   0.02139   0.02694   0.02304   0.03345   0.02019   0.00000   0.02245   0.00000   0.03725   0.02727   0.03054   0.04382   0.02993   1.99968   1.09823   0.03068   0.25100   2.57309  
 11 10843.7247   1077.750570  x:  0.00000   0.00522   0.00653   0.00000   0.01306   0.01216   0.00000   0.00000   0.01189   0.00000   0.00000   0.00000   0.00000   0.00000   0.00675   0.00732   0.02287   0.02073   0.02628   0.02436   0.02968   0.01724   0.00000   0.02385   0.00000   0.03519   0.02492   0.02928   0.04149   0.03106   1.99958   1.09767   0.03126   0.24252   2.57310  
 12 4832.5950   1070.462903  x:  0.00000   0.00466   0.00000   0.00000   0.00650   0.00548   0.00000   0.00000   0.00526   0.00000   0.00000   0.00000   0.00000   0.00000   0.00590   0.00075   0.02239   0.01975   0.02552   0.02322   0.02716   0.01668   0.00000   0.02313   0.00000   0.03445   0.02365   0.02812   0.04035   0.03186   1.99950   1.09726   0.03169   0.23619   2.57310  
 13 6450.0512   1069.773875  x:  0.00000   0.00462   0.00000   0.00000   0.00575   0.00472   0.00000   0.00000   0.00450   0.00000   0.00000   0.00000   0.00000   0.00000   0.00584   0.00000   0.02227   0.01984   0.02528   0.02308   0.02698   0.01660   0.00000   0.02323   0.00000   0.03433   0.02362   0.02804   0.04023   0.03196   1.99949   1.09721   0.03174   0.23544   2.57310  
 14 5290.4198   1066.437223  x:  0.00000   0.00449   0.00000   0.00000   0.00126   0.00017   0.00000   0.00000   0.00000   0.00000   0.00000   0.00000   0.00000   0.00000   0.00560   0.00000   0.02119   0.01926   0.02406   0.02323   0.02619   0.01601   0.00000   0.02286   0.00000   0.03333   0.02315   0.02761   0.03934   0.03208   1.99944   1.09695   0.03205   0.23074   2.57309  
 15 5103.2371   1066.353030  x:  0.00000   0.00449   0.00000   0.00000   0.00110   0.00000   0.00000   0.00000   0.00000   0.00000   0.00000   0.00000   0.00000   0.00000   0.00559   0.00000   0.02116   0.01926   0.02409   0.02321   0.02615   0.01601   0.00000   0.02286   0.00000   0.03329   0.02311   0.02760   0.03930   0.03209   1.99944   1.09694   0.03206   0.23060   2.57309  
 16 2279.4310   1066.057987  x:  0.00000   0.00447   0.00000   0.00000   0.00000   0.00000   0.00000   0.00000   0.00000   0.00000   0.00000   0.00000   0.00000   0.00000   0.00556   0.00000   0.02120   0.01921   0.02417   0.02316   0.02575   0.01585   0.00000   0.02284   0.00000   0.03321   0.02333   0.02751   0.03912   0.03214   1.99943   1.09692   0.03209   0.22998   2.57309  
 17 749.8791   1063.360716  x:  0.00000   0.00512   0.00000   0.00000   0.00000   0.00000   0.00000   0.00000   0.00000   0.00000   0.00000   0.00000   0.00000   0.00000   0.00601   0.00000   0.02610   0.01956   0.01513   0.02388   0.00526   0.01750   0.00000   0.02281   0.00000   0.03515   0.01831   0.02804   0.03524   0.03134   1.99958   1.09696   0.03214   0.21780   2.57307  
 18 172.1163   1060.696596  x:  0.00000   0.00452   0.00000   0.00000   0.00000   0.00000   0.00000   0.00000   0.00000   0.00000   0.00000   0.00000   0.00000   0.00000   0.00501   0.00000   0.02461   0.01872   0.00631   0.02268   0.00937   0.01664   0.00000   0.02295   0.00000   0.02935   0.01446   0.02774   0.01373   0.03192   2.00091   1.09935   0.02985   0.20797   2.57307  
 19 37.0594   1058.159687  x:  0.00000   0.00412   0.00000   0.00000   0.00000   0.00000   0.00000   0.00000   0.00000   0.00000   0.00000   0.00000   0.00000   0.00000   0.00421   0.00000   0.00579   0.01759   0.00352   0.02133   0.00833   0.01552   0.00000   0.02314   0.00000   0.01986   0.01430   0.02706   0.01990   0.03179   2.00259   1.10275   0.02653   0.20674   2.57309  
 20 73.2886   1057.176458  x:  0.00000   0.00477   0.00000   0.00000   0.00000   0.00000   0.00000   0.00000   0.00000   0.00000   0.00000   0.00000   0.00000   0.00000   0.00494   0.00000   0.00439   0.01750   0.00478   0.02160   0.00761   0.01603   0.00000   0.02322   0.00000   0.00916   0.01543   0.02795   0.01682   0.03045   2.00398   1.10601   0.02330   0.21571   2.57308  
 21 35.7045   1057.139191  x:  0.00000   0.00481   0.00000   0.00000   0.00000   0.00000   0.00000   0.00000   0.00000   0.00000   0.00000   0.00000   0.00000   0.00000   0.00500   0.00000   0.00353   0.01750   0.00499   0.02160   0.00752   0.01604   0.00000   0.02322   0.00000   0.00999   0.01553   0.02800   0.01618   0.03039   2.00411   1.10627   0.02304   0.21597   2.57308  
 22 34.4036   1056.231907  x:  0.00000   0.00588   0.00000   0.00000   0.00000   0.00000   0.00000   0.00000   0.00000   0.00000   0.00000   0.00000   0.00000   0.00000   0.00746   0.00000   0.00355   0.01644   0.00565   0.01682   0.00882   0.01084   0.00000   0.02265   0.00000   0.01029   0.00993   0.02840   0.01904   0.03010   2.01895   1.13514  -0.00559   0.14153   2.57301  
 23 10.4412   1055.762261  x:  0.00000   0.00726   0.00000   0.00000   0.00000   0.00000   0.00000   0.00000   0.00000   0.00000   0.00000   0.00000   0.00000   0.00000   0.00842   0.00000   0.00377   0.01682   0.00552   0.01709   0.00953   0.01368   0.00000   0.02272   0.00000   0.01088   0.01139   0.02721   0.01956   0.02947   2.03524   1.16842  -0.03916   0.06740   2.57313  
 24 12.6024   1055.314493  x:  0.00000   0.00587   0.00000   0.00000   0.00000   0.00000   0.00000   0.00000   0.00000   0.00000   0.00000   0.00000   0.00000   0.00000   0.00592   0.00000   0.00407   0.01559   0.00615   0.01282   0.00847   0.01346   0.00000   0.02241   0.00000   0.01103   0.01163   0.03474   0.01792   0.02723   2.08881   1.26476  -0.13564   0.07107   2.57317  
 25  4.0452   1054.218757  x:  0.00000   0.00576   0.00000   0.00000   0.00000   0.00000   0.00000   0.00000   0.00000   0.00000   0.00000   0.00000   0.00000   0.00000   0.00311   0.00000   0.00444   0.01570   0.00713   0.01159   0.00571   0.01195   0.00000   0.01894   0.00000   0.01072   0.01049   0.02304   0.01446   0.02945   2.24351   1.52888  -0.39898   0.12484   2.57293  
 26  9.6885   1054.187593  x:  0.00367   0.00572   0.00000   0.00000   0.00000   0.00000   0.00000   0.00000   0.00000   0.00000   0.00000   0.00000   0.00000   0.00000   0.00282   0.00000   0.00449   0.01572   0.00724   0.01145   0.00536   0.01170   0.00000   0.01852   0.00000   0.01069   0.01040   0.02164   0.01400   0.02975   2.26342   1.56292  -0.43292   0.13174   2.57290  
 27 176.5261   1053.831627  x:  0.00553   0.00488   0.00000   0.00000   0.00000   0.00000   0.00000   0.00000   0.00000   0.00000   0.00000   0.00000   0.00000   0.00000   0.00474   0.00000   0.00483   0.01547   0.00706   0.01097   0.00401   0.00930   0.00000   0.01787   0.00000   0.01093   0.01205   0.02021   0.01152   0.03121   2.33346   1.68395  -0.55365   0.15789   2.57279  
 28 23.3301   1053.687314  x:  0.00307   0.00408   0.00000   0.00000   0.00000   0.00000   0.00000   0.00000   0.00000   0.00000   0.00000   0.00000   0.00000   0.00000   0.00459   0.00000   0.00485   0.01571   0.00726   0.01414   0.00400   0.00801   0.00000   0.01828   0.00000   0.01092   0.01169   0.02268   0.01138   0.03141   2.35099   1.71545  -0.58498   0.15028   2.57272  
 29  4.4783   1053.611178  x:  0.00302   0.00481   0.00000   0.00000   0.00000   0.00000   0.00000   0.00000   0.00000   0.00000   0.00000   0.00000   0.00000   0.00000   0.00441   0.00000   0.00498   0.01387   0.00739   0.01445   0.00408   0.00775   0.00000   0.02060   0.00000   0.01108   0.01214   0.02264   0.01119   0.03242   2.36816   1.74611  -0.61624   0.15770   2.57294  
 30  1.2689   1053.498856  x:  0.00427   0.00378   0.00000   0.00000   0.00000   0.00000   0.00000   0.00000   0.00000   0.00000   0.00000   0.00000   0.00000   0.00000   0.00462   0.00000   0.00499   0.01411   0.00800   0.01436   0.00475   0.00911   0.00000   0.02166   0.00000   0.01087   0.01227   0.02160   0.01174   0.03546   2.40349   1.81310  -0.68336   0.16627   2.57298  
 31  1.0893   1053.374754  x:  0.00399   0.00456   0.00000   0.00000   0.00000   0.00000   0.00000   0.00000   0.00000   0.00000   0.00000   0.00000   0.00000   0.00000   0.00453   0.00000   0.00512   0.01706   0.00836   0.01456   0.00576   0.00844   0.00000   0.02212   0.00000   0.01091   0.01369   0.02178   0.01220   0.03478   2.43526   1.88101  -0.75083   0.17820   2.57282  
 32  3.0494   1053.245141  x:  0.00621   0.00455   0.00000   0.00000   0.00000   0.00000   0.00000   0.00000   0.00000   0.00000   0.00000   0.00000   0.00000   0.00000   0.00465   0.00000   0.00531   0.01516   0.00893   0.01556   0.00631   0.00929   0.00000   0.02010   0.00000   0.01094   0.01456   0.01932   0.01254   0.03079   2.46688   1.96456  -0.83452   0.19346   2.57287  
 33  1.6004   1053.065819  x:  0.00608   0.00581   0.00000   0.00000   0.00000   0.00000   0.00000   0.00000   0.00000   0.00000   0.00000   0.00000   0.00000   0.00000   0.00503   0.00000   0.00541   0.01578   0.00976   0.01679   0.00531   0.01137   0.00000   0.01977   0.00000   0.01041   0.01520   0.01920   0.01184   0.03241   2.43212   2.04846  -0.91833   0.17142   2.57285  
 34  0.3256   1053.022790  x:  0.00898   0.00545   0.00000   0.00000   0.00000   0.00000   0.00000   0.00000   0.00000   0.00000   0.00000   0.00000   0.00000   0.00000   0.00497   0.00000   0.00543   0.01631   0.01008   0.01635   0.00481   0.01151   0.00000   0.02155   0.00000   0.01019   0.01520   0.01605   0.01172   0.03018   2.42464   2.10296  -0.97311   0.17204   2.57296  
 35  1.0062   1052.914141  x:  0.01397   0.00505   0.00000   0.00000   0.00000   0.00000   0.00000   0.00000   0.00000   0.00000   0.00000   0.00000   0.00000   0.00000   0.00506   0.00000   0.00499   0.01518   0.01081   0.01524   0.00509   0.01021   0.00000   0.02088   0.00000   0.00918   0.01605   0.01034   0.01325   0.03057   2.31858   2.32020  -1.19034   0.16980   2.57297  
 36  0.5893   1052.845676  x:  0.01864   0.00497   0.00000   0.00000   0.00000   0.00000   0.00000   0.00000   0.00000   0.00000   0.00000   0.00000   0.00000   0.00000   0.00528   0.00000   0.00512   0.01520   0.01126   0.01507   0.00545   0.00998   0.00000   0.02064   0.00000   0.00994   0.01555   0.00557   0.01159   0.03085   2.25959   2.55932  -1.42933   0.18525   2.57294  
 37  0.4644   1052.792657  x:  0.02387   0.00516   0.00000   0.00000   0.00000   0.00000   0.00000   0.00000   0.00000   0.00000   0.00000   0.00000   0.00000   0.00000   0.00551   0.00000   0.00508   0.01545   0.01134   0.01538   0.00501   0.01008   0.00000   0.02047   0.00000   0.01100   0.01527   0.00103   0.01250   0.03101   2.39843   2.79663  -1.66653   0.18711   2.57291  
 38  0.2786   1052.777184  x:  0.02494   0.00516   0.00000   0.00000   0.00000   0.00000   0.00000   0.00000   0.00000   0.00000   0.00000   0.00000   0.00000   0.00000   0.00549   0.00000   0.00500   0.01548   0.01122   0.01540   0.00510   0.01010   0.00000   0.02046   0.00000   0.01081   0.01525   0.00000   0.01215   0.03089   2.40825   2.85451  -1.72439   0.18553   2.57290  
 39  0.2778   1052.756070  x:  0.02640   0.00520   0.00000   0.00000   0.00000   0.00000   0.00000   0.00000   0.00000   0.00000   0.00000   0.00000   0.00000   0.00000   0.00531   0.00000   0.00481   0.01561   0.01069   0.01570   0.00499   0.01025   0.00000   0.02049   0.00000   0.01018   0.01528   0.00000   0.01202   0.03100   2.36516   3.05460  -1.92438   0.18682   2.57288  
 40  0.4490   1052.741773  x:  0.02481   0.00522   0.00000   0.00000   0.00000   0.00000   0.00000   0.00000   0.00000   0.00000   0.00000   0.00000   0.00000   0.00000   0.00517   0.00000   0.00474   0.01570   0.01027   0.01598   0.00497   0.01035   0.00000   0.02050   0.00000   0.00985   0.01538   0.00000   0.01196   0.03116   2.33018   3.12794  -1.99765   0.18577   2.57286  
 41  0.7943   1052.729684  x:  0.02496   0.00508   0.00000   0.00000   0.00000   0.00000   0.00000   0.00000   0.00000   0.00000   0.00000   0.00000   0.00000   0.00000   0.00505   0.00000   0.00502   0.01557   0.01006   0.01584   0.00523   0.01023   0.00000   0.02056   0.00000   0.01026   0.01556   0.00000   0.01183   0.03086   2.30779   3.24288  -2.11260   0.18002   2.57286  
 42  0.2295   1052.716161  x:  0.02472   0.00500   0.00000   0.00000   0.00000   0.00000   0.00000   0.00000   0.00000   0.00000   0.00000   0.00000   0.00000   0.00000   0.00507   0.00000   0.00522   0.01536   0.00981   0.01560   0.00535   0.01014   0.00000   0.02060   0.00000   0.01035   0.01545   0.00000   0.01216   0.03065   2.35630   3.51503  -2.38467   0.18804   2.57284  
 43  0.2170   1052.705550  x:  0.02471   0.00514   0.00000   0.00000   0.00000   0.00000   0.00000   0.00000   0.00000   0.00000   0.00000   0.00000   0.00000   0.00000   0.00518   0.00000   0.00531   0.01550   0.01011   0.01530   0.00494   0.01035   0.00000   0.02050   0.00000   0.01040   0.01528   0.00000   0.01220   0.03108   2.33399   3.86128  -2.73073   0.18561   2.57279  
 44  0.1826   1052.698298  x:  0.02466   0.00508   0.00000   0.00000   0.00000   0.00000   0.00000   0.00000   0.00000   0.00000   0.00000   0.00000   0.00000   0.00000   0.00515   0.00000   0.00512   0.01543   0.01026   0.01527   0.00527   0.01023   0.00000   0.02050   0.00000   0.01009   0.01541   0.00000   0.01201   0.03055   2.34675   4.26710  -3.13639   0.18575   2.57275  
 45  0.2444   1052.695548  x:  0.02460   0.00507   0.00000   0.00000   0.00000   0.00000   0.00000   0.00000   0.00000   0.00000   0.00000   0.00000   0.00000   0.00000   0.00509   0.00000   0.00508   0.01546   0.01036   0.01547   0.00512   0.01024   0.00000   0.02057   0.00000   0.01036   0.01537   0.00000   0.01206   0.03083   2.33968   4.68962  -3.55872   0.18678   2.57269  
 46  0.2553   1052.695538  x:  0.02460   0.00507   0.00000   0.00000   0.00000   0.00000   0.00000   0.00000   0.00000   0.00000   0.00000   0.00000   0.00000   0.00000   0.00509   0.00000   0.00508   0.01546   0.01036   0.01547   0.00512   0.01024   0.00000   0.02057   0.00000   0.01036   0.01537   0.00006   0.01206   0.03083   2.33966   4.69080  -3.55989   0.18678   2.57269  
 47 11.9228   1052.694350  x:  0.02456   0.00508   0.00000   0.00000   0.00000   0.00000   0.00000   0.00000   0.00000   0.00000   0.00000   0.00000   0.00000   0.00000   0.00510   0.00000   0.00510   0.01543   0.01027   0.01543   0.00518   0.01022   0.00000   0.02053   0.00000   0.01020   0.01531   0.00011   0.01209   0.03068   2.34775   5.14125  -4.01015   0.18548   2.57264  
 48  0.2275   1052.693837  x:  0.02452   0.00507   0.00000   0.00000   0.00000   0.00000   0.00000   0.00000   0.00000   0.00000   0.00000   0.00000   0.00000   0.00000   0.00511   0.00000   0.00514   0.01546   0.01028   0.01543   0.00516   0.01024   0.00000   0.02054   0.00000   0.01028   0.01537   0.00012   0.01205   0.03076   2.33987   5.56796  -4.43665   0.18658   2.57258  
 49  0.2644   1052.693629  x:  0.02448   0.00508   0.00000   0.00000   0.00000   0.00000   0.00000   0.00000   0.00000   0.00000   0.00000   0.00000   0.00000   0.00000   0.00513   0.00000   0.00511   0.01544   0.01027   0.01542   0.00515   0.01023   0.00000   0.02055   0.00000   0.01026   0.01538   0.00020   0.01208   0.03075   2.34527   6.04526  -4.91374   0.18588   2.57252  
 50  0.2535   1052.693549  x:  0.02444   0.00508   0.00000   0.00000   0.00000   0.00000   0.00000   0.00000   0.00000   0.00000   0.00000   0.00000   0.00000   0.00000   0.00513   0.00000   0.00512   0.01545   0.01027   0.01543   0.00517   0.01023   0.00000   0.02054   0.00000   0.01026   0.01536   0.00020   0.01206   0.03073   2.34108   6.47132  -5.33961   0.18631   2.57247  
 51  0.2517   1052.693513  x:  0.02440   0.00507   0.00000   0.00000   0.00000   0.00000   0.00000   0.00000   0.00000   0.00000   0.00000   0.00000   0.00000   0.00000   0.00512   0.00000   0.00511   0.01545   0.01027   0.01542   0.00515   0.01023   0.00000   0.02055   0.00000   0.01027   0.01537   0.00027   0.01207   0.03076   2.34396   6.91324  -5.78133   0.18610   2.57241  
 52  0.2406   1052.693500  x:  0.02437   0.00508   0.00000   0.00000   0.00000   0.00000   0.00000   0.00000   0.00000   0.00000   0.00000   0.00000   0.00000   0.00000   0.00512   0.00000   0.00512   0.01545   0.01028   0.01543   0.00516   0.01024   0.00000   0.02054   0.00000   0.01026   0.01536   0.00028   0.01207   0.03073   2.34239   7.30784  -6.17575   0.18618   2.57236  
 53  0.2430   1052.693493  x:  0.02432   0.00507   0.00000   0.00000   0.00000   0.00000   0.00000   0.00000   0.00000   0.00000   0.00000   0.00000   0.00000   0.00000   0.00512   0.00000   0.00511   0.01545   0.01028   0.01542   0.00516   0.01023   0.00000   0.02055   0.00000   0.01026   0.01536   0.00034   0.01206   0.03075   2.34323   7.83554  -6.70321   0.18617   2.57230  
 54  0.2502   1052.693491  x:  0.02429   0.00508   0.00000   0.00000   0.00000   0.00000   0.00000   0.00000   0.00000   0.00000   0.00000   0.00000   0.00000   0.00000   0.00512   0.00000   0.00512   0.01545   0.01028   0.01542   0.00516   0.01023   0.00000   0.02054   0.00000   0.01026   0.01536   0.00036   0.01207   0.03074   2.34280   8.15582  -7.02334   0.18616   2.57225  
 55  0.2330   1052.693489  x:  0.02423   0.00507   0.00000   0.00000   0.00000   0.00000   0.00000   0.00000   0.00000   0.00000   0.00000   0.00000   0.00000   0.00000   0.00512   0.00000   0.00511   0.01545   0.01027   0.01542   0.00516   0.01023   0.00000   0.02055   0.00000   0.01026   0.01536   0.00044   0.01207   0.03075   2.34287   8.92628  -7.79346   0.18618   2.57216  
 56  0.2651   1052.693489  x:  0.02421   0.00508   0.00000   0.00000   0.00000   0.00000   0.00000   0.00000   0.00000   0.00000   0.00000   0.00000   0.00000   0.00000   0.00512   0.00000   0.00512   0.01545   0.01027   0.01542   0.00516   0.01023   0.00000   0.02055   0.00000   0.01026   0.01536   0.00045   0.01207   0.03074   2.34289   9.12207  -7.98916   0.18616   2.57213  
 57  0.1943   1052.693489  x:  0.02414   0.00508   0.00000   0.00000   0.00000   0.00000   0.00000   0.00000   0.00000   0.00000   0.00000   0.00000   0.00000   0.00000   0.00512   0.00000   0.00512   0.01545   0.01028   0.01542   0.00516   0.01023   0.00000   0.02054   0.00000   0.01026   0.01536   0.00052   0.01207   0.03074   2.34283   9.90524  -8.77197   0.18617   2.57203  
 58  0.2474   1052.693489  x:  0.02412   0.00508   0.00000   0.00000   0.00000   0.00000   0.00000   0.00000   0.00000   0.00000   0.00000   0.00000   0.00000   0.00000   0.00512   0.00000   0.00511   0.01545   0.01028   0.01542   0.00516   0.01023   0.00000   0.02055   0.00000   0.01026   0.01536   0.00054   0.01207   0.03074   2.34291  10.12125  -8.98789   0.18617   2.57201  
 59  0.1545   1052.693489  x:  0.02411   0.00508   0.00000   0.00000   0.00000   0.00000   0.00000   0.00000   0.00000   0.00000   0.00000   0.00000   0.00000   0.00000   0.00512   0.00000   0.00511   0.01545   0.01028   0.01542   0.00516   0.01023   0.00000   0.02055   0.00000   0.01026   0.01536   0.00055   0.01207   0.03074   2.34288  10.25908  -9.12565   0.18617   2.57199  
 60  0.1581   1052.693489  x:  0.02408   0.00508   0.00000   0.00000   0.00000   0.00000   0.00000   0.00000   0.00000   0.00000   0.00000   0.00000   0.00000   0.00000   0.00512   0.00000   0.00511   0.01545   0.01028   0.01542   0.00516   0.01023   0.00000   0.02055   0.00000   0.01026   0.01536   0.00058   0.01207   0.03074   2.34287  10.56185  -9.42829   0.18617   2.57195  
 61  0.3650   1052.693489  x:  0.02389   0.00508   0.00000   0.00000   0.00000   0.00000   0.00000   0.00000   0.00000   0.00000   0.00000   0.00000   0.00000   0.00000   0.00512   0.00000   0.00511   0.01545   0.01027   0.01542   0.00516   0.01023   0.00000   0.02055   0.00000   0.01026   0.01536   0.00077   0.01207   0.03074   2.34289  12.72858  -11.59403   0.18617   2.57168  
 62  0.3829   1052.693489  x:  0.02391   0.00508   0.00000   0.00000   0.00000   0.00000   0.00000   0.00000   0.00000   0.00000   0.00000   0.00000   0.00000   0.00000   0.00512   0.00000   0.00511   0.01545   0.01028   0.01542   0.00516   0.01023   0.00000   0.02055   0.00000   0.01026   0.01536   0.00075   0.01207   0.03074   2.34287  12.52811  -11.39365   0.18617   2.57170  
 63  0.1266   1052.693489  x:  0.02391   0.00508   0.00000   0.00000   0.00000   0.00000   0.00000   0.00000   0.00000   0.00000   0.00000   0.00000   0.00000   0.00000   0.00512   0.00000   0.00511   0.01545   0.01028   0.01542   0.00516   0.01023   0.00000   0.02055   0.00000   0.01026   0.01536   0.00075   0.01207   0.03074   2.34287  12.52808  -11.39362   0.18617   2.57170  
 64  0.0254   1052.693489  x:  0.02391   0.00508   0.00000   0.00000   0.00000   0.00000   0.00000   0.00000   0.00000   0.00000   0.00000   0.00000   0.00000   0.00000   0.00512   0.00000   0.00511   0.01545   0.01028   0.01542   0.00516   0.01023   0.00000   0.02055   0.00000   0.01026   0.01536   0.00075   0.01207   0.03074   2.34287  12.52816  -11.39371   0.18617   2.57170  
 65  1.9221   1052.693489  x:  0.02391   0.00508   0.00000   0.00000   0.00000   0.00000   0.00000   0.00000   0.00000   0.00000   0.00000   0.00000   0.00000   0.00000   0.00512   0.00000   0.00511   0.01545   0.01028   0.01542   0.00516   0.01023   0.00000   0.02055   0.00000   0.01026   0.01536   0.00075   0.01207   0.03074   2.34288  12.53534  -11.40088   0.18617   2.57170  
 66  0.1586   1052.693489  x:  0.02391   0.00508   0.00000   0.00000   0.00000   0.00000   0.00000   0.00000   0.00000   0.00000   0.00000   0.00000   0.00000   0.00000   0.00512   0.00000   0.00511   0.01545   0.01028   0.01542   0.00516   0.01023   0.00000   0.02055   0.00000   0.01026   0.01536   0.00075   0.01207   0.03074   2.34288  12.53504  -11.40058   0.18617   2.57170  
 67  0.0020   1052.693489  x:  0.02391   0.00508   0.00000   0.00000   0.00000   0.00000   0.00000   0.00000   0.00000   0.00000   0.00000   0.00000   0.00000   0.00000   0.00512   0.00000   0.00511   0.01545   0.01028   0.01542   0.00516   0.01023   0.00000   0.02055   0.00000   0.01026   0.01536   0.00075   0.01207   0.03074   2.34288  12.53492  -11.40046   0.18617   2.57170  
 68  0.0020   1052.693489  x:  0.02391   0.00508   0.00000   0.00000   0.00000   0.00000   0.00000   0.00000   0.00000   0.00000   0.00000   0.00000   0.00000   0.00000   0.00512   0.00000   0.00511   0.01545   0.01028   0.01542   0.00516   0.01023   0.00000   0.02055   0.00000   0.01026   0.01536   0.00075   0.01207   0.03074   2.34288  12.53488  -11.40042   0.18617   2.57170  
 69  0.0012   1052.693489  x:  0.02391   0.00508   0.00000   0.00000   0.00000   0.00000   0.00000   0.00000   0.00000   0.00000   0.00000   0.00000   0.00000   0.00000   0.00512   0.00000   0.00511   0.01545   0.01028   0.01542   0.00516   0.01023   0.00000   0.02055   0.00000   0.01026   0.01536   0.00075   0.01207   0.03074   2.34288  12.53488  -11.40042   0.18617   2.57170  
 70  0.0016   1052.693489  x:  0.02391   0.00508   0.00000   0.00000   0.00000   0.00000   0.00000   0.00000   0.00000   0.00000   0.00000   0.00000   0.00000   0.00000   0.00512   0.00000   0.00511   0.01545   0.01028   0.01542   0.00516   0.01023   0.00000   0.02055   0.00000   0.01026   0.01536   0.00075   0.01207   0.03074   2.34288  12.53488  -11.40042   0.18617   2.57170  
 71  0.0000   1052.693489  x:  0.02391   0.00508   0.00000   0.00000   0.00000   0.00000   0.00000   0.00000   0.00000   0.00000   0.00000   0.00000   0.00000   0.00000   0.00512   0.00000   0.00511   0.01545   0.01028   0.01542   0.00516   0.01023   0.00000   0.02055   0.00000   0.01026   0.01536   0.00075   0.01207   0.03074   2.34288  12.53488  -11.40042   0.18617   2.57170  
 72  0.0017   1052.693489  x:  0.02391   0.00508   0.00000   0.00000   0.00000   0.00000   0.00000   0.00000   0.00000   0.00000   0.00000   0.00000   0.00000   0.00000   0.00512   0.00000   0.00511   0.01545   0.01028   0.01542   0.00516   0.01023   0.00000   0.02055   0.00000   0.01026   0.01536   0.00075   0.01207   0.03074   2.34288  12.53488  -11.40042   0.18617   2.57170  
check convergence!
