Supplemental results for CODEML (seqf: /Users/YY/Desktop/get/branch_site/modify/modify_trim_muscle_ndhJ.fa  treef: /Users/YY/Desktop/get/branch_site/16gene_topu.tree)


dN/dS (w) for site classes (K=4)

site class             0        1       2a       2b
proportion       0.84782  0.04352  0.10335  0.00531
background w     0.08575  1.00000  0.08575  1.00000
foreground w     0.08575  1.00000  1.00000  1.00000

Naive Empirical Bayes (NEB) probabilities for 4 classes
(amino acids refer to 1st sequence: NC_027834)

   1 M   0.86954 0.02180 0.10600 0.00266 ( 1)
   2 Q   0.86188 0.02947 0.10506 0.00359 ( 1)
   3 G   0.87247 0.01888 0.10635 0.00230 ( 1)
   4 R   0.69843 0.19292 0.08514 0.02352 ( 1)
   5 L   0.86125 0.03009 0.10499 0.00367 ( 1)
   6 S   0.87093 0.02041 0.10617 0.00249 ( 1)
   7 A   0.87146 0.01989 0.10623 0.00242 ( 1)
   8 W   0.85988 0.03146 0.10482 0.00384 ( 1)
   9 L   0.86255 0.02880 0.10514 0.00351 ( 1)
  10 V   0.85636 0.03499 0.10439 0.00427 ( 1)
  11 K   0.86520 0.02615 0.10547 0.00319 ( 1)
  12 H   0.87527 0.01608 0.10669 0.00196 ( 1)
  13 G   0.86542 0.02593 0.10549 0.00316 ( 1)
  14 L   0.86077 0.03058 0.10493 0.00373 ( 1)
  15 I   0.87329 0.01806 0.10645 0.00220 ( 1)
  16 H   0.87527 0.01608 0.10669 0.00196 ( 1)
  17 R   0.86528 0.02607 0.10548 0.00318 ( 1)
  18 S   0.86994 0.02140 0.10604 0.00261 ( 1)
  19 L   0.86125 0.03009 0.10499 0.00367 ( 1)
  20 G   0.86942 0.02193 0.10598 0.00267 ( 1)
  21 F   0.87477 0.01657 0.10663 0.00202 ( 1)
  22 D   0.87636 0.01499 0.10683 0.00183 ( 1)
  23 Y   0.85666 0.03468 0.10443 0.00423 ( 1)
  24 Q   0.86494 0.02641 0.10543 0.00322 ( 1)
  25 G   0.86542 0.02593 0.10549 0.00316 ( 1)
  26 I   0.86945 0.02189 0.10598 0.00267 ( 1)
  27 E   0.86887 0.02247 0.10591 0.00274 ( 1)
  28 T   0.87001 0.02134 0.10605 0.00260 ( 1)
  29 L   0.86255 0.02880 0.10514 0.00351 ( 1)
  30 Q   0.86506 0.02628 0.10545 0.00320 ( 1)
  31 I   0.86945 0.02189 0.10598 0.00267 ( 1)
  32 K   0.86890 0.02245 0.10592 0.00274 ( 1)
  33 P   0.85484 0.03651 0.10420 0.00445 ( 1)
  34 E   0.86602 0.02532 0.10557 0.00309 ( 1)
  35 D   0.87636 0.01499 0.10683 0.00183 ( 1)
  36 W   0.85988 0.03146 0.10482 0.00384 ( 1)
  37 H   0.87527 0.01608 0.10669 0.00196 ( 1)
  38 S   0.85551 0.03583 0.10429 0.00437 ( 1)
  39 I   0.87329 0.01806 0.10645 0.00220 ( 1)
  40 A   0.87146 0.01989 0.10623 0.00242 ( 1)
  41 V   0.85636 0.03499 0.10439 0.00427 ( 1)
  42 I   0.87329 0.01806 0.10645 0.00220 ( 1)
  43 L   0.15800 0.73334 0.01926 0.08939 ( 2)
  44 Y   0.87330 0.01804 0.10645 0.00220 ( 1)
  45 I   0.86945 0.02189 0.10598 0.00267 ( 1)
  46 Y   0.87330 0.01804 0.10645 0.00220 ( 1)
  47 G   0.87247 0.01888 0.10635 0.00230 ( 1)
  48 Y   0.85666 0.03468 0.10443 0.00423 ( 1)
  49 N   0.87575 0.01560 0.10675 0.00190 ( 1)
  50 Y   0.87330 0.01804 0.10645 0.00220 ( 1)
  51 L   0.63191 0.25944 0.07703 0.03163 ( 1)
  52 R   0.85536 0.03599 0.10427 0.00439 ( 1)
  53 S   0.85551 0.03583 0.10429 0.00437 ( 1)
  54 Q   0.86506 0.02628 0.10545 0.00320 ( 1)
  55 C   0.87266 0.01869 0.10638 0.00228 ( 1)
  56 A   0.86007 0.03127 0.10484 0.00381 ( 1)
  57 Y   0.87330 0.01804 0.10645 0.00220 ( 1)
  58 D   0.87622 0.01513 0.10681 0.00184 ( 1)
  59 L   0.66661 0.22474 0.08126 0.02740 ( 1)
  60 A   0.86587 0.02547 0.10555 0.00311 ( 1)
  61 P   0.86386 0.02749 0.10530 0.00335 ( 1)
  62 G   0.87185 0.01950 0.10628 0.00238 ( 1)
  63 G   0.86542 0.02593 0.10549 0.00316 ( 1)
  64 L   0.85746 0.03388 0.10452 0.00413 ( 1)
  65 L   0.86255 0.02880 0.10514 0.00351 ( 1)
  66 A   0.87146 0.01989 0.10623 0.00242 ( 1)
  67 S   0.87265 0.01869 0.10637 0.00228 ( 1)
  68 V   0.86224 0.02911 0.10511 0.00355 ( 1)
  69 Y   0.87244 0.01891 0.10635 0.00230 ( 1)
  70 H   0.87527 0.01608 0.10669 0.00196 ( 1)
  71 L   0.86935 0.02200 0.10597 0.00268 ( 1)
  72 T   0.86030 0.03105 0.10487 0.00378 ( 1)
  73 R   0.86528 0.02607 0.10548 0.00318 ( 1)
  74 I   0.86945 0.02189 0.10598 0.00267 ( 1)
  75 E   0.86602 0.02532 0.10557 0.00309 ( 1)
  76 Y   0.71623 0.17511 0.08731 0.02135 ( 1)
  77 D   0.60500 0.28635 0.07375 0.03491 ( 1)
  78 V   0.86224 0.02911 0.10511 0.00355 ( 1)
  79 D   0.87636 0.01499 0.10683 0.00183 ( 1)
  80 Q   0.86506 0.02628 0.10545 0.00320 ( 1)
  81 P   0.86409 0.02726 0.10533 0.00332 ( 1)
  82 E   0.86980 0.02155 0.10603 0.00263 ( 1)
  83 E   0.86629 0.02505 0.10560 0.00305 ( 1)
  84 V   0.86682 0.02453 0.10566 0.00299 ( 1)
  85 C   0.85726 0.03408 0.10450 0.00415 ( 1)
  86 I   0.86945 0.02189 0.10598 0.00267 ( 1)
  87 K   0.86890 0.02245 0.10592 0.00274 ( 1)
  88 V   0.86721 0.02414 0.10571 0.00294 ( 1)
  89 F   0.87477 0.01657 0.10663 0.00202 ( 1)
  90 A   0.59824 0.29310 0.07293 0.03573 ( 1)
  91 P   0.64380 0.24754 0.07848 0.03018 ( 1)
  92 R   0.86267 0.02867 0.10516 0.00350 ( 1)
  93 K   0.66575 0.22560 0.08115 0.02750 ( 1)
  94 N   0.87575 0.01560 0.10675 0.00190 ( 1)
  95 P   0.86940 0.02195 0.10598 0.00268 ( 1)
  96 R   0.86006 0.03129 0.10484 0.00381 ( 1)
  97 I   0.87329 0.01806 0.10645 0.00220 ( 1)
  98 P   0.85988 0.03147 0.10482 0.00384 ( 1)
  99 S   0.87051 0.02083 0.10611 0.00254 ( 1)
 100 V   0.87269 0.01866 0.10638 0.00227 ( 1)
 101 F   0.86070 0.03064 0.10492 0.00374 ( 1)
 102 W   0.85988 0.03146 0.10482 0.00384 ( 1)
 103 V   0.87269 0.01866 0.10638 0.00227 ( 1)
 104 W   0.85988 0.03146 0.10482 0.00384 ( 1)
 105 K   0.86890 0.02245 0.10592 0.00274 ( 1)
 106 S   0.71274 0.17861 0.08688 0.02177 ( 1)
 107 V   0.86224 0.02911 0.10511 0.00355 ( 1)
 108 D   0.87636 0.01499 0.10683 0.00183 ( 1)
 109 F   0.87477 0.01657 0.10663 0.00202 ( 1)
 110 Q   0.86506 0.02628 0.10545 0.00320 ( 1)
 111 E   0.86943 0.02191 0.10598 0.00267 ( 1)
 112 R   0.85973 0.03162 0.10480 0.00385 ( 1)
 113 E   0.86688 0.02447 0.10567 0.00298 ( 1)
 114 S   0.87093 0.02041 0.10617 0.00249 ( 1)
 115 F   0.72347 0.16788 0.08819 0.02046 ( 1)
 116 D   0.87636 0.01499 0.10683 0.00183 ( 1)
 117 M   0.86954 0.02180 0.10600 0.00266 ( 1)
 118 L   0.86125 0.03009 0.10499 0.00367 ( 1)
 119 G   0.86542 0.02593 0.10549 0.00316 ( 1)
 120 I   0.86945 0.02189 0.10598 0.00267 ( 1)
 121 S   0.87093 0.02041 0.10617 0.00249 ( 1)
 122 Y   0.87330 0.01804 0.10645 0.00220 ( 1)
 123 D   0.74208 0.14926 0.09046 0.01820 ( 1)
 124 N   0.87575 0.01560 0.10675 0.00190 ( 1)
 125 H   0.87527 0.01608 0.10669 0.00196 ( 1)
 126 P   0.85988 0.03147 0.10482 0.00384 ( 1)
 127 R   0.87058 0.02077 0.10612 0.00253 ( 1)
 128 L   0.86125 0.03009 0.10499 0.00367 ( 1)
 129 K   0.86890 0.02245 0.10592 0.00274 ( 1)
 130 R   0.85673 0.03461 0.10443 0.00422 ( 1)
 131 I   0.85784 0.03351 0.10457 0.00408 ( 1)
 132 L   0.86255 0.02880 0.10514 0.00351 ( 1)
 133 M   0.86954 0.02180 0.10600 0.00266 ( 1)
 134 P   0.86940 0.02195 0.10598 0.00268 ( 1)
 135 E   0.86980 0.02155 0.10603 0.00263 ( 1)
 136 S   0.87265 0.01869 0.10637 0.00228 ( 1)
 137 W   0.85988 0.03146 0.10482 0.00384 ( 1)
 138 I   0.86952 0.02183 0.10599 0.00266 ( 1)
 139 G   0.86518 0.02616 0.10546 0.00319 ( 1)
 140 W   0.85988 0.03146 0.10482 0.00384 ( 1)
 141 P   0.86940 0.02195 0.10598 0.00268 ( 1)
 142 L   0.86255 0.02880 0.10514 0.00351 ( 1)
 143 R   0.87058 0.02077 0.10612 0.00253 ( 1)
 144 K   0.86501 0.02634 0.10544 0.00321 ( 1)
 145 D   0.87636 0.01499 0.10683 0.00183 ( 1)
 146 Y   0.87330 0.01804 0.10645 0.00220 ( 1)
 147 I   0.87329 0.01806 0.10645 0.00220 ( 1)
 148 A   0.60081 0.29054 0.07324 0.03542 ( 1)
 149 P   0.85484 0.03651 0.10420 0.00445 ( 1)
 150 N   0.87575 0.01560 0.10675 0.00190 ( 1)
 151 F   0.87477 0.01657 0.10663 0.00202 ( 1)
 152 Y   0.87330 0.01804 0.10645 0.00220 ( 1)
 153 E   0.86980 0.02155 0.10603 0.00263 ( 1)
 154 I   0.86945 0.02189 0.10598 0.00267 ( 1)
 155 Q   0.86506 0.02628 0.10545 0.00320 ( 1)
 156 D   0.87636 0.01499 0.10683 0.00183 ( 1)
 157 A   0.87146 0.01989 0.10623 0.00242 ( 1)
 158 H   0.87527 0.01608 0.10669 0.00196 ( 1)


lnL =  -897.706662

