

TREE # 1

  0  0.0000    963.746984  x:  0.00000   0.01052   0.03766   0.02386   0.04082   0.04069   0.02053   0.02770   0.04444   0.01554   0.03051   0.01512   0.01414   0.01311   0.01172   0.04397   0.03373   0.02164   0.03335   0.02210   0.04529   0.03105   0.00779   0.03295   0.00351   0.05382   0.03961   0.04088   0.05204   0.03167   2.00000   1.09989   0.02896   0.27919  
  1 99.0000    963.739918  x:  0.00000   0.01051   0.03766   0.02386   0.04081   0.04069   0.02053   0.02770   0.04444   0.01553   0.03051   0.01512   0.01414   0.01311   0.01172   0.04397   0.03372   0.02164   0.03334   0.02210   0.04529   0.03105   0.00779   0.03296   0.00351   0.05382   0.03961   0.04088   0.05204   0.03167   2.00000   1.09989   0.02896   0.27919  
  2 553.4500    956.516506  x:  0.00000   0.00977   0.03498   0.02368   0.03731   0.03717   0.01692   0.02557   0.04171   0.01473   0.02699   0.01158   0.01059   0.01282   0.00822   0.04194   0.03019   0.02111   0.03093   0.01984   0.04222   0.03006   0.00427   0.03296   0.00000   0.05230   0.03869   0.04047   0.04982   0.03165   2.00006   1.10001   0.02885   0.27855  
  3 10944.5386    947.676801  x:  0.00000   0.00807   0.03120   0.02352   0.03299   0.03286   0.01243   0.02199   0.03786   0.01344   0.02266   0.00723   0.00622   0.01317   0.00395   0.03885   0.02588   0.02031   0.02723   0.01632   0.03826   0.02818   0.00000   0.03210   0.00000   0.05005   0.03705   0.04055   0.04658   0.03039   2.00011   1.10006   0.02879   0.27597  
  4 15249.1985    940.189134  x:  0.00000   0.01138   0.02766   0.02324   0.02899   0.02892   0.00814   0.01907   0.03380   0.01443   0.01864   0.00318   0.00218   0.01272   0.00000   0.03567   0.02191   0.02049   0.02352   0.01416   0.03447   0.02710   0.00000   0.03239   0.00000   0.04789   0.03566   0.04137   0.04310   0.03165   2.00012   1.09994   0.02894   0.26955  
  5 1953.5887    937.202613  x:  0.00000   0.01143   0.02635   0.02324   0.02685   0.02680   0.00579   0.01969   0.03233   0.01416   0.01647   0.00101   0.00000   0.01262   0.00000   0.03510   0.01978   0.02049   0.02307   0.01354   0.03273   0.02786   0.00000   0.03262   0.00000   0.04744   0.03604   0.04113   0.04201   0.03131   2.00012   1.09987   0.02903   0.26572  
  6 1340.5606    936.067736  x:  0.00000   0.01131   0.02601   0.02319   0.02586   0.02581   0.00469   0.01966   0.03194   0.01417   0.01547   0.00000   0.00000   0.01269   0.00000   0.03505   0.01879   0.02041   0.02308   0.01347   0.03194   0.02785   0.00000   0.03240   0.00000   0.04726   0.03613   0.04106   0.04178   0.03148   2.00012   1.09985   0.02905   0.26413  
  7 4396.6342    932.038345  x:  0.00000   0.01107   0.02505   0.02315   0.02175   0.02167   0.00000   0.01901   0.03090   0.01406   0.01129   0.00000   0.00000   0.01254   0.00000   0.03490   0.01463   0.02031   0.02304   0.01353   0.02880   0.02756   0.00000   0.03258   0.00000   0.04652   0.03617   0.04096   0.04119   0.03113   2.00012   1.09980   0.02912   0.25792  
  8 11857.0297    923.394488  x:  0.00000   0.01044   0.02405   0.02325   0.01069   0.01016   0.00000   0.01808   0.03038   0.01228   0.00000   0.00000   0.00000   0.01343   0.00000   0.03281   0.00314   0.02052   0.02009   0.01258   0.02230   0.02941   0.00000   0.03231   0.00000   0.04458   0.03507   0.04167   0.04043   0.03180   2.00008   1.09989   0.02902   0.24383  
  9 4789.7952    921.533368  x:  0.00000   0.01014   0.02386   0.02310   0.00771   0.00702   0.00000   0.01806   0.03028   0.01274   0.00000   0.00000   0.00000   0.01296   0.00000   0.03211   0.00000   0.02015   0.01934   0.01194   0.02096   0.02958   0.00000   0.03202   0.00000   0.04403   0.03515   0.04165   0.04011   0.03170   2.00006   1.09996   0.02893   0.24063  
 10 3939.6186    918.542242  x:  0.00000   0.01057   0.02334   0.02301   0.00113   0.00000   0.00000   0.01789   0.02938   0.01205   0.00000   0.00000   0.00000   0.01327   0.00000   0.03108   0.00000   0.01979   0.01910   0.01048   0.01870   0.02875   0.00000   0.03192   0.00000   0.04284   0.03606   0.04097   0.03880   0.03161   2.00000   1.10024   0.02863   0.23533  
 11 2064.7692    918.226744  x:  0.00000   0.01046   0.02318   0.02304   0.00000   0.00000   0.00000   0.01776   0.02909   0.01210   0.00000   0.00000   0.00000   0.01326   0.00000   0.03109   0.00000   0.01991   0.01915   0.01039   0.01833   0.02885   0.00000   0.03192   0.00000   0.04272   0.03596   0.04093   0.03858   0.03164   2.00000   1.10029   0.02858   0.23470  
 12 1150.3582    913.655704  x:  0.00000   0.01068   0.01626   0.01973   0.00000   0.00000   0.00000   0.01525   0.01886   0.00839   0.00000   0.00000   0.00000   0.01087   0.00000   0.03283   0.00000   0.01167   0.01600   0.01670   0.00000   0.03329   0.00000   0.02932   0.00000   0.03985   0.03293   0.04214   0.03460   0.03038   2.00002   1.10274   0.02607   0.22070  
 13 352.8445    912.336118  x:  0.00000   0.00610   0.00446   0.01888   0.00000   0.00000   0.00000   0.01466   0.01394   0.00830   0.00000   0.00000   0.00000   0.01144   0.00000   0.03078   0.00000   0.01373   0.00629   0.02888   0.00000   0.03195   0.00000   0.03004   0.00000   0.03337   0.04011   0.04174   0.03692   0.03075   2.00068   1.10589   0.02296   0.21571  
 14 107.9986    912.065483  x:  0.00000   0.00546   0.00000   0.02052   0.00000   0.00000   0.00000   0.01408   0.01472   0.00809   0.00000   0.00000   0.00000   0.01081   0.00000   0.02481   0.00000   0.01304   0.00908   0.03200   0.00000   0.03298   0.00000   0.02955   0.00000   0.02951   0.04033   0.04171   0.03809   0.03079   2.00137   1.10785   0.02105   0.21574  
 15 55.3308    911.327978  x:  0.00000   0.00459   0.00000   0.02070   0.00000   0.00000   0.00000   0.01339   0.00660   0.00713   0.00000   0.00000   0.00000   0.00934   0.00000   0.02061   0.00000   0.01507   0.00615   0.03444   0.00000   0.03355   0.00000   0.02737   0.00000   0.02472   0.04069   0.03455   0.03623   0.03013   2.00350   1.11240   0.01673   0.21711  
 16 27.4630    910.908383  x:  0.00000   0.00347   0.00000   0.01869   0.00000   0.00000   0.00000   0.01135   0.00910   0.00845   0.00000   0.00000   0.00000   0.01179   0.00000   0.01961   0.00000   0.01328   0.00417   0.03494   0.00000   0.03549   0.00000   0.02942   0.00000   0.02112   0.04129   0.02961   0.02905   0.03006   2.00612   1.11817   0.01124   0.21774  
 17 47.8805    910.661192  x:  0.00000   0.00346   0.00502   0.01771   0.00000   0.00000   0.00000   0.01024   0.01089   0.00737   0.00000   0.00000   0.00000   0.01041   0.00000   0.01839   0.00000   0.01375   0.00347   0.03367   0.00000   0.03594   0.00000   0.02891   0.00000   0.01990   0.04231   0.02887   0.02570   0.03012   2.00869   1.12394   0.00571   0.21825  
 18 73.9645    909.760764  x:  0.00000   0.00240   0.00375   0.01477   0.00000   0.00000   0.00000   0.01036   0.01147   0.00432   0.00000   0.00000   0.00000   0.00656   0.00000   0.01382   0.00000   0.01483   0.00223   0.02616   0.00000   0.03326   0.00000   0.02985   0.00000   0.02291   0.04570   0.03671   0.01942   0.03175   2.01686   1.14262  -0.01225   0.21960  
 19 101.6221    908.996270  x:  0.00000   0.00246   0.00534   0.01570   0.00000   0.00000   0.00000   0.01100   0.00893   0.00545   0.00000   0.00000   0.00000   0.00867   0.00000   0.01115   0.00000   0.01084   0.00116   0.01549   0.00000   0.03145   0.00000   0.03462   0.00000   0.02205   0.04590   0.03996   0.02406   0.03339   2.02468   1.16038  -0.02940   0.22174  
 20 146.8412    908.634763  x:  0.00000   0.00328   0.00413   0.01219   0.00000   0.00000   0.00000   0.01053   0.00868   0.00494   0.00000   0.00000   0.00000   0.00847   0.00000   0.00954   0.00000   0.01074   0.00179   0.00979   0.00000   0.03148   0.00000   0.03574   0.00000   0.01908   0.04558   0.03975   0.02823   0.03369   2.02892   1.16996  -0.03869   0.22333  
 21 229.5058    908.481384  x:  0.00000   0.00422   0.00232   0.01406   0.00000   0.00000   0.00000   0.01031   0.00947   0.00420   0.00000   0.00000   0.00000   0.00718   0.00000   0.00974   0.00000   0.01062   0.00165   0.00792   0.00000   0.03140   0.00000   0.03485   0.00000   0.01705   0.04526   0.03867   0.02944   0.03373   2.03097   1.17465  -0.04327   0.22394  
 22 102.0088    908.107980  x:  0.00000   0.00471   0.00168   0.01534   0.00000   0.00000   0.00000   0.01142   0.01010   0.00425   0.00000   0.00000   0.00000   0.00705   0.00000   0.00616   0.00000   0.01073   0.00179   0.00842   0.00000   0.02814   0.00000   0.03483   0.00000   0.01990   0.04170   0.03407   0.02836   0.03399   2.03708   1.18869  -0.05732   0.22483  
 23 38.4393    906.330536  x:  0.00000   0.00416   0.00349   0.01755   0.00000   0.00000   0.00000   0.01721   0.00799   0.00487   0.00000   0.00000   0.00000   0.00753   0.00000   0.00807   0.00000   0.00924   0.00249   0.00513   0.00000   0.01496   0.00000   0.04006   0.00000   0.01627   0.03459   0.03420   0.01540   0.03783   2.06519   1.25380  -0.12280   0.22797  
 24 189.7054    905.627768  x:  0.00000   0.00432   0.00349   0.01954   0.00000   0.00000   0.00000   0.00935   0.00619   0.00515   0.00000   0.00000   0.00000   0.00761   0.00000   0.00848   0.00000   0.00746   0.00293   0.00210   0.00000   0.01605   0.00000   0.04227   0.00000   0.02086   0.04081   0.03328   0.01257   0.03944   2.07690   1.28111  -0.15030   0.22698  
 25 182.4986    902.642935  x:  0.00000   0.00437   0.00355   0.02102   0.00000   0.00000   0.00000   0.00267   0.00697   0.00503   0.00000   0.00000   0.00000   0.00467   0.00000   0.01028   0.00000   0.00794   0.00321   0.00592   0.00000   0.00924   0.00000   0.04888   0.00000   0.02531   0.04663   0.02958   0.02228   0.04386   2.12974   1.41121  -0.28086   0.10813  
 26 44.0464    901.290817  x:  0.00000   0.00520   0.00262   0.02204   0.00000   0.00000   0.00000   0.00419   0.00693   0.00567   0.00000   0.00000   0.00000   0.00415   0.00000   0.01050   0.00000   0.00723   0.00349   0.00829   0.00000   0.01032   0.00000   0.05062   0.00000   0.02544   0.05322   0.03068   0.02220   0.04634   2.15609   1.48110  -0.35096   0.04296  
 27 69.2629    900.649823  x:  0.00000   0.00548   0.00208   0.02253   0.00000   0.00000   0.00000   0.00204   0.00655   0.00552   0.00000   0.00000   0.00000   0.00643   0.00000   0.01009   0.00000   0.00890   0.00350   0.00843   0.00000   0.01227   0.00000   0.05024   0.00000   0.02428   0.04800   0.03418   0.01994   0.04499   2.19308   1.56552  -0.43188   0.04046  
 28  4.6801    899.571787  x:  0.00000   0.00376   0.00466   0.02147   0.00000   0.00000   0.00000   0.00288   0.00745   0.00376   0.00000   0.00000   0.00000   0.00620   0.00000   0.01220   0.00000   0.01147   0.00321   0.00390   0.00000   0.01479   0.00000   0.05223   0.00000   0.02840   0.03299   0.02596   0.02418   0.04733   2.26014   1.72305  -0.58404   0.05705  
 29 21.5790    899.553310  x:  0.00290   0.00368   0.00478   0.02142   0.00000   0.00000   0.00000   0.00292   0.00748   0.00369   0.00000   0.00000   0.00000   0.00617   0.00000   0.01229   0.00000   0.01159   0.00320   0.00369   0.00000   0.01493   0.00000   0.05233   0.00000   0.02859   0.03224   0.02558   0.02436   0.04744   2.26375   1.73102  -0.59175   0.05797  
 30 45.7996    899.229842  x:  0.00160   0.00409   0.00397   0.02119   0.00000   0.00000   0.00000   0.00264   0.00711   0.00562   0.00000   0.00000   0.00000   0.00387   0.00000   0.01211   0.00000   0.01202   0.00322   0.00435   0.00000   0.01703   0.00000   0.05247   0.00000   0.02735   0.02870   0.02651   0.02252   0.04755   2.30779   1.78182  -0.64173   0.07149  
 31  3.4850    898.710731  x:  0.00000   0.00453   0.00287   0.02047   0.00000   0.00000   0.00000   0.00335   0.00732   0.00662   0.00000   0.00000   0.00000   0.00519   0.00000   0.01184   0.00000   0.01291   0.00313   0.00394   0.00000   0.01582   0.00000   0.04750   0.00000   0.02618   0.02754   0.02801   0.02031   0.04490   2.39604   1.84405  -0.70408   0.08008  
 32  1.6367    898.518442  x:  0.00000   0.00507   0.00242   0.02170   0.00000   0.00000   0.00000   0.00381   0.00625   0.00577   0.00000   0.00000   0.00000   0.00610   0.00000   0.01187   0.00000   0.01233   0.00346   0.00681   0.00000   0.01790   0.00000   0.04963   0.00000   0.02514   0.02794   0.02778   0.01774   0.04596   2.45723   1.87719  -0.73727   0.09191  
 33  1.3842    898.077884  x:  0.00000   0.00479   0.00419   0.02225   0.00000   0.00000   0.00000   0.00488   0.00700   0.00698   0.00000   0.00000   0.00000   0.00568   0.00000   0.01185   0.00000   0.01353   0.00379   0.00560   0.00000   0.01890   0.00000   0.04486   0.00000   0.02195   0.02929   0.02927   0.01168   0.04159   2.51758   1.91109  -0.77200   0.08113  
 34  0.1831    897.893869  x:  0.00000   0.00555   0.00400   0.02181   0.00000   0.00000   0.00000   0.00555   0.00687   0.00760   0.00000   0.00000   0.00000   0.00632   0.00000   0.01287   0.00000   0.01351   0.00413   0.00450   0.00000   0.02065   0.00000   0.04074   0.00000   0.02089   0.02811   0.02569   0.01364   0.04518   2.49868   1.95669  -0.81483   0.07706  
 35  0.1184    897.880129  x:  0.00253   0.00565   0.00398   0.02175   0.00000   0.00000   0.00000   0.00564   0.00685   0.00767   0.00000   0.00000   0.00000   0.00640   0.00000   0.01299   0.00000   0.01351   0.00417   0.00436   0.00000   0.02086   0.00000   0.04023   0.00000   0.02076   0.02796   0.02526   0.01389   0.04561   2.49636   1.96230  -0.82011   0.07657  
 36 37.4250    897.810360  x:  0.00293   0.00606   0.00402   0.02180   0.00000   0.00000   0.00000   0.00599   0.00649   0.00747   0.00000   0.00000   0.00000   0.00656   0.00000   0.01341   0.00000   0.01343   0.00446   0.00356   0.00000   0.02124   0.00000   0.04154   0.00000   0.02036   0.02695   0.02476   0.01475   0.04062   2.47164   2.02109  -0.88160   0.08183  
 37  0.2371    897.769545  x:  0.00422   0.00641   0.00397   0.02142   0.00000   0.00000   0.00000   0.00635   0.00701   0.00709   0.00000   0.00000   0.00000   0.00686   0.00000   0.01391   0.00000   0.01370   0.00489   0.00321   0.00000   0.02146   0.00000   0.04157   0.00000   0.02053   0.02796   0.02343   0.01374   0.04203   2.44224   2.08011  -0.94062   0.09007  
 38  0.1016    897.743178  x:  0.00428   0.00653   0.00409   0.02138   0.00000   0.00000   0.00000   0.00679   0.00667   0.00676   0.00000   0.00000   0.00000   0.00699   0.00000   0.01408   0.00000   0.01392   0.00539   0.00350   0.00000   0.02099   0.00000   0.04324   0.00000   0.02072   0.02698   0.02336   0.01329   0.04273   2.46039   2.07662  -0.93683   0.08611  
 39  0.0207    897.727316  x:  0.00325   0.00613   0.00474   0.02143   0.00000   0.00000   0.00000   0.00700   0.00671   0.00665   0.00000   0.00000   0.00000   0.00703   0.00000   0.01392   0.00000   0.01356   0.00578   0.00334   0.00000   0.02067   0.00000   0.04252   0.00000   0.02058   0.02787   0.02433   0.01395   0.04228   2.50607   2.08384  -0.94461   0.08716  
 40  0.0755    897.716799  x:  0.00302   0.00620   0.00438   0.02061   0.00000   0.00000   0.00000   0.00707   0.00671   0.00653   0.00000   0.00000   0.00000   0.00688   0.00000   0.01379   0.00000   0.01334   0.00610   0.00339   0.00000   0.02019   0.00000   0.04125   0.00000   0.02072   0.02730   0.02450   0.01377   0.04188   2.47999   2.08852  -0.94937   0.08699  
 41  0.0216    897.712032  x:  0.00236   0.00626   0.00402   0.02054   0.00000   0.00000   0.00000   0.00710   0.00673   0.00664   0.00000   0.00000   0.00000   0.00674   0.00000   0.01361   0.00000   0.01358   0.00633   0.00344   0.00000   0.02014   0.00000   0.04185   0.00000   0.02068   0.02790   0.02525   0.01400   0.04208   2.47202   2.06845  -0.92934   0.08556  
 42  0.0333    897.708723  x:  0.00161   0.00611   0.00408   0.02075   0.00000   0.00000   0.00000   0.00701   0.00690   0.00678   0.00000   0.00000   0.00000   0.00673   0.00000   0.01344   0.00000   0.01351   0.00655   0.00352   0.00000   0.02026   0.00000   0.04205   0.00000   0.02063   0.02742   0.02607   0.01399   0.04228   2.46402   2.05605  -0.91655   0.08603  
 43  0.0203    897.707393  x:  0.00159   0.00604   0.00409   0.02073   0.00000   0.00000   0.00000   0.00694   0.00668   0.00681   0.00000   0.00000   0.00000   0.00673   0.00000   0.01346   0.00000   0.01358   0.00666   0.00354   0.00000   0.02047   0.00000   0.04188   0.00000   0.02068   0.02756   0.02606   0.01381   0.04217   2.46837   2.05022  -0.91071   0.08596  
 44  0.0080    897.707007  x:  0.00173   0.00606   0.00406   0.02072   0.00000   0.00000   0.00000   0.00688   0.00677   0.00678   0.00000   0.00000   0.00000   0.00675   0.00000   0.01355   0.00000   0.01357   0.00671   0.00358   0.00000   0.02059   0.00000   0.04188   0.00000   0.02077   0.02757   0.02591   0.01383   0.04203   2.46951   2.04811  -0.90865   0.08547  
 45  0.0029    897.706739  x:  0.00183   0.00607   0.00408   0.02069   0.00000   0.00000   0.00000   0.00680   0.00674   0.00674   0.00000   0.00000   0.00000   0.00677   0.00000   0.01360   0.00000   0.01359   0.00675   0.00353   0.00000   0.02058   0.00000   0.04190   0.00000   0.02064   0.02752   0.02581   0.01389   0.04212   2.46838   2.05043  -0.91089   0.08555  
 46  0.0021    897.706679  x:  0.00181   0.00607   0.00410   0.02070   0.00000   0.00000   0.00000   0.00676   0.00674   0.00674   0.00000   0.00000   0.00000   0.00676   0.00000   0.01360   0.00000   0.01361   0.00674   0.00355   0.00000   0.02051   0.00000   0.04189   0.00000   0.02068   0.02757   0.02584   0.01388   0.04212   2.46656   2.05241  -0.91288   0.08568  
 47  0.0024    897.706665  x:  0.00179   0.00608   0.00409   0.02071   0.00000   0.00000   0.00000   0.00675   0.00675   0.00675   0.00000   0.00000   0.00000   0.00676   0.00000   0.01359   0.00000   0.01360   0.00674   0.00355   0.00000   0.02050   0.00000   0.04189   0.00000   0.02067   0.02756   0.02585   0.01387   0.04211   2.46929   2.05337  -0.91384   0.08573  
 48  0.0025    897.706662  x:  0.00179   0.00608   0.00409   0.02071   0.00000   0.00000   0.00000   0.00675   0.00675   0.00676   0.00000   0.00000   0.00000   0.00676   0.00000   0.01358   0.00000   0.01360   0.00675   0.00354   0.00000   0.02051   0.00000   0.04190   0.00000   0.02068   0.02755   0.02584   0.01387   0.04211   2.46853   2.05421  -0.91467   0.08574  
 49  0.0010    897.706662  x:  0.00179   0.00608   0.00409   0.02071   0.00000   0.00000   0.00000   0.00675   0.00675   0.00676   0.00000   0.00000   0.00000   0.00676   0.00000   0.01358   0.00000   0.01360   0.00675   0.00354   0.00000   0.02051   0.00000   0.04190   0.00000   0.02068   0.02756   0.02584   0.01387   0.04211   2.46860   2.05440  -0.91485   0.08575  
 50  0.0002    897.706662  x:  0.00179   0.00608   0.00409   0.02071   0.00000   0.00000   0.00000   0.00675   0.00675   0.00676   0.00000   0.00000   0.00000   0.00676   0.00000   0.01358   0.00000   0.01360   0.00675   0.00354   0.00000   0.02051   0.00000   0.04190   0.00000   0.02068   0.02756   0.02584   0.01387   0.04211   2.46860   2.05444  -0.91488   0.08575  
 51  0.0000    897.706662  x:  0.00179   0.00608   0.00409   0.02071   0.00000   0.00000   0.00000   0.00675   0.00675   0.00676   0.00000   0.00000   0.00000   0.00676   0.00000   0.01358   0.00000   0.01360   0.00675   0.00354   0.00000   0.02051   0.00000   0.04190   0.00000   0.02068   0.02756   0.02584   0.01387   0.04211   2.46859   2.05444  -0.91488   0.08575  
 52  0.0000    897.706662  x:  0.00179   0.00608   0.00409   0.02071   0.00000   0.00000   0.00000   0.00675   0.00675   0.00676   0.00000   0.00000   0.00000   0.00676   0.00000   0.01358   0.00000   0.01360   0.00675   0.00354   0.00000   0.02051   0.00000   0.04190   0.00000   0.02068   0.02756   0.02584   0.01387   0.04211   2.46859   2.05444  -0.91488   0.08575  
 53  0.0000    897.706662  x:  0.00179   0.00608   0.00409   0.02071   0.00000   0.00000   0.00000   0.00675   0.00675   0.00676   0.00000   0.00000   0.00000   0.00676   0.00000   0.01358   0.00000   0.01360   0.00675   0.00354   0.00000   0.02051   0.00000   0.04190   0.00000   0.02068   0.02756   0.02584   0.01387   0.04211   2.46858   2.05445  -0.91487   0.08575  
 54  0.0000    897.706662  x:  0.00179   0.00608   0.00409   0.02071   0.00000   0.00000   0.00000   0.00675   0.00675   0.00676   0.00000   0.00000   0.00000   0.00676   0.00000   0.01358   0.00000   0.01360   0.00675   0.00354   0.00000   0.02051   0.00000   0.04190   0.00000   0.02068   0.02756   0.02584   0.01387   0.04211   2.46858   2.05446  -0.91487   0.08575  
 55  0.0000    897.706662  x:  0.00179   0.00608   0.00409   0.02071   0.00000   0.00000   0.00000   0.00675   0.00675   0.00676   0.00000   0.00000   0.00000   0.00676   0.00000   0.01358   0.00000   0.01360   0.00675   0.00354   0.00000   0.02051   0.00000   0.04190   0.00000   0.02068   0.02756   0.02584   0.01387   0.04211   2.46858   2.05451  -0.91484   0.08575  
 56  0.0000    897.706662  x:  0.00179   0.00608   0.00409   0.02071   0.00000   0.00000   0.00000   0.00675   0.00675   0.00676   0.00000   0.00000   0.00000   0.00676   0.00000   0.01358   0.00000   0.01360   0.00675   0.00354   0.00000   0.02051   0.00000   0.04190   0.00000   0.02068   0.02756   0.02584   0.01387   0.04211   2.46858   2.05450  -0.91485   0.08575  
 57  0.0000    897.706662  x:  0.00179   0.00608   0.00409   0.02071   0.00000   0.00000   0.00000   0.00675   0.00675   0.00676   0.00000   0.00000   0.00000   0.00676   0.00000   0.01358   0.00000   0.01360   0.00675   0.00354   0.00000   0.02051   0.00000   0.04190   0.00000   0.02068   0.02756   0.02584   0.01387   0.04211   2.46858   2.05450  -0.91485   0.08575  
 58  0.0000    897.706662  x:  0.00179   0.00608   0.00409   0.02071   0.00000   0.00000   0.00000   0.00675   0.00675   0.00676   0.00000   0.00000   0.00000   0.00676   0.00000   0.01358   0.00000   0.01360   0.00675   0.00354   0.00000   0.02051   0.00000   0.04190   0.00000   0.02068   0.02756   0.02584   0.01387   0.04211   2.46858   2.05450  -0.91485   0.08575  
 59  0.0000    897.706662  x:  0.00179   0.00608   0.00409   0.02071   0.00000   0.00000   0.00000   0.00675   0.00675   0.00676   0.00000   0.00000   0.00000   0.00676   0.00000   0.01358   0.00000   0.01360   0.00675   0.00354   0.00000   0.02051   0.00000   0.04190   0.00000   0.02068   0.02756   0.02584   0.01387   0.04211   2.46858   2.05450  -0.91485   0.08575  
check convergence!
