Supplemental results for CODEML (seqf: /Users/YY/Desktop/get/branch_site/modify/modify_trim_muscle_rpoC1.fa  treef: /Users/YY/Desktop/get/branch_site/16gene_topu.tree)


dN/dS (w) for site classes (K=4)

site class             0        1       2a       2b
proportion       0.83588  0.04939  0.10833  0.00640
background w     0.10643  1.00000  0.10643  1.00000
foreground w     0.10643  1.00000  1.00000  1.00000

Naive Empirical Bayes (NEB) probabilities for 4 classes
(amino acids refer to 1st sequence: KM035850)

   1 M   0.86134 0.02393 0.11163 0.00310 ( 1)
   2 I   0.86384 0.02143 0.11195 0.00278 ( 1)
   3 D   0.86659 0.01868 0.11231 0.00242 ( 1)
   4 Q   0.84967 0.03560 0.11012 0.00461 ( 1)
   5 Y   0.86102 0.02425 0.11159 0.00314 ( 1)
   6 K   0.86310 0.02217 0.11185 0.00287 ( 1)
   7 H   0.86372 0.02155 0.11194 0.00279 ( 1)
   8 Q   0.85702 0.02825 0.11107 0.00366 ( 1)
   9 Q   0.85702 0.02825 0.11107 0.00366 ( 1)
  10 L   0.84599 0.03928 0.10964 0.00509 ( 1)
  11 R   0.85124 0.03403 0.11032 0.00441 ( 1)
  12 I   0.86384 0.02143 0.11195 0.00278 ( 1)
  13 G   0.85776 0.02751 0.11116 0.00357 ( 1)
  14 S   0.85176 0.03351 0.11039 0.00434 ( 1)
  15 V   0.86280 0.02247 0.11182 0.00291 ( 1)
  16 S   0.85767 0.02760 0.11115 0.00358 ( 1)
  17 P   0.85804 0.02723 0.11120 0.00353 ( 1)
  18 Q   0.85702 0.02825 0.11107 0.00366 ( 1)
  19 Q   0.85702 0.02825 0.11107 0.00366 ( 1)
  20 I   0.86322 0.02205 0.11187 0.00286 ( 1)
  21 S   0.86442 0.02085 0.11203 0.00270 ( 1)
  22 T   0.86125 0.02402 0.11161 0.00311 ( 1)
  23 W   0.84658 0.03869 0.10971 0.00501 ( 1)
  24 A   0.84790 0.03738 0.10988 0.00484 ( 1)
  25 D   0.73599 0.14928 0.09538 0.01935 ( 1)
  26 K   0.86310 0.02217 0.11185 0.00287 ( 1)
  27 I   0.84906 0.03621 0.11004 0.00469 ( 1)
  28 L   0.84599 0.03928 0.10964 0.00509 ( 1)
  29 P   0.85252 0.03275 0.11048 0.00424 ( 1)
  30 N   0.73567 0.14961 0.09534 0.01939 ( 1)
  31 G   0.85868 0.02659 0.11128 0.00345 ( 1)
  32 E   0.85417 0.03111 0.11070 0.00403 ( 1)
  33 R   0.24187 0.64340 0.03135 0.08338 ( 2)
  34 V   0.86262 0.02265 0.11179 0.00294 ( 1)
  35 G   0.85868 0.02659 0.11128 0.00345 ( 1)
  36 E   0.85417 0.03111 0.11070 0.00403 ( 1)
  37 V   0.84990 0.03537 0.11014 0.00458 ( 1)
  38 T   0.85895 0.02632 0.11132 0.00341 ( 1)
  39 K   0.86310 0.02217 0.11185 0.00287 ( 1)
  40 P   0.85804 0.02723 0.11120 0.00353 ( 1)
  41 Y   0.86102 0.02425 0.11159 0.00314 ( 1)
  42 T   0.86125 0.02402 0.11161 0.00311 ( 1)
  43 F   0.86276 0.02251 0.11181 0.00292 ( 1)
  44 H   0.86372 0.02155 0.11194 0.00279 ( 1)
  45 Y   0.84982 0.03546 0.11013 0.00459 ( 1)
  46 K   0.86310 0.02217 0.11185 0.00287 ( 1)
  47 T   0.84645 0.03882 0.10970 0.00503 ( 1)
  48 N   0.86661 0.01866 0.11231 0.00242 ( 1)
  49 K   0.86310 0.02217 0.11185 0.00287 ( 1)
  50 P   0.84514 0.04013 0.10953 0.00520 ( 1)
  51 E   0.86308 0.02219 0.11185 0.00288 ( 1)
  52 K   0.86310 0.02217 0.11185 0.00287 ( 1)
  53 D   0.86659 0.01868 0.11231 0.00242 ( 1)
  54 G   0.85868 0.02659 0.11128 0.00345 ( 1)
  55 L   0.85203 0.03324 0.11042 0.00431 ( 1)
  56 F   0.86276 0.02251 0.11181 0.00292 ( 1)
  57 C   0.85945 0.02582 0.11138 0.00335 ( 1)
  58 E   0.86308 0.02219 0.11185 0.00288 ( 1)
  59 R   0.84700 0.03827 0.10977 0.00496 ( 1)
  60 I   0.86384 0.02143 0.11195 0.00278 ( 1)
  61 F   0.86276 0.02251 0.11181 0.00292 ( 1)
  62 G   0.84931 0.03596 0.11007 0.00466 ( 1)
  63 P   0.85804 0.02723 0.11120 0.00353 ( 1)
  64 I   0.63042 0.25485 0.08170 0.03303 ( 1)
  65 K   0.86310 0.02217 0.11185 0.00287 ( 1)
  66 S   0.86442 0.02085 0.11203 0.00270 ( 1)
  67 G   0.85868 0.02659 0.11128 0.00345 ( 1)
  68 I   0.86384 0.02143 0.11195 0.00278 ( 1)
  69 C   0.85945 0.02582 0.11138 0.00335 ( 1)
  70 A   0.86122 0.02405 0.11161 0.00312 ( 1)
  71 C   0.85945 0.02582 0.11138 0.00335 ( 1)
  72 G   0.85868 0.02659 0.11128 0.00345 ( 1)
  73 N   0.86661 0.01866 0.11231 0.00242 ( 1)
  74 Y   0.86102 0.02425 0.11159 0.00314 ( 1)
  75 R   0.85111 0.03416 0.11030 0.00443 ( 1)
  76 V   0.86046 0.02482 0.11151 0.00322 ( 1)
  77 I   0.84997 0.03531 0.11015 0.00458 ( 1)
  78 G   0.68433 0.20095 0.08869 0.02604 ( 1)
  79 D   0.86659 0.01868 0.11231 0.00242 ( 1)
  80 K   0.86310 0.02217 0.11185 0.00287 ( 1)
  81 K   0.86310 0.02217 0.11185 0.00287 ( 1)
  82 K   0.70448 0.18079 0.09130 0.02343 ( 1)
  83 Y   0.63979 0.24548 0.08291 0.03181 ( 1)
  84 R   0.61582 0.26945 0.07981 0.03492 ( 1)
  85 K   0.70910 0.17617 0.09190 0.02283 ( 1)
  86 F   0.70971 0.17556 0.09198 0.02275 ( 1)
  87 C   0.85945 0.02582 0.11138 0.00335 ( 1)
  88 E   0.86308 0.02219 0.11185 0.00288 ( 1)
  89 Q   0.85702 0.02825 0.11107 0.00366 ( 1)
  90 C   0.84608 0.03919 0.10965 0.00508 ( 1)
  91 G   0.84980 0.03547 0.11013 0.00460 ( 1)
  92 V   0.84734 0.03793 0.10981 0.00492 ( 1)
  93 E   0.85417 0.03111 0.11070 0.00403 ( 1)
  94 F   0.86276 0.02251 0.11181 0.00292 ( 1)
  95 I   0.71224 0.17303 0.09230 0.02242 ( 1)
  96 D   0.86659 0.01868 0.11231 0.00242 ( 1)
  97 S   0.85767 0.02760 0.11115 0.00358 ( 1)
  98 R   0.84653 0.03874 0.10971 0.00502 ( 1)
  99 I   0.71167 0.17360 0.09223 0.02250 ( 1)
 100 R   0.85124 0.03403 0.11032 0.00441 ( 1)
 101 R   0.86002 0.02525 0.11146 0.00327 ( 1)
 102 Y   0.86102 0.02425 0.11159 0.00314 ( 1)
 103 Q   0.85702 0.02825 0.11107 0.00366 ( 1)
 104 M   0.86134 0.02393 0.11163 0.00310 ( 1)
 105 G   0.84700 0.03827 0.10977 0.00496 ( 1)
 106 Y   0.84634 0.03893 0.10968 0.00505 ( 1)
 107 I   0.84906 0.03621 0.11004 0.00469 ( 1)
 108 K   0.86310 0.02217 0.11185 0.00287 ( 1)
 109 L   0.84599 0.03928 0.10964 0.00509 ( 1)
 110 A   0.85892 0.02635 0.11131 0.00341 ( 1)
 111 C   0.84608 0.03919 0.10965 0.00508 ( 1)
 112 P   0.85581 0.02946 0.11091 0.00382 ( 1)
 113 V   0.85996 0.02532 0.11145 0.00328 ( 1)
 114 T   0.84645 0.03882 0.10970 0.00503 ( 1)
 115 H   0.85056 0.03471 0.11023 0.00450 ( 1)
 116 V   0.85145 0.03382 0.11035 0.00438 ( 1)
 117 W   0.84658 0.03869 0.10971 0.00501 ( 1)
 118 Y   0.86102 0.02425 0.11159 0.00314 ( 1)
 119 L   0.84837 0.03690 0.10995 0.00478 ( 1)
 120 K   0.86310 0.02217 0.11185 0.00287 ( 1)
 121 R   0.85899 0.02629 0.11132 0.00341 ( 1)
 122 L   0.86037 0.02490 0.11150 0.00323 ( 1)
 123 P   0.85804 0.02723 0.11120 0.00353 ( 1)
 124 S   0.86442 0.02085 0.11203 0.00270 ( 1)
 125 Y   0.86102 0.02425 0.11159 0.00314 ( 1)
 126 I   0.86384 0.02143 0.11195 0.00278 ( 1)
 127 A   0.84865 0.03662 0.10998 0.00475 ( 1)
 128 N   0.86661 0.01866 0.11231 0.00242 ( 1)
 129 L   0.69600 0.18927 0.09020 0.02453 ( 1)
 130 L   0.85203 0.03324 0.11042 0.00431 ( 1)
 131 D   0.86659 0.01868 0.11231 0.00242 ( 1)
 132 K   0.86310 0.02217 0.11185 0.00287 ( 1)
 133 P   0.85804 0.02723 0.11120 0.00353 ( 1)
 134 L   0.86037 0.02490 0.11150 0.00323 ( 1)
 135 K   0.86310 0.02217 0.11185 0.00287 ( 1)
 136 E   0.86308 0.02219 0.11185 0.00288 ( 1)
 137 L   0.85203 0.03324 0.11042 0.00431 ( 1)
 138 E   0.86308 0.02219 0.11185 0.00288 ( 1)
 139 G   0.84700 0.03827 0.10977 0.00496 ( 1)
 140 L   0.85290 0.03237 0.11053 0.00420 ( 1)
 141 V   0.86046 0.02482 0.11151 0.00322 ( 1)
 142 Y   0.84634 0.03893 0.10968 0.00505 ( 1)
 143 C   0.84608 0.03919 0.10965 0.00508 ( 1)
 144 D   0.86659 0.01868 0.11231 0.00242 ( 1)
 145 F   0.86276 0.02251 0.11181 0.00292 ( 1)
 146 A   0.86122 0.02405 0.11161 0.00312 ( 1)
 147 R   0.85197 0.03330 0.11041 0.00432 ( 1)
 148 P   0.84479 0.04048 0.10948 0.00525 ( 1)
 149 I   0.86322 0.02205 0.11187 0.00286 ( 1)
 150 A   0.86122 0.02405 0.11161 0.00312 ( 1)
 151 K   0.86310 0.02217 0.11185 0.00287 ( 1)
 152 K   0.86310 0.02217 0.11185 0.00287 ( 1)
 153 P   0.84479 0.04048 0.10948 0.00525 ( 1)
 154 T   0.86125 0.02402 0.11161 0.00311 ( 1)
 155 F   0.85557 0.02970 0.11088 0.00385 ( 1)
 156 L   0.85203 0.03324 0.11042 0.00431 ( 1)
 157 R   0.85124 0.03403 0.11032 0.00441 ( 1)
 158 L   0.85203 0.03324 0.11042 0.00431 ( 1)
 159 R   0.85071 0.03456 0.11025 0.00448 ( 1)
 160 G   0.86224 0.02303 0.11174 0.00298 ( 1)
 161 L   0.84743 0.03784 0.10982 0.00490 ( 1)
 162 F   0.84979 0.03549 0.11013 0.00460 ( 1)
 163 E   0.71185 0.17342 0.09225 0.02247 ( 1)
 164 Y   0.86102 0.02425 0.11159 0.00314 ( 1)
 165 E   0.86308 0.02219 0.11185 0.00288 ( 1)
 166 I   0.84906 0.03621 0.11004 0.00469 ( 1)
 167 Q   0.85702 0.02825 0.11107 0.00366 ( 1)
 168 S   0.84460 0.04067 0.10946 0.00527 ( 1)
 169 W   0.84658 0.03869 0.10971 0.00501 ( 1)
 170 K   0.86310 0.02217 0.11185 0.00287 ( 1)
 171 Y   0.84696 0.03831 0.10976 0.00496 ( 1)
 172 S   0.85054 0.03473 0.11023 0.00450 ( 1)
 173 I   0.84906 0.03621 0.11004 0.00469 ( 1)
 174 P   0.85246 0.03281 0.11048 0.00425 ( 1)
 175 L   0.86037 0.02490 0.11150 0.00323 ( 1)
 176 F   0.86276 0.02251 0.11181 0.00292 ( 1)
 177 F   0.86276 0.02251 0.11181 0.00292 ( 1)
 178 T   0.86125 0.02402 0.11161 0.00311 ( 1)
 179 T   0.84645 0.03882 0.10970 0.00503 ( 1)
 180 Q   0.85611 0.02916 0.11095 0.00378 ( 1)
 181 G   0.84700 0.03827 0.10977 0.00496 ( 1)
 182 F   0.85309 0.03218 0.11056 0.00417 ( 1)
 183 D   0.86659 0.01868 0.11231 0.00242 ( 1)
 184 T   0.85895 0.02632 0.11132 0.00341 ( 1)
 185 F   0.86276 0.02251 0.11181 0.00292 ( 1)
 186 R   0.85124 0.03403 0.11032 0.00441 ( 1)
 187 N   0.86661 0.01866 0.11231 0.00242 ( 1)
 188 R   0.85131 0.03396 0.11033 0.00440 ( 1)
 189 E   0.85417 0.03111 0.11070 0.00403 ( 1)
 190 I   0.84906 0.03621 0.11004 0.00469 ( 1)
 191 S   0.85370 0.03157 0.11064 0.00409 ( 1)
 192 T   0.86086 0.02441 0.11156 0.00316 ( 1)
 193 G   0.85868 0.02659 0.11128 0.00345 ( 1)
 194 A   0.85892 0.02635 0.11131 0.00341 ( 1)
 195 G   0.86224 0.02303 0.11174 0.00298 ( 1)
 196 A   0.86122 0.02405 0.11161 0.00312 ( 1)
 197 I   0.85101 0.03426 0.11029 0.00444 ( 1)
 198 R   0.85124 0.03403 0.11032 0.00441 ( 1)
 199 E   0.86308 0.02219 0.11185 0.00288 ( 1)
 200 Q   0.85702 0.02825 0.11107 0.00366 ( 1)
 201 L   0.85203 0.03324 0.11042 0.00431 ( 1)
 202 A   0.84688 0.03839 0.10975 0.00498 ( 1)
 203 D   0.86659 0.01868 0.11231 0.00242 ( 1)
 204 L   0.85269 0.03259 0.11051 0.00422 ( 1)
 205 D   0.86659 0.01868 0.11231 0.00242 ( 1)
 206 L   0.85203 0.03324 0.11042 0.00431 ( 1)
 207 R   0.84618 0.03909 0.10966 0.00507 ( 1)
 208 I   0.86384 0.02143 0.11195 0.00278 ( 1)
 209 I   0.86384 0.02143 0.11195 0.00278 ( 1)
 210 I   0.86322 0.02205 0.11187 0.00286 ( 1)
 211 D   0.86659 0.01868 0.11231 0.00242 ( 1)
 212 S   0.85767 0.02760 0.11115 0.00358 ( 1)
 213 S   0.84983 0.03545 0.11013 0.00459 ( 1)
 214 L   0.84743 0.03784 0.10982 0.00490 ( 1)
 215 V   0.86046 0.02482 0.11151 0.00322 ( 1)
 216 E   0.86308 0.02219 0.11185 0.00288 ( 1)
 217 W   0.84658 0.03869 0.10971 0.00501 ( 1)
 218 K   0.86310 0.02217 0.11185 0.00287 ( 1)
 219 E   0.85417 0.03111 0.11070 0.00403 ( 1)
 220 L   0.84743 0.03784 0.10982 0.00490 ( 1)
 221 G   0.84931 0.03596 0.11007 0.00466 ( 1)
 222 E   0.86308 0.02219 0.11185 0.00288 ( 1)
 223 D   0.65199 0.23328 0.08450 0.03023 ( 1)
 224 R   0.70617 0.17910 0.09152 0.02321 ( 1)
 225 P   0.84479 0.04048 0.10948 0.00525 ( 1)
 226 T   0.85852 0.02675 0.11126 0.00347 ( 1)
 227 G   0.84931 0.03596 0.11007 0.00466 ( 1)
 228 N   0.86661 0.01866 0.11231 0.00242 ( 1)
 229 E   0.85737 0.02790 0.11111 0.00362 ( 1)
 230 W   0.84658 0.03869 0.10971 0.00501 ( 1)
 231 E   0.86308 0.02219 0.11185 0.00288 ( 1)
 232 D   0.86659 0.01868 0.11231 0.00242 ( 1)
 233 R   0.85124 0.03403 0.11032 0.00441 ( 1)
 234 K   0.13775 0.74752 0.01785 0.09688 ( 2)
 235 V   0.86280 0.02247 0.11182 0.00291 ( 1)
 236 G   0.85868 0.02659 0.11128 0.00345 ( 1)
 237 R   0.86002 0.02525 0.11146 0.00327 ( 1)
 238 R   0.85112 0.03416 0.11030 0.00443 ( 1)
 239 K   0.85419 0.03108 0.11070 0.00403 ( 1)
 240 D   0.73495 0.15033 0.09525 0.01948 ( 1)
 241 F   0.86276 0.02251 0.11181 0.00292 ( 1)
 242 L   0.84743 0.03784 0.10982 0.00490 ( 1)
 243 V   0.85337 0.03190 0.11059 0.00413 ( 1)
 244 R   0.85961 0.02566 0.11140 0.00333 ( 1)
 245 R   0.85917 0.02610 0.11135 0.00338 ( 1)
 246 M   0.86134 0.02393 0.11163 0.00310 ( 1)
 247 E   0.86308 0.02219 0.11185 0.00288 ( 1)
 248 L   0.85203 0.03324 0.11042 0.00431 ( 1)
 249 A   0.85357 0.03171 0.11062 0.00411 ( 1)
 250 K   0.85419 0.03108 0.11070 0.00403 ( 1)
 251 H   0.86372 0.02155 0.11194 0.00279 ( 1)
 252 F   0.86276 0.02251 0.11181 0.00292 ( 1)
 253 I   0.86384 0.02143 0.11195 0.00278 ( 1)
 254 R   0.85124 0.03403 0.11032 0.00441 ( 1)
 255 T   0.85895 0.02632 0.11132 0.00341 ( 1)
 256 N   0.86661 0.01866 0.11231 0.00242 ( 1)
 257 I   0.86322 0.02205 0.11187 0.00286 ( 1)
 258 D   0.65373 0.23154 0.08472 0.03001 ( 1)
 259 P   0.85591 0.02936 0.11092 0.00381 ( 1)
 260 E   0.71091 0.17436 0.09213 0.02260 ( 1)
 261 W   0.84658 0.03869 0.10971 0.00501 ( 1)
 262 M   0.86134 0.02393 0.11163 0.00310 ( 1)
 263 V   0.71090 0.17437 0.09213 0.02260 ( 1)
 264 L   0.84743 0.03784 0.10982 0.00490 ( 1)
 265 C   0.85945 0.02582 0.11138 0.00335 ( 1)
 266 L   0.85290 0.03237 0.11053 0.00420 ( 1)
 267 L   0.85203 0.03324 0.11042 0.00431 ( 1)
 268 P   0.85804 0.02723 0.11120 0.00353 ( 1)
 269 V   0.86251 0.02276 0.11178 0.00295 ( 1)
 270 L   0.86037 0.02490 0.11150 0.00323 ( 1)
 271 P   0.85804 0.02723 0.11120 0.00353 ( 1)
 272 P   0.85804 0.02723 0.11120 0.00353 ( 1)
 273 E   0.85417 0.03111 0.11070 0.00403 ( 1)
 274 L   0.85203 0.03324 0.11042 0.00431 ( 1)
 275 R   0.86002 0.02525 0.11146 0.00327 ( 1)
 276 P   0.84671 0.03856 0.10973 0.00500 ( 1)
 277 I   0.84906 0.03621 0.11004 0.00469 ( 1)
 278 V   0.70387 0.18140 0.09122 0.02351 ( 1)
 279 Q   0.63842 0.24685 0.08274 0.03199 ( 1)
 280 I   0.86322 0.02205 0.11187 0.00286 ( 1)
 281 D   0.85297 0.03230 0.11054 0.00419 ( 1)
 282 G   0.84931 0.03596 0.11007 0.00466 ( 1)
 283 G   0.86224 0.02303 0.11174 0.00298 ( 1)
 284 K   0.86310 0.02217 0.11185 0.00287 ( 1)
 285 L   0.85232 0.03295 0.11046 0.00427 ( 1)
 286 M   0.70245 0.18282 0.09104 0.02369 ( 1)
 287 S   0.85054 0.03473 0.11023 0.00450 ( 1)
 288 S   0.84592 0.03935 0.10963 0.00510 ( 1)
 289 D   0.86659 0.01868 0.11231 0.00242 ( 1)
 290 I   0.86384 0.02143 0.11195 0.00278 ( 1)
 291 N   0.86661 0.01866 0.11231 0.00242 ( 1)
 292 E   0.86308 0.02219 0.11185 0.00288 ( 1)
 293 L   0.84599 0.03928 0.10964 0.00509 ( 1)
 294 Y   0.86007 0.02521 0.11146 0.00327 ( 1)
 295 R   0.86002 0.02525 0.11146 0.00327 ( 1)
 296 R   0.86002 0.02525 0.11146 0.00327 ( 1)
 297 V   0.86280 0.02247 0.11182 0.00291 ( 1)
 298 I   0.84951 0.03576 0.11009 0.00463 ( 1)
 299 Y   0.86102 0.02425 0.11159 0.00314 ( 1)
 300 R   0.84660 0.03867 0.10972 0.00501 ( 1)
 301 N   0.85299 0.03228 0.11055 0.00418 ( 1)
 302 N   0.86661 0.01866 0.11231 0.00242 ( 1)
 303 T   0.86125 0.02402 0.11161 0.00311 ( 1)
 304 L   0.86037 0.02490 0.11150 0.00323 ( 1)
 305 T   0.84645 0.03882 0.10970 0.00503 ( 1)
 306 D   0.85297 0.03230 0.11054 0.00419 ( 1)
 307 L   0.85281 0.03246 0.11052 0.00421 ( 1)
 308 L   0.85203 0.03324 0.11042 0.00431 ( 1)
 309 T   0.85895 0.02632 0.11132 0.00341 ( 1)
 310 T   0.85895 0.02632 0.11132 0.00341 ( 1)
 311 S   0.86442 0.02085 0.11203 0.00270 ( 1)
 312 R   0.86002 0.02525 0.11146 0.00327 ( 1)
 313 S   0.85767 0.02760 0.11115 0.00358 ( 1)
 314 T   0.84867 0.03660 0.10998 0.00474 ( 1)
 315 P   0.85591 0.02936 0.11092 0.00381 ( 1)
 316 G   0.85868 0.02659 0.11128 0.00345 ( 1)
 317 E   0.86277 0.02250 0.11181 0.00292 ( 1)
 318 L   0.85203 0.03324 0.11042 0.00431 ( 1)
 319 V   0.69688 0.18839 0.09031 0.02442 ( 1)
 320 M   0.86134 0.02393 0.11163 0.00310 ( 1)
 321 C   0.85816 0.02711 0.11122 0.00351 ( 1)
 322 Q   0.84967 0.03560 0.11012 0.00461 ( 1)
 323 E   0.85417 0.03111 0.11070 0.00403 ( 1)
 324 K   0.86310 0.02217 0.11185 0.00287 ( 1)
 325 L   0.84751 0.03777 0.10983 0.00489 ( 1)
 326 V   0.86046 0.02482 0.11151 0.00322 ( 1)
 327 Q   0.85702 0.02825 0.11107 0.00366 ( 1)
 328 E   0.86206 0.02321 0.11172 0.00301 ( 1)
 329 A   0.84643 0.03884 0.10970 0.00503 ( 1)
 330 V   0.85109 0.03418 0.11030 0.00443 ( 1)
 331 D   0.86659 0.01868 0.11231 0.00242 ( 1)
 332 T   0.85895 0.02632 0.11132 0.00341 ( 1)
 333 L   0.86037 0.02490 0.11150 0.00323 ( 1)
 334 L   0.85905 0.02622 0.11133 0.00340 ( 1)
 335 D   0.86659 0.01868 0.11231 0.00242 ( 1)
 336 N   0.86661 0.01866 0.11231 0.00242 ( 1)
 337 G   0.85868 0.02659 0.11128 0.00345 ( 1)
 338 I   0.84906 0.03621 0.11004 0.00469 ( 1)
 339 R   0.85917 0.02610 0.11135 0.00338 ( 1)
 340 G   0.85868 0.02659 0.11128 0.00345 ( 1)
 341 Q   0.85702 0.02825 0.11107 0.00366 ( 1)
 342 P   0.84889 0.03638 0.11001 0.00472 ( 1)
 343 M   0.70259 0.18268 0.09105 0.02367 ( 1)
 344 R   0.85197 0.03330 0.11041 0.00432 ( 1)
 345 D   0.85297 0.03230 0.11054 0.00419 ( 1)
 346 G   0.84717 0.03810 0.10979 0.00494 ( 1)
 347 H   0.86372 0.02155 0.11194 0.00279 ( 1)
 348 N   0.86661 0.01866 0.11231 0.00242 ( 1)
 349 K   0.86310 0.02217 0.11185 0.00287 ( 1)
 350 V   0.86280 0.02247 0.11182 0.00291 ( 1)
 351 Y   0.84634 0.03893 0.10968 0.00505 ( 1)
 352 K   0.85448 0.03079 0.11074 0.00399 ( 1)
 353 S   0.85246 0.03281 0.11048 0.00425 ( 1)
 354 F   0.86276 0.02251 0.11181 0.00292 ( 1)
 355 S   0.85155 0.03372 0.11036 0.00437 ( 1)
 356 D   0.86659 0.01868 0.11231 0.00242 ( 1)
 357 V   0.86046 0.02482 0.11151 0.00322 ( 1)
 358 I   0.86384 0.02143 0.11195 0.00278 ( 1)
 359 E   0.86308 0.02219 0.11185 0.00288 ( 1)
 360 G   0.84766 0.03762 0.10985 0.00487 ( 1)
 361 K   0.86310 0.02217 0.11185 0.00287 ( 1)
 362 E   0.85417 0.03111 0.11070 0.00403 ( 1)
 363 G   0.85868 0.02659 0.11128 0.00345 ( 1)
 364 R   0.86002 0.02525 0.11146 0.00327 ( 1)
 365 F   0.86276 0.02251 0.11181 0.00292 ( 1)
 366 R   0.84536 0.03991 0.10956 0.00517 ( 1)
 367 E   0.85617 0.02910 0.11096 0.00377 ( 1)
 368 T   0.86125 0.02402 0.11161 0.00311 ( 1)
 369 L   0.84650 0.03878 0.10970 0.00503 ( 1)
 370 L   0.86037 0.02490 0.11150 0.00323 ( 1)
 371 G   0.84700 0.03827 0.10977 0.00496 ( 1)
 372 K   0.86310 0.02217 0.11185 0.00287 ( 1)
 373 R   0.84842 0.03685 0.10995 0.00478 ( 1)
 374 V   0.84946 0.03581 0.11009 0.00464 ( 1)
 375 D   0.86659 0.01868 0.11231 0.00242 ( 1)
 376 Y   0.86102 0.02425 0.11159 0.00314 ( 1)
 377 S   0.85107 0.03420 0.11030 0.00443 ( 1)
 378 G   0.84931 0.03596 0.11007 0.00466 ( 1)
 379 R   0.85917 0.02610 0.11135 0.00338 ( 1)
 380 S   0.84983 0.03544 0.11013 0.00459 ( 1)
 381 V   0.84734 0.03793 0.10981 0.00492 ( 1)
 382 I   0.86384 0.02143 0.11195 0.00278 ( 1)
 383 V   0.84734 0.03793 0.10981 0.00492 ( 1)
 384 V   0.84970 0.03557 0.11012 0.00461 ( 1)
 385 G   0.84700 0.03827 0.10977 0.00496 ( 1)
 386 P   0.84479 0.04048 0.10948 0.00525 ( 1)
 387 S   0.64635 0.23892 0.08376 0.03096 ( 1)
 388 L   0.85976 0.02551 0.11142 0.00331 ( 1)
 389 S   0.85176 0.03351 0.11039 0.00434 ( 1)
 390 L   0.85203 0.03324 0.11042 0.00431 ( 1)
 391 H   0.70347 0.18180 0.09117 0.02356 ( 1)
 392 Q   0.85702 0.02825 0.11107 0.00366 ( 1)
 393 C   0.84608 0.03919 0.10965 0.00508 ( 1)
 394 G   0.85868 0.02659 0.11128 0.00345 ( 1)
 395 L   0.84751 0.03776 0.10984 0.00489 ( 1)
 396 P   0.84652 0.03875 0.10971 0.00502 ( 1)
 397 R   0.84577 0.03950 0.10961 0.00512 ( 1)
 398 E   0.86308 0.02219 0.11185 0.00288 ( 1)
 399 I   0.86322 0.02205 0.11187 0.00286 ( 1)
 400 A   0.85892 0.02635 0.11131 0.00341 ( 1)
 401 I   0.86322 0.02205 0.11187 0.00286 ( 1)
 402 E   0.85417 0.03111 0.11070 0.00403 ( 1)
 403 L   0.86037 0.02490 0.11150 0.00323 ( 1)
 404 F   0.84979 0.03549 0.11013 0.00460 ( 1)
 405 Q   0.84967 0.03560 0.11012 0.00461 ( 1)
 406 T   0.85795 0.02732 0.11119 0.00354 ( 1)
 407 F   0.86276 0.02251 0.11181 0.00292 ( 1)
 408 V   0.86046 0.02482 0.11151 0.00322 ( 1)
 409 I   0.86384 0.02143 0.11195 0.00278 ( 1)
 410 R   0.85917 0.02610 0.11135 0.00338 ( 1)
 411 S   0.71277 0.17250 0.09237 0.02236 ( 1)
 412 L   0.85290 0.03237 0.11053 0.00420 ( 1)
 413 I   0.86384 0.02143 0.11195 0.00278 ( 1)
 414 R   0.85945 0.02582 0.11138 0.00335 ( 1)
 415 Q   0.85702 0.02825 0.11107 0.00366 ( 1)
 416 H   0.70341 0.18186 0.09116 0.02357 ( 1)
 417 I   0.70176 0.18351 0.09095 0.02378 ( 1)
 418 A   0.70045 0.18482 0.09078 0.02395 ( 1)
 419 S   0.84594 0.03933 0.10963 0.00510 ( 1)
 420 N   0.86661 0.01866 0.11231 0.00242 ( 1)
 421 I   0.86322 0.02205 0.11187 0.00286 ( 1)
 422 G   0.85868 0.02659 0.11128 0.00345 ( 1)
 423 V   0.86280 0.02247 0.11182 0.00291 ( 1)
 424 A   0.86122 0.02405 0.11161 0.00312 ( 1)
 425 K   0.85419 0.03108 0.11070 0.00403 ( 1)
 426 S   0.86442 0.02085 0.11203 0.00270 ( 1)
 427 K   0.86310 0.02217 0.11185 0.00287 ( 1)
 428 I   0.86384 0.02143 0.11195 0.00278 ( 1)
 429 R   0.84618 0.03909 0.10966 0.00507 ( 1)
 430 E   0.86308 0.02219 0.11185 0.00288 ( 1)
 431 K   0.86310 0.02217 0.11185 0.00287 ( 1)
 432 K   0.70708 0.17819 0.09163 0.02309 ( 1)
 433 P   0.61968 0.26559 0.08031 0.03442 ( 1)
 434 I   0.71118 0.17409 0.09217 0.02256 ( 1)
 435 V   0.86046 0.02482 0.11151 0.00322 ( 1)
 436 W   0.84658 0.03869 0.10971 0.00501 ( 1)
 437 E   0.86308 0.02219 0.11185 0.00288 ( 1)
 438 I   0.86322 0.02205 0.11187 0.00286 ( 1)
 439 L   0.86037 0.02490 0.11150 0.00323 ( 1)
 440 R   0.84604 0.03924 0.10964 0.00508 ( 1)
 441 E   0.86308 0.02219 0.11185 0.00288 ( 1)
 442 V   0.86280 0.02247 0.11182 0.00291 ( 1)
 443 L   0.69986 0.18541 0.09070 0.02403 ( 1)
 444 R   0.84618 0.03909 0.10966 0.00507 ( 1)
 445 G   0.84949 0.03578 0.11009 0.00464 ( 1)
 446 H   0.86240 0.02287 0.11176 0.00296 ( 1)
 447 P   0.85804 0.02723 0.11120 0.00353 ( 1)
 448 V   0.86046 0.02482 0.11151 0.00322 ( 1)
 449 L   0.84743 0.03784 0.10982 0.00490 ( 1)
 450 L   0.85278 0.03249 0.11052 0.00421 ( 1)
 451 N   0.86638 0.01890 0.11228 0.00245 ( 1)
 452 R   0.86002 0.02525 0.11146 0.00327 ( 1)
 453 A   0.85892 0.02635 0.11131 0.00341 ( 1)
 454 P   0.85804 0.02723 0.11120 0.00353 ( 1)
 455 T   0.86125 0.02402 0.11161 0.00311 ( 1)
 456 L   0.84490 0.04038 0.10950 0.00523 ( 1)
 457 H   0.86372 0.02155 0.11194 0.00279 ( 1)
 458 R   0.69406 0.19121 0.08995 0.02478 ( 1)
 459 L   0.85203 0.03324 0.11042 0.00431 ( 1)
 460 G   0.84765 0.03762 0.10985 0.00488 ( 1)
 461 I   0.85910 0.02618 0.11134 0.00339 ( 1)
 462 Q   0.84967 0.03560 0.11012 0.00461 ( 1)
 463 A   0.85892 0.02635 0.11131 0.00341 ( 1)
 464 F   0.84979 0.03549 0.11013 0.00460 ( 1)
 465 Q   0.84967 0.03560 0.11012 0.00461 ( 1)
 466 P   0.85804 0.02723 0.11120 0.00353 ( 1)
 467 V   0.86280 0.02247 0.11182 0.00291 ( 1)
 468 L   0.85137 0.03390 0.11033 0.00439 ( 1)
 469 V   0.84970 0.03557 0.11012 0.00461 ( 1)
 470 E   0.85522 0.03005 0.11083 0.00389 ( 1)
 471 G   0.70839 0.17689 0.09180 0.02292 ( 1)
 472 R   0.85917 0.02610 0.11135 0.00338 ( 1)
 473 A   0.86122 0.02405 0.11161 0.00312 ( 1)
 474 I   0.86384 0.02143 0.11195 0.00278 ( 1)
 475 C   0.69038 0.19489 0.08947 0.02526 ( 1)
 476 L   0.85203 0.03324 0.11042 0.00431 ( 1)
 477 H   0.86372 0.02155 0.11194 0.00279 ( 1)
 478 P   0.85591 0.02936 0.11092 0.00381 ( 1)
 479 L   0.85187 0.03340 0.11040 0.00433 ( 1)
 480 V   0.86280 0.02247 0.11182 0.00291 ( 1)
 481 R   0.85917 0.02610 0.11135 0.00338 ( 1)
 482 K   0.86310 0.02217 0.11185 0.00287 ( 1)
 483 G   0.85846 0.02681 0.11125 0.00348 ( 1)
 484 F   0.84979 0.03549 0.11013 0.00460 ( 1)
 485 N   0.86661 0.01866 0.11231 0.00242 ( 1)
 486 A   0.85892 0.02635 0.11131 0.00341 ( 1)
 487 D   0.85297 0.03230 0.11054 0.00419 ( 1)
 488 F   0.86276 0.02251 0.11181 0.00292 ( 1)
 489 D   0.85297 0.03230 0.11054 0.00419 ( 1)
 490 G   0.84931 0.03596 0.11007 0.00466 ( 1)
 491 D   0.86659 0.01868 0.11231 0.00242 ( 1)
 492 Q   0.85702 0.02825 0.11107 0.00366 ( 1)
 493 M   0.86134 0.02393 0.11163 0.00310 ( 1)
 494 A   0.86122 0.02405 0.11161 0.00312 ( 1)
 495 V   0.86280 0.02247 0.11182 0.00291 ( 1)
 496 H   0.86372 0.02155 0.11194 0.00279 ( 1)
 497 V   0.84970 0.03557 0.11012 0.00461 ( 1)
 498 P   0.85804 0.02723 0.11120 0.00353 ( 1)
 499 L   0.85203 0.03324 0.11042 0.00431 ( 1)
 500 S   0.85767 0.02760 0.11115 0.00358 ( 1)
 501 F   0.86276 0.02251 0.11181 0.00292 ( 1)
 502 E   0.85417 0.03111 0.11070 0.00403 ( 1)
 503 A   0.86122 0.02405 0.11161 0.00312 ( 1)
 504 Q   0.85702 0.02825 0.11107 0.00366 ( 1)
 505 A   0.84865 0.03662 0.10998 0.00475 ( 1)
 506 E   0.86308 0.02219 0.11185 0.00288 ( 1)
 507 A   0.85892 0.02635 0.11131 0.00341 ( 1)
 508 R   0.85917 0.02610 0.11135 0.00338 ( 1)
 509 L   0.85203 0.03324 0.11042 0.00431 ( 1)
 510 L   0.86037 0.02490 0.11150 0.00323 ( 1)
 511 M   0.86134 0.02393 0.11163 0.00310 ( 1)
 512 F   0.86276 0.02251 0.11181 0.00292 ( 1)
 513 S   0.85767 0.02760 0.11115 0.00358 ( 1)
 514 H   0.86372 0.02155 0.11194 0.00279 ( 1)
 515 I   0.86384 0.02143 0.11195 0.00278 ( 1)
 516 N   0.85299 0.03228 0.11055 0.00418 ( 1)
 517 L   0.86037 0.02490 0.11150 0.00323 ( 1)
 518 L   0.85203 0.03324 0.11042 0.00431 ( 1)
 519 S   0.85743 0.02784 0.11112 0.00361 ( 1)
 520 P   0.62084 0.26443 0.08046 0.03427 ( 1)
 521 A   0.84865 0.03662 0.10998 0.00475 ( 1)
 522 I   0.86384 0.02143 0.11195 0.00278 ( 1)
 523 G   0.84980 0.03547 0.11013 0.00460 ( 1)
 524 D   0.86659 0.01868 0.11231 0.00242 ( 1)
 525 P   0.85804 0.02723 0.11120 0.00353 ( 1)
 526 I   0.86384 0.02143 0.11195 0.00278 ( 1)
 527 S   0.84460 0.04067 0.10946 0.00527 ( 1)
 528 V   0.86046 0.02482 0.11151 0.00322 ( 1)
 529 P   0.85591 0.02936 0.11092 0.00381 ( 1)
 530 T   0.86125 0.02402 0.11161 0.00311 ( 1)
 531 Q   0.85702 0.02825 0.11107 0.00366 ( 1)
 532 D   0.86526 0.02001 0.11213 0.00259 ( 1)
 533 M   0.86134 0.02393 0.11163 0.00310 ( 1)
 534 L   0.86037 0.02490 0.11150 0.00323 ( 1)
 535 I   0.86384 0.02143 0.11195 0.00278 ( 1)
 536 G   0.85868 0.02659 0.11128 0.00345 ( 1)
 537 L   0.84599 0.03928 0.10964 0.00509 ( 1)
 538 Y   0.86082 0.02445 0.11156 0.00317 ( 1)
 539 V   0.84734 0.03793 0.10981 0.00492 ( 1)
 540 L   0.85203 0.03324 0.11042 0.00431 ( 1)
 541 T   0.85376 0.03151 0.11064 0.00408 ( 1)
 542 S   0.85054 0.03473 0.11023 0.00450 ( 1)
 543 G   0.84931 0.03596 0.11007 0.00466 ( 1)
 544 N   0.86661 0.01866 0.11231 0.00242 ( 1)
 545 R   0.85917 0.02610 0.11135 0.00338 ( 1)
 546 R   0.85101 0.03426 0.11029 0.00444 ( 1)
 547 G   0.86224 0.02303 0.11174 0.00298 ( 1)
 548 I   0.86384 0.02143 0.11195 0.00278 ( 1)
 549 C   0.68282 0.20245 0.08849 0.02624 ( 1)
 550 V   0.86017 0.02510 0.11147 0.00325 ( 1)
 551 N   0.86661 0.01866 0.11231 0.00242 ( 1)
 552 R   0.85197 0.03330 0.11041 0.00432 ( 1)
 553 Y   0.86102 0.02425 0.11159 0.00314 ( 1)
 554 N   0.86661 0.01866 0.11231 0.00242 ( 1)
 555 P   0.66947 0.21580 0.08676 0.02797 ( 1)
 556 S   0.23163 0.65364 0.03002 0.08471 ( 2)
 557 N   0.86661 0.01866 0.11231 0.00242 ( 1)
 558 H   0.18287 0.70240 0.02370 0.09103 ( 2)
 559 R   0.86002 0.02525 0.11146 0.00327 ( 1)
 560 N   0.86661 0.01866 0.11231 0.00242 ( 1)
 561 Q   0.85702 0.02825 0.11107 0.00366 ( 1)
 562 N   0.72948 0.15579 0.09454 0.02019 ( 1)
 563 K   0.70448 0.18079 0.09130 0.02343 ( 1)
 564 R   0.68957 0.19570 0.08937 0.02536 ( 1)
 565 I   0.86375 0.02153 0.11194 0.00279 ( 1)
 566 Y   0.69170 0.19358 0.08964 0.02509 ( 1)
 567 A   0.64802 0.23725 0.08398 0.03075 ( 1)
 568 N   0.58991 0.29536 0.07645 0.03828 ( 1)
 569 N   0.66232 0.22295 0.08583 0.02889 ( 1)
 570 Y   0.68914 0.19613 0.08931 0.02542 ( 1)
 571 K   0.85419 0.03108 0.11070 0.00403 ( 1)
 572 Y   0.86102 0.02425 0.11159 0.00314 ( 1)
 573 T   0.84896 0.03631 0.11002 0.00471 ( 1)
 574 K   0.86310 0.02217 0.11185 0.00287 ( 1)
 575 E   0.86308 0.02219 0.11185 0.00288 ( 1)
 576 K   0.86310 0.02217 0.11185 0.00287 ( 1)
 577 E   0.71231 0.17296 0.09231 0.02242 ( 1)
 578 L   0.03130 0.85397 0.00406 0.11067 ( 2)
 579 F   0.86276 0.02251 0.11181 0.00292 ( 1)
 580 F   0.86276 0.02251 0.11181 0.00292 ( 1)
 581 C   0.85945 0.02582 0.11138 0.00335 ( 1)
 582 N   0.86661 0.01866 0.11231 0.00242 ( 1)
 583 S   0.85367 0.03161 0.11063 0.00410 ( 1)
 584 Y   0.86102 0.02425 0.11159 0.00314 ( 1)
 585 D   0.86659 0.01868 0.11231 0.00242 ( 1)
 586 A   0.85892 0.02635 0.11131 0.00341 ( 1)
 587 I   0.86384 0.02143 0.11195 0.00278 ( 1)
 588 G   0.85868 0.02659 0.11128 0.00345 ( 1)
 589 A   0.86122 0.02405 0.11161 0.00312 ( 1)
 590 Y   0.86102 0.02425 0.11159 0.00314 ( 1)
 591 R   0.61857 0.26671 0.08016 0.03456 ( 1)
 592 Q   0.84967 0.03560 0.11012 0.00461 ( 1)
 593 K   0.86310 0.02217 0.11185 0.00287 ( 1)
 594 Q   0.64407 0.24120 0.08347 0.03126 ( 1)
 595 I   0.84906 0.03621 0.11004 0.00469 ( 1)
 596 N   0.86661 0.01866 0.11231 0.00242 ( 1)
 597 L   0.85203 0.03324 0.11042 0.00431 ( 1)
 598 D   0.73591 0.14936 0.09537 0.01936 ( 1)
 599 S   0.86442 0.02085 0.11203 0.00270 ( 1)
 600 P   0.68141 0.20387 0.08831 0.02642 ( 1)
 601 L   0.84743 0.03784 0.10982 0.00490 ( 1)
 602 W   0.84658 0.03869 0.10971 0.00501 ( 1)
 603 L   0.84599 0.03928 0.10964 0.00509 ( 1)
 604 R   0.84678 0.03849 0.10974 0.00499 ( 1)
 605 W   0.84658 0.03869 0.10971 0.00501 ( 1)
 606 R   0.84653 0.03874 0.10971 0.00502 ( 1)
 607 L   0.85290 0.03237 0.11053 0.00420 ( 1)
 608 D   0.86659 0.01868 0.11231 0.00242 ( 1)
 609 Q   0.85661 0.02867 0.11101 0.00372 ( 1)
 610 R   0.84536 0.03991 0.10956 0.00517 ( 1)
 611 V   0.86280 0.02247 0.11182 0.00291 ( 1)
 612 I   0.86384 0.02143 0.11195 0.00278 ( 1)
 613 A   0.86122 0.02405 0.11161 0.00312 ( 1)
 614 A   0.85892 0.02635 0.11131 0.00341 ( 1)
 615 R   0.86002 0.02525 0.11146 0.00327 ( 1)
 616 E   0.86308 0.02219 0.11185 0.00288 ( 1)
 617 A   0.86122 0.02405 0.11161 0.00312 ( 1)
 618 P   0.85400 0.03127 0.11068 0.00405 ( 1)
 619 L   0.84599 0.03928 0.10964 0.00509 ( 1)
 620 E   0.86308 0.02219 0.11185 0.00288 ( 1)
 621 V   0.86280 0.02247 0.11182 0.00291 ( 1)
 622 H   0.64952 0.23575 0.08418 0.03055 ( 1)
 623 Y   0.86074 0.02453 0.11155 0.00318 ( 1)
 624 E   0.86308 0.02219 0.11185 0.00288 ( 1)
 625 S   0.67696 0.20831 0.08773 0.02700 ( 1)
 626 L   0.84743 0.03784 0.10982 0.00490 ( 1)
 627 G   0.86224 0.02303 0.11174 0.00298 ( 1)
 628 T   0.84694 0.03833 0.10976 0.00497 ( 1)
 629 Y   0.86102 0.02425 0.11159 0.00314 ( 1)
 630 Y   0.86102 0.02425 0.11159 0.00314 ( 1)
 631 D   0.86659 0.01868 0.11231 0.00242 ( 1)
 632 I   0.86384 0.02143 0.11195 0.00278 ( 1)
 633 Y   0.86102 0.02425 0.11159 0.00314 ( 1)
 634 G   0.84931 0.03596 0.11007 0.00466 ( 1)
 635 Q   0.85702 0.02825 0.11107 0.00366 ( 1)
 636 Y   0.86102 0.02425 0.11159 0.00314 ( 1)
 637 L   0.85290 0.03237 0.11053 0.00420 ( 1)
 638 I   0.86322 0.02205 0.11187 0.00286 ( 1)
 639 V   0.86046 0.02482 0.11151 0.00322 ( 1)
 640 R   0.86002 0.02525 0.11146 0.00327 ( 1)
 641 S   0.86442 0.02085 0.11203 0.00270 ( 1)
 642 I   0.71350 0.17178 0.09247 0.02226 ( 1)
 643 E   0.71297 0.17230 0.09240 0.02233 ( 1)
 644 K   0.86310 0.02217 0.11185 0.00287 ( 1)
 645 E   0.86308 0.02219 0.11185 0.00288 ( 1)
 646 I   0.86384 0.02143 0.11195 0.00278 ( 1)
 647 L   0.00004 0.88523 0.00001 0.11472 ( 2)
 648 S   0.85767 0.02760 0.11115 0.00358 ( 1)
 649 I   0.86322 0.02205 0.11187 0.00286 ( 1)
 650 Y   0.86102 0.02425 0.11159 0.00314 ( 1)
 651 I   0.86384 0.02143 0.11195 0.00278 ( 1)
 652 R   0.85124 0.03403 0.11032 0.00441 ( 1)
 653 T   0.86125 0.02402 0.11161 0.00311 ( 1)
 654 T   0.86125 0.02402 0.11161 0.00311 ( 1)
 655 I   0.71109 0.17419 0.09215 0.02257 ( 1)
 656 G   0.86224 0.02303 0.11174 0.00298 ( 1)
 657 H   0.86372 0.02155 0.11194 0.00279 ( 1)
 658 I   0.86384 0.02143 0.11195 0.00278 ( 1)
 659 S   0.84999 0.03528 0.11016 0.00457 ( 1)
 660 I   0.86384 0.02143 0.11195 0.00278 ( 1)
 661 Y   0.86102 0.02425 0.11159 0.00314 ( 1)
 662 R   0.85124 0.03403 0.11032 0.00441 ( 1)
 663 E   0.86308 0.02219 0.11185 0.00288 ( 1)
 664 I   0.84906 0.03621 0.11004 0.00469 ( 1)
 665 E   0.86308 0.02219 0.11185 0.00288 ( 1)
 666 E   0.86308 0.02219 0.11185 0.00288 ( 1)
 667 A   0.86122 0.02405 0.11161 0.00312 ( 1)
 668 I   0.86322 0.02205 0.11187 0.00286 ( 1)
 669 Q   0.84967 0.03560 0.11012 0.00461 ( 1)
 670 G   0.85049 0.03478 0.11022 0.00451 ( 1)
 671 F   0.86276 0.02251 0.11181 0.00292 ( 1)
 672 C   0.85906 0.02621 0.11133 0.00340 ( 1)
 673 Q   0.63378 0.25149 0.08214 0.03259 ( 1)
 674 A   0.84643 0.03884 0.10970 0.00503 ( 1)
 675 C   0.85945 0.02582 0.11138 0.00335 ( 1)


lnL = -4022.225270

