

TREE # 1

  0  0.0000   4316.498889  x:  0.00000   0.01951   0.03922   0.01806   0.04853   0.04952   0.02295   0.02837   0.04656   0.01437   0.03663   0.01840   0.01704   0.01188   0.01559   0.04610   0.04618   0.02496   0.04073   0.03421   0.05244   0.03213   0.00983   0.02262   0.00610   0.05323   0.03989   0.04088   0.06660   0.04446   2.00000   1.09989   0.02896   0.27919  
  1 99.0000   4316.469165  x:  0.00000   0.01951   0.03921   0.01806   0.04852   0.04952   0.02295   0.02836   0.04656   0.01436   0.03663   0.01840   0.01704   0.01188   0.01559   0.04610   0.04618   0.02496   0.04073   0.03421   0.05243   0.03213   0.00982   0.02262   0.00609   0.05323   0.03989   0.04088   0.06660   0.04446   2.00000   1.09989   0.02896   0.27919  
  2 2351.7339   4273.699420  x:  0.00000   0.01985   0.03323   0.01771   0.04292   0.04454   0.01676   0.02321   0.04050   0.01069   0.03163   0.01392   0.01256   0.00910   0.01460   0.04192   0.04340   0.02464   0.03854   0.03340   0.04784   0.03064   0.00812   0.02268   0.00000   0.04921   0.03866   0.04091   0.06392   0.04176   2.00011   1.10015   0.02871   0.27937  
  3 11794.2584   4181.307963  x:  0.00000   0.01896   0.01670   0.01754   0.02788   0.03185   0.00000   0.01039   0.02377   0.00452   0.01924   0.00443   0.00339   0.00570   0.01400   0.03206   0.03775   0.02397   0.03440   0.03206   0.03625   0.02843   0.00687   0.02183   0.00000   0.03965   0.03663   0.04036   0.05802   0.04203   2.00048   1.10114   0.02771   0.28496  
  4 33212.0726   4116.249732  x:  0.00000   0.01955   0.00000   0.01483   0.01320   0.01991   0.00000   0.00047   0.00690   0.00402   0.00844   0.00397   0.00681   0.00222   0.00980   0.02299   0.03208   0.02157   0.02945   0.02998   0.02537   0.02472   0.00204   0.02134   0.00000   0.03079   0.03348   0.03847   0.05214   0.03892   2.00084   1.10199   0.02685   0.28916  
  5 9662.2349   4097.357464  x:  0.00000   0.01977   0.00000   0.01376   0.00726   0.01509   0.00000   0.00165   0.00000   0.00354   0.00426   0.00352   0.00745   0.00125   0.00819   0.01932   0.02974   0.02063   0.02743   0.02912   0.02096   0.02320   0.00074   0.02114   0.00000   0.02719   0.03219   0.03772   0.04972   0.03778   2.00098   1.10232   0.02651   0.29069  
  6 11888.6829   4085.127187  x:  0.00000   0.02032   0.00000   0.01150   0.00062   0.00962   0.00000   0.00206   0.00000   0.00262   0.00127   0.00353   0.00810   0.00212   0.00520   0.01495   0.02650   0.01891   0.02440   0.02764   0.01575   0.02058   0.00404   0.02088   0.00000   0.02282   0.03003   0.03641   0.04653   0.03648   2.00113   1.10259   0.02624   0.29058  
  7 6818.7306   4077.024096  x:  0.00000   0.02073   0.00000   0.00984   0.00030   0.00257   0.00000   0.00235   0.00000   0.00247   0.00508   0.00322   0.00810   0.00310   0.00403   0.00945   0.02269   0.01739   0.02110   0.02610   0.00863   0.01805   0.00470   0.02051   0.00000   0.01709   0.02776   0.03498   0.04242   0.03526   2.00138   1.10312   0.02571   0.29241  
  8 2240.7424   4076.078643  x:  0.00000   0.02082   0.00000   0.00951   0.00112   0.00170   0.00000   0.00242   0.00000   0.00248   0.00487   0.00322   0.00816   0.00329   0.00386   0.00844   0.02193   0.01708   0.02045   0.02579   0.00725   0.01755   0.00503   0.02043   0.00000   0.01596   0.02731   0.03468   0.04159   0.03506   2.00143   1.10323   0.02560   0.29280  
  9 4127.9872   4073.424108  x:  0.00000   0.02118   0.00000   0.00876   0.00147   0.00398   0.00000   0.00252   0.00000   0.00274   0.00533   0.00331   0.00793   0.00366   0.00447   0.00596   0.01961   0.01624   0.01851   0.02481   0.00324   0.01610   0.00533   0.02018   0.00000   0.01258   0.02587   0.03369   0.03884   0.03460   2.00161   1.10360   0.02522   0.29399  
 10 1694.7193   4071.780016  x:  0.00000   0.02262   0.00000   0.00856   0.00148   0.00394   0.00000   0.00251   0.00000   0.00321   0.00535   0.00410   0.00676   0.00344   0.00652   0.00867   0.01645   0.01529   0.01611   0.02320   0.00465   0.01439   0.00547   0.01983   0.00000   0.00937   0.02354   0.03182   0.03405   0.03447   2.00198   1.10428   0.02454   0.29513  
 11 469.3869   4070.980788  x:  0.00000   0.02383   0.00000   0.00935   0.00160   0.00440   0.00000   0.00250   0.00000   0.00281   0.00561   0.00435   0.00571   0.00344   0.00457   0.00890   0.01534   0.01529   0.01563   0.02210   0.00525   0.01434   0.00549   0.01973   0.00000   0.01169   0.02190   0.03000   0.02908   0.03418   2.00252   1.10524   0.02358   0.29630  
 12 255.9670   4070.706957  x:  0.00000   0.02430   0.00000   0.00819   0.00155   0.00419   0.00000   0.00250   0.00000   0.00282   0.00554   0.00426   0.00563   0.00298   0.00584   0.00847   0.01653   0.01524   0.01634   0.02185   0.00507   0.01452   0.00567   0.01989   0.00000   0.01260   0.02154   0.02889   0.02671   0.03419   2.00310   1.10614   0.02268   0.29493  
 13 127.3516   4070.180706  x:  0.00000   0.02493   0.00000   0.00793   0.00157   0.00433   0.00000   0.00244   0.00000   0.00322   0.00547   0.00334   0.00524   0.00401   0.00474   0.00894   0.01867   0.01562   0.01821   0.02197   0.00511   0.01512   0.00520   0.02026   0.00000   0.01056   0.02230   0.02761   0.02423   0.03425   2.00499   1.10908   0.01975   0.29044  
 14 122.9998   4067.990513  x:  0.00000   0.02578   0.00000   0.01061   0.00154   0.00419   0.00000   0.00234   0.00000   0.00079   0.00550   0.00498   0.00438   0.00316   0.00518   0.00845   0.01881   0.01608   0.01949   0.02213   0.00473   0.01518   0.00543   0.02048   0.00000   0.00934   0.02420   0.02633   0.02319   0.03568   2.01230   1.12050   0.00838   0.27405  
 15 279.0765   4064.513984  x:  0.00000   0.02701   0.00000   0.01472   0.00141   0.00375   0.00000   0.00214   0.00000   0.00233   0.00529   0.00607   0.00107   0.00114   0.00564   0.00720   0.01798   0.01676   0.02071   0.02229   0.00412   0.01498   0.00601   0.02072   0.00000   0.00861   0.02698   0.02474   0.02206   0.03794   2.02537   1.14090  -0.01195   0.24412  
 16 5495.2251   4058.555416  x:  0.00000   0.02799   0.00000   0.01849   0.00128   0.00331   0.00000   0.00180   0.00000   0.00253   0.00460   0.00137   0.00021   0.00411   0.00799   0.00615   0.01487   0.01763   0.02013   0.02236   0.00401   0.01444   0.00456   0.02064   0.00000   0.01000   0.02930   0.02396   0.02076   0.04094   2.04667   1.17426  -0.04517   0.19575  
 17 4591.7258   4057.971554  x:  0.00000   0.02808   0.00000   0.01902   0.00127   0.00328   0.00000   0.00179   0.00000   0.00257   0.00458   0.00062   0.00037   0.00414   0.00821   0.00606   0.01451   0.01779   0.02007   0.02237   0.00402   0.01442   0.00457   0.02062   0.00000   0.01008   0.02955   0.02391   0.02055   0.04132   2.04896   1.17785  -0.04875   0.19055  
 18 28736.2801   4056.272968  x:  0.00000   0.02584   0.00000   0.01806   0.00130   0.00336   0.00000   0.00177   0.00000   0.00228   0.00474   0.00020   0.00020   0.00323   0.00783   0.00691   0.01448   0.01981   0.01884   0.02301   0.00372   0.01632   0.00500   0.02022   0.00000   0.00974   0.02829   0.02717   0.01910   0.04212   2.05527   1.18796  -0.05879   0.17672  
 19 1264.5392   4054.391984  x:  0.00000   0.02207   0.00000   0.01872   0.00125   0.00322   0.00000   0.00168   0.00000   0.00239   0.00457   0.00054   0.00030   0.00344   0.00823   0.00640   0.01311   0.02464   0.01734   0.02402   0.00400   0.01950   0.00485   0.01972   0.00000   0.00908   0.02679   0.03286   0.01493   0.04436   2.06454   1.20282  -0.07355   0.15410  
 20 4039.6712   4053.575649  x:  0.00000   0.02021   0.00000   0.01941   0.00128   0.00340   0.00000   0.00167   0.00000   0.00239   0.00463   0.00049   0.00028   0.00342   0.00827   0.00449   0.01460   0.02629   0.01729   0.02349   0.00607   0.01804   0.00491   0.01992   0.00000   0.00835   0.02416   0.03297   0.01530   0.04479   2.06856   1.20981  -0.08044   0.14517  
 21 351.1827   4051.556326  x:  0.00000   0.01607   0.00000   0.02219   0.00122   0.00316   0.00000   0.00160   0.00000   0.00259   0.00448   0.00052   0.00031   0.00382   0.00861   0.00622   0.01719   0.03025   0.01834   0.02228   0.00434   0.01384   0.00472   0.02074   0.00000   0.00876   0.01905   0.03180   0.01610   0.04608   2.07859   1.22758  -0.09790   0.12121  
 22 1179.8421   4042.990840  x:  0.00000   0.01670   0.00000   0.01892   0.00137   0.00361   0.00000   0.00163   0.00000   0.00237   0.00503   0.00056   0.00029   0.00335   0.00817   0.00668   0.01528   0.03388   0.01805   0.02441   0.00518   0.01679   0.00536   0.02044   0.00000   0.00904   0.02123   0.02629   0.01873   0.05048   2.11516   1.29390  -0.16297   0.03625  
 23 991.6060   4042.325268  x:  0.00000   0.01763   0.00000   0.01956   0.00140   0.00368   0.00000   0.00163   0.00000   0.00243   0.00509   0.00055   0.00029   0.00341   0.00814   0.00672   0.01681   0.03046   0.01855   0.02325   0.00527   0.01447   0.00539   0.01981   0.00000   0.00942   0.02292   0.03042   0.01737   0.05131   2.11886   1.30027  -0.16919   0.02900  
 24 310.3212   4042.159244  x:  0.00000   0.01695   0.00000   0.02041   0.00139   0.00363   0.00000   0.00163   0.00000   0.00249   0.00506   0.00054   0.00029   0.00351   0.00831   0.00664   0.01652   0.02745   0.01983   0.02264   0.00525   0.01592   0.00534   0.02024   0.00000   0.00928   0.02168   0.03106   0.01728   0.05136   2.12028   1.30205  -0.17089   0.02742  
 25 82.6923   4041.785947  x:  0.00000   0.01473   0.00000   0.02116   0.00139   0.00366   0.00000   0.00160   0.00000   0.00251   0.00504   0.00053   0.00029   0.00350   0.00824   0.00662   0.01693   0.02450   0.01880   0.02687   0.00554   0.01532   0.00530   0.01988   0.00000   0.00942   0.02169   0.03029   0.01619   0.05154   2.12606   1.30688  -0.17532   0.02800  
 26 30.8333   4038.081024  x:  0.00000   0.02018   0.00000   0.02122   0.00126   0.00332   0.00000   0.00124   0.00000   0.00253   0.00449   0.00058   0.00033   0.00375   0.00740   0.00661   0.02204   0.01928   0.01145   0.02799   0.00423   0.01816   0.00438   0.01800   0.00000   0.00901   0.01769   0.03014   0.01703   0.06090   2.18491   1.35406  -0.21843   0.04006  
 27 183.4853   4029.261754  x:  0.00000   0.01694   0.00000   0.00861   0.00128   0.00359   0.00000   0.00055   0.00000   0.00158   0.00410   0.00059   0.00028   0.00210   0.00391   0.00658   0.01613   0.01242   0.01685   0.02247   0.00558   0.01409   0.00358   0.01655   0.00000   0.00887   0.01923   0.03066   0.01762   0.07769   2.31626   1.45937  -0.31469   0.07191  
 28 2029.0082   4029.220868  x:  0.00000   0.01629   0.00000   0.00864   0.00128   0.00360   0.00000   0.00055   0.00000   0.00159   0.00410   0.00059   0.00028   0.00211   0.00389   0.00661   0.01636   0.01227   0.01618   0.02181   0.00563   0.01425   0.00357   0.01725   0.00000   0.00891   0.01984   0.03043   0.01752   0.07771   2.31700   1.46003  -0.31531   0.07208  
 29 65.3743   4029.212867  x:  0.00000   0.01609   0.00000   0.00870   0.00128   0.00360   0.00000   0.00055   0.00000   0.00159   0.00410   0.00059   0.00028   0.00211   0.00391   0.00661   0.01643   0.01225   0.01612   0.02158   0.00563   0.01434   0.00357   0.01671   0.00000   0.00891   0.01995   0.03030   0.01752   0.07759   2.31759   1.46089  -0.31616   0.07218  
 30  8.5370   4027.083929  x:  0.00000   0.01628   0.00000   0.00916   0.00129   0.00359   0.00000   0.00133   0.00000   0.00164   0.00422   0.00059   0.00030   0.00224   0.00421   0.00658   0.01628   0.01302   0.01617   0.02159   0.00549   0.01424   0.00403   0.01726   0.00000   0.00893   0.02013   0.03016   0.01765   0.07601   2.51049   1.74451  -0.60141   0.11880  
 31 46.4608   4026.320103  x:  0.00000   0.01639   0.00000   0.00886   0.00116   0.00328   0.00000   0.00062   0.00000   0.00153   0.00345   0.00059   0.00033   0.00207   0.00423   0.00627   0.01584   0.01398   0.01534   0.02180   0.00493   0.01407   0.00279   0.01701   0.00000   0.00877   0.02021   0.02963   0.01825   0.07190   2.61598   1.81657  -0.67326   0.12377  
 32  1.7289   4024.713164  x:  0.00000   0.01637   0.00000   0.00604   0.00135   0.00391   0.00000   0.00099   0.00000   0.00131   0.00361   0.00069   0.00046   0.00176   0.00426   0.00722   0.01600   0.01563   0.01485   0.02285   0.00567   0.01507   0.00257   0.01665   0.00000   0.01025   0.02162   0.02946   0.02246   0.07176   2.88209   1.75216  -0.60924   0.10733  
 33  1.5477   4023.277305  x:  0.00000   0.01655   0.00000   0.00717   0.00139   0.00416   0.00000   0.00103   0.00000   0.00147   0.00301   0.00074   0.00062   0.00197   0.00475   0.00754   0.01538   0.01521   0.01487   0.02336   0.00575   0.01485   0.00113   0.01676   0.00000   0.01124   0.02223   0.02697   0.02562   0.07454   2.50864   1.87008  -0.72600   0.10841  
 34  1.1994   4022.874635  x:  0.00000   0.01731   0.00000   0.00851   0.00144   0.00430   0.00000   0.00116   0.00000   0.00146   0.00299   0.00079   0.00068   0.00138   0.00481   0.00767   0.01540   0.01308   0.01500   0.02309   0.00551   0.01446   0.00151   0.01692   0.00000   0.01126   0.02211   0.02651   0.02667   0.07208   2.57231   1.88092  -0.73769   0.10398  
 35  0.2330   4022.873021  x:  0.00039   0.01732   0.00000   0.00852   0.00144   0.00430   0.00000   0.00116   0.00000   0.00146   0.00299   0.00079   0.00068   0.00137   0.00481   0.00767   0.01540   0.01307   0.01500   0.02309   0.00551   0.01446   0.00152   0.01692   0.00000   0.01126   0.02211   0.02650   0.02667   0.07206   2.57258   1.88098  -0.73774   0.10396  
 36 10.5855   4022.674808  x:  0.00119   0.01760   0.00000   0.00766   0.00146   0.00440   0.00000   0.00134   0.00000   0.00144   0.00298   0.00084   0.00075   0.00124   0.00441   0.00767   0.01510   0.01384   0.01492   0.02178   0.00520   0.01373   0.00181   0.01685   0.00000   0.01076   0.02165   0.02547   0.02693   0.07175   2.46818   1.93696  -0.79390   0.10384  
 37  0.2554   4022.560092  x:  0.00140   0.01809   0.00000   0.00767   0.00151   0.00455   0.00000   0.00146   0.00000   0.00157   0.00301   0.00088   0.00083   0.00175   0.00439   0.00776   0.01519   0.01375   0.01531   0.02101   0.00513   0.01341   0.00164   0.01698   0.00000   0.01052   0.02154   0.02505   0.02718   0.07086   2.51810   1.95426  -0.81164   0.10280  
 38  0.1780   4022.449564  x:  0.00166   0.01820   0.00000   0.00774   0.00159   0.00484   0.00000   0.00152   0.00000   0.00156   0.00318   0.00099   0.00095   0.00154   0.00455   0.00802   0.01588   0.01403   0.01559   0.02118   0.00546   0.01400   0.00143   0.01705   0.00000   0.01074   0.02146   0.02493   0.02738   0.06999   2.53326   2.00529  -0.86299   0.10818  
 39  0.0769   4022.350454  x:  0.00248   0.01739   0.00000   0.00762   0.00158   0.00475   0.00000   0.00168   0.00000   0.00154   0.00297   0.00112   0.00113   0.00152   0.00483   0.00766   0.01512   0.01385   0.01538   0.02218   0.00529   0.01395   0.00153   0.01699   0.00000   0.01092   0.02181   0.02443   0.02695   0.07081   2.54242   2.03323  -0.89076   0.10818  
 40  0.0268   4022.282923  x:  0.00280   0.01756   0.00000   0.00796   0.00157   0.00470   0.00000   0.00172   0.00000   0.00152   0.00308   0.00127   0.00131   0.00149   0.00445   0.00759   0.01568   0.01412   0.01513   0.02169   0.00543   0.01392   0.00157   0.01691   0.00000   0.01081   0.02174   0.02411   0.02596   0.07162   2.53934   2.01976  -0.87707   0.10619  
 41  0.0098   4022.255683  x:  0.00245   0.01778   0.00000   0.00763   0.00155   0.00462   0.00000   0.00168   0.00000   0.00150   0.00307   0.00136   0.00140   0.00153   0.00451   0.00760   0.01562   0.01348   0.01527   0.02152   0.00542   0.01391   0.00151   0.01688   0.00000   0.01067   0.02166   0.02436   0.02578   0.07122   2.52239   2.01508  -0.87233   0.10734  
 42  0.0171   4022.233000  x:  0.00190   0.01768   0.00000   0.00782   0.00154   0.00456   0.00000   0.00161   0.00000   0.00154   0.00307   0.00146   0.00149   0.00155   0.00472   0.00767   0.01534   0.01389   0.01549   0.02154   0.00545   0.01387   0.00153   0.01702   0.00000   0.01070   0.02169   0.02482   0.02603   0.07102   2.52730   1.99096  -0.84824   0.10701  
 43  0.0331   4022.226434  x:  0.00183   0.01764   0.00000   0.00776   0.00154   0.00455   0.00000   0.00156   0.00000   0.00154   0.00305   0.00150   0.00153   0.00152   0.00459   0.00770   0.01540   0.01388   0.01531   0.02176   0.00538   0.01391   0.00150   0.01698   0.00000   0.01072   0.02167   0.02499   0.02629   0.07079   2.53394   1.98277  -0.84002   0.10622  
 44  0.0131   4022.225627  x:  0.00184   0.01767   0.00000   0.00774   0.00155   0.00457   0.00000   0.00155   0.00000   0.00153   0.00306   0.00151   0.00153   0.00153   0.00458   0.00770   0.01543   0.01388   0.01529   0.02173   0.00539   0.01392   0.00154   0.01696   0.00000   0.01077   0.02166   0.02500   0.02635   0.07093   2.53140   1.98336  -0.84055   0.10642  
 45  0.0032   4022.225412  x:  0.00186   0.01769   0.00000   0.00773   0.00155   0.00459   0.00000   0.00154   0.00000   0.00153   0.00306   0.00152   0.00154   0.00153   0.00459   0.00768   0.01541   0.01387   0.01530   0.02167   0.00539   0.01389   0.00154   0.01696   0.00000   0.01077   0.02165   0.02498   0.02637   0.07099   2.53344   1.98426  -0.84140   0.10639  
 46  0.0025   4022.225332  x:  0.00185   0.01768   0.00000   0.00774   0.00155   0.00460   0.00000   0.00154   0.00000   0.00153   0.00305   0.00152   0.00154   0.00153   0.00459   0.00768   0.01542   0.01387   0.01530   0.02169   0.00538   0.01390   0.00154   0.01696   0.00000   0.01075   0.02166   0.02498   0.02638   0.07099   2.53275   1.98544  -0.84256   0.10642  
 47  0.0013   4022.225298  x:  0.00186   0.01768   0.00000   0.00774   0.00155   0.00460   0.00000   0.00153   0.00000   0.00153   0.00305   0.00152   0.00153   0.00153   0.00459   0.00767   0.01541   0.01387   0.01530   0.02169   0.00538   0.01390   0.00154   0.01696   0.00000   0.01075   0.02165   0.02497   0.02635   0.07097   2.53305   1.98593  -0.84302   0.10645  
 48  0.0003   4022.225284  x:  0.00186   0.01768   0.00000   0.00774   0.00154   0.00459   0.00000   0.00153   0.00000   0.00153   0.00305   0.00152   0.00153   0.00153   0.00459   0.00768   0.01542   0.01387   0.01531   0.02168   0.00538   0.01390   0.00154   0.01696   0.00000   0.01075   0.02167   0.02498   0.02636   0.07099   2.53261   1.98572  -0.84279   0.10642  
 49  0.0002   4022.225272  x:  0.00185   0.01768   0.00000   0.00774   0.00154   0.00459   0.00000   0.00153   0.00000   0.00153   0.00306   0.00153   0.00153   0.00153   0.00459   0.00768   0.01541   0.01387   0.01530   0.02169   0.00539   0.01390   0.00154   0.01696   0.00000   0.01075   0.02166   0.02498   0.02636   0.07098   2.53285   1.98603  -0.84304   0.10644  
 50  0.0002   4022.225270  x:  0.00185   0.01768   0.00000   0.00774   0.00154   0.00459   0.00000   0.00153   0.00000   0.00153   0.00305   0.00153   0.00153   0.00153   0.00459   0.00768   0.01541   0.01387   0.01530   0.02169   0.00538   0.01390   0.00154   0.01696   0.00000   0.01075   0.02166   0.02498   0.02636   0.07098   2.53293   1.98599  -0.84298   0.10644  
 51  0.0001   4022.225270  x:  0.00185   0.01768   0.00000   0.00774   0.00154   0.00459   0.00000   0.00153   0.00000   0.00153   0.00305   0.00153   0.00153   0.00153   0.00459   0.00768   0.01541   0.01387   0.01530   0.02169   0.00538   0.01390   0.00154   0.01696   0.00000   0.01075   0.02166   0.02498   0.02636   0.07098   2.53292   1.98597  -0.84296   0.10644  
 52  0.0001   4022.225270  x:  0.00185   0.01768   0.00000   0.00774   0.00154   0.00459   0.00000   0.00153   0.00000   0.00153   0.00305   0.00153   0.00153   0.00153   0.00459   0.00768   0.01541   0.01387   0.01530   0.02169   0.00538   0.01390   0.00154   0.01696   0.00000   0.01075   0.02166   0.02498   0.02636   0.07098   2.53290   1.98595  -0.84292   0.10644  
 53  0.0002   4022.225270  x:  0.00185   0.01768   0.00000   0.00774   0.00154   0.00460   0.00000   0.00153   0.00000   0.00153   0.00305   0.00153   0.00153   0.00153   0.00459   0.00768   0.01541   0.01387   0.01530   0.02169   0.00538   0.01390   0.00154   0.01696   0.00000   0.01075   0.02166   0.02498   0.02636   0.07098   2.53289   1.98593  -0.84290   0.10643  
 54  0.0002   4022.225270  x:  0.00185   0.01768   0.00000   0.00774   0.00154   0.00460   0.00000   0.00153   0.00000   0.00153   0.00305   0.00153   0.00153   0.00153   0.00459   0.00768   0.01541   0.01387   0.01530   0.02169   0.00538   0.01390   0.00154   0.01696   0.00000   0.01075   0.02166   0.02498   0.02636   0.07098   2.53289   1.98592  -0.84289   0.10643  
 55  0.0002   4022.225270  x:  0.00185   0.01768   0.00000   0.00774   0.00154   0.00460   0.00000   0.00153   0.00000   0.00153   0.00305   0.00153   0.00153   0.00153   0.00459   0.00768   0.01541   0.01387   0.01530   0.02169   0.00538   0.01390   0.00154   0.01696   0.00000   0.01075   0.02166   0.02498   0.02636   0.07098   2.53289   1.98592  -0.84289   0.10643  
 56  0.0002   4022.225270  x:  0.00185   0.01768   0.00000   0.00774   0.00154   0.00460   0.00000   0.00153   0.00000   0.00153   0.00305   0.00153   0.00153   0.00153   0.00459   0.00768   0.01541   0.01387   0.01530   0.02169   0.00538   0.01390   0.00154   0.01696   0.00000   0.01075   0.02166   0.02498   0.02636   0.07098   2.53289   1.98592  -0.84289   0.10643  
 57  0.0002   4022.225270  x:  0.00185   0.01768   0.00000   0.00774   0.00154   0.00460   0.00000   0.00153   0.00000   0.00153   0.00305   0.00153   0.00153   0.00153   0.00459   0.00768   0.01541   0.01387   0.01530   0.02169   0.00538   0.01390   0.00154   0.01696   0.00000   0.01075   0.02166   0.02498   0.02636   0.07098   2.53289   1.98592  -0.84289   0.10643  
check convergence!
