

TREE # 1

  0  0.0000    942.265178  x:  0.00238   0.02729   0.01630   0.00877   0.02142   0.02269   0.00906   0.01276   0.01936   0.00989   0.03026   0.01000   0.02200   0.00787   0.01819   0.02506   0.02541   0.00982   0.03216   0.04883   0.02468   0.04796   0.00000   0.03165   0.01419   0.02826   0.04980   0.04326   0.07153   0.03655   2.00000   1.09989   0.02896   0.27919  
  1 99.0000    942.264041  x:  0.00238   0.02729   0.01630   0.00877   0.02142   0.02269   0.00906   0.01276   0.01936   0.00989   0.03026   0.01000   0.02200   0.00787   0.01819   0.02506   0.02540   0.00982   0.03216   0.04883   0.02468   0.04796   0.00000   0.03165   0.01419   0.02826   0.04980   0.04326   0.07153   0.03655   2.00000   1.09989   0.02896   0.27919  
  2 412.9113    932.832721  x:  0.00138   0.02752   0.00898   0.00000   0.01251   0.01816   0.00011   0.01307   0.01042   0.00316   0.03021   0.00324   0.02170   0.00554   0.01805   0.02090   0.02113   0.00089   0.03110   0.04914   0.02128   0.04788   0.00000   0.03158   0.01133   0.02343   0.04941   0.04226   0.07120   0.03622   1.99999   1.10019   0.02866   0.27760  
  3 2678.8853    932.732774  x:  0.00137   0.02752   0.00890   0.00000   0.01241   0.01810   0.00000   0.01307   0.01032   0.00309   0.03020   0.00318   0.02169   0.00550   0.01804   0.02084   0.02107   0.00078   0.03108   0.04914   0.02123   0.04787   0.00000   0.03157   0.01127   0.02337   0.04940   0.04225   0.07119   0.03621   1.99999   1.10019   0.02866   0.27758  
  4 18138.1181    932.267874  x:  0.00108   0.02744   0.00827   0.00000   0.01163   0.01800   0.00000   0.01314   0.00955   0.00309   0.03003   0.00318   0.02159   0.00541   0.01809   0.02055   0.02077   0.00000   0.03101   0.04913   0.02091   0.04787   0.00000   0.03162   0.01139   0.02299   0.04935   0.04197   0.07115   0.03616   1.99999   1.10021   0.02863   0.27738  
  5 989.5361    928.565932  x:  0.00170   0.02722   0.00029   0.00000   0.00192   0.01919   0.00000   0.01346   0.00000   0.00408   0.02848   0.00419   0.02042   0.00471   0.01764   0.01909   0.01919   0.00000   0.03053   0.04922   0.01856   0.04827   0.00000   0.03257   0.01094   0.02037   0.04871   0.04259   0.07045   0.03585   2.00003   1.10050   0.02835   0.27520  
  6 1179.4536    928.480207  x:  0.00170   0.02722   0.00000   0.00000   0.00158   0.01923   0.00000   0.01345   0.00000   0.00412   0.02845   0.00422   0.02040   0.00464   0.01763   0.01906   0.01916   0.00000   0.03051   0.04924   0.01850   0.04829   0.00000   0.03261   0.01093   0.02031   0.04869   0.04258   0.07043   0.03585   2.00003   1.10051   0.02834   0.27513  
  7 5081.2628    928.232253  x:  0.00165   0.02727   0.00000   0.00000   0.00000   0.01943   0.00000   0.01328   0.00000   0.00424   0.02837   0.00436   0.02044   0.00443   0.01760   0.01897   0.01905   0.00000   0.03046   0.04925   0.01820   0.04838   0.00000   0.03278   0.01088   0.01999   0.04858   0.04254   0.07028   0.03584   2.00004   1.10056   0.02829   0.27480  
  8 5172.2992    927.378189  x:  0.00279   0.02794   0.00000   0.00000   0.00000   0.01635   0.00000   0.01221   0.00000   0.00809   0.03236   0.00812   0.01927   0.00000   0.01988   0.01807   0.01782   0.00000   0.03005   0.04601   0.01086   0.04850   0.00000   0.02913   0.01225   0.01601   0.04725   0.04369   0.06499   0.03893   2.00038   1.10297   0.02588   0.26207  
  9 67.0925    925.902126  x:  0.00043   0.03315   0.00000   0.00000   0.00000   0.00444   0.00000   0.00000   0.00000   0.01299   0.03101   0.01241   0.01111   0.00000   0.01701   0.01229   0.01257   0.00000   0.02761   0.05146   0.01188   0.05177   0.00000   0.03106   0.01061   0.01755   0.05119   0.04135   0.06061   0.04622   2.00098   1.10916   0.01969   0.23095  
 10 78.9428    925.369013  x:  0.00022   0.03475   0.00000   0.00000   0.00000   0.00439   0.00000   0.00000   0.00000   0.01436   0.02827   0.01331   0.01453   0.00045   0.01846   0.00712   0.00787   0.00000   0.02588   0.05560   0.01272   0.05227   0.00000   0.02692   0.01079   0.01952   0.05626   0.04117   0.06179   0.05160   2.00119   1.11312   0.01573   0.21189  
 11 110.8919    925.274015  x:  0.00022   0.03469   0.00000   0.00000   0.00000   0.00460   0.00000   0.00000   0.00000   0.01417   0.02782   0.01311   0.01476   0.00000   0.01869   0.00749   0.00804   0.00000   0.02579   0.05591   0.01259   0.05211   0.00000   0.02649   0.01077   0.01937   0.05674   0.04117   0.06228   0.05188   2.00120   1.11346   0.01539   0.21021  
 12 101.9326    925.113097  x:  0.00000   0.03493   0.00000   0.00000   0.00000   0.00467   0.00000   0.00000   0.00000   0.01393   0.02713   0.01292   0.01416   0.00050   0.01893   0.00772   0.00831   0.00000   0.02565   0.05642   0.01246   0.05170   0.00000   0.02581   0.01060   0.01909   0.05776   0.04095   0.06297   0.05269   2.00123   1.11449   0.01436   0.20520  
 13 349.6537    923.774001  x:  0.00121   0.03392   0.00000   0.00000   0.00000   0.00000   0.00000   0.00000   0.00000   0.01277   0.02479   0.01384   0.01588   0.00443   0.01904   0.00452   0.01248   0.00000   0.02999   0.05409   0.01273   0.04419   0.00000   0.02910   0.01205   0.01637   0.06416   0.04220   0.07204   0.05416   2.00145   1.12765   0.00118   0.14426  
 14 197.5020    923.774001  x:  0.00121   0.03392   0.00000   0.00000   0.00000   0.00000   0.00000   0.00000   0.00000   0.01277   0.02479   0.01384   0.01588   0.00443   0.01904   0.00452   0.01248   0.00000   0.02999   0.05409   0.01273   0.04419   0.00000   0.02910   0.01205   0.01637   0.06416   0.04220   0.07204   0.05416   2.00145   1.12765   0.00118   0.14426  
 15 796.1007    921.723233  x:  0.00332   0.03311   0.00000   0.00000   0.00000   0.01793   0.00000   0.00000   0.00000   0.00000   0.02486   0.00108   0.02304   0.01525   0.01740   0.01491   0.00806   0.00000   0.02784   0.05515   0.00804   0.04656   0.00000   0.03181   0.01458   0.01007   0.06152   0.04431   0.07174   0.05130   2.00138   1.12802   0.00082   0.14184  
 16 312.5791    921.531994  x:  0.00343   0.03308   0.00000   0.00000   0.00000   0.01777   0.00000   0.00000   0.00000   0.00000   0.02487   0.00000   0.02331   0.01526   0.01732   0.01490   0.00794   0.00000   0.02770   0.05523   0.00776   0.04672   0.00000   0.03198   0.01464   0.00975   0.06132   0.04442   0.07171   0.05110   2.00137   1.12805   0.00079   0.14163  
 17 202.1368    921.175102  x:  0.00463   0.03344   0.00000   0.00000   0.00000   0.01538   0.00000   0.00000   0.00000   0.00000   0.02465   0.00000   0.02623   0.01749   0.01664   0.01697   0.01258   0.00000   0.02487   0.05704   0.00472   0.05115   0.00000   0.03563   0.01259   0.01322   0.05501   0.04562   0.07011   0.04542   2.00114   1.12927  -0.00043   0.13398  
 18 67.3715    920.933874  x:  0.00420   0.03448   0.00000   0.00000   0.00000   0.01356   0.00000   0.00000   0.00000   0.00000   0.02460   0.00000   0.02500   0.01929   0.01752   0.01857   0.00857   0.00000   0.02478   0.05834   0.00738   0.05469   0.00000   0.03761   0.01068   0.01482   0.04938   0.04520   0.06789   0.04190   2.00082   1.13099  -0.00215   0.12348  
 19 55.0594    920.671525  x:  0.00274   0.03322   0.00000   0.00000   0.00000   0.01264   0.00000   0.00000   0.00000   0.00000   0.02473   0.00000   0.02119   0.02068   0.01796   0.01966   0.00999   0.00000   0.02753   0.05891   0.00745   0.05676   0.00000   0.03696   0.01540   0.01324   0.04553   0.04373   0.06541   0.04118   2.00014   1.13448  -0.00565   0.10297  
 20 51.5908    920.273820  x:  0.00316   0.03202   0.00000   0.00000   0.00000   0.01276   0.00000   0.00000   0.00000   0.00000   0.02477   0.00000   0.02321   0.02076   0.01684   0.01945   0.01071   0.00000   0.02859   0.05837   0.00723   0.05520   0.00000   0.03304   0.01161   0.01221   0.04713   0.04415   0.06446   0.04350   1.99888   1.14072  -0.01189   0.06816  
 21 80.0533    920.214859  x:  0.00349   0.03247   0.00000   0.00000   0.00000   0.01318   0.00000   0.00000   0.00000   0.00000   0.02453   0.00000   0.02331   0.02010   0.01742   0.01892   0.00956   0.00000   0.02683   0.05797   0.00653   0.05433   0.00000   0.03466   0.01319   0.01407   0.04866   0.04449   0.06515   0.04395   1.99852   1.14220  -0.01337   0.06212  
 22 36.1486    920.204034  x:  0.00337   0.03325   0.00000   0.00000   0.00000   0.01365   0.00000   0.00000   0.00000   0.00000   0.02452   0.00000   0.02274   0.01969   0.01744   0.01868   0.01007   0.00000   0.02619   0.05783   0.00701   0.05408   0.00000   0.03586   0.01295   0.01336   0.04902   0.04436   0.06575   0.04369   1.99827   1.14296  -0.01412   0.06114  
 23 10.6449    920.196000  x:  0.00301   0.03345   0.00000   0.00000   0.00000   0.01433   0.00000   0.00000   0.00000   0.00000   0.02461   0.00000   0.02241   0.01895   0.01722   0.01822   0.00987   0.00000   0.02687   0.05771   0.00631   0.05397   0.00000   0.03609   0.01261   0.01348   0.04882   0.04400   0.06682   0.04282   1.99757   1.14485  -0.01601   0.06106  
 24  5.0353    920.170220  x:  0.00345   0.03346   0.00000   0.00000   0.00000   0.01562   0.00000   0.00000   0.00000   0.00000   0.02447   0.00000   0.02364   0.01724   0.01754   0.01702   0.01016   0.00000   0.02748   0.05751   0.00780   0.05424   0.00000   0.03531   0.01356   0.01363   0.04766   0.04444   0.06894   0.04130   1.99451   1.15302  -0.02418   0.06189  
 25 11.8921    920.061117  x:  0.00433   0.03104   0.00000   0.00000   0.00000   0.01572   0.00000   0.00000   0.00000   0.00000   0.02443   0.00000   0.02122   0.01731   0.01697   0.01657   0.00978   0.00000   0.02353   0.05785   0.00842   0.05380   0.00000   0.03169   0.01384   0.01305   0.04632   0.04533   0.07273   0.03855   1.98088   1.18930  -0.06046   0.06709  
 26 34.3783    919.393604  x:  0.00000   0.02771   0.00000   0.00000   0.00000   0.00692   0.00000   0.00000   0.00000   0.00000   0.02333   0.00000   0.02567   0.02445   0.01691   0.02077   0.00902   0.00000   0.02343   0.05857   0.01040   0.04771   0.00000   0.03261   0.01537   0.01049   0.04715   0.04099   0.07919   0.03357   1.89700   1.41224  -0.28339   0.10050  
 27 166.7544    918.903551  x:  0.00601   0.03232   0.00000   0.00000   0.00000   0.00380   0.00000   0.00000   0.00000   0.00000   0.02392   0.00000   0.02319   0.02592   0.01540   0.02223   0.00833   0.00000   0.02761   0.05711   0.00787   0.04757   0.00000   0.03432   0.01490   0.00927   0.04613   0.04699   0.07687   0.03547   1.82962   1.59111  -0.46226   0.12768  
 28 571.3841    918.545581  x:  0.00309   0.03401   0.00000   0.00000   0.00000   0.00756   0.00000   0.00000   0.00000   0.00000   0.02357   0.00000   0.02401   0.01996   0.01723   0.01885   0.00795   0.00000   0.02352   0.05449   0.00371   0.05363   0.00000   0.03368   0.01284   0.00784   0.04408   0.04406   0.06617   0.03977   1.78347   1.71319  -0.58433   0.14659  
 29 303.8000    918.504422  x:  0.00289   0.03255   0.00000   0.00000   0.00000   0.00844   0.00000   0.00000   0.00000   0.00000   0.02345   0.00000   0.02399   0.01878   0.01467   0.01799   0.00776   0.00000   0.02325   0.05469   0.00420   0.05397   0.00000   0.03464   0.01279   0.00809   0.04423   0.04386   0.06385   0.03978   1.77823   1.72693  -0.59807   0.14874  
 30 106.2261    918.491283  x:  0.00324   0.03084   0.00000   0.00000   0.00000   0.00898   0.00000   0.00000   0.00000   0.00000   0.02339   0.00000   0.02374   0.01824   0.01541   0.01749   0.00783   0.00000   0.02354   0.05519   0.00428   0.05356   0.00000   0.03547   0.01233   0.00796   0.04458   0.04422   0.06256   0.03919   1.77650   1.73132  -0.60246   0.14942  
 31 27.9490    918.486821  x:  0.00320   0.03149   0.00000   0.00000   0.00000   0.00909   0.00000   0.00000   0.00000   0.00000   0.02396   0.00000   0.02385   0.01821   0.01541   0.01718   0.00783   0.00000   0.02340   0.05619   0.00421   0.05267   0.00000   0.03511   0.01252   0.00797   0.04451   0.04417   0.06196   0.03873   1.77590   1.73155  -0.60269   0.14941  
 32  0.9239    918.469046  x:  0.00322   0.03217   0.00000   0.00000   0.00000   0.00900   0.00000   0.00000   0.00000   0.00000   0.02179   0.00000   0.02383   0.01797   0.01532   0.01717   0.00777   0.00000   0.02334   0.05721   0.00396   0.05162   0.00000   0.03475   0.01261   0.00782   0.04415   0.04420   0.06150   0.03852   1.77358   1.73151  -0.60265   0.14916  
 33  2.3220    917.519309  x:  0.00389   0.02963   0.00000   0.00000   0.00000   0.00000   0.00000   0.00000   0.00000   0.00000   0.02360   0.00000   0.02620   0.01248   0.01457   0.02265   0.00656   0.00000   0.02170   0.05917   0.00274   0.04657   0.00000   0.03718   0.01207   0.00553   0.03871   0.04484   0.06406   0.04395   1.68300   1.72463  -0.59575   0.13764  
 34 10.1198    917.463875  x:  0.00396   0.02904   0.00000   0.00000   0.00000   0.00000   0.00000   0.00000   0.00000   0.00000   0.02350   0.00000   0.02668   0.01519   0.01442   0.01876   0.00635   0.00000   0.02172   0.06074   0.00240   0.04714   0.00000   0.03818   0.01173   0.00514   0.03785   0.04490   0.06541   0.04602   1.66358   1.72311  -0.59423   0.13514  
 35 47.3343    917.453423  x:  0.00407   0.02915   0.00000   0.00000   0.00000   0.00000   0.00000   0.00000   0.00000   0.00000   0.02349   0.00000   0.02691   0.01497   0.01434   0.01906   0.00621   0.00000   0.02180   0.06164   0.00238   0.04832   0.00000   0.03801   0.01183   0.00482   0.03926   0.04501   0.06567   0.04561   1.65102   1.72210  -0.59322   0.13348  
 36 23.3283    917.441606  x:  0.00422   0.02935   0.00000   0.00000   0.00000   0.00000   0.00000   0.00000   0.00000   0.00000   0.02345   0.00000   0.02716   0.01529   0.01420   0.01864   0.00608   0.00000   0.02162   0.05931   0.00232   0.04741   0.00000   0.03777   0.01199   0.00452   0.03927   0.04516   0.06489   0.04441   1.64290   1.72121  -0.59232   0.13231  
 37  2.9287    916.438229  x:  0.00408   0.03002   0.00000   0.00000   0.00000   0.00000   0.00000   0.00000   0.00000   0.00000   0.02308   0.00000   0.02717   0.00977   0.01459   0.00640   0.00614   0.00000   0.02159   0.05689   0.00238   0.04906   0.00000   0.03746   0.01170   0.00548   0.04184   0.04504   0.06476   0.04413   1.68965   1.70538  -0.57650   0.12658  
 38  1.2830    916.247089  x:  0.00400   0.03063   0.00000   0.00000   0.00000   0.00000   0.00000   0.00000   0.00000   0.00000   0.02316   0.00000   0.02572   0.00648   0.01497   0.00852   0.00700   0.00000   0.02252   0.05530   0.00311   0.05053   0.00000   0.03624   0.01168   0.00616   0.04400   0.04493   0.06397   0.04205   1.73020   1.68422  -0.55535   0.12099  
 39  0.1206    916.177629  x:  0.00394   0.03112   0.00000   0.00000   0.00000   0.00000   0.00000   0.00000   0.00000   0.00000   0.02331   0.00000   0.02414   0.00822   0.01531   0.00824   0.00758   0.00000   0.02322   0.05411   0.00390   0.05120   0.00000   0.03503   0.01184   0.00703   0.04642   0.04489   0.06343   0.04002   1.74431   1.67107  -0.54221   0.11775  
 40  0.0489    916.166576  x:  0.00376   0.03105   0.00000   0.00000   0.00000   0.00000   0.00000   0.00000   0.00000   0.00000   0.02330   0.00000   0.02347   0.00785   0.01536   0.00764   0.00758   0.00000   0.02322   0.05448   0.00403   0.05133   0.00000   0.03485   0.01182   0.00700   0.04690   0.04472   0.06357   0.03994   1.78493   1.68658  -0.55772   0.11995  
 41  0.1039    916.163220  x:  0.00368   0.03100   0.00000   0.00000   0.00000   0.00000   0.00000   0.00000   0.00000   0.00000   0.02326   0.00000   0.02325   0.00761   0.01543   0.00747   0.00752   0.00000   0.02314   0.05456   0.00403   0.05133   0.00000   0.03481   0.01183   0.00731   0.04715   0.04464   0.06370   0.03986   1.76157   1.69407  -0.56521   0.12056  
 42  0.0657    916.161684  x:  0.00365   0.03089   0.00000   0.00000   0.00000   0.00000   0.00000   0.00000   0.00000   0.00000   0.02322   0.00000   0.02332   0.00763   0.01541   0.00769   0.00745   0.00000   0.02299   0.05478   0.00393   0.05133   0.00000   0.03493   0.01181   0.00746   0.04719   0.04462   0.06385   0.04003   1.76775   1.70660  -0.57775   0.12112  
 43  0.0257    916.161228  x:  0.00359   0.03087   0.00000   0.00000   0.00000   0.00000   0.00000   0.00000   0.00000   0.00000   0.02320   0.00000   0.02329   0.00763   0.01541   0.00769   0.00758   0.00000   0.02303   0.05480   0.00405   0.05131   0.00000   0.03494   0.01182   0.00744   0.04699   0.04457   0.06388   0.04010   1.76529   1.71302  -0.58418   0.12151  
 44  0.0133    916.161138  x:  0.00359   0.03087   0.00000   0.00000   0.00000   0.00000   0.00000   0.00000   0.00000   0.00000   0.02320   0.00000   0.02331   0.00763   0.01540   0.00766   0.00757   0.00000   0.02306   0.05467   0.00405   0.05127   0.00000   0.03491   0.01182   0.00745   0.04689   0.04457   0.06386   0.03999   1.76591   1.71560  -0.58675   0.12143  
 45  0.0045    916.161130  x:  0.00358   0.03087   0.00000   0.00000   0.00000   0.00000   0.00000   0.00000   0.00000   0.00000   0.02320   0.00000   0.02329   0.00764   0.01540   0.00766   0.00756   0.00000   0.02305   0.05466   0.00405   0.05123   0.00000   0.03490   0.01182   0.00745   0.04689   0.04457   0.06387   0.03997   1.76571   1.71617  -0.58732   0.12152  
 46  0.0010    916.161130  x:  0.00357   0.03087   0.00000   0.00000   0.00000   0.00000   0.00000   0.00000   0.00000   0.00000   0.02320   0.00000   0.02329   0.00764   0.01540   0.00766   0.00756   0.00000   0.02304   0.05467   0.00405   0.05122   0.00000   0.03490   0.01182   0.00744   0.04689   0.04458   0.06387   0.03997   1.76563   1.71621  -0.58737   0.12150  
 47  0.0001    916.161130  x:  0.00357   0.03087   0.00000   0.00000   0.00000   0.00000   0.00000   0.00000   0.00000   0.00000   0.02320   0.00000   0.02329   0.00764   0.01540   0.00766   0.00756   0.00000   0.02304   0.05467   0.00405   0.05122   0.00000   0.03490   0.01182   0.00744   0.04689   0.04458   0.06387   0.03997   1.76560   1.71625  -0.58742   0.12150  
 48  0.0001    916.161130  x:  0.00356   0.03087   0.00000   0.00000   0.00000   0.00000   0.00000   0.00000   0.00000   0.00000   0.02320   0.00000   0.02329   0.00764   0.01540   0.00766   0.00756   0.00000   0.02304   0.05467   0.00405   0.05122   0.00000   0.03490   0.01182   0.00744   0.04689   0.04459   0.06387   0.03997   1.76560   1.71627  -0.58743   0.12150  
 49  0.0000    916.161130  x:  0.00356   0.03087   0.00000   0.00000   0.00000   0.00000   0.00000   0.00000   0.00000   0.00000   0.02320   0.00000   0.02329   0.00764   0.01540   0.00766   0.00756   0.00000   0.02304   0.05467   0.00405   0.05122   0.00000   0.03490   0.01182   0.00744   0.04689   0.04459   0.06387   0.03997   1.76560   1.71627  -0.58743   0.12150  