

TREE # 1

  0  0.0000    238.489842  x:  0.00000   0.02200   0.05807   0.01867   0.06735   0.06648   0.03272   0.03869   0.06600   0.02708   0.04952   0.02474   0.03094   0.01583   0.01900   0.05939   0.05480   0.02546   0.05618   0.03313   0.07007   0.03565   0.01249   0.01922   0.00902   0.06775   0.04040   0.04088   0.07374   0.01321   2.00000   1.09989   0.02896   0.27919  
  1 99.0000    238.489070  x:  0.00000   0.02200   0.05807   0.01867   0.06735   0.06648   0.03271   0.03869   0.06600   0.02708   0.04952   0.02474   0.03094   0.01583   0.01900   0.05939   0.05480   0.02546   0.05618   0.03313   0.07007   0.03565   0.01249   0.01922   0.00902   0.06775   0.04040   0.04088   0.07374   0.01321   2.00000   1.09989   0.02896   0.27919  
  2 186.1066    229.999686  x:  0.00000   0.03741   0.04942   0.00974   0.05840   0.05753   0.02298   0.02984   0.05723   0.02901   0.04074   0.01574   0.02827   0.00681   0.00998   0.05042   0.04584   0.01644   0.04839   0.02443   0.06134   0.02667   0.00348   0.01021   0.00000   0.05881   0.03142   0.03226   0.06482   0.00420   1.99965   1.09885   0.03006   0.26134  
  3 1159.1198    226.771236  x:  0.00000   0.03649   0.04618   0.00634   0.05496   0.05409   0.01899   0.02648   0.05390   0.02872   0.03741   0.01228   0.02852   0.00334   0.00652   0.04698   0.04239   0.01298   0.04543   0.02112   0.05805   0.02321   0.00000   0.00675   0.00000   0.05537   0.02796   0.02908   0.06138   0.00074   1.99938   1.09798   0.03097   0.24776  
  4 728.4801    226.153666  x:  0.00000   0.03645   0.04551   0.00564   0.05425   0.05338   0.01807   0.02577   0.05321   0.02899   0.03672   0.01155   0.02824   0.00262   0.00579   0.04626   0.04168   0.01226   0.04661   0.02044   0.05739   0.02249   0.00000   0.00601   0.00000   0.05465   0.02724   0.02845   0.06067   0.00000   1.99931   1.09781   0.03114   0.24496  
  5 780.0906    224.111693  x:  0.00000   0.03821   0.04311   0.00305   0.05183   0.05096   0.01382   0.02303   0.05078   0.02462   0.03424   0.00898   0.03333   0.00000   0.00320   0.04382   0.03921   0.00967   0.05108   0.01809   0.05525   0.01987   0.00000   0.00334   0.00000   0.05216   0.02464   0.02658   0.05820   0.00000   1.99890   1.09748   0.03148   0.23676  
  6 344.4723    221.899679  x:  0.00000   0.03845   0.04048   0.00000   0.04939   0.04852   0.00739   0.01964   0.04824   0.02631   0.03161   0.00618   0.03534   0.00000   0.00036   0.04131   0.03666   0.00685   0.05135   0.01566   0.05331   0.01697   0.00000   0.00030   0.00000   0.04953   0.02177   0.02519   0.05564   0.00000   1.99818   1.09758   0.03135   0.23111  
  7 172.5966    221.691120  x:  0.00000   0.03847   0.04022   0.00000   0.04915   0.04827   0.00675   0.01931   0.04799   0.02641   0.03135   0.00590   0.03547   0.00000   0.00008   0.04107   0.03641   0.00657   0.05137   0.01542   0.05312   0.01668   0.00000   0.00000   0.00000   0.04927   0.02149   0.02505   0.05539   0.00000   1.99811   1.09758   0.03134   0.23056  
  8 31073.0077    221.634946  x:  0.00000   0.03848   0.04012   0.00000   0.04909   0.04821   0.00655   0.01922   0.04792   0.02645   0.03128   0.00582   0.03551   0.00000   0.00000   0.04100   0.03634   0.00649   0.05137   0.01535   0.05307   0.01660   0.00000   0.00000   0.00000   0.04920   0.02141   0.02501   0.05532   0.00000   1.99808   1.09761   0.03132   0.23034  
  9 220.6243    220.130860  x:  0.00000   0.03865   0.03732   0.00000   0.04734   0.04646   0.00000   0.01692   0.04620   0.02708   0.02947   0.00372   0.03632   0.00000   0.00000   0.03919   0.03449   0.00435   0.05152   0.01339   0.05156   0.01436   0.00000   0.00000   0.00000   0.04724   0.01921   0.02385   0.05341   0.00000   1.99723   1.09842   0.03047   0.22549  
 10 149.4300    217.916995  x:  0.00000   0.03895   0.03236   0.00000   0.04425   0.04336   0.00000   0.01284   0.04314   0.02820   0.02625   0.00000   0.03777   0.00000   0.00000   0.03600   0.03122   0.00054   0.05177   0.00993   0.04890   0.01039   0.00000   0.00000   0.00000   0.04378   0.01532   0.02179   0.05004   0.00000   1.99572   1.09987   0.02897   0.21688  
 11 6385229.7856    217.627201  x:  0.00000   0.03899   0.03167   0.00000   0.04381   0.04292   0.00000   0.01240   0.04270   0.02835   0.02579   0.00000   0.03795   0.00000   0.00000   0.03555   0.03076   0.00000   0.05181   0.00944   0.04851   0.00982   0.00000   0.00000   0.00000   0.04329   0.01477   0.02148   0.04957   0.00000   1.99552   1.10007   0.02878   0.21576  
 12 2457.3054    212.922666  x:  0.00000   0.03970   0.01948   0.00000   0.03617   0.03524   0.00000   0.00453   0.03511   0.03097   0.01780   0.00000   0.04131   0.00000   0.00000   0.02764   0.02267   0.00000   0.05240   0.00080   0.04185   0.00000   0.00000   0.00000   0.00000   0.03472   0.00514   0.01626   0.04123   0.00000   1.99195   1.10380   0.02544   0.19546  
 13 10802.8342    212.521958  x:  0.00000   0.03976   0.01835   0.00000   0.03546   0.03453   0.00000   0.00380   0.03440   0.03122   0.01706   0.00000   0.04163   0.00000   0.00000   0.02691   0.02192   0.00000   0.05246   0.00000   0.04124   0.00000   0.00000   0.00000   0.00000   0.03393   0.00425   0.01578   0.04046   0.00000   1.99161   1.10415   0.02511   0.19353  
 14 15466.5374    210.758740  x:  0.00000   0.04010   0.01294   0.00000   0.03210   0.03116   0.00000   0.00035   0.03107   0.03244   0.01356   0.00000   0.04321   0.00000   0.00000   0.02344   0.01837   0.00000   0.05274   0.00000   0.03834   0.00000   0.00000   0.00000   0.00000   0.03015   0.00000   0.01355   0.03679   0.00000   1.98994   1.10592   0.02352   0.18405  
 15 12581.6982    210.600324  x:  0.00000   0.04013   0.01244   0.00000   0.03177   0.03083   0.00000   0.00000   0.03074   0.03255   0.01321   0.00000   0.04335   0.00000   0.00000   0.02309   0.01802   0.00000   0.05277   0.00000   0.03805   0.00000   0.00000   0.00000   0.00000   0.02978   0.00000   0.01331   0.03643   0.00000   1.98979   1.10608   0.02337   0.18320  
 16 1439.0896    207.007969  x:  0.00000   0.04090   0.00000   0.00000   0.02351   0.02254   0.00000   0.00000   0.02253   0.03531   0.00459   0.00000   0.04688   0.00000   0.00000   0.01456   0.00929   0.00000   0.05340   0.00000   0.03082   0.00000   0.00000   0.00000   0.00000   0.02054   0.00000   0.00759   0.02744   0.00000   1.98599   1.11018   0.01971   0.16176  
 17 27525.6758    205.348326  x:  0.00000   0.04128   0.00000   0.00000   0.01912   0.01814   0.00000   0.00000   0.01816   0.03670   0.00000   0.00000   0.04867   0.00000   0.00000   0.01003   0.00466   0.00000   0.05371   0.00000   0.02696   0.00000   0.00000   0.00000   0.00000   0.01565   0.00000   0.00450   0.02267   0.00000   1.98405   1.11227   0.01784   0.15089  
 18 7119.5137    203.863979  x:  0.00000   0.04170   0.00000   0.00000   0.01471   0.01371   0.00000   0.00000   0.01380   0.03825   0.00000   0.00000   0.05063   0.00000   0.00000   0.00547   0.00000   0.00000   0.05406   0.00000   0.02313   0.00000   0.00000   0.00000   0.00000   0.01071   0.00000   0.00150   0.01786   0.00000   1.98193   1.11459   0.01576   0.13896  
 19 2007.2393    203.246701  x:  0.00000   0.04187   0.00000   0.00000   0.01262   0.01161   0.00000   0.00000   0.01187   0.03890   0.00000   0.00000   0.05145   0.00000   0.00000   0.00332   0.00000   0.00000   0.05420   0.00000   0.02128   0.00000   0.00000   0.00000   0.00000   0.00838   0.00000   0.00000   0.01559   0.00000   1.98103   1.11559   0.01487   0.13394  
 20 1282.5392    202.388541  x:  0.00000   0.04216   0.00000   0.00000   0.00941   0.00840   0.00000   0.00000   0.00890   0.03995   0.00000   0.00000   0.05278   0.00000   0.00000   0.00000   0.00000   0.00000   0.05444   0.00000   0.01848   0.00000   0.00000   0.00000   0.00000   0.00479   0.00000   0.00000   0.01210   0.00000   1.97956   1.11721   0.01340   0.12580  
 21 5599.0485    201.402272  x:  0.00000   0.04249   0.00000   0.00000   0.00508   0.00405   0.00000   0.00000   0.00484   0.04112   0.00000   0.00000   0.05426   0.00000   0.00000   0.00000   0.00000   0.00000   0.05470   0.00000   0.01473   0.00000   0.00000   0.00000   0.00000   0.00000   0.00000   0.00000   0.00743   0.00000   1.97790   1.11909   0.01171   0.11662  
 22 642.7650    200.657635  x:  0.00000   0.04278   0.00000   0.00000   0.00104   0.00000   0.00000   0.00000   0.00106   0.04219   0.00000   0.00000   0.05560   0.00000   0.00000   0.00000   0.00000   0.00000   0.05494   0.00000   0.01123   0.00000   0.00000   0.00000   0.00000   0.00000   0.00000   0.00000   0.00309   0.00000   1.97639   1.12078   0.01018   0.10829  
 23 38615.6397    200.504304  x:  0.00000   0.04284   0.00000   0.00000   0.00000   0.00000   0.00000   0.00000   0.00007   0.04241   0.00000   0.00000   0.05588   0.00000   0.00000   0.00000   0.00000   0.00000   0.05499   0.00000   0.01031   0.00000   0.00000   0.00000   0.00000   0.00000   0.00000   0.00000   0.00199   0.00000   1.97607   1.12115   0.00985   0.10653  
 24 559.7709    200.496407  x:  0.00000   0.04285   0.00000   0.00000   0.00000   0.00000   0.00000   0.00000   0.00000   0.04242   0.00000   0.00000   0.05590   0.00000   0.00000   0.00000   0.00000   0.00000   0.05499   0.00000   0.01025   0.00000   0.00000   0.00000   0.00000   0.00000   0.00000   0.00000   0.00191   0.00000   1.97605   1.12117   0.00983   0.10643  
 25 873.9631    200.361027  x:  0.00000   0.04291   0.00000   0.00000   0.00000   0.00000   0.00000   0.00000   0.00000   0.04265   0.00000   0.00000   0.05619   0.00000   0.00000   0.00000   0.00000   0.00000   0.05504   0.00000   0.00855   0.00000   0.00000   0.00000   0.00000   0.00000   0.00000   0.00000   0.00000   0.00000   1.97571   1.12157   0.00946   0.10461  
 26 221.5111    200.041944  x:  0.00000   0.04310   0.00000   0.00000   0.00000   0.00000   0.00000   0.00000   0.00000   0.04326   0.00000   0.00000   0.05697   0.00000   0.00000   0.00000   0.00000   0.00000   0.05518   0.00000   0.00000   0.00000   0.00000   0.00000   0.00000   0.00000   0.00000   0.00000   0.00000   0.00000   1.97476   1.12278   0.00835   0.09952  
 27 116.1468    198.909671  x:  0.00000   0.03983   0.00000   0.00000   0.00000   0.00000   0.00000   0.00000   0.00000   0.03350   0.00000   0.00000   0.04115   0.00000   0.00000   0.00000   0.00000   0.00000   0.03870   0.00000   0.00000   0.00000   0.00000   0.00000   0.00000   0.00000   0.00000   0.00000   0.00000   0.00000   1.93704   1.34363  -0.21143   0.00000  
 28  1.2865    198.509899  x:  0.00000   0.03046   0.00000   0.00000   0.00000   0.00000   0.00000   0.00000   0.00000   0.02554   0.00000   0.00000   0.02449   0.00000   0.00000   0.00000   0.00000   0.00000   0.02261   0.00000   0.00000   0.00000   0.00000   0.00000   0.00000   0.00000   0.00000   0.00000   0.00000   0.00000   1.76661   1.41477  -0.28225   0.00000  
 29  0.3685    198.470681  x:  0.00000   0.02547   0.00000   0.00000   0.00000   0.00000   0.00000   0.00000   0.00000   0.02458   0.00000   0.00000   0.02326   0.00000   0.00000   0.00000   0.00000   0.00000   0.02688   0.00000   0.00000   0.00000   0.00000   0.00000   0.00000   0.00000   0.00000   0.00000   0.00000   0.00000   1.68850   1.48710  -0.35526   0.00000  
 30  0.2662    198.457999  x:  0.00000   0.02376   0.00000   0.00000   0.00000   0.00000   0.00000   0.00000   0.00000   0.02590   0.00000   0.00000   0.02576   0.00000   0.00000   0.00000   0.00000   0.00000   0.02534   0.00000   0.00000   0.00000   0.00000   0.00000   0.00000   0.00000   0.00000   0.00000   0.00000   0.00000   1.61438   1.52587  -0.39363   0.00000  
 31  0.2151    198.454017  x:  0.00000   0.02344   0.00000   0.00000   0.00000   0.00000   0.00000   0.00000   0.00000   0.02616   0.00000   0.00000   0.02629   0.00000   0.00000   0.00000   0.00000   0.00000   0.02502   0.00000   0.00000   0.00000   0.00000   0.00000   0.00000   0.00000   0.00000   0.00000   0.00000   0.00000   1.59527   1.53485  -0.40251   0.01328  
 32  1.1600    198.426427  x:  0.00000   0.02649   0.00000   0.00000   0.00000   0.00000   0.00000   0.00000   0.00000   0.02579   0.00000   0.00000   0.02681   0.00000   0.00000   0.00000   0.00000   0.00000   0.02465   0.00000   0.00000   0.00000   0.00000   0.00000   0.00000   0.00000   0.00000   0.00000   0.00000   0.00000   1.31885   1.68013  -0.54671   0.03868  
 33  0.2673    198.417375  x:  0.00000   0.02531   0.00000   0.00000   0.00000   0.00000   0.00000   0.00000   0.00000   0.02564   0.00000   0.00000   0.02431   0.00000   0.00000   0.00000   0.00000   0.00000   0.02556   0.00000   0.00000   0.00000   0.00000   0.00000   0.00000   0.00000   0.00000   0.00000   0.00000   0.00000   1.25774   1.78276  -0.64918   0.04745  
 34  0.0825    198.401801  x:  0.00000   0.02620   0.00000   0.00000   0.00000   0.00000   0.00000   0.00000   0.00000   0.02592   0.00000   0.00000   0.02509   0.00000   0.00000   0.00000   0.00000   0.00000   0.02781   0.00000   0.00000   0.00000   0.00000   0.00000   0.00000   0.00000   0.00000   0.00000   0.00000   0.00000   1.38139   2.02975  -0.89563   0.07573  
 35  0.1230    198.391026  x:  0.00000   0.02548   0.00000   0.00000   0.00000   0.00000   0.00000   0.00000   0.00000   0.02532   0.00000   0.00000   0.02526   0.00000   0.00000   0.00000   0.00000   0.00000   0.02539   0.00000   0.00000   0.00000   0.00000   0.00000   0.00000   0.00000   0.00000   0.00000   0.00000   0.00000   1.37004   2.27040  -1.13532   0.09815  
 36  0.2367    198.386108  x:  0.00000   0.02527   0.00000   0.00000   0.00000   0.00000   0.00000   0.00000   0.00000   0.02514   0.00000   0.00000   0.02535   0.00000   0.00000   0.00000   0.00000   0.00000   0.02436   0.00000   0.00000   0.00000   0.00000   0.00000   0.00000   0.00000   0.00000   0.00000   0.00000   0.00000   1.39012   2.31732  -1.18203   0.08881  
 37  0.0881    198.376928  x:  0.00000   0.02589   0.00000   0.00000   0.00000   0.00000   0.00000   0.00000   0.00000   0.02604   0.00000   0.00000   0.02578   0.00000   0.00000   0.00000   0.00000   0.00000   0.02569   0.00000   0.00000   0.00000   0.00000   0.00000   0.00000   0.00000   0.00000   0.00000   0.00000   0.00000   1.30919   2.75067  -1.61383   0.10337  
 38  0.2445    198.372785  x:  0.00000   0.02537   0.00000   0.00000   0.00000   0.00000   0.00000   0.00000   0.00000   0.02524   0.00000   0.00000   0.02490   0.00000   0.00000   0.00000   0.00000   0.00000   0.02567   0.00000   0.00000   0.00000   0.00000   0.00000   0.00000   0.00000   0.00000   0.00000   0.00000   0.00000   1.35051   3.05462  -1.91694   0.10087  
 39  0.1790    198.371156  x:  0.00000   0.02540   0.00000   0.00000   0.00000   0.00000   0.00000   0.00000   0.00000   0.02535   0.00000   0.00000   0.02504   0.00000   0.00000   0.00000   0.00000   0.00000   0.02531   0.00000   0.00000   0.00000   0.00000   0.00000   0.00000   0.00000   0.00000   0.00000   0.00000   0.00000   1.34531   3.35543  -2.21668   0.10838  
 40  0.3942    198.370017  x:  0.00000   0.02575   0.00000   0.00000   0.00000   0.00000   0.00000   0.00000   0.00000   0.02584   0.00000   0.00000   0.02567   0.00000   0.00000   0.00000   0.00000   0.00000   0.02530   0.00000   0.00000   0.00000   0.00000   0.00000   0.00000   0.00000   0.00000   0.00000   0.00000   0.00000   1.32090   3.62696  -2.48718   0.10619  
 41  0.2429    198.369127  x:  0.00000   0.02547   0.00000   0.00000   0.00000   0.00000   0.00000   0.00000   0.00000   0.02539   0.00000   0.00000   0.02517   0.00000   0.00000   0.00000   0.00000   0.00000   0.02555   0.00000   0.00000   0.00000   0.00000   0.00000   0.00000   0.00000   0.00000   0.00000   0.00000   0.00000   1.34315   4.14564  -3.00424   0.10777  
 42  0.2476    198.368830  x:  0.00000   0.02561   0.00000   0.00000   0.00000   0.00000   0.00000   0.00000   0.00000   0.02567   0.00000   0.00000   0.02536   0.00000   0.00000   0.00000   0.00000   0.00000   0.02529   0.00000   0.00000   0.00000   0.00000   0.00000   0.00000   0.00000   0.00000   0.00000   0.00000   0.00000   1.33043   4.49515  -3.35249   0.10662  
 43  0.2238    198.368697  x:  0.00000   0.02557   0.00000   0.00000   0.00000   0.00000   0.00000   0.00000   0.00000   0.02552   0.00000   0.00000   0.02537   0.00000   0.00000   0.00000   0.00000   0.00000   0.02546   0.00000   0.00000   0.00000   0.00000   0.00000   0.00000   0.00000   0.00000   0.00000   0.00000   0.00000   1.33348   4.98728  -3.84300   0.10786  
 44  0.2802    198.368640  x:  0.00000   0.02555   0.00000   0.00000   0.00000   0.00000   0.00000   0.00000   0.00000   0.02557   0.00000   0.00000   0.02529   0.00000   0.00000   0.00000   0.00000   0.00000   0.02541   0.00000   0.00000   0.00000   0.00000   0.00000   0.00000   0.00000   0.00000   0.00000   0.00000   0.00000   1.33625   5.33719  -4.19173   0.10690  
 45  0.2551    198.368615  x:  0.00000   0.02558   0.00000   0.00000   0.00000   0.00000   0.00000   0.00000   0.00000   0.02558   0.00000   0.00000   0.02535   0.00000   0.00000   0.00000   0.00000   0.00000   0.02537   0.00000   0.00000   0.00000   0.00000   0.00000   0.00000   0.00000   0.00000   0.00000   0.00000   0.00000   1.33233   5.77378  -4.62683   0.10742  
 46  0.2719    198.368603  x:  0.00000   0.02557   0.00000   0.00000   0.00000   0.00000   0.00000   0.00000   0.00000   0.02555   0.00000   0.00000   0.02533   0.00000   0.00000   0.00000   0.00000   0.00000   0.02543   0.00000   0.00000   0.00000   0.00000   0.00000   0.00000   0.00000   0.00000   0.00000   0.00000   0.00000   1.33485   6.19429  -5.04594   0.10714  
 47  0.2457    198.368598  x:  0.00000   0.02557   0.00000   0.00000   0.00000   0.00000   0.00000   0.00000   0.00000   0.02558   0.00000   0.00000   0.02532   0.00000   0.00000   0.00000   0.00000   0.00000   0.02538   0.00000   0.00000   0.00000   0.00000   0.00000   0.00000   0.00000   0.00000   0.00000   0.00000   0.00000   1.33392   6.62511  -5.47531   0.10732  
 48  0.2569    198.368596  x:  0.00000   0.02557   0.00000   0.00000   0.00000   0.00000   0.00000   0.00000   0.00000   0.02556   0.00000   0.00000   0.02534   0.00000   0.00000   0.00000   0.00000   0.00000   0.02541   0.00000   0.00000   0.00000   0.00000   0.00000   0.00000   0.00000   0.00000   0.00000   0.00000   0.00000   1.33381   7.04040  -5.88920   0.10721  
 49  0.2520    198.368595  x:  0.00000   0.02557   0.00000   0.00000   0.00000   0.00000   0.00000   0.00000   0.00000   0.02558   0.00000   0.00000   0.02532   0.00000   0.00000   0.00000   0.00000   0.00000   0.02540   0.00000   0.00000   0.00000   0.00000   0.00000   0.00000   0.00000   0.00000   0.00000   0.00000   0.00000   1.33437   7.46025  -6.30763   0.10727  
 50  0.2593    198.368595  x:  0.00000   0.02557   0.00000   0.00000   0.00000   0.00000   0.00000   0.00000   0.00000   0.02556   0.00000   0.00000   0.02534   0.00000   0.00000   0.00000   0.00000   0.00000   0.02540   0.00000   0.00000   0.00000   0.00000   0.00000   0.00000   0.00000   0.00000   0.00000   0.00000   0.00000   1.33380   7.89035  -6.73629   0.10724  
 51  0.2557    198.368595  x:  0.00000   0.02557   0.00000   0.00000   0.00000   0.00000   0.00000   0.00000   0.00000   0.02557   0.00000   0.00000   0.02533   0.00000   0.00000   0.00000   0.00000   0.00000   0.02540   0.00000   0.00000   0.00000   0.00000   0.00000   0.00000   0.00000   0.00000   0.00000   0.00000   0.00000   1.33421   8.33119  -7.17564   0.10725  
 52  0.2535    198.368594  x:  0.00000   0.02557   0.00000   0.00000   0.00000   0.00000   0.00000   0.00000   0.00000   0.02557   0.00000   0.00000   0.02533   0.00000   0.00000   0.00000   0.00000   0.00000   0.02540   0.00000   0.00000   0.00000   0.00000   0.00000   0.00000   0.00000   0.00000   0.00000   0.00000   0.00000   1.33395   8.79207  -7.63497   0.10725  
 53  0.2535    198.368594  x:  0.00000   0.02557   0.00000   0.00000   0.00000   0.00000   0.00000   0.00000   0.00000   0.02557   0.00000   0.00000   0.02533   0.00000   0.00000   0.00000   0.00000   0.00000   0.02540   0.00000   0.00000   0.00000   0.00000   0.00000   0.00000   0.00000   0.00000   0.00000   0.00000   0.00000   1.33411   9.22205  -8.06350   0.10725  
 54  0.2489    198.368594  x:  0.00000   0.02557   0.00000   0.00000   0.00000   0.00000   0.00000   0.00000   0.00000   0.02557   0.00000   0.00000   0.02533   0.00000   0.00000   0.00000   0.00000   0.00000   0.02540   0.00000   0.00000   0.00000   0.00000   0.00000   0.00000   0.00000   0.00000   0.00000   0.00000   0.00000   1.33401   9.75460  -8.59426   0.10725  
 55  0.2614    198.368594  x:  0.00000   0.02557   0.00000   0.00000   0.00000   0.00000   0.00000   0.00000   0.00000   0.02557   0.00000   0.00000   0.02533   0.00000   0.00000   0.00000   0.00000   0.00000   0.02540   0.00000   0.00000   0.00000   0.00000   0.00000   0.00000   0.00000   0.00000   0.00000   0.00000   0.00000   1.33407  10.13314  -8.97151   0.10725  
 56  0.2504    198.368594  x:  0.00000   0.02557   0.00000   0.00000   0.00000   0.00000   0.00000   0.00000   0.00000   0.02557   0.00000   0.00000   0.02533   0.00000   0.00000   0.00000   0.00000   0.00000   0.02540   0.00000   0.00000   0.00000   0.00000   0.00000   0.00000   0.00000   0.00000   0.00000   0.00000   0.00000   1.33403  10.82491  -9.66096   0.10725  
 57  0.2637    198.368594  x:  0.00000   0.02557   0.00000   0.00000   0.00000   0.00000   0.00000   0.00000   0.00000   0.02557   0.00000   0.00000   0.02533   0.00000   0.00000   0.00000   0.00000   0.00000   0.02540   0.00000   0.00000   0.00000   0.00000   0.00000   0.00000   0.00000   0.00000   0.00000   0.00000   0.00000   1.33405  11.12843  -9.96346   0.10725  
 58  0.2678    198.368594  x:  0.00000   0.02557   0.00000   0.00000   0.00000   0.00000   0.00000   0.00000   0.00000   0.02557   0.00000   0.00000   0.02533   0.00000   0.00000   0.00000   0.00000   0.00000   0.02540   0.00000   0.00000   0.00000   0.00000   0.00000   0.00000   0.00000   0.00000   0.00000   0.00000   0.00000   1.33405  12.68828  -11.51805   0.10725  
 59  0.2753    198.368594  x:  0.00000   0.02557   0.00000   0.00000   0.00000   0.00000   0.00000   0.00000   0.00000   0.02557   0.00000   0.00000   0.02533   0.00000   0.00000   0.00000   0.00000   0.00000   0.02540   0.00000   0.00000   0.00000   0.00000   0.00000   0.00000   0.00000   0.00000   0.00000   0.00000   0.00000   1.33405  13.57990  -12.40667   0.10725  
 60  0.4230    198.368594  x:  0.00000   0.02557   0.00000   0.00000   0.00000   0.00000   0.00000   0.00000   0.00000   0.02557   0.00000   0.00000   0.02533   0.00000   0.00000   0.00000   0.00000   0.00000   0.02540   0.00000   0.00000   0.00000   0.00000   0.00000   0.00000   0.00000   0.00000   0.00000   0.00000   0.00000   1.33405  24.35116  -23.14165   0.10725  
 61  1.9009    198.368594  x:  0.00000   0.02557   0.00000   0.00000   0.00000   0.00000   0.00000   0.00000   0.00000   0.02557   0.00000   0.00000   0.02533   0.00000   0.00000   0.00000   0.00000   0.00000   0.02540   0.00000   0.00000   0.00000   0.00000   0.00000   0.00000   0.00000   0.00000   0.00000   0.00000   0.00000   1.33405  27.57773  -26.35735   0.10725  
 62 44.9028    198.368594  x:  0.00000   0.02557   0.00000   0.00000   0.00000   0.00000   0.00000   0.00000   0.00000   0.02557   0.00000   0.00000   0.02533   0.00000   0.00000   0.00000   0.00000   0.00000   0.02540   0.00000   0.00000   0.00000   0.00000   0.00000   0.00000   0.00000   0.00000   0.00000   0.00000   0.00000   1.33405  27.77939  -26.55833   0.10725  
 63 27.8975    198.368594  x:  0.00000   0.02557   0.00000   0.00000   0.00000   0.00000   0.00000   0.00000   0.00000   0.02557   0.00000   0.00000   0.02533   0.00000   0.00000   0.00000   0.00000   0.00000   0.02540   0.00000   0.00000   0.00000   0.00000   0.00000   0.00000   0.00000   0.00000   0.00000   0.00000   0.00000   1.33405  27.82981  -26.60858   0.10725  
 64 80.9021    198.368594  x:  0.00000   0.02557   0.00000   0.00000   0.00000   0.00000   0.00000   0.00000   0.00000   0.02557   0.00000   0.00000   0.02533   0.00000   0.00000   0.00000   0.00000   0.00000   0.02540   0.00000   0.00000   0.00000   0.00000   0.00000   0.00000   0.00000   0.00000   0.00000   0.00000   0.00000   1.33405  27.82995  -26.60872   0.10725  
 65 51.6893    198.368594  x:  0.00000   0.02557   0.00000   0.00000   0.00000   0.00000   0.00000   0.00000   0.00000   0.02557   0.00000   0.00000   0.02533   0.00000   0.00000   0.00000   0.00000   0.00000   0.02540   0.00000   0.00000   0.00000   0.00000   0.00000   0.00000   0.00000   0.00000   0.00000   0.00000   0.00000   1.33405  27.82995  -26.60872   0.10725  
 66 110.3935    198.368594  x:  0.00000   0.02557   0.00000   0.00000   0.00000   0.00000   0.00000   0.00000   0.00000   0.02557   0.00000   0.00000   0.02533   0.00000   0.00000   0.00000   0.00000   0.00000   0.02540   0.00000   0.00000   0.00000   0.00000   0.00000   0.00000   0.00000   0.00000   0.00000   0.00000   0.00000   1.33405  27.82995  -26.60872   0.10725  