

TREE # 1

  0  0.0000    914.024870  x:  0.00000   0.01798   0.05346   0.01737   0.06317   0.06540   0.03097   0.03639   0.06217   0.01807   0.04965   0.02336   0.02489   0.01771   0.02085   0.05593   0.05756   0.02438   0.05492   0.04361   0.06589   0.03917   0.01664   0.04026   0.00681   0.06706   0.05575   0.04088   0.08185   0.05667   2.00000   1.09989   0.02896   0.27919  
  1 99.0000    914.022440  x:  0.00000   0.01798   0.05346   0.01737   0.06317   0.06540   0.03097   0.03639   0.06217   0.01807   0.04965   0.02336   0.02488   0.01771   0.02085   0.05593   0.05756   0.02438   0.05492   0.04361   0.06589   0.03917   0.01664   0.04026   0.00680   0.06706   0.05575   0.04088   0.08185   0.05667   2.00000   1.09989   0.02896   0.27919  
  2 491.9938    901.655758  x:  0.00000   0.01643   0.04658   0.01045   0.05637   0.05980   0.02386   0.02947   0.05529   0.01113   0.04443   0.01641   0.02174   0.01622   0.01858   0.04905   0.05330   0.01744   0.05204   0.04355   0.05905   0.03628   0.01537   0.04039   0.00000   0.06137   0.05556   0.03676   0.07846   0.05728   1.99990   1.10004   0.02882   0.27816  
  3 3222.8106    882.756697  x:  0.00000   0.01110   0.03622   0.00000   0.04604   0.05020   0.01263   0.01896   0.04483   0.00058   0.03448   0.00586   0.01231   0.01094   0.01095   0.03859   0.04465   0.00690   0.04558   0.04469   0.04868   0.02894   0.01086   0.03815   0.00000   0.05183   0.05604   0.02897   0.07206   0.05520   1.99974   1.09974   0.02915   0.26905  
  4 5802.1939    881.771669  x:  0.00000   0.01120   0.03566   0.00000   0.04547   0.04959   0.01198   0.01839   0.04426   0.00000   0.03382   0.00528   0.01220   0.01107   0.01107   0.03802   0.04404   0.00633   0.04512   0.04476   0.04812   0.02849   0.01100   0.03817   0.00000   0.05124   0.05609   0.02849   0.07162   0.05518   1.99973   1.09966   0.02923   0.26774  
  5 1500.4381    874.338854  x:  0.00000   0.01077   0.03059   0.00000   0.04033   0.04465   0.00596   0.01314   0.03904   0.00000   0.02959   0.00000   0.01605   0.01005   0.01062   0.03279   0.04035   0.00107   0.04305   0.04417   0.04296   0.02839   0.00898   0.03784   0.00000   0.04651   0.05577   0.02612   0.06835   0.05488   1.99963   1.09888   0.03006   0.25506  
  6 2332.5061    873.106997  x:  0.00000   0.01059   0.02957   0.00000   0.03930   0.04385   0.00474   0.01208   0.03798   0.00000   0.02921   0.00000   0.01599   0.01001   0.01040   0.03173   0.04007   0.00000   0.04306   0.04396   0.04192   0.02883   0.00927   0.03780   0.00000   0.04573   0.05564   0.02605   0.06793   0.05487   1.99960   1.09872   0.03023   0.25262  
  7 2453.1171    869.008520  x:  0.00000   0.01079   0.02563   0.00000   0.03530   0.04116   0.00000   0.00795   0.03390   0.00000   0.02835   0.00000   0.01487   0.01024   0.01071   0.02765   0.03954   0.00000   0.04329   0.04345   0.03791   0.02993   0.00845   0.03773   0.00000   0.04315   0.05519   0.02608   0.06668   0.05486   1.99951   1.09811   0.03088   0.24363  
  8 7261.9645    862.768411  x:  0.00000   0.01105   0.01810   0.00000   0.02763   0.03768   0.00000   0.00000   0.02609   0.00000   0.02840   0.00000   0.01460   0.00885   0.01076   0.01983   0.03983   0.00000   0.04341   0.04387   0.03023   0.02833   0.00863   0.03777   0.00000   0.03983   0.05499   0.02633   0.06564   0.05456   1.99931   1.09702   0.03203   0.22866  
  9 4137.9842    850.238111  x:  0.00000   0.00932   0.00000   0.00000   0.00915   0.03065   0.00000   0.00000   0.00732   0.00000   0.02861   0.00000   0.01476   0.01069   0.00883   0.00105   0.04035   0.00000   0.04287   0.04473   0.01180   0.02417   0.00809   0.03745   0.00000   0.03317   0.05475   0.02631   0.06373   0.05420   1.99882   1.09441   0.03478   0.19439  
 10 15349.8575    849.672602  x:  0.00000   0.00925   0.00000   0.00000   0.00812   0.03044   0.00000   0.00000   0.00628   0.00000   0.02855   0.00000   0.01473   0.01067   0.00882   0.00000   0.04028   0.00000   0.04272   0.04469   0.01078   0.02410   0.00808   0.03738   0.00000   0.03296   0.05474   0.02620   0.06365   0.05420   1.99879   1.09427   0.03493   0.19271  
 11 7563.0904    847.014931  x:  0.00000   0.00916   0.00000   0.00000   0.00193   0.02921   0.00000   0.00000   0.00000   0.00000   0.02812   0.00000   0.01451   0.01059   0.00849   0.00000   0.03981   0.00000   0.04190   0.04446   0.00463   0.02368   0.00801   0.03718   0.00000   0.03176   0.05460   0.02555   0.06313   0.05412   1.99862   1.09341   0.03584   0.18277  
 12 157935.5773    846.437024  x:  0.00000   0.00870   0.00000   0.00000   0.00000   0.02887   0.00000   0.00000   0.00000   0.00000   0.02787   0.00000   0.01446   0.01055   0.00872   0.00000   0.03962   0.00000   0.04199   0.04456   0.00271   0.02351   0.00799   0.03736   0.00000   0.03140   0.05446   0.02550   0.06283   0.05394   1.99857   1.09317   0.03610   0.18042  
 13 2007.6318    845.974123  x:  0.00000   0.00863   0.00000   0.00000   0.00000   0.02835   0.00000   0.00000   0.00000   0.00000   0.02764   0.00000   0.01444   0.01053   0.00875   0.00000   0.03952   0.00000   0.04217   0.04468   0.00000   0.02328   0.00801   0.03665   0.00000   0.03082   0.05443   0.02548   0.06249   0.05433   1.99851   1.09292   0.03636   0.17850  
 14 549.2737    843.066275  x:  0.00000   0.00811   0.00000   0.00000   0.00000   0.00859   0.00000   0.00000   0.00000   0.00000   0.03009   0.00000   0.01320   0.00948   0.00780   0.00000   0.04532   0.00000   0.03279   0.03522   0.00000   0.02222   0.00724   0.03930   0.00000   0.00826   0.05809   0.01591   0.06248   0.05248   1.99630   1.09004   0.03933   0.16548  
 15 74.0934    840.390213  x:  0.00000   0.00940   0.00000   0.00000   0.00000   0.00414   0.00000   0.00000   0.00000   0.00000   0.00924   0.00000   0.01123   0.00828   0.00400   0.00000   0.03977   0.00000   0.03452   0.04174   0.00000   0.02088   0.00677   0.04255   0.00000   0.00938   0.04519   0.01144   0.03729   0.05059   1.99073   1.09103   0.03819   0.14162  
 16 28.9365    840.114191  x:  0.00000   0.00953   0.00000   0.00000   0.00000   0.00713   0.00000   0.00000   0.00000   0.00000   0.00748   0.00000   0.01095   0.00810   0.00347   0.00000   0.03754   0.00000   0.03490   0.04177   0.00000   0.02034   0.00665   0.04298   0.00000   0.00634   0.04376   0.01123   0.03356   0.05042   1.98988   1.09125   0.03794   0.13802  
 17 152.6187    839.679475  x:  0.00000   0.00955   0.00000   0.00000   0.00000   0.00694   0.00000   0.00000   0.00000   0.00000   0.01261   0.00000   0.01040   0.00770   0.00280   0.00000   0.02478   0.00000   0.03571   0.03941   0.00000   0.01887   0.00653   0.04348   0.00000   0.00606   0.04276   0.01234   0.02756   0.05039   1.98812   1.09204   0.03710   0.13282  
 18 63.7538    839.432090  x:  0.00000   0.00951   0.00000   0.00000   0.00000   0.00660   0.00000   0.00000   0.00000   0.00000   0.01004   0.00000   0.01003   0.00739   0.00256   0.00000   0.01735   0.00000   0.03730   0.03692   0.00000   0.01777   0.00644   0.04378   0.00000   0.00614   0.04457   0.01378   0.03202   0.05050   1.98657   1.09310   0.03600   0.12998  
 19 33.9676    839.011772  x:  0.00000   0.00904   0.00000   0.00000   0.00000   0.00739   0.00000   0.00000   0.00000   0.00000   0.01010   0.00000   0.00950   0.00697   0.00288   0.00000   0.01473   0.00000   0.03529   0.03593   0.00000   0.01881   0.00643   0.04336   0.00000   0.00781   0.04656   0.00664   0.03076   0.05089   1.98269   1.09639   0.03260   0.12698  
 20 13.9052    838.641800  x:  0.00486   0.00816   0.00000   0.00000   0.00000   0.00796   0.00000   0.00000   0.00000   0.00000   0.00887   0.00000   0.00873   0.00633   0.00341   0.00000   0.01197   0.00000   0.02607   0.03477   0.00000   0.02034   0.00639   0.04278   0.00000   0.00963   0.04850   0.00511   0.02724   0.05195   1.97703   1.10136   0.02747   0.12503  
 21 74.7656    838.467720  x:  0.00000   0.00808   0.00000   0.00000   0.00000   0.00755   0.00000   0.00000   0.00000   0.00000   0.00881   0.00000   0.00876   0.00632   0.00358   0.00000   0.01189   0.00000   0.02272   0.03579   0.00000   0.02024   0.00648   0.04255   0.00000   0.00865   0.04356   0.00917   0.02813   0.05242   1.97619   1.10281   0.02601   0.13060  
 22 27.4170    838.330812  x:  0.00000   0.00793   0.00000   0.00000   0.00000   0.00711   0.00000   0.00000   0.00000   0.00000   0.00768   0.00000   0.00882   0.00616   0.00412   0.00000   0.01242   0.00000   0.02384   0.03244   0.00000   0.01827   0.00661   0.04238   0.00000   0.00836   0.04159   0.01200   0.02607   0.05360   1.97227   1.10868   0.02005   0.14646  
 23 20.1568    838.156655  x:  0.00000   0.00785   0.00000   0.00000   0.00000   0.00703   0.00000   0.00000   0.00000   0.00000   0.00775   0.00000   0.00882   0.00598   0.00472   0.00000   0.01085   0.00000   0.02764   0.03192   0.00000   0.01798   0.00671   0.04215   0.00000   0.00801   0.04156   0.00796   0.02534   0.05465   1.96677   1.11607   0.01254   0.16118  
 24 95.1935    838.058453  x:  0.00000   0.00790   0.00000   0.00000   0.00000   0.00649   0.00000   0.00000   0.00000   0.00000   0.00772   0.00000   0.00896   0.00601   0.00499   0.00000   0.00987   0.00000   0.02811   0.03569   0.00000   0.01950   0.00669   0.04233   0.00000   0.00658   0.04399   0.00938   0.02482   0.05539   1.96315   1.12116   0.00741   0.17089  
 25 48.5062    834.765849  x:  0.00000   0.00556   0.00000   0.00000   0.00000   0.00662   0.00000   0.00000   0.00000   0.00000   0.00746   0.00000   0.00652   0.00642   0.00371   0.00000   0.01520   0.00000   0.02269   0.04201   0.00000   0.00716   0.00575   0.05257   0.00000   0.00730   0.05729   0.00649   0.02516   0.07670   1.79308   1.33700  -0.20809   0.21230  
 26 12.3871    834.731547  x:  0.00211   0.00553   0.00000   0.00000   0.00000   0.00662   0.00000   0.00000   0.00000   0.00000   0.00746   0.00000   0.00648   0.00642   0.00370   0.00000   0.01529   0.00000   0.02261   0.04210   0.00000   0.00698   0.00574   0.05277   0.00000   0.00731   0.05749   0.00645   0.02518   0.07710   1.78981   1.34119  -0.21229   0.21287  
 27 96.5081    831.118623  x:  0.00174   0.00984   0.00000   0.00000   0.00000   0.00725   0.00000   0.00000   0.00000   0.00000   0.00966   0.00000   0.00669   0.00620   0.00615   0.00000   0.01714   0.00000   0.02992   0.03800   0.00000   0.01977   0.00731   0.07064   0.00000   0.00656   0.04565   0.00833   0.03145   0.10838   1.49603   1.73305  -0.60996   0.16603  
 28 19.6486    830.953666  x:  0.00244   0.00917   0.00000   0.00000   0.00000   0.00716   0.00000   0.00000   0.00000   0.00000   0.00892   0.00000   0.00917   0.00855   0.00541   0.00000   0.01720   0.00000   0.02859   0.03691   0.00000   0.02113   0.00786   0.07018   0.00000   0.00697   0.04746   0.00779   0.03050   0.11040   1.47086   1.76799  -0.64542   0.18181  
 29  1.6638    830.642266  x:  0.00000   0.00968   0.00000   0.00000   0.00000   0.00809   0.00000   0.00000   0.00000   0.00000   0.00885   0.00000   0.00853   0.00812   0.00711   0.00000   0.01524   0.00000   0.02876   0.04083   0.00000   0.01736   0.00898   0.06816   0.00000   0.00821   0.04406   0.00883   0.03283   0.10952   1.31769   2.06681  -0.94291   0.20719  
 30  0.9320    830.509704  x:  0.00000   0.00824   0.00000   0.00000   0.00000   0.00791   0.00000   0.00000   0.00000   0.00000   0.00798   0.00000   0.00679   0.00792   0.00717   0.00000   0.01593   0.00000   0.02671   0.04020   0.00000   0.01841   0.00821   0.06720   0.00000   0.00786   0.04655   0.00792   0.03291   0.11193   1.41216   2.17006  -1.04658   0.21958  
 31  0.7202    830.509265  x:  0.00026   0.00823   0.00000   0.00000   0.00000   0.00791   0.00000   0.00000   0.00000   0.00000   0.00797   0.00000   0.00678   0.00792   0.00718   0.00000   0.01593   0.00000   0.02669   0.04019   0.00000   0.01841   0.00821   0.06720   0.00000   0.00785   0.04657   0.00791   0.03291   0.11195   1.41306   2.17103  -1.04756   0.21962  
 32  5.5929    830.432171  x:  0.00041   0.00787   0.00000   0.00000   0.00000   0.00787   0.00000   0.00000   0.00000   0.00000   0.00757   0.00000   0.00838   0.00825   0.00797   0.00000   0.01539   0.00000   0.02539   0.04006   0.00000   0.01690   0.00824   0.06789   0.00000   0.00749   0.04711   0.00759   0.03277   0.11285   1.47049   2.23257  -1.10895   0.20879  
 33  6.2599    830.385145  x:  0.00105   0.00857   0.00000   0.00000   0.00000   0.00779   0.00000   0.00000   0.00000   0.00000   0.00734   0.00000   0.00848   0.00761   0.00788   0.00000   0.01586   0.00000   0.02315   0.03936   0.00000   0.01689   0.00775   0.06741   0.00000   0.00744   0.04955   0.00696   0.03230   0.11564   1.41440   2.22660  -1.10309   0.20529  
 34  0.1787    830.358284  x:  0.00099   0.00774   0.00000   0.00000   0.00000   0.00793   0.00000   0.00000   0.00000   0.00000   0.00755   0.00000   0.00786   0.00850   0.00792   0.00000   0.01560   0.00000   0.02288   0.03954   0.00000   0.01675   0.00741   0.06758   0.00000   0.00780   0.04901   0.00700   0.03234   0.11787   1.38714   2.21262  -1.08973   0.19895  
 35  0.1775    830.324143  x:  0.00086   0.00766   0.00000   0.00000   0.00000   0.00830   0.00000   0.00000   0.00000   0.00000   0.00818   0.00000   0.00803   0.00771   0.00765   0.00000   0.01573   0.00000   0.02287   0.04058   0.00000   0.01657   0.00807   0.06751   0.00000   0.00873   0.04858   0.00712   0.03281   0.12249   1.41360   2.19238  -1.06940   0.19953  
 36  0.1274    830.315412  x:  0.00087   0.00841   0.00000   0.00000   0.00000   0.00826   0.00000   0.00000   0.00000   0.00000   0.00822   0.00000   0.00772   0.00814   0.00771   0.00000   0.01567   0.00000   0.02310   0.04047   0.00000   0.01615   0.00804   0.06704   0.00000   0.00866   0.04840   0.00711   0.03278   0.12379   1.42467   2.19030  -1.06759   0.19960  
 37  0.0417    830.297930  x:  0.00101   0.00802   0.00000   0.00000   0.00000   0.00795   0.00000   0.00000   0.00000   0.00000   0.00806   0.00000   0.00783   0.00786   0.00772   0.00000   0.01598   0.00000   0.02427   0.04007   0.00000   0.01578   0.00777   0.06577   0.00000   0.00804   0.04783   0.00698   0.03278   0.12652   1.40917   2.18782  -1.06529   0.20104  
 38  0.0315    830.296586  x:  0.00109   0.00796   0.00000   0.00000   0.00000   0.00790   0.00000   0.00000   0.00000   0.00000   0.00794   0.00000   0.00776   0.00791   0.00773   0.00000   0.01602   0.00000   0.02419   0.04006   0.00000   0.01576   0.00810   0.06555   0.00000   0.00797   0.04802   0.00690   0.03259   0.12666   1.40742   2.18216  -1.05958   0.20037  
 39  0.0255    830.294713  x:  0.00119   0.00792   0.00000   0.00000   0.00000   0.00793   0.00000   0.00000   0.00000   0.00000   0.00780   0.00000   0.00790   0.00795   0.00778   0.00000   0.01599   0.00000   0.02397   0.04035   0.00000   0.01584   0.00796   0.06494   0.00000   0.00804   0.04816   0.00681   0.03226   0.12697   1.41429   2.16501  -1.04249   0.20036  
 40  0.0279    830.294318  x:  0.00118   0.00790   0.00000   0.00000   0.00000   0.00794   0.00000   0.00000   0.00000   0.00000   0.00794   0.00000   0.00792   0.00796   0.00783   0.00000   0.01592   0.00000   0.02387   0.04022   0.00000   0.01582   0.00797   0.06478   0.00000   0.00797   0.04822   0.00682   0.03234   0.12691   1.41505   2.15763  -1.03510   0.20037  
 41  0.0162    830.294147  x:  0.00115   0.00792   0.00000   0.00000   0.00000   0.00794   0.00000   0.00000   0.00000   0.00000   0.00790   0.00000   0.00790   0.00793   0.00787   0.00000   0.01585   0.00000   0.02394   0.04020   0.00000   0.01583   0.00797   0.06479   0.00000   0.00800   0.04812   0.00685   0.03243   0.12681   1.41427   2.14899  -1.02647   0.19995  
 42  0.0111    830.294122  x:  0.00115   0.00792   0.00000   0.00000   0.00000   0.00793   0.00000   0.00000   0.00000   0.00000   0.00791   0.00000   0.00789   0.00793   0.00791   0.00000   0.01588   0.00000   0.02394   0.04022   0.00000   0.01584   0.00797   0.06485   0.00000   0.00800   0.04810   0.00685   0.03239   0.12681   1.41431   2.14854  -1.02603   0.19996  
 43  0.0005    830.294119  x:  0.00114   0.00792   0.00000   0.00000   0.00000   0.00793   0.00000   0.00000   0.00000   0.00000   0.00790   0.00000   0.00789   0.00793   0.00791   0.00000   0.01588   0.00000   0.02393   0.04021   0.00000   0.01585   0.00797   0.06485   0.00000   0.00800   0.04809   0.00685   0.03240   0.12683   1.41439   2.14911  -1.02661   0.20002  
 44  0.0007    830.294119  x:  0.00114   0.00792   0.00000   0.00000   0.00000   0.00793   0.00000   0.00000   0.00000   0.00000   0.00790   0.00000   0.00789   0.00793   0.00791   0.00000   0.01588   0.00000   0.02393   0.04021   0.00000   0.01585   0.00798   0.06485   0.00000   0.00800   0.04810   0.00685   0.03240   0.12684   1.41433   2.14906  -1.02656   0.20001  
 45  0.0001    830.294119  x:  0.00114   0.00792   0.00000   0.00000   0.00000   0.00793   0.00000   0.00000   0.00000   0.00000   0.00790   0.00000   0.00789   0.00793   0.00791   0.00000   0.01588   0.00000   0.02393   0.04021   0.00000   0.01585   0.00798   0.06485   0.00000   0.00800   0.04810   0.00685   0.03240   0.12684   1.41432   2.14908  -1.02658   0.20001  
 46  0.0000    830.294119  x:  0.00114   0.00792   0.00000   0.00000   0.00000   0.00793   0.00000   0.00000   0.00000   0.00000   0.00790   0.00000   0.00789   0.00793   0.00791   0.00000   0.01588   0.00000   0.02393   0.04021   0.00000   0.01585   0.00798   0.06485   0.00000   0.00800   0.04810   0.00685   0.03240   0.12684   1.41432   2.14910  -1.02659   0.20001  
 47  0.0000    830.294119  x:  0.00114   0.00792   0.00000   0.00000   0.00000   0.00793   0.00000   0.00000   0.00000   0.00000   0.00790   0.00000   0.00789   0.00793   0.00791   0.00000   0.01588   0.00000   0.02393   0.04021   0.00000   0.01585   0.00798   0.06485   0.00000   0.00800   0.04810   0.00685   0.03240   0.12684   1.41432   2.14911  -1.02660   0.20001  
 48  0.0000    830.294119  x:  0.00114   0.00792   0.00000   0.00000   0.00000   0.00793   0.00000   0.00000   0.00000   0.00000   0.00790   0.00000   0.00789   0.00793   0.00791   0.00000   0.01588   0.00000   0.02393   0.04021   0.00000   0.01585   0.00798   0.06485   0.00000   0.00800   0.04810   0.00685   0.03240   0.12684   1.41432   2.14911  -1.02661   0.20001  
 49  0.0000    830.294119  x:  0.00114   0.00792   0.00000   0.00000   0.00000   0.00793   0.00000   0.00000   0.00000   0.00000   0.00790   0.00000   0.00789   0.00793   0.00791   0.00000   0.01588   0.00000   0.02393   0.04021   0.00000   0.01585   0.00798   0.06485   0.00000   0.00800   0.04810   0.00685   0.03240   0.12684   1.41432   2.14911  -1.02661   0.20001  
 50  0.0000    830.294119  x:  0.00114   0.00792   0.00000   0.00000   0.00000   0.00793   0.00000   0.00000   0.00000   0.00000   0.00790   0.00000   0.00789   0.00793   0.00791   0.00000   0.01588   0.00000   0.02393   0.04021   0.00000   0.01585   0.00798   0.06485   0.00000   0.00800   0.04810   0.00685   0.03240   0.12684   1.41432   2.14911  -1.02661   0.20001  