Supplemental results for CODEML (seqf: /Users/YY/Desktop/get/branch_site/modify/modify_trim_muscle_atpE.fa  treef: /Users/YY/Desktop/get/branch_site/16gene_topu.tree)


dN/dS (w) for site classes (K=4)

site class             0        1       2a       2b
proportion       0.58008  0.21779  0.14696  0.05518
background w     0.03228  1.00000  0.03228  1.00000
foreground w     0.03228  1.00000  2.57319  2.57319

Naive Empirical Bayes (NEB) probabilities for 4 classes
(amino acids refer to 1st sequence: NC_015113)

   1 M   0.67070 0.12717 0.16991 0.03222 ( 1)
   2 T   0.62001 0.17786 0.15707 0.04506 ( 1)
   3 L   0.61143 0.18643 0.15490 0.04723 ( 1)
   4 N   0.67231 0.12555 0.17032 0.03181 ( 1)
   5 L   0.63187 0.16600 0.16008 0.04205 ( 1)
   6 C   0.62291 0.17496 0.15781 0.04432 ( 1)
   7 V   0.66497 0.13290 0.16846 0.03367 ( 1)
   8 L   0.59858 0.19928 0.15165 0.05049 ( 1)
   9 T   0.62001 0.17786 0.15707 0.04506 ( 1)
  10 P   0.62838 0.16948 0.15919 0.04294 ( 1)
  11 N   0.67231 0.12555 0.17032 0.03181 ( 1)
  12 R   0.60874 0.18912 0.15422 0.04791 ( 1)
  13 T   0.62566 0.17220 0.15851 0.04363 ( 1)
  14 V   0.66955 0.12832 0.16962 0.03251 ( 1)
  15 W   0.59455 0.20332 0.15062 0.05151 ( 1)
  16 N   0.67231 0.12555 0.17032 0.03181 ( 1)
  17 S   0.62078 0.17708 0.15727 0.04486 ( 1)
  18 K   0.66644 0.13143 0.16883 0.03330 ( 1)
  19 V   0.62549 0.17238 0.15846 0.04367 ( 1)
  20 N   0.62783 0.17004 0.15905 0.04308 ( 1)
  21 E   0.66597 0.13189 0.16872 0.03341 ( 1)
  22 I   0.62942 0.16845 0.15946 0.04268 ( 1)
  23 I   0.00442 0.79345 0.00112 0.20101 ( 2)
  24 L   0.61143 0.18643 0.15490 0.04723 ( 1)
  25 S   0.62740 0.17046 0.15895 0.04319 ( 1)
  26 T   0.66953 0.12834 0.16962 0.03251 ( 1)
  27 N   0.67231 0.12555 0.17032 0.03181 ( 1)
  28 S   0.66914 0.12873 0.16952 0.03261 ( 1)
  29 G   0.66181 0.13605 0.16766 0.03447 ( 1)
  30 Q   0.61672 0.18115 0.15624 0.04589 ( 1)
  31 I   0.67216 0.12570 0.17029 0.03185 ( 1)
  32 G   0.62116 0.17671 0.15737 0.04477 ( 1)
  33 V   0.11128 0.68659 0.02819 0.17394 ( 2)
  34 L   0.61143 0.18643 0.15490 0.04723 ( 1)
  35 P   0.62621 0.17165 0.15865 0.04349 ( 1)
  36 N   0.11653 0.68134 0.02952 0.17261 ( 2)
  37 H   0.60504 0.19283 0.15328 0.04885 ( 1)
  38 A   0.62621 0.17166 0.15864 0.04349 ( 1)
  39 S   0.62393 0.17393 0.15807 0.04406 ( 1)
  40 V   0.11439 0.68347 0.02898 0.17315 ( 2)
  41 A   0.66799 0.12987 0.16923 0.03290 ( 1)
  42 T   0.66493 0.13293 0.16845 0.03368 ( 1)
  43 A   0.61919 0.17868 0.15687 0.04527 ( 1)
  44 V   0.62011 0.17776 0.15710 0.04503 ( 1)
  45 D   0.67191 0.12596 0.17022 0.03191 ( 1)
  46 I   0.67972 0.11815 0.17220 0.02993 ( 1)
  47 G   0.66181 0.13605 0.16766 0.03447 ( 1)
  48 I   0.67216 0.12570 0.17029 0.03185 ( 1)
  49 L   0.59788 0.19998 0.15147 0.05066 ( 1)
  50 K   0.66644 0.13143 0.16883 0.03330 ( 1)
  51 I   0.67972 0.11815 0.17220 0.02993 ( 1)
  52 R   0.61435 0.18352 0.15564 0.04649 ( 1)
  53 L   0.63187 0.16600 0.16008 0.04205 ( 1)
  54 D   0.63389 0.16398 0.16059 0.04154 ( 1)
  55 G   0.07672 0.72114 0.01944 0.18270 ( 2)
  56 Q   0.61672 0.18115 0.15624 0.04589 ( 1)
  57 W   0.59455 0.20332 0.15062 0.05151 ( 1)
  58 L   0.61143 0.18643 0.15490 0.04723 ( 1)
  59 T   0.62326 0.17461 0.15790 0.04424 ( 1)
  60 M   0.67070 0.12717 0.16991 0.03222 ( 1)
  61 A   0.66353 0.13434 0.16810 0.03403 ( 1)
  62 L   0.59683 0.20103 0.15120 0.05093 ( 1)
  63 M   0.67070 0.12717 0.16991 0.03222 ( 1)
  64 G   0.64104 0.15682 0.16240 0.03973 ( 1)
  65 G   0.66181 0.13605 0.16766 0.03447 ( 1)
  66 F   0.63529 0.16257 0.16095 0.04119 ( 1)
  67 A   0.66799 0.12987 0.16923 0.03290 ( 1)
  68 R   0.10527 0.69260 0.02667 0.17546 ( 2)
  69 I   0.67972 0.11815 0.17220 0.02993 ( 1)
  70 G   0.66181 0.13605 0.16766 0.03447 ( 1)
  71 N   0.67231 0.12555 0.17032 0.03181 ( 1)
  72 N   0.67231 0.12555 0.17032 0.03181 ( 1)
  73 E   0.62909 0.16877 0.15937 0.04276 ( 1)
  74 I   0.62638 0.17149 0.15869 0.04345 ( 1)
  75 T   0.66953 0.12834 0.16962 0.03251 ( 1)
  76 I   0.11507 0.68280 0.02915 0.17298 ( 2)
  77 L   0.61143 0.18643 0.15490 0.04723 ( 1)
  78 V   0.66497 0.13290 0.16846 0.03367 ( 1)
  79 N   0.67231 0.12555 0.17032 0.03181 ( 1)
  80 D   0.67191 0.12596 0.17022 0.03191 ( 1)
  81 A   0.62238 0.17549 0.15767 0.04446 ( 1)
  82 E   0.63795 0.15992 0.16162 0.04051 ( 1)
  83 K   0.65278 0.14509 0.16537 0.03676 ( 1)
  84 G   0.10784 0.69003 0.02732 0.17481 ( 2)
  85 S   0.66914 0.12873 0.16952 0.03261 ( 1)
  86 D   0.62704 0.17083 0.15885 0.04328 ( 1)
  87 I   0.62357 0.17430 0.15798 0.04416 ( 1)
  88 D   0.67191 0.12596 0.17022 0.03191 ( 1)
  89 S   0.08105 0.71681 0.02053 0.18160 ( 2)
  90 Q   0.61672 0.18115 0.15624 0.04589 ( 1)
  91 E   0.66597 0.13189 0.16872 0.03341 ( 1)
  92 A   0.61919 0.17868 0.15687 0.04527 ( 1)
  93 R   0.00247 0.79539 0.00063 0.20151 ( 2)
  94 Q   0.61672 0.18115 0.15624 0.04589 ( 1)
  95 T   0.66953 0.12834 0.16962 0.03251 ( 1)
  96 L   0.63187 0.16600 0.16008 0.04205 ( 1)
  97 E   0.66597 0.13189 0.16872 0.03341 ( 1)
  98 I   0.67972 0.11815 0.17220 0.02993 ( 1)
  99 A   0.66345 0.13442 0.16808 0.03405 ( 1)
 100 E   0.66597 0.13189 0.16872 0.03341 ( 1)
 101 A   0.66799 0.12987 0.16923 0.03290 ( 1)
 102 N   0.67231 0.12555 0.17032 0.03181 ( 1)
 103 L   0.07611 0.72175 0.01928 0.18285 ( 2)
 104 R   0.66232 0.13554 0.16779 0.03434 ( 1)
 105 K   0.66644 0.13143 0.16883 0.03330 ( 1)
 106 A   0.66799 0.12987 0.16923 0.03290 ( 1)
 107 E   0.11183 0.68604 0.02833 0.17380 ( 2)
 108 G   0.65624 0.14163 0.16625 0.03588 ( 1)
 109 K   0.62988 0.16799 0.15957 0.04256 ( 1)
 110 R   0.66232 0.13554 0.16779 0.03434 ( 1)
 111 Q   0.61672 0.18115 0.15624 0.04589 ( 1)
 112 K   0.66644 0.13143 0.16883 0.03330 ( 1)
 113 I   0.67216 0.12570 0.17029 0.03185 ( 1)
 114 E   0.62909 0.16877 0.15937 0.04276 ( 1)
 115 A   0.66345 0.13442 0.16808 0.03405 ( 1)
 116 N   0.67231 0.12555 0.17032 0.03181 ( 1)
 117 L   0.08041 0.71746 0.02037 0.18176 ( 2)
 118 A   0.66799 0.12987 0.16923 0.03290 ( 1)
 119 L   0.60183 0.19604 0.15247 0.04966 ( 1)
 120 R   0.60874 0.18912 0.15422 0.04791 ( 1)
 121 R   0.60874 0.18912 0.15422 0.04791 ( 1)
 122 A   0.66799 0.12987 0.16923 0.03290 ( 1)
 123 R   0.62590 0.17197 0.15857 0.04357 ( 1)
 124 T   0.66493 0.13293 0.16845 0.03368 ( 1)
 125 R   0.60874 0.18912 0.15422 0.04791 ( 1)
 126 V   0.62011 0.17776 0.15710 0.04503 ( 1)
 127 E   0.62909 0.16877 0.15937 0.04276 ( 1)
 128 T   0.62326 0.17461 0.15790 0.04424 ( 1)
 129 I   0.62357 0.17430 0.15798 0.04416 ( 1)
 130 N   0.11747 0.68040 0.02976 0.17237 ( 2)
 131 G   0.00010 0.79777 0.00002 0.20211 ( 2)
 132 I   0.67216 0.12570 0.17029 0.03185 ( 1)
 133 S   0.60031 0.19756 0.15208 0.05005 ( 1)


lnL =  -756.393726

Bayes Empirical Bayes (BEB) probabilities for 4 classes (class)
(amino acids refer to 1st sequence: NC_015113)

   1 M   0.57203 0.08975 0.29299 0.04522 ( 1)
   2 T   0.53938 0.12240 0.27650 0.06172 ( 1)
   3 L   0.53390 0.12788 0.27373 0.06449 ( 1)
   4 N   0.57305 0.08873 0.29351 0.04471 ( 1)
   5 L   0.54697 0.11481 0.28034 0.05788 ( 1)
   6 C   0.54124 0.12054 0.27744 0.06078 ( 1)
   7 V   0.56828 0.09351 0.29110 0.04712 ( 1)
   8 L   0.52571 0.13607 0.26958 0.06864 ( 1)
   9 T   0.53938 0.12240 0.27650 0.06172 ( 1)
  10 P   0.54474 0.11704 0.27921 0.05901 ( 1)
  11 N   0.57305 0.08873 0.29351 0.04471 ( 1)
  12 R   0.53219 0.12959 0.27286 0.06536 ( 1)
  13 T   0.54299 0.11879 0.27833 0.05989 ( 1)
  14 V   0.57125 0.09054 0.29260 0.04562 ( 1)
  15 W   0.52314 0.13864 0.26828 0.06994 ( 1)
  16 N   0.57305 0.08873 0.29351 0.04471 ( 1)
  17 S   0.53988 0.12190 0.27675 0.06147 ( 1)
  18 K   0.56923 0.09255 0.29158 0.04663 ( 1)
  19 V   0.54288 0.11890 0.27827 0.05995 ( 1)
  20 N   0.54438 0.11740 0.27903 0.05919 ( 1)
  21 E   0.56894 0.09284 0.29143 0.04678 ( 1)
  22 I   0.54528 0.11650 0.27949 0.05873 ( 1)
  23 I   0.09382 0.56797 0.04663 0.29159 ( 2)
  24 L   0.53390 0.12788 0.27373 0.06449 ( 1)
  25 S   0.54412 0.11766 0.27890 0.05932 ( 1)
  26 T   0.57125 0.09054 0.29260 0.04562 ( 1)
  27 N   0.57305 0.08873 0.29351 0.04471 ( 1)
  28 S   0.57101 0.09078 0.29248 0.04574 ( 1)
  29 G   0.56626 0.09553 0.29008 0.04814 ( 1)
  30 Q   0.53728 0.12450 0.27544 0.06278 ( 1)
  31 I   0.57295 0.08884 0.29346 0.04476 ( 1)
  32 G   0.54011 0.12167 0.27687 0.06135 ( 1)
  33 V   0.26997 0.39181 0.13912 0.19909 ( 2)
  34 L   0.53390 0.12788 0.27373 0.06449 ( 1)
  35 P   0.54335 0.11843 0.27851 0.05971 ( 1)
  36 N   0.27607 0.38572 0.14230 0.19591 ( 2)
  37 H   0.52982 0.13196 0.27167 0.06655 ( 1)
  38 A   0.54334 0.11844 0.27850 0.05972 ( 1)
  39 S   0.54190 0.11989 0.27777 0.06045 ( 1)
  40 V   0.27361 0.38818 0.14102 0.19720 ( 2)
  41 A   0.57025 0.09153 0.29210 0.04612 ( 1)
  42 T   0.56827 0.09352 0.29110 0.04712 ( 1)
  43 A   0.53886 0.12292 0.27624 0.06198 ( 1)
  44 V   0.53944 0.12234 0.27653 0.06169 ( 1)
  45 D   0.57279 0.08899 0.29338 0.04484 ( 1)
  46 I   0.57787 0.08391 0.29594 0.04228 ( 1)
  47 G   0.56626 0.09553 0.29008 0.04814 ( 1)
  48 I   0.57295 0.08884 0.29346 0.04476 ( 1)
  49 L   0.52526 0.13652 0.26936 0.06887 ( 1)
  50 K   0.56923 0.09255 0.29158 0.04663 ( 1)
  51 I   0.57787 0.08391 0.29594 0.04228 ( 1)
  52 R   0.53577 0.12601 0.27468 0.06354 ( 1)
  53 L   0.54697 0.11481 0.28034 0.05788 ( 1)
  54 D   0.54825 0.11353 0.28099 0.05723 ( 1)
  55 G   0.22480 0.43698 0.11551 0.22271 ( 2)
  56 Q   0.53728 0.12450 0.27544 0.06278 ( 1)
  57 W   0.52314 0.13864 0.26828 0.06994 ( 1)
  58 L   0.53390 0.12788 0.27373 0.06449 ( 1)
  59 T   0.54146 0.12032 0.27755 0.06067 ( 1)
  60 M   0.57203 0.08975 0.29299 0.04522 ( 1)
  61 A   0.56736 0.09442 0.29064 0.04758 ( 1)
  62 L   0.52459 0.13719 0.26902 0.06921 ( 1)
  63 M   0.57203 0.08975 0.29299 0.04522 ( 1)
  64 G   0.55286 0.10892 0.28332 0.05490 ( 1)
  65 G   0.56626 0.09553 0.29008 0.04814 ( 1)
  66 F   0.54917 0.11261 0.28145 0.05676 ( 1)
  67 A   0.57025 0.09153 0.29210 0.04612 ( 1)
  68 R   0.26283 0.39895 0.13540 0.20282 ( 2)
  69 I   0.57787 0.08391 0.29594 0.04228 ( 1)
  70 G   0.56626 0.09553 0.29008 0.04814 ( 1)
  71 N   0.57305 0.08873 0.29351 0.04471 ( 1)
  72 N   0.57305 0.08873 0.29351 0.04471 ( 1)
  73 E   0.54520 0.11659 0.27944 0.05878 ( 1)
  74 I   0.54345 0.11833 0.27856 0.05966 ( 1)
  75 T   0.57125 0.09054 0.29260 0.04562 ( 1)
  76 I   0.27436 0.38742 0.14141 0.19680 ( 2)
  77 L   0.53390 0.12788 0.27373 0.06449 ( 1)
  78 V   0.56828 0.09351 0.29110 0.04712 ( 1)
  79 N   0.57305 0.08873 0.29351 0.04471 ( 1)
  80 D   0.57279 0.08899 0.29338 0.04484 ( 1)
  81 A   0.54090 0.12089 0.27727 0.06095 ( 1)
  82 E   0.55085 0.11094 0.28230 0.05592 ( 1)
  83 K   0.56041 0.10137 0.28713 0.05109 ( 1)
  84 G   0.26593 0.39585 0.13702 0.20120 ( 2)
  85 S   0.57101 0.09078 0.29248 0.04574 ( 1)
  86 D   0.54388 0.11790 0.27878 0.05944 ( 1)
  87 I   0.54166 0.12012 0.27765 0.06057 ( 1)
  88 D   0.57279 0.08899 0.29338 0.04484 ( 1)
  89 S   0.23106 0.43072 0.11879 0.21943 ( 2)
  90 Q   0.53728 0.12450 0.27544 0.06278 ( 1)
  91 E   0.56894 0.09284 0.29143 0.04678 ( 1)
  92 A   0.53886 0.12292 0.27624 0.06198 ( 1)
  93 R   0.06869 0.59308 0.03352 0.30470 ( 2)
  94 Q   0.53728 0.12450 0.27544 0.06278 ( 1)
  95 T   0.57125 0.09054 0.29260 0.04562 ( 1)
  96 L   0.54697 0.11481 0.28034 0.05788 ( 1)
  97 E   0.56894 0.09284 0.29143 0.04678 ( 1)
  98 I   0.57787 0.08391 0.29594 0.04228 ( 1)
  99 A   0.56731 0.09448 0.29061 0.04761 ( 1)
 100 E   0.56894 0.09284 0.29143 0.04678 ( 1)
 101 A   0.57025 0.09153 0.29210 0.04612 ( 1)
 102 N   0.57305 0.08873 0.29351 0.04471 ( 1)
 103 L   0.22389 0.43789 0.11503 0.22319 ( 2)
 104 R   0.56659 0.09520 0.29025 0.04797 ( 1)
 105 K   0.56923 0.09255 0.29158 0.04663 ( 1)
 106 A   0.57025 0.09153 0.29210 0.04612 ( 1)
 107 E   0.27062 0.39116 0.13947 0.19875 ( 2)
 108 G   0.56265 0.09913 0.28826 0.04996 ( 1)
 109 K   0.54570 0.11608 0.27970 0.05852 ( 1)
 110 R   0.56659 0.09520 0.29025 0.04797 ( 1)
 111 Q   0.53728 0.12450 0.27544 0.06278 ( 1)
 112 K   0.56923 0.09255 0.29158 0.04663 ( 1)
 113 I   0.57295 0.08884 0.29346 0.04476 ( 1)
 114 E   0.54520 0.11659 0.27944 0.05878 ( 1)
 115 A   0.56731 0.09448 0.29061 0.04761 ( 1)
 116 N   0.57305 0.08873 0.29351 0.04471 ( 1)
 117 L   0.23013 0.43165 0.11830 0.21992 ( 2)
 118 A   0.57025 0.09153 0.29210 0.04612 ( 1)
 119 L   0.52778 0.13400 0.27063 0.06759 ( 1)
 120 R   0.53219 0.12959 0.27286 0.06536 ( 1)
 121 R   0.53219 0.12959 0.27286 0.06536 ( 1)
 122 A   0.57025 0.09153 0.29210 0.04612 ( 1)
 123 R   0.54315 0.11863 0.27841 0.05981 ( 1)
 124 T   0.56827 0.09352 0.29110 0.04712 ( 1)
 125 R   0.53219 0.12959 0.27286 0.06536 ( 1)
 126 V   0.53944 0.12234 0.27653 0.06169 ( 1)
 127 E   0.54520 0.11659 0.27944 0.05878 ( 1)
 128 T   0.54146 0.12032 0.27755 0.06067 ( 1)
 129 I   0.54166 0.12012 0.27765 0.06057 ( 1)
 130 N   0.27712 0.38467 0.14285 0.19537 ( 2)
 131 G   0.02461 0.63717 0.01118 0.32704 ( 2)
 132 I   0.57295 0.08884 0.29346 0.04476 ( 1)
 133 S   0.52680 0.13497 0.27014 0.06808 ( 1)

