

TREE # 1

  0  0.0000    798.120778  x:  0.00000   0.01589   0.02241   0.00752   0.02599   0.02688   0.01290   0.01525   0.02594   0.01279   0.02004   0.01003   0.00937   0.00642   0.00753   0.02354   0.02678   0.02155   0.02485   0.01817   0.02879   0.02108   0.00289   0.01684   0.00529   0.03864   0.06103   0.04088   0.04784   0.06131   2.00000   1.09989   0.02896   0.27919   2.57308  
  1 99.0000    791.769655  x:  0.00008   0.01454   0.01954   0.00465   0.02313   0.02401   0.00994   0.01236   0.02307   0.01175   0.01717   0.00714   0.00648   0.00352   0.00464   0.02066   0.02478   0.02088   0.02292   0.01659   0.02675   0.01933   0.00000   0.01679   0.00245   0.03700   0.06130   0.04096   0.04652   0.06236   2.00011   1.09991   0.02894   0.27868   2.57308  
  2 516.1520    786.691874  x:  0.00010   0.01351   0.01709   0.00218   0.02067   0.02155   0.00741   0.00989   0.02061   0.01102   0.01470   0.00466   0.00401   0.00105   0.00217   0.01819   0.02314   0.02037   0.02136   0.01536   0.02506   0.01793   0.00000   0.01674   0.00000   0.03564   0.06149   0.04098   0.04543   0.06315   2.00020   1.09993   0.02892   0.27830   2.57308  
  3 526400.9877    784.783937  x:  0.00035   0.01330   0.01605   0.00114   0.01963   0.02051   0.00634   0.00885   0.01956   0.01042   0.01366   0.00362   0.00296   0.00000   0.00112   0.01715   0.02276   0.02003   0.02104   0.01521   0.02462   0.01773   0.00000   0.01681   0.00000   0.03519   0.06169   0.04123   0.04502   0.06384   2.00024   1.09992   0.02893   0.27787   2.57308  
  4 3594.9514    782.836648  x:  0.00037   0.01280   0.01493   0.00001   0.01850   0.01939   0.00516   0.00773   0.01844   0.01039   0.01254   0.00250   0.00185   0.00000   0.00000   0.01604   0.02233   0.01978   0.02062   0.01475   0.02415   0.01733   0.00000   0.01675   0.00000   0.03470   0.06193   0.04125   0.04457   0.06460   2.00028   1.09989   0.02897   0.27720   2.57308  
  5 7580.7011    782.822682  x:  0.00037   0.01279   0.01492   0.00000   0.01849   0.01939   0.00515   0.00773   0.01843   0.01039   0.01253   0.00250   0.00184   0.00000   0.00000   0.01603   0.02232   0.01978   0.02062   0.01475   0.02414   0.01732   0.00000   0.01675   0.00000   0.03470   0.06193   0.04125   0.04457   0.06460   2.00028   1.09989   0.02897   0.27719   2.57308  
  6 8210.9328    780.040435  x:  0.00090   0.01229   0.01307   0.00000   0.01660   0.01753   0.00314   0.00589   0.01657   0.01025   0.01067   0.00066   0.00000   0.00000   0.00000   0.01420   0.02119   0.01923   0.01949   0.01435   0.02305   0.01644   0.00000   0.01688   0.00000   0.03392   0.06182   0.04178   0.04398   0.06437   2.00034   1.09982   0.02904   0.27572   2.57308  
  7 4796.3594    779.158604  x:  0.00084   0.01204   0.01241   0.00000   0.01593   0.01685   0.00238   0.00524   0.01590   0.01010   0.01000   0.00000   0.00000   0.00000   0.00000   0.01355   0.02089   0.01907   0.01928   0.01426   0.02270   0.01644   0.00000   0.01673   0.00000   0.03367   0.06180   0.04172   0.04380   0.06452   2.00037   1.09980   0.02907   0.27520   2.57308  
  8 2447.1411    776.679994  x:  0.00083   0.01178   0.01035   0.00000   0.01381   0.01474   0.00000   0.00318   0.01379   0.00986   0.00788   0.00000   0.00000   0.00000   0.00000   0.01149   0.02020   0.01890   0.01874   0.01367   0.02183   0.01606   0.00000   0.01696   0.00000   0.03296   0.06192   0.04171   0.04322   0.06533   2.00044   1.09973   0.02914   0.27362   2.57308  
  9 9671.9378    773.449810  x:  0.00112   0.01122   0.00720   0.00000   0.01058   0.01147   0.00000   0.00000   0.01052   0.00937   0.00461   0.00000   0.00000   0.00000   0.00000   0.00832   0.01978   0.01879   0.01800   0.01318   0.02140   0.01443   0.00000   0.01605   0.00000   0.03221   0.06243   0.04200   0.04243   0.06625   2.00055   1.09964   0.02924   0.27136   2.57308  
 10 5361.4668    769.673343  x:  0.00074   0.00967   0.00289   0.00000   0.00616   0.00687   0.00000   0.00000   0.00591   0.00862   0.00000   0.00000   0.00000   0.00000   0.00000   0.00391   0.01935   0.01766   0.01661   0.01269   0.02157   0.01341   0.00000   0.01679   0.00000   0.03161   0.06323   0.04162   0.04150   0.06637   2.00069   1.09952   0.02935   0.26847   2.57308  
 11 2333.3529    767.444599  x:  0.00079   0.00965   0.00000   0.00000   0.00319   0.00375   0.00000   0.00000   0.00279   0.00837   0.00000   0.00000   0.00000   0.00000   0.00000   0.00093   0.01846   0.01716   0.01563   0.01189   0.02105   0.01336   0.00000   0.01650   0.00000   0.03099   0.06363   0.04167   0.04083   0.06675   2.00079   1.09944   0.02944   0.26643   2.57308  
 12 3127.4332    766.862415  x:  0.00080   0.00948   0.00000   0.00000   0.00226   0.00277   0.00000   0.00000   0.00182   0.00830   0.00000   0.00000   0.00000   0.00000   0.00000   0.00000   0.01816   0.01725   0.01551   0.01190   0.02070   0.01324   0.00000   0.01650   0.00000   0.03075   0.06364   0.04168   0.04064   0.06692   2.00082   1.09942   0.02947   0.26580   2.57308  
 13 4224.9081    766.007864  x:  0.00065   0.00954   0.00000   0.00000   0.00044   0.00088   0.00000   0.00000   0.00000   0.00819   0.00000   0.00000   0.00000   0.00000   0.00000   0.00000   0.01806   0.01660   0.01570   0.01179   0.01992   0.01266   0.00000   0.01647   0.00000   0.03032   0.06336   0.04153   0.04041   0.06722   2.00088   1.09938   0.02951   0.26463   2.57308  
 14 1437.0194    765.879297  x:  0.00067   0.00949   0.00000   0.00000   0.00000   0.00043   0.00000   0.00000   0.00000   0.00816   0.00000   0.00000   0.00000   0.00000   0.00000   0.00000   0.01811   0.01660   0.01565   0.01171   0.01986   0.01265   0.00000   0.01646   0.00000   0.03027   0.06330   0.04154   0.04038   0.06724   2.00090   1.09937   0.02952   0.26440   2.57308  
 15 773.9929    765.807271  x:  0.00066   0.00948   0.00000   0.00000   0.00000   0.00000   0.00000   0.00000   0.00000   0.00815   0.00000   0.00000   0.00000   0.00000   0.00000   0.00000   0.01808   0.01659   0.01558   0.01171   0.01985   0.01262   0.00000   0.01646   0.00000   0.03023   0.06332   0.04154   0.04033   0.06729   2.00091   1.09937   0.02953   0.26420   2.57308  
 16 1124.8922    765.059052  x:  0.00136   0.00728   0.00000   0.00000   0.00000   0.00000   0.00000   0.00000   0.00000   0.00660   0.00000   0.00000   0.00000   0.00000   0.00000   0.00000   0.01023   0.01523   0.02272   0.00721   0.02079   0.01176   0.00000   0.01594   0.00000   0.02527   0.07264   0.04223   0.02957   0.06384   2.00363   1.09968   0.02932   0.24393   2.57306  
 17 83.7680    764.867799  x:  0.00125   0.00774   0.00000   0.00000   0.00000   0.00000   0.00000   0.00000   0.00000   0.00692   0.00000   0.00000   0.00000   0.00000   0.00000   0.00000   0.01445   0.01550   0.02261   0.00810   0.01579   0.01269   0.00000   0.01597   0.00000   0.02269   0.07968   0.04213   0.02573   0.06097   2.00618   1.10073   0.02825   0.23724   2.57307  
 18 29.3135    764.504855  x:  0.00138   0.00725   0.00000   0.00000   0.00000   0.00000   0.00000   0.00000   0.00000   0.00654   0.00000   0.00000   0.00000   0.00000   0.00000   0.00000   0.01355   0.01536   0.02261   0.00714   0.00855   0.01252   0.00000   0.01589   0.00000   0.02397   0.08597   0.04226   0.03355   0.06002   2.01619   1.10467   0.02427   0.20797   2.57309  
 19 29.6562    762.979393  x:  0.00121   0.00781   0.00000   0.00000   0.00000   0.00000   0.00000   0.00000   0.00000   0.00731   0.00000   0.00000   0.00000   0.00000   0.00000   0.00000   0.01193   0.01640   0.02460   0.00741   0.00695   0.01415   0.00000   0.01597   0.00000   0.01014   0.07372   0.04209   0.03533   0.05864   2.05859   1.12236   0.00624   0.10102   2.57319  
 20 76.0205    762.391443  x:  0.00115   0.00799   0.00000   0.00000   0.00000   0.00000   0.00000   0.00000   0.00000   0.00761   0.00000   0.00000   0.00000   0.00000   0.00000   0.00000   0.01093   0.01685   0.02483   0.00744   0.00387   0.01459   0.00000   0.01600   0.00000   0.01414   0.06655   0.04203   0.02991   0.05913   2.07801   1.13039  -0.00194   0.05234   2.57324  
 21 386.8730    762.177111  x:  0.00109   0.00830   0.00000   0.00000   0.00000   0.00000   0.00000   0.00000   0.00000   0.00826   0.00000   0.00000   0.00000   0.00000   0.00000   0.00000   0.01163   0.01759   0.02492   0.00678   0.00547   0.01357   0.00000   0.01629   0.00000   0.01466   0.07049   0.04197   0.03156   0.05959   2.12493   1.13900  -0.01048   0.02629   2.57322  
 22  5.7521    761.015123  x:  0.00000   0.00963   0.00000   0.00000   0.00000   0.00000   0.00000   0.00000   0.00000   0.01102   0.00000   0.00000   0.00000   0.00000   0.00000   0.00000   0.01161   0.02130   0.02188   0.00366   0.00542   0.00852   0.00000   0.01720   0.00000   0.01498   0.06846   0.04088   0.02878   0.06153   2.39111   1.17398  -0.04544   0.05335   2.57323  
 23 14.2832    759.459963  x:  0.00000   0.00925   0.00000   0.00000   0.00000   0.00000   0.00000   0.00000   0.00000   0.01384   0.00000   0.00000   0.00000   0.00000   0.00000   0.00000   0.00442   0.02160   0.01628   0.00886   0.00649   0.00838   0.00000   0.01546   0.00000   0.01660   0.07077   0.05105   0.02651   0.06042   2.96627   1.24513  -0.11635   0.08619   2.57316  
 24 19.1794    759.276950  x:  0.00000   0.00899   0.00000   0.00000   0.00000   0.00000   0.00000   0.00000   0.00000   0.01387   0.00000   0.00000   0.00000   0.00000   0.00000   0.00000   0.00387   0.02126   0.01592   0.00956   0.00662   0.00877   0.00000   0.01518   0.00000   0.01673   0.07096   0.03960   0.02641   0.06051   3.01448   1.25076  -0.12195   0.08791   2.57315  
 25 44.8821    758.276062  x:  0.00000   0.00416   0.00000   0.00000   0.00000   0.00000   0.00000   0.00000   0.00000   0.01185   0.00000   0.00000   0.00000   0.00000   0.00000   0.00000   0.00810   0.01665   0.01533   0.01039   0.00729   0.01105   0.00000   0.01297   0.00000   0.01676   0.06544   0.03736   0.02442   0.07149   3.41163   1.29376  -0.16469   0.10113   2.57308  
 26 14.7220    758.254310  x:  0.00384   0.00414   0.00000   0.00000   0.00000   0.00000   0.00000   0.00000   0.00000   0.01176   0.00000   0.00000   0.00000   0.00000   0.00000   0.00000   0.00817   0.01658   0.01529   0.01040   0.00731   0.01109   0.00000   0.01296   0.00000   0.01676   0.06532   0.03732   0.02439   0.07163   3.41956   1.29445  -0.16538   0.10133   2.57308  
 27 19.7899    757.696948  x:  0.00430   0.00734   0.00000   0.00000   0.00000   0.00000   0.00000   0.00000   0.00000   0.00580   0.00000   0.00000   0.00000   0.00000   0.00000   0.00000   0.00935   0.01551   0.01219   0.01048   0.00783   0.01208   0.00000   0.01445   0.00000   0.01707   0.06093   0.03632   0.02358   0.07078   3.64442   1.30451  -0.17560   0.10320   2.57311  
 28  8.0516    757.297009  x:  0.00385   0.00879   0.00000   0.00000   0.00000   0.00000   0.00000   0.00000   0.00000   0.00886   0.00000   0.00000   0.00000   0.00000   0.00000   0.00000   0.00933   0.01280   0.00868   0.01062   0.00707   0.01235   0.00000   0.01861   0.00000   0.01619   0.06627   0.03695   0.02410   0.08098   3.83471   1.20449  -0.07614   0.08010   2.57331  
 29  0.9339    757.091288  x:  0.00506   0.00832   0.00000   0.00000   0.00000   0.00000   0.00000   0.00000   0.00000   0.00848   0.00000   0.00000   0.00000   0.00000   0.00000   0.00000   0.00998   0.01372   0.00660   0.01151   0.00699   0.00770   0.00000   0.01824   0.00000   0.01596   0.06501   0.03562   0.02453   0.07884   3.92898   1.14433  -0.01551   0.06199   2.57317  
 30  2.2060    757.020433  x:  0.00504   0.00880   0.00000   0.00000   0.00000   0.00000   0.00000   0.00000   0.00000   0.00814   0.00000   0.00000   0.00000   0.00000   0.00000   0.00000   0.00990   0.01518   0.00829   0.01177   0.00675   0.00686   0.00000   0.01732   0.00000   0.01557   0.06672   0.03577   0.02452   0.08387   3.99546   1.10205   0.02689   0.05169   2.57314  
 31  1.2081    756.901810  x:  0.00356   0.00897   0.00000   0.00000   0.00000   0.00000   0.00000   0.00000   0.00000   0.00799   0.00000   0.00000   0.00000   0.00000   0.00000   0.00000   0.00916   0.01644   0.00698   0.01082   0.00691   0.00868   0.00000   0.01421   0.00000   0.01552   0.06645   0.03716   0.02429   0.08573   4.12683   1.02886   0.10029   0.03282   2.57308  
 32  2.4517    756.712027  x:  0.00109   0.00717   0.00000   0.00000   0.00000   0.00000   0.00000   0.00000   0.00000   0.00664   0.00000   0.00000   0.00000   0.00000   0.00000   0.00000   0.00746   0.01518   0.00790   0.00937   0.00751   0.00881   0.00000   0.01656   0.00000   0.01534   0.06181   0.03906   0.02343   0.08414   4.46753   0.94576   0.18305   0.00499   2.57319  
 33  0.8837    756.602515  x:  0.00018   0.00737   0.00000   0.00000   0.00000   0.00000   0.00000   0.00000   0.00000   0.00679   0.00000   0.00000   0.00000   0.00000   0.00000   0.00000   0.00695   0.01306   0.00796   0.00837   0.00738   0.00771   0.00000   0.01420   0.00000   0.01491   0.06207   0.03958   0.02346   0.08298   4.71060   1.01661   0.11248   0.01155   2.57310  
 34  0.7589    756.538990  x:  0.00000   0.00722   0.00000   0.00000   0.00000   0.00000   0.00000   0.00000   0.00000   0.00676   0.00000   0.00000   0.00000   0.00000   0.00000   0.00000   0.00692   0.01429   0.00762   0.00809   0.00732   0.00783   0.00000   0.01492   0.00000   0.01483   0.06336   0.03974   0.02350   0.08305   4.82631   1.04892   0.08007   0.01737   2.57314  
 35  0.9974    756.437087  x:  0.00024   0.00791   0.00000   0.00000   0.00000   0.00000   0.00000   0.00000   0.00000   0.00841   0.00000   0.00000   0.00000   0.00000   0.00000   0.00000   0.00798   0.01529   0.00809   0.00769   0.00791   0.00759   0.00000   0.01516   0.00000   0.01606   0.06489   0.03964   0.02431   0.07885   5.24709   1.02748   0.10146   0.02029   2.57315  
 36  0.8141    756.404964  x:  0.00000   0.00802   0.00000   0.00000   0.00000   0.00000   0.00000   0.00000   0.00000   0.00815   0.00000   0.00000   0.00000   0.00000   0.00000   0.00000   0.00788   0.01567   0.00775   0.00757   0.00797   0.00759   0.00000   0.01564   0.00000   0.01584   0.06489   0.04002   0.02366   0.08148   5.43148   1.05209   0.07675   0.02942   2.57318  
 37  0.2750    756.404964  x:  0.00000   0.00802   0.00000   0.00000   0.00000   0.00000   0.00000   0.00000   0.00000   0.00815   0.00000   0.00000   0.00000   0.00000   0.00000   0.00000   0.00788   0.01567   0.00775   0.00757   0.00797   0.00759   0.00000   0.01564   0.00000   0.01584   0.06489   0.04002   0.02366   0.08148   5.43148   1.05209   0.07675   0.02942   2.57318  
 38  0.2023    756.402253  x:  0.00002   0.00784   0.00000   0.00000   0.00000   0.00000   0.00000   0.00000   0.00000   0.00777   0.00000   0.00000   0.00000   0.00000   0.00000   0.00000   0.00777   0.01564   0.00777   0.00779   0.00775   0.00779   0.00000   0.01565   0.00000   0.01570   0.06485   0.04006   0.02368   0.08153   5.43149   1.05209   0.07676   0.02945   2.57318  
 39  9.0549    756.402025  x:  0.00009   0.00784   0.00000   0.00000   0.00000   0.00000   0.00000   0.00000   0.00000   0.00776   0.00000   0.00000   0.00000   0.00000   0.00000   0.00000   0.00777   0.01560   0.00776   0.00775   0.00775   0.00775   0.00000   0.01567   0.00000   0.01551   0.06476   0.04014   0.02372   0.08163   5.43150   1.05208   0.07676   0.02951   2.57318  
 40  1.7393    756.401920  x:  0.00013   0.00786   0.00000   0.00000   0.00000   0.00000   0.00000   0.00000   0.00000   0.00781   0.00000   0.00000   0.00000   0.00000   0.00000   0.00000   0.00777   0.01560   0.00777   0.00780   0.00777   0.00779   0.00000   0.01567   0.00000   0.01551   0.06463   0.04017   0.02373   0.08177   5.43152   1.05208   0.07677   0.02961   2.57318  
 41  1.1570    756.401802  x:  0.00014   0.00785   0.00000   0.00000   0.00000   0.00000   0.00000   0.00000   0.00000   0.00777   0.00000   0.00000   0.00000   0.00000   0.00000   0.00000   0.00777   0.01562   0.00777   0.00777   0.00776   0.00777   0.00000   0.01567   0.00000   0.01559   0.06446   0.04018   0.02374   0.08199   5.43155   1.05206   0.07678   0.02979   2.57318  
 42  1.9020    756.401753  x:  0.00006   0.00784   0.00000   0.00000   0.00000   0.00000   0.00000   0.00000   0.00000   0.00778   0.00000   0.00000   0.00000   0.00000   0.00000   0.00000   0.00777   0.01562   0.00776   0.00777   0.00776   0.00777   0.00000   0.01567   0.00000   0.01555   0.06445   0.04011   0.02371   0.08207   5.43158   1.05205   0.07680   0.02997   2.57318  
 43  0.6846    756.401691  x:  0.00005   0.00787   0.00000   0.00000   0.00000   0.00000   0.00000   0.00000   0.00000   0.00775   0.00000   0.00000   0.00000   0.00000   0.00000   0.00000   0.00781   0.01561   0.00780   0.00777   0.00778   0.00777   0.00000   0.01567   0.00000   0.01555   0.06452   0.04013   0.02371   0.08211   5.43165   1.05202   0.07682   0.03033   2.57318  
 44  0.8191    756.401553  x:  0.00004   0.00785   0.00000   0.00000   0.00000   0.00000   0.00000   0.00000   0.00000   0.00779   0.00000   0.00000   0.00000   0.00000   0.00000   0.00000   0.00777   0.01562   0.00777   0.00778   0.00776   0.00777   0.00000   0.01567   0.00000   0.01557   0.06469   0.04023   0.02373   0.08217   5.43182   1.05197   0.07688   0.03116   2.57318  
 45  4.0344    756.401523  x:  0.00002   0.00785   0.00000   0.00000   0.00000   0.00000   0.00000   0.00000   0.00000   0.00779   0.00000   0.00000   0.00000   0.00000   0.00000   0.00000   0.00778   0.01566   0.00777   0.00778   0.00777   0.00777   0.00000   0.01571   0.00000   0.01557   0.06462   0.04023   0.02374   0.08207   5.43188   1.05196   0.07688   0.03137   2.57318  
 46  0.4994    756.401510  x:  0.00001   0.00786   0.00000   0.00000   0.00000   0.00000   0.00000   0.00000   0.00000   0.00778   0.00000   0.00000   0.00000   0.00000   0.00000   0.00000   0.00777   0.01563   0.00777   0.00777   0.00776   0.00777   0.00000   0.01568   0.00000   0.01557   0.06458   0.04024   0.02374   0.08201   5.43192   1.05196   0.07688   0.03146   2.57318  
 47  0.7443    756.401509  x:  0.00000   0.00785   0.00000   0.00000   0.00000   0.00000   0.00000   0.00000   0.00000   0.00779   0.00000   0.00000   0.00000   0.00000   0.00000   0.00000   0.00778   0.01562   0.00777   0.00778   0.00776   0.00777   0.00000   0.01568   0.00000   0.01557   0.06457   0.04025   0.02374   0.08200   5.43193   1.05196   0.07688   0.03147   2.57318  
 48  0.2921    756.401506  x:  0.00000   0.00786   0.00000   0.00000   0.00000   0.00000   0.00000   0.00000   0.00000   0.00778   0.00000   0.00000   0.00000   0.00000   0.00000   0.00000   0.00778   0.01563   0.00777   0.00777   0.00777   0.00777   0.00000   0.01568   0.00000   0.01557   0.06456   0.04027   0.02371   0.08200   5.43199   1.05198   0.07687   0.03148   2.57318  
 49  0.1166    756.401499  x:  0.00000   0.00786   0.00000   0.00000   0.00000   0.00000   0.00000   0.00000   0.00000   0.00779   0.00000   0.00000   0.00000   0.00000   0.00000   0.00000   0.00779   0.01563   0.00778   0.00778   0.00775   0.00776   0.00000   0.01568   0.00000   0.01557   0.06456   0.04030   0.02372   0.08199   5.43218   1.05204   0.07681   0.03150   2.57318  
 50  0.2828    756.401469  x:  0.00000   0.00786   0.00000   0.00000   0.00000   0.00000   0.00000   0.00000   0.00000   0.00779   0.00000   0.00000   0.00000   0.00000   0.00000   0.00000   0.00778   0.01562   0.00778   0.00777   0.00777   0.00777   0.00000   0.01569   0.00000   0.01557   0.06454   0.04039   0.02378   0.08199   5.43298   1.05229   0.07655   0.03159   2.57318  
 51  2.4734    756.401388  x:  0.00000   0.00786   0.00000   0.00000   0.00000   0.00000   0.00000   0.00000   0.00000   0.00779   0.00000   0.00000   0.00000   0.00000   0.00000   0.00000   0.00778   0.01570   0.00778   0.00778   0.00777   0.00776   0.00000   0.01559   0.00000   0.01554   0.06454   0.04041   0.02380   0.08199   5.43522   1.05300   0.07585   0.03179   2.57318  
 52  1.7605    756.399775  x:  0.00000   0.00781   0.00000   0.00000   0.00000   0.00000   0.00000   0.00000   0.00000   0.00781   0.00000   0.00000   0.00000   0.00000   0.00000   0.00000   0.00788   0.01569   0.00776   0.00760   0.00769   0.00796   0.00000   0.01559   0.00000   0.01553   0.06452   0.04032   0.02376   0.08197   5.47968   1.06708   0.06177   0.03559   2.57319  
 53 17.7345    756.398332  x:  0.00000   0.00784   0.00000   0.00000   0.00000   0.00000   0.00000   0.00000   0.00000   0.00777   0.00000   0.00000   0.00000   0.00000   0.00000   0.00000   0.00777   0.01561   0.00776   0.00777   0.00775   0.00776   0.00000   0.01566   0.00000   0.01556   0.06451   0.04022   0.02370   0.08195   5.51937   1.07964   0.04920   0.03898   2.57319  
 54 369.5216    756.398331  x:  0.00000   0.00784   0.00000   0.00000   0.00000   0.00000   0.00000   0.00000   0.00000   0.00777   0.00000   0.00000   0.00000   0.00000   0.00000   0.00000   0.00776   0.01561   0.00777   0.00777   0.00775   0.00776   0.00000   0.01566   0.00000   0.01556   0.06451   0.04022   0.02370   0.08195   5.51941   1.07964   0.04921   0.03898   2.57319  
 55  0.1842    756.393737  x:  0.00000   0.00785   0.00000   0.00000   0.00000   0.00000   0.00000   0.00000   0.00000   0.00778   0.00000   0.00000   0.00000   0.00000   0.00000   0.00000   0.00777   0.01562   0.00777   0.00778   0.00776   0.00777   0.00000   0.01568   0.00000   0.01557   0.06461   0.04026   0.02374   0.08206   5.69227   1.05301   0.07583   0.03175   2.57319  
 56  0.5876    756.393726  x:  0.00000   0.00785   0.00000   0.00000   0.00000   0.00000   0.00000   0.00000   0.00000   0.00778   0.00000   0.00000   0.00000   0.00000   0.00000   0.00000   0.00777   0.01562   0.00777   0.00777   0.00776   0.00777   0.00000   0.01568   0.00000   0.01557   0.06460   0.04026   0.02374   0.08206   5.69616   1.05423   0.07460   0.03228   2.57319  
 57  0.0041    756.393726  x:  0.00000   0.00785   0.00000   0.00000   0.00000   0.00000   0.00000   0.00000   0.00000   0.00778   0.00000   0.00000   0.00000   0.00000   0.00000   0.00000   0.00777   0.01562   0.00777   0.00777   0.00776   0.00777   0.00000   0.01568   0.00000   0.01557   0.06460   0.04026   0.02374   0.08206   5.69626   1.05423   0.07460   0.03228   2.57319  