Supplemental results for CODEML (seqf: /Users/YY/Desktop/get/branch_site/modify/modify_trim_muscle_clpP.fa  treef: /Users/YY/Desktop/get/branch_site/16gene_topu.tree)


dN/dS (w) for site classes (K=4)

site class             0        1       2a       2b
proportion       0.99999  0.00000  0.00001  0.00000
background w     0.03379  1.00000  0.03379  1.00000
foreground w     0.03379  1.00000  1.00000  1.00000

Naive Empirical Bayes (NEB) probabilities for 4 classes
(amino acids refer to 1st sequence: NC_029392)

   1 M   0.99999 0.00000 0.00001 0.00000 ( 1)
   2 P   0.99999 0.00000 0.00001 0.00000 ( 1)
   3 I   0.99999 0.00000 0.00001 0.00000 ( 1)
   4 G   0.99999 0.00000 0.00001 0.00000 ( 1)
   5 V   0.99999 0.00000 0.00001 0.00000 ( 1)
   6 P   0.99999 0.00000 0.00001 0.00000 ( 1)
   7 K   0.99999 0.00000 0.00001 0.00000 ( 1)
   8 V   0.99999 0.00000 0.00001 0.00000 ( 1)
   9 P   0.99999 0.00000 0.00001 0.00000 ( 1)
  10 F   0.99999 0.00000 0.00001 0.00000 ( 1)
  11 R   0.99999 0.00000 0.00001 0.00000 ( 1)
  12 S   0.99999 0.00000 0.00001 0.00000 ( 1)
  13 P   0.99999 0.00000 0.00001 0.00000 ( 1)
  14 G   0.99999 0.00000 0.00001 0.00000 ( 1)
  15 E   0.99999 0.00000 0.00001 0.00000 ( 1)
  16 E   0.99999 0.00000 0.00001 0.00000 ( 1)
  17 D   0.99999 0.00000 0.00001 0.00000 ( 1)
  18 A   0.99999 0.00000 0.00001 0.00000 ( 1)
  19 S   0.99999 0.00000 0.00001 0.00000 ( 1)
  20 W   0.99999 0.00000 0.00001 0.00000 ( 1)
  21 V   0.99999 0.00000 0.00001 0.00000 ( 1)
  22 D   0.99999 0.00000 0.00001 0.00000 ( 1)
  23 V   0.99999 0.00000 0.00001 0.00000 ( 1)
  24 N   0.99999 0.00000 0.00001 0.00000 ( 1)
  25 R   0.99999 0.00000 0.00001 0.00000 ( 1)
  26 L   0.99999 0.00000 0.00001 0.00000 ( 1)
  27 Y   0.99999 0.00000 0.00001 0.00000 ( 1)
  28 R   0.99999 0.00000 0.00001 0.00000 ( 1)
  29 E   0.99999 0.00000 0.00001 0.00000 ( 1)
  30 R   0.99999 0.00000 0.00001 0.00000 ( 1)
  31 L   0.99999 0.00000 0.00001 0.00000 ( 1)
  32 L   0.99999 0.00000 0.00001 0.00000 ( 1)
  33 F   0.99999 0.00000 0.00001 0.00000 ( 1)
  34 L   0.99999 0.00000 0.00001 0.00000 ( 1)
  35 G   0.99999 0.00000 0.00001 0.00000 ( 1)
  36 Q   0.99999 0.00000 0.00001 0.00000 ( 1)
  37 E   0.99999 0.00000 0.00001 0.00000 ( 1)
  38 V   0.99999 0.00000 0.00001 0.00000 ( 1)
  39 D   0.99999 0.00000 0.00001 0.00000 ( 1)
  40 S   0.99999 0.00000 0.00001 0.00000 ( 1)
  41 E   0.99999 0.00000 0.00001 0.00000 ( 1)
  42 I   0.99999 0.00000 0.00001 0.00000 ( 1)
  43 S   0.99999 0.00000 0.00001 0.00000 ( 1)
  44 N   0.99999 0.00000 0.00001 0.00000 ( 1)
  45 Q   0.99999 0.00000 0.00001 0.00000 ( 1)
  46 L   0.99999 0.00000 0.00001 0.00000 ( 1)
  47 I   0.99999 0.00000 0.00001 0.00000 ( 1)
  48 G   0.99999 0.00000 0.00001 0.00000 ( 1)
  49 L   0.99999 0.00000 0.00001 0.00000 ( 1)
  50 M   0.99999 0.00000 0.00001 0.00000 ( 1)
  51 V   0.99999 0.00000 0.00001 0.00000 ( 1)
  52 Y   0.99999 0.00000 0.00001 0.00000 ( 1)
  53 L   0.99999 0.00000 0.00001 0.00000 ( 1)
  54 S   0.99999 0.00000 0.00001 0.00000 ( 1)
  55 I   0.99999 0.00000 0.00001 0.00000 ( 1)
  56 E   0.99999 0.00000 0.00001 0.00000 ( 1)
  57 N   0.99999 0.00000 0.00001 0.00000 ( 1)
  58 D   0.99999 0.00000 0.00001 0.00000 ( 1)
  59 T   0.99999 0.00000 0.00001 0.00000 ( 1)
  60 K   0.99999 0.00000 0.00001 0.00000 ( 1)
  61 D   0.99999 0.00000 0.00001 0.00000 ( 1)
  62 L   0.99999 0.00000 0.00001 0.00000 ( 1)
  63 Y   0.99999 0.00000 0.00001 0.00000 ( 1)
  64 L   0.99999 0.00000 0.00001 0.00000 ( 1)
  65 F   0.99999 0.00000 0.00001 0.00000 ( 1)
  66 I   0.99999 0.00000 0.00001 0.00000 ( 1)
  67 N   0.99999 0.00000 0.00001 0.00000 ( 1)
  68 S   0.99999 0.00000 0.00001 0.00000 ( 1)
  69 P   0.99999 0.00000 0.00001 0.00000 ( 1)
  70 G   0.99999 0.00000 0.00001 0.00000 ( 1)
  71 G   0.99999 0.00000 0.00001 0.00000 ( 1)
  72 W   0.99999 0.00000 0.00001 0.00000 ( 1)
  73 V   0.99999 0.00000 0.00001 0.00000 ( 1)
  74 I   0.99999 0.00000 0.00001 0.00000 ( 1)
  75 P   0.99999 0.00000 0.00001 0.00000 ( 1)
  76 G   0.99999 0.00000 0.00001 0.00000 ( 1)
  77 V   0.99999 0.00000 0.00001 0.00000 ( 1)
  78 A   0.99999 0.00000 0.00001 0.00000 ( 1)
  79 I   0.99999 0.00000 0.00001 0.00000 ( 1)
  80 Y   0.99999 0.00000 0.00001 0.00000 ( 1)
  81 D   0.99999 0.00000 0.00001 0.00000 ( 1)
  82 T   0.99999 0.00000 0.00001 0.00000 ( 1)
  83 M   0.99999 0.00000 0.00001 0.00000 ( 1)
  84 Q   0.99999 0.00000 0.00001 0.00000 ( 1)
  85 F   0.99999 0.00000 0.00001 0.00000 ( 1)
  86 V   0.99999 0.00000 0.00001 0.00000 ( 1)
  87 R   0.99999 0.00000 0.00001 0.00000 ( 1)
  88 P   0.99999 0.00000 0.00001 0.00000 ( 1)
  89 D   0.99999 0.00000 0.00001 0.00000 ( 1)
  90 V   0.99999 0.00000 0.00001 0.00000 ( 1)
  91 Q   0.99999 0.00000 0.00001 0.00000 ( 1)
  92 T   0.99999 0.00000 0.00001 0.00000 ( 1)
  93 I   0.99999 0.00000 0.00001 0.00000 ( 1)
  94 C   0.99999 0.00000 0.00001 0.00000 ( 1)
  95 M   0.99999 0.00000 0.00001 0.00000 ( 1)
  96 G   0.99999 0.00000 0.00001 0.00000 ( 1)
  97 L   0.99999 0.00000 0.00001 0.00000 ( 1)
  98 A   0.99999 0.00000 0.00001 0.00000 ( 1)
  99 A   0.99999 0.00000 0.00001 0.00000 ( 1)
 100 S   0.99999 0.00000 0.00001 0.00000 ( 1)
 101 M   0.99999 0.00000 0.00001 0.00000 ( 1)
 102 G   0.99999 0.00000 0.00001 0.00000 ( 1)
 103 S   0.99999 0.00000 0.00001 0.00000 ( 1)
 104 F   0.99999 0.00000 0.00001 0.00000 ( 1)
 105 I   0.99999 0.00000 0.00001 0.00000 ( 1)
 106 L   0.99999 0.00000 0.00001 0.00000 ( 1)
 107 A   0.99999 0.00000 0.00001 0.00000 ( 1)
 108 G   0.99999 0.00000 0.00001 0.00000 ( 1)
 109 G   0.99999 0.00000 0.00001 0.00000 ( 1)
 110 E   0.99999 0.00000 0.00001 0.00000 ( 1)
 111 I   0.99999 0.00000 0.00001 0.00000 ( 1)
 112 T   0.99999 0.00000 0.00001 0.00000 ( 1)
 113 K   0.99999 0.00000 0.00001 0.00000 ( 1)
 114 R   0.99999 0.00000 0.00001 0.00000 ( 1)
 115 L   0.99999 0.00000 0.00001 0.00000 ( 1)
 116 A   0.99999 0.00000 0.00001 0.00000 ( 1)
 117 F   0.99999 0.00000 0.00001 0.00000 ( 1)
 118 P   0.99999 0.00000 0.00001 0.00000 ( 1)
 119 H   0.99999 0.00000 0.00001 0.00000 ( 1)
 120 A   0.99999 0.00000 0.00001 0.00000 ( 1)
 121 R   0.99999 0.00000 0.00001 0.00000 ( 1)
 122 V   0.99999 0.00000 0.00001 0.00000 ( 1)
 123 M   0.99999 0.00000 0.00001 0.00000 ( 1)
 124 I   0.99999 0.00000 0.00001 0.00000 ( 1)
 125 H   0.99999 0.00000 0.00001 0.00000 ( 1)
 126 Q   0.99999 0.00000 0.00001 0.00000 ( 1)
 127 P   0.99999 0.00000 0.00001 0.00000 ( 1)
 128 A   0.99999 0.00000 0.00001 0.00000 ( 1)
 129 S   0.99999 0.00000 0.00001 0.00000 ( 1)
 130 S   0.99999 0.00000 0.00001 0.00000 ( 1)
 131 F   0.99999 0.00000 0.00001 0.00000 ( 1)
 132 Y   0.99999 0.00000 0.00001 0.00000 ( 1)
 133 E   0.99999 0.00000 0.00001 0.00000 ( 1)
 134 A   0.99999 0.00000 0.00001 0.00000 ( 1)
 135 Q   0.99999 0.00000 0.00001 0.00000 ( 1)
 136 T   0.99999 0.00000 0.00001 0.00000 ( 1)
 137 G   0.99999 0.00000 0.00001 0.00000 ( 1)
 138 E   0.99999 0.00000 0.00001 0.00000 ( 1)
 139 F   0.99999 0.00000 0.00001 0.00000 ( 1)
 140 I   0.99999 0.00000 0.00001 0.00000 ( 1)
 141 L   0.99999 0.00000 0.00001 0.00000 ( 1)
 142 E   0.99999 0.00000 0.00001 0.00000 ( 1)
 143 A   0.99999 0.00000 0.00001 0.00000 ( 1)
 144 E   0.99999 0.00000 0.00001 0.00000 ( 1)
 145 E   0.99999 0.00000 0.00001 0.00000 ( 1)
 146 L   0.99999 0.00000 0.00001 0.00000 ( 1)
 147 L   0.99999 0.00000 0.00001 0.00000 ( 1)
 148 K   0.99999 0.00000 0.00001 0.00000 ( 1)
 149 L   0.99999 0.00000 0.00001 0.00000 ( 1)
 150 R   0.99999 0.00000 0.00001 0.00000 ( 1)
 151 E   0.99999 0.00000 0.00001 0.00000 ( 1)
 152 T   0.99999 0.00000 0.00001 0.00000 ( 1)
 153 L   0.99999 0.00000 0.00001 0.00000 ( 1)
 154 T   0.99999 0.00000 0.00001 0.00000 ( 1)
 155 R   0.99999 0.00000 0.00001 0.00000 ( 1)
 156 V   0.99999 0.00000 0.00001 0.00000 ( 1)
 157 Y   0.99999 0.00000 0.00001 0.00000 ( 1)
 158 V   0.99999 0.00000 0.00001 0.00000 ( 1)
 159 Q   0.99999 0.00000 0.00001 0.00000 ( 1)
 160 R   0.99999 0.00000 0.00001 0.00000 ( 1)
 161 T   0.99999 0.00000 0.00001 0.00000 ( 1)
 162 D   0.99999 0.00000 0.00001 0.00000 ( 1)
 163 K   0.99999 0.00000 0.00001 0.00000 ( 1)
 164 P   0.99999 0.00000 0.00001 0.00000 ( 1)
 165 L   0.99999 0.00000 0.00001 0.00000 ( 1)
 166 W   0.99999 0.00000 0.00001 0.00000 ( 1)
 167 V   0.99999 0.00000 0.00001 0.00000 ( 1)
 168 V   0.99999 0.00000 0.00001 0.00000 ( 1)
 169 S   0.99999 0.00000 0.00001 0.00000 ( 1)
 170 E   0.99999 0.00000 0.00001 0.00000 ( 1)
 171 D   0.99999 0.00000 0.00001 0.00000 ( 1)
 172 M   0.99999 0.00000 0.00001 0.00000 ( 1)
 173 E   0.99999 0.00000 0.00001 0.00000 ( 1)
 174 R   0.99999 0.00000 0.00001 0.00000 ( 1)
 175 D   0.99999 0.00000 0.00001 0.00000 ( 1)
 176 V   0.99999 0.00000 0.00001 0.00000 ( 1)
 177 F   0.99999 0.00000 0.00001 0.00000 ( 1)
 178 M   0.99999 0.00000 0.00001 0.00000 ( 1)
 179 S   0.99999 0.00000 0.00001 0.00000 ( 1)
 180 A   0.99999 0.00000 0.00001 0.00000 ( 1)
 181 T   0.99999 0.00000 0.00001 0.00000 ( 1)
 182 E   0.99999 0.00000 0.00001 0.00000 ( 1)
 183 A   0.99999 0.00000 0.00001 0.00000 ( 1)
 184 Q   0.99999 0.00000 0.00001 0.00000 ( 1)
 185 A   0.99999 0.00000 0.00001 0.00000 ( 1)
 186 Y   0.99999 0.00000 0.00001 0.00000 ( 1)
 187 G   0.99999 0.00000 0.00001 0.00000 ( 1)
 188 I   0.99999 0.00000 0.00001 0.00000 ( 1)
 189 V   0.99999 0.00000 0.00001 0.00000 ( 1)
 190 D   0.99999 0.00000 0.00001 0.00000 ( 1)
 191 V   0.99999 0.00000 0.00001 0.00000 ( 1)
 192 V   0.99999 0.00000 0.00001 0.00000 ( 1)
 193 A   0.99999 0.00000 0.00001 0.00000 ( 1)
 194 V   0.99999 0.00000 0.00001 0.00000 ( 1)
 195 V   0.99999 0.00000 0.00001 0.00000 ( 1)
 196 E   0.99999 0.00000 0.00001 0.00000 ( 1)


lnL = -1039.258294

