

TREE # 1

  0  0.0000   1133.672112  x:  0.00000   0.00689   0.04189   0.01483   0.04284   0.04234   0.02066   0.02458   0.04490   0.01216   0.03744   0.01570   0.01475   0.00981   0.01786   0.03784   0.04369   0.01613   0.03973   0.02800   0.04784   0.02833   0.00821   0.01817   0.00572   0.05192   0.03163   0.04088   0.05602   0.02672   2.00000   1.09989   0.02896   0.27919  
  1 99.0000   1133.666165  x:  0.00000   0.00689   0.04189   0.01483   0.04283   0.04233   0.02065   0.02458   0.04490   0.01216   0.03744   0.01570   0.01475   0.00981   0.01786   0.03784   0.04368   0.01613   0.03973   0.02800   0.04784   0.02833   0.00821   0.01817   0.00572   0.05191   0.03163   0.04088   0.05602   0.02672   2.00000   1.09989   0.02896   0.27919  
  2 732.4603   1116.627024  x:  0.00000   0.00121   0.03853   0.01287   0.03716   0.03666   0.01477   0.01886   0.04019   0.00646   0.03407   0.00997   0.00902   0.00409   0.01703   0.03213   0.04077   0.01042   0.03713   0.02509   0.04416   0.02578   0.00249   0.01730   0.00000   0.04858   0.02872   0.03931   0.05253   0.02684   2.00000   1.10010   0.02875   0.27789  
  3 38138.5327   1113.075832  x:  0.00000   0.00000   0.03773   0.01231   0.03597   0.03545   0.01350   0.01765   0.03910   0.00525   0.03320   0.00876   0.00780   0.00288   0.01696   0.03093   0.04002   0.00922   0.03644   0.02421   0.04331   0.02506   0.00129   0.01721   0.00000   0.04776   0.02793   0.03913   0.05168   0.02643   2.00000   1.10013   0.02872   0.27729  
  4 32030.7342   1109.151812  x:  0.00000   0.00000   0.03685   0.01335   0.03455   0.03402   0.01188   0.01619   0.03758   0.00380   0.03205   0.00729   0.00633   0.00143   0.01714   0.02948   0.03903   0.00779   0.03565   0.02326   0.04229   0.02457   0.00000   0.01739   0.00000   0.04660   0.02711   0.03980   0.05046   0.02724   1.99999   1.10013   0.02873   0.27519  
  5 2695.4226   1105.945793  x:  0.00000   0.00000   0.03636   0.01319   0.03317   0.03261   0.01024   0.01476   0.03626   0.00238   0.03158   0.00585   0.00489   0.00000   0.01669   0.02806   0.03860   0.00638   0.03545   0.02361   0.04159   0.02484   0.00000   0.01696   0.00000   0.04583   0.02711   0.04029   0.04956   0.02713   1.99997   1.10012   0.02875   0.27254  
  6 2207.4435   1101.225303  x:  0.00000   0.00000   0.03549   0.01239   0.03085   0.03026   0.00748   0.01237   0.03456   0.00000   0.03128   0.00346   0.00249   0.00000   0.01718   0.02569   0.03832   0.00402   0.03529   0.02413   0.04049   0.02459   0.00000   0.01733   0.00000   0.04511   0.02700   0.04034   0.04863   0.02743   1.99994   1.10013   0.02875   0.26824  
  7 7393.9876   1096.917013  x:  0.00000   0.00000   0.03457   0.01245   0.02842   0.02783   0.00461   0.00989   0.03345   0.00000   0.03122   0.00098   0.00000   0.00000   0.01696   0.02325   0.03825   0.00157   0.03510   0.02409   0.03946   0.02384   0.00000   0.01720   0.00000   0.04487   0.02661   0.03996   0.04824   0.02727   1.99990   1.10018   0.02871   0.26410  
  8 9513.1814   1095.445521  x:  0.00000   0.00000   0.03432   0.01232   0.02745   0.02686   0.00347   0.00892   0.03325   0.00000   0.03107   0.00000   0.00000   0.00000   0.01694   0.02229   0.03813   0.00059   0.03494   0.02388   0.03918   0.02384   0.00000   0.01711   0.00000   0.04480   0.02644   0.03998   0.04817   0.02729   1.99989   1.10022   0.02867   0.26271  
  9 12094.2159   1094.665707  x:  0.00000   0.00000   0.03424   0.01227   0.02685   0.02628   0.00279   0.00834   0.03317   0.00000   0.03093   0.00000   0.00000   0.00000   0.01685   0.02172   0.03800   0.00000   0.03485   0.02385   0.03908   0.02374   0.00000   0.01716   0.00000   0.04468   0.02638   0.03996   0.04808   0.02729   1.99988   1.10025   0.02863   0.26195  
 10 14419.9946   1091.927317  x:  0.00000   0.00000   0.03394   0.01218   0.02441   0.02391   0.00000   0.00599   0.03274   0.00000   0.03045   0.00000   0.00000   0.00000   0.01710   0.01944   0.03758   0.00000   0.03459   0.02382   0.03872   0.02329   0.00000   0.01672   0.00000   0.04408   0.02615   0.03973   0.04751   0.02722   1.99983   1.10040   0.02847   0.25911  
 11 14312.6885   1086.280140  x:  0.00000   0.00000   0.03246   0.01182   0.01804   0.01776   0.00000   0.00000   0.03046   0.00000   0.03078   0.00000   0.00000   0.00000   0.01668   0.01363   0.03782   0.00000   0.03451   0.02255   0.03729   0.02357   0.00000   0.01689   0.00000   0.04298   0.02529   0.03925   0.04580   0.02713   1.99973   1.10080   0.02802   0.25295  
 12 3903.9875   1076.570017  x:  0.00000   0.00000   0.03002   0.01071   0.00332   0.00317   0.00000   0.00000   0.02516   0.00000   0.02941   0.00000   0.00000   0.00000   0.01598   0.00000   0.03707   0.00000   0.03185   0.02300   0.03352   0.02150   0.00000   0.01646   0.00000   0.04512   0.02470   0.04171   0.04670   0.02739   1.99953   1.10162   0.02712   0.24169  
 13 2049.1142   1075.086535  x:  0.00000   0.00000   0.02928   0.01070   0.00022   0.00000   0.00000   0.00000   0.02496   0.00000   0.02890   0.00000   0.00000   0.00000   0.01596   0.00000   0.03659   0.00000   0.03181   0.02324   0.03269   0.02167   0.00000   0.01650   0.00000   0.04511   0.02437   0.04153   0.04691   0.02730   1.99950   1.10175   0.02699   0.23943  
 14 2133.6190   1075.032212  x:  0.00000   0.00000   0.02926   0.01069   0.00000   0.00000   0.00000   0.00000   0.02497   0.00000   0.02890   0.00000   0.00000   0.00000   0.01595   0.00000   0.03658   0.00000   0.03180   0.02323   0.03265   0.02166   0.00000   0.01650   0.00000   0.04509   0.02437   0.04155   0.04690   0.02730   1.99950   1.10176   0.02698   0.23930  
 15 1698.7942   1070.731488  x:  0.00000   0.00000   0.03539   0.00951   0.00000   0.00000   0.00000   0.00000   0.01763   0.00000   0.02856   0.00000   0.00000   0.00000   0.01512   0.00000   0.04144   0.00000   0.00989   0.02363   0.03558   0.02312   0.00000   0.01656   0.00000   0.04092   0.01114   0.03417   0.03479   0.02644   1.99887   1.10984   0.01944   0.20360  
 16 148.9581   1068.210783  x:  0.00000   0.00000   0.04426   0.00805   0.00000   0.00000   0.00000   0.00000   0.00421   0.00000   0.02060   0.00000   0.00000   0.00000   0.01425   0.00000   0.04053   0.00000   0.01410   0.01659   0.04181   0.02141   0.00000   0.01608   0.00000   0.04375   0.00689   0.02842   0.02775   0.02653   1.99842   1.11744   0.01224   0.18591  
 17 173.9533   1067.962393  x:  0.00000   0.00000   0.04500   0.00827   0.00000   0.00000   0.00000   0.00000   0.00271   0.00000   0.01919   0.00000   0.00000   0.00000   0.01437   0.00000   0.04008   0.00000   0.01316   0.01481   0.04203   0.02178   0.00000   0.01624   0.00000   0.04514   0.00965   0.02631   0.02604   0.02628   1.99835   1.11894   0.01078   0.18389  
 18 139.9208   1067.584700  x:  0.00000   0.00000   0.04644   0.00832   0.00000   0.00000   0.00000   0.00000   0.00402   0.00000   0.01657   0.00000   0.00000   0.00000   0.01438   0.00000   0.04007   0.00000   0.01343   0.01407   0.03965   0.02183   0.00000   0.01632   0.00000   0.05200   0.01048   0.02511   0.01780   0.02619   1.99814   1.12360   0.00614   0.17842  
 19 83.7454   1065.695797  x:  0.00000   0.00000   0.05457   0.00955   0.00000   0.00000   0.00000   0.00000   0.00311   0.00000   0.03195   0.00000   0.00000   0.00000   0.01493   0.00000   0.01948   0.00000   0.01359   0.01701   0.02388   0.02318   0.00000   0.01697   0.00000   0.05854   0.00950   0.02516   0.01273   0.02555   1.99588   1.17912  -0.04959   0.13479  
 20 41.4026   1060.673280  x:  0.00000   0.00000   0.05872   0.01217   0.00000   0.00000   0.00000   0.00000   0.00292   0.00000   0.02888   0.00000   0.00000   0.00000   0.01595   0.00000   0.02197   0.00000   0.01392   0.02389   0.00344   0.02575   0.00000   0.01832   0.00000   0.05953   0.00914   0.02631   0.01401   0.02439   1.99134   1.28855  -0.15956   0.04007  
 21 342.2726   1058.351786  x:  0.00000   0.00000   0.05554   0.01307   0.00000   0.00000   0.00000   0.00000   0.00276   0.00000   0.02871   0.00000   0.00000   0.00000   0.01627   0.00000   0.02080   0.00000   0.01389   0.02669   0.00204   0.02658   0.00000   0.01881   0.00000   0.06147   0.00890   0.02712   0.01350   0.02399   1.98954   1.33127  -0.20252   0.00000  
 22 2116.2727   1052.881545  x:  0.00000   0.00000   0.00712   0.01078   0.00000   0.00000   0.00000   0.00000   0.00166   0.00000   0.02367   0.00000   0.00000   0.00000   0.01423   0.00000   0.02283   0.00000   0.01357   0.04318   0.00241   0.02462   0.00000   0.01583   0.00000   0.05452   0.00837   0.03312   0.00879   0.02809   1.98978   1.34406  -0.21550   0.00000  
 23 28.2868   1049.124684  x:  0.00000   0.00000   0.00250   0.00829   0.00000   0.00000   0.00000   0.00000   0.00269   0.00000   0.01565   0.00000   0.00000   0.00000   0.01125   0.00000   0.01168   0.00000   0.01332   0.04268   0.00389   0.02498   0.00000   0.01365   0.00000   0.04214   0.00882   0.01794   0.01300   0.03281   1.98439   1.48000  -0.35381   0.00000  
 24 68.7966   1048.269185  x:  0.01434   0.00000   0.00143   0.00760   0.00000   0.00000   0.00000   0.00000   0.00296   0.00000   0.01338   0.00000   0.00000   0.00000   0.01045   0.00000   0.00866   0.00000   0.01326   0.04257   0.00432   0.02503   0.00000   0.01306   0.00000   0.03815   0.00896   0.01393   0.01405   0.03407   1.98278   1.51906  -0.39357   0.00000  
 25 462.4409   1046.146864  x:  0.02420   0.00000   0.00500   0.00620   0.00000   0.00000   0.00000   0.00000   0.00325   0.00000   0.00991   0.00000   0.00000   0.00000   0.00889   0.00000   0.00606   0.00000   0.01373   0.04406   0.00530   0.02378   0.00000   0.01174   0.00000   0.01825   0.00951   0.00769   0.01316   0.03680   1.97756   1.62543  -0.50237   0.00000  
 26 67.6980   1044.666292  x:  0.03259   0.00000   0.00469   0.00587   0.00000   0.00000   0.00000   0.00000   0.00344   0.00000   0.01347   0.00000   0.00000   0.00000   0.00880   0.00000   0.00869   0.00000   0.01407   0.04142   0.00577   0.02189   0.00000   0.00980   0.00000   0.01335   0.00954   0.00000   0.01243   0.03863   1.97015   1.71115  -0.58787   0.00000  
 27 19.1304   1041.821148  x:  0.02728   0.00000   0.00564   0.00421   0.00000   0.00000   0.00000   0.00000   0.00314   0.00000   0.01273   0.00000   0.00000   0.00000   0.01284   0.00000   0.00945   0.00000   0.01164   0.02081   0.00704   0.01026   0.00000   0.00910   0.00000   0.02373   0.00804   0.00000   0.01229   0.03466   1.91982   1.97515  -0.84942   0.00000  
 28  8.3416   1041.810721  x:  0.02719   0.00000   0.00565   0.00422   0.00000   0.00000   0.00000   0.00000   0.00313   0.00000   0.01270   0.00000   0.00000   0.00000   0.01287   0.00000   0.00946   0.00000   0.01162   0.02062   0.00705   0.01017   0.00000   0.00912   0.00000   0.02377   0.00802   0.00199   0.01228   0.03459   1.91917   1.97722  -0.85146   0.00000  
 29 14.7341   1041.602548  x:  0.02248   0.00000   0.00535   0.00580   0.00000   0.00000   0.00000   0.00000   0.00309   0.00000   0.01117   0.00000   0.00000   0.00000   0.01383   0.00000   0.00961   0.00000   0.01157   0.01747   0.00720   0.00997   0.00000   0.01131   0.00000   0.02097   0.00783   0.00582   0.01191   0.03137   1.89807   1.99023  -0.86317   0.00000  
 30  2.2763   1041.592629  x:  0.02245   0.00000   0.00535   0.00581   0.00000   0.00000   0.00000   0.00000   0.00309   0.00000   0.01116   0.00000   0.00000   0.00000   0.01380   0.00000   0.00963   0.00000   0.01157   0.01740   0.00720   0.00999   0.00000   0.01134   0.00000   0.02096   0.00783   0.00584   0.01191   0.03137   1.89705   1.99059  -0.86347   0.00275  
 31  5.3669   1041.214335  x:  0.02389   0.00000   0.00572   0.00535   0.00000   0.00000   0.00000   0.00000   0.00331   0.00000   0.01103   0.00000   0.00000   0.00000   0.00993   0.00000   0.01096   0.00000   0.01214   0.01358   0.00700   0.01288   0.00000   0.01324   0.00000   0.02325   0.00822   0.00427   0.01282   0.03412   1.80800   2.01909  -0.88740   0.00375  
 32  2.4562   1040.960395  x:  0.02761   0.00000   0.00589   0.00578   0.00000   0.00000   0.00000   0.00000   0.00362   0.00000   0.01024   0.00000   0.00000   0.00000   0.00833   0.00000   0.01206   0.00000   0.01322   0.01671   0.00680   0.00980   0.00000   0.01492   0.00000   0.02369   0.00903   0.00052   0.01408   0.03545   1.70967   2.02350  -0.89200   0.00427  
 33  1.9709   1040.514508  x:  0.02769   0.00000   0.00602   0.00543   0.00000   0.00000   0.00000   0.00000   0.00423   0.00000   0.00796   0.00000   0.00000   0.00000   0.01235   0.00000   0.01339   0.00000   0.01533   0.01662   0.00625   0.01119   0.00000   0.01356   0.00000   0.02207   0.01050   0.00069   0.01615   0.03641   1.48699   2.01991  -0.89071   0.00409  
 34  2.8596   1040.464737  x:  0.02836   0.00000   0.00606   0.00578   0.00000   0.00000   0.00000   0.00000   0.00429   0.00000   0.00843   0.00000   0.00000   0.00000   0.01241   0.00000   0.01333   0.00000   0.01553   0.01652   0.00625   0.01123   0.00000   0.01331   0.00000   0.02216   0.01061   0.00000   0.01632   0.03648   1.47824   2.02325  -0.89413   0.00436  
 35  0.5201   1040.464737  x:  0.02836   0.00000   0.00606   0.00578   0.00000   0.00000   0.00000   0.00000   0.00429   0.00000   0.00843   0.00000   0.00000   0.00000   0.01241   0.00000   0.01333   0.00000   0.01553   0.01652   0.00625   0.01123   0.00000   0.01331   0.00000   0.02216   0.01061   0.00000   0.01632   0.03648   1.47824   2.02325  -0.89413   0.00436  
 36  0.2857   1040.162452  x:  0.02841   0.00000   0.00712   0.00575   0.00000   0.00000   0.00000   0.00000   0.00722   0.00000   0.01167   0.00000   0.00000   0.00000   0.01177   0.00000   0.01587   0.00000   0.01654   0.01637   0.00708   0.01142   0.00000   0.01209   0.00000   0.02030   0.01133   0.00002   0.01685   0.03635   1.47825   2.02330  -0.89417   0.00432  
 37 115.9547   1040.125002  x:  0.02839   0.00000   0.00718   0.00576   0.00000   0.00000   0.00000   0.00000   0.00674   0.00000   0.01185   0.00000   0.00000   0.00000   0.01166   0.00000   0.01630   0.00000   0.01676   0.01628   0.00717   0.01145   0.00000   0.01185   0.00000   0.01974   0.01143   0.00000   0.01698   0.03630   1.47826   2.02331  -0.89419   0.00433  
 38 52.2516   1040.115802  x:  0.02829   0.00000   0.00706   0.00574   0.00000   0.00000   0.00000   0.00000   0.00703   0.00000   0.01130   0.00000   0.00000   0.00000   0.01175   0.00000   0.01635   0.00000   0.01689   0.01604   0.00702   0.01142   0.00000   0.01197   0.00000   0.01866   0.01129   0.00000   0.01711   0.03617   1.47829   2.02339  -0.89426   0.00436  
 39 15.0671   1040.115225  x:  0.02824   0.00000   0.00712   0.00577   0.00000   0.00000   0.00000   0.00000   0.00701   0.00000   0.01140   0.00000   0.00000   0.00000   0.01176   0.00000   0.01618   0.00000   0.01681   0.01607   0.00711   0.01141   0.00000   0.01203   0.00000   0.01849   0.01129   0.00000   0.01708   0.03609   1.47832   2.02347  -0.89434   0.00437  
 40  3.5675   1040.115003  x:  0.02818   0.00000   0.00712   0.00568   0.00000   0.00000   0.00000   0.00000   0.00700   0.00000   0.01143   0.00000   0.00000   0.00000   0.01174   0.00000   0.01614   0.00000   0.01677   0.01605   0.00705   0.01142   0.00000   0.01200   0.00000   0.01848   0.01131   0.00000   0.01706   0.03599   1.47838   2.02363  -0.89450   0.00438  
 41  1.8009   1040.114335  x:  0.02799   0.00000   0.00707   0.00581   0.00000   0.00000   0.00000   0.00000   0.00701   0.00000   0.01142   0.00000   0.00000   0.00000   0.01171   0.00000   0.01616   0.00000   0.01673   0.01602   0.00702   0.01143   0.00000   0.01191   0.00000   0.01851   0.01132   0.00000   0.01702   0.03569   1.47861   2.02426  -0.89514   0.00440  
 42  5.1671   1040.112670  x:  0.02781   0.00000   0.00712   0.00569   0.00000   0.00000   0.00000   0.00000   0.00701   0.00000   0.01131   0.00000   0.00000   0.00000   0.01175   0.00000   0.01628   0.00000   0.01679   0.01603   0.00727   0.01140   0.00000   0.01198   0.00000   0.01861   0.01126   0.00000   0.01705   0.03526   1.47927   2.02602  -0.89690   0.00445  
 43 11.5614   1040.106950  x:  0.02778   0.00000   0.00761   0.00581   0.00000   0.00000   0.00000   0.00000   0.00694   0.00000   0.01131   0.00000   0.00000   0.00000   0.01189   0.00000   0.01635   0.00000   0.01704   0.01595   0.00701   0.01136   0.00000   0.01231   0.00000   0.01872   0.01122   0.00000   0.01727   0.03485   1.48164   2.03237  -0.90324   0.00466  
 44 28.0541   1040.032292  x:  0.02878   0.00000   0.00619   0.00570   0.00000   0.00000   0.00000   0.00000   0.00661   0.00000   0.01210   0.00000   0.00000   0.00000   0.01193   0.00000   0.01566   0.00000   0.01805   0.01482   0.00684   0.01151   0.00000   0.01301   0.00000   0.01875   0.01160   0.00000   0.01853   0.03383   1.51232   2.11451  -0.98538   0.00799  
 45 146.3771   1039.750486  x:  0.03103   0.00000   0.00725   0.00562   0.00000   0.00000   0.00000   0.00000   0.00607   0.00000   0.01052   0.00000   0.00000   0.00000   0.01067   0.00000   0.01513   0.00000   0.01699   0.01582   0.00712   0.01143   0.00000   0.01002   0.00000   0.01756   0.01130   0.00000   0.01822   0.03349   1.62509   2.41659  -1.28746   0.02180  
 46 1248.7775   1039.649630  x:  0.02961   0.00000   0.00666   0.00558   0.00000   0.00000   0.00000   0.00000   0.00555   0.00000   0.01089   0.00000   0.00000   0.00000   0.01151   0.00000   0.01679   0.00000   0.01583   0.01648   0.00669   0.01126   0.00000   0.01119   0.00000   0.01689   0.01111   0.00000   0.01630   0.03463   1.66668   2.52819  -1.39906   0.02668  
 47 1413.1182   1039.621075  x:  0.02723   0.00000   0.00699   0.00557   0.00000   0.00000   0.00000   0.00000   0.00551   0.00000   0.01069   0.00000   0.00000   0.00000   0.01121   0.00000   0.01639   0.00000   0.01656   0.01612   0.00699   0.01141   0.00000   0.01109   0.00000   0.01689   0.01139   0.00000   0.01622   0.03612   1.67828   2.55965  -1.43052   0.02679  
 48 249.2317   1039.616974  x:  0.02699   0.00000   0.00703   0.00556   0.00000   0.00000   0.00000   0.00000   0.00547   0.00000   0.01076   0.00000   0.00000   0.00000   0.01140   0.00000   0.01643   0.00000   0.01620   0.01595   0.00702   0.01124   0.00000   0.01090   0.00000   0.01687   0.01104   0.00000   0.01651   0.03633   1.67987   2.56421  -1.43508   0.02615  
 49 51.1480   1039.614832  x:  0.02709   0.00000   0.00704   0.00556   0.00000   0.00000   0.00000   0.00000   0.00547   0.00000   0.01066   0.00000   0.00000   0.00000   0.01127   0.00000   0.01653   0.00000   0.01598   0.01600   0.00702   0.01133   0.00000   0.01097   0.00000   0.01680   0.01125   0.00000   0.01643   0.03633   1.68060   2.56663  -1.43750   0.02534  
 50 22.8986   1039.614343  x:  0.02715   0.00000   0.00701   0.00556   0.00000   0.00000   0.00000   0.00000   0.00547   0.00000   0.01068   0.00000   0.00000   0.00000   0.01130   0.00000   0.01650   0.00000   0.01612   0.01610   0.00698   0.01131   0.00000   0.01093   0.00000   0.01677   0.01117   0.00000   0.01627   0.03630   1.68069   2.56721  -1.43808   0.02509  
 51  8.0970   1039.612559  x:  0.02714   0.00000   0.00701   0.00556   0.00000   0.00000   0.00000   0.00000   0.00547   0.00000   0.01068   0.00000   0.00000   0.00000   0.01130   0.00000   0.01650   0.00000   0.01610   0.01611   0.00698   0.01130   0.00000   0.01093   0.00000   0.01677   0.01120   0.00081   0.01631   0.03630   1.68056   2.56724  -1.43811   0.02513  
 52  4.4100   1039.612381  x:  0.02711   0.00000   0.00697   0.00556   0.00000   0.00000   0.00000   0.00000   0.00547   0.00000   0.01068   0.00000   0.00000   0.00000   0.01127   0.00000   0.01650   0.00000   0.01610   0.01627   0.00695   0.01132   0.00000   0.01095   0.00000   0.01676   0.01118   0.00085   0.01640   0.03630   1.68045   2.56736  -1.43823   0.02513  
 53  1.7943   1039.611560  x:  0.02709   0.00000   0.00696   0.00556   0.00000   0.00000   0.00000   0.00000   0.00548   0.00000   0.01066   0.00000   0.00000   0.00000   0.01149   0.00000   0.01649   0.00000   0.01612   0.01636   0.00694   0.01123   0.00000   0.01086   0.00000   0.01675   0.01137   0.00085   0.01645   0.03630   1.67909   2.56878  -1.43966   0.02514  
 54  1.7697   1039.473642  x:  0.02688   0.00000   0.00723   0.00554   0.00000   0.00000   0.00000   0.00000   0.00572   0.00000   0.01117   0.00000   0.00000   0.00000   0.01117   0.00000   0.01715   0.00000   0.01620   0.01623   0.00713   0.01150   0.00000   0.01045   0.00000   0.01616   0.01134   0.00096   0.01643   0.03628   1.45584   2.79688  -1.66775   0.02945  
 55 35.4366   1039.473399  x:  0.02688   0.00000   0.00722   0.00554   0.00000   0.00000   0.00000   0.00000   0.00572   0.00000   0.01118   0.00000   0.00000   0.00000   0.01109   0.00000   0.01716   0.00000   0.01620   0.01623   0.00712   0.01135   0.00000   0.01047   0.00000   0.01616   0.01136   0.00096   0.01643   0.03628   1.45544   2.79731  -1.66818   0.02946  
 56 11.4645   1039.373509  x:  0.02614   0.00000   0.00762   0.00570   0.00000   0.00000   0.00000   0.00000   0.00609   0.00000   0.01219   0.00000   0.00000   0.00000   0.01145   0.00000   0.01777   0.00000   0.01762   0.01537   0.00742   0.01133   0.00000   0.01169   0.00000   0.01773   0.01140   0.00139   0.01747   0.03524   1.51983   3.11892  -1.98976   0.03222  
 57  0.2548   1039.347269  x:  0.02608   0.00000   0.00731   0.00570   0.00000   0.00000   0.00000   0.00000   0.00521   0.00000   0.01139   0.00000   0.00000   0.00000   0.01157   0.00000   0.01705   0.00000   0.01754   0.01534   0.00722   0.01130   0.00000   0.01188   0.00000   0.01797   0.01125   0.00151   0.01750   0.03499   1.49742   3.24454  -2.11536   0.03285  
 58  0.3312   1039.301922  x:  0.02585   0.00000   0.00678   0.00559   0.00000   0.00000   0.00000   0.00000   0.00590   0.00000   0.01108   0.00000   0.00000   0.00000   0.01125   0.00000   0.01667   0.00000   0.01682   0.01563   0.00700   0.01128   0.00000   0.01107   0.00000   0.01655   0.01123   0.00188   0.01700   0.03512   1.50505   3.60945  -2.48025   0.03360  
 59  0.3306   1039.279327  x:  0.02546   0.00000   0.00729   0.00562   0.00000   0.00000   0.00000   0.00000   0.00554   0.00000   0.01170   0.00000   0.00000   0.00000   0.01134   0.00000   0.01715   0.00000   0.01705   0.01563   0.00722   0.01135   0.00000   0.01120   0.00000   0.01731   0.01146   0.00221   0.01716   0.03535   1.49337   3.93320  -2.80396   0.03231  
 60  0.2245   1039.271108  x:  0.02512   0.00000   0.00730   0.00564   0.00000   0.00000   0.00000   0.00000   0.00556   0.00000   0.01156   0.00000   0.00000   0.00000   0.01139   0.00000   0.01716   0.00000   0.01708   0.01560   0.00721   0.01132   0.00000   0.01131   0.00000   0.01733   0.01136   0.00253   0.01713   0.03532   1.49572   4.23199  -3.10272   0.03448  
 61  0.3842   1039.264432  x:  0.02482   0.00000   0.00706   0.00564   0.00000   0.00000   0.00000   0.00000   0.00571   0.00000   0.01118   0.00000   0.00000   0.00000   0.01141   0.00000   0.01692   0.00000   0.01708   0.01550   0.00711   0.01127   0.00000   0.01140   0.00000   0.01701   0.01120   0.00284   0.01714   0.03517   1.50568   4.57774  -3.44843   0.03368  
 62  0.2933   1039.260774  x:  0.02435   0.00000   0.00713   0.00561   0.00000   0.00000   0.00000   0.00000   0.00562   0.00000   0.01155   0.00000   0.00000   0.00000   0.01130   0.00000   0.01707   0.00000   0.01702   0.01566   0.00715   0.01133   0.00000   0.01118   0.00000   0.01712   0.01140   0.00333   0.01710   0.03525   1.49819   5.02601  -3.89665   0.03380  
 63  0.2790   1039.259312  x:  0.02389   0.00000   0.00719   0.00564   0.00000   0.00000   0.00000   0.00000   0.00566   0.00000   0.01135   0.00000   0.00000   0.00000   0.01142   0.00000   0.01701   0.00000   0.01707   0.01554   0.00716   0.01129   0.00000   0.01137   0.00000   0.01718   0.01127   0.00377   0.01715   0.03527   1.49842   5.47497  -4.34555   0.03378  
 64  0.2676   1039.258719  x:  0.02347   0.00000   0.00713   0.00562   0.00000   0.00000   0.00000   0.00000   0.00563   0.00000   0.01143   0.00000   0.00000   0.00000   0.01133   0.00000   0.01704   0.00000   0.01705   0.01559   0.00715   0.01131   0.00000   0.01125   0.00000   0.01707   0.01133   0.00420   0.01712   0.03522   1.50276   5.90623  -4.77675   0.03380  
 65  0.2648   1039.258479  x:  0.02304   0.00000   0.00715   0.00563   0.00000   0.00000   0.00000   0.00000   0.00566   0.00000   0.01142   0.00000   0.00000   0.00000   0.01137   0.00000   0.01702   0.00000   0.01704   0.01560   0.00715   0.01131   0.00000   0.01129   0.00000   0.01717   0.01132   0.00463   0.01712   0.03526   1.49730   6.32545  -5.19592   0.03378  
 66  0.2714   1039.258373  x:  0.02258   0.00000   0.00716   0.00563   0.00000   0.00000   0.00000   0.00000   0.00563   0.00000   0.01141   0.00000   0.00000   0.00000   0.01137   0.00000   0.01703   0.00000   0.01706   0.01556   0.00716   0.01130   0.00000   0.01130   0.00000   0.01710   0.01131   0.00508   0.01714   0.03524   1.50125   6.78009  -5.65050   0.03380  
 67  0.2798   1039.258328  x:  0.02221   0.00000   0.00714   0.00563   0.00000   0.00000   0.00000   0.00000   0.00565   0.00000   0.01141   0.00000   0.00000   0.00000   0.01135   0.00000   0.01703   0.00000   0.01704   0.01560   0.00715   0.01131   0.00000   0.01128   0.00000   0.01714   0.01132   0.00546   0.01712   0.03524   1.49964   7.15063  -6.02099   0.03378  
 68  0.2483   1039.258308  x:  0.02172   0.00000   0.00716   0.00563   0.00000   0.00000   0.00000   0.00000   0.00564   0.00000   0.01142   0.00000   0.00000   0.00000   0.01137   0.00000   0.01703   0.00000   0.01706   0.01557   0.00715   0.01131   0.00000   0.01130   0.00000   0.01712   0.01132   0.00594   0.01713   0.03525   1.49958   7.63059  -6.50089   0.03379  
 69  0.2531   1039.258300  x:  0.02133   0.00000   0.00714   0.00563   0.00000   0.00000   0.00000   0.00000   0.00564   0.00000   0.01141   0.00000   0.00000   0.00000   0.01136   0.00000   0.01703   0.00000   0.01705   0.01559   0.00715   0.01131   0.00000   0.01129   0.00000   0.01714   0.01132   0.00634   0.01712   0.03524   1.50018   8.02126  -6.89152   0.03379  
 70  0.2542   1039.258296  x:  0.02089   0.00000   0.00715   0.00563   0.00000   0.00000   0.00000   0.00000   0.00565   0.00000   0.01141   0.00000   0.00000   0.00000   0.01136   0.00000   0.01703   0.00000   0.01705   0.01558   0.00715   0.01131   0.00000   0.01129   0.00000   0.01712   0.01132   0.00678   0.01713   0.03524   1.49953   8.46412  -7.33432   0.03379  
 71  0.2458   1039.258295  x:  0.02042   0.00000   0.00715   0.00563   0.00000   0.00000   0.00000   0.00000   0.00564   0.00000   0.01141   0.00000   0.00000   0.00000   0.01136   0.00000   0.01703   0.00000   0.01705   0.01558   0.00715   0.01131   0.00000   0.01129   0.00000   0.01713   0.01132   0.00725   0.01713   0.03525   1.50009   8.92228  -7.79242   0.03379  
 72  0.2604   1039.258294  x:  0.02004   0.00000   0.00715   0.00563   0.00000   0.00000   0.00000   0.00000   0.00564   0.00000   0.01141   0.00000   0.00000   0.00000   0.01136   0.00000   0.01703   0.00000   0.01705   0.01558   0.00715   0.01131   0.00000   0.01129   0.00000   0.01713   0.01132   0.00762   0.01713   0.03524   1.49973   9.29825  -8.16834   0.03379  
 73  0.2362   1039.258294  x:  0.01945   0.00000   0.00715   0.00563   0.00000   0.00000   0.00000   0.00000   0.00564   0.00000   0.01141   0.00000   0.00000   0.00000   0.01136   0.00000   0.01703   0.00000   0.01705   0.01558   0.00715   0.01131   0.00000   0.01129   0.00000   0.01713   0.01132   0.00822   0.01713   0.03525   1.49996   9.89093  -8.76095   0.03379  
 74  0.2620   1039.258294  x:  0.01915   0.00000   0.00715   0.00563   0.00000   0.00000   0.00000   0.00000   0.00564   0.00000   0.01141   0.00000   0.00000   0.00000   0.01136   0.00000   0.01703   0.00000   0.01705   0.01558   0.00715   0.01131   0.00000   0.01129   0.00000   0.01713   0.01132   0.00851   0.01713   0.03524   1.49982  10.18095  -9.05093   0.03379  
 75  0.2219   1039.258294  x:  0.01839   0.00000   0.00715   0.00563   0.00000   0.00000   0.00000   0.00000   0.00564   0.00000   0.01141   0.00000   0.00000   0.00000   0.01136   0.00000   0.01703   0.00000   0.01705   0.01558   0.00715   0.01131   0.00000   0.01129   0.00000   0.01713   0.01132   0.00928   0.01713   0.03525   1.49989  10.93656  -9.80644   0.03379  
 76  0.2419   1039.258294  x:  0.01820   0.00000   0.00715   0.00563   0.00000   0.00000   0.00000   0.00000   0.00564   0.00000   0.01141   0.00000   0.00000   0.00000   0.01136   0.00000   0.01703   0.00000   0.01705   0.01558   0.00715   0.01131   0.00000   0.01129   0.00000   0.01713   0.01132   0.00947   0.01713   0.03524   1.49984  11.12745  -9.99731   0.03379  
 77  0.1727   1039.258294  x:  0.01759   0.00000   0.00715   0.00563   0.00000   0.00000   0.00000   0.00000   0.00564   0.00000   0.01141   0.00000   0.00000   0.00000   0.01136   0.00000   0.01703   0.00000   0.01705   0.01558   0.00715   0.01131   0.00000   0.01129   0.00000   0.01713   0.01132   0.01008   0.01713   0.03525   1.49986  11.72890  -10.59868   0.03379  
 78  0.1767   1039.258294  x:  0.01753   0.00000   0.00715   0.00563   0.00000   0.00000   0.00000   0.00000   0.00564   0.00000   0.01141   0.00000   0.00000   0.00000   0.01136   0.00000   0.01703   0.00000   0.01705   0.01558   0.00715   0.01131   0.00000   0.01129   0.00000   0.01713   0.01132   0.01014   0.01713   0.03524   1.49985  11.79619  -10.66596   0.03379  
 79  0.0595   1039.258294  x:  0.01750   0.00000   0.00715   0.00563   0.00000   0.00000   0.00000   0.00000   0.00564   0.00000   0.01141   0.00000   0.00000   0.00000   0.01136   0.00000   0.01703   0.00000   0.01705   0.01558   0.00715   0.01131   0.00000   0.01129   0.00000   0.01713   0.01132   0.01017   0.01713   0.03524   1.49985  11.82388  -10.69365   0.03379  
 80  0.0373   1039.258294  x:  0.01724   0.00000   0.00715   0.00563   0.00000   0.00000   0.00000   0.00000   0.00564   0.00000   0.01141   0.00000   0.00000   0.00000   0.01136   0.00000   0.01703   0.00000   0.01705   0.01558   0.00715   0.01131   0.00000   0.01129   0.00000   0.01713   0.01132   0.01043   0.01713   0.03524   1.49985  12.07991  -10.94964   0.03379  
 81  0.0453   1039.258294  x:  0.01724   0.00000   0.00715   0.00563   0.00000   0.00000   0.00000   0.00000   0.00564   0.00000   0.01141   0.00000   0.00000   0.00000   0.01136   0.00000   0.01703   0.00000   0.01705   0.01558   0.00715   0.01131   0.00000   0.01129   0.00000   0.01713   0.01132   0.01043   0.01713   0.03524   1.49985  12.07933  -10.94906   0.03379  
 82  0.2658   1039.258294  x:  0.01724   0.00000   0.00715   0.00563   0.00000   0.00000   0.00000   0.00000   0.00564   0.00000   0.01141   0.00000   0.00000   0.00000   0.01136   0.00000   0.01703   0.00000   0.01705   0.01558   0.00715   0.01131   0.00000   0.01129   0.00000   0.01713   0.01132   0.01043   0.01713   0.03524   1.49985  12.07774  -10.94748   0.03379  
 83  0.0008   1039.258294  x:  0.01724   0.00000   0.00715   0.00563   0.00000   0.00000   0.00000   0.00000   0.00564   0.00000   0.01141   0.00000   0.00000   0.00000   0.01136   0.00000   0.01703   0.00000   0.01705   0.01558   0.00715   0.01131   0.00000   0.01129   0.00000   0.01713   0.01132   0.01043   0.01713   0.03524   1.49985  12.07777  -10.94750   0.03379  
 84  0.0004   1039.258294  x:  0.01724   0.00000   0.00715   0.00563   0.00000   0.00000   0.00000   0.00000   0.00564   0.00000   0.01141   0.00000   0.00000   0.00000   0.01136   0.00000   0.01703   0.00000   0.01705   0.01558   0.00715   0.01131   0.00000   0.01129   0.00000   0.01713   0.01132   0.01043   0.01713   0.03524   1.49985  12.07777  -10.94750   0.03379  