

TREE # 1

  0  0.0000    463.315813  x:  0.00000   0.01786   0.04880   0.02048   0.06049   0.05971   0.02939   0.03475   0.05928   0.02227   0.04448   0.02223   0.02088   0.01422   0.01707   0.05335   0.04923   0.02287   0.04467   0.03024   0.06064   0.03884   0.01355   0.02918   0.01162   0.06072   0.04137   0.04088   0.07239   0.02630   2.00000   1.09989   0.02896   0.27919  
  1 99.0000    463.313834  x:  0.00000   0.01786   0.04880   0.02048   0.06049   0.05971   0.02938   0.03475   0.05928   0.02227   0.04448   0.02223   0.02088   0.01422   0.01707   0.05335   0.04923   0.02287   0.04467   0.03024   0.06064   0.03884   0.01355   0.02918   0.01162   0.06072   0.04137   0.04088   0.07239   0.02630   2.00000   1.09989   0.02896   0.27919  
  2 312.5629    446.947813  x:  0.00000   0.01072   0.03698   0.01643   0.04867   0.04787   0.01690   0.02285   0.04750   0.01972   0.03270   0.01029   0.00894   0.00226   0.00512   0.04148   0.03736   0.01103   0.03439   0.02358   0.04895   0.03252   0.01362   0.03050   0.00000   0.04890   0.03465   0.03526   0.06348   0.02735   2.00048   1.10026   0.02860   0.27393  
  3 9684.2722    443.886323  x:  0.00000   0.00890   0.03475   0.01475   0.04644   0.04563   0.01450   0.02060   0.04528   0.01894   0.03048   0.00804   0.00669   0.00000   0.00286   0.03924   0.03511   0.00880   0.03245   0.02157   0.04674   0.03098   0.01355   0.03055   0.00000   0.04667   0.03303   0.03414   0.06165   0.02679   2.00057   1.10028   0.02858   0.27195  
  4 9513.1449    440.305597  x:  0.00000   0.01025   0.03192   0.01534   0.04365   0.04279   0.01129   0.01775   0.04251   0.01875   0.02771   0.00518   0.00383   0.00000   0.00000   0.03640   0.03227   0.00601   0.03031   0.01900   0.04397   0.02877   0.01347   0.02987   0.00000   0.04388   0.03060   0.03322   0.05898   0.02676   2.00069   1.10011   0.02877   0.26547  
  5 1228.8602    436.170964  x:  0.00000   0.01298   0.02812   0.01312   0.03988   0.03899   0.00696   0.01394   0.03880   0.01937   0.02400   0.00136   0.00000   0.00000   0.00000   0.03260   0.02847   0.00224   0.02929   0.01830   0.04026   0.02806   0.01364   0.03011   0.00000   0.04019   0.02951   0.03300   0.05591   0.02611   2.00084   1.09991   0.02900   0.25676  
  6 2230.7643    434.815118  x:  0.00000   0.01399   0.02678   0.01235   0.03854   0.03765   0.00542   0.01259   0.03748   0.01949   0.02268   0.00000   0.00000   0.00000   0.00000   0.03125   0.02712   0.00090   0.02915   0.01784   0.03895   0.02787   0.01363   0.03010   0.00000   0.03888   0.02922   0.03294   0.05489   0.02597   2.00090   1.09985   0.02907   0.25380  
  7 56117.8903    433.968578  x:  0.00000   0.01433   0.02588   0.01194   0.03765   0.03675   0.00439   0.01168   0.03660   0.01933   0.02180   0.00000   0.00000   0.00000   0.00000   0.03035   0.02622   0.00000   0.02893   0.01778   0.03807   0.02792   0.01324   0.02985   0.00000   0.03800   0.02918   0.03300   0.05418   0.02603   2.00093   1.09980   0.02912   0.25161  
  8 5434.8606    430.769793  x:  0.00000   0.01417   0.02215   0.01163   0.03394   0.03303   0.00000   0.00794   0.03294   0.01835   0.01814   0.00000   0.00000   0.00000   0.00000   0.02662   0.02249   0.00000   0.02849   0.01723   0.03442   0.02877   0.01426   0.02914   0.00000   0.03441   0.02987   0.03349   0.05164   0.02583   2.00109   1.09965   0.02930   0.24227  
  9 3685.2713    424.819413  x:  0.00000   0.01190   0.01426   0.01288   0.02606   0.02515   0.00000   0.00000   0.02514   0.01957   0.01035   0.00000   0.00000   0.00000   0.00000   0.01872   0.01458   0.00000   0.02920   0.01547   0.02673   0.02962   0.01295   0.03091   0.00000   0.02683   0.03118   0.03428   0.04815   0.02399   2.00139   1.09950   0.02949   0.22322  
 10 3578.7817    417.951972  x:  0.00000   0.00831   0.00397   0.01272   0.01578   0.01491   0.00000   0.00000   0.01480   0.02221   0.00000   0.00000   0.00000   0.00000   0.00000   0.00844   0.00429   0.00000   0.03173   0.01625   0.01681   0.02690   0.01322   0.02894   0.00000   0.01707   0.03004   0.03418   0.04826   0.02413   2.00176   1.09981   0.02921   0.20121  
 11 2389.8994    415.592978  x:  0.00000   0.00746   0.00000   0.01281   0.01182   0.01096   0.00000   0.00000   0.01077   0.02198   0.00000   0.00000   0.00000   0.00000   0.00000   0.00448   0.00032   0.00000   0.03242   0.01674   0.01300   0.02591   0.01317   0.02880   0.00000   0.01332   0.02942   0.03396   0.04873   0.02369   2.00190   1.10001   0.02903   0.19329  
 12 9463.2317    415.429854  x:  0.00000   0.00739   0.00000   0.01282   0.01151   0.01065   0.00000   0.00000   0.01045   0.02196   0.00000   0.00000   0.00000   0.00000   0.00000   0.00417   0.00000   0.00000   0.03247   0.01678   0.01270   0.02583   0.01317   0.02879   0.00000   0.01303   0.02937   0.03394   0.04876   0.02365   2.00191   1.10002   0.02902   0.19267  
 13 6796419.8010    413.565037  x:  0.00000   0.00665   0.00000   0.01290   0.00733   0.00650   0.00000   0.00000   0.00618   0.02183   0.00000   0.00000   0.00000   0.00000   0.00000   0.00000   0.00000   0.00000   0.03297   0.01715   0.00869   0.02548   0.01312   0.02862   0.00000   0.00906   0.02846   0.03354   0.04970   0.02323   2.00205   1.10034   0.02871   0.18522  
 14 1164.1688    411.293051  x:  0.00000   0.00570   0.00000   0.01295   0.00131   0.00050   0.00000   0.00000   0.00000   0.02159   0.00000   0.00000   0.00000   0.00000   0.00000   0.00000   0.00000   0.00000   0.03347   0.01761   0.00291   0.02399   0.01306   0.02844   0.00000   0.00333   0.02815   0.03339   0.05063   0.02269   2.00225   1.10084   0.02821   0.17504  
 15 12569.3414    411.139845  x:  0.00000   0.00562   0.00000   0.01297   0.00080   0.00000   0.00000   0.00000   0.00000   0.02157   0.00000   0.00000   0.00000   0.00000   0.00000   0.00000   0.00000   0.00000   0.03357   0.01767   0.00242   0.02393   0.01306   0.02843   0.00000   0.00285   0.02803   0.03337   0.05061   0.02265   2.00227   1.10089   0.02816   0.17435  
 16 1756.0080    410.958333  x:  0.00000   0.00554   0.00000   0.01297   0.00000   0.00000   0.00000   0.00000   0.00000   0.02156   0.00000   0.00000   0.00000   0.00000   0.00000   0.00000   0.00000   0.00000   0.03360   0.01771   0.00166   0.02386   0.01305   0.02839   0.00000   0.00209   0.02802   0.03317   0.05078   0.02259   2.00229   1.10095   0.02809   0.17333  
 17 1396.7153    410.705611  x:  0.00000   0.00539   0.00000   0.01295   0.00000   0.00000   0.00000   0.00000   0.00000   0.02152   0.00000   0.00000   0.00000   0.00000   0.00000   0.00000   0.00000   0.00000   0.03356   0.01772   0.00000   0.02369   0.01304   0.02839   0.00000   0.00043   0.02781   0.03347   0.05120   0.02252   2.00235   1.10110   0.02794   0.17149  
 18 920.1090    410.667605  x:  0.00000   0.00537   0.00000   0.01295   0.00000   0.00000   0.00000   0.00000   0.00000   0.02151   0.00000   0.00000   0.00000   0.00000   0.00000   0.00000   0.00000   0.00000   0.03359   0.01773   0.00000   0.02366   0.01304   0.02839   0.00000   0.00000   0.02779   0.03344   0.05115   0.02251   2.00236   1.10116   0.02789   0.17125  
 19 197.6207    407.376727  x:  0.00000   0.01550   0.00000   0.00000   0.00000   0.00000   0.00000   0.00000   0.00000   0.02753   0.00000   0.00000   0.00000   0.00000   0.00000   0.00000   0.00000   0.00000   0.00537   0.00090   0.00000   0.02267   0.01389   0.02939   0.00000   0.00000   0.02179   0.02741   0.02960   0.02318   2.02019   1.13971  -0.01188   0.14367  
 20 12.7576    406.916865  x:  0.00000   0.01640   0.00000   0.00000   0.00000   0.00000   0.00000   0.00000   0.00000   0.02781   0.00000   0.00000   0.00000   0.00000   0.00000   0.00000   0.00000   0.00000   0.00544   0.00000   0.00000   0.02244   0.01395   0.02982   0.00000   0.00000   0.02143   0.02741   0.02528   0.02383   2.02906   1.15563  -0.02782   0.13951  
 21  9.5219    401.872712  x:  0.00000   0.00429   0.00000   0.00000   0.00000   0.00000   0.00000   0.00000   0.00000   0.02739   0.00000   0.00000   0.00000   0.00000   0.00000   0.00000   0.00000   0.00000   0.00759   0.00000   0.00000   0.02528   0.01328   0.03229   0.00000   0.00000   0.01801   0.02623   0.01822   0.02990   2.15555   1.40688  -0.28031   0.00000  
 22 48.1878    398.911261  x:  0.00000   0.00692   0.00000   0.00000   0.00000   0.00000   0.00000   0.00000   0.00000   0.02918   0.00000   0.00000   0.00000   0.00000   0.00000   0.00000   0.00000   0.00000   0.00673   0.00000   0.00000   0.03081   0.01331   0.04080   0.00000   0.00000   0.00549   0.01895   0.01758   0.04113   2.45723   2.00646  -0.88275   0.00000  
 23 97.0546    397.760008  x:  0.00000   0.00689   0.00000   0.00000   0.00000   0.00000   0.00000   0.00000   0.00000   0.02570   0.00000   0.00000   0.00000   0.00000   0.00000   0.00000   0.00000   0.00000   0.00599   0.00000   0.00000   0.01688   0.01320   0.04670   0.00000   0.00000   0.02077   0.01954   0.01495   0.04767   2.64091   2.33294  -1.21164   0.00000  
 24 32.8769    397.605490  x:  0.00000   0.00689   0.00000   0.00000   0.00000   0.00000   0.00000   0.00000   0.00000   0.02517   0.00000   0.00000   0.00000   0.00000   0.00000   0.00000   0.00000   0.00000   0.00590   0.00000   0.00000   0.01497   0.01319   0.04751   0.00000   0.00000   0.02281   0.01957   0.01462   0.04854   2.66593   2.37642  -1.25545   0.01064  
 25 222.4494    397.140821  x:  0.00000   0.00786   0.00000   0.00000   0.00000   0.00000   0.00000   0.00000   0.00000   0.01577   0.00000   0.00000   0.00000   0.00000   0.00000   0.00000   0.00000   0.00000   0.00772   0.00000   0.00000   0.00931   0.01326   0.04981   0.00000   0.00000   0.02168   0.01187   0.01719   0.04694   2.73649   2.34192  -1.22259   0.00821  
 26  1.6220    397.118960  x:  0.00328   0.00799   0.00000   0.00000   0.00000   0.00000   0.00000   0.00000   0.00000   0.01455   0.00000   0.00000   0.00000   0.00000   0.00000   0.00000   0.00000   0.00000   0.00796   0.00000   0.00000   0.00861   0.01327   0.05010   0.00000   0.00000   0.02154   0.01089   0.01751   0.04672   2.74614   2.33763  -1.21852   0.00790  
 27 46.9734    396.741357  x:  0.01000   0.00959   0.00000   0.00000   0.00000   0.00000   0.00000   0.00000   0.00000   0.00844   0.00000   0.00000   0.00000   0.00000   0.00000   0.00000   0.00000   0.00000   0.01047   0.00000   0.00000   0.01463   0.01245   0.04973   0.00000   0.00000   0.02274   0.00478   0.01550   0.04397   2.92646   2.34622  -1.23130   0.00904  
 28  3.2712    396.096865  x:  0.01203   0.01301   0.00000   0.00000   0.00000   0.00000   0.00000   0.00000   0.00000   0.01911   0.00000   0.00000   0.00000   0.00000   0.00000   0.00000   0.00000   0.00000   0.01821   0.00000   0.00000   0.01653   0.01370   0.04114   0.00000   0.00000   0.02387   0.00496   0.01188   0.03982   3.47914   2.39915  -1.28832   0.01163  
 29  3.0720    395.036732  x:  0.01274   0.01500   0.00000   0.00000   0.00000   0.00000   0.00000   0.00000   0.00000   0.01507   0.00000   0.00000   0.00000   0.00000   0.00000   0.00000   0.00000   0.00000   0.01380   0.00000   0.00000   0.01312   0.01383   0.03404   0.00000   0.00000   0.01912   0.00000   0.02059   0.04104   5.06969   2.41498  -1.30850   0.00977  
 30  1.4054    394.700344  x:  0.00000   0.01494   0.00000   0.00000   0.00000   0.00000   0.00000   0.00000   0.00000   0.01256   0.00000   0.00000   0.00000   0.00000   0.00000   0.00000   0.00000   0.00000   0.01172   0.00000   0.00000   0.01075   0.01313   0.03593   0.00000   0.00000   0.01638   0.01145   0.01356   0.03825   5.61502   2.49644  -1.39042   0.01080  
 31  1.6956    394.700344  x:  0.00000   0.01494   0.00000   0.00000   0.00000   0.00000   0.00000   0.00000   0.00000   0.01256   0.00000   0.00000   0.00000   0.00000   0.00000   0.00000   0.00000   0.00000   0.01172   0.00000   0.00000   0.01075   0.01313   0.03593   0.00000   0.00000   0.01638   0.01145   0.01356   0.03825   5.61502   2.49644  -1.39042   0.01080  
 32  1.9361    394.610492  x:  0.00221   0.01392   0.00000   0.00000   0.00000   0.00000   0.00000   0.00000   0.00000   0.01341   0.00000   0.00000   0.00000   0.00000   0.00000   0.00000   0.00000   0.00000   0.01327   0.00000   0.00000   0.01332   0.01342   0.03757   0.00000   0.00000   0.01468   0.01366   0.01361   0.03935   5.61507   2.49647  -1.39044   0.01140  
 33 37.0354    394.581092  x:  0.00116   0.01317   0.00000   0.00000   0.00000   0.00000   0.00000   0.00000   0.00000   0.01389   0.00000   0.00000   0.00000   0.00000   0.00000   0.00000   0.00000   0.00000   0.01397   0.00000   0.00000   0.01417   0.01361   0.03973   0.00000   0.00000   0.01319   0.01261   0.01361   0.04087   5.61515   2.49651  -1.39049   0.01226  
 34 18.2606    394.569727  x:  0.00144   0.01350   0.00000   0.00000   0.00000   0.00000   0.00000   0.00000   0.00000   0.01366   0.00000   0.00000   0.00000   0.00000   0.00000   0.00000   0.00000   0.00000   0.01349   0.00000   0.00000   0.01332   0.01355   0.04198   0.00000   0.00000   0.01353   0.01289   0.01361   0.04254   5.61529   2.49659  -1.39057   0.01320  
 35  9.2684    394.569430  x:  0.00140   0.01356   0.00000   0.00000   0.00000   0.00000   0.00000   0.00000   0.00000   0.01365   0.00000   0.00000   0.00000   0.00000   0.00000   0.00000   0.00000   0.00000   0.01353   0.00000   0.00000   0.01349   0.01354   0.04204   0.00000   0.00000   0.01378   0.01285   0.01360   0.04264   5.61536   2.49664  -1.39062   0.01322  
 36  1.7515    394.568833  x:  0.00141   0.01349   0.00000   0.00000   0.00000   0.00000   0.00000   0.00000   0.00000   0.01371   0.00000   0.00000   0.00000   0.00000   0.00000   0.00000   0.00000   0.00000   0.01360   0.00000   0.00000   0.01342   0.01357   0.04164   0.00000   0.00000   0.01380   0.01286   0.01361   0.04333   5.61715   2.49782  -1.39180   0.01303  
 37  0.5012    394.567095  x:  0.00139   0.01382   0.00000   0.00000   0.00000   0.00000   0.00000   0.00000   0.00000   0.01338   0.00000   0.00000   0.00000   0.00000   0.00000   0.00000   0.00000   0.00000   0.01322   0.00000   0.00000   0.01375   0.01338   0.04142   0.00000   0.00000   0.01351   0.01284   0.01350   0.04367   5.62288   2.50160  -1.39557   0.01305  
 38  4.6344    394.231728  x:  0.00097   0.01432   0.00000   0.00000   0.00000   0.00000   0.00000   0.00000   0.00000   0.01317   0.00000   0.00000   0.00000   0.00000   0.00000   0.00000   0.00000   0.00000   0.01519   0.00000   0.00000   0.01292   0.01331   0.03966   0.00000   0.00000   0.01339   0.01233   0.01206   0.04290   6.83232   3.29834  -2.19231   0.03485  
 39 35.4054    394.141939  x:  0.00084   0.01229   0.00000   0.00000   0.00000   0.00000   0.00000   0.00000   0.00000   0.01425   0.00000   0.00000   0.00000   0.00000   0.00000   0.00000   0.00000   0.00000   0.01191   0.00000   0.00000   0.01381   0.01380   0.04201   0.00000   0.00000   0.01386   0.01217   0.01541   0.04239   7.13264   3.49614  -2.39011   0.03400  
 40 892.0829    393.978241  x:  0.00059   0.01382   0.00000   0.00000   0.00000   0.00000   0.00000   0.00000   0.00000   0.01365   0.00000   0.00000   0.00000   0.00000   0.00000   0.00000   0.00000   0.00000   0.01346   0.00000   0.00000   0.01291   0.01347   0.05032   0.00000   0.00000   0.01323   0.01188   0.01429   0.04103   7.66366   3.84581  -2.73977   0.02295  
 41 905.7903    393.976144  x:  0.00061   0.01333   0.00000   0.00000   0.00000   0.00000   0.00000   0.00000   0.00000   0.01361   0.00000   0.00000   0.00000   0.00000   0.00000   0.00000   0.00000   0.00000   0.01317   0.00000   0.00000   0.01294   0.01353   0.05045   0.00000   0.00000   0.01334   0.01190   0.01357   0.04100   7.67096   3.85059  -2.74455   0.02277  
 42 48.8012    393.975057  x:  0.00061   0.01362   0.00000   0.00000   0.00000   0.00000   0.00000   0.00000   0.00000   0.01413   0.00000   0.00000   0.00000   0.00000   0.00000   0.00000   0.00000   0.00000   0.01301   0.00000   0.00000   0.01296   0.01363   0.05040   0.00000   0.00000   0.01331   0.01190   0.01341   0.04101   7.68011   3.85490  -2.74886   0.02278  
 43  0.9879    393.694831  x:  0.00248   0.01337   0.00000   0.00000   0.00000   0.00000   0.00000   0.00000   0.00000   0.01400   0.00000   0.00000   0.00000   0.00000   0.00000   0.00000   0.00000   0.00000   0.01356   0.00000   0.00000   0.01373   0.01167   0.03809   0.00000   0.00000   0.01418   0.01416   0.01349   0.04398  10.15046   5.01668  -3.91061   0.02317  
 44 56.9673    393.684390  x:  0.00255   0.01364   0.00000   0.00000   0.00000   0.00000   0.00000   0.00000   0.00000   0.01345   0.00000   0.00000   0.00000   0.00000   0.00000   0.00000   0.00000   0.00000   0.01352   0.00000   0.00000   0.01383   0.01341   0.03762   0.00000   0.00000   0.01413   0.01424   0.01350   0.04409  10.24218   5.05982  -3.95376   0.02319  
 45 654.1238    393.558194  x:  0.00000   0.01326   0.00000   0.00000   0.00000   0.00000   0.00000   0.00000   0.00000   0.01330   0.00000   0.00000   0.00000   0.00000   0.00000   0.00000   0.00000   0.00000   0.01387   0.00000   0.00000   0.01285   0.01399   0.04798   0.00000   0.00000   0.01304   0.01147   0.01230   0.04091  13.75765   6.91846  -5.81236   0.02559  
 46  1.3293    393.492904  x:  0.00143   0.01349   0.00000   0.00000   0.00000   0.00000   0.00000   0.00000   0.00000   0.01360   0.00000   0.00000   0.00000   0.00000   0.00000   0.00000   0.00000   0.00000   0.01331   0.00000   0.00000   0.01326   0.01353   0.04248   0.00000   0.00000   0.01369   0.01306   0.01373   0.04249  14.50892   7.24505  -6.13894   0.02313  
 47  0.6293    393.473543  x:  0.00099   0.01334   0.00000   0.00000   0.00000   0.00000   0.00000   0.00000   0.00000   0.01360   0.00000   0.00000   0.00000   0.00000   0.00000   0.00000   0.00000   0.00000   0.01338   0.00000   0.00000   0.01339   0.01329   0.04056   0.00000   0.00000   0.01369   0.01269   0.01322   0.04266  16.61610   8.29419  -7.18806   0.02544  
 48  1.2054    393.467180  x:  0.00094   0.01343   0.00000   0.00000   0.00000   0.00000   0.00000   0.00000   0.00000   0.01350   0.00000   0.00000   0.00000   0.00000   0.00000   0.00000   0.00000   0.00000   0.01340   0.00000   0.00000   0.01326   0.01342   0.04213   0.00000   0.00000   0.01362   0.01262   0.01328   0.04246  17.64603   8.82021  -7.71408   0.02375  
 49  1.0334    393.466529  x:  0.00112   0.01343   0.00000   0.00000   0.00000   0.00000   0.00000   0.00000   0.00000   0.01354   0.00000   0.00000   0.00000   0.00000   0.00000   0.00000   0.00000   0.00000   0.01339   0.00000   0.00000   0.01325   0.01344   0.04212   0.00000   0.00000   0.01365   0.01276   0.01334   0.04245  18.02106   9.00951  -7.90337   0.02421  
 50  0.3692    393.466496  x:  0.00110   0.01342   0.00000   0.00000   0.00000   0.00000   0.00000   0.00000   0.00000   0.01355   0.00000   0.00000   0.00000   0.00000   0.00000   0.00000   0.00000   0.00000   0.01339   0.00000   0.00000   0.01328   0.01343   0.04202   0.00000   0.00000   0.01364   0.01276   0.01335   0.04250  18.11096   9.05368  -7.94754   0.02413  
 51  0.1062    393.466495  x:  0.00108   0.01342   0.00000   0.00000   0.00000   0.00000   0.00000   0.00000   0.00000   0.01355   0.00000   0.00000   0.00000   0.00000   0.00000   0.00000   0.00000   0.00000   0.01339   0.00000   0.00000   0.01328   0.01343   0.04203   0.00000   0.00000   0.01364   0.01276   0.01334   0.04250  18.12308   9.05989  -7.95375   0.02414  
 52  0.0137    393.466495  x:  0.00107   0.01342   0.00000   0.00000   0.00000   0.00000   0.00000   0.00000   0.00000   0.01355   0.00000   0.00000   0.00000   0.00000   0.00000   0.00000   0.00000   0.00000   0.01339   0.00000   0.00000   0.01328   0.01343   0.04203   0.00000   0.00000   0.01364   0.01277   0.01334   0.04250  18.12329   9.05999  -7.95385   0.02414  
 53  0.0003    393.466495  x:  0.00106   0.01342   0.00000   0.00000   0.00000   0.00000   0.00000   0.00000   0.00000   0.01355   0.00000   0.00000   0.00000   0.00000   0.00000   0.00000   0.00000   0.00000   0.01339   0.00000   0.00000   0.01328   0.01343   0.04203   0.00000   0.00000   0.01364   0.01279   0.01334   0.04250  18.12332   9.06000  -7.95386   0.02414  