

TREE # 1

  0  0.0000   1532.405345  x:  0.00000   0.01384   0.04777   0.02037   0.05497   0.05418   0.02658   0.03326   0.05366   0.01737   0.04434   0.02415   0.01927   0.01323   0.01737   0.05036   0.04867   0.02285   0.04331   0.03238   0.05984   0.03860   0.00952   0.02154   0.00881   0.06672   0.05377   0.04088   0.06501   0.02853   2.00000   1.09989   0.02896   0.27919  
  1 99.0000   1532.399504  x:  0.00000   0.01384   0.04776   0.02037   0.05497   0.05418   0.02658   0.03326   0.05366   0.01737   0.04434   0.02415   0.01927   0.01323   0.01737   0.05036   0.04867   0.02285   0.04330   0.03238   0.05984   0.03860   0.00952   0.02154   0.00880   0.06671   0.05377   0.04088   0.06501   0.02853   2.00000   1.09989   0.02896   0.27919  
  2 883.6617   1504.115971  x:  0.00000   0.01460   0.03905   0.02001   0.04621   0.04538   0.01748   0.02655   0.04493   0.01344   0.03832   0.02102   0.01040   0.00440   0.01363   0.04276   0.04231   0.01750   0.03732   0.02924   0.05204   0.03653   0.00072   0.02132   0.00000   0.06245   0.05329   0.03878   0.05875   0.02628   2.00019   1.10019   0.02866   0.27788  
  3 10987.1237   1502.035573  x:  0.00000   0.01462   0.03834   0.01998   0.04550   0.04467   0.01675   0.02604   0.04422   0.01320   0.03787   0.02082   0.00967   0.00368   0.01340   0.04216   0.04182   0.01713   0.03686   0.02902   0.05142   0.03639   0.00000   0.02129   0.00000   0.06212   0.05324   0.03862   0.05826   0.02622   2.00020   1.10022   0.02863   0.27787  
  4 120792.9329   1492.895775  x:  0.00000   0.01387   0.03468   0.01884   0.04187   0.04101   0.01303   0.02430   0.04059   0.01247   0.03603   0.01959   0.00599   0.00000   0.01252   0.03943   0.03979   0.01640   0.03507   0.02786   0.04846   0.03542   0.00000   0.02093   0.00000   0.06069   0.05310   0.03703   0.05608   0.02503   2.00028   1.10031   0.02853   0.27755  
  5 13569.6098   1480.300862  x:  0.00000   0.01552   0.02881   0.01897   0.03600   0.03510   0.00703   0.02252   0.03468   0.01105   0.03364   0.01779   0.00000   0.00000   0.01104   0.03557   0.03716   0.01571   0.03283   0.02603   0.04413   0.03375   0.00000   0.02110   0.00000   0.05864   0.05293   0.03446   0.05301   0.02497   2.00039   1.10032   0.02852   0.27606  
  6 8416.7291   1467.944843  x:  0.00000   0.01437   0.02204   0.02006   0.02917   0.02819   0.00000   0.02038   0.02779   0.00974   0.03113   0.01797   0.00000   0.00000   0.01026   0.03177   0.03450   0.01252   0.03042   0.02501   0.03967   0.03337   0.00000   0.02076   0.00000   0.05652   0.05261   0.03424   0.04984   0.02442   2.00051   1.10017   0.02867   0.27282  
  7 5237.8939   1435.901173  x:  0.00000   0.01829   0.00000   0.01006   0.00639   0.00510   0.00000   0.00943   0.00491   0.01306   0.02292   0.01447   0.00000   0.00000   0.00868   0.02155   0.02596   0.00614   0.02191   0.02513   0.02729   0.03453   0.00000   0.02102   0.00000   0.05081   0.05145   0.04094   0.04070   0.02542   2.00084   1.09954   0.02928   0.25857  
  8 3357.2120   1430.626681  x:  0.00000   0.01778   0.00000   0.01067   0.00149   0.00013   0.00000   0.00773   0.00000   0.01312   0.02135   0.01322   0.00000   0.00000   0.00822   0.01987   0.02424   0.00804   0.02023   0.02504   0.02514   0.03452   0.00000   0.02069   0.00000   0.04982   0.05126   0.04232   0.03901   0.02542   2.00090   1.09945   0.02936   0.25517  
  9 1987.7731   1430.541047  x:  0.00000   0.01778   0.00000   0.01066   0.00137   0.00000   0.00000   0.00776   0.00000   0.01312   0.02132   0.01321   0.00000   0.00000   0.00822   0.01984   0.02421   0.00804   0.02021   0.02503   0.02510   0.03450   0.00000   0.02069   0.00000   0.04980   0.05126   0.04233   0.03898   0.02541   2.00090   1.09945   0.02936   0.25510  
 10 1758.1162   1429.978264  x:  0.00000   0.01781   0.00000   0.01065   0.00000   0.00000   0.00000   0.00766   0.00000   0.01305   0.02129   0.01328   0.00000   0.00000   0.00821   0.01964   0.02408   0.00799   0.02021   0.02492   0.02472   0.03433   0.00000   0.02069   0.00000   0.04968   0.05123   0.04217   0.03873   0.02537   2.00092   1.09946   0.02935   0.25450  
 11 2254.5189   1427.445795  x:  0.00000   0.01748   0.00000   0.01307   0.00000   0.00000   0.00000   0.00674   0.00000   0.01393   0.02079   0.00545   0.00000   0.00000   0.00308   0.01716   0.02657   0.00372   0.01847   0.02779   0.01825   0.04165   0.00000   0.01988   0.00000   0.04754   0.05078   0.03491   0.03584   0.02392   2.00168   1.10079   0.02799   0.24705  
 12 223.4483   1425.807142  x:  0.00000   0.01934   0.00000   0.01182   0.00000   0.00000   0.00000   0.00587   0.00000   0.00735   0.01597   0.00516   0.00000   0.00000   0.00698   0.01553   0.03048   0.00391   0.01069   0.03047   0.01474   0.05609   0.00000   0.01940   0.00000   0.04380   0.05121   0.02331   0.03435   0.02308   2.00277   1.10295   0.02582   0.24111  
 13 204.6355   1425.480758  x:  0.00000   0.01980   0.00000   0.01101   0.00000   0.00000   0.00000   0.00653   0.00000   0.00651   0.01441   0.00744   0.00000   0.00000   0.00455   0.01478   0.03097   0.00483   0.00962   0.03075   0.01401   0.06013   0.00000   0.01941   0.00000   0.04257   0.05135   0.02110   0.03380   0.02293   2.00315   1.10374   0.02502   0.24004  
 14 207.1378   1425.163755  x:  0.00000   0.01989   0.00000   0.01094   0.00000   0.00000   0.00000   0.00680   0.00000   0.00721   0.01202   0.00744   0.00000   0.00000   0.00493   0.01249   0.02972   0.00527   0.01479   0.02727   0.01417   0.06702   0.00000   0.02012   0.00000   0.03916   0.05201   0.01932   0.03220   0.02308   2.00434   1.10640   0.02238   0.23895  
 15 64.4334   1424.813020  x:  0.00000   0.01985   0.00000   0.01097   0.00000   0.00000   0.00000   0.00709   0.00000   0.00849   0.01761   0.00754   0.00000   0.00000   0.00500   0.01099   0.02730   0.00558   0.01360   0.02043   0.01448   0.07321   0.00000   0.02025   0.00000   0.03615   0.05278   0.01920   0.03007   0.02350   2.00682   1.11197   0.01684   0.23824  
 16 55.9786   1423.377625  x:  0.00000   0.01900   0.00000   0.00935   0.00000   0.00000   0.00000   0.00713   0.00000   0.00303   0.01610   0.00650   0.00000   0.00000   0.00440   0.01657   0.01838   0.00618   0.01457   0.01520   0.01250   0.07735   0.00000   0.01866   0.00000   0.03910   0.05284   0.02293   0.02533   0.02529   2.01990   1.14143  -0.01247   0.23733  
 17 47.9109   1421.674625  x:  0.00000   0.01745   0.00000   0.01069   0.00000   0.00000   0.00000   0.00726   0.00000   0.00695   0.01080   0.00695   0.00000   0.00000   0.00466   0.02179   0.00834   0.00505   0.01163   0.01131   0.01164   0.07916   0.00000   0.01757   0.00000   0.04181   0.05329   0.02207   0.02072   0.02785   2.03730   1.18054  -0.05137   0.23448  
 18 666.9845   1416.387097  x:  0.00000   0.01089   0.00000   0.01077   0.00000   0.00000   0.00000   0.00882   0.00000   0.00663   0.00873   0.00633   0.00000   0.00000   0.00488   0.00964   0.00836   0.00572   0.00902   0.01906   0.00372   0.07715   0.00000   0.02178   0.00000   0.03397   0.05309   0.02927   0.00695   0.03561   2.08644   1.29093  -0.16111   0.22395  
 19 527.6631   1415.046886  x:  0.00000   0.00962   0.00000   0.01071   0.00000   0.00000   0.00000   0.00903   0.00000   0.00612   0.00711   0.00608   0.00000   0.00000   0.00482   0.00314   0.00741   0.00565   0.00788   0.01932   0.00353   0.07586   0.00000   0.02088   0.00000   0.03076   0.05221   0.03169   0.01062   0.03748   2.09916   1.31942  -0.18946   0.22089  
 20 1120.8533   1414.598666  x:  0.00000   0.00954   0.00000   0.01073   0.00000   0.00000   0.00000   0.00911   0.00000   0.00632   0.00543   0.00596   0.00000   0.00000   0.00478   0.00431   0.00896   0.00557   0.00708   0.01858   0.00452   0.07407   0.00000   0.01841   0.00000   0.02400   0.05038   0.03327   0.01075   0.03824   2.10449   1.33118  -0.20118   0.21802  
 21 238.3308   1414.472182  x:  0.00000   0.00980   0.00000   0.01072   0.00000   0.00000   0.00000   0.00920   0.00000   0.00625   0.00625   0.00601   0.00000   0.00000   0.00482   0.00492   0.00765   0.00564   0.00754   0.02001   0.00377   0.07416   0.00000   0.01683   0.00000   0.02225   0.04904   0.03296   0.01140   0.03849   2.10635   1.33512  -0.20512   0.21531  
 22 90.1708   1414.267944  x:  0.00000   0.01005   0.00000   0.01068   0.00000   0.00000   0.00000   0.00931   0.00000   0.00611   0.00682   0.00600   0.00000   0.00000   0.00484   0.00403   0.00679   0.00575   0.00782   0.02119   0.00588   0.07438   0.00000   0.01502   0.00000   0.02241   0.04601   0.03239   0.01018   0.03887   2.11014   1.34294  -0.21297   0.20790  
 23 107.7715   1412.948784  x:  0.00000   0.00971   0.00000   0.01051   0.00000   0.00000   0.00000   0.01010   0.00000   0.00709   0.00678   0.00571   0.00000   0.00000   0.00495   0.00407   0.00986   0.00675   0.00818   0.01941   0.00414   0.07704   0.00000   0.01273   0.00000   0.02686   0.03149   0.03202   0.01060   0.04104   2.13269   1.38926  -0.25947   0.16093  
 24 357.2355   1410.154942  x:  0.00000   0.00609   0.00000   0.00997   0.00000   0.00000   0.00000   0.01149   0.00000   0.00733   0.00800   0.00451   0.00000   0.00000   0.00475   0.00643   0.00778   0.00879   0.00776   0.02239   0.00671   0.08008   0.00000   0.02139   0.00000   0.02762   0.02618   0.03091   0.01338   0.04481   2.17908   1.48434  -0.35501   0.06236  
 25 791.4691   1409.118195  x:  0.00000   0.00627   0.00000   0.00997   0.00000   0.00000   0.00000   0.01203   0.00000   0.00783   0.00817   0.00437   0.00000   0.00000   0.00479   0.00638   0.00898   0.00933   0.00805   0.02295   0.00652   0.08120   0.00000   0.01800   0.00000   0.02944   0.02992   0.03105   0.01354   0.04642   2.19631   1.51958  -0.39042   0.02579  
 26 1309.5554   1406.481930  x:  0.00000   0.00254   0.00000   0.00936   0.00000   0.00000   0.00000   0.01239   0.00000   0.00705   0.00889   0.00288   0.00000   0.00000   0.00413   0.00636   0.01036   0.00945   0.00755   0.02170   0.00625   0.06129   0.00000   0.01445   0.00000   0.02999   0.03514   0.01800   0.01347   0.05045   2.26453   1.62980  -0.50212   0.05539  
 27 19.9483   1404.043177  x:  0.00000   0.00524   0.00000   0.01297   0.00000   0.00000   0.00000   0.01290   0.00000   0.00502   0.00939   0.00317   0.00000   0.00000   0.00405   0.00600   0.01132   0.00766   0.00726   0.02050   0.00615   0.04557   0.00000   0.01532   0.00000   0.02883   0.03578   0.00834   0.01340   0.05547   2.35062   1.76047  -0.63439   0.07619  
 28 32.4338   1401.967297  x:  0.01658   0.00756   0.00000   0.01609   0.00000   0.00000   0.00000   0.01334   0.00000   0.00327   0.00982   0.00342   0.00000   0.00000   0.00398   0.00570   0.01214   0.00611   0.00700   0.01946   0.00606   0.03201   0.00000   0.01608   0.00000   0.02783   0.03632   0.00000   0.01334   0.05979   2.42516   1.87342  -0.74874   0.09416  
 29 2555.9087   1401.215381  x:  0.01490   0.00597   0.00000   0.01741   0.00000   0.00000   0.00000   0.01138   0.00000   0.00250   0.01003   0.00584   0.00000   0.00000   0.00452   0.00539   0.01256   0.00299   0.00796   0.01831   0.00597   0.03190   0.00000   0.01611   0.00000   0.02687   0.03597   0.00080   0.01297   0.05826   2.51661   1.94401  -0.82044   0.10128  
 30  3.3957   1399.154228  x:  0.01337   0.00627   0.00000   0.01193   0.00000   0.00000   0.00000   0.00748   0.00000   0.00386   0.00892   0.00591   0.00000   0.00000   0.00402   0.00408   0.01133   0.00331   0.00825   0.01418   0.00448   0.01839   0.00000   0.01498   0.00000   0.02413   0.03770   0.00152   0.01087   0.04503   2.82552   2.13916  -1.01328   0.12646  
 31  7.3192   1398.379344  x:  0.01285   0.00640   0.00000   0.01214   0.00000   0.00000   0.00000   0.00309   0.00000   0.00427   0.00870   0.00649   0.00000   0.00000   0.00382   0.00439   0.01075   0.00438   0.00858   0.01387   0.00448   0.02232   0.00000   0.01517   0.00000   0.02525   0.03988   0.00270   0.01135   0.04443   3.06963   2.08615  -0.95953   0.11903  
 32  1.6968   1397.661662  x:  0.01189   0.00601   0.00000   0.01515   0.00000   0.00000   0.00000   0.00549   0.00000   0.00383   0.00772   0.00689   0.00000   0.00000   0.00442   0.00466   0.00862   0.00587   0.00845   0.01235   0.00408   0.02305   0.00000   0.01608   0.00000   0.02645   0.04158   0.00418   0.01154   0.03951   3.37245   1.87991  -0.75607   0.08187  
 33  2.2947   1397.258691  x:  0.01445   0.00691   0.00000   0.01259   0.00000   0.00000   0.00000   0.00536   0.00000   0.00464   0.00817   0.00722   0.00000   0.00000   0.00432   0.00504   0.00845   0.00487   0.00838   0.01343   0.00454   0.02175   0.00000   0.01749   0.00000   0.02759   0.04375   0.00236   0.01282   0.04452   3.44640   1.69506  -0.56990   0.04997  
 34  1.0293   1397.080963  x:  0.01550   0.00741   0.00000   0.01222   0.00000   0.00000   0.00000   0.00445   0.00000   0.00447   0.00871   0.00728   0.00000   0.00000   0.00426   0.00418   0.00852   0.00427   0.00807   0.01180   0.00418   0.02221   0.00000   0.01797   0.00000   0.02569   0.04501   0.00187   0.01239   0.04083   3.31416   1.68402  -0.55895   0.04184  
 35  0.2633   1396.991017  x:  0.01601   0.00778   0.00000   0.01264   0.00000   0.00000   0.00000   0.00390   0.00000   0.00433   0.00839   0.00766   0.00000   0.00000   0.00433   0.00434   0.00812   0.00423   0.00847   0.01306   0.00422   0.02091   0.00000   0.01714   0.00000   0.02667   0.04703   0.00166   0.01287   0.03879   3.20238   1.68354  -0.55878   0.04333  
 36  0.2491   1396.954468  x:  0.01609   0.00811   0.00000   0.01263   0.00000   0.00000   0.00000   0.00426   0.00000   0.00453   0.00883   0.00796   0.00000   0.00000   0.00429   0.00421   0.00881   0.00429   0.00877   0.01307   0.00434   0.02174   0.00000   0.01694   0.00000   0.02642   0.04853   0.00184   0.01304   0.03912   3.16394   1.66996  -0.54518   0.04577  
 37  0.0956   1396.943381  x:  0.01649   0.00819   0.00000   0.01306   0.00000   0.00000   0.00000   0.00419   0.00000   0.00435   0.00879   0.00814   0.00000   0.00000   0.00425   0.00420   0.00878   0.00442   0.00869   0.01285   0.00429   0.02136   0.00000   0.01709   0.00000   0.02625   0.04875   0.00137   0.01299   0.04024   3.11800   1.65471  -0.53010   0.04405  
 38  0.1018   1396.938653  x:  0.01685   0.00836   0.00000   0.01284   0.00000   0.00000   0.00000   0.00427   0.00000   0.00427   0.00858   0.00824   0.00000   0.00000   0.00423   0.00427   0.00854   0.00429   0.00854   0.01285   0.00421   0.02170   0.00000   0.01711   0.00000   0.02634   0.04890   0.00098   0.01290   0.04035   3.10856   1.65158  -0.52686   0.04407  
 39  0.0246   1396.935553  x:  0.01694   0.00846   0.00000   0.01290   0.00000   0.00000   0.00000   0.00431   0.00000   0.00427   0.00859   0.00844   0.00000   0.00000   0.00434   0.00429   0.00859   0.00429   0.00851   0.01300   0.00430   0.02169   0.00000   0.01740   0.00000   0.02613   0.04888   0.00073   0.01280   0.04008   3.11813   1.64534  -0.52069   0.04287  
 40  0.0111   1396.934357  x:  0.01704   0.00854   0.00000   0.01291   0.00000   0.00000   0.00000   0.00430   0.00000   0.00428   0.00856   0.00856   0.00000   0.00000   0.00429   0.00432   0.00864   0.00427   0.00860   0.01284   0.00429   0.02162   0.00000   0.01728   0.00000   0.02628   0.04877   0.00050   0.01279   0.04002   3.12710   1.64702  -0.52239   0.04295  
 41  0.0085   1396.934128  x:  0.01709   0.00857   0.00000   0.01291   0.00000   0.00000   0.00000   0.00429   0.00000   0.00428   0.00857   0.00859   0.00000   0.00000   0.00429   0.00427   0.00864   0.00428   0.00856   0.01290   0.00426   0.02164   0.00000   0.01724   0.00000   0.02624   0.04867   0.00042   0.01280   0.04006   3.12809   1.64952  -0.52487   0.04333  
 42  0.0040   1396.934085  x:  0.01711   0.00858   0.00000   0.01290   0.00000   0.00000   0.00000   0.00428   0.00000   0.00428   0.00859   0.00860   0.00000   0.00000   0.00430   0.00428   0.00862   0.00428   0.00857   0.01289   0.00428   0.02164   0.00000   0.01725   0.00000   0.02624   0.04863   0.00039   0.01282   0.04007   3.12669   1.65081  -0.52614   0.04356  
 43  0.0027   1396.934080  x:  0.01713   0.00859   0.00000   0.01291   0.00000   0.00000   0.00000   0.00428   0.00000   0.00428   0.00859   0.00860   0.00000   0.00000   0.00429   0.00428   0.00862   0.00428   0.00858   0.01289   0.00428   0.02165   0.00000   0.01726   0.00000   0.02624   0.04862   0.00037   0.01283   0.04007   3.12638   1.65061  -0.52594   0.04351  
 44  0.0005   1396.934079  x:  0.01714   0.00859   0.00000   0.01291   0.00000   0.00000   0.00000   0.00428   0.00000   0.00428   0.00859   0.00859   0.00000   0.00000   0.00430   0.00428   0.00862   0.00428   0.00857   0.01289   0.00427   0.02164   0.00000   0.01725   0.00000   0.02624   0.04861   0.00037   0.01283   0.04007   3.12651   1.65043  -0.52575   0.04349  
 45  0.0004   1396.934079  x:  0.01714   0.00859   0.00000   0.01291   0.00000   0.00000   0.00000   0.00428   0.00000   0.00428   0.00859   0.00859   0.00000   0.00000   0.00430   0.00428   0.00862   0.00428   0.00858   0.01289   0.00427   0.02164   0.00000   0.01725   0.00000   0.02624   0.04861   0.00037   0.01283   0.04007   3.12657   1.65035  -0.52566   0.04348  
 46  0.0002   1396.934079  x:  0.01714   0.00859   0.00000   0.01291   0.00000   0.00000   0.00000   0.00428   0.00000   0.00428   0.00859   0.00859   0.00000   0.00000   0.00430   0.00428   0.00862   0.00428   0.00858   0.01289   0.00427   0.02164   0.00000   0.01725   0.00000   0.02624   0.04861   0.00037   0.01283   0.04007   3.12653   1.65036  -0.52567   0.04348  