Supplemental results for CODEML (seqf: /Users/YY/Desktop/get/branch_site/modify/modify_trim_muscle_psbI.fa  treef: /Users/YY/Desktop/get/branch_site/16gene_topu.tree)


dN/dS (w) for site classes (K=4)

site class             0        1       2a       2b
proportion       1.00000  0.00000  0.00000  0.00000
background w     0.00000  1.00000  0.00000  1.00000
foreground w     0.00000  1.00000  1.00000  1.00000

Naive Empirical Bayes (NEB) probabilities for 4 classes
(amino acids refer to 1st sequence: NC_015804)

   1 M   1.00000 0.00000 0.00000 0.00000 ( 1)
   2 L   1.00000 0.00000 0.00000 0.00000 ( 1)
   3 T   1.00000 0.00000 0.00000 0.00000 ( 1)
   4 L   1.00000 0.00000 0.00000 0.00000 ( 1)
   5 K   1.00000 0.00000 0.00000 0.00000 ( 1)
   6 L   1.00000 0.00000 0.00000 0.00000 ( 1)
   7 F   1.00000 0.00000 0.00000 0.00000 ( 1)
   8 V   1.00000 0.00000 0.00000 0.00000 ( 1)
   9 Y   1.00000 0.00000 0.00000 0.00000 ( 1)
  10 T   1.00000 0.00000 0.00000 0.00000 ( 1)
  11 V   1.00000 0.00000 0.00000 0.00000 ( 1)
  12 V   1.00000 0.00000 0.00000 0.00000 ( 1)
  13 I   1.00000 0.00000 0.00000 0.00000 ( 1)
  14 F   1.00000 0.00000 0.00000 0.00000 ( 1)
  15 F   1.00000 0.00000 0.00000 0.00000 ( 1)
  16 V   1.00000 0.00000 0.00000 0.00000 ( 1)
  17 S   1.00000 0.00000 0.00000 0.00000 ( 1)
  18 L   1.00000 0.00000 0.00000 0.00000 ( 1)
  19 F   1.00000 0.00000 0.00000 0.00000 ( 1)
  20 I   1.00000 0.00000 0.00000 0.00000 ( 1)
  21 F   1.00000 0.00000 0.00000 0.00000 ( 1)
  22 G   1.00000 0.00000 0.00000 0.00000 ( 1)
  23 F   1.00000 0.00000 0.00000 0.00000 ( 1)
  24 L   1.00000 0.00000 0.00000 0.00000 ( 1)
  25 S   1.00000 0.00000 0.00000 0.00000 ( 1)
  26 N   1.00000 0.00000 0.00000 0.00000 ( 1)
  27 D   1.00000 0.00000 0.00000 0.00000 ( 1)
  28 P   1.00000 0.00000 0.00000 0.00000 ( 1)
  29 G   1.00000 0.00000 0.00000 0.00000 ( 1)
  30 R   1.00000 0.00000 0.00000 0.00000 ( 1)
  31 N   1.00000 0.00000 0.00000 0.00000 ( 1)
  32 P   1.00000 0.00000 0.00000 0.00000 ( 1)
  33 G   1.00000 0.00000 0.00000 0.00000 ( 1)
  34 R   1.00000 0.00000 0.00000 0.00000 ( 1)
  35 E   1.00000 0.00000 0.00000 0.00000 ( 1)
  36 E   1.00000 0.00000 0.00000 0.00000 ( 1)


lnL =  -175.666880

