

TREE # 1

  0  0.0000    212.033421  x:  0.00000   0.01567   0.05931   0.01932   0.06920   0.06830   0.03360   0.03974   0.06777   0.01972   0.05098   0.02548   0.02392   0.01630   0.01953   0.06103   0.05634   0.02618   0.04955   0.04316   0.07099   0.04596   0.01234   0.02813   0.01022   0.06944   0.05983   0.04088   0.08549   0.02199   2.00000   1.09989   0.02896   0.27919  
  1 99.0000    212.032805  x:  0.00000   0.01567   0.05931   0.01932   0.06920   0.06830   0.03360   0.03974   0.06777   0.01972   0.05098   0.02547   0.02392   0.01629   0.01953   0.06103   0.05634   0.02618   0.04955   0.04316   0.07099   0.04596   0.01234   0.02813   0.01022   0.06943   0.05983   0.04088   0.08549   0.02200   2.00000   1.09989   0.02896   0.27919  
  2 151.1611    204.445071  x:  0.00000   0.00544   0.04909   0.00896   0.05895   0.05805   0.02277   0.02942   0.05752   0.00936   0.04068   0.01513   0.01357   0.00592   0.00916   0.05076   0.04606   0.01583   0.03925   0.04050   0.06077   0.04286   0.00206   0.03081   0.00000   0.05922   0.06132   0.03076   0.07922   0.02972   1.99995   1.09986   0.02901   0.27086  
  3 43813.7972    202.957310  x:  0.00000   0.00338   0.04703   0.00686   0.05688   0.05598   0.02057   0.02734   0.05544   0.00726   0.03860   0.01303   0.01147   0.00383   0.00706   0.04868   0.04399   0.01374   0.03717   0.04013   0.05871   0.04240   0.00000   0.03074   0.00000   0.05717   0.06156   0.02889   0.07808   0.03063   1.99992   1.09965   0.02922   0.26739  
  4 2624.9254    200.554676  x:  0.00000   0.00000   0.04365   0.00339   0.05343   0.05253   0.01688   0.02387   0.05199   0.00379   0.03514   0.00956   0.00799   0.00035   0.00359   0.04522   0.04053   0.01027   0.03371   0.03882   0.05530   0.04085   0.00000   0.02875   0.00000   0.05369   0.06274   0.02559   0.07542   0.03226   1.99986   1.09925   0.02964   0.26089  
  5 5085.1239    200.316347  x:  0.00000   0.00000   0.04332   0.00304   0.05308   0.05218   0.01651   0.02352   0.05164   0.00344   0.03479   0.00921   0.00764   0.00000   0.00324   0.04487   0.04018   0.00992   0.03336   0.03872   0.05497   0.04070   0.00000   0.02883   0.00000   0.05333   0.06286   0.02523   0.07505   0.03226   1.99985   1.09919   0.02970   0.26001  
  6 1826.9298    198.364965  x:  0.00000   0.00000   0.04051   0.00000   0.05004   0.04913   0.01320   0.02048   0.04860   0.00039   0.03174   0.00617   0.00460   0.00000   0.00019   0.04182   0.03713   0.00687   0.03031   0.03919   0.05209   0.04119   0.00000   0.02854   0.00000   0.05009   0.06248   0.02189   0.07257   0.03307   1.99976   1.09868   0.03024   0.25234  
  7 2837.5448    198.251049  x:  0.00000   0.00000   0.04034   0.00000   0.04985   0.04894   0.01299   0.02029   0.04841   0.00020   0.03155   0.00598   0.00441   0.00000   0.00000   0.04163   0.03694   0.00668   0.03012   0.03915   0.05192   0.04117   0.00000   0.02853   0.00000   0.04989   0.06246   0.02168   0.07255   0.03311   1.99975   1.09865   0.03027   0.25188  
  8 3124.3714    198.139167  x:  0.00000   0.00000   0.04017   0.00000   0.04965   0.04875   0.01277   0.02009   0.04821   0.00000   0.03136   0.00578   0.00421   0.00000   0.00000   0.04143   0.03675   0.00648   0.02993   0.03913   0.05174   0.04115   0.00000   0.02852   0.00000   0.04968   0.06245   0.02146   0.07253   0.03315   1.99975   1.09863   0.03030   0.25141  
  9 72756.5959    195.893667  x:  0.00000   0.00000   0.03658   0.00000   0.04548   0.04458   0.00808   0.01590   0.04404   0.00000   0.02717   0.00157   0.00000   0.00000   0.00000   0.03725   0.03256   0.00228   0.02574   0.03765   0.04799   0.04133   0.00000   0.02836   0.00000   0.04518   0.06183   0.01690   0.07093   0.03397   1.99965   1.09822   0.03072   0.24231  
 10 4421.1530    195.106405  x:  0.00000   0.00000   0.03523   0.00000   0.04392   0.04302   0.00633   0.01433   0.04249   0.00000   0.02561   0.00000   0.00000   0.00000   0.00000   0.03569   0.03100   0.00072   0.02418   0.03732   0.04658   0.04111   0.00000   0.02829   0.00000   0.04351   0.06148   0.01520   0.07042   0.03428   1.99961   1.09807   0.03088   0.23893  
 11 19838.2697    194.768649  x:  0.00000   0.00000   0.03462   0.00000   0.04321   0.04231   0.00553   0.01362   0.04178   0.00000   0.02489   0.00000   0.00000   0.00000   0.00000   0.03498   0.03029   0.00000   0.02347   0.03718   0.04594   0.04098   0.00000   0.02826   0.00000   0.04275   0.06128   0.01442   0.07017   0.03442   1.99959   1.09800   0.03095   0.23738  
 12 196805.7344    192.650833  x:  0.00000   0.00000   0.03043   0.00000   0.03842   0.03752   0.00000   0.00881   0.03699   0.00000   0.02007   0.00000   0.00000   0.00000   0.00000   0.03018   0.02548   0.00000   0.01866   0.03626   0.04157   0.04055   0.00000   0.02808   0.00000   0.03763   0.06061   0.00917   0.06907   0.03529   1.99947   1.09767   0.03129   0.22725  
 13 1354.8108    189.274936  x:  0.00000   0.00000   0.02316   0.00000   0.03009   0.02920   0.00000   0.00047   0.02868   0.00000   0.01171   0.00000   0.00000   0.00000   0.00000   0.02183   0.01713   0.00000   0.01032   0.03460   0.03398   0.04008   0.00000   0.02777   0.00000   0.02870   0.05983   0.00000   0.06742   0.03684   1.99926   1.09705   0.03196   0.20874  
 14 11286.2459    189.099021  x:  0.00000   0.00000   0.02275   0.00000   0.02962   0.02872   0.00000   0.00000   0.02821   0.00000   0.01124   0.00000   0.00000   0.00000   0.00000   0.02136   0.01666   0.00000   0.00984   0.03449   0.03355   0.04006   0.00000   0.02775   0.00000   0.02820   0.05980   0.00000   0.06732   0.03694   1.99924   1.09699   0.03200   0.20759  
 15 1241.7975    185.753171  x:  0.00000   0.00000   0.01418   0.00000   0.01978   0.01889   0.00000   0.00000   0.01838   0.00000   0.00137   0.00000   0.00000   0.00000   0.00000   0.01152   0.00681   0.00000   0.00000   0.03249   0.02457   0.03971   0.00000   0.02739   0.00000   0.01771   0.05917   0.00000   0.06558   0.03886   1.99895   1.09640   0.03235   0.18458  
 16 3494.3518    185.327545  x:  0.00000   0.00000   0.01299   0.00000   0.01841   0.01752   0.00000   0.00000   0.01702   0.00000   0.00000   0.00000   0.00000   0.00000   0.00000   0.01015   0.00544   0.00000   0.00000   0.03218   0.02333   0.03966   0.00000   0.02733   0.00000   0.01624   0.05907   0.00000   0.06532   0.03916   1.99891   1.09631   0.03240   0.18100  
 17 1113.6837    183.815188  x:  0.00000   0.00000   0.00829   0.00000   0.01297   0.01209   0.00000   0.00000   0.01159   0.00000   0.00000   0.00000   0.00000   0.00000   0.00000   0.00471   0.00000   0.00000   0.00000   0.03102   0.01838   0.03946   0.00000   0.02711   0.00000   0.01042   0.05873   0.00000   0.06438   0.04029   1.99873   1.09610   0.03247   0.16718  
 18 10624.6899    182.662057  x:  0.00000   0.00000   0.00421   0.00000   0.00827   0.00739   0.00000   0.00000   0.00689   0.00000   0.00000   0.00000   0.00000   0.00000   0.00000   0.00000   0.00000   0.00000   0.00000   0.03007   0.01409   0.03930   0.00000   0.02693   0.00000   0.00540   0.05845   0.00000   0.06361   0.04124   1.99858   1.09596   0.03248   0.15560  
 19 14673.8628    181.629979  x:  0.00000   0.00000   0.00000   0.00000   0.00342   0.00254   0.00000   0.00000   0.00205   0.00000   0.00000   0.00000   0.00000   0.00000   0.00000   0.00000   0.00000   0.00000   0.00000   0.02909   0.00967   0.03912   0.00000   0.02675   0.00000   0.00022   0.05817   0.00000   0.06282   0.04221   1.99842   1.09582   0.03249   0.14370  
 20 1146317.7688    181.592493  x:  0.00000   0.00000   0.00000   0.00000   0.00322   0.00234   0.00000   0.00000   0.00185   0.00000   0.00000   0.00000   0.00000   0.00000   0.00000   0.00000   0.00000   0.00000   0.00000   0.02905   0.00948   0.03912   0.00000   0.02674   0.00000   0.00000   0.05816   0.00000   0.06279   0.04225   1.99842   1.09582   0.03249   0.14322  
 21 5754.0465    181.321881  x:  0.00000   0.00000   0.00000   0.00000   0.00137   0.00049   0.00000   0.00000   0.00000   0.00000   0.00000   0.00000   0.00000   0.00000   0.00000   0.00000   0.00000   0.00000   0.00000   0.02877   0.00778   0.03906   0.00000   0.02668   0.00000   0.00000   0.05808   0.00000   0.06258   0.04253   1.99837   1.09589   0.03238   0.13945  
 22 817.2252    181.267251  x:  0.00000   0.00000   0.00000   0.00000   0.00088   0.00000   0.00000   0.00000   0.00000   0.00000   0.00000   0.00000   0.00000   0.00000   0.00000   0.00000   0.00000   0.00000   0.00000   0.02871   0.00732   0.03905   0.00000   0.02667   0.00000   0.00000   0.05807   0.00000   0.06253   0.04259   1.99836   1.09593   0.03233   0.13861  
 23 616.5412    181.200601  x:  0.00000   0.00000   0.00000   0.00000   0.00000   0.00000   0.00000   0.00000   0.00000   0.00000   0.00000   0.00000   0.00000   0.00000   0.00000   0.00000   0.00000   0.00000   0.00000   0.02864   0.00649   0.03904   0.00000   0.02665   0.00000   0.00000   0.05806   0.00000   0.06248   0.04268   1.99834   1.09603   0.03222   0.13740  
 24 410.5513    180.919979  x:  0.00000   0.00000   0.00000   0.00000   0.00000   0.00000   0.00000   0.00000   0.00000   0.00000   0.00000   0.00000   0.00000   0.00000   0.00000   0.00000   0.00000   0.00000   0.00000   0.02827   0.00000   0.03898   0.00000   0.02656   0.00000   0.00000   0.05804   0.00000   0.06231   0.04315   1.99825   1.09716   0.03101   0.13000  
 25 246.8487    179.591675  x:  0.00000   0.00000   0.00000   0.00000   0.00000   0.00000   0.00000   0.00000   0.00000   0.00000   0.00000   0.00000   0.00000   0.00000   0.00000   0.00000   0.00000   0.00000   0.00000   0.02105   0.00000   0.03750   0.00000   0.02483   0.00000   0.00000   0.05686   0.00000   0.05740   0.05183   1.99685   1.11319   0.01357   0.00000  
 26 567.7424    179.155962  x:  0.00000   0.00000   0.00000   0.00000   0.00000   0.00000   0.00000   0.00000   0.00000   0.00000   0.00000   0.00000   0.00000   0.00000   0.00000   0.00000   0.00000   0.00000   0.00000   0.02729   0.00000   0.02944   0.00000   0.02517   0.00000   0.00000   0.05139   0.00000   0.02693   0.04709   2.00045   1.15549  -0.02789   0.00000  
 27  2.2433    178.970760  x:  0.00000   0.00000   0.00000   0.00000   0.00000   0.00000   0.00000   0.00000   0.00000   0.00000   0.00000   0.00000   0.00000   0.00000   0.00000   0.00000   0.00000   0.00000   0.00000   0.01965   0.00000   0.03746   0.00000   0.02585   0.00000   0.00000   0.05932   0.00000   0.01901   0.04299   2.00909   1.22554  -0.09664   0.00000  
 28  1.6324    178.695906  x:  0.00000   0.00000   0.00000   0.00000   0.00000   0.00000   0.00000   0.00000   0.00000   0.00000   0.00000   0.00000   0.00000   0.00000   0.00000   0.00000   0.00000   0.00000   0.00000   0.01265   0.00000   0.03061   0.00000   0.02753   0.00000   0.00000   0.04846   0.00000   0.02197   0.02997   2.03295   1.34089  -0.20978   0.00000  
 29  2.3590    178.521725  x:  0.00000   0.00000   0.00000   0.00000   0.00000   0.00000   0.00000   0.00000   0.00000   0.00000   0.00000   0.00000   0.00000   0.00000   0.00000   0.00000   0.00000   0.00000   0.00000   0.01134   0.00000   0.02004   0.00000   0.02611   0.00000   0.00000   0.06046   0.00000   0.02342   0.03446   2.06908   1.40817  -0.27532   0.00000  
 30  0.8092    177.728412  x:  0.00000   0.00000   0.00000   0.00000   0.00000   0.00000   0.00000   0.00000   0.00000   0.00000   0.00000   0.00000   0.00000   0.00000   0.00000   0.00000   0.00000   0.00000   0.00000   0.02116   0.00000   0.02081   0.00000   0.01924   0.00000   0.00000   0.07103   0.00000   0.03076   0.01582   2.33391   1.65294  -0.50940   0.00000  
 31  0.8199    176.474217  x:  0.00000   0.00000   0.00000   0.00000   0.00000   0.00000   0.00000   0.00000   0.00000   0.00000   0.00000   0.00000   0.00000   0.00000   0.00000   0.00000   0.00000   0.00000   0.00000   0.03022   0.00000   0.02986   0.00000   0.02972   0.00000   0.00000   0.06386   0.00000   0.04338   0.04642   2.84616   2.32334  -1.15705   0.00000  
 32  4.4750    176.132602  x:  0.00000   0.00000   0.00000   0.00000   0.00000   0.00000   0.00000   0.00000   0.00000   0.00000   0.00000   0.00000   0.00000   0.00000   0.00000   0.00000   0.00000   0.00000   0.00000   0.03116   0.00000   0.02219   0.00000   0.03636   0.00000   0.00000   0.05052   0.00000   0.02726   0.03468   2.53228   2.67187  -1.49529   0.00000  
 33  0.3284    175.891820  x:  0.00000   0.00000   0.00000   0.00000   0.00000   0.00000   0.00000   0.00000   0.00000   0.00000   0.00000   0.00000   0.00000   0.00000   0.00000   0.00000   0.00000   0.00000   0.00000   0.02749   0.00000   0.03231   0.00000   0.03278   0.00000   0.00000   0.06357   0.00000   0.02294   0.02522   2.10586   2.99124  -1.80407   0.00000  
 34  0.7115    175.785756  x:  0.00000   0.00000   0.00000   0.00000   0.00000   0.00000   0.00000   0.00000   0.00000   0.00000   0.00000   0.00000   0.00000   0.00000   0.00000   0.00000   0.00000   0.00000   0.00000   0.02779   0.00000   0.03348   0.00000   0.02527   0.00000   0.00000   0.06374   0.00000   0.02962   0.03063   1.82815   3.19767  -2.00375   0.00000  
 35  0.3341    175.735627  x:  0.00000   0.00000   0.00000   0.00000   0.00000   0.00000   0.00000   0.00000   0.00000   0.00000   0.00000   0.00000   0.00000   0.00000   0.00000   0.00000   0.00000   0.00000   0.00000   0.02928   0.00000   0.03141   0.00000   0.03162   0.00000   0.00000   0.06455   0.00000   0.03212   0.03008   1.59434   3.38007  -2.17988   0.00000  
 36  0.3706    175.715835  x:  0.00000   0.00000   0.00000   0.00000   0.00000   0.00000   0.00000   0.00000   0.00000   0.00000   0.00000   0.00000   0.00000   0.00000   0.00000   0.00000   0.00000   0.00000   0.00000   0.03031   0.00000   0.02865   0.00000   0.03034   0.00000   0.00000   0.05983   0.00000   0.02903   0.03081   1.56315   3.56230  -2.35657   0.00000  
 37  0.1723    175.699139  x:  0.00000   0.00000   0.00000   0.00000   0.00000   0.00000   0.00000   0.00000   0.00000   0.00000   0.00000   0.00000   0.00000   0.00000   0.00000   0.00000   0.00000   0.00000   0.00000   0.03097   0.00000   0.02841   0.00000   0.03164   0.00000   0.00000   0.06081   0.00000   0.02933   0.03178   1.76462   3.78425  -2.57136   0.00000  
 38  0.1662    175.678450  x:  0.00000   0.00000   0.00000   0.00000   0.00000   0.00000   0.00000   0.00000   0.00000   0.00000   0.00000   0.00000   0.00000   0.00000   0.00000   0.00000   0.00000   0.00000   0.00000   0.02986   0.00000   0.03083   0.00000   0.02989   0.00000   0.00000   0.06366   0.00000   0.02987   0.03017   1.65096   4.35180  -3.12078   0.00000  
 39  0.3106    175.671568  x:  0.00000   0.00000   0.00000   0.00000   0.00000   0.00000   0.00000   0.00000   0.00000   0.00000   0.00000   0.00000   0.00000   0.00000   0.00000   0.00000   0.00000   0.00000   0.00000   0.03006   0.00000   0.02905   0.00000   0.03096   0.00000   0.00000   0.06081   0.00000   0.02934   0.03073   1.69088   4.76703  -3.52298   0.00000  
 40  0.2549    175.668558  x:  0.00000   0.00000   0.00000   0.00000   0.00000   0.00000   0.00000   0.00000   0.00000   0.00000   0.00000   0.00000   0.00000   0.00000   0.00000   0.00000   0.00000   0.00000   0.00000   0.02905   0.00000   0.02982   0.00000   0.03067   0.00000   0.00000   0.06231   0.00000   0.03007   0.03060   1.67083   5.29377  -4.03303   0.00000  
 41  0.2572    175.667722  x:  0.00000   0.00000   0.00000   0.00000   0.00000   0.00000   0.00000   0.00000   0.00000   0.00000   0.00000   0.00000   0.00000   0.00000   0.00000   0.00000   0.00000   0.00000   0.00000   0.02902   0.00000   0.02923   0.00000   0.03071   0.00000   0.00000   0.06145   0.00000   0.02950   0.03082   1.68429   5.64735  -4.37545   0.00000  
 42  0.2357    175.667234  x:  0.00000   0.00000   0.00000   0.00000   0.00000   0.00000   0.00000   0.00000   0.00000   0.00000   0.00000   0.00000   0.00000   0.00000   0.00000   0.00000   0.00000   0.00000   0.00000   0.02901   0.00000   0.02961   0.00000   0.03086   0.00000   0.00000   0.06213   0.00000   0.02985   0.03078   1.67623   6.22471  -4.93439   0.00000  
 43  0.2019    175.667003  x:  0.00000   0.00000   0.00000   0.00000   0.00000   0.00000   0.00000   0.00000   0.00000   0.00000   0.00000   0.00000   0.00000   0.00000   0.00000   0.00000   0.00000   0.00000   0.00000   0.02928   0.00000   0.02944   0.00000   0.03070   0.00000   0.00000   0.06162   0.00000   0.02954   0.03076   1.68023   6.61289  -5.31021   0.00000  
 44  0.2410    175.666935  x:  0.00000   0.00000   0.00000   0.00000   0.00000   0.00000   0.00000   0.00000   0.00000   0.00000   0.00000   0.00000   0.00000   0.00000   0.00000   0.00000   0.00000   0.00000   0.00000   0.02941   0.00000   0.02955   0.00000   0.03072   0.00000   0.00000   0.06183   0.00000   0.02972   0.03069   1.67942   7.02173  -5.70600   0.00000  
 45  0.2394    175.666907  x:  0.00000   0.00000   0.00000   0.00000   0.00000   0.00000   0.00000   0.00000   0.00000   0.00000   0.00000   0.00000   0.00000   0.00000   0.00000   0.00000   0.00000   0.00000   0.00000   0.02938   0.00000   0.02947   0.00000   0.03066   0.00000   0.00000   0.06169   0.00000   0.02961   0.03069   1.67989   7.47245  -6.14240   0.00000  
 46  0.1727    175.666890  x:  0.00000   0.00000   0.00000   0.00000   0.00000   0.00000   0.00000   0.00000   0.00000   0.00000   0.00000   0.00000   0.00000   0.00000   0.00000   0.00000   0.00000   0.00000   0.00000   0.02932   0.00000   0.02951   0.00000   0.03073   0.00000   0.00000   0.06180   0.00000   0.02970   0.03071   1.67974   7.89887  -6.55526   0.00000  
 47  0.2439    175.666884  x:  0.00000   0.00000   0.00000   0.00000   0.00000   0.00000   0.00000   0.00000   0.00000   0.00000   0.00000   0.00000   0.00000   0.00000   0.00000   0.00000   0.00000   0.00000   0.00000   0.02931   0.00000   0.02949   0.00000   0.03070   0.00000   0.00000   0.06173   0.00000   0.02964   0.03072   1.67960   8.44011  -7.07929   0.00000  
 48  0.2407    175.666882  x:  0.00000   0.00000   0.00000   0.00000   0.00000   0.00000   0.00000   0.00000   0.00000   0.00000   0.00000   0.00000   0.00000   0.00000   0.00000   0.00000   0.00000   0.00000   0.00000   0.02933   0.00000   0.02951   0.00000   0.03072   0.00000   0.00000   0.06178   0.00000   0.02968   0.03072   1.67966   8.79628  -7.42412   0.00000  
 49  0.2248    175.666881  x:  0.00000   0.00000   0.00000   0.00000   0.00000   0.00000   0.00000   0.00000   0.00000   0.00000   0.00000   0.00000   0.00000   0.00000   0.00000   0.00000   0.00000   0.00000   0.00000   0.02933   0.00000   0.02950   0.00000   0.03071   0.00000   0.00000   0.06176   0.00000   0.02966   0.03071   1.67963   9.36840  -7.97805   0.00000  
 50  0.2442    175.666881  x:  0.00000   0.00000   0.00000   0.00000   0.00000   0.00000   0.00000   0.00000   0.00000   0.00000   0.00000   0.00000   0.00000   0.00000   0.00000   0.00000   0.00000   0.00000   0.00000   0.02933   0.00000   0.02950   0.00000   0.03072   0.00000   0.00000   0.06177   0.00000   0.02967   0.03071   1.67967   9.71675  -8.31531   0.00000  
 51  0.2343    175.666880  x:  0.00000   0.00000   0.00000   0.00000   0.00000   0.00000   0.00000   0.00000   0.00000   0.00000   0.00000   0.00000   0.00000   0.00000   0.00000   0.00000   0.00000   0.00000   0.00000   0.02933   0.00000   0.02950   0.00000   0.03071   0.00000   0.00000   0.06176   0.00000   0.02966   0.03071   1.67965  10.31799  -8.89743   0.00000  
 52  0.2439    175.666880  x:  0.00000   0.00000   0.00000   0.00000   0.00000   0.00000   0.00000   0.00000   0.00000   0.00000   0.00000   0.00000   0.00000   0.00000   0.00000   0.00000   0.00000   0.00000   0.00000   0.02933   0.00000   0.02950   0.00000   0.03071   0.00000   0.00000   0.06177   0.00000   0.02967   0.03071   1.67967  10.64576  -9.21477   0.00000  
 53  0.2337    175.666880  x:  0.00000   0.00000   0.00000   0.00000   0.00000   0.00000   0.00000   0.00000   0.00000   0.00000   0.00000   0.00000   0.00000   0.00000   0.00000   0.00000   0.00000   0.00000   0.00000   0.02933   0.00000   0.02950   0.00000   0.03071   0.00000   0.00000   0.06177   0.00000   0.02966   0.03071   1.67965  11.33123  -9.87843   0.00000  
 54  0.2465    175.666880  x:  0.00000   0.00000   0.00000   0.00000   0.00000   0.00000   0.00000   0.00000   0.00000   0.00000   0.00000   0.00000   0.00000   0.00000   0.00000   0.00000   0.00000   0.00000   0.00000   0.02933   0.00000   0.02950   0.00000   0.03071   0.00000   0.00000   0.06177   0.00000   0.02967   0.03071   1.67966  11.61393  -10.15214   0.00000  
 55  0.2263    175.666880  x:  0.00000   0.00000   0.00000   0.00000   0.00000   0.00000   0.00000   0.00000   0.00000   0.00000   0.00000   0.00000   0.00000   0.00000   0.00000   0.00000   0.00000   0.00000   0.00000   0.02933   0.00000   0.02950   0.00000   0.03071   0.00000   0.00000   0.06177   0.00000   0.02967   0.03071   1.67966  12.60649  -11.11312   0.00000  
 56  0.2455    175.666880  x:  0.00000   0.00000   0.00000   0.00000   0.00000   0.00000   0.00000   0.00000   0.00000   0.00000   0.00000   0.00000   0.00000   0.00000   0.00000   0.00000   0.00000   0.00000   0.00000   0.02933   0.00000   0.02950   0.00000   0.03071   0.00000   0.00000   0.06177   0.00000   0.02967   0.03071   1.67966  12.74017  -11.24256   0.00000  
 57  0.1551    175.666880  x:  0.00000   0.00000   0.00000   0.00000   0.00000   0.00000   0.00000   0.00000   0.00000   0.00000   0.00000   0.00000   0.00000   0.00000   0.00000   0.00000   0.00000   0.00000   0.00000   0.02933   0.00000   0.02950   0.00000   0.03071   0.00000   0.00000   0.06177   0.00000   0.02967   0.03071   1.67966  13.10481  -11.59560   0.00000  
 58  0.2093    175.666880  x:  0.00000   0.00000   0.00000   0.00000   0.00000   0.00000   0.00000   0.00000   0.00000   0.00000   0.00000   0.00000   0.00000   0.00000   0.00000   0.00000   0.00000   0.00000   0.00000   0.02933   0.00000   0.02950   0.00000   0.03071   0.00000   0.00000   0.06177   0.00000   0.02967   0.03071   1.67966  14.14993  -12.60747   0.00000  
 59  0.3287    175.666880  x:  0.00000   0.00000   0.00000   0.00000   0.00000   0.00000   0.00000   0.00000   0.00000   0.00000   0.00000   0.00000   0.00000   0.00000   0.00000   0.00000   0.00000   0.00000   0.00000   0.02933   0.00000   0.02950   0.00000   0.03071   0.00000   0.00000   0.06177   0.00000   0.02967   0.03071   1.67966  14.32939  -12.78122   0.00000  
 60  0.2047    175.666880  x:  0.00000   0.00000   0.00000   0.00000   0.00000   0.00000   0.00000   0.00000   0.00000   0.00000   0.00000   0.00000   0.00000   0.00000   0.00000   0.00000   0.00000   0.00000   0.00000   0.02933   0.00000   0.02950   0.00000   0.03071   0.00000   0.00000   0.06177   0.00000   0.02967   0.03071   1.67966  14.60501  -13.04807   0.00000  
 61  0.4807    175.666880  x:  0.00000   0.00000   0.00000   0.00000   0.00000   0.00000   0.00000   0.00000   0.00000   0.00000   0.00000   0.00000   0.00000   0.00000   0.00000   0.00000   0.00000   0.00000   0.00000   0.02933   0.00000   0.02950   0.00000   0.03071   0.00000   0.00000   0.06177   0.00000   0.02967   0.03071   1.67966  15.07830  -13.50631   0.00000  
 62  0.0823    175.666880  x:  0.00000   0.00000   0.00000   0.00000   0.00000   0.00000   0.00000   0.00000   0.00000   0.00000   0.00000   0.00000   0.00000   0.00000   0.00000   0.00000   0.00000   0.00000   0.00000   0.02933   0.00000   0.02950   0.00000   0.03071   0.00000   0.00000   0.06177   0.00000   0.02967   0.03071   1.67966  15.07830  -13.50631   0.00000  
 63  0.4509    175.666880  x:  0.00000   0.00000   0.00000   0.00000   0.00000   0.00000   0.00000   0.00000   0.00000   0.00000   0.00000   0.00000   0.00000   0.00000   0.00000   0.00000   0.00000   0.00000   0.00000   0.02933   0.00000   0.02950   0.00000   0.03071   0.00000   0.00000   0.06177   0.00000   0.02967   0.03071   1.67966  15.07830  -13.50631   0.00000  