

TREE # 1

  0  0.0000    403.396946  x:  0.00000   0.00474   0.03136   0.01871   0.02250   0.02224   0.01070   0.01291   0.02202   0.00641   0.01656   0.00828   0.00777   0.00551   0.00604   0.03207   0.03013   0.02032   0.01564   0.01054   0.02316   0.02401   0.00417   0.01852   0.00297   0.03417   0.03758   0.04088   0.03327   0.12362   2.00000   1.09989   0.02896   0.27919  
  1 99.0000    403.391943  x:  0.00000   0.00474   0.03136   0.01871   0.02250   0.02224   0.01070   0.01291   0.02201   0.00640   0.01656   0.00827   0.00777   0.00551   0.00603   0.03207   0.03013   0.02032   0.01564   0.01053   0.02316   0.02401   0.00417   0.01852   0.00296   0.03417   0.03758   0.04088   0.03326   0.12362   2.00000   1.09989   0.02896   0.27919  
  2 261.6406    399.507221  x:  0.00000   0.00173   0.02742   0.01690   0.01953   0.01925   0.00725   0.00987   0.01899   0.00337   0.01353   0.00524   0.00473   0.00253   0.00306   0.02810   0.02603   0.01786   0.01264   0.00750   0.02021   0.02016   0.00124   0.01706   0.00000   0.03032   0.03722   0.03845   0.02949   0.12661   2.00002   1.09976   0.02910   0.27616  
  3 1169.0222    397.739449  x:  0.00000   0.00030   0.02535   0.01912   0.01815   0.01785   0.00511   0.00839   0.01750   0.00188   0.01204   0.00375   0.00325   0.00117   0.00170   0.02585   0.02421   0.02004   0.01119   0.00601   0.01890   0.02122   0.00000   0.01876   0.00000   0.02775   0.03689   0.03644   0.02702   0.12973   1.99998   1.09945   0.02943   0.27137  
  4 320.9424    397.418350  x:  0.00000   0.00000   0.02536   0.01895   0.01786   0.01756   0.00459   0.00807   0.01718   0.00156   0.01172   0.00343   0.00293   0.00089   0.00142   0.02582   0.02432   0.02001   0.01087   0.00570   0.01863   0.02150   0.00000   0.01860   0.00000   0.02759   0.03685   0.03633   0.02688   0.13035   1.99996   1.09935   0.02954   0.26987  
  5 271.7550    396.471595  x:  0.00000   0.00000   0.02543   0.01904   0.01696   0.01664   0.00288   0.00706   0.01617   0.00055   0.01071   0.00242   0.00191   0.00000   0.00052   0.02588   0.02441   0.01985   0.00988   0.00468   0.01779   0.02120   0.00000   0.01874   0.00000   0.02751   0.03679   0.03631   0.02682   0.13170   1.99989   1.09903   0.02987   0.26502  
  6 1846.9820    395.992668  x:  0.00000   0.00000   0.02538   0.01903   0.01647   0.01615   0.00197   0.00651   0.01562   0.00000   0.01016   0.00187   0.00137   0.00000   0.00004   0.02584   0.02433   0.01987   0.00934   0.00414   0.01734   0.02113   0.00000   0.01869   0.00000   0.02750   0.03678   0.03628   0.02680   0.13212   1.99985   1.09886   0.03005   0.26245  
  7 9478.1765    395.956945  x:  0.00000   0.00000   0.02538   0.01902   0.01643   0.01611   0.00189   0.00647   0.01558   0.00000   0.01012   0.00183   0.00132   0.00000   0.00000   0.02583   0.02432   0.01988   0.00930   0.00409   0.01731   0.02113   0.00000   0.01868   0.00000   0.02750   0.03677   0.03628   0.02680   0.13216   1.99985   1.09885   0.03006   0.26224  
  8 532513.1857    395.094996  x:  0.00000   0.00000   0.02506   0.01885   0.01542   0.01508   0.00000   0.00534   0.01445   0.00000   0.00899   0.00070   0.00020   0.00000   0.00000   0.02563   0.02386   0.01960   0.00819   0.00296   0.01634   0.02133   0.00000   0.01894   0.00000   0.02772   0.03692   0.03637   0.02695   0.13301   1.99978   1.09848   0.03045   0.25677  
  9 2043.5986    394.967967  x:  0.00000   0.00000   0.02504   0.01886   0.01524   0.01491   0.00000   0.00515   0.01426   0.00000   0.00880   0.00051   0.00000   0.00000   0.00000   0.02561   0.02385   0.01960   0.00800   0.00276   0.01618   0.02131   0.00000   0.01891   0.00000   0.02772   0.03692   0.03635   0.02694   0.13311   1.99977   1.09841   0.03052   0.25586  
 10 4766.8494    394.665265  x:  0.00000   0.00000   0.02504   0.01871   0.01478   0.01444   0.00000   0.00464   0.01375   0.00000   0.00829   0.00000   0.00000   0.00000   0.00000   0.02561   0.02379   0.01970   0.00750   0.00225   0.01574   0.02121   0.00000   0.01896   0.00000   0.02764   0.03687   0.03632   0.02688   0.13338   1.99974   1.09826   0.03068   0.25358  
 11 9019.6257    393.487330  x:  0.00000   0.00000   0.02510   0.01888   0.01268   0.01230   0.00000   0.00241   0.01152   0.00000   0.00606   0.00000   0.00000   0.00000   0.00000   0.02588   0.02299   0.01959   0.00531   0.00000   0.01379   0.02117   0.00000   0.01866   0.00000   0.02736   0.03656   0.03647   0.02680   0.13456   1.99960   1.09779   0.03119   0.24574  
 12 2104.1584    392.382093  x:  0.00000   0.00000   0.02479   0.01887   0.01041   0.00999   0.00000   0.00000   0.00913   0.00000   0.00366   0.00000   0.00000   0.00000   0.00000   0.02565   0.02281   0.01967   0.00296   0.00000   0.01168   0.02099   0.00000   0.01846   0.00000   0.02742   0.03661   0.03646   0.02682   0.13580   1.99946   1.09733   0.03169   0.23790  
 13 7308.5813    391.185632  x:  0.00000   0.00000   0.02492   0.01887   0.00749   0.00703   0.00000   0.00000   0.00613   0.00000   0.00065   0.00000   0.00000   0.00000   0.00000   0.02538   0.02239   0.01966   0.00000   0.00000   0.00899   0.02081   0.00000   0.01826   0.00000   0.02762   0.03665   0.03604   0.02669   0.13704   1.99932   1.09676   0.03231   0.22872  
 14 4044.5368    390.965546  x:  0.00000   0.00000   0.02486   0.01887   0.00686   0.00638   0.00000   0.00000   0.00548   0.00000   0.00000   0.00000   0.00000   0.00000   0.00000   0.02535   0.02234   0.01966   0.00000   0.00000   0.00841   0.02077   0.00000   0.01822   0.00000   0.02760   0.03663   0.03604   0.02667   0.13730   1.99929   1.09664   0.03245   0.22677  
 15 20792.9494    389.461520  x:  0.00000   0.00000   0.02520   0.01886   0.00128   0.00072   0.00000   0.00000   0.00000   0.00000   0.00000   0.00000   0.00000   0.00000   0.00000   0.02462   0.02180   0.01975   0.00000   0.00000   0.00343   0.02051   0.00000   0.01792   0.00000   0.02722   0.03718   0.03610   0.02681   0.13912   1.99906   1.09586   0.03330   0.21373  
 16 1409.4625    389.315583  x:  0.00000   0.00000   0.02516   0.01886   0.00057   0.00000   0.00000   0.00000   0.00000   0.00000   0.00000   0.00000   0.00000   0.00000   0.00000   0.02460   0.02174   0.01975   0.00000   0.00000   0.00280   0.02048   0.00000   0.01788   0.00000   0.02727   0.03716   0.03604   0.02679   0.13934   1.99903   1.09576   0.03341   0.21214  
 17 7418.2470    389.239199  x:  0.00000   0.00000   0.02517   0.01886   0.00000   0.00000   0.00000   0.00000   0.00000   0.00000   0.00000   0.00000   0.00000   0.00000   0.00000   0.02455   0.02172   0.01975   0.00000   0.00000   0.00230   0.02047   0.00000   0.01787   0.00000   0.02728   0.03714   0.03609   0.02673   0.13944   1.99902   1.09571   0.03346   0.21131  
 18 406.0449    389.059715  x:  0.00000   0.00000   0.02510   0.01886   0.00000   0.00000   0.00000   0.00000   0.00000   0.00000   0.00000   0.00000   0.00000   0.00000   0.00000   0.02458   0.02162   0.01973   0.00000   0.00000   0.00000   0.02041   0.00000   0.01781   0.00000   0.02707   0.03732   0.03591   0.02688   0.13980   1.99897   1.09552   0.03367   0.20791  
 19 1238.5556    388.852787  x:  0.00000   0.00000   0.02566   0.01881   0.00000   0.00000   0.00000   0.00000   0.00000   0.00000   0.00000   0.00000   0.00000   0.00000   0.00000   0.01843   0.02264   0.01801   0.00000   0.00000   0.00000   0.02063   0.00000   0.01845   0.00000   0.02435   0.02677   0.03369   0.03251   0.13830   2.00147   1.10020   0.02922   0.18102  
 20 10.2029    387.912182  x:  0.00000   0.00000   0.02223   0.01870   0.00000   0.00000   0.00000   0.00000   0.00000   0.00000   0.00000   0.00000   0.00000   0.00000   0.00000   0.02043   0.02571   0.01243   0.00000   0.00000   0.00000   0.02137   0.00000   0.02094   0.00000   0.02023   0.02597   0.03341   0.01474   0.12669   2.01447   1.12572   0.00466   0.06972  
 21 36.2203    387.582588  x:  0.00000   0.00000   0.01778   0.01705   0.00000   0.00000   0.00000   0.00000   0.00000   0.00000   0.00000   0.00000   0.00000   0.00000   0.00000   0.01610   0.02020   0.01638   0.00000   0.00000   0.00000   0.01930   0.00000   0.01736   0.00000   0.02504   0.02432   0.03933   0.01215   0.13837   2.04308   1.17392  -0.04337   0.04581  
 22  2.6128    387.361502  x:  0.00000   0.00000   0.01417   0.01550   0.00000   0.00000   0.00000   0.00000   0.00000   0.00000   0.00000   0.00000   0.00000   0.00000   0.00000   0.01311   0.01876   0.01568   0.00000   0.00000   0.00000   0.01780   0.00000   0.01682   0.00000   0.01640   0.02596   0.04381   0.01063   0.14137   2.08826   1.21944  -0.08865   0.07317  
 23  2.8372    387.085778  x:  0.00000   0.00000   0.01760   0.01396   0.00000   0.00000   0.00000   0.00000   0.00000   0.00000   0.00000   0.00000   0.00000   0.00000   0.00000   0.01227   0.01439   0.01582   0.00000   0.00000   0.00000   0.01690   0.00000   0.01668   0.00000   0.01131   0.02955   0.04051   0.01559   0.13716   2.21493   1.35868  -0.22792   0.07969  
 24  2.6246    386.853661  x:  0.00000   0.00000   0.01691   0.01306   0.00000   0.00000   0.00000   0.00000   0.00000   0.00000   0.00000   0.00000   0.00000   0.00000   0.00000   0.01289   0.01077   0.01387   0.00000   0.00000   0.00000   0.01448   0.00000   0.01597   0.00000   0.01400   0.02984   0.03031   0.01472   0.14401   2.34202   1.47219  -0.34131   0.11074  
 25  5.5494    386.761362  x:  0.00000   0.00000   0.01293   0.01352   0.00000   0.00000   0.00000   0.00000   0.00000   0.00000   0.00000   0.00000   0.00000   0.00000   0.00000   0.01468   0.01347   0.01368   0.00000   0.00000   0.00000   0.01377   0.00000   0.01582   0.00000   0.01380   0.03009   0.02852   0.01714   0.14605   2.40906   1.52941  -0.39846   0.11825  
 26  3.3907    386.753609  x:  0.00277   0.00000   0.01273   0.01355   0.00000   0.00000   0.00000   0.00000   0.00000   0.00000   0.00000   0.00000   0.00000   0.00000   0.00000   0.01478   0.01364   0.01367   0.00000   0.00000   0.00000   0.01373   0.00000   0.01581   0.00000   0.01379   0.03012   0.02841   0.01726   0.14619   2.41319   1.53279  -0.40183   0.11871  
 27 13.8805    386.706036  x:  0.00480   0.00000   0.01494   0.01446   0.00000   0.00000   0.00000   0.00000   0.00000   0.00000   0.00000   0.00000   0.00000   0.00000   0.00000   0.01301   0.01625   0.01366   0.00000   0.00000   0.00000   0.01338   0.00000   0.01543   0.00000   0.01425   0.03189   0.02651   0.01641   0.14980   2.47445   1.56766  -0.43643   0.12562  
 28  1.2752    386.660187  x:  0.00490   0.00000   0.01624   0.01520   0.00000   0.00000   0.00000   0.00000   0.00000   0.00000   0.00000   0.00000   0.00000   0.00000   0.00000   0.01579   0.01626   0.01506   0.00000   0.00000   0.00000   0.01412   0.00000   0.01445   0.00000   0.01305   0.03050   0.02651   0.01512   0.15134   2.56651   1.60281  -0.47131   0.13580  
 29  1.1538    386.620410  x:  0.00584   0.00000   0.01534   0.01570   0.00000   0.00000   0.00000   0.00000   0.00000   0.00000   0.00000   0.00000   0.00000   0.00000   0.00000   0.01509   0.01602   0.01606   0.00000   0.00000   0.00000   0.01642   0.00000   0.01347   0.00000   0.01447   0.03195   0.02539   0.01530   0.14461   2.67725   1.62903  -0.49754   0.14010  
 30  0.9594    386.587443  x:  0.00458   0.00000   0.01551   0.01524   0.00000   0.00000   0.00000   0.00000   0.00000   0.00000   0.00000   0.00000   0.00000   0.00000   0.00000   0.01585   0.01570   0.01568   0.00000   0.00000   0.00000   0.01645   0.00000   0.01653   0.00000   0.01559   0.03199   0.02652   0.01510   0.14565   2.81739   1.67693  -0.54611   0.14483  
 31  0.4534    386.569068  x:  0.00378   0.00000   0.01522   0.01621   0.00000   0.00000   0.00000   0.00000   0.00000   0.00000   0.00000   0.00000   0.00000   0.00000   0.00000   0.01587   0.01498   0.01499   0.00000   0.00000   0.00000   0.01455   0.00000   0.01563   0.00000   0.01576   0.03130   0.02706   0.01496   0.14340   2.90642   1.72330  -0.59214   0.14702  
 32  0.2578    386.555736  x:  0.00536   0.00000   0.01482   0.01461   0.00000   0.00000   0.00000   0.00000   0.00000   0.00000   0.00000   0.00000   0.00000   0.00000   0.00000   0.01528   0.01530   0.01482   0.00000   0.00000   0.00000   0.01486   0.00000   0.01488   0.00000   0.01514   0.03053   0.02530   0.01450   0.14452   2.96565   1.79299  -0.66178   0.15115  
 33  0.1782    386.552792  x:  0.00544   0.00000   0.01477   0.01519   0.00000   0.00000   0.00000   0.00000   0.00000   0.00000   0.00000   0.00000   0.00000   0.00000   0.00000   0.01512   0.01504   0.01454   0.00000   0.00000   0.00000   0.01533   0.00000   0.01483   0.00000   0.01499   0.03043   0.02522   0.01490   0.14617   2.97132   1.82686  -0.69573   0.15435  
 34  0.1032    386.548213  x:  0.00685   0.00000   0.01486   0.01527   0.00000   0.00000   0.00000   0.00000   0.00000   0.00000   0.00000   0.00000   0.00000   0.00000   0.00000   0.01488   0.01504   0.01565   0.00000   0.00000   0.00000   0.01503   0.00000   0.01504   0.00000   0.01479   0.03064   0.02388   0.01529   0.14536   2.97222   1.88853  -0.75727   0.15962  
 35  0.1630    386.544015  x:  0.00800   0.00000   0.01535   0.01517   0.00000   0.00000   0.00000   0.00000   0.00000   0.00000   0.00000   0.00000   0.00000   0.00000   0.00000   0.01536   0.01508   0.01521   0.00000   0.00000   0.00000   0.01509   0.00000   0.01499   0.00000   0.01496   0.03128   0.02279   0.01500   0.14430   2.94131   1.96871  -0.83746   0.16213  
 36  0.0782    386.542721  x:  0.00845   0.00000   0.01518   0.01508   0.00000   0.00000   0.00000   0.00000   0.00000   0.00000   0.00000   0.00000   0.00000   0.00000   0.00000   0.01521   0.01505   0.01510   0.00000   0.00000   0.00000   0.01501   0.00000   0.01502   0.00000   0.01506   0.03064   0.02217   0.01502   0.14418   2.92319   2.02036  -0.88910   0.16703  
 37  0.0565    386.542583  x:  0.00873   0.00000   0.01507   0.01515   0.00000   0.00000   0.00000   0.00000   0.00000   0.00000   0.00000   0.00000   0.00000   0.00000   0.00000   0.01517   0.01507   0.01516   0.00000   0.00000   0.00000   0.01503   0.00000   0.01504   0.00000   0.01504   0.03063   0.02189   0.01494   0.14427   2.91617   2.02830  -0.89703   0.16651  
 38  0.0179    386.542563  x:  0.00880   0.00000   0.01507   0.01513   0.00000   0.00000   0.00000   0.00000   0.00000   0.00000   0.00000   0.00000   0.00000   0.00000   0.00000   0.01519   0.01508   0.01517   0.00000   0.00000   0.00000   0.01502   0.00000   0.01502   0.00000   0.01508   0.03065   0.02184   0.01499   0.14433   2.91485   2.03304  -0.90177   0.16665  
 39  0.0087    386.542560  x:  0.00886   0.00000   0.01507   0.01513   0.00000   0.00000   0.00000   0.00000   0.00000   0.00000   0.00000   0.00000   0.00000   0.00000   0.00000   0.01520   0.01508   0.01517   0.00000   0.00000   0.00000   0.01503   0.00000   0.01502   0.00000   0.01507   0.03068   0.02178   0.01499   0.14428   2.91525   2.03675  -0.90548   0.16695  
 40  0.0049    386.542559  x:  0.00887   0.00000   0.01507   0.01513   0.00000   0.00000   0.00000   0.00000   0.00000   0.00000   0.00000   0.00000   0.00000   0.00000   0.00000   0.01520   0.01508   0.01517   0.00000   0.00000   0.00000   0.01502   0.00000   0.01502   0.00000   0.01507   0.03067   0.02177   0.01499   0.14429   2.91602   2.03746  -0.90619   0.16697  
 41  0.0010    386.542559  x:  0.00887   0.00000   0.01507   0.01513   0.00000   0.00000   0.00000   0.00000   0.00000   0.00000   0.00000   0.00000   0.00000   0.00000   0.00000   0.01520   0.01508   0.01517   0.00000   0.00000   0.00000   0.01502   0.00000   0.01502   0.00000   0.01507   0.03067   0.02177   0.01499   0.14429   2.91610   2.03747  -0.90620   0.16697  
 42  0.0001    386.542559  x:  0.00887   0.00000   0.01507   0.01513   0.00000   0.00000   0.00000   0.00000   0.00000   0.00000   0.00000   0.00000   0.00000   0.00000   0.00000   0.01520   0.01508   0.01517   0.00000   0.00000   0.00000   0.01502   0.00000   0.01502   0.00000   0.01507   0.03067   0.02177   0.01499   0.14429   2.91610   2.03747  -0.90620   0.16697  
 43  0.0000    386.542559  x:  0.00887   0.00000   0.01507   0.01513   0.00000   0.00000   0.00000   0.00000   0.00000   0.00000   0.00000   0.00000   0.00000   0.00000   0.00000   0.01520   0.01508   0.01517   0.00000   0.00000   0.00000   0.01502   0.00000   0.01502   0.00000   0.01507   0.03067   0.02177   0.01499   0.14429   2.91610   2.03747  -0.90620   0.16697  
 44  0.0000    386.542559  x:  0.00887   0.00000   0.01507   0.01513   0.00000   0.00000   0.00000   0.00000   0.00000   0.00000   0.00000   0.00000   0.00000   0.00000   0.00000   0.01520   0.01508   0.01517   0.00000   0.00000   0.00000   0.01502   0.00000   0.01502   0.00000   0.01507   0.03067   0.02177   0.01499   0.14429   2.91610   2.03747  -0.90620   0.16697  