Supplemental results for CODEML (seqf: /Users/YY/Desktop/get/branch_site/modify/modify_trim_muscle_clpP.fa  treef: /Users/YY/Desktop/get/branch_site/16gene_topu.tree)


dN/dS (w) for site classes (K=4)

site class             0        1       2a       2b
proportion       1.00000  0.00000  0.00000  0.00000
background w     0.03379  1.00000  0.03379  1.00000
foreground w     0.03379  1.00000  2.57695  2.57695
(note that p[2] is zero)


Naive Empirical Bayes (NEB) probabilities for 4 classes
(amino acids refer to 1st sequence: NC_029392)

   1 M   1.00000 0.00000 0.00000 0.00000 ( 1)
   2 P   1.00000 0.00000 0.00000 0.00000 ( 1)
   3 I   1.00000 0.00000 0.00000 0.00000 ( 1)
   4 G   1.00000 0.00000 0.00000 0.00000 ( 1)
   5 V   1.00000 0.00000 0.00000 0.00000 ( 1)
   6 P   1.00000 0.00000 0.00000 0.00000 ( 1)
   7 K   1.00000 0.00000 0.00000 0.00000 ( 1)
   8 V   1.00000 0.00000 0.00000 0.00000 ( 1)
   9 P   1.00000 0.00000 0.00000 0.00000 ( 1)
  10 F   1.00000 0.00000 0.00000 0.00000 ( 1)
  11 R   1.00000 0.00000 0.00000 0.00000 ( 1)
  12 S   1.00000 0.00000 0.00000 0.00000 ( 1)
  13 P   1.00000 0.00000 0.00000 0.00000 ( 1)
  14 G   1.00000 0.00000 0.00000 0.00000 ( 1)
  15 E   1.00000 0.00000 0.00000 0.00000 ( 1)
  16 E   1.00000 0.00000 0.00000 0.00000 ( 1)
  17 D   1.00000 0.00000 0.00000 0.00000 ( 1)
  18 A   1.00000 0.00000 0.00000 0.00000 ( 1)
  19 S   1.00000 0.00000 0.00000 0.00000 ( 1)
  20 W   1.00000 0.00000 0.00000 0.00000 ( 1)
  21 V   1.00000 0.00000 0.00000 0.00000 ( 1)
  22 D   1.00000 0.00000 0.00000 0.00000 ( 1)
  23 V   1.00000 0.00000 0.00000 0.00000 ( 1)
  24 N   1.00000 0.00000 0.00000 0.00000 ( 1)
  25 R   1.00000 0.00000 0.00000 0.00000 ( 1)
  26 L   1.00000 0.00000 0.00000 0.00000 ( 1)
  27 Y   1.00000 0.00000 0.00000 0.00000 ( 1)
  28 R   1.00000 0.00000 0.00000 0.00000 ( 1)
  29 E   1.00000 0.00000 0.00000 0.00000 ( 1)
  30 R   1.00000 0.00000 0.00000 0.00000 ( 1)
  31 L   1.00000 0.00000 0.00000 0.00000 ( 1)
  32 L   1.00000 0.00000 0.00000 0.00000 ( 1)
  33 F   1.00000 0.00000 0.00000 0.00000 ( 1)
  34 L   1.00000 0.00000 0.00000 0.00000 ( 1)
  35 G   1.00000 0.00000 0.00000 0.00000 ( 1)
  36 Q   1.00000 0.00000 0.00000 0.00000 ( 1)
  37 E   1.00000 0.00000 0.00000 0.00000 ( 1)
  38 V   1.00000 0.00000 0.00000 0.00000 ( 1)
  39 D   1.00000 0.00000 0.00000 0.00000 ( 1)
  40 S   1.00000 0.00000 0.00000 0.00000 ( 1)
  41 E   1.00000 0.00000 0.00000 0.00000 ( 1)
  42 I   1.00000 0.00000 0.00000 0.00000 ( 1)
  43 S   1.00000 0.00000 0.00000 0.00000 ( 1)
  44 N   1.00000 0.00000 0.00000 0.00000 ( 1)
  45 Q   1.00000 0.00000 0.00000 0.00000 ( 1)
  46 L   1.00000 0.00000 0.00000 0.00000 ( 1)
  47 I   1.00000 0.00000 0.00000 0.00000 ( 1)
  48 G   1.00000 0.00000 0.00000 0.00000 ( 1)
  49 L   1.00000 0.00000 0.00000 0.00000 ( 1)
  50 M   1.00000 0.00000 0.00000 0.00000 ( 1)
  51 V   1.00000 0.00000 0.00000 0.00000 ( 1)
  52 Y   1.00000 0.00000 0.00000 0.00000 ( 1)
  53 L   1.00000 0.00000 0.00000 0.00000 ( 1)
  54 S   1.00000 0.00000 0.00000 0.00000 ( 1)
  55 I   1.00000 0.00000 0.00000 0.00000 ( 1)
  56 E   1.00000 0.00000 0.00000 0.00000 ( 1)
  57 N   1.00000 0.00000 0.00000 0.00000 ( 1)
  58 D   1.00000 0.00000 0.00000 0.00000 ( 1)
  59 T   1.00000 0.00000 0.00000 0.00000 ( 1)
  60 K   1.00000 0.00000 0.00000 0.00000 ( 1)
  61 D   1.00000 0.00000 0.00000 0.00000 ( 1)
  62 L   1.00000 0.00000 0.00000 0.00000 ( 1)
  63 Y   1.00000 0.00000 0.00000 0.00000 ( 1)
  64 L   1.00000 0.00000 0.00000 0.00000 ( 1)
  65 F   1.00000 0.00000 0.00000 0.00000 ( 1)
  66 I   1.00000 0.00000 0.00000 0.00000 ( 1)
  67 N   1.00000 0.00000 0.00000 0.00000 ( 1)
  68 S   1.00000 0.00000 0.00000 0.00000 ( 1)
  69 P   1.00000 0.00000 0.00000 0.00000 ( 1)
  70 G   1.00000 0.00000 0.00000 0.00000 ( 1)
  71 G   1.00000 0.00000 0.00000 0.00000 ( 1)
  72 W   1.00000 0.00000 0.00000 0.00000 ( 1)
  73 V   1.00000 0.00000 0.00000 0.00000 ( 1)
  74 I   1.00000 0.00000 0.00000 0.00000 ( 1)
  75 P   1.00000 0.00000 0.00000 0.00000 ( 1)
  76 G   1.00000 0.00000 0.00000 0.00000 ( 1)
  77 V   1.00000 0.00000 0.00000 0.00000 ( 1)
  78 A   1.00000 0.00000 0.00000 0.00000 ( 1)
  79 I   1.00000 0.00000 0.00000 0.00000 ( 1)
  80 Y   1.00000 0.00000 0.00000 0.00000 ( 1)
  81 D   1.00000 0.00000 0.00000 0.00000 ( 1)
  82 T   1.00000 0.00000 0.00000 0.00000 ( 1)
  83 M   1.00000 0.00000 0.00000 0.00000 ( 1)
  84 Q   1.00000 0.00000 0.00000 0.00000 ( 1)
  85 F   1.00000 0.00000 0.00000 0.00000 ( 1)
  86 V   1.00000 0.00000 0.00000 0.00000 ( 1)
  87 R   1.00000 0.00000 0.00000 0.00000 ( 1)
  88 P   1.00000 0.00000 0.00000 0.00000 ( 1)
  89 D   1.00000 0.00000 0.00000 0.00000 ( 1)
  90 V   1.00000 0.00000 0.00000 0.00000 ( 1)
  91 Q   1.00000 0.00000 0.00000 0.00000 ( 1)
  92 T   1.00000 0.00000 0.00000 0.00000 ( 1)
  93 I   1.00000 0.00000 0.00000 0.00000 ( 1)
  94 C   1.00000 0.00000 0.00000 0.00000 ( 1)
  95 M   1.00000 0.00000 0.00000 0.00000 ( 1)
  96 G   1.00000 0.00000 0.00000 0.00000 ( 1)
  97 L   1.00000 0.00000 0.00000 0.00000 ( 1)
  98 A   1.00000 0.00000 0.00000 0.00000 ( 1)
  99 A   1.00000 0.00000 0.00000 0.00000 ( 1)
 100 S   1.00000 0.00000 0.00000 0.00000 ( 1)
 101 M   1.00000 0.00000 0.00000 0.00000 ( 1)
 102 G   1.00000 0.00000 0.00000 0.00000 ( 1)
 103 S   1.00000 0.00000 0.00000 0.00000 ( 1)
 104 F   1.00000 0.00000 0.00000 0.00000 ( 1)
 105 I   1.00000 0.00000 0.00000 0.00000 ( 1)
 106 L   1.00000 0.00000 0.00000 0.00000 ( 1)
 107 A   1.00000 0.00000 0.00000 0.00000 ( 1)
 108 G   1.00000 0.00000 0.00000 0.00000 ( 1)
 109 G   1.00000 0.00000 0.00000 0.00000 ( 1)
 110 E   1.00000 0.00000 0.00000 0.00000 ( 1)
 111 I   1.00000 0.00000 0.00000 0.00000 ( 1)
 112 T   1.00000 0.00000 0.00000 0.00000 ( 1)
 113 K   1.00000 0.00000 0.00000 0.00000 ( 1)
 114 R   1.00000 0.00000 0.00000 0.00000 ( 1)
 115 L   1.00000 0.00000 0.00000 0.00000 ( 1)
 116 A   1.00000 0.00000 0.00000 0.00000 ( 1)
 117 F   1.00000 0.00000 0.00000 0.00000 ( 1)
 118 P   1.00000 0.00000 0.00000 0.00000 ( 1)
 119 H   1.00000 0.00000 0.00000 0.00000 ( 1)
 120 A   1.00000 0.00000 0.00000 0.00000 ( 1)
 121 R   1.00000 0.00000 0.00000 0.00000 ( 1)
 122 V   1.00000 0.00000 0.00000 0.00000 ( 1)
 123 M   1.00000 0.00000 0.00000 0.00000 ( 1)
 124 I   1.00000 0.00000 0.00000 0.00000 ( 1)
 125 H   1.00000 0.00000 0.00000 0.00000 ( 1)
 126 Q   1.00000 0.00000 0.00000 0.00000 ( 1)
 127 P   1.00000 0.00000 0.00000 0.00000 ( 1)
 128 A   1.00000 0.00000 0.00000 0.00000 ( 1)
 129 S   1.00000 0.00000 0.00000 0.00000 ( 1)
 130 S   1.00000 0.00000 0.00000 0.00000 ( 1)
 131 F   1.00000 0.00000 0.00000 0.00000 ( 1)
 132 Y   1.00000 0.00000 0.00000 0.00000 ( 1)
 133 E   1.00000 0.00000 0.00000 0.00000 ( 1)
 134 A   1.00000 0.00000 0.00000 0.00000 ( 1)
 135 Q   1.00000 0.00000 0.00000 0.00000 ( 1)
 136 T   1.00000 0.00000 0.00000 0.00000 ( 1)
 137 G   1.00000 0.00000 0.00000 0.00000 ( 1)
 138 E   1.00000 0.00000 0.00000 0.00000 ( 1)
 139 F   1.00000 0.00000 0.00000 0.00000 ( 1)
 140 I   1.00000 0.00000 0.00000 0.00000 ( 1)
 141 L   1.00000 0.00000 0.00000 0.00000 ( 1)
 142 E   1.00000 0.00000 0.00000 0.00000 ( 1)
 143 A   1.00000 0.00000 0.00000 0.00000 ( 1)
 144 E   1.00000 0.00000 0.00000 0.00000 ( 1)
 145 E   1.00000 0.00000 0.00000 0.00000 ( 1)
 146 L   1.00000 0.00000 0.00000 0.00000 ( 1)
 147 L   1.00000 0.00000 0.00000 0.00000 ( 1)
 148 K   1.00000 0.00000 0.00000 0.00000 ( 1)
 149 L   1.00000 0.00000 0.00000 0.00000 ( 1)
 150 R   1.00000 0.00000 0.00000 0.00000 ( 1)
 151 E   1.00000 0.00000 0.00000 0.00000 ( 1)
 152 T   1.00000 0.00000 0.00000 0.00000 ( 1)
 153 L   1.00000 0.00000 0.00000 0.00000 ( 1)
 154 T   1.00000 0.00000 0.00000 0.00000 ( 1)
 155 R   1.00000 0.00000 0.00000 0.00000 ( 1)
 156 V   1.00000 0.00000 0.00000 0.00000 ( 1)
 157 Y   1.00000 0.00000 0.00000 0.00000 ( 1)
 158 V   1.00000 0.00000 0.00000 0.00000 ( 1)
 159 Q   1.00000 0.00000 0.00000 0.00000 ( 1)
 160 R   1.00000 0.00000 0.00000 0.00000 ( 1)
 161 T   1.00000 0.00000 0.00000 0.00000 ( 1)
 162 D   1.00000 0.00000 0.00000 0.00000 ( 1)
 163 K   1.00000 0.00000 0.00000 0.00000 ( 1)
 164 P   1.00000 0.00000 0.00000 0.00000 ( 1)
 165 L   1.00000 0.00000 0.00000 0.00000 ( 1)
 166 W   1.00000 0.00000 0.00000 0.00000 ( 1)
 167 V   1.00000 0.00000 0.00000 0.00000 ( 1)
 168 V   1.00000 0.00000 0.00000 0.00000 ( 1)
 169 S   1.00000 0.00000 0.00000 0.00000 ( 1)
 170 E   1.00000 0.00000 0.00000 0.00000 ( 1)
 171 D   1.00000 0.00000 0.00000 0.00000 ( 1)
 172 M   1.00000 0.00000 0.00000 0.00000 ( 1)
 173 E   1.00000 0.00000 0.00000 0.00000 ( 1)
 174 R   1.00000 0.00000 0.00000 0.00000 ( 1)
 175 D   1.00000 0.00000 0.00000 0.00000 ( 1)
 176 V   1.00000 0.00000 0.00000 0.00000 ( 1)
 177 F   1.00000 0.00000 0.00000 0.00000 ( 1)
 178 M   1.00000 0.00000 0.00000 0.00000 ( 1)
 179 S   1.00000 0.00000 0.00000 0.00000 ( 1)
 180 A   1.00000 0.00000 0.00000 0.00000 ( 1)
 181 T   1.00000 0.00000 0.00000 0.00000 ( 1)
 182 E   1.00000 0.00000 0.00000 0.00000 ( 1)
 183 A   1.00000 0.00000 0.00000 0.00000 ( 1)
 184 Q   1.00000 0.00000 0.00000 0.00000 ( 1)
 185 A   1.00000 0.00000 0.00000 0.00000 ( 1)
 186 Y   1.00000 0.00000 0.00000 0.00000 ( 1)
 187 G   1.00000 0.00000 0.00000 0.00000 ( 1)
 188 I   1.00000 0.00000 0.00000 0.00000 ( 1)
 189 V   1.00000 0.00000 0.00000 0.00000 ( 1)
 190 D   1.00000 0.00000 0.00000 0.00000 ( 1)
 191 V   1.00000 0.00000 0.00000 0.00000 ( 1)
 192 V   1.00000 0.00000 0.00000 0.00000 ( 1)
 193 A   1.00000 0.00000 0.00000 0.00000 ( 1)
 194 V   1.00000 0.00000 0.00000 0.00000 ( 1)
 195 V   1.00000 0.00000 0.00000 0.00000 ( 1)
 196 E   1.00000 0.00000 0.00000 0.00000 ( 1)


lnL = -1039.258294

Bayes Empirical Bayes (BEB) probabilities for 4 classes (class)
(amino acids refer to 1st sequence: NC_029392)

   1 M   0.79125 0.01784 0.18579 0.00512 ( 1)
   2 P   0.78709 0.02200 0.18461 0.00630 ( 1)
   3 I   0.79193 0.01717 0.18598 0.00493 ( 1)
   4 G   0.79031 0.01878 0.18552 0.00539 ( 1)
   5 V   0.79152 0.01757 0.18587 0.00504 ( 1)
   6 P   0.78707 0.02202 0.18460 0.00631 ( 1)
   7 K   0.79056 0.01853 0.18559 0.00532 ( 1)
   8 V   0.78475 0.02434 0.18394 0.00697 ( 1)
   9 P   0.78482 0.02427 0.18396 0.00695 ( 1)
  10 F   0.79163 0.01746 0.18590 0.00501 ( 1)
  11 R   0.78317 0.02591 0.18350 0.00742 ( 1)
  12 S   0.78929 0.01980 0.18523 0.00568 ( 1)
  13 P   0.78709 0.02200 0.18461 0.00630 ( 1)
  14 G   0.78957 0.01952 0.18531 0.00560 ( 1)
  15 E   0.78793 0.02116 0.18484 0.00607 ( 1)
  16 E   0.79304 0.01606 0.18630 0.00461 ( 1)
  17 D   0.79428 0.01481 0.18665 0.00425 ( 1)
  18 A   0.79102 0.01807 0.18572 0.00519 ( 1)
  19 S   0.77976 0.02932 0.18253 0.00838 ( 1)
  20 W   0.78055 0.02854 0.18275 0.00816 ( 1)
  21 V   0.79152 0.01757 0.18587 0.00504 ( 1)
  22 D   0.78734 0.02175 0.18468 0.00623 ( 1)
  23 V   0.79150 0.01759 0.18586 0.00505 ( 1)
  24 N   0.78484 0.02425 0.18397 0.00694 ( 1)
  25 R   0.78326 0.02583 0.18352 0.00739 ( 1)
  26 L   0.78942 0.01967 0.18527 0.00564 ( 1)
  27 Y   0.78765 0.02144 0.18477 0.00614 ( 1)
  28 R   0.78326 0.02583 0.18352 0.00739 ( 1)
  29 E   0.79304 0.01606 0.18630 0.00461 ( 1)
  30 R   0.78751 0.02158 0.18473 0.00618 ( 1)
  31 L   0.78677 0.02232 0.18451 0.00640 ( 1)
  32 L   0.78942 0.01967 0.18527 0.00564 ( 1)
  33 F   0.79163 0.01746 0.18590 0.00501 ( 1)
  34 L   0.78677 0.02232 0.18451 0.00640 ( 1)
  35 G   0.78957 0.01952 0.18531 0.00560 ( 1)
  36 Q   0.78799 0.02110 0.18486 0.00605 ( 1)
  37 E   0.78793 0.02116 0.18484 0.00607 ( 1)
  38 V   0.79152 0.01757 0.18587 0.00504 ( 1)
  39 D   0.79428 0.01481 0.18665 0.00425 ( 1)
  40 S   0.78250 0.02658 0.18331 0.00761 ( 1)
  41 E   0.78793 0.02116 0.18484 0.00607 ( 1)
  42 I   0.78381 0.02528 0.18367 0.00724 ( 1)
  43 S   0.78062 0.02847 0.18277 0.00814 ( 1)
  44 N   0.78696 0.02213 0.18457 0.00634 ( 1)
  45 Q   0.78799 0.02110 0.18486 0.00605 ( 1)
  46 L   0.78942 0.01967 0.18527 0.00564 ( 1)
  47 I   0.79174 0.01735 0.18593 0.00498 ( 1)
  48 G   0.79031 0.01878 0.18552 0.00539 ( 1)
  49 L   0.78942 0.01967 0.18527 0.00564 ( 1)
  50 M   0.79125 0.01784 0.18579 0.00512 ( 1)
  51 V   0.79150 0.01759 0.18586 0.00505 ( 1)
  52 Y   0.78765 0.02144 0.18477 0.00614 ( 1)
  53 L   0.78134 0.02775 0.18298 0.00794 ( 1)
  54 S   0.78929 0.01980 0.18523 0.00568 ( 1)
  55 I   0.78591 0.02318 0.18426 0.00664 ( 1)
  56 E   0.78793 0.02116 0.18484 0.00607 ( 1)
  57 N   0.79189 0.01720 0.18597 0.00494 ( 1)
  58 D   0.79428 0.01481 0.18665 0.00425 ( 1)
  59 T   0.78094 0.02815 0.18286 0.00805 ( 1)
  60 K   0.79056 0.01853 0.18559 0.00532 ( 1)
  61 D   0.79408 0.01501 0.18659 0.00431 ( 1)
  62 L   0.78327 0.02581 0.18352 0.00739 ( 1)
  63 Y   0.78765 0.02144 0.18477 0.00614 ( 1)
  64 L   0.78347 0.02561 0.18358 0.00733 ( 1)
  65 F   0.79163 0.01746 0.18590 0.00501 ( 1)
  66 I   0.79243 0.01667 0.18612 0.00478 ( 1)
  67 N   0.78484 0.02425 0.18397 0.00694 ( 1)
  68 S   0.78671 0.02238 0.18450 0.00641 ( 1)
  69 P   0.78222 0.02687 0.18323 0.00769 ( 1)
  70 G   0.78204 0.02705 0.18317 0.00774 ( 1)
  71 G   0.78935 0.01974 0.18525 0.00566 ( 1)
  72 W   0.78055 0.02854 0.18275 0.00816 ( 1)
  73 V   0.79152 0.01757 0.18586 0.00504 ( 1)
  74 I   0.78412 0.02496 0.18376 0.00715 ( 1)
  75 P   0.51950 0.28959 0.11379 0.07712 ( 1)
  76 G   0.78957 0.01952 0.18531 0.00560 ( 1)
  77 V   0.78475 0.02434 0.18394 0.00697 ( 1)
  78 A   0.79104 0.01805 0.18573 0.00518 ( 1)
  79 I   0.79193 0.01717 0.18598 0.00493 ( 1)
  80 Y   0.78765 0.02144 0.18477 0.00614 ( 1)
  81 D   0.79398 0.01511 0.18656 0.00434 ( 1)
  82 T   0.78874 0.02036 0.18507 0.00584 ( 1)
  83 M   0.79125 0.01784 0.18579 0.00512 ( 1)
  84 Q   0.78799 0.02110 0.18486 0.00605 ( 1)
  85 F   0.79163 0.01746 0.18590 0.00501 ( 1)
  86 V   0.78475 0.02434 0.18394 0.00697 ( 1)
  87 R   0.49352 0.31557 0.10743 0.08349 ( 1)
  88 P   0.78653 0.02256 0.18445 0.00646 ( 1)
  89 D   0.79428 0.01481 0.18665 0.00425 ( 1)
  90 V   0.79150 0.01759 0.18586 0.00505 ( 1)
  91 Q   0.78340 0.02569 0.18356 0.00735 ( 1)
  92 T   0.78874 0.02036 0.18507 0.00584 ( 1)
  93 I   0.79243 0.01667 0.18612 0.00478 ( 1)
  94 C   0.77968 0.02941 0.18251 0.00841 ( 1)
  95 M   0.79125 0.01784 0.18579 0.00512 ( 1)
  96 G   0.78957 0.01952 0.18531 0.00560 ( 1)
  97 L   0.78677 0.02232 0.18451 0.00640 ( 1)
  98 A   0.78234 0.02675 0.18326 0.00765 ( 1)
  99 A   0.79104 0.01805 0.18573 0.00518 ( 1)
 100 S   0.78433 0.02476 0.18382 0.00709 ( 1)
 101 M   0.79125 0.01784 0.18579 0.00512 ( 1)
 102 G   0.78957 0.01952 0.18531 0.00560 ( 1)
 103 S   0.78671 0.02238 0.18450 0.00641 ( 1)
 104 F   0.79163 0.01746 0.18590 0.00501 ( 1)
 105 I   0.78381 0.02528 0.18367 0.00724 ( 1)
 106 L   0.78335 0.02574 0.18355 0.00737 ( 1)
 107 A   0.78234 0.02675 0.18326 0.00765 ( 1)
 108 G   0.78957 0.01952 0.18531 0.00560 ( 1)
 109 G   0.78957 0.01952 0.18531 0.00560 ( 1)
 110 E   0.79304 0.01606 0.18630 0.00461 ( 1)
 111 I   0.79193 0.01717 0.18598 0.00493 ( 1)
 112 T   0.78094 0.02815 0.18286 0.00805 ( 1)
 113 K   0.79056 0.01853 0.18559 0.00532 ( 1)
 114 R   0.78592 0.02317 0.18427 0.00664 ( 1)
 115 L   0.78687 0.02222 0.18454 0.00637 ( 1)
 116 A   0.79102 0.01807 0.18572 0.00519 ( 1)
 117 F   0.78451 0.02458 0.18387 0.00704 ( 1)
 118 P   0.78709 0.02200 0.18461 0.00630 ( 1)
 119 H   0.78336 0.02573 0.18355 0.00736 ( 1)
 120 A   0.79104 0.01805 0.18573 0.00518 ( 1)
 121 R   0.78331 0.02578 0.18353 0.00738 ( 1)
 122 V   0.79150 0.01759 0.18586 0.00505 ( 1)
 123 M   0.79125 0.01784 0.18579 0.00512 ( 1)
 124 I   0.79193 0.01717 0.18598 0.00493 ( 1)
 125 H   0.79007 0.01903 0.18545 0.00546 ( 1)
 126 Q   0.78799 0.02110 0.18486 0.00605 ( 1)
 127 P   0.78709 0.02200 0.18461 0.00630 ( 1)
 128 A   0.79104 0.01805 0.18573 0.00518 ( 1)
 129 S   0.78929 0.01980 0.18523 0.00568 ( 1)
 130 S   0.78671 0.02238 0.18450 0.00641 ( 1)
 131 F   0.79163 0.01746 0.18590 0.00501 ( 1)
 132 Y   0.78765 0.02144 0.18477 0.00614 ( 1)
 133 E   0.78805 0.02104 0.18488 0.00603 ( 1)
 134 A   0.79102 0.01807 0.18572 0.00519 ( 1)
 135 Q   0.78799 0.02110 0.18486 0.00605 ( 1)
 136 T   0.78272 0.02636 0.18337 0.00754 ( 1)
 137 G   0.78957 0.01952 0.18531 0.00560 ( 1)
 138 E   0.79304 0.01606 0.18630 0.00461 ( 1)
 139 F   0.79163 0.01746 0.18590 0.00501 ( 1)
 140 I   0.78381 0.02528 0.18367 0.00724 ( 1)
 141 L   0.78145 0.02764 0.18301 0.00791 ( 1)
 142 E   0.79304 0.01606 0.18630 0.00461 ( 1)
 143 A   0.78438 0.02471 0.18384 0.00708 ( 1)
 144 E   0.79304 0.01606 0.18630 0.00461 ( 1)
 145 E   0.78793 0.02116 0.18484 0.00607 ( 1)
 146 L   0.78153 0.02756 0.18303 0.00788 ( 1)
 147 L   0.78541 0.02368 0.18413 0.00678 ( 1)
 148 K   0.79056 0.01853 0.18559 0.00532 ( 1)
 149 L   0.78145 0.02764 0.18301 0.00791 ( 1)
 150 R   0.78592 0.02317 0.18427 0.00664 ( 1)
 151 E   0.79304 0.01606 0.18630 0.00461 ( 1)
 152 T   0.78163 0.02746 0.18306 0.00786 ( 1)
 153 L   0.78277 0.02632 0.18338 0.00753 ( 1)
 154 T   0.78874 0.02036 0.18507 0.00584 ( 1)
 155 R   0.78331 0.02578 0.18353 0.00738 ( 1)
 156 V   0.79152 0.01757 0.18587 0.00504 ( 1)
 157 Y   0.78765 0.02144 0.18477 0.00614 ( 1)
 158 V   0.79150 0.01759 0.18586 0.00505 ( 1)
 159 Q   0.78799 0.02110 0.18486 0.00605 ( 1)
 160 R   0.78751 0.02158 0.18473 0.00618 ( 1)
 161 T   0.78272 0.02636 0.18337 0.00754 ( 1)
 162 D   0.78734 0.02175 0.18468 0.00623 ( 1)
 163 K   0.79056 0.01853 0.18559 0.00532 ( 1)
 164 P   0.78025 0.02883 0.18267 0.00825 ( 1)
 165 L   0.78677 0.02232 0.18451 0.00640 ( 1)
 166 W   0.78055 0.02854 0.18275 0.00816 ( 1)
 167 V   0.79152 0.01757 0.18587 0.00504 ( 1)
 168 V   0.78266 0.02643 0.18335 0.00756 ( 1)
 169 S   0.78033 0.02875 0.18269 0.00822 ( 1)
 170 E   0.79304 0.01606 0.18630 0.00461 ( 1)
 171 D   0.78734 0.02175 0.18468 0.00623 ( 1)
 172 M   0.79125 0.01784 0.18579 0.00512 ( 1)
 173 E   0.79304 0.01606 0.18630 0.00461 ( 1)
 174 R   0.78739 0.02170 0.18469 0.00622 ( 1)
 175 D   0.79428 0.01481 0.18665 0.00425 ( 1)
 176 V   0.79152 0.01757 0.18587 0.00504 ( 1)
 177 F   0.79163 0.01746 0.18590 0.00501 ( 1)
 178 M   0.79125 0.01784 0.18579 0.00512 ( 1)
 179 S   0.78433 0.02476 0.18382 0.00709 ( 1)
 180 A   0.79102 0.01807 0.18572 0.00519 ( 1)
 181 T   0.78874 0.02036 0.18507 0.00584 ( 1)
 182 E   0.79304 0.01606 0.18630 0.00461 ( 1)
 183 A   0.78285 0.02623 0.18340 0.00751 ( 1)
 184 Q   0.78799 0.02110 0.18486 0.00605 ( 1)
 185 A   0.79083 0.01826 0.18567 0.00524 ( 1)
 186 Y   0.78765 0.02144 0.18477 0.00614 ( 1)
 187 G   0.78957 0.01952 0.18531 0.00560 ( 1)
 188 I   0.79193 0.01717 0.18598 0.00493 ( 1)
 189 V   0.79152 0.01757 0.18587 0.00504 ( 1)
 190 D   0.79428 0.01481 0.18665 0.00425 ( 1)
 191 V   0.54864 0.26045 0.12103 0.06988 ( 1)
 192 V   0.79132 0.01777 0.18581 0.00510 ( 1)
 193 A   0.78438 0.02471 0.18384 0.00708 ( 1)
 194 V   0.78475 0.02434 0.18394 0.00697 ( 1)
 195 V   0.79152 0.01757 0.18587 0.00504 ( 1)
 196 E   0.53414 0.27495 0.11741 0.07350 ( 1)

