

TREE # 1

  0  0.0000   1133.764476  x:  0.00000   0.00689   0.04189   0.01483   0.04284   0.04234   0.02066   0.02458   0.04490   0.01216   0.03744   0.01570   0.01475   0.00981   0.01786   0.03784   0.04369   0.01613   0.03973   0.02800   0.04784   0.02833   0.00821   0.01817   0.00572   0.05192   0.03163   0.04088   0.05602   0.02672   2.00000   1.09989   0.02896   0.27919   2.57308  
  1 99.0000   1133.758517  x:  0.00000   0.00689   0.04189   0.01483   0.04283   0.04233   0.02065   0.02458   0.04490   0.01216   0.03744   0.01570   0.01475   0.00981   0.01786   0.03784   0.04368   0.01613   0.03973   0.02800   0.04784   0.02833   0.00821   0.01817   0.00572   0.05191   0.03163   0.04088   0.05602   0.02672   2.00000   1.09989   0.02896   0.27919   2.57308  
  2 733.5839   1116.662752  x:  0.00000   0.00121   0.03853   0.01286   0.03716   0.03666   0.01463   0.01886   0.04019   0.00646   0.03407   0.00997   0.00902   0.00409   0.01703   0.03213   0.04077   0.01042   0.03712   0.02509   0.04416   0.02577   0.00249   0.01729   0.00000   0.04857   0.02872   0.03931   0.05253   0.02684   2.00000   1.10010   0.02875   0.27789   2.57308  
  3 38649.7834   1113.100119  x:  0.00000   0.00000   0.03772   0.01230   0.03597   0.03545   0.01334   0.01765   0.03910   0.00526   0.03319   0.00876   0.00780   0.00288   0.01696   0.03093   0.04001   0.00922   0.03644   0.02420   0.04330   0.02506   0.00129   0.01720   0.00000   0.04775   0.02792   0.03913   0.05168   0.02643   2.00000   1.10013   0.02872   0.27729   2.57308  
  4 31738.2283   1109.154798  x:  0.00000   0.00000   0.03683   0.01335   0.03455   0.03401   0.01173   0.01619   0.03756   0.00380   0.03203   0.00729   0.00633   0.00142   0.01713   0.02948   0.03901   0.00779   0.03564   0.02323   0.04228   0.02456   0.00000   0.01739   0.00000   0.04658   0.02710   0.03981   0.05045   0.02726   1.99999   1.10013   0.02873   0.27518   2.57308  
  5 2674.9885   1105.947424  x:  0.00000   0.00000   0.03634   0.01320   0.03317   0.03261   0.01009   0.01476   0.03624   0.00239   0.03155   0.00586   0.00489   0.00000   0.01668   0.02806   0.03858   0.00639   0.03544   0.02359   0.04158   0.02483   0.00000   0.01696   0.00000   0.04581   0.02709   0.04031   0.04954   0.02716   1.99997   1.10013   0.02875   0.27251   2.57307  
  6 2171.1222   1101.164270  x:  0.00000   0.00000   0.03547   0.01240   0.03084   0.03026   0.00724   0.01236   0.03450   0.00000   0.03124   0.00345   0.00248   0.00000   0.01715   0.02568   0.03828   0.00402   0.03527   0.02412   0.04046   0.02459   0.00000   0.01730   0.00000   0.04506   0.02698   0.04040   0.04857   0.02746   1.99994   1.10014   0.02875   0.26811   2.57307  
  7 7643.8474   1096.793070  x:  0.00000   0.00000   0.03454   0.01242   0.02843   0.02783   0.00418   0.00989   0.03333   0.00000   0.03115   0.00098   0.00000   0.00000   0.01695   0.02324   0.03818   0.00158   0.03507   0.02411   0.03941   0.02388   0.00000   0.01719   0.00000   0.04477   0.02661   0.04006   0.04813   0.02732   1.99990   1.10019   0.02872   0.26385   2.57307  
  8 10801.6884   1095.271542  x:  0.00000   0.00000   0.03427   0.01231   0.02746   0.02687   0.00290   0.00892   0.03307   0.00000   0.03101   0.00000   0.00000   0.00000   0.01693   0.02228   0.03807   0.00061   0.03493   0.02395   0.03910   0.02385   0.00000   0.01710   0.00000   0.04468   0.02645   0.04008   0.04803   0.02733   1.99988   1.10022   0.02869   0.26234   2.57307  
  9 18081.7974   1094.430328  x:  0.00000   0.00000   0.03415   0.01225   0.02686   0.02627   0.00206   0.00832   0.03294   0.00000   0.03088   0.00000   0.00000   0.00000   0.01686   0.02170   0.03796   0.00000   0.03484   0.02393   0.03896   0.02376   0.00000   0.01713   0.00000   0.04457   0.02638   0.04007   0.04793   0.02733   1.99987   1.10025   0.02866   0.26145   2.57307  
 10 29470.5463   1092.690000  x:  0.00000   0.00000   0.03389   0.01219   0.02543   0.02488   0.00000   0.00693   0.03259   0.00000   0.03064   0.00000   0.00000   0.00000   0.01698   0.02034   0.03775   0.00000   0.03469   0.02390   0.03865   0.02351   0.00000   0.01689   0.00000   0.04425   0.02623   0.03996   0.04760   0.02729   1.99984   1.10032   0.02858   0.25943   2.57308  
 11 24684.2298   1086.162913  x:  0.00000   0.00000   0.03179   0.01168   0.01809   0.01772   0.00000   0.00000   0.02947   0.00000   0.03165   0.00000   0.00000   0.00000   0.01604   0.01356   0.03860   0.00000   0.03483   0.02199   0.03663   0.02452   0.00000   0.01769   0.00000   0.04342   0.02516   0.03961   0.04584   0.02726   1.99970   1.10072   0.02807   0.25081   2.57314  
 12 2398.9626   1077.161931  x:  0.00000   0.00000   0.03000   0.01074   0.00369   0.00325   0.00000   0.00000   0.02534   0.00000   0.03045   0.00000   0.00000   0.00000   0.01525   0.00000   0.03804   0.00000   0.03210   0.02284   0.03343   0.02286   0.00000   0.01765   0.00000   0.04629   0.02468   0.04229   0.04771   0.02750   1.99948   1.10159   0.02699   0.23928   2.57325  
 13 1178.3210   1075.727913  x:  0.00000   0.00000   0.02944   0.01071   0.00051   0.00000   0.00000   0.00000   0.02520   0.00000   0.03003   0.00000   0.00000   0.00000   0.01521   0.00000   0.03767   0.00000   0.03209   0.02298   0.03279   0.02292   0.00000   0.01770   0.00000   0.04634   0.02448   0.04224   0.04792   0.02744   1.99944   1.10179   0.02677   0.23703   2.57326  
 14 2735.4552   1075.601510  x:  0.00000   0.00000   0.02939   0.01069   0.00000   0.00000   0.00000   0.00000   0.02520   0.00000   0.03003   0.00000   0.00000   0.00000   0.01519   0.00000   0.03766   0.00000   0.03206   0.02297   0.03274   0.02288   0.00000   0.01769   0.00000   0.04631   0.02448   0.04228   0.04790   0.02745   1.99943   1.10182   0.02673   0.23673   2.57326  
 15 2993.7394   1071.194523  x:  0.00000   0.00000   0.03661   0.01117   0.00000   0.00000   0.00000   0.00000   0.00863   0.00000   0.02645   0.00000   0.00000   0.00000   0.01571   0.00000   0.03947   0.00000   0.01239   0.02450   0.03539   0.02790   0.00000   0.01795   0.00000   0.04712   0.00943   0.03050   0.03813   0.02552   1.99847   1.11222   0.01599   0.20968   2.57349  
 16 146.9983   1070.552611  x:  0.00000   0.00000   0.03850   0.01109   0.00000   0.00000   0.00000   0.00000   0.00352   0.00000   0.02350   0.00000   0.00000   0.00000   0.01576   0.00000   0.03851   0.00000   0.01394   0.02186   0.03586   0.02755   0.00000   0.01776   0.00000   0.04944   0.01132   0.02828   0.03617   0.02540   1.99829   1.11502   0.01314   0.20820   2.57352  
 17 118.8378   1069.674686  x:  0.00000   0.00000   0.04048   0.01117   0.00000   0.00000   0.00000   0.00000   0.00500   0.00000   0.01754   0.00000   0.00000   0.00000   0.01581   0.00000   0.03928   0.00000   0.01467   0.02160   0.02767   0.02761   0.00000   0.01768   0.00000   0.06232   0.01263   0.02635   0.02074   0.02534   1.99785   1.12440   0.00351   0.20511   2.57362  
 18 72.3473   1069.060548  x:  0.00000   0.00000   0.03857   0.01057   0.00000   0.00000   0.00000   0.00000   0.00442   0.00000   0.02055   0.00000   0.00000   0.00000   0.01537   0.00000   0.03400   0.00000   0.01917   0.02523   0.02216   0.02660   0.00000   0.01716   0.00000   0.06428   0.00721   0.02952   0.01852   0.02598   1.99726   1.13900  -0.01141   0.20420   2.57374  
 19 44.9282   1067.128984  x:  0.00000   0.00000   0.02616   0.01162   0.00000   0.00000   0.00000   0.00000   0.00421   0.00000   0.02860   0.00000   0.00000   0.00000   0.01568   0.00000   0.02066   0.00000   0.01652   0.03294   0.00629   0.02854   0.00000   0.01718   0.00000   0.06457   0.00994   0.03028   0.01755   0.02600   1.99558   1.18252  -0.05586   0.20333   2.57408  
 20 250.2077   1065.162735  x:  0.00000   0.00000   0.00589   0.01193   0.00000   0.00000   0.00000   0.00000   0.00401   0.00000   0.02648   0.00000   0.00000   0.00000   0.01546   0.00000   0.01883   0.00000   0.01623   0.04060   0.00578   0.02910   0.00000   0.01700   0.00000   0.06540   0.00983   0.03286   0.01622   0.02648   1.99397   1.22310  -0.09741   0.19489   2.57444  
 21 323.7471   1064.271837  x:  0.00000   0.00000   0.00461   0.01209   0.00000   0.00000   0.00000   0.00000   0.00412   0.00000   0.02184   0.00000   0.00000   0.00000   0.01529   0.00000   0.02265   0.00000   0.01719   0.04241   0.00210   0.02948   0.00000   0.01712   0.00000   0.06223   0.00907   0.03263   0.01896   0.02664   1.99301   1.24620  -0.12113   0.18251   2.57468  
 22 223.7959   1052.506942  x:  0.00000   0.00000   0.00447   0.01363   0.00000   0.00000   0.00000   0.00000   0.00575   0.00000   0.00469   0.00000   0.00000   0.00000   0.01324   0.00000   0.01262   0.00000   0.02231   0.04546   0.00305   0.03434   0.00000   0.02014   0.00000   0.05211   0.00672   0.01854   0.03068   0.02729   1.98284   1.48286  -0.36499   0.00000   2.57763  
 23 600.8851   1047.475145  x:  0.00000   0.00000   0.00560   0.00899   0.00000   0.00000   0.00000   0.00000   0.00504   0.00000   0.00695   0.00000   0.00000   0.00000   0.00993   0.00000   0.01743   0.00000   0.02066   0.04511   0.00321   0.02729   0.00000   0.01557   0.00000   0.01501   0.00750   0.01209   0.02177   0.03324   1.97391   1.59387  -0.48272   0.00000   2.58023  
 24 16.1083   1046.374639  x:  0.00976   0.00000   0.00579   0.00824   0.00000   0.00000   0.00000   0.00000   0.00492   0.00000   0.00730   0.00000   0.00000   0.00000   0.00941   0.00000   0.01819   0.00000   0.02038   0.04502   0.00324   0.02615   0.00000   0.01484   0.00000   0.00895   0.00763   0.01112   0.02031   0.03417   1.97242   1.61232  -0.50228   0.00000   2.58066  
 25 709.1308   1044.392253  x:  0.02439   0.00000   0.00504   0.00514   0.00000   0.00000   0.00000   0.00000   0.00509   0.00000   0.01067   0.00000   0.00000   0.00000   0.00821   0.00000   0.02153   0.00000   0.02008   0.03798   0.00382   0.02328   0.00000   0.00922   0.00000   0.01468   0.00727   0.00000   0.02173   0.03969   1.96827   1.64489  -0.53409   0.00000   2.58046  
 26  9.0474   1044.392253  x:  0.02439   0.00000   0.00504   0.00514   0.00000   0.00000   0.00000   0.00000   0.00509   0.00000   0.01067   0.00000   0.00000   0.00000   0.00821   0.00000   0.02153   0.00000   0.02008   0.03798   0.00382   0.02328   0.00000   0.00922   0.00000   0.01468   0.00727   0.00000   0.02173   0.03969   1.96827   1.64489  -0.53409   0.00000   2.58046  
 27 21.1281   1042.923219  x:  0.02694   0.00000   0.00763   0.00697   0.00000   0.00000   0.00000   0.00000   0.00691   0.00000   0.01198   0.00000   0.00000   0.00000   0.01331   0.00000   0.01951   0.00000   0.01882   0.03193   0.01114   0.01766   0.00000   0.01245   0.00000   0.01719   0.01448   0.00256   0.01985   0.03893   1.96820   1.64513  -0.53433   0.00000   2.58046  
 28 233.5828   1041.998853  x:  0.02799   0.00000   0.00767   0.00531   0.00000   0.00000   0.00000   0.00000   0.00524   0.00000   0.01253   0.00000   0.00000   0.00000   0.01374   0.00000   0.01717   0.00000   0.01750   0.02127   0.00825   0.00964   0.00000   0.01306   0.00000   0.01912   0.01455   0.00360   0.01752   0.03786   1.96807   1.64557  -0.53477   0.00000   2.58046  
 29 141.8706   1041.845730  x:  0.02779   0.00000   0.00747   0.00680   0.00000   0.00000   0.00000   0.00000   0.00684   0.00000   0.01227   0.00000   0.00000   0.00000   0.01329   0.00000   0.01690   0.00000   0.01732   0.01669   0.00809   0.01031   0.00000   0.01269   0.00000   0.01910   0.01395   0.00341   0.01710   0.03734   1.96797   1.64589  -0.53509   0.00000   2.58046  
 30 80.0892   1041.807021  x:  0.02749   0.00000   0.00788   0.00613   0.00000   0.00000   0.00000   0.00000   0.00604   0.00000   0.01211   0.00000   0.00000   0.00000   0.01312   0.00000   0.01704   0.00000   0.01738   0.01491   0.00898   0.01122   0.00000   0.01251   0.00000   0.01885   0.01376   0.00310   0.01716   0.03701   1.96789   1.64621  -0.53541   0.00000   2.58046  
 31 39.7360   1041.798630  x:  0.02695   0.00000   0.00862   0.00613   0.00000   0.00000   0.00000   0.00000   0.00617   0.00000   0.01210   0.00000   0.00000   0.00000   0.01293   0.00000   0.01722   0.00000   0.01747   0.01471   0.00934   0.01081   0.00000   0.01242   0.00000   0.01855   0.01348   0.00256   0.01735   0.03668   1.96774   1.64672  -0.53592   0.00000   2.58046  
 32 12.6121   1041.791950  x:  0.02651   0.00000   0.00816   0.00637   0.00000   0.00000   0.00000   0.00000   0.00595   0.00000   0.01219   0.00000   0.00000   0.00000   0.01301   0.00000   0.01711   0.00000   0.01742   0.01472   0.00954   0.01066   0.00000   0.01254   0.00000   0.01850   0.01347   0.00212   0.01738   0.03620   1.96735   1.64814  -0.53734   0.00000   2.58046  
 33  8.0408   1041.760174  x:  0.02611   0.00000   0.00792   0.00550   0.00000   0.00000   0.00000   0.00000   0.00663   0.00000   0.01228   0.00000   0.00000   0.00000   0.01333   0.00000   0.01663   0.00000   0.01715   0.01487   0.00926   0.01094   0.00000   0.01278   0.00000   0.01865   0.01374   0.00172   0.01729   0.03438   1.96512   1.65617  -0.54537   0.00000   2.58046  
 34 31.8988   1041.656470  x:  0.02667   0.00000   0.00899   0.00644   0.00000   0.00000   0.00000   0.00000   0.00576   0.00000   0.01204   0.00000   0.00000   0.00000   0.01343   0.00000   0.01616   0.00000   0.01683   0.01525   0.00828   0.01154   0.00000   0.01263   0.00000   0.01893   0.01403   0.00228   0.01713   0.03044   1.95763   1.68321  -0.57241   0.00000   2.58046  
 35 183.4101   1041.289824  x:  0.02896   0.00000   0.00690   0.00590   0.00000   0.00000   0.00000   0.00000   0.00637   0.00000   0.01135   0.00000   0.00000   0.00000   0.01149   0.00000   0.01815   0.00000   0.01769   0.01532   0.01045   0.00982   0.00000   0.01103   0.00000   0.01837   0.01251   0.00457   0.01741   0.02774   1.93043   1.78119  -0.67039   0.00000   2.58046  
 36 369.9638   1040.439026  x:  0.02706   0.00000   0.00795   0.00596   0.00000   0.00000   0.00000   0.00000   0.00592   0.00000   0.01302   0.00000   0.00000   0.00000   0.01341   0.00000   0.01824   0.00000   0.01781   0.01359   0.00841   0.01032   0.00000   0.01396   0.00000   0.01713   0.01268   0.00268   0.01717   0.03544   1.86389   2.02049  -0.90969   0.00000   2.58046  
 37 1053.8021   1040.365233  x:  0.02643   0.00000   0.00818   0.00596   0.00000   0.00000   0.00000   0.00000   0.00584   0.00000   0.01162   0.00000   0.00000   0.00000   0.01276   0.00000   0.01648   0.00000   0.01683   0.01382   0.00881   0.01027   0.00000   0.01216   0.00000   0.01801   0.01331   0.00204   0.01659   0.03663   1.85844   2.03972  -0.92892   0.00000   2.58046  
 38 283.0425   1040.364650  x:  0.02644   0.00000   0.00821   0.00597   0.00000   0.00000   0.00000   0.00000   0.00585   0.00000   0.01182   0.00000   0.00000   0.00000   0.01269   0.00000   0.01637   0.00000   0.01676   0.01384   0.00888   0.01029   0.00000   0.01216   0.00000   0.01810   0.01320   0.00206   0.01658   0.03664   1.85831   2.03987  -0.92907   0.00000   2.58046  
 39  4.5031   1040.293537  x:  0.02645   0.00000   0.00823   0.00597   0.00000   0.00000   0.00000   0.00000   0.00585   0.00000   0.01183   0.00000   0.00000   0.00000   0.01267   0.00000   0.01634   0.00000   0.01672   0.01385   0.00891   0.01030   0.00000   0.01221   0.00000   0.01820   0.01311   0.00207   0.01659   0.03665   1.85794   2.03993  -0.92913   0.00658   2.58046  
 40 23.3948   1040.293247  x:  0.02642   0.00000   0.00822   0.00597   0.00000   0.00000   0.00000   0.00000   0.00585   0.00000   0.01190   0.00000   0.00000   0.00000   0.01268   0.00000   0.01639   0.00000   0.01681   0.01383   0.00888   0.01031   0.00000   0.01211   0.00000   0.01830   0.01319   0.00204   0.01667   0.03664   1.85778   2.03994  -0.92914   0.00660   2.58046  
 41  2.0225   1040.291541  x:  0.02640   0.00000   0.00825   0.00597   0.00000   0.00000   0.00000   0.00000   0.00585   0.00000   0.01173   0.00000   0.00000   0.00000   0.01260   0.00000   0.01640   0.00000   0.01693   0.01384   0.00892   0.01033   0.00000   0.01235   0.00000   0.01872   0.01305   0.00202   0.01683   0.03665   1.85519   2.04019  -0.92939   0.00661   2.58046  
 42  1.9058   1040.140228  x:  0.02618   0.00000   0.00818   0.00596   0.00000   0.00000   0.00000   0.00000   0.00586   0.00000   0.01155   0.00000   0.00000   0.00000   0.01445   0.00000   0.01797   0.00000   0.01595   0.01461   0.00886   0.01081   0.00000   0.01126   0.00000   0.01951   0.01142   0.00182   0.01628   0.03657   1.62649   2.06020  -0.94940   0.00753   2.58046  
 43 26.8246   1040.033972  x:  0.02622   0.00000   0.00797   0.00594   0.00000   0.00000   0.00000   0.00000   0.00584   0.00000   0.01171   0.00000   0.00000   0.00000   0.01241   0.00000   0.01724   0.00000   0.01675   0.01499   0.00856   0.01106   0.00000   0.01191   0.00000   0.01828   0.01257   0.00187   0.01681   0.03650   1.46614   2.07414  -0.96334   0.00820   2.58046  
 44 1178.5290   1040.032833  x:  0.02627   0.00000   0.00796   0.00594   0.00000   0.00000   0.00000   0.00000   0.00584   0.00000   0.01169   0.00000   0.00000   0.00000   0.01259   0.00000   0.01698   0.00000   0.01693   0.01499   0.00857   0.01105   0.00000   0.01184   0.00000   0.01817   0.01245   0.00191   0.01700   0.03650   1.46438   2.07430  -0.96350   0.00821   2.58046  
 45 19.6583   1040.032548  x:  0.02628   0.00000   0.00795   0.00594   0.00000   0.00000   0.00000   0.00000   0.00584   0.00000   0.01168   0.00000   0.00000   0.00000   0.01258   0.00000   0.01700   0.00000   0.01678   0.01498   0.00856   0.01105   0.00000   0.01184   0.00000   0.01815   0.01247   0.00193   0.01718   0.03651   1.46452   2.07452  -0.96371   0.00822   2.58046  
 46  0.1814   1039.844628  x:  0.02580   0.00000   0.00684   0.00566   0.00000   0.00000   0.00000   0.00000   0.00563   0.00000   0.01138   0.00000   0.00000   0.00000   0.01041   0.00000   0.01697   0.00000   0.01759   0.01701   0.00676   0.01235   0.00000   0.01120   0.00000   0.01639   0.01124   0.00157   0.01781   0.03590   1.57074   2.21603  -1.10520   0.01561   2.58044  
 47  3.3933   1039.709088  x:  0.02572   0.00000   0.00650   0.00533   0.00000   0.00000   0.00000   0.00000   0.00544   0.00000   0.01131   0.00000   0.00000   0.00000   0.01127   0.00000   0.01703   0.00000   0.01704   0.01547   0.00559   0.01125   0.00000   0.01084   0.00000   0.01756   0.00998   0.00171   0.01705   0.03497   1.50967   2.41278  -1.30192   0.02427   2.58042  
 48  0.1768   1039.557595  x:  0.02544   0.00000   0.00754   0.00555   0.00000   0.00000   0.00000   0.00000   0.00552   0.00000   0.01126   0.00000   0.00000   0.00000   0.01158   0.00000   0.01755   0.00000   0.01689   0.01489   0.00859   0.01080   0.00000   0.01089   0.00000   0.01759   0.01086   0.00162   0.01699   0.03475   1.49385   2.67263  -1.56169   0.03173   2.58038  
 49  0.2163   1039.445028  x:  0.02612   0.00000   0.00726   0.00593   0.00000   0.00000   0.00000   0.00000   0.00595   0.00000   0.01156   0.00000   0.00000   0.00000   0.01171   0.00000   0.01684   0.00000   0.01709   0.01578   0.00739   0.01131   0.00000   0.01194   0.00000   0.01697   0.01269   0.00231   0.01712   0.03516   1.53597   2.83202  -1.72100   0.02869   2.58034  
 50  0.1296   1039.355056  x:  0.02555   0.00000   0.00716   0.00558   0.00000   0.00000   0.00000   0.00000   0.00554   0.00000   0.01141   0.00000   0.00000   0.00000   0.01085   0.00000   0.01671   0.00000   0.01713   0.01581   0.00678   0.01167   0.00000   0.01132   0.00000   0.01685   0.01128   0.00201   0.01723   0.03548   1.49324   3.23027  -2.11910   0.03453   2.58026  
 51  0.2653   1039.315873  x:  0.02539   0.00000   0.00714   0.00550   0.00000   0.00000   0.00000   0.00000   0.00550   0.00000   0.01136   0.00000   0.00000   0.00000   0.01138   0.00000   0.01705   0.00000   0.01705   0.01538   0.00720   0.01134   0.00000   0.01105   0.00000   0.01728   0.01069   0.00194   0.01710   0.03549   1.49629   3.41101  -2.29974   0.03128   2.58021  
 52  0.1928   1039.287237  x:  0.02561   0.00000   0.00696   0.00569   0.00000   0.00000   0.00000   0.00000   0.00579   0.00000   0.01144   0.00000   0.00000   0.00000   0.01177   0.00000   0.01730   0.00000   0.01701   0.01558   0.00707   0.01108   0.00000   0.01130   0.00000   0.01733   0.01150   0.00229   0.01708   0.03518   1.50333   3.81734  -2.70587   0.03433   2.58012  
 53  0.3358   1039.271902  x:  0.02542   0.00000   0.00741   0.00564   0.00000   0.00000   0.00000   0.00000   0.00559   0.00000   0.01141   0.00000   0.00000   0.00000   0.01101   0.00000   0.01685   0.00000   0.01707   0.01553   0.00719   0.01131   0.00000   0.01141   0.00000   0.01696   0.01147   0.00225   0.01715   0.03514   1.50014   4.16979  -3.05814   0.03347   2.58003  
 54  0.2620   1039.264634  x:  0.02531   0.00000   0.00701   0.00562   0.00000   0.00000   0.00000   0.00000   0.00563   0.00000   0.01140   0.00000   0.00000   0.00000   0.01149   0.00000   0.01705   0.00000   0.01708   0.01577   0.00719   0.01148   0.00000   0.01123   0.00000   0.01711   0.01118   0.00226   0.01717   0.03528   1.49859   4.55198  -3.44013   0.03382   2.57993  
 55  0.2926   1039.261219  x:  0.02536   0.00000   0.00716   0.00562   0.00000   0.00000   0.00000   0.00000   0.00568   0.00000   0.01142   0.00000   0.00000   0.00000   0.01137   0.00000   0.01704   0.00000   0.01702   0.01540   0.00711   0.01118   0.00000   0.01127   0.00000   0.01723   0.01136   0.00239   0.01707   0.03526   1.50024   4.93754  -3.82548   0.03379   2.57983  
 56  0.2866   1039.259526  x:  0.02526   0.00000   0.00720   0.00564   0.00000   0.00000   0.00000   0.00000   0.00562   0.00000   0.01142   0.00000   0.00000   0.00000   0.01135   0.00000   0.01705   0.00000   0.01707   0.01570   0.00716   0.01135   0.00000   0.01135   0.00000   0.01705   0.01132   0.00238   0.01717   0.03524   1.50022   5.37228  -4.25997   0.03375   2.57971  
 57  0.2828   1039.258844  x:  0.02524   0.00000   0.00709   0.00562   0.00000   0.00000   0.00000   0.00000   0.00566   0.00000   0.01140   0.00000   0.00000   0.00000   0.01133   0.00000   0.01698   0.00000   0.01705   0.01555   0.00717   0.01131   0.00000   0.01125   0.00000   0.01715   0.01131   0.00242   0.01711   0.03526   1.49933   5.77439  -4.66186   0.03382   2.57960  
 58  0.2807   1039.258543  x:  0.02523   0.00000   0.00719   0.00562   0.00000   0.00000   0.00000   0.00000   0.00564   0.00000   0.01142   0.00000   0.00000   0.00000   0.01141   0.00000   0.01706   0.00000   0.01705   0.01557   0.00714   0.01129   0.00000   0.01130   0.00000   0.01715   0.01132   0.00244   0.01713   0.03523   1.50028   6.19957  -5.08679   0.03377   2.57948  
 59  0.2820   1039.258403  x:  0.02523   0.00000   0.00713   0.00564   0.00000   0.00000   0.00000   0.00000   0.00565   0.00000   0.01141   0.00000   0.00000   0.00000   0.01134   0.00000   0.01702   0.00000   0.01706   0.01560   0.00716   0.01131   0.00000   0.01130   0.00000   0.01711   0.01132   0.00245   0.01713   0.03525   1.49958   6.57497  -5.46198   0.03378   2.57938  
 60  0.2554   1039.258342  x:  0.02522   0.00000   0.00716   0.00562   0.00000   0.00000   0.00000   0.00000   0.00564   0.00000   0.01141   0.00000   0.00000   0.00000   0.01138   0.00000   0.01702   0.00000   0.01705   0.01557   0.00715   0.01131   0.00000   0.01127   0.00000   0.01714   0.01132   0.00243   0.01713   0.03524   1.50012   7.02705  -5.91381   0.03382   2.57926  
 61  0.2577   1039.258315  x:  0.02525   0.00000   0.00714   0.00563   0.00000   0.00000   0.00000   0.00000   0.00565   0.00000   0.01142   0.00000   0.00000   0.00000   0.01136   0.00000   0.01703   0.00000   0.01705   0.01558   0.00715   0.01130   0.00000   0.01130   0.00000   0.01713   0.01132   0.00243   0.01713   0.03524   1.49970   7.39319  -6.27974   0.03376   2.57916  
 62  0.2608   1039.258303  x:  0.02527   0.00000   0.00715   0.00563   0.00000   0.00000   0.00000   0.00000   0.00564   0.00000   0.01141   0.00000   0.00000   0.00000   0.01136   0.00000   0.01702   0.00000   0.01705   0.01559   0.00715   0.01131   0.00000   0.01129   0.00000   0.01712   0.01132   0.00239   0.01713   0.03525   1.49992   7.84442  -6.73071   0.03381   2.57904  
 63  0.2619   1039.258298  x:  0.02532   0.00000   0.00715   0.00563   0.00000   0.00000   0.00000   0.00000   0.00564   0.00000   0.01141   0.00000   0.00000   0.00000   0.01137   0.00000   0.01703   0.00000   0.01705   0.01558   0.00715   0.01131   0.00000   0.01129   0.00000   0.01713   0.01132   0.00236   0.01713   0.03525   1.49985   8.21949  -7.10557   0.03377   2.57893  
 64  0.2545   1039.258296  x:  0.02537   0.00000   0.00715   0.00563   0.00000   0.00000   0.00000   0.00000   0.00564   0.00000   0.01141   0.00000   0.00000   0.00000   0.01136   0.00000   0.01703   0.00000   0.01705   0.01558   0.00715   0.01131   0.00000   0.01129   0.00000   0.01713   0.01131   0.00230   0.01713   0.03524   1.49983   8.66599  -7.55182   0.03380   2.57881  
 65  0.2633   1039.258294  x:  0.02543   0.00000   0.00715   0.00563   0.00000   0.00000   0.00000   0.00000   0.00564   0.00000   0.01141   0.00000   0.00000   0.00000   0.01136   0.00000   0.01703   0.00000   0.01705   0.01559   0.00715   0.01131   0.00000   0.01129   0.00000   0.01713   0.01132   0.00224   0.01713   0.03525   1.49986   9.04164  -7.92725   0.03379   2.57871  
 66  0.2753   1039.258294  x:  0.02550   0.00000   0.00715   0.00563   0.00000   0.00000   0.00000   0.00000   0.00564   0.00000   0.01141   0.00000   0.00000   0.00000   0.01136   0.00000   0.01703   0.00000   0.01705   0.01558   0.00715   0.01131   0.00000   0.01129   0.00000   0.01713   0.01132   0.00217   0.01713   0.03524   1.49985   9.42558  -8.31098   0.03379   2.57860  
 67  0.2556   1039.258294  x:  0.02562   0.00000   0.00715   0.00563   0.00000   0.00000   0.00000   0.00000   0.00564   0.00000   0.01141   0.00000   0.00000   0.00000   0.01136   0.00000   0.01703   0.00000   0.01705   0.01558   0.00715   0.01131   0.00000   0.01129   0.00000   0.01713   0.01132   0.00205   0.01713   0.03525   1.49984  10.03473  -8.91978   0.03379   2.57844  
 68  0.2871   1039.258294  x:  0.02568   0.00000   0.00715   0.00563   0.00000   0.00000   0.00000   0.00000   0.00564   0.00000   0.01141   0.00000   0.00000   0.00000   0.01136   0.00000   0.01703   0.00000   0.01705   0.01558   0.00715   0.01131   0.00000   0.01129   0.00000   0.01713   0.01132   0.00199   0.01713   0.03524   1.49986  10.27922  -9.16413   0.03379   2.57837  
 69  0.2261   1039.258294  x:  0.02593   0.00000   0.00715   0.00563   0.00000   0.00000   0.00000   0.00000   0.00564   0.00000   0.01141   0.00000   0.00000   0.00000   0.01136   0.00000   0.01703   0.00000   0.01705   0.01558   0.00715   0.01131   0.00000   0.01129   0.00000   0.01713   0.01132   0.00174   0.01713   0.03524   1.49984  11.24569  -10.13005   0.03379   2.57810  
 70  0.3089   1039.258294  x:  0.02600   0.00000   0.00715   0.00563   0.00000   0.00000   0.00000   0.00000   0.00564   0.00000   0.01141   0.00000   0.00000   0.00000   0.01136   0.00000   0.01703   0.00000   0.01705   0.01558   0.00715   0.01131   0.00000   0.01129   0.00000   0.01713   0.01132   0.00167   0.01713   0.03524   1.49985  11.48850  -10.37273   0.03379   2.57804  
 71  0.2995   1039.258294  x:  0.02630   0.00000   0.00715   0.00563   0.00000   0.00000   0.00000   0.00000   0.00564   0.00000   0.01141   0.00000   0.00000   0.00000   0.01136   0.00000   0.01703   0.00000   0.01705   0.01558   0.00715   0.01131   0.00000   0.01129   0.00000   0.01713   0.01132   0.00136   0.01713   0.03525   1.49986  12.45974  -11.34341   0.03379   2.57777  
 72  0.3344   1039.258294  x:  0.02638   0.00000   0.00715   0.00563   0.00000   0.00000   0.00000   0.00000   0.00564   0.00000   0.01141   0.00000   0.00000   0.00000   0.01136   0.00000   0.01703   0.00000   0.01705   0.01558   0.00715   0.01131   0.00000   0.01129   0.00000   0.01713   0.01132   0.00128   0.01713   0.03525   1.49986  12.70175  -11.58529   0.03379   2.57770  
 73  0.4738   1039.258294  x:  0.02651   0.00000   0.00715   0.00563   0.00000   0.00000   0.00000   0.00000   0.00564   0.00000   0.01141   0.00000   0.00000   0.00000   0.01136   0.00000   0.01703   0.00000   0.01705   0.01558   0.00715   0.01131   0.00000   0.01129   0.00000   0.01713   0.01132   0.00116   0.01713   0.03525   1.49985  13.08424  -11.96756   0.03379   2.57760  
 74  1.7505   1039.258294  x:  0.02688   0.00000   0.00715   0.00563   0.00000   0.00000   0.00000   0.00000   0.00564   0.00000   0.01141   0.00000   0.00000   0.00000   0.01136   0.00000   0.01703   0.00000   0.01705   0.01558   0.00715   0.01131   0.00000   0.01129   0.00000   0.01713   0.01132   0.00079   0.01713   0.03524   1.49984  14.21152  -13.09419   0.03379   2.57729  
 75  4.6186   1039.258294  x:  0.02654   0.00000   0.00715   0.00563   0.00000   0.00000   0.00000   0.00000   0.00564   0.00000   0.01141   0.00000   0.00000   0.00000   0.01136   0.00000   0.01703   0.00000   0.01705   0.01558   0.00715   0.01131   0.00000   0.01129   0.00000   0.01713   0.01132   0.00113   0.01713   0.03524   1.49985  13.15608  -12.03935   0.03379   2.57758  
 76  0.9326   1039.258294  x:  0.02682   0.00000   0.00715   0.00563   0.00000   0.00000   0.00000   0.00000   0.00564   0.00000   0.01141   0.00000   0.00000   0.00000   0.01136   0.00000   0.01703   0.00000   0.01705   0.01558   0.00715   0.01131   0.00000   0.01129   0.00000   0.01713   0.01132   0.00085   0.01713   0.03524   1.49985  14.01390  -12.89668   0.03379   2.57734  
 77  0.4343   1039.258294  x:  0.02714   0.00000   0.00715   0.00563   0.00000   0.00000   0.00000   0.00000   0.00564   0.00000   0.01141   0.00000   0.00000   0.00000   0.01136   0.00000   0.01703   0.00000   0.01705   0.01558   0.00715   0.01131   0.00000   0.01129   0.00000   0.01713   0.01132   0.00053   0.01713   0.03524   1.49985  14.99971  -13.88194   0.03379   2.57707  
 78 11.5613   1039.258294  x:  0.02717   0.00000   0.00715   0.00563   0.00000   0.00000   0.00000   0.00000   0.00564   0.00000   0.01141   0.00000   0.00000   0.00000   0.01136   0.00000   0.01703   0.00000   0.01705   0.01558   0.00715   0.01131   0.00000   0.01129   0.00000   0.01713   0.01132   0.00050   0.01713   0.03524   1.49985  15.09547  -13.97764   0.03379   2.57705  
 79  0.0405   1039.258294  x:  0.02725   0.00000   0.00715   0.00563   0.00000   0.00000   0.00000   0.00000   0.00564   0.00000   0.01141   0.00000   0.00000   0.00000   0.01136   0.00000   0.01703   0.00000   0.01705   0.01558   0.00715   0.01131   0.00000   0.01129   0.00000   0.01713   0.01132   0.00042   0.01713   0.03524   1.49985  15.37286  -14.25487   0.03379   2.57697  
 80  0.4589   1039.258294  x:  0.02727   0.00000   0.00715   0.00563   0.00000   0.00000   0.00000   0.00000   0.00564   0.00000   0.01141   0.00000   0.00000   0.00000   0.01136   0.00000   0.01703   0.00000   0.01705   0.01558   0.00715   0.01131   0.00000   0.01129   0.00000   0.01713   0.01132   0.00040   0.01713   0.03524   1.49985  15.43971  -14.32169   0.03379   2.57695  
 81  2.3471   1039.258294  x:  0.02727   0.00000   0.00715   0.00563   0.00000   0.00000   0.00000   0.00000   0.00564   0.00000   0.01141   0.00000   0.00000   0.00000   0.01136   0.00000   0.01703   0.00000   0.01705   0.01558   0.00715   0.01131   0.00000   0.01129   0.00000   0.01713   0.01132   0.00040   0.01713   0.03524   1.49985  15.43924  -14.32122   0.03379   2.57695  
 82  0.3392   1039.258294  x:  0.02727   0.00000   0.00715   0.00563   0.00000   0.00000   0.00000   0.00000   0.00564   0.00000   0.01141   0.00000   0.00000   0.00000   0.01136   0.00000   0.01703   0.00000   0.01705   0.01558   0.00715   0.01131   0.00000   0.01129   0.00000   0.01713   0.01132   0.00040   0.01713   0.03524   1.49985  15.43918  -14.32115   0.03379   2.57695  
 83  0.3613   1039.258294  x:  0.02727   0.00000   0.00715   0.00563   0.00000   0.00000   0.00000   0.00000   0.00564   0.00000   0.01141   0.00000   0.00000   0.00000   0.01136   0.00000   0.01703   0.00000   0.01705   0.01558   0.00715   0.01131   0.00000   0.01129   0.00000   0.01713   0.01132   0.00040   0.01713   0.03524   1.49985  15.43918  -14.32115   0.03379   2.57695  
 84  0.0019   1039.258294  x:  0.02727   0.00000   0.00715   0.00563   0.00000   0.00000   0.00000   0.00000   0.00564   0.00000   0.01141   0.00000   0.00000   0.00000   0.01136   0.00000   0.01703   0.00000   0.01705   0.01558   0.00715   0.01131   0.00000   0.01129   0.00000   0.01713   0.01132   0.00040   0.01713   0.03524   1.49985  15.43918  -14.32115   0.03379   2.57695  
check convergence!
