Supplemental results for CODEML (seqf: /Users/YY/Desktop/get/branch_site/modify/modify_trim_muscle_atpE.fa  treef: /Users/YY/Desktop/get/branch_site/16gene_topu.tree)


dN/dS (w) for site classes (K=4)

site class             0        1       2a       2b
proportion       0.58008  0.21779  0.14695  0.05517
background w     0.03228  1.00000  0.03228  1.00000
foreground w     0.03228  1.00000  1.00000  1.00000

Naive Empirical Bayes (NEB) probabilities for 4 classes
(amino acids refer to 1st sequence: NC_015113)

   1 M   0.67070 0.12717 0.16991 0.03222 ( 1)
   2 T   0.62001 0.17786 0.15707 0.04506 ( 1)
   3 L   0.61144 0.18643 0.15490 0.04723 ( 1)
   4 N   0.67232 0.12556 0.17032 0.03181 ( 1)
   5 L   0.63187 0.16600 0.16008 0.04205 ( 1)
   6 C   0.62291 0.17496 0.15780 0.04432 ( 1)
   7 V   0.66497 0.13290 0.16846 0.03367 ( 1)
   8 L   0.59859 0.19928 0.15164 0.05049 ( 1)
   9 T   0.62001 0.17786 0.15707 0.04506 ( 1)
  10 P   0.62839 0.16949 0.15919 0.04294 ( 1)
  11 N   0.67232 0.12556 0.17032 0.03181 ( 1)
  12 R   0.60875 0.18912 0.15422 0.04791 ( 1)
  13 T   0.62567 0.17221 0.15850 0.04363 ( 1)
  14 V   0.66955 0.12832 0.16962 0.03251 ( 1)
  15 W   0.59455 0.20332 0.15062 0.05151 ( 1)
  16 N   0.67232 0.12556 0.17032 0.03181 ( 1)
  17 S   0.62079 0.17708 0.15727 0.04486 ( 1)
  18 K   0.66644 0.13143 0.16883 0.03330 ( 1)
  19 V   0.62549 0.17238 0.15846 0.04367 ( 1)
  20 N   0.62783 0.17004 0.15905 0.04308 ( 1)
  21 E   0.66598 0.13189 0.16871 0.03341 ( 1)
  22 I   0.62942 0.16845 0.15945 0.04268 ( 1)
  23 I   0.00442 0.79345 0.00112 0.20101 ( 2)
  24 L   0.61144 0.18643 0.15490 0.04723 ( 1)
  25 S   0.62741 0.17047 0.15894 0.04318 ( 1)
  26 T   0.66953 0.12834 0.16962 0.03251 ( 1)
  27 N   0.67232 0.12556 0.17032 0.03181 ( 1)
  28 S   0.66914 0.12873 0.16952 0.03261 ( 1)
  29 G   0.66182 0.13606 0.16766 0.03447 ( 1)
  30 Q   0.61672 0.18115 0.15624 0.04589 ( 1)
  31 I   0.67217 0.12571 0.17028 0.03185 ( 1)
  32 G   0.62116 0.17671 0.15736 0.04477 ( 1)
  33 V   0.11128 0.68659 0.02819 0.17394 ( 2)
  34 L   0.61144 0.18643 0.15490 0.04723 ( 1)
  35 P   0.62622 0.17165 0.15864 0.04349 ( 1)
  36 N   0.11653 0.68134 0.02952 0.17261 ( 2)
  37 H   0.60504 0.19283 0.15328 0.04885 ( 1)
  38 A   0.62621 0.17166 0.15864 0.04349 ( 1)
  39 S   0.62394 0.17394 0.15806 0.04406 ( 1)
  40 V   0.11439 0.68348 0.02898 0.17315 ( 2)
  41 A   0.66800 0.12988 0.16923 0.03290 ( 1)
  42 T   0.66494 0.13294 0.16845 0.03368 ( 1)
  43 A   0.61919 0.17868 0.15686 0.04527 ( 1)
  44 V   0.62011 0.17776 0.15710 0.04503 ( 1)
  45 D   0.67192 0.12596 0.17022 0.03191 ( 1)
  46 I   0.67972 0.11815 0.17220 0.02993 ( 1)
  47 G   0.66182 0.13606 0.16766 0.03447 ( 1)
  48 I   0.67217 0.12571 0.17028 0.03185 ( 1)
  49 L   0.59788 0.19999 0.15147 0.05066 ( 1)
  50 K   0.66644 0.13143 0.16883 0.03330 ( 1)
  51 I   0.67972 0.11815 0.17220 0.02993 ( 1)
  52 R   0.61435 0.18352 0.15564 0.04649 ( 1)
  53 L   0.63187 0.16600 0.16008 0.04205 ( 1)
  54 D   0.63389 0.16398 0.16059 0.04154 ( 1)
  55 G   0.07672 0.72115 0.01944 0.18269 ( 2)
  56 Q   0.61672 0.18115 0.15624 0.04589 ( 1)
  57 W   0.59455 0.20332 0.15062 0.05151 ( 1)
  58 L   0.61144 0.18643 0.15490 0.04723 ( 1)
  59 T   0.62326 0.17461 0.15789 0.04424 ( 1)
  60 M   0.67070 0.12717 0.16991 0.03222 ( 1)
  61 A   0.66353 0.13434 0.16810 0.03403 ( 1)
  62 L   0.59683 0.20104 0.15120 0.05093 ( 1)
  63 M   0.67070 0.12717 0.16991 0.03222 ( 1)
  64 G   0.64105 0.15683 0.16240 0.03973 ( 1)
  65 G   0.66182 0.13606 0.16766 0.03447 ( 1)
  66 F   0.63530 0.16258 0.16094 0.04119 ( 1)
  67 A   0.66800 0.12988 0.16923 0.03290 ( 1)
  68 R   0.10527 0.69260 0.02667 0.17546 ( 2)
  69 I   0.67972 0.11815 0.17220 0.02993 ( 1)
  70 G   0.66182 0.13606 0.16766 0.03447 ( 1)
  71 N   0.67232 0.12556 0.17032 0.03181 ( 1)
  72 N   0.67232 0.12556 0.17032 0.03181 ( 1)
  73 E   0.62910 0.16878 0.15937 0.04276 ( 1)
  74 I   0.62638 0.17149 0.15868 0.04345 ( 1)
  75 T   0.66953 0.12834 0.16962 0.03251 ( 1)
  76 I   0.11507 0.68280 0.02915 0.17298 ( 2)
  77 L   0.61144 0.18643 0.15490 0.04723 ( 1)
  78 V   0.66497 0.13290 0.16846 0.03367 ( 1)
  79 N   0.67232 0.12556 0.17032 0.03181 ( 1)
  80 D   0.67192 0.12596 0.17022 0.03191 ( 1)
  81 A   0.62238 0.17549 0.15767 0.04446 ( 1)
  82 E   0.63795 0.15992 0.16161 0.04051 ( 1)
  83 K   0.65278 0.14509 0.16537 0.03676 ( 1)
  84 G   0.10784 0.69003 0.02732 0.17481 ( 2)
  85 S   0.66914 0.12873 0.16952 0.03261 ( 1)
  86 D   0.62704 0.17083 0.15885 0.04328 ( 1)
  87 I   0.62357 0.17430 0.15797 0.04416 ( 1)
  88 D   0.67192 0.12596 0.17022 0.03191 ( 1)
  89 S   0.08105 0.71682 0.02053 0.18160 ( 2)
  90 Q   0.61672 0.18115 0.15624 0.04589 ( 1)
  91 E   0.66598 0.13189 0.16871 0.03341 ( 1)
  92 A   0.61919 0.17868 0.15686 0.04527 ( 1)
  93 R   0.00247 0.79540 0.00063 0.20150 ( 2)
  94 Q   0.61672 0.18115 0.15624 0.04589 ( 1)
  95 T   0.66953 0.12834 0.16962 0.03251 ( 1)
  96 L   0.63187 0.16600 0.16008 0.04205 ( 1)
  97 E   0.66598 0.13189 0.16871 0.03341 ( 1)
  98 I   0.67972 0.11815 0.17220 0.02993 ( 1)
  99 A   0.66345 0.13442 0.16807 0.03405 ( 1)
 100 E   0.66598 0.13189 0.16871 0.03341 ( 1)
 101 A   0.66800 0.12988 0.16923 0.03290 ( 1)
 102 N   0.67232 0.12556 0.17032 0.03181 ( 1)
 103 L   0.07611 0.72176 0.01928 0.18285 ( 2)
 104 R   0.66233 0.13555 0.16779 0.03434 ( 1)
 105 K   0.66644 0.13143 0.16883 0.03330 ( 1)
 106 A   0.66800 0.12988 0.16923 0.03290 ( 1)
 107 E   0.11183 0.68604 0.02833 0.17380 ( 2)
 108 G   0.65624 0.14163 0.16625 0.03588 ( 1)
 109 K   0.62988 0.16799 0.15957 0.04256 ( 1)
 110 R   0.66233 0.13555 0.16779 0.03434 ( 1)
 111 Q   0.61672 0.18115 0.15624 0.04589 ( 1)
 112 K   0.66644 0.13143 0.16883 0.03330 ( 1)
 113 I   0.67217 0.12571 0.17028 0.03185 ( 1)
 114 E   0.62910 0.16878 0.15937 0.04276 ( 1)
 115 A   0.66345 0.13442 0.16807 0.03405 ( 1)
 116 N   0.67232 0.12556 0.17032 0.03181 ( 1)
 117 L   0.08041 0.71746 0.02037 0.18176 ( 2)
 118 A   0.66800 0.12988 0.16923 0.03290 ( 1)
 119 L   0.60183 0.19604 0.15247 0.04966 ( 1)
 120 R   0.60875 0.18912 0.15422 0.04791 ( 1)
 121 R   0.60875 0.18912 0.15422 0.04791 ( 1)
 122 A   0.66800 0.12988 0.16923 0.03290 ( 1)
 123 R   0.62590 0.17197 0.15856 0.04357 ( 1)
 124 T   0.66494 0.13294 0.16845 0.03368 ( 1)
 125 R   0.60875 0.18912 0.15422 0.04791 ( 1)
 126 V   0.62011 0.17776 0.15710 0.04503 ( 1)
 127 E   0.62910 0.16878 0.15937 0.04276 ( 1)
 128 T   0.62326 0.17461 0.15789 0.04424 ( 1)
 129 I   0.62357 0.17430 0.15797 0.04416 ( 1)
 130 N   0.11747 0.68040 0.02976 0.17237 ( 2)
 131 G   0.00010 0.79777 0.00002 0.20210 ( 2)
 132 I   0.67217 0.12571 0.17028 0.03185 ( 1)
 133 S   0.60031 0.19756 0.15208 0.05005 ( 1)


lnL =  -756.393727

