

TREE # 1

  0  0.0000    798.106370  x:  0.00000   0.01589   0.02241   0.00752   0.02599   0.02688   0.01290   0.01525   0.02594   0.01279   0.02004   0.01003   0.00937   0.00642   0.00753   0.02354   0.02678   0.02155   0.02485   0.01817   0.02879   0.02108   0.00289   0.01684   0.00529   0.03864   0.06103   0.04088   0.04784   0.06131   2.00000   1.09989   0.02896   0.27919  
  1 99.0000    791.761130  x:  0.00008   0.01454   0.01954   0.00465   0.02313   0.02401   0.00996   0.01236   0.02307   0.01175   0.01717   0.00714   0.00648   0.00352   0.00464   0.02066   0.02478   0.02088   0.02292   0.01659   0.02675   0.01933   0.00000   0.01679   0.00245   0.03700   0.06130   0.04096   0.04652   0.06236   2.00011   1.09991   0.02894   0.27868  
  2 515.8195    786.684881  x:  0.00011   0.01351   0.01709   0.00218   0.02067   0.02155   0.00744   0.00989   0.02061   0.01101   0.01470   0.00466   0.00401   0.00105   0.00217   0.01819   0.02313   0.02037   0.02135   0.01535   0.02506   0.01792   0.00000   0.01674   0.00000   0.03564   0.06150   0.04099   0.04542   0.06315   2.00020   1.09993   0.02892   0.27830  
  3 589078.3871    784.778685  x:  0.00037   0.01331   0.01605   0.00114   0.01963   0.02051   0.00637   0.00885   0.01956   0.01044   0.01366   0.00362   0.00296   0.00000   0.00112   0.01715   0.02275   0.02002   0.02103   0.01522   0.02462   0.01772   0.00000   0.01681   0.00000   0.03518   0.06170   0.04124   0.04501   0.06388   2.00024   1.09992   0.02894   0.27784  
  4 3352.7889    782.833941  x:  0.00037   0.01281   0.01493   0.00001   0.01850   0.01939   0.00521   0.00773   0.01844   0.01041   0.01254   0.00250   0.00185   0.00000   0.00000   0.01604   0.02232   0.01978   0.02062   0.01476   0.02414   0.01733   0.00000   0.01675   0.00000   0.03469   0.06195   0.04125   0.04456   0.06463   2.00028   1.09989   0.02897   0.27714  
  5 7632.3410    782.818849  x:  0.00037   0.01280   0.01492   0.00000   0.01849   0.01939   0.00520   0.00772   0.01843   0.01040   0.01253   0.00249   0.00184   0.00000   0.00000   0.01603   0.02231   0.01978   0.02061   0.01475   0.02414   0.01732   0.00000   0.01675   0.00000   0.03469   0.06195   0.04125   0.04456   0.06463   2.00028   1.09989   0.02897   0.27713  
  6 8487.1027    780.054617  x:  0.00091   0.01230   0.01307   0.00000   0.01660   0.01753   0.00327   0.00589   0.01658   0.01029   0.01067   0.00066   0.00000   0.00000   0.00000   0.01420   0.02120   0.01922   0.01950   0.01433   0.02306   0.01644   0.00000   0.01687   0.00000   0.03392   0.06184   0.04178   0.04398   0.06443   2.00034   1.09981   0.02905   0.27564  
  7 4921.0605    779.180912  x:  0.00085   0.01206   0.01241   0.00000   0.01593   0.01685   0.00257   0.00524   0.01590   0.01014   0.01000   0.00000   0.00000   0.00000   0.00000   0.01355   0.02091   0.01906   0.01928   0.01426   0.02271   0.01643   0.00000   0.01673   0.00000   0.03368   0.06182   0.04173   0.04380   0.06459   2.00037   1.09979   0.02907   0.27513  
  8 2423.9895    776.299462  x:  0.00083   0.01176   0.00999   0.00000   0.01344   0.01437   0.00000   0.00282   0.01342   0.00986   0.00751   0.00000   0.00000   0.00000   0.00000   0.01113   0.02009   0.01888   0.01865   0.01357   0.02170   0.01598   0.00000   0.01700   0.00000   0.03284   0.06197   0.04171   0.04313   0.06555   2.00045   1.09971   0.02916   0.27328  
  9 9581.5921    773.440054  x:  0.00107   0.01127   0.00720   0.00000   0.01057   0.01148   0.00000   0.00000   0.01052   0.00943   0.00461   0.00000   0.00000   0.00000   0.00000   0.00832   0.01973   0.01876   0.01805   0.01305   0.02130   0.01462   0.00000   0.01629   0.00000   0.03217   0.06240   0.04194   0.04243   0.06635   2.00055   1.09962   0.02924   0.27129  
 10 6181.8318    769.648065  x:  0.00069   0.00971   0.00288   0.00000   0.00614   0.00687   0.00000   0.00000   0.00591   0.00868   0.00000   0.00000   0.00000   0.00000   0.00000   0.00391   0.01926   0.01760   0.01670   0.01258   0.02138   0.01364   0.00000   0.01711   0.00000   0.03153   0.06316   0.04157   0.04145   0.06656   2.00069   1.09951   0.02937   0.26836  
 11 2564.6946    767.415072  x:  0.00072   0.00969   0.00000   0.00000   0.00318   0.00375   0.00000   0.00000   0.00280   0.00844   0.00000   0.00000   0.00000   0.00000   0.00000   0.00094   0.01832   0.01712   0.01567   0.01183   0.02079   0.01360   0.00000   0.01682   0.00000   0.03088   0.06355   0.04159   0.04077   0.06699   2.00079   1.09942   0.02946   0.26628  
 12 2995.3470    766.824407  x:  0.00074   0.00952   0.00000   0.00000   0.00224   0.00276   0.00000   0.00000   0.00182   0.00836   0.00000   0.00000   0.00000   0.00000   0.00000   0.00000   0.01800   0.01723   0.01557   0.01186   0.02042   0.01347   0.00000   0.01683   0.00000   0.03063   0.06355   0.04162   0.04058   0.06717   2.00082   1.09940   0.02949   0.26563  
 13 3839.1256    765.969569  x:  0.00059   0.00955   0.00000   0.00000   0.00042   0.00087   0.00000   0.00000   0.00000   0.00825   0.00000   0.00000   0.00000   0.00000   0.00000   0.00000   0.01790   0.01661   0.01581   0.01171   0.01961   0.01291   0.00000   0.01680   0.00000   0.03019   0.06322   0.04147   0.04037   0.06746   2.00088   1.09935   0.02954   0.26442  
 14 1364.0771    765.847743  x:  0.00061   0.00951   0.00000   0.00000   0.00000   0.00045   0.00000   0.00000   0.00000   0.00822   0.00000   0.00000   0.00000   0.00000   0.00000   0.00000   0.01794   0.01661   0.01577   0.01164   0.01956   0.01291   0.00000   0.01679   0.00000   0.03014   0.06317   0.04149   0.04034   0.06749   2.00090   1.09935   0.02955   0.26420  
 15 761.4763    765.772734  x:  0.00060   0.00950   0.00000   0.00000   0.00000   0.00000   0.00000   0.00000   0.00000   0.00821   0.00000   0.00000   0.00000   0.00000   0.00000   0.00000   0.01791   0.01659   0.01569   0.01164   0.01955   0.01287   0.00000   0.01679   0.00000   0.03010   0.06319   0.04148   0.04029   0.06754   2.00091   1.09934   0.02955   0.26399  
 16 1252.9356    764.998334  x:  0.00131   0.00726   0.00000   0.00000   0.00000   0.00000   0.00000   0.00000   0.00000   0.00666   0.00000   0.00000   0.00000   0.00000   0.00000   0.00000   0.00994   0.01529   0.02246   0.00716   0.02015   0.01275   0.00000   0.01628   0.00000   0.02528   0.07287   0.04218   0.02914   0.06414   2.00360   1.09959   0.02939   0.24317  
 17 86.0688    764.811655  x:  0.00122   0.00768   0.00000   0.00000   0.00000   0.00000   0.00000   0.00000   0.00000   0.00696   0.00000   0.00000   0.00000   0.00000   0.00000   0.00000   0.01411   0.01554   0.02221   0.00797   0.01516   0.01359   0.00000   0.01630   0.00000   0.02293   0.07972   0.04209   0.02547   0.06136   2.00594   1.10054   0.02843   0.23684  
 18 31.4545    764.491316  x:  0.00137   0.00717   0.00000   0.00000   0.00000   0.00000   0.00000   0.00000   0.00000   0.00657   0.00000   0.00000   0.00000   0.00000   0.00000   0.00000   0.01331   0.01538   0.02207   0.00693   0.00873   0.01350   0.00000   0.01627   0.00000   0.02353   0.08601   0.04225   0.03354   0.06052   2.01512   1.10413   0.02481   0.20942  
 19 28.5546    762.979952  x:  0.00127   0.00794   0.00000   0.00000   0.00000   0.00000   0.00000   0.00000   0.00000   0.00747   0.00000   0.00000   0.00000   0.00000   0.00000   0.00000   0.01187   0.01652   0.02401   0.00712   0.00740   0.01555   0.00000   0.01659   0.00000   0.01004   0.07434   0.04215   0.03489   0.05912   2.05839   1.12226   0.00641   0.10019  
 20 68.4452    762.386451  x:  0.00124   0.00815   0.00000   0.00000   0.00000   0.00000   0.00000   0.00000   0.00000   0.00778   0.00000   0.00000   0.00000   0.00000   0.00000   0.00000   0.01093   0.01699   0.02415   0.00700   0.00418   0.01609   0.00000   0.01671   0.00000   0.01401   0.06761   0.04212   0.03025   0.05967   2.07853   1.13061  -0.00205   0.04930  
 21 437.9840    762.059485  x:  0.00108   0.00832   0.00000   0.00000   0.00000   0.00000   0.00000   0.00000   0.00000   0.00875   0.00000   0.00000   0.00000   0.00000   0.00000   0.00000   0.01185   0.01792   0.02380   0.00603   0.00651   0.01452   0.00000   0.01663   0.00000   0.01470   0.07241   0.04196   0.03212   0.05989   2.16709   1.14517  -0.01649   0.02145  
 22  5.0678    760.759000  x:  0.00000   0.00889   0.00000   0.00000   0.00000   0.00000   0.00000   0.00000   0.00000   0.01145   0.00000   0.00000   0.00000   0.00000   0.00000   0.00000   0.01161   0.02093   0.01986   0.00305   0.00641   0.00995   0.00000   0.01627   0.00000   0.01531   0.06878   0.04089   0.02907   0.06042   2.47446   1.18604  -0.05726   0.05315  
 23 25.0106    759.176777  x:  0.00000   0.00898   0.00000   0.00000   0.00000   0.00000   0.00000   0.00000   0.00000   0.01449   0.00000   0.00000   0.00000   0.00000   0.00000   0.00000   0.00448   0.02168   0.01403   0.00845   0.00697   0.00860   0.00000   0.01462   0.00000   0.01687   0.07212   0.04736   0.02704   0.05942   3.07248   1.26277  -0.13385   0.08969  
 24 24.7677    759.074453  x:  0.00000   0.00885   0.00000   0.00000   0.00000   0.00000   0.00000   0.00000   0.00000   0.01446   0.00000   0.00000   0.00000   0.00000   0.00000   0.00000   0.00429   0.02149   0.01396   0.00884   0.00700   0.00880   0.00000   0.01453   0.00000   0.01691   0.07230   0.03888   0.02702   0.05977   3.09665   1.26555  -0.13663   0.09038  
 25 22.9841    758.104898  x:  0.00000   0.00437   0.00000   0.00000   0.00000   0.00000   0.00000   0.00000   0.00000   0.01200   0.00000   0.00000   0.00000   0.00000   0.00000   0.00000   0.00856   0.01739   0.01468   0.00998   0.00730   0.01129   0.00000   0.01341   0.00000   0.01649   0.06775   0.03925   0.02495   0.07528   3.49070   1.30701  -0.17802   0.10467  
 26 13.6256    757.563635  x:  0.00000   0.00727   0.00000   0.00000   0.00000   0.00000   0.00000   0.00000   0.00000   0.00584   0.00000   0.00000   0.00000   0.00000   0.00000   0.00000   0.00976   0.01651   0.01175   0.01019   0.00784   0.01175   0.00000   0.01526   0.00000   0.01676   0.06309   0.03879   0.02419   0.07413   3.70298   1.31399  -0.18506   0.10501  
 27  5.7351    757.560440  x:  0.00147   0.00727   0.00000   0.00000   0.00000   0.00000   0.00000   0.00000   0.00000   0.00583   0.00000   0.00000   0.00000   0.00000   0.00000   0.00000   0.00976   0.01650   0.01173   0.01019   0.00784   0.01175   0.00000   0.01527   0.00000   0.01676   0.06308   0.03879   0.02419   0.07413   3.70359   1.31382  -0.18489   0.10497  
 28  3.9459    757.224300  x:  0.00113   0.00789   0.00000   0.00000   0.00000   0.00000   0.00000   0.00000   0.00000   0.00831   0.00000   0.00000   0.00000   0.00000   0.00000   0.00000   0.00977   0.01284   0.00705   0.01010   0.00769   0.01124   0.00000   0.01755   0.00000   0.01654   0.06324   0.03906   0.02414   0.07573   3.85043   1.22028  -0.09157   0.08189  
 29  1.1649    757.059244  x:  0.00156   0.00858   0.00000   0.00000   0.00000   0.00000   0.00000   0.00000   0.00000   0.00864   0.00000   0.00000   0.00000   0.00000   0.00000   0.00000   0.01020   0.01356   0.00844   0.01061   0.00727   0.00727   0.00000   0.01817   0.00000   0.01602   0.06452   0.03877   0.02415   0.08007   3.93171   1.15896  -0.03016   0.06671  
 30  2.6180    756.890890  x:  0.00095   0.00878   0.00000   0.00000   0.00000   0.00000   0.00000   0.00000   0.00000   0.00809   0.00000   0.00000   0.00000   0.00000   0.00000   0.00000   0.00951   0.01638   0.00659   0.01035   0.00717   0.00792   0.00000   0.01481   0.00000   0.01567   0.06499   0.03950   0.02389   0.08359   4.08721   1.05322   0.07585   0.03967  
 31  1.1259    756.785512  x:  0.00000   0.00866   0.00000   0.00000   0.00000   0.00000   0.00000   0.00000   0.00000   0.00782   0.00000   0.00000   0.00000   0.00000   0.00000   0.00000   0.00815   0.01590   0.00799   0.00990   0.00718   0.00931   0.00000   0.01620   0.00000   0.01538   0.06540   0.04052   0.02359   0.08697   4.26956   0.99858   0.13026   0.02471  
 32  0.8141    756.704213  x:  0.00000   0.00715   0.00000   0.00000   0.00000   0.00000   0.00000   0.00000   0.00000   0.00666   0.00000   0.00000   0.00000   0.00000   0.00000   0.00000   0.00759   0.01509   0.00770   0.00969   0.00747   0.00814   0.00000   0.01619   0.00000   0.01532   0.06191   0.04049   0.02345   0.08284   4.43420   0.97060   0.15834   0.01244  
 33  2.5988    756.590491  x:  0.00000   0.00761   0.00000   0.00000   0.00000   0.00000   0.00000   0.00000   0.00000   0.00663   0.00000   0.00000   0.00000   0.00000   0.00000   0.00000   0.00674   0.01372   0.00780   0.00898   0.00702   0.00765   0.00000   0.01432   0.00000   0.01454   0.06421   0.04097   0.02354   0.08454   4.74627   1.05759   0.07148   0.02201  
 34  0.7648    756.520131  x:  0.00000   0.00726   0.00000   0.00000   0.00000   0.00000   0.00000   0.00000   0.00000   0.00697   0.00000   0.00000   0.00000   0.00000   0.00000   0.00000   0.00682   0.01589   0.00715   0.00877   0.00705   0.00749   0.00000   0.01689   0.00000   0.01465   0.06600   0.04088   0.02372   0.08396   4.98883   1.08935   0.03950   0.02801  
 35  0.9087    756.424240  x:  0.00000   0.00795   0.00000   0.00000   0.00000   0.00000   0.00000   0.00000   0.00000   0.00832   0.00000   0.00000   0.00000   0.00000   0.00000   0.00000   0.00792   0.01593   0.00818   0.00860   0.00773   0.00760   0.00000   0.01568   0.00000   0.01591   0.06584   0.04030   0.02445   0.08000   5.39123   1.04903   0.07990   0.02427  
 36  1.0348    756.399176  x:  0.00000   0.00810   0.00000   0.00000   0.00000   0.00000   0.00000   0.00000   0.00000   0.00810   0.00000   0.00000   0.00000   0.00000   0.00000   0.00000   0.00759   0.01568   0.00772   0.00803   0.00803   0.00783   0.00000   0.01574   0.00000   0.01585   0.06427   0.04055   0.02315   0.08241   5.60616   1.04969   0.07918   0.02936  
 37  0.1914    756.394744  x:  0.00000   0.00797   0.00000   0.00000   0.00000   0.00000   0.00000   0.00000   0.00000   0.00776   0.00000   0.00000   0.00000   0.00000   0.00000   0.00000   0.00772   0.01553   0.00765   0.00787   0.00791   0.00783   0.00000   0.01574   0.00000   0.01567   0.06501   0.04036   0.02388   0.08231   5.67911   1.04747   0.08142   0.03048  
 38  0.1069    756.393803  x:  0.00000   0.00787   0.00000   0.00000   0.00000   0.00000   0.00000   0.00000   0.00000   0.00775   0.00000   0.00000   0.00000   0.00000   0.00000   0.00000   0.00777   0.01563   0.00775   0.00780   0.00781   0.00777   0.00000   0.01567   0.00000   0.01551   0.06455   0.04021   0.02376   0.08201   5.70043   1.05364   0.07525   0.03170  
 39  0.0276    756.393799  x:  0.00006   0.00787   0.00000   0.00000   0.00000   0.00000   0.00000   0.00000   0.00000   0.00775   0.00000   0.00000   0.00000   0.00000   0.00000   0.00000   0.00777   0.01563   0.00775   0.00780   0.00780   0.00777   0.00000   0.01567   0.00000   0.01551   0.06455   0.04020   0.02376   0.08201   5.70066   1.05370   0.07519   0.03171  
 40  0.6946    756.393735  x:  0.00003   0.00785   0.00000   0.00000   0.00000   0.00000   0.00000   0.00000   0.00000   0.00778   0.00000   0.00000   0.00000   0.00000   0.00000   0.00000   0.00777   0.01562   0.00778   0.00778   0.00777   0.00777   0.00000   0.01568   0.00000   0.01557   0.06464   0.04023   0.02372   0.08205   5.70035   1.05400   0.07489   0.03216  
 41  0.0005    756.393729  x:  0.00000   0.00785   0.00000   0.00000   0.00000   0.00000   0.00000   0.00000   0.00000   0.00778   0.00000   0.00000   0.00000   0.00000   0.00000   0.00000   0.00777   0.01562   0.00778   0.00778   0.00777   0.00777   0.00000   0.01568   0.00000   0.01557   0.06462   0.04025   0.02373   0.08206   5.69890   1.05414   0.07474   0.03224  
 42  0.0025    756.393728  x:  0.00000   0.00785   0.00000   0.00000   0.00000   0.00000   0.00000   0.00000   0.00000   0.00778   0.00000   0.00000   0.00000   0.00000   0.00000   0.00000   0.00777   0.01562   0.00777   0.00778   0.00776   0.00777   0.00000   0.01568   0.00000   0.01557   0.06460   0.04027   0.02374   0.08207   5.69731   1.05422   0.07467   0.03228  
 43  0.0025    756.393727  x:  0.00000   0.00785   0.00000   0.00000   0.00000   0.00000   0.00000   0.00000   0.00000   0.00778   0.00000   0.00000   0.00000   0.00000   0.00000   0.00000   0.00777   0.01562   0.00777   0.00778   0.00776   0.00777   0.00000   0.01568   0.00000   0.01557   0.06460   0.04026   0.02374   0.08206   5.69652   1.05428   0.07461   0.03229  
 44  0.0007    756.393727  x:  0.00000   0.00785   0.00000   0.00000   0.00000   0.00000   0.00000   0.00000   0.00000   0.00778   0.00000   0.00000   0.00000   0.00000   0.00000   0.00000   0.00777   0.01562   0.00777   0.00777   0.00776   0.00777   0.00000   0.01568   0.00000   0.01557   0.06460   0.04026   0.02374   0.08206   5.69627   1.05425   0.07464   0.03228  
 45  0.0002    756.393727  x:  0.00000   0.00785   0.00000   0.00000   0.00000   0.00000   0.00000   0.00000   0.00000   0.00778   0.00000   0.00000   0.00000   0.00000   0.00000   0.00000   0.00777   0.01562   0.00777   0.00777   0.00776   0.00777   0.00000   0.01568   0.00000   0.01557   0.06460   0.04026   0.02374   0.08206   5.69625   1.05426   0.07463   0.03228  