Supplemental results for CODEML (seqf: /Users/YY/Desktop/get/branch_site/modify/modify_trim_muscle_petA.fa  treef: /Users/YY/Desktop/get/branch_site/16gene_topu.tree)


dN/dS (w) for site classes (K=4)

site class             0        1       2a       2b
proportion       0.96785  0.03215  0.00000  0.00000
background w     0.08391  1.00000  0.08391  1.00000
foreground w     0.08391  1.00000  1.00000  1.00000

Naive Empirical Bayes (NEB) probabilities for 4 classes
(amino acids refer to 1st sequence: NC_029391)

   1 M   0.98794 0.01206 0.00000 0.00000 ( 1)
   2 Q   0.98337 0.01663 0.00000 0.00000 ( 1)
   3 T   0.98808 0.01192 0.00000 0.00000 ( 1)
   4 R   0.30669 0.69331 0.00000 0.00000 ( 2)
   5 K   0.98270 0.01730 0.00000 0.00000 ( 1)
   6 T   0.98808 0.01192 0.00000 0.00000 ( 1)
   7 F   0.98775 0.01225 0.00000 0.00000 ( 1)
   8 S   0.83999 0.16001 0.00000 0.00000 ( 1)
   9 W   0.97491 0.02509 0.00000 0.00000 ( 1)
  10 I   0.98838 0.01162 0.00000 0.00000 ( 1)
  11 K   0.98345 0.01655 0.00000 0.00000 ( 1)
  12 E   0.98787 0.01213 0.00000 0.00000 ( 1)
  13 Q   0.98337 0.01663 0.00000 0.00000 ( 1)
  14 I   0.98939 0.01061 0.00000 0.00000 ( 1)
  15 T   0.88000 0.12000 0.00000 0.00000 ( 1)
  16 R   0.97883 0.02117 0.00000 0.00000 ( 1)
  17 S   0.97568 0.02432 0.00000 0.00000 ( 1)
  18 I   0.98953 0.01047 0.00000 0.00000 ( 1)
  19 S   0.97568 0.02432 0.00000 0.00000 ( 1)
  20 V   0.98613 0.01387 0.00000 0.00000 ( 1)
  21 S   0.97593 0.02407 0.00000 0.00000 ( 1)
  22 L   0.97678 0.02322 0.00000 0.00000 ( 1)
  23 M   0.98794 0.01206 0.00000 0.00000 ( 1)
  24 I   0.98838 0.01162 0.00000 0.00000 ( 1)
  25 Y   0.98575 0.01425 0.00000 0.00000 ( 1)
  26 I   0.97987 0.02013 0.00000 0.00000 ( 1)
  27 I   0.98838 0.01162 0.00000 0.00000 ( 1)
  28 T   0.98787 0.01213 0.00000 0.00000 ( 1)
  29 R   0.76834 0.23166 0.00000 0.00000 ( 1)
  30 P   0.98304 0.01696 0.00000 0.00000 ( 1)
  31 S   0.97628 0.02372 0.00000 0.00000 ( 1)
  32 I   0.98953 0.01047 0.00000 0.00000 ( 1)
  33 S   0.98045 0.01955 0.00000 0.00000 ( 1)
  34 S   0.87100 0.12900 0.00000 0.00000 ( 1)
  35 A   0.98594 0.01406 0.00000 0.00000 ( 1)
  36 Y   0.98575 0.01425 0.00000 0.00000 ( 1)
  37 P   0.97606 0.02394 0.00000 0.00000 ( 1)
  38 I   0.98953 0.01047 0.00000 0.00000 ( 1)
  39 F   0.98775 0.01225 0.00000 0.00000 ( 1)
  40 A   0.98560 0.01440 0.00000 0.00000 ( 1)
  41 Q   0.97920 0.02080 0.00000 0.00000 ( 1)
  42 Q   0.97979 0.02021 0.00000 0.00000 ( 1)
  43 G   0.98720 0.01280 0.00000 0.00000 ( 1)
  44 Y   0.98575 0.01425 0.00000 0.00000 ( 1)
  45 E   0.98787 0.01213 0.00000 0.00000 ( 1)
  46 N   0.99027 0.00973 0.00000 0.00000 ( 1)
  47 P   0.98169 0.01831 0.00000 0.00000 ( 1)
  48 R   0.97883 0.02117 0.00000 0.00000 ( 1)
  49 E   0.98731 0.01269 0.00000 0.00000 ( 1)
  50 A   0.97950 0.02050 0.00000 0.00000 ( 1)
  51 T   0.98808 0.01192 0.00000 0.00000 ( 1)
  52 G   0.98462 0.01538 0.00000 0.00000 ( 1)
  53 R   0.98378 0.01622 0.00000 0.00000 ( 1)
  54 I   0.98953 0.01047 0.00000 0.00000 ( 1)
  55 V   0.98647 0.01353 0.00000 0.00000 ( 1)
  56 C   0.98316 0.01684 0.00000 0.00000 ( 1)
  57 A   0.97805 0.02195 0.00000 0.00000 ( 1)
  58 N   0.99007 0.00993 0.00000 0.00000 ( 1)
  59 C   0.97564 0.02436 0.00000 0.00000 ( 1)
  60 H   0.98770 0.01230 0.00000 0.00000 ( 1)
  61 L   0.98063 0.01937 0.00000 0.00000 ( 1)
  62 A   0.98831 0.01169 0.00000 0.00000 ( 1)
  63 N   0.99027 0.00973 0.00000 0.00000 ( 1)
  64 K   0.98270 0.01730 0.00000 0.00000 ( 1)
  65 P   0.97606 0.02394 0.00000 0.00000 ( 1)
  66 V   0.97995 0.02005 0.00000 0.00000 ( 1)
  67 D   0.99043 0.00957 0.00000 0.00000 ( 1)
  68 I   0.88778 0.11222 0.00000 0.00000 ( 1)
  69 E   0.98787 0.01213 0.00000 0.00000 ( 1)
  70 V   0.98884 0.01116 0.00000 0.00000 ( 1)
  71 P   0.98237 0.01763 0.00000 0.00000 ( 1)
  72 Q   0.98279 0.01721 0.00000 0.00000 ( 1)
  73 T   0.80551 0.19449 0.00000 0.00000 ( 1)
  74 V   0.98647 0.01353 0.00000 0.00000 ( 1)
  75 L   0.98645 0.01355 0.00000 0.00000 ( 1)
  76 P   0.98304 0.01696 0.00000 0.00000 ( 1)
  77 D   0.99043 0.00957 0.00000 0.00000 ( 1)
  78 T   0.98765 0.01235 0.00000 0.00000 ( 1)
  79 V   0.98647 0.01353 0.00000 0.00000 ( 1)
  80 F   0.98775 0.01225 0.00000 0.00000 ( 1)
  81 E   0.98787 0.01213 0.00000 0.00000 ( 1)
  82 A   0.98594 0.01406 0.00000 0.00000 ( 1)
  83 V   0.98884 0.01116 0.00000 0.00000 ( 1)
  84 V   0.98884 0.01116 0.00000 0.00000 ( 1)
  85 R   0.97883 0.02117 0.00000 0.00000 ( 1)
  86 I   0.98029 0.01971 0.00000 0.00000 ( 1)
  87 P   0.98532 0.01468 0.00000 0.00000 ( 1)
  88 Y   0.98575 0.01425 0.00000 0.00000 ( 1)
  89 D   0.99043 0.00957 0.00000 0.00000 ( 1)
  90 M   0.98794 0.01206 0.00000 0.00000 ( 1)
  91 Q   0.98337 0.01663 0.00000 0.00000 ( 1)
  92 L   0.98124 0.01876 0.00000 0.00000 ( 1)
  93 K   0.98766 0.01234 0.00000 0.00000 ( 1)
  94 Q   0.98337 0.01663 0.00000 0.00000 ( 1)
  95 V   0.98884 0.01116 0.00000 0.00000 ( 1)
  96 L   0.98645 0.01355 0.00000 0.00000 ( 1)
  97 A   0.98831 0.01169 0.00000 0.00000 ( 1)
  98 N   0.99027 0.00973 0.00000 0.00000 ( 1)
  99 G   0.98720 0.01280 0.00000 0.00000 ( 1)
 100 K   0.98766 0.01234 0.00000 0.00000 ( 1)
 101 K   0.82652 0.17348 0.00000 0.00000 ( 1)
 102 G   0.98633 0.01367 0.00000 0.00000 ( 1)
 103 A   0.87596 0.12404 0.00000 0.00000 ( 1)
 104 L   0.97738 0.02262 0.00000 0.00000 ( 1)
 105 N   0.99027 0.00973 0.00000 0.00000 ( 1)
 106 V   0.98587 0.01413 0.00000 0.00000 ( 1)
 107 G   0.97927 0.02073 0.00000 0.00000 ( 1)
 108 A   0.98831 0.01169 0.00000 0.00000 ( 1)
 109 V   0.98884 0.01116 0.00000 0.00000 ( 1)
 110 L   0.98645 0.01355 0.00000 0.00000 ( 1)
 111 I   0.98953 0.01047 0.00000 0.00000 ( 1)
 112 L   0.98063 0.01937 0.00000 0.00000 ( 1)
 113 P   0.98247 0.01753 0.00000 0.00000 ( 1)
 114 E   0.98297 0.01703 0.00000 0.00000 ( 1)
 115 G   0.98720 0.01280 0.00000 0.00000 ( 1)
 116 F   0.98775 0.01225 0.00000 0.00000 ( 1)
 117 E   0.86428 0.13572 0.00000 0.00000 ( 1)
 118 L   0.98063 0.01937 0.00000 0.00000 ( 1)
 119 A   0.98831 0.01169 0.00000 0.00000 ( 1)
 120 P   0.98532 0.01468 0.00000 0.00000 ( 1)
 121 A   0.98006 0.01994 0.00000 0.00000 ( 1)
 122 D   0.89639 0.10361 0.00000 0.00000 ( 1)
 123 R   0.97546 0.02454 0.00000 0.00000 ( 1)
 124 I   0.98953 0.01047 0.00000 0.00000 ( 1)
 125 S   0.97568 0.02432 0.00000 0.00000 ( 1)
 126 P   0.97679 0.02321 0.00000 0.00000 ( 1)
 127 E   0.98297 0.01703 0.00000 0.00000 ( 1)
 128 I   0.87079 0.12921 0.00000 0.00000 ( 1)
 129 K   0.98766 0.01234 0.00000 0.00000 ( 1)
 130 E   0.98787 0.01213 0.00000 0.00000 ( 1)
 131 K   0.98270 0.01730 0.00000 0.00000 ( 1)
 132 I   0.98838 0.01162 0.00000 0.00000 ( 1)
 133 G   0.97742 0.02258 0.00000 0.00000 ( 1)
 134 N   0.99027 0.00973 0.00000 0.00000 ( 1)
 135 L   0.97758 0.02242 0.00000 0.00000 ( 1)
 136 S   0.98470 0.01530 0.00000 0.00000 ( 1)
 137 F   0.98775 0.01225 0.00000 0.00000 ( 1)
 138 Q   0.97901 0.02099 0.00000 0.00000 ( 1)
 139 S   0.97910 0.02090 0.00000 0.00000 ( 1)
 140 Y   0.98502 0.01498 0.00000 0.00000 ( 1)
 141 R   0.97523 0.02477 0.00000 0.00000 ( 1)
 142 P   0.97606 0.02394 0.00000 0.00000 ( 1)
 143 N   0.38453 0.61547 0.00000 0.00000 ( 2)
 144 K   0.84955 0.15045 0.00000 0.00000 ( 1)
 145 K   0.86230 0.13770 0.00000 0.00000 ( 1)
 146 N   0.99027 0.00973 0.00000 0.00000 ( 1)
 147 I   0.98953 0.01047 0.00000 0.00000 ( 1)
 148 L   0.98645 0.01355 0.00000 0.00000 ( 1)
 149 V   0.97995 0.02005 0.00000 0.00000 ( 1)
 150 I   0.98838 0.01162 0.00000 0.00000 ( 1)
 151 G   0.98024 0.01976 0.00000 0.00000 ( 1)
 152 P   0.97606 0.02394 0.00000 0.00000 ( 1)
 153 V   0.98884 0.01116 0.00000 0.00000 ( 1)
 154 P   0.84674 0.15326 0.00000 0.00000 ( 1)
 155 G   0.98702 0.01298 0.00000 0.00000 ( 1)
 156 Q   0.97901 0.02099 0.00000 0.00000 ( 1)
 157 K   0.98766 0.01234 0.00000 0.00000 ( 1)
 158 Y   0.98575 0.01425 0.00000 0.00000 ( 1)
 159 S   0.98803 0.01197 0.00000 0.00000 ( 1)
 160 E   0.98787 0.01213 0.00000 0.00000 ( 1)
 161 I   0.98337 0.01663 0.00000 0.00000 ( 1)
 162 T   0.97934 0.02065 0.00000 0.00000 ( 1)
 163 F   0.98775 0.01225 0.00000 0.00000 ( 1)
 164 P   0.98514 0.01486 0.00000 0.00000 ( 1)
 165 I   0.97987 0.02013 0.00000 0.00000 ( 1)
 166 L   0.98645 0.01355 0.00000 0.00000 ( 1)
 167 S   0.97568 0.02432 0.00000 0.00000 ( 1)
 168 P   0.97720 0.02280 0.00000 0.00000 ( 1)
 169 D   0.98214 0.01786 0.00000 0.00000 ( 1)
 170 P   0.97647 0.02353 0.00000 0.00000 ( 1)
 171 A   0.87398 0.12602 0.00000 0.00000 ( 1)
 172 T   0.98808 0.01192 0.00000 0.00000 ( 1)
 173 T   0.80074 0.19926 0.00000 0.00000 ( 1)
 174 K   0.98742 0.01258 0.00000 0.00000 ( 1)
 175 E   0.98297 0.01703 0.00000 0.00000 ( 1)
 176 V   0.88064 0.11936 0.00000 0.00000 ( 1)
 177 H   0.24938 0.75062 0.00000 0.00000 ( 2)
 178 F   0.97918 0.02082 0.00000 0.00000 ( 1)
 179 L   0.98063 0.01937 0.00000 0.00000 ( 1)
 180 K   0.98766 0.01234 0.00000 0.00000 ( 1)
 181 Y   0.98575 0.01425 0.00000 0.00000 ( 1)
 182 P   0.98532 0.01468 0.00000 0.00000 ( 1)
 183 I   0.86694 0.13306 0.00000 0.00000 ( 1)
 184 Y   0.97927 0.02073 0.00000 0.00000 ( 1)
 185 V   0.98647 0.01353 0.00000 0.00000 ( 1)
 186 G   0.97727 0.02273 0.00000 0.00000 ( 1)
 187 G   0.98430 0.01570 0.00000 0.00000 ( 1)
 188 N   0.98189 0.01811 0.00000 0.00000 ( 1)
 189 R   0.98003 0.01997 0.00000 0.00000 ( 1)
 190 G   0.98430 0.01570 0.00000 0.00000 ( 1)
 191 R   0.98003 0.01997 0.00000 0.00000 ( 1)
 192 G   0.98710 0.01290 0.00000 0.00000 ( 1)
 193 Q   0.97901 0.02099 0.00000 0.00000 ( 1)
 194 I   0.98953 0.01047 0.00000 0.00000 ( 1)
 195 Y   0.98575 0.01425 0.00000 0.00000 ( 1)
 196 P   0.97679 0.02321 0.00000 0.00000 ( 1)
 197 D   0.98270 0.01730 0.00000 0.00000 ( 1)
 198 G   0.97864 0.02136 0.00000 0.00000 ( 1)
 199 S   0.97910 0.02090 0.00000 0.00000 ( 1)
 200 K   0.98766 0.01234 0.00000 0.00000 ( 1)
 201 S   0.98803 0.01197 0.00000 0.00000 ( 1)
 202 N   0.98189 0.01811 0.00000 0.00000 ( 1)
 203 N   0.99027 0.00973 0.00000 0.00000 ( 1)
 204 T   0.98570 0.01430 0.00000 0.00000 ( 1)
 205 V   0.98884 0.01116 0.00000 0.00000 ( 1)
 206 Y   0.98575 0.01425 0.00000 0.00000 ( 1)
 207 N   0.99027 0.00973 0.00000 0.00000 ( 1)
 208 A   0.98831 0.01169 0.00000 0.00000 ( 1)
 209 T   0.98536 0.01464 0.00000 0.00000 ( 1)
 210 S   0.81364 0.18636 0.00000 0.00000 ( 1)
 211 A   0.98594 0.01406 0.00000 0.00000 ( 1)
 212 G   0.98720 0.01280 0.00000 0.00000 ( 1)
 213 I   0.98838 0.01162 0.00000 0.00000 ( 1)
 214 V   0.98647 0.01353 0.00000 0.00000 ( 1)
 215 G   0.98720 0.01280 0.00000 0.00000 ( 1)
 216 K   0.98766 0.01234 0.00000 0.00000 ( 1)
 217 I   0.98838 0.01162 0.00000 0.00000 ( 1)
 218 I   0.98838 0.01162 0.00000 0.00000 ( 1)
 219 R   0.97883 0.02117 0.00000 0.00000 ( 1)
 220 K   0.98766 0.01234 0.00000 0.00000 ( 1)
 221 E   0.98787 0.01213 0.00000 0.00000 ( 1)
 222 K   0.98731 0.01269 0.00000 0.00000 ( 1)
 223 G   0.97864 0.02136 0.00000 0.00000 ( 1)
 224 G   0.98720 0.01280 0.00000 0.00000 ( 1)
 225 Y   0.97771 0.02229 0.00000 0.00000 ( 1)
 226 E   0.98787 0.01213 0.00000 0.00000 ( 1)
 227 I   0.98838 0.01162 0.00000 0.00000 ( 1)
 228 T   0.97788 0.02212 0.00000 0.00000 ( 1)
 229 I   0.98838 0.01162 0.00000 0.00000 ( 1)
 230 A   0.80044 0.19956 0.00000 0.00000 ( 1)
 231 D   0.99043 0.00957 0.00000 0.00000 ( 1)
 232 A   0.98594 0.01406 0.00000 0.00000 ( 1)
 233 S   0.77304 0.22696 0.00000 0.00000 ( 1)
 234 D   0.99043 0.00957 0.00000 0.00000 ( 1)
 235 G   0.98430 0.01570 0.00000 0.00000 ( 1)
 236 R   0.98378 0.01622 0.00000 0.00000 ( 1)
 237 Q   0.98337 0.01663 0.00000 0.00000 ( 1)
 238 V   0.98006 0.01994 0.00000 0.00000 ( 1)
 239 V   0.88017 0.11983 0.00000 0.00000 ( 1)
 240 D   0.99043 0.00957 0.00000 0.00000 ( 1)
 241 I   0.98953 0.01047 0.00000 0.00000 ( 1)
 242 I   0.98187 0.01813 0.00000 0.00000 ( 1)
 243 P   0.98532 0.01468 0.00000 0.00000 ( 1)
 244 P   0.98304 0.01696 0.00000 0.00000 ( 1)
 245 G   0.97864 0.02136 0.00000 0.00000 ( 1)
 246 P   0.98304 0.01696 0.00000 0.00000 ( 1)
 247 E   0.98787 0.01213 0.00000 0.00000 ( 1)
 248 L   0.98645 0.01355 0.00000 0.00000 ( 1)
 249 L   0.98645 0.01355 0.00000 0.00000 ( 1)
 250 V   0.98884 0.01116 0.00000 0.00000 ( 1)
 251 S   0.98045 0.01955 0.00000 0.00000 ( 1)
 252 E   0.98787 0.01213 0.00000 0.00000 ( 1)
 253 G   0.97807 0.02193 0.00000 0.00000 ( 1)
 254 E   0.98787 0.01213 0.00000 0.00000 ( 1)
 255 S   0.98470 0.01530 0.00000 0.00000 ( 1)
 256 I   0.97987 0.02013 0.00000 0.00000 ( 1)
 257 K   0.98766 0.01234 0.00000 0.00000 ( 1)
 258 L   0.97738 0.02262 0.00000 0.00000 ( 1)
 259 D   0.99043 0.00957 0.00000 0.00000 ( 1)
 260 Q   0.98337 0.01663 0.00000 0.00000 ( 1)
 261 P   0.97729 0.02271 0.00000 0.00000 ( 1)
 262 L   0.97738 0.02262 0.00000 0.00000 ( 1)
 263 T   0.97932 0.02068 0.00000 0.00000 ( 1)
 264 S   0.98803 0.01197 0.00000 0.00000 ( 1)
 265 N   0.99027 0.00973 0.00000 0.00000 ( 1)
 266 P   0.98532 0.01468 0.00000 0.00000 ( 1)
 267 N   0.99027 0.00973 0.00000 0.00000 ( 1)
 268 V   0.97995 0.02005 0.00000 0.00000 ( 1)
 269 G   0.97867 0.02133 0.00000 0.00000 ( 1)
 270 G   0.98430 0.01570 0.00000 0.00000 ( 1)
 271 F   0.98775 0.01225 0.00000 0.00000 ( 1)
 272 G   0.98679 0.01321 0.00000 0.00000 ( 1)
 273 Q   0.97901 0.02099 0.00000 0.00000 ( 1)
 274 G   0.98430 0.01570 0.00000 0.00000 ( 1)
 275 D   0.98962 0.01038 0.00000 0.00000 ( 1)
 276 A   0.85461 0.14539 0.00000 0.00000 ( 1)
 277 E   0.98787 0.01213 0.00000 0.00000 ( 1)
 278 I   0.98835 0.01165 0.00000 0.00000 ( 1)
 279 V   0.98625 0.01375 0.00000 0.00000 ( 1)
 280 L   0.98645 0.01355 0.00000 0.00000 ( 1)
 281 Q   0.98337 0.01663 0.00000 0.00000 ( 1)
 282 D   0.98920 0.01080 0.00000 0.00000 ( 1)
 283 P   0.97606 0.02394 0.00000 0.00000 ( 1)
 284 L   0.98063 0.01937 0.00000 0.00000 ( 1)
 285 R   0.98378 0.01622 0.00000 0.00000 ( 1)
 286 V   0.97847 0.02153 0.00000 0.00000 ( 1)
 287 Q   0.98337 0.01663 0.00000 0.00000 ( 1)
 288 G   0.97731 0.02269 0.00000 0.00000 ( 1)
 289 L   0.98645 0.01355 0.00000 0.00000 ( 1)
 290 L   0.97744 0.02256 0.00000 0.00000 ( 1)
 291 F   0.97918 0.02082 0.00000 0.00000 ( 1)
 292 F   0.97918 0.02082 0.00000 0.00000 ( 1)
 293 L   0.97738 0.02262 0.00000 0.00000 ( 1)
 294 A   0.98594 0.01406 0.00000 0.00000 ( 1)
 295 S   0.98470 0.01530 0.00000 0.00000 ( 1)
 296 V   0.98884 0.01116 0.00000 0.00000 ( 1)
 297 I   0.88716 0.11284 0.00000 0.00000 ( 1)
 298 L   0.97738 0.02262 0.00000 0.00000 ( 1)
 299 A   0.98533 0.01467 0.00000 0.00000 ( 1)
 300 Q   0.98337 0.01663 0.00000 0.00000 ( 1)
 301 I   0.98068 0.01932 0.00000 0.00000 ( 1)
 302 F   0.98775 0.01225 0.00000 0.00000 ( 1)
 303 L   0.97738 0.02262 0.00000 0.00000 ( 1)
 304 V   0.98884 0.01116 0.00000 0.00000 ( 1)
 305 L   0.98645 0.01355 0.00000 0.00000 ( 1)
 306 K   0.98766 0.01234 0.00000 0.00000 ( 1)
 307 K   0.98270 0.01730 0.00000 0.00000 ( 1)
 308 K   0.98766 0.01234 0.00000 0.00000 ( 1)
 309 Q   0.97901 0.02099 0.00000 0.00000 ( 1)
 310 F   0.97976 0.02024 0.00000 0.00000 ( 1)
 311 E   0.98297 0.01703 0.00000 0.00000 ( 1)
 312 K   0.98270 0.01730 0.00000 0.00000 ( 1)
 313 V   0.98884 0.01116 0.00000 0.00000 ( 1)
 314 Q   0.98337 0.01663 0.00000 0.00000 ( 1)
 315 L   0.97738 0.02262 0.00000 0.00000 ( 1)
 316 S   0.98045 0.01955 0.00000 0.00000 ( 1)
 317 E   0.98787 0.01213 0.00000 0.00000 ( 1)
 318 M   0.98794 0.01206 0.00000 0.00000 ( 1)
 319 N   0.99027 0.00973 0.00000 0.00000 ( 1)
 320 F   0.97918 0.02082 0.00000 0.00000 ( 1)


lnL = -1941.107790

Bayes Empirical Bayes (BEB) probabilities for 4 classes (class)
(amino acids refer to 1st sequence: NC_029391)

   1 M   0.89197 0.02105 0.08478 0.00219 ( 1)
   2 Q   0.88252 0.02912 0.08529 0.00307 ( 1)
   3 T   0.89227 0.02081 0.08475 0.00217 ( 1)
   4 R   0.09680 0.81432 0.00785 0.08103 ( 2)
   5 K   0.88118 0.03029 0.08534 0.00320 ( 1)
   6 T   0.89227 0.02081 0.08475 0.00217 ( 1)
   7 F   0.89157 0.02139 0.08481 0.00223 ( 1)
   8 S   0.58490 0.32673 0.05417 0.03420 ( 1)
   9 W   0.86589 0.04392 0.08549 0.00470 ( 1)
  10 I   0.89293 0.02026 0.08469 0.00211 ( 1)
  11 K   0.88231 0.02895 0.08566 0.00307 ( 1)
  12 E   0.89185 0.02116 0.08478 0.00221 ( 1)
  13 Q   0.88252 0.02912 0.08529 0.00307 ( 1)
  14 I   0.89515 0.01849 0.08444 0.00192 ( 1)
  15 T   0.65061 0.26208 0.06001 0.02730 ( 1)
  16 R   0.87349 0.03708 0.08548 0.00394 ( 1)
  17 S   0.86738 0.04258 0.08550 0.00455 ( 1)
  18 I   0.89541 0.01823 0.08447 0.00189 ( 1)
  19 S   0.86738 0.04258 0.08550 0.00455 ( 1)
  20 V   0.88829 0.02425 0.08492 0.00254 ( 1)
  21 S   0.86787 0.04213 0.08550 0.00450 ( 1)
  22 L   0.86951 0.04065 0.08550 0.00434 ( 1)
  23 M   0.89197 0.02105 0.08478 0.00219 ( 1)
  24 I   0.89293 0.02026 0.08469 0.00211 ( 1)
  25 Y   0.88740 0.02491 0.08508 0.00261 ( 1)
  26 I   0.87555 0.03525 0.08546 0.00374 ( 1)
  27 I   0.89293 0.02026 0.08469 0.00211 ( 1)
  28 T   0.89190 0.02118 0.08471 0.00221 ( 1)
  29 R   0.48590 0.42384 0.04549 0.04477 ( 1)
  30 P   0.88186 0.02969 0.08531 0.00313 ( 1)
  31 S   0.86843 0.04152 0.08561 0.00444 ( 1)
  32 I   0.89541 0.01823 0.08447 0.00189 ( 1)
  33 S   0.87669 0.03423 0.08544 0.00363 ( 1)
  34 S   0.63515 0.27749 0.05847 0.02889 ( 1)
  35 A   0.88778 0.02459 0.08505 0.00258 ( 1)
  36 Y   0.88740 0.02491 0.08508 0.00261 ( 1)
  37 P   0.86811 0.04191 0.08550 0.00448 ( 1)
  38 I   0.89541 0.01823 0.08447 0.00189 ( 1)
  39 F   0.89157 0.02139 0.08481 0.00223 ( 1)
  40 A   0.88718 0.02519 0.08499 0.00264 ( 1)
  41 Q   0.87418 0.03643 0.08552 0.00387 ( 1)
  42 Q   0.87522 0.03539 0.08563 0.00376 ( 1)
  43 G   0.89042 0.02236 0.08489 0.00234 ( 1)
  44 Y   0.88740 0.02491 0.08508 0.00261 ( 1)
  45 E   0.89185 0.02116 0.08478 0.00221 ( 1)
  46 N   0.89701 0.01693 0.08430 0.00175 ( 1)
  47 P   0.87824 0.03203 0.08632 0.00341 ( 1)
  48 R   0.87349 0.03708 0.08548 0.00394 ( 1)
  49 E   0.89085 0.02215 0.08468 0.00231 ( 1)
  50 A   0.87482 0.03590 0.08547 0.00381 ( 1)
  51 T   0.89227 0.02081 0.08475 0.00217 ( 1)
  52 G   0.88583 0.02694 0.08442 0.00281 ( 1)
  53 R   0.88336 0.02839 0.08526 0.00299 ( 1)
  54 I   0.89541 0.01823 0.08447 0.00189 ( 1)
  55 V   0.88890 0.02364 0.08498 0.00247 ( 1)
  56 C   0.88210 0.02948 0.08531 0.00311 ( 1)
  57 A   0.87198 0.03843 0.08550 0.00409 ( 1)
  58 N   0.89666 0.01728 0.08427 0.00179 ( 1)
  59 C   0.86720 0.04264 0.08560 0.00456 ( 1)
  60 H   0.89148 0.02147 0.08481 0.00224 ( 1)
  61 L   0.87705 0.03392 0.08544 0.00360 ( 1)
  62 A   0.89278 0.02039 0.08471 0.00212 ( 1)
  63 N   0.89701 0.01693 0.08430 0.00175 ( 1)
  64 K   0.88118 0.03029 0.08534 0.00320 ( 1)
  65 P   0.86811 0.04191 0.08550 0.00448 ( 1)
  66 V   0.87571 0.03511 0.08546 0.00373 ( 1)
  67 D   0.89737 0.01665 0.08426 0.00172 ( 1)
  68 I   0.66471 0.24851 0.06099 0.02580 ( 1)
  69 E   0.89185 0.02116 0.08478 0.00221 ( 1)
  70 V   0.89392 0.01945 0.08460 0.00202 ( 1)
  71 P   0.88068 0.03087 0.08519 0.00326 ( 1)
  72 Q   0.88150 0.03014 0.08519 0.00318 ( 1)
  73 T   0.53448 0.37594 0.04995 0.03962 ( 1)
  74 V   0.88890 0.02364 0.08498 0.00247 ( 1)
  75 L   0.88884 0.02369 0.08499 0.00248 ( 1)
  76 P   0.88186 0.02969 0.08531 0.00313 ( 1)
  77 D   0.89737 0.01665 0.08426 0.00172 ( 1)
  78 T   0.89151 0.02157 0.08467 0.00225 ( 1)
  79 V   0.88890 0.02364 0.08498 0.00247 ( 1)
  80 F   0.89157 0.02139 0.08481 0.00223 ( 1)
  81 E   0.89185 0.02116 0.08478 0.00221 ( 1)
  82 A   0.88778 0.02459 0.08505 0.00258 ( 1)
  83 V   0.89392 0.01945 0.08460 0.00202 ( 1)
  84 V   0.89392 0.01945 0.08460 0.00202 ( 1)
  85 R   0.87349 0.03708 0.08548 0.00394 ( 1)
  86 I   0.87629 0.03451 0.08554 0.00366 ( 1)
  87 P   0.88650 0.02568 0.08512 0.00270 ( 1)
  88 Y   0.88740 0.02491 0.08508 0.00261 ( 1)
  89 D   0.89737 0.01665 0.08426 0.00172 ( 1)
  90 M   0.89197 0.02105 0.08478 0.00219 ( 1)
  91 Q   0.88252 0.02912 0.08529 0.00307 ( 1)
  92 L   0.87825 0.03286 0.08541 0.00348 ( 1)
  93 K   0.89140 0.02154 0.08482 0.00225 ( 1)
  94 Q   0.88252 0.02912 0.08529 0.00307 ( 1)
  95 V   0.89392 0.01945 0.08460 0.00202 ( 1)
  96 L   0.88884 0.02369 0.08499 0.00248 ( 1)
  97 A   0.89278 0.02039 0.08471 0.00212 ( 1)
  98 N   0.89701 0.01693 0.08430 0.00175 ( 1)
  99 G   0.89042 0.02236 0.08489 0.00234 ( 1)
 100 K   0.89140 0.02154 0.08482 0.00225 ( 1)
 101 K   0.56456 0.34659 0.05248 0.03638 ( 1)
 102 G   0.88887 0.02390 0.08473 0.00250 ( 1)
 103 A   0.64369 0.26906 0.05924 0.02800 ( 1)
 104 L   0.87067 0.03961 0.08550 0.00422 ( 1)
 105 N   0.89701 0.01693 0.08430 0.00175 ( 1)
 106 V   0.88783 0.02471 0.08487 0.00259 ( 1)
 107 G   0.87423 0.03630 0.08561 0.00386 ( 1)
 108 A   0.89278 0.02039 0.08471 0.00212 ( 1)
 109 V   0.89392 0.01945 0.08460 0.00202 ( 1)
 110 L   0.88884 0.02369 0.08499 0.00248 ( 1)
 111 I   0.89541 0.01823 0.08447 0.00189 ( 1)
 112 L   0.87705 0.03392 0.08544 0.00360 ( 1)
 113 P   0.88085 0.03070 0.08521 0.00324 ( 1)
 114 E   0.88172 0.02982 0.08532 0.00315 ( 1)
 115 G   0.89042 0.02236 0.08489 0.00234 ( 1)
 116 F   0.89157 0.02139 0.08481 0.00223 ( 1)
 117 E   0.62395 0.28863 0.05738 0.03004 ( 1)
 118 L   0.87705 0.03392 0.08544 0.00360 ( 1)
 119 A   0.89278 0.02039 0.08471 0.00212 ( 1)
 120 P   0.88650 0.02568 0.08512 0.00270 ( 1)
 121 A   0.87813 0.03502 0.08321 0.00365 ( 1)
 122 D   0.68057 0.23302 0.06228 0.02413 ( 1)
 123 R   0.86695 0.04296 0.08550 0.00459 ( 1)
 124 I   0.89541 0.01823 0.08447 0.00189 ( 1)
 125 S   0.86738 0.04258 0.08550 0.00455 ( 1)
 126 P   0.86939 0.04064 0.08564 0.00434 ( 1)
 127 E   0.88172 0.02982 0.08532 0.00315 ( 1)
 128 I   0.63489 0.27788 0.05834 0.02890 ( 1)
 129 K   0.89140 0.02154 0.08482 0.00225 ( 1)
 130 E   0.89185 0.02116 0.08478 0.00221 ( 1)
 131 K   0.88118 0.03029 0.08534 0.00320 ( 1)
 132 I   0.89293 0.02026 0.08469 0.00211 ( 1)
 133 G   0.87071 0.03954 0.08553 0.00422 ( 1)
 134 N   0.89701 0.01693 0.08430 0.00175 ( 1)
 135 L   0.87076 0.03925 0.08579 0.00419 ( 1)
 136 S   0.88522 0.02678 0.08518 0.00281 ( 1)
 137 F   0.89157 0.02139 0.08481 0.00223 ( 1)
 138 Q   0.87385 0.03676 0.08548 0.00391 ( 1)
 139 S   0.87401 0.03661 0.08548 0.00389 ( 1)
 140 Y   0.88610 0.02621 0.08494 0.00275 ( 1)
 141 R   0.86650 0.04335 0.08551 0.00464 ( 1)
 142 P   0.86811 0.04191 0.08550 0.00448 ( 1)
 143 N   0.12835 0.78417 0.01032 0.07717 ( 2)
 144 K   0.60020 0.31228 0.05505 0.03247 ( 1)
 145 K   0.62065 0.29186 0.05710 0.03039 ( 1)
 146 N   0.89701 0.01693 0.08430 0.00175 ( 1)
 147 I   0.89541 0.01823 0.08447 0.00189 ( 1)
 148 L   0.88884 0.02369 0.08499 0.00248 ( 1)
 149 V   0.87571 0.03511 0.08546 0.00373 ( 1)
 150 I   0.89293 0.02026 0.08469 0.00211 ( 1)
 151 G   0.87568 0.03458 0.08606 0.00369 ( 1)
 152 P   0.86811 0.04191 0.08550 0.00448 ( 1)
 153 V   0.89392 0.01945 0.08460 0.00202 ( 1)
 154 P   0.59538 0.31643 0.05510 0.03309 ( 1)
 155 G   0.89009 0.02268 0.08486 0.00237 ( 1)
 156 Q   0.87385 0.03676 0.08548 0.00391 ( 1)
 157 K   0.89140 0.02154 0.08482 0.00225 ( 1)
 158 Y   0.88740 0.02491 0.08508 0.00261 ( 1)
 159 S   0.89217 0.02089 0.08476 0.00218 ( 1)
 160 E   0.89185 0.02116 0.08478 0.00221 ( 1)
 161 I   0.88403 0.02915 0.08378 0.00304 ( 1)
 162 T   0.87422 0.03616 0.08577 0.00385 ( 1)
 163 F   0.89157 0.02139 0.08481 0.00223 ( 1)
 164 P   0.88618 0.02600 0.08509 0.00273 ( 1)
 165 I   0.87555 0.03525 0.08546 0.00374 ( 1)
 166 L   0.88884 0.02369 0.08499 0.00248 ( 1)
 167 S   0.86738 0.04258 0.08550 0.00455 ( 1)
 168 P   0.87034 0.03992 0.08548 0.00426 ( 1)
 169 D   0.88005 0.03128 0.08537 0.00331 ( 1)
 170 P   0.86883 0.04119 0.08558 0.00440 ( 1)
 171 A   0.64030 0.27245 0.05890 0.02835 ( 1)
 172 T   0.89227 0.02081 0.08475 0.00217 ( 1)
 173 T   0.52803 0.38239 0.04930 0.04028 ( 1)
 174 K   0.88934 0.02193 0.08640 0.00233 ( 1)
 175 E   0.88172 0.02982 0.08532 0.00315 ( 1)
 176 V   0.65191 0.26104 0.05991 0.02714 ( 1)
 177 H   0.07610 0.83404 0.00621 0.08366 ( 2)
 178 F   0.87417 0.03647 0.08548 0.00388 ( 1)
 179 L   0.87705 0.03392 0.08544 0.00360 ( 1)
 180 K   0.89140 0.02154 0.08482 0.00225 ( 1)
 181 Y   0.88740 0.02491 0.08508 0.00261 ( 1)
 182 P   0.88650 0.02568 0.08512 0.00270 ( 1)
 183 I   0.62847 0.28428 0.05769 0.02955 ( 1)
 184 Y   0.87592 0.03638 0.08389 0.00382 ( 1)
 185 V   0.88890 0.02364 0.08498 0.00247 ( 1)
 186 G   0.87044 0.03981 0.08550 0.00424 ( 1)
 187 G   0.88441 0.02748 0.08522 0.00289 ( 1)
 188 N   0.87954 0.03172 0.08538 0.00335 ( 1)
 189 R   0.87585 0.03498 0.08546 0.00371 ( 1)
 190 G   0.88441 0.02748 0.08522 0.00289 ( 1)
 191 R   0.87585 0.03498 0.08546 0.00371 ( 1)
 192 G   0.89023 0.02254 0.08487 0.00235 ( 1)
 193 Q   0.87385 0.03676 0.08548 0.00391 ( 1)
 194 I   0.89541 0.01823 0.08447 0.00189 ( 1)
 195 Y   0.88740 0.02491 0.08508 0.00261 ( 1)
 196 P   0.86939 0.04064 0.08564 0.00434 ( 1)
 197 D   0.88105 0.03027 0.08547 0.00320 ( 1)
 198 G   0.87311 0.03742 0.08549 0.00398 ( 1)
 199 S   0.87401 0.03661 0.08548 0.00389 ( 1)
 200 K   0.89140 0.02154 0.08482 0.00225 ( 1)
 201 S   0.89217 0.02089 0.08476 0.00218 ( 1)
 202 N   0.87954 0.03172 0.08538 0.00335 ( 1)
 203 N   0.89701 0.01693 0.08430 0.00175 ( 1)
 204 T   0.88729 0.02500 0.08508 0.00262 ( 1)
 205 V   0.89392 0.01945 0.08460 0.00202 ( 1)
 206 Y   0.88740 0.02491 0.08508 0.00261 ( 1)
 207 N   0.89701 0.01693 0.08430 0.00175 ( 1)
 208 A   0.89278 0.02039 0.08471 0.00212 ( 1)
 209 T   0.88668 0.02561 0.08502 0.00269 ( 1)
 210 S   0.54594 0.36472 0.05095 0.03839 ( 1)
 211 A   0.88778 0.02459 0.08505 0.00258 ( 1)
 212 G   0.89042 0.02236 0.08489 0.00234 ( 1)
 213 I   0.89293 0.02026 0.08469 0.00211 ( 1)
 214 V   0.88890 0.02364 0.08498 0.00247 ( 1)
 215 G   0.89042 0.02236 0.08489 0.00234 ( 1)
 216 K   0.89140 0.02154 0.08482 0.00225 ( 1)
 217 I   0.89293 0.02026 0.08469 0.00211 ( 1)
 218 I   0.89293 0.02026 0.08469 0.00211 ( 1)
 219 R   0.87349 0.03708 0.08548 0.00394 ( 1)
 220 K   0.89140 0.02154 0.08482 0.00225 ( 1)
 221 E   0.89185 0.02116 0.08478 0.00221 ( 1)
 222 K   0.89078 0.02216 0.08475 0.00231 ( 1)
 223 G   0.87311 0.03742 0.08549 0.00398 ( 1)
 224 G   0.89042 0.02236 0.08489 0.00234 ( 1)
 225 Y   0.87104 0.03903 0.08576 0.00417 ( 1)
 226 E   0.89185 0.02116 0.08478 0.00221 ( 1)
 227 I   0.89293 0.02026 0.08469 0.00211 ( 1)
 228 T   0.87164 0.03873 0.08550 0.00412 ( 1)
 229 I   0.89293 0.02026 0.08469 0.00211 ( 1)
 230 A   0.52762 0.38284 0.04923 0.04031 ( 1)
 231 D   0.89737 0.01665 0.08426 0.00172 ( 1)
 232 A   0.88778 0.02459 0.08505 0.00258 ( 1)
 233 S   0.49176 0.41806 0.04603 0.04415 ( 1)
 234 D   0.89737 0.01665 0.08426 0.00172 ( 1)
 235 G   0.88441 0.02748 0.08522 0.00289 ( 1)
 236 R   0.88336 0.02839 0.08526 0.00299 ( 1)
 237 Q   0.88252 0.02912 0.08529 0.00307 ( 1)
 238 V   0.87590 0.03492 0.08548 0.00371 ( 1)
 239 V   0.65112 0.26184 0.05983 0.02722 ( 1)
 240 D   0.89737 0.01665 0.08426 0.00172 ( 1)
 241 I   0.89541 0.01823 0.08447 0.00189 ( 1)
 242 I   0.87909 0.03171 0.08583 0.00337 ( 1)
 243 P   0.88650 0.02568 0.08512 0.00270 ( 1)
 244 P   0.88186 0.02969 0.08531 0.00313 ( 1)
 245 G   0.87311 0.03742 0.08549 0.00398 ( 1)
 246 P   0.88186 0.02969 0.08531 0.00313 ( 1)
 247 E   0.89185 0.02116 0.08478 0.00221 ( 1)
 248 L   0.88884 0.02369 0.08499 0.00248 ( 1)
 249 L   0.88884 0.02369 0.08499 0.00248 ( 1)
 250 V   0.89392 0.01945 0.08460 0.00202 ( 1)
 251 S   0.87669 0.03423 0.08544 0.00363 ( 1)
 252 E   0.89185 0.02116 0.08478 0.00221 ( 1)
 253 G   0.87186 0.03839 0.08565 0.00409 ( 1)
 254 E   0.89185 0.02116 0.08478 0.00221 ( 1)
 255 S   0.88522 0.02678 0.08518 0.00281 ( 1)
 256 I   0.87555 0.03525 0.08546 0.00374 ( 1)
 257 K   0.89140 0.02154 0.08482 0.00225 ( 1)
 258 L   0.87067 0.03961 0.08550 0.00422 ( 1)
 259 D   0.89737 0.01665 0.08426 0.00172 ( 1)
 260 Q   0.88252 0.02912 0.08529 0.00307 ( 1)
 261 P   0.87050 0.03976 0.08550 0.00424 ( 1)
 262 L   0.87067 0.03961 0.08550 0.00422 ( 1)
 263 T   0.87445 0.03623 0.08547 0.00385 ( 1)
 264 S   0.89217 0.02089 0.08476 0.00218 ( 1)
 265 N   0.89701 0.01693 0.08430 0.00175 ( 1)
 266 P   0.88650 0.02568 0.08512 0.00270 ( 1)
 267 N   0.89701 0.01693 0.08430 0.00175 ( 1)
 268 V   0.87571 0.03511 0.08546 0.00373 ( 1)
 269 G   0.87290 0.03735 0.08576 0.00398 ( 1)
 270 G   0.88441 0.02748 0.08522 0.00289 ( 1)
 271 F   0.89157 0.02139 0.08481 0.00223 ( 1)
 272 G   0.88968 0.02309 0.08482 0.00241 ( 1)
 273 Q   0.87385 0.03676 0.08548 0.00391 ( 1)
 274 G   0.88441 0.02748 0.08522 0.00289 ( 1)
 275 D   0.89594 0.01807 0.08412 0.00187 ( 1)
 276 A   0.60790 0.30409 0.05623 0.03178 ( 1)
 277 E   0.89185 0.02116 0.08478 0.00221 ( 1)
 278 I   0.89288 0.02031 0.08469 0.00212 ( 1)
 279 V   0.88850 0.02404 0.08494 0.00252 ( 1)
 280 L   0.88884 0.02369 0.08499 0.00248 ( 1)
 281 Q   0.88252 0.02912 0.08529 0.00307 ( 1)
 282 D   0.89520 0.01882 0.08404 0.00195 ( 1)
 283 P   0.86811 0.04191 0.08550 0.00448 ( 1)
 284 L   0.87705 0.03392 0.08544 0.00360 ( 1)
 285 R   0.88336 0.02839 0.08526 0.00299 ( 1)
 286 V   0.87279 0.03771 0.08549 0.00401 ( 1)
 287 Q   0.88252 0.02912 0.08529 0.00307 ( 1)
 288 G   0.87051 0.03974 0.08551 0.00424 ( 1)
 289 L   0.88884 0.02369 0.08499 0.00248 ( 1)
 290 L   0.87078 0.03950 0.08551 0.00421 ( 1)
 291 F   0.87417 0.03647 0.08548 0.00388 ( 1)
 292 F   0.87417 0.03647 0.08548 0.00388 ( 1)
 293 L   0.87067 0.03961 0.08550 0.00422 ( 1)
 294 A   0.88778 0.02459 0.08505 0.00258 ( 1)
 295 S   0.88522 0.02678 0.08518 0.00281 ( 1)
 296 V   0.89392 0.01945 0.08460 0.00202 ( 1)
 297 I   0.66360 0.24961 0.06088 0.02591 ( 1)
 298 L   0.87067 0.03961 0.08550 0.00422 ( 1)
 299 A   0.88670 0.02567 0.08494 0.00269 ( 1)
 300 Q   0.88252 0.02912 0.08529 0.00307 ( 1)
 301 I   0.87698 0.03382 0.08561 0.00359 ( 1)
 302 F   0.89157 0.02139 0.08481 0.00223 ( 1)
 303 L   0.87067 0.03961 0.08550 0.00422 ( 1)
 304 V   0.89392 0.01945 0.08460 0.00202 ( 1)
 305 L   0.88884 0.02369 0.08499 0.00248 ( 1)
 306 K   0.89140 0.02154 0.08482 0.00225 ( 1)
 307 K   0.88118 0.03029 0.08534 0.00320 ( 1)
 308 K   0.89140 0.02154 0.08482 0.00225 ( 1)
 309 Q   0.87385 0.03676 0.08548 0.00391 ( 1)
 310 F   0.87521 0.03544 0.08559 0.00377 ( 1)
 311 E   0.88172 0.02982 0.08532 0.00315 ( 1)
 312 K   0.88118 0.03029 0.08534 0.00320 ( 1)
 313 V   0.89392 0.01945 0.08460 0.00202 ( 1)
 314 Q   0.88252 0.02912 0.08529 0.00307 ( 1)
 315 L   0.87067 0.03961 0.08550 0.00422 ( 1)
 316 S   0.87669 0.03423 0.08544 0.00363 ( 1)
 317 E   0.89185 0.02116 0.08478 0.00221 ( 1)
 318 M   0.89197 0.02105 0.08478 0.00219 ( 1)
 319 N   0.89701 0.01693 0.08430 0.00175 ( 1)
 320 F   0.87417 0.03647 0.08548 0.00388 ( 1)

