

TREE # 1

  0  0.0000   2128.326215  x:  0.00000   0.01632   0.05191   0.01735   0.05893   0.05791   0.03100   0.03380   0.05880   0.01803   0.04588   0.02166   0.02155   0.01380   0.01908   0.05321   0.05059   0.02737   0.05041   0.03304   0.06298   0.04112   0.01054   0.03280   0.00808   0.06160   0.04996   0.04088   0.08194   0.04307   2.00000   1.09989   0.02896   0.27919   2.57308  
  1 99.0000   2128.318667  x:  0.00000   0.01632   0.05191   0.01735   0.05893   0.05791   0.03100   0.03380   0.05880   0.01803   0.04588   0.02166   0.02155   0.01380   0.01908   0.05321   0.05059   0.02737   0.05041   0.03304   0.06298   0.04112   0.01054   0.03281   0.00808   0.06160   0.04996   0.04088   0.08194   0.04308   2.00000   1.09989   0.02896   0.27919   2.57308  
  2 1136.1924   2085.057724  x:  0.00000   0.01589   0.04166   0.01086   0.04746   0.04639   0.02342   0.02224   0.04829   0.01146   0.03703   0.01004   0.01392   0.00229   0.01566   0.04282   0.04141   0.02467   0.04532   0.02737   0.05344   0.03867   0.00000   0.03306   0.00978   0.05225   0.04876   0.03756   0.07775   0.03970   1.99962   1.10042   0.02852   0.27654   2.57306  
  3 6371.9669   2077.870832  x:  0.00000   0.01594   0.03973   0.01028   0.04519   0.04409   0.02242   0.01993   0.04628   0.01087   0.03550   0.00773   0.01298   0.00000   0.01549   0.04085   0.03977   0.02447   0.04458   0.02664   0.05168   0.03836   0.00000   0.03301   0.00961   0.05042   0.04866   0.03709   0.07705   0.03966   1.99954   1.10057   0.02839   0.27678   2.57306  
  4 18751.2210   2056.881089  x:  0.00000   0.01518   0.03356   0.00879   0.03759   0.03637   0.01987   0.01224   0.03980   0.00931   0.03090   0.00000   0.01089   0.00000   0.01382   0.03456   0.03475   0.02312   0.04225   0.02441   0.04609   0.03707   0.00000   0.03350   0.00988   0.04485   0.04778   0.03508   0.07479   0.03935   1.99937   1.10105   0.02794   0.27795   2.57305  
  5 67182.8261   2035.052957  x:  0.00000   0.01796   0.02730   0.00662   0.02551   0.02435   0.01792   0.00000   0.03203   0.00664   0.02840   0.00000   0.01094   0.00000   0.01413   0.02798   0.03123   0.02023   0.03875   0.02148   0.04044   0.03366   0.00000   0.02934   0.00668   0.04150   0.04390   0.02992   0.07171   0.03838   1.99993   1.10116   0.02782   0.27612   2.57305  
  6 3089.6159   2004.697061  x:  0.00000   0.02205   0.01763   0.00749   0.00063   0.00000   0.01317   0.00000   0.01865   0.00846   0.02541   0.00000   0.00531   0.00000   0.01766   0.01762   0.02660   0.02181   0.03308   0.01750   0.03125   0.03068   0.00000   0.03098   0.01022   0.03751   0.04129   0.02400   0.06617   0.04020   2.00152   1.10083   0.02808   0.26779   2.57303  
  7 2788.8287   2004.198970  x:  0.00000   0.02203   0.01745   0.00745   0.00000   0.00000   0.01311   0.00000   0.01839   0.00838   0.02530   0.00000   0.00538   0.00000   0.01765   0.01743   0.02648   0.02187   0.03303   0.01751   0.03107   0.03072   0.00000   0.03105   0.01016   0.03736   0.04139   0.02405   0.06607   0.04016   2.00155   1.10082   0.02809   0.26756   2.57303  
  8 1969.5179   1998.100763  x:  0.00000   0.01919   0.01371   0.00853   0.00000   0.00000   0.01553   0.00000   0.01323   0.00815   0.02179   0.00000   0.00061   0.00000   0.01472   0.01363   0.02289   0.02045   0.03368   0.01883   0.02600   0.03221   0.00000   0.02939   0.00697   0.03141   0.04347   0.02627   0.06427   0.03843   2.00241   1.10083   0.02807   0.26209   2.57302  
  9 987.4410   1988.581710  x:  0.00000   0.01467   0.00817   0.01515   0.00000   0.00000   0.01764   0.00000   0.00866   0.01616   0.00794   0.00000   0.00174   0.00000   0.00943   0.00890   0.01037   0.01209   0.03610   0.01579   0.01266   0.03556   0.00000   0.01681   0.00860   0.01005   0.04548   0.03010   0.06184   0.03970   2.00316   1.10133   0.02770   0.24498   2.57298  
 10 847.9419   1987.602797  x:  0.00000   0.01568   0.00811   0.01541   0.00000   0.00000   0.01865   0.00000   0.01039   0.01701   0.00771   0.00000   0.00176   0.00000   0.01014   0.00909   0.00848   0.01093   0.03709   0.01476   0.01042   0.03487   0.00000   0.02022   0.00673   0.00457   0.04311   0.02910   0.06201   0.03817   2.00266   1.10219   0.02696   0.24390   2.57297  
 11 205.9749   1987.053605  x:  0.00000   0.01557   0.00704   0.01520   0.00000   0.00000   0.01955   0.00000   0.01196   0.01777   0.00658   0.00000   0.00179   0.00000   0.00922   0.00833   0.00683   0.01190   0.03877   0.01379   0.00623   0.03454   0.00000   0.02141   0.00552   0.00654   0.04075   0.02796   0.06241   0.03736   2.00118   1.10425   0.02516   0.24469   2.57293  
 12 96.4171   1985.865910  x:  0.00000   0.01350   0.00330   0.01279   0.00000   0.00000   0.02002   0.00000   0.01144   0.01763   0.00828   0.00000   0.00177   0.00000   0.00682   0.00424   0.00977   0.01372   0.04178   0.01281   0.00524   0.03412   0.00000   0.02083   0.00633   0.00528   0.03628   0.02469   0.06249   0.03747   1.99636   1.11106   0.01920   0.24897   2.57282  
 13 114.2256   1983.691171  x:  0.00000   0.00956   0.00561   0.00844   0.00000   0.00000   0.01980   0.00000   0.00414   0.01591   0.00598   0.00000   0.00166   0.00000   0.00641   0.00214   0.00805   0.01199   0.04447   0.01245   0.00759   0.03248   0.00000   0.02167   0.00841   0.00585   0.03026   0.01782   0.06060   0.03767   1.98695   1.12489   0.00706   0.25963   2.57259  
 14 296.8339   1983.127640  x:  0.00000   0.00872   0.00447   0.00725   0.00000   0.00000   0.01925   0.00000   0.00222   0.01486   0.00601   0.00000   0.00160   0.00000   0.00590   0.00444   0.00753   0.01121   0.04439   0.01235   0.00745   0.03165   0.00000   0.02174   0.00936   0.00584   0.02925   0.01599   0.05946   0.03802   1.98393   1.12948   0.00302   0.26344   2.57251  
 15 595.7088   1981.779969  x:  0.00000   0.00758   0.00270   0.00543   0.00000   0.00000   0.01675   0.00000   0.00501   0.01059   0.00599   0.00000   0.00141   0.00000   0.00496   0.00486   0.00543   0.00743   0.04098   0.01267   0.00762   0.02871   0.00000   0.02177   0.01247   0.00632   0.02971   0.01281   0.05496   0.03961   1.97691   1.14076  -0.00694   0.27356   2.57232  
 16 468.3514   1981.267572  x:  0.00000   0.00764   0.00460   0.00589   0.00000   0.00000   0.01576   0.00000   0.00530   0.00826   0.00591   0.00000   0.00134   0.00000   0.00323   0.00513   0.00626   0.00747   0.03844   0.01162   0.00604   0.02662   0.00000   0.02150   0.01349   0.00570   0.02960   0.01278   0.05305   0.04031   1.97413   1.14542  -0.01107   0.27736   2.57224  
 17 384.6337   1981.083990  x:  0.00000   0.00632   0.00473   0.00642   0.00000   0.00000   0.01611   0.00000   0.00544   0.00700   0.00566   0.00000   0.00132   0.00000   0.00411   0.00524   0.00684   0.00729   0.03695   0.01065   0.00551   0.02531   0.00000   0.02140   0.01392   0.00568   0.02900   0.01364   0.05260   0.04042   1.97302   1.14746  -0.01287   0.27828   2.57221  
 18 201.8598   1980.887529  x:  0.00000   0.00653   0.00400   0.00733   0.00000   0.00000   0.01746   0.00000   0.00532   0.00622   0.00527   0.00000   0.00133   0.00000   0.00360   0.00516   0.00619   0.00756   0.03433   0.00952   0.00678   0.02361   0.00000   0.02158   0.01409   0.00595   0.02784   0.01554   0.05258   0.04060   1.97165   1.15028  -0.01539   0.27836   2.57215  
 19 136.2073   1980.672875  x:  0.00000   0.00686   0.00409   0.00670   0.00000   0.00000   0.01945   0.00000   0.00473   0.00678   0.00638   0.00000   0.00136   0.00000   0.00365   0.00467   0.00575   0.00676   0.03021   0.01090   0.00599   0.02257   0.00000   0.02167   0.01438   0.00607   0.02753   0.01677   0.05306   0.04091   1.96977   1.15466  -0.01931   0.27673   2.57206  
 20 94.8332   1980.423221  x:  0.00000   0.00661   0.00395   0.00580   0.00000   0.00000   0.02173   0.00000   0.00508   0.00757   0.00508   0.00000   0.00137   0.00000   0.00364   0.00489   0.00630   0.00774   0.02561   0.01206   0.00598   0.02222   0.00000   0.02161   0.01423   0.00573   0.02763   0.01552   0.05339   0.04085   1.96755   1.16049  -0.02454   0.27430   2.57194  
 21 174.8405   1979.878550  x:  0.00000   0.00660   0.00397   0.00739   0.00000   0.00000   0.02461   0.00000   0.00469   0.00741   0.00626   0.00000   0.00144   0.00000   0.00371   0.00456   0.00611   0.00754   0.02094   0.00909   0.00597   0.02486   0.00000   0.02181   0.01321   0.00591   0.03004   0.01235   0.05365   0.04051   1.96230   1.17516  -0.03772   0.26739   2.57163  
 22 164.3988   1978.095547  x:  0.00000   0.01155   0.00317   0.00905   0.00000   0.00000   0.02683   0.00000   0.00415   0.00499   0.00338   0.00000   0.00143   0.00000   0.00465   0.00435   0.00949   0.00484   0.02040   0.00891   0.00515   0.02612   0.00000   0.02297   0.01382   0.00636   0.02939   0.01108   0.05177   0.04287   1.94457   1.22719  -0.08455   0.24258   2.57053  
 23 320.4348   1971.885195  x:  0.00000   0.01641   0.00424   0.01004   0.00000   0.00000   0.02850   0.00000   0.00488   0.00070   0.00463   0.00000   0.00130   0.00000   0.00699   0.00487   0.00716   0.00809   0.02038   0.00937   0.00441   0.02432   0.00000   0.02091   0.01542   0.00516   0.02421   0.00733   0.04457   0.04867   1.89635   1.36976  -0.21289   0.17467   2.56751  
 24 3571.9825   1964.063242  x:  0.00000   0.02206   0.00563   0.00759   0.00000   0.00000   0.02596   0.00000   0.00577   0.00382   0.00594   0.00000   0.00116   0.00000   0.00965   0.00558   0.00686   0.01027   0.01929   0.00545   0.00461   0.01927   0.00000   0.01884   0.01311   0.00473   0.01819   0.00505   0.03131   0.05475   1.82040   1.59412  -0.41487   0.06832   2.56277  
 25 19238.6226   1962.542664  x:  0.00000   0.02178   0.00520   0.01154   0.00000   0.00000   0.01796   0.00000   0.00564   0.00372   0.00583   0.00000   0.00114   0.00000   0.00958   0.00549   0.00687   0.01005   0.01720   0.00752   0.00495   0.01729   0.00000   0.01853   0.01087   0.00478   0.01674   0.00362   0.04044   0.05454   1.80477   1.64036  -0.45645   0.04725   2.56178  
 26 842.3478   1960.356090  x:  0.00756   0.02169   0.00500   0.01357   0.00000   0.00000   0.01293   0.00000   0.00560   0.00364   0.00575   0.00000   0.00111   0.00000   0.00957   0.00547   0.00684   0.00992   0.01581   0.00852   0.00510   0.01641   0.00000   0.01828   0.00961   0.00478   0.01564   0.00290   0.04670   0.05459   1.79472   1.67023  -0.48331   0.03401   2.56114  
 27 4433.3749   1960.081808  x:  0.00848   0.02189   0.00484   0.01381   0.00000   0.00000   0.01358   0.00000   0.00533   0.00365   0.00570   0.00000   0.00113   0.00000   0.00964   0.00525   0.00683   0.01003   0.01684   0.00844   0.00512   0.01331   0.00000   0.01831   0.00967   0.00472   0.01795   0.00206   0.04735   0.05453   1.79424   1.67156  -0.48447   0.03373   2.56110  
 28 125.6139   1959.285650  x:  0.00929   0.02113   0.00415   0.01700   0.00000   0.00000   0.00786   0.00000   0.00476   0.00386   0.00561   0.00000   0.00116   0.00000   0.00942   0.00478   0.00666   0.01005   0.01545   0.01051   0.00522   0.01239   0.00000   0.01834   0.00701   0.00470   0.01791   0.00153   0.04337   0.05462   1.78697   1.69393  -0.50329   0.04691   2.56021  
 29 24.1037   1958.775867  x:  0.00818   0.02197   0.00441   0.01363   0.00000   0.00000   0.00530   0.00000   0.00468   0.00387   0.00544   0.00000   0.00099   0.00000   0.00974   0.00467   0.00604   0.01032   0.01482   0.00809   0.00455   0.01269   0.00000   0.01774   0.00742   0.00416   0.01831   0.00245   0.04895   0.05678   1.77776   1.72201  -0.52760   0.05192   2.55931  
 30 226.4498   1953.114829  x:  0.00451   0.01965   0.00327   0.01374   0.00000   0.00000   0.00425   0.00000   0.00318   0.00365   0.00499   0.00000   0.00111   0.00000   0.00902   0.00337   0.00569   0.01084   0.01498   0.00977   0.00350   0.02004   0.00000   0.02048   0.00122   0.00360   0.02522   0.00579   0.04129   0.06902   1.66644   1.99626  -0.75714   0.05523   2.54906  
 31 52.5909   1951.587078  x:  0.00289   0.01901   0.00267   0.01581   0.00000   0.00000   0.00319   0.00000   0.00259   0.00377   0.00459   0.00000   0.00113   0.00000   0.00888   0.00285   0.00488   0.01173   0.01471   0.01168   0.00258   0.02375   0.00000   0.02314   0.00550   0.00332   0.02920   0.00750   0.03656   0.07273   1.75986   2.16033  -0.89001   0.06261   2.53809  
 32 10.2856   1945.674012  x:  0.00266   0.01674   0.00333   0.00564   0.00000   0.00000   0.00896   0.00000   0.00287   0.00371   0.00568   0.00000   0.00179   0.00000   0.00825   0.00287   0.00719   0.01181   0.01655   0.01009   0.00427   0.02691   0.00000   0.02942   0.00572   0.00466   0.03225   0.00884   0.05051   0.08140   2.24023   2.66137  -1.19349   0.12718   2.47548  
 33  7.3805   1944.862742  x:  0.00177   0.01633   0.00358   0.00226   0.00000   0.00000   0.00724   0.00000   0.00313   0.00328   0.00616   0.00000   0.00200   0.00000   0.00810   0.00308   0.00843   0.01132   0.01634   0.00916   0.00528   0.02625   0.00000   0.03056   0.00544   0.00548   0.03210   0.00951   0.04871   0.07945   2.34352   2.68692  -1.17035   0.12062   2.45337  
 34  1.4722   1943.498487  x:  0.00384   0.01364   0.00377   0.00463   0.00000   0.00000   0.00483   0.00000   0.00400   0.00337   0.00717   0.00000   0.00252   0.00000   0.00749   0.00379   0.00972   0.01149   0.02028   0.00942   0.00660   0.02542   0.00000   0.03695   0.00500   0.00675   0.03171   0.00756   0.04864   0.08727   2.40454   2.59322  -0.82913   0.09469   2.34767  
 35  1.3947   1942.301361  x:  0.00462   0.01000   0.00339   0.00323   0.00000   0.00000   0.00788   0.00000   0.00335   0.00343   0.00653   0.00000   0.00281   0.00000   0.00663   0.00314   0.00680   0.01222   0.02053   0.01007   0.00496   0.02591   0.00000   0.04168   0.00463   0.00516   0.03403   0.00730   0.04546   0.09370   2.30960   2.73356  -0.48410   0.07505   2.13718  
 36  0.7714   1941.823500  x:  0.00477   0.00845   0.00311   0.00362   0.00000   0.00000   0.00726   0.00000   0.00324   0.00296   0.00615   0.00000   0.00308   0.00000   0.00600   0.00321   0.00605   0.01192   0.02024   0.01014   0.00409   0.02628   0.00000   0.04284   0.00365   0.00431   0.03582   0.00781   0.04073   0.08435   2.42842   3.06754  -0.47929   0.08437   1.96398  
 37  0.9206   1941.525273  x:  0.00536   0.00894   0.00338   0.00310   0.00000   0.00000   0.00679   0.00000   0.00351   0.00311   0.00651   0.00000   0.00334   0.00000   0.00624   0.00357   0.00633   0.01261   0.02021   0.01023   0.00398   0.02640   0.00000   0.04533   0.00361   0.00420   0.03733   0.00790   0.04129   0.08296   2.17915   3.31690  -0.37586   0.09148   1.76974  
 38  0.7617   1941.348645  x:  0.00649   0.01046   0.00326   0.00327   0.00000   0.00000   0.00623   0.00000   0.00308   0.00328   0.00683   0.00000   0.00345   0.00000   0.00670   0.00326   0.00669   0.01337   0.01903   0.00987   0.00398   0.02597   0.00000   0.04690   0.00309   0.00410   0.03887   0.00746   0.04248   0.08090   2.25556   3.53059  -0.10713   0.08702   1.50228  
 39  0.4775   1941.268935  x:  0.00805   0.00998   0.00354   0.00324   0.00000   0.00000   0.00640   0.00000   0.00333   0.00348   0.00660   0.00000   0.00345   0.00000   0.00676   0.00332   0.00621   0.01369   0.02035   0.01020   0.00452   0.02616   0.00000   0.04779   0.00314   0.00405   0.04016   0.00659   0.04412   0.08242   2.26934   3.73900   0.18498   0.08497   1.18725  
 40  0.3637   1941.226970  x:  0.00845   0.00971   0.00325   0.00332   0.00000   0.00000   0.00663   0.00000   0.00334   0.00346   0.00667   0.00000   0.00342   0.00000   0.00663   0.00327   0.00668   0.01370   0.02038   0.01008   0.00440   0.02600   0.00000   0.04805   0.00323   0.00426   0.04048   0.00644   0.04406   0.08287   2.25818   3.85670   0.33188   0.08441   1.00000  
 41  0.4276   1941.197665  x:  0.00822   0.00991   0.00342   0.00338   0.00000   0.00000   0.00692   0.00000   0.00334   0.00336   0.00659   0.00000   0.00331   0.00000   0.00663   0.00333   0.00671   0.01340   0.01974   0.00991   0.00411   0.02559   0.00000   0.04706   0.00342   0.00434   0.04016   0.00672   0.04250   0.08266   2.26568   3.98349   0.48197   0.08534   1.00000  
 42  0.1396   1941.182689  x:  0.00862   0.00987   0.00322   0.00321   0.00000   0.00000   0.00670   0.00000   0.00314   0.00331   0.00657   0.00000   0.00326   0.00000   0.00657   0.00319   0.00667   0.01318   0.02019   0.00984   0.00411   0.02536   0.00000   0.04640   0.00343   0.00423   0.03987   0.00646   0.04254   0.08242   2.26666   4.12977   0.67563   0.08552   1.00000  
 43  0.1992   1941.167754  x:  0.00924   0.00978   0.00329   0.00326   0.00000   0.00000   0.00644   0.00000   0.00333   0.00330   0.00660   0.00000   0.00323   0.00000   0.00657   0.00336   0.00664   0.01305   0.01985   0.00987   0.00435   0.02534   0.00000   0.04612   0.00342   0.00422   0.04008   0.00607   0.04275   0.08234   2.26314   4.38769   1.02548   0.08337   1.00000  
 44  0.3172   1941.157574  x:  0.00951   0.00993   0.00338   0.00330   0.00000   0.00000   0.00650   0.00000   0.00333   0.00336   0.00663   0.00000   0.00325   0.00000   0.00665   0.00335   0.00646   0.01323   0.02007   0.00996   0.00403   0.02561   0.00000   0.04635   0.00329   0.00427   0.04024   0.00589   0.04319   0.08261   2.26427   4.66041   1.32871   0.08319   1.00000  
 45  0.2389   1941.141206  x:  0.00916   0.01002   0.00345   0.00342   0.00000   0.00000   0.00665   0.00000   0.00318   0.00329   0.00672   0.00000   0.00329   0.00000   0.00672   0.00318   0.00655   0.01334   0.01999   0.00995   0.00434   0.02616   0.00000   0.04658   0.00329   0.00420   0.04035   0.00605   0.04264   0.08258   2.24668   5.20033   1.83491   0.08370   1.00000  
 46  0.3534   1941.126024  x:  0.00864   0.00996   0.00322   0.00323   0.00000   0.00000   0.00665   0.00000   0.00336   0.00322   0.00667   0.00000   0.00332   0.00000   0.00664   0.00337   0.00669   0.01335   0.02000   0.00989   0.00417   0.02638   0.00000   0.04648   0.00328   0.00414   0.03985   0.00622   0.04260   0.08249   2.26693   5.79988   2.41166   0.08392   1.00000  
 47  0.4952   1941.118560  x:  0.00864   0.00976   0.00336   0.00325   0.00000   0.00000   0.00656   0.00000   0.00326   0.00321   0.00660   0.00000   0.00334   0.00000   0.00660   0.00329   0.00662   0.01327   0.01986   0.00987   0.00422   0.02611   0.00000   0.04644   0.00332   0.00439   0.03945   0.00604   0.04302   0.08262   2.26537   6.30573   2.92648   0.08370   1.00000  
 48  0.5040   1941.113349  x:  0.00875   0.00992   0.00333   0.00335   0.00000   0.00000   0.00663   0.00000   0.00327   0.00330   0.00660   0.00000   0.00334   0.00000   0.00665   0.00330   0.00657   0.01334   0.01994   0.01000   0.00423   0.02581   0.00000   0.04652   0.00339   0.00416   0.03941   0.00589   0.04312   0.08259   2.26027   6.95961   3.57682   0.08368   1.00000  
 49  0.4878   1941.110646  x:  0.00882   0.00988   0.00334   0.00326   0.00000   0.00000   0.00657   0.00000   0.00329   0.00332   0.00663   0.00000   0.00333   0.00000   0.00662   0.00331   0.00662   0.01333   0.02000   0.01001   0.00423   0.02567   0.00000   0.04663   0.00335   0.00428   0.03963   0.00585   0.04281   0.08224   2.26192   7.62387   4.22077   0.08379   1.00000  
 50  0.4358   1941.109149  x:  0.00895   0.00984   0.00330   0.00329   0.00000   0.00000   0.00663   0.00000   0.00328   0.00334   0.00662   0.00000   0.00329   0.00000   0.00660   0.00330   0.00659   0.01326   0.01988   0.00994   0.00423   0.02569   0.00000   0.04647   0.00336   0.00425   0.03979   0.00576   0.04303   0.08254   2.26458   8.32901   4.92784   0.08409   1.00000  
 51  0.4481   1941.108536  x:  0.00898   0.00989   0.00335   0.00330   0.00000   0.00000   0.00659   0.00000   0.00328   0.00334   0.00663   0.00000   0.00328   0.00000   0.00661   0.00330   0.00661   0.01322   0.02001   0.00993   0.00421   0.02578   0.00000   0.04641   0.00335   0.00423   0.03981   0.00572   0.04298   0.08252   2.26146   8.93604   5.53169   0.08383   1.00000  
 52  0.4332   1941.108206  x:  0.00903   0.00988   0.00331   0.00329   0.00000   0.00000   0.00658   0.00000   0.00329   0.00333   0.00662   0.00000   0.00329   0.00000   0.00661   0.00330   0.00658   0.01323   0.01991   0.00996   0.00422   0.02579   0.00000   0.04644   0.00333   0.00425   0.03975   0.00568   0.04295   0.08259   2.26039   9.58911   6.17908   0.08396   1.00000  
 53  0.3465   1941.107957  x:  0.00921   0.00988   0.00333   0.00330   0.00000   0.00000   0.00660   0.00000   0.00328   0.00332   0.00661   0.00000   0.00329   0.00000   0.00662   0.00330   0.00662   0.01322   0.01996   0.00997   0.00422   0.02578   0.00000   0.04645   0.00335   0.00424   0.03967   0.00555   0.04299   0.08254   2.26284  10.43405   7.02757   0.08395   1.00000  
 54  0.4286   1941.107886  x:  0.00929   0.00988   0.00333   0.00329   0.00000   0.00000   0.00660   0.00000   0.00328   0.00332   0.00662   0.00000   0.00329   0.00000   0.00662   0.00330   0.00659   0.01324   0.01995   0.00995   0.00422   0.02579   0.00000   0.04649   0.00335   0.00424   0.03967   0.00550   0.04296   0.08253   2.26125  10.97149   7.56586   0.08387   1.00000  
 55  0.4080   1941.107847  x:  0.00936   0.00987   0.00333   0.00329   0.00000   0.00000   0.00659   0.00000   0.00328   0.00332   0.00663   0.00000   0.00329   0.00000   0.00662   0.00330   0.00660   0.01325   0.01994   0.00996   0.00422   0.02580   0.00000   0.04647   0.00335   0.00424   0.03967   0.00542   0.04296   0.08253   2.26277  11.62231   8.21636   0.08399   1.00000  
 56  0.2966   1941.107816  x:  0.00944   0.00988   0.00333   0.00329   0.00000   0.00000   0.00660   0.00000   0.00328   0.00333   0.00662   0.00000   0.00330   0.00000   0.00661   0.00330   0.00660   0.01326   0.01995   0.00995   0.00422   0.02579   0.00000   0.04645   0.00335   0.00424   0.03968   0.00532   0.04296   0.08253   2.26174  12.41443   9.01043   0.08386   1.00000  
 57  0.4106   1941.107805  x:  0.00950   0.00988   0.00333   0.00329   0.00000   0.00000   0.00659   0.00000   0.00328   0.00333   0.00662   0.00000   0.00330   0.00000   0.00661   0.00330   0.00660   0.01326   0.01995   0.00996   0.00422   0.02579   0.00000   0.04645   0.00335   0.00424   0.03969   0.00525   0.04297   0.08252   2.26194  12.97733   9.57193   0.08394   1.00000  
 58  0.3362   1941.107797  x:  0.00959   0.00988   0.00333   0.00329   0.00000   0.00000   0.00660   0.00000   0.00328   0.00332   0.00662   0.00000   0.00330   0.00000   0.00661   0.00330   0.00660   0.01325   0.01995   0.00996   0.00422   0.02578   0.00000   0.04646   0.00335   0.00424   0.03970   0.00516   0.04296   0.08254   2.26200  13.74722  10.34337   0.08389   1.00000  
 59  0.3711   1941.107794  x:  0.00963   0.00988   0.00333   0.00329   0.00000   0.00000   0.00660   0.00000   0.00328   0.00332   0.00662   0.00000   0.00330   0.00000   0.00662   0.00330   0.00660   0.01325   0.01995   0.00995   0.00422   0.02578   0.00000   0.04646   0.00335   0.00424   0.03970   0.00512   0.04297   0.08253   2.26191  14.02409  10.61981   0.08391   1.00000  
 60  0.2424   1941.107792  x:  0.00973   0.00988   0.00333   0.00329   0.00000   0.00000   0.00659   0.00000   0.00328   0.00332   0.00662   0.00000   0.00330   0.00000   0.00662   0.00330   0.00660   0.01325   0.01995   0.00995   0.00422   0.02579   0.00000   0.04647   0.00335   0.00424   0.03970   0.00502   0.04297   0.08253   2.26200  14.93134  11.52677   0.08392   1.00000  
 61  0.4173   1941.107791  x:  0.00978   0.00988   0.00333   0.00329   0.00000   0.00000   0.00660   0.00000   0.00328   0.00332   0.00662   0.00000   0.00330   0.00000   0.00662   0.00330   0.00660   0.01325   0.01995   0.00995   0.00422   0.02579   0.00000   0.04647   0.00335   0.00424   0.03969   0.00497   0.04296   0.08253   2.26202  15.26904  11.86491   0.08390   1.00000  
 62  0.2221   1941.107791  x:  0.00988   0.00988   0.00333   0.00329   0.00000   0.00000   0.00660   0.00000   0.00328   0.00332   0.00662   0.00000   0.00330   0.00000   0.00662   0.00330   0.00660   0.01325   0.01995   0.00995   0.00422   0.02579   0.00000   0.04647   0.00335   0.00424   0.03969   0.00487   0.04297   0.08253   2.26193  16.15835  12.75393   0.08391   1.00000  
 63  0.3951   1941.107791  x:  0.01009   0.00988   0.00333   0.00329   0.00000   0.00000   0.00660   0.00000   0.00328   0.00332   0.00662   0.00000   0.00329   0.00000   0.00662   0.00330   0.00660   0.01325   0.01995   0.00995   0.00422   0.02579   0.00000   0.04647   0.00335   0.00424   0.03969   0.00466   0.04297   0.08253   2.26194  17.90692  14.50242   0.08391   1.00000  
 64  0.8741   1941.107790  x:  0.01049   0.00988   0.00333   0.00329   0.00000   0.00000   0.00660   0.00000   0.00328   0.00332   0.00662   0.00000   0.00330   0.00000   0.00661   0.00330   0.00660   0.01325   0.01995   0.00995   0.00422   0.02579   0.00000   0.04646   0.00335   0.00424   0.03969   0.00426   0.04297   0.08253   2.26195  21.23248  17.82792   0.08391   1.00000  
 65  1.8640   1941.107790  x:  0.01039   0.00988   0.00333   0.00329   0.00000   0.00000   0.00660   0.00000   0.00328   0.00332   0.00662   0.00000   0.00330   0.00000   0.00661   0.00330   0.00660   0.01325   0.01995   0.00995   0.00422   0.02579   0.00000   0.04646   0.00335   0.00424   0.03969   0.00436   0.04297   0.08253   2.26196  20.40108  16.99655   0.08391   1.00000  
 66  4.5893   1941.107790  x:  0.01041   0.00988   0.00333   0.00329   0.00000   0.00000   0.00660   0.00000   0.00328   0.00332   0.00662   0.00000   0.00330   0.00000   0.00661   0.00330   0.00660   0.01325   0.01995   0.00995   0.00422   0.02579   0.00000   0.04646   0.00335   0.00424   0.03969   0.00434   0.04297   0.08253   2.26210  20.56888  17.16432   0.08391   1.00000  
 67  1.9558   1941.107790  x:  0.01041   0.00988   0.00333   0.00329   0.00000   0.00000   0.00660   0.00000   0.00328   0.00332   0.00662   0.00000   0.00330   0.00000   0.00661   0.00330   0.00660   0.01325   0.01995   0.00995   0.00422   0.02579   0.00000   0.04646   0.00335   0.00424   0.03969   0.00434   0.04297   0.08253   2.26189  20.55250  17.14795   0.08391   1.00000  
 68  0.0939   1941.107790  x:  0.01041   0.00988   0.00333   0.00329   0.00000   0.00000   0.00660   0.00000   0.00328   0.00332   0.00662   0.00000   0.00330   0.00000   0.00661   0.00330   0.00660   0.01325   0.01995   0.00995   0.00422   0.02579   0.00000   0.04646   0.00335   0.00424   0.03969   0.00434   0.04297   0.08253   2.26189  20.55250  17.14795   0.08391   1.00000  
 69  0.0052   1941.107790  x:  0.01041   0.00988   0.00333   0.00329   0.00000   0.00000   0.00660   0.00000   0.00328   0.00332   0.00662   0.00000   0.00330   0.00000   0.00661   0.00330   0.00660   0.01325   0.01995   0.00995   0.00422   0.02579   0.00000   0.04646   0.00335   0.00424   0.03969   0.00434   0.04297   0.08253   2.26189  20.55250  17.14795   0.08391   1.00000  
 70  0.0562   1941.107790  x:  0.01041   0.00988   0.00333   0.00329   0.00000   0.00000   0.00660   0.00000   0.00328   0.00332   0.00662   0.00000   0.00330   0.00000   0.00661   0.00330   0.00660   0.01325   0.01995   0.00995   0.00422   0.02579   0.00000   0.04646   0.00335   0.00424   0.03969   0.00434   0.04297   0.08253   2.26189  20.55250  17.14795   0.08391   1.00000  
 71  0.0000   1941.107790  x:  0.01041   0.00988   0.00333   0.00329   0.00000   0.00000   0.00660   0.00000   0.00328   0.00332   0.00662   0.00000   0.00330   0.00000   0.00661   0.00330   0.00660   0.01325   0.01995   0.00995   0.00422   0.02579   0.00000   0.04646   0.00335   0.00424   0.03969   0.00434   0.04297   0.08253   2.26189  20.55250  17.14795   0.08391   1.00000  
 72  0.1363   1941.107790  x:  0.01041   0.00988   0.00333   0.00329   0.00000   0.00000   0.00660   0.00000   0.00328   0.00332   0.00662   0.00000   0.00330   0.00000   0.00661   0.00330   0.00660   0.01325   0.01995   0.00995   0.00422   0.02579   0.00000   0.04646   0.00335   0.00424   0.03969   0.00434   0.04297   0.08253   2.26189  20.55250  17.14795   0.08391   1.00000  
 73  0.1566   1941.107790  x:  0.01041   0.00988   0.00333   0.00329   0.00000   0.00000   0.00660   0.00000   0.00328   0.00332   0.00662   0.00000   0.00330   0.00000   0.00661   0.00330   0.00660   0.01325   0.01995   0.00995   0.00422   0.02579   0.00000   0.04646   0.00335   0.00424   0.03969   0.00434   0.04297   0.08253   2.26189  20.55250  17.14795   0.08391   1.00000  
check convergence!
