Supplemental results for CODEML (seqf: /Users/YY/Desktop/get/branch_site/modify/modify_trim_muscle_petB.fa  treef: /Users/YY/Desktop/get/branch_site/16gene_topu.tree)


dN/dS (w) for site classes (K=4)

site class             0        1       2a       2b
proportion       0.89265  0.02406  0.08109  0.00219
background w     0.01012  1.00000  0.01012  1.00000
foreground w     0.01012  1.00000  1.00000  1.00000

Naive Empirical Bayes (NEB) probabilities for 4 classes
(amino acids refer to 1st sequence: NC_034643)

   1 M   0.90946 0.00726 0.08262 0.00066 ( 1)
   2 S   0.90826 0.00846 0.08251 0.00077 ( 1)
   3 K   0.90378 0.01294 0.08210 0.00118 ( 1)
   4 V   0.90455 0.01217 0.08217 0.00111 ( 1)
   5 Y   0.90645 0.01027 0.08235 0.00093 ( 1)
   6 D   0.90874 0.00798 0.08255 0.00073 ( 1)
   7 W   0.89941 0.01731 0.08171 0.00157 ( 1)
   8 F   0.91052 0.00620 0.08272 0.00056 ( 1)
   9 E   0.90423 0.01249 0.08215 0.00113 ( 1)
  10 E   0.90423 0.01249 0.08215 0.00113 ( 1)
  11 R   0.90584 0.01088 0.08229 0.00099 ( 1)
  12 L   0.89842 0.01830 0.08162 0.00166 ( 1)
  13 E   0.90256 0.01416 0.08199 0.00129 ( 1)
  14 I   0.91144 0.00528 0.08280 0.00048 ( 1)
  15 Q   0.89877 0.01794 0.08165 0.00163 ( 1)
  16 A   0.90394 0.01278 0.08212 0.00116 ( 1)
  17 I   0.91144 0.00528 0.08280 0.00048 ( 1)
  18 A   0.90394 0.01278 0.08212 0.00116 ( 1)
  19 D   0.90874 0.00798 0.08255 0.00073 ( 1)
  20 D   0.90823 0.00849 0.08251 0.00077 ( 1)
  21 I   0.90897 0.00775 0.08258 0.00070 ( 1)
  22 T   0.91037 0.00635 0.08270 0.00058 ( 1)
  23 S   0.90826 0.00846 0.08251 0.00077 ( 1)
  24 K   0.90378 0.01294 0.08210 0.00118 ( 1)
  25 Y   0.89760 0.01912 0.08154 0.00174 ( 1)
  26 V   0.91094 0.00578 0.08276 0.00052 ( 1)
  27 P   0.90825 0.00847 0.08251 0.00077 ( 1)
  28 P   0.90854 0.00818 0.08254 0.00074 ( 1)
  29 H   0.90649 0.01023 0.08235 0.00093 ( 1)
  30 V   0.89918 0.01754 0.08169 0.00159 ( 1)
  31 N   0.89865 0.01807 0.08164 0.00164 ( 1)
  32 I   0.90915 0.00757 0.08259 0.00069 ( 1)
  33 F   0.91052 0.00620 0.08272 0.00056 ( 1)
  34 Y   0.90645 0.01027 0.08235 0.00093 ( 1)
  35 C   0.90670 0.01002 0.08237 0.00091 ( 1)
  36 L   0.89906 0.01766 0.08168 0.00160 ( 1)
  37 G   0.90293 0.01378 0.08203 0.00125 ( 1)
  38 G   0.89745 0.01927 0.08153 0.00175 ( 1)
  39 I   0.91144 0.00528 0.08280 0.00048 ( 1)
  40 T   0.90376 0.01296 0.08210 0.00118 ( 1)
  41 L   0.90982 0.00690 0.08265 0.00063 ( 1)
  42 T   0.91032 0.00640 0.08270 0.00058 ( 1)
  43 C   0.90670 0.01002 0.08237 0.00091 ( 1)
  44 F   0.91052 0.00620 0.08272 0.00056 ( 1)
  45 L   0.90277 0.01395 0.08201 0.00127 ( 1)
  46 V   0.90632 0.01040 0.08234 0.00094 ( 1)
  47 Q   0.89996 0.01676 0.08176 0.00152 ( 1)
  48 V   0.90424 0.01248 0.08215 0.00113 ( 1)
  49 A   0.91064 0.00608 0.08273 0.00055 ( 1)
  50 T   0.90356 0.01316 0.08208 0.00120 ( 1)
  51 G   0.90198 0.01474 0.08194 0.00134 ( 1)
  52 F   0.91052 0.00620 0.08272 0.00056 ( 1)
  53 A   0.91034 0.00638 0.08270 0.00058 ( 1)
  54 M   0.90946 0.00726 0.08262 0.00066 ( 1)
  55 T   0.91037 0.00635 0.08270 0.00058 ( 1)
  56 F   0.91052 0.00620 0.08272 0.00056 ( 1)
  57 Y   0.89674 0.01998 0.08147 0.00182 ( 1)
  58 Y   0.90616 0.01056 0.08232 0.00096 ( 1)
  59 R   0.90584 0.01088 0.08229 0.00099 ( 1)
  60 P   0.90194 0.01478 0.08194 0.00134 ( 1)
  61 T   0.89983 0.01689 0.08175 0.00153 ( 1)
  62 V   0.91094 0.00578 0.08276 0.00052 ( 1)
  63 T   0.90356 0.01316 0.08208 0.00120 ( 1)
  64 D   0.89901 0.01771 0.08167 0.00161 ( 1)
  65 A   0.91076 0.00597 0.08274 0.00054 ( 1)
  66 F   0.91052 0.00620 0.08272 0.00056 ( 1)
  67 A   0.91076 0.00597 0.08274 0.00054 ( 1)
  68 S   0.90207 0.01465 0.08195 0.00133 ( 1)
  69 V   0.91094 0.00578 0.08276 0.00052 ( 1)
  70 Q   0.89996 0.01676 0.08176 0.00152 ( 1)
  71 Y   0.89674 0.01998 0.08147 0.00182 ( 1)
  72 I   0.90897 0.00775 0.08258 0.00070 ( 1)
  73 M   0.90946 0.00726 0.08262 0.00066 ( 1)
  74 T   0.91037 0.00635 0.08270 0.00058 ( 1)
  75 E   0.90423 0.01249 0.08215 0.00113 ( 1)
  76 A   0.91076 0.00597 0.08274 0.00054 ( 1)
  77 N   0.90835 0.00837 0.08252 0.00076 ( 1)
  78 F   0.91052 0.00620 0.08272 0.00056 ( 1)
  79 G   0.90801 0.00871 0.08249 0.00079 ( 1)
  80 W   0.89941 0.01731 0.08171 0.00157 ( 1)
  81 L   0.90277 0.01395 0.08201 0.00127 ( 1)
  82 I   0.90094 0.01578 0.08185 0.00143 ( 1)
  83 R   0.89826 0.01846 0.08160 0.00168 ( 1)
  84 S   0.90357 0.01315 0.08209 0.00119 ( 1)
  85 V   0.91094 0.00578 0.08276 0.00052 ( 1)
  86 H   0.90649 0.01023 0.08235 0.00093 ( 1)
  87 R   0.89826 0.01846 0.08160 0.00168 ( 1)
  88 W   0.89941 0.01731 0.08171 0.00157 ( 1)
  89 S   0.90217 0.01455 0.08196 0.00132 ( 1)
  90 A   0.90608 0.01064 0.08231 0.00097 ( 1)
  91 S   0.90826 0.00846 0.08251 0.00077 ( 1)
  92 M   0.90946 0.00726 0.08262 0.00066 ( 1)
  93 M   0.90946 0.00726 0.08262 0.00066 ( 1)
  94 V   0.91094 0.00578 0.08276 0.00052 ( 1)
  95 L   0.90042 0.01630 0.08180 0.00148 ( 1)
  96 M   0.90946 0.00726 0.08262 0.00066 ( 1)
  97 M   0.90946 0.00726 0.08262 0.00066 ( 1)
  98 I   0.90034 0.01638 0.08179 0.00149 ( 1)
  99 L   0.90194 0.01478 0.08194 0.00134 ( 1)
 100 H   0.90649 0.01023 0.08235 0.00093 ( 1)
 101 V   0.90632 0.01040 0.08234 0.00094 ( 1)
 102 F   0.91052 0.00620 0.08272 0.00056 ( 1)
 103 R   0.89938 0.01734 0.08171 0.00157 ( 1)
 104 V   0.90474 0.01198 0.08219 0.00109 ( 1)
 105 Y   0.90645 0.01027 0.08235 0.00093 ( 1)
 106 L   0.89848 0.01824 0.08162 0.00166 ( 1)
 107 T   0.90796 0.00876 0.08248 0.00080 ( 1)
 108 G   0.90801 0.00871 0.08249 0.00079 ( 1)
 109 G   0.90293 0.01378 0.08203 0.00125 ( 1)
 110 F   0.91052 0.00620 0.08272 0.00056 ( 1)
 111 K   0.90378 0.01294 0.08210 0.00118 ( 1)
 112 K   0.90367 0.01305 0.08210 0.00119 ( 1)
 113 P   0.90854 0.00818 0.08254 0.00074 ( 1)
 114 R   0.89752 0.01920 0.08154 0.00174 ( 1)
 115 E   0.90363 0.01309 0.08209 0.00119 ( 1)
 116 L   0.90259 0.01413 0.08200 0.00128 ( 1)
 117 T   0.91037 0.00635 0.08270 0.00058 ( 1)
 118 W   0.89941 0.01731 0.08171 0.00157 ( 1)
 119 V   0.91094 0.00578 0.08276 0.00052 ( 1)
 120 T   0.90568 0.01104 0.08228 0.00100 ( 1)
 121 G   0.90801 0.00871 0.08249 0.00079 ( 1)
 122 V   0.90418 0.01254 0.08214 0.00114 ( 1)
 123 V   0.91094 0.00578 0.08276 0.00052 ( 1)
 124 L   0.90053 0.01619 0.08181 0.00147 ( 1)
 125 A   0.01117 0.90555 0.00101 0.08227 ( 2)
 126 V   0.90632 0.01040 0.08234 0.00094 ( 1)
 127 L   0.90194 0.01478 0.08194 0.00134 ( 1)
 128 T   0.91037 0.00635 0.08270 0.00058 ( 1)
 129 A   0.90608 0.01064 0.08231 0.00097 ( 1)
 130 S   0.90919 0.00752 0.08260 0.00068 ( 1)
 131 F   0.91052 0.00620 0.08272 0.00056 ( 1)
 132 G   0.90801 0.00871 0.08249 0.00079 ( 1)
 133 V   0.90632 0.01040 0.08234 0.00094 ( 1)
 134 T   0.91020 0.00652 0.08269 0.00059 ( 1)
 135 G   0.90801 0.00871 0.08249 0.00079 ( 1)
 136 Y   0.90645 0.01027 0.08235 0.00093 ( 1)
 137 S   0.89806 0.01866 0.08159 0.00169 ( 1)
 138 L   0.90277 0.01395 0.08201 0.00127 ( 1)
 139 P   0.90854 0.00818 0.08254 0.00074 ( 1)
 140 R   0.89939 0.01733 0.08171 0.00157 ( 1)
 141 D   0.89901 0.01771 0.08167 0.00161 ( 1)
 142 Q   0.89996 0.01676 0.08176 0.00152 ( 1)
 143 I   0.91144 0.00528 0.08280 0.00048 ( 1)
 144 G   0.90758 0.00914 0.08245 0.00083 ( 1)
 145 Y   0.90645 0.01027 0.08235 0.00093 ( 1)
 146 W   0.89941 0.01731 0.08171 0.00157 ( 1)
 147 A   0.90608 0.01064 0.08231 0.00097 ( 1)
 148 V   0.90474 0.01198 0.08219 0.00109 ( 1)
 149 K   0.90378 0.01294 0.08210 0.00118 ( 1)
 150 I   0.91144 0.00528 0.08280 0.00048 ( 1)
 151 V   0.90632 0.01040 0.08234 0.00094 ( 1)
 152 T   0.90568 0.01104 0.08228 0.00100 ( 1)
 153 G   0.90801 0.00871 0.08249 0.00079 ( 1)
 154 V   0.90616 0.01056 0.08232 0.00096 ( 1)
 155 P   0.89771 0.01901 0.08155 0.00173 ( 1)
 156 E   0.90423 0.01249 0.08215 0.00113 ( 1)
 157 A   0.91076 0.00597 0.08274 0.00054 ( 1)
 158 I   0.91144 0.00528 0.08280 0.00048 ( 1)
 159 P   0.90810 0.00862 0.08250 0.00078 ( 1)
 160 V   0.42846 0.48826 0.03892 0.04436 ( 2)
 161 I   0.90836 0.00836 0.08252 0.00076 ( 1)
 162 G   0.90165 0.01507 0.08191 0.00137 ( 1)
 163 S   0.35052 0.56620 0.03184 0.05144 ( 2)
 164 P   0.90781 0.00890 0.08247 0.00081 ( 1)
 165 L   0.90194 0.01478 0.08194 0.00134 ( 1)
 166 V   0.90632 0.01040 0.08234 0.00094 ( 1)
 167 E   0.90423 0.01249 0.08215 0.00113 ( 1)
 168 L   0.90277 0.01395 0.08201 0.00127 ( 1)
 169 L   0.90194 0.01478 0.08194 0.00134 ( 1)
 170 R   0.90584 0.01088 0.08229 0.00099 ( 1)
 171 G   0.90293 0.01378 0.08203 0.00125 ( 1)
 172 S   0.90826 0.00846 0.08251 0.00077 ( 1)
 173 A   0.55592 0.36080 0.05050 0.03278 ( 1)
 174 S   0.90826 0.00846 0.08251 0.00077 ( 1)
 175 V   0.90432 0.01239 0.08215 0.00113 ( 1)
 176 G   0.90293 0.01378 0.08203 0.00125 ( 1)
 177 Q   0.89996 0.01676 0.08176 0.00152 ( 1)
 178 S   0.89806 0.01866 0.08159 0.00169 ( 1)
 179 T   0.91037 0.00635 0.08270 0.00058 ( 1)
 180 L   0.90194 0.01478 0.08194 0.00134 ( 1)
 181 T   0.91037 0.00635 0.08270 0.00058 ( 1)
 182 R   0.90584 0.01088 0.08229 0.00099 ( 1)
 183 F   0.91052 0.00620 0.08272 0.00056 ( 1)
 184 Y   0.90645 0.01027 0.08235 0.00093 ( 1)
 185 S   0.90785 0.00887 0.08247 0.00081 ( 1)
 186 L   0.90277 0.01395 0.08201 0.00127 ( 1)
 187 H   0.89753 0.01919 0.08154 0.00174 ( 1)
 188 T   0.91037 0.00635 0.08270 0.00058 ( 1)
 189 F   0.91052 0.00620 0.08272 0.00056 ( 1)
 190 V   0.90632 0.01040 0.08234 0.00094 ( 1)
 191 L   0.90196 0.01476 0.08194 0.00134 ( 1)
 192 P   0.90194 0.01478 0.08194 0.00134 ( 1)
 193 L   0.90982 0.00690 0.08265 0.00063 ( 1)
 194 L   0.90982 0.00690 0.08265 0.00063 ( 1)
 195 T   0.91037 0.00635 0.08270 0.00058 ( 1)
 196 A   0.90611 0.01061 0.08232 0.00096 ( 1)
 197 V   0.90643 0.01029 0.08235 0.00093 ( 1)
 198 F   0.91052 0.00620 0.08272 0.00056 ( 1)
 199 M   0.90946 0.00726 0.08262 0.00066 ( 1)
 200 L   0.90277 0.01395 0.08201 0.00127 ( 1)
 201 M   0.90946 0.00726 0.08262 0.00066 ( 1)
 202 H   0.89753 0.01919 0.08154 0.00174 ( 1)
 203 F   0.91052 0.00620 0.08272 0.00056 ( 1)
 204 P   0.37918 0.53754 0.03445 0.04883 ( 2)
 205 M   0.90946 0.00726 0.08262 0.00066 ( 1)
 206 I   0.90897 0.00775 0.08258 0.00070 ( 1)
 207 R   0.90584 0.01088 0.08229 0.00099 ( 1)
 208 K   0.90378 0.01294 0.08210 0.00118 ( 1)
 209 Q   0.89992 0.01680 0.08175 0.00153 ( 1)
 210 G   0.89927 0.01745 0.08170 0.00158 ( 1)
 211 I   0.91144 0.00528 0.08280 0.00048 ( 1)
 212 S   0.90919 0.00752 0.08260 0.00068 ( 1)
 213 G   0.90801 0.00871 0.08249 0.00079 ( 1)
 214 P   0.90854 0.00818 0.08254 0.00074 ( 1)
 215 L   0.90277 0.01395 0.08201 0.00127 ( 1)


lnL = -1185.838845

