

TREE # 1

  0  0.0000   1266.837349  x:  0.00000   0.00855   0.01629   0.01173   0.02089   0.02179   0.01068   0.01238   0.02093   0.00611   0.01581   0.01166   0.00739   0.00848   0.00982   0.01883   0.02045   0.01936   0.02087   0.02234   0.02351   0.02232   0.01277   0.03583   0.00000   0.04045   0.03988   0.02830   0.05456   0.03913   2.00000   1.09989   0.02896   0.27919  
  1 99.0000   1266.834963  x:  0.00000   0.00855   0.01629   0.01173   0.02088   0.02179   0.01068   0.01238   0.02092   0.00611   0.01581   0.01166   0.00738   0.00848   0.00982   0.01883   0.02045   0.01936   0.02087   0.02234   0.02351   0.02232   0.01277   0.03583   0.00000   0.04045   0.03988   0.02830   0.05456   0.03913   2.00000   1.09989   0.02896   0.27919  
  2 741.0874   1252.649055  x:  0.00000   0.00445   0.01021   0.01069   0.01484   0.01571   0.00447   0.00631   0.01484   0.00000   0.00971   0.01072   0.00128   0.00930   0.00983   0.01275   0.01697   0.01894   0.01915   0.02149   0.01939   0.02144   0.01246   0.03605   0.00000   0.03883   0.03942   0.02636   0.05342   0.03929   2.00020   1.10020   0.02865   0.27769  
  3 8385.8519   1249.955740  x:  0.00000   0.00364   0.00895   0.01049   0.01358   0.01445   0.00317   0.00504   0.01357   0.00000   0.00844   0.01053   0.00000   0.00941   0.00981   0.01148   0.01628   0.01885   0.01881   0.02132   0.01857   0.02127   0.01240   0.03608   0.00000   0.03851   0.03933   0.02596   0.05319   0.03931   2.00024   1.10026   0.02859   0.27741  
  4 1201868.9397   1244.514641  x:  0.00000   0.00370   0.00587   0.00949   0.01050   0.01136   0.00000   0.00194   0.01047   0.00000   0.00534   0.00943   0.00000   0.01098   0.00946   0.00840   0.01547   0.01847   0.01783   0.02061   0.01865   0.02060   0.01218   0.03685   0.00000   0.03767   0.03916   0.02467   0.05294   0.03965   2.00035   1.10037   0.02848   0.27585  
  5 3325.1988   1241.460125  x:  0.00000   0.00357   0.00398   0.00957   0.00857   0.00945   0.00000   0.00000   0.00853   0.00000   0.00341   0.00967   0.00000   0.01097   0.00996   0.00647   0.01478   0.01846   0.01718   0.02033   0.01844   0.02032   0.01209   0.03713   0.00000   0.03709   0.03910   0.02378   0.05259   0.04028   2.00042   1.10040   0.02845   0.27367  
  6 2381.8252   1236.729904  x:  0.00000   0.00303   0.00063   0.00948   0.00515   0.00607   0.00000   0.00000   0.00509   0.00000   0.00000   0.00941   0.00000   0.01132   0.00969   0.00306   0.01388   0.01842   0.01699   0.02032   0.01744   0.02030   0.01204   0.03694   0.00000   0.03642   0.03903   0.02299   0.05194   0.04048   2.00055   1.10045   0.02842   0.26937  
  7 6563.6847   1235.977413  x:  0.00000   0.00294   0.00000   0.00936   0.00450   0.00543   0.00000   0.00000   0.00444   0.00000   0.00000   0.00937   0.00000   0.01133   0.00976   0.00242   0.01382   0.01837   0.01691   0.02024   0.01720   0.02022   0.01203   0.03699   0.00000   0.03638   0.03900   0.02297   0.05188   0.04043   2.00057   1.10047   0.02841   0.26858  
  8 11103.0707   1233.695718  x:  0.00000   0.00274   0.00000   0.00987   0.00200   0.00301   0.00000   0.00000   0.00206   0.00000   0.00000   0.00930   0.00000   0.01158   0.00935   0.00000   0.01363   0.01842   0.01628   0.01989   0.01623   0.01989   0.01197   0.03755   0.00000   0.03652   0.03889   0.02316   0.05205   0.04063   2.00066   1.10062   0.02827   0.26595  
  9 3817.9878   1232.340526  x:  0.00000   0.00288   0.00000   0.00969   0.00000   0.00108   0.00000   0.00000   0.00023   0.00000   0.00000   0.00926   0.00000   0.01168   0.00937   0.00000   0.01327   0.01848   0.01618   0.02001   0.01568   0.01998   0.01195   0.03762   0.00000   0.03652   0.03883   0.02306   0.05221   0.04101   2.00072   1.10080   0.02810   0.26419  
 10 2444.3021   1232.220040  x:  0.00000   0.00291   0.00000   0.00969   0.00000   0.00084   0.00000   0.00000   0.00000   0.00000   0.00000   0.00925   0.00000   0.01169   0.00937   0.00000   0.01324   0.01846   0.01618   0.01999   0.01562   0.01996   0.01195   0.03760   0.00000   0.03649   0.03883   0.02302   0.05219   0.04102   2.00072   1.10082   0.02808   0.26398  
 11 4949.0909   1231.962995  x:  0.00000   0.00301   0.00000   0.00961   0.00000   0.00000   0.00000   0.00000   0.00000   0.00000   0.00000   0.00933   0.00000   0.01174   0.00932   0.00000   0.01324   0.01856   0.01609   0.01998   0.01540   0.01995   0.01198   0.03765   0.00000   0.03638   0.03884   0.02292   0.05196   0.04100   2.00075   1.10091   0.02800   0.26329  
 12 2276.3539   1229.476875  x:  0.00000   0.01339   0.00000   0.01140   0.00000   0.00000   0.00000   0.00000   0.00000   0.00000   0.00000   0.00242   0.00000   0.01133   0.01258   0.00000   0.01357   0.02070   0.01329   0.02500   0.00238   0.02422   0.00654   0.04493   0.00000   0.03348   0.03813   0.02338   0.03651   0.04350   2.00279   1.10689   0.02222   0.22609  
 13 319.8673   1228.916580  x:  0.00000   0.01547   0.00000   0.01142   0.00000   0.00000   0.00000   0.00000   0.00000   0.00000   0.00000   0.00256   0.00000   0.01157   0.01256   0.00000   0.01333   0.01975   0.01349   0.02550   0.00000   0.02465   0.00663   0.04614   0.00000   0.03338   0.03801   0.02361   0.03449   0.04437   2.00317   1.10794   0.02119   0.21993  
 14 616.8757   1227.469194  x:  0.00000   0.01902   0.00000   0.01182   0.00000   0.00000   0.00000   0.00000   0.00000   0.00000   0.00000   0.00075   0.00000   0.01159   0.01348   0.00000   0.01030   0.02037   0.01344   0.02558   0.00000   0.02436   0.01111   0.04764   0.00000   0.03418   0.03772   0.02700   0.02996   0.04577   2.00586   1.11526   0.01398   0.18376  
 15 247.8753   1221.100093  x:  0.00000   0.02304   0.00000   0.01092   0.00000   0.00000   0.00000   0.00000   0.00000   0.00000   0.00000   0.00068   0.00000   0.01081   0.01277   0.00000   0.00103   0.02158   0.01354   0.02473   0.00000   0.02259   0.01026   0.04968   0.00000   0.03716   0.03693   0.03676   0.02206   0.04673   2.01380   1.13680  -0.00727   0.08043  
 16 2536.2403   1216.989835  x:  0.00000   0.02467   0.00000   0.01043   0.00000   0.00000   0.00000   0.00000   0.00000   0.00000   0.00000   0.00047   0.00000   0.01103   0.01256   0.00000   0.00008   0.02114   0.01379   0.02511   0.00000   0.02221   0.01004   0.05105   0.00000   0.03824   0.03624   0.04197   0.01630   0.05056   2.01992   1.15333  -0.02359   0.00000  
 17 7491.3789   1216.280452  x:  0.00000   0.01889   0.00000   0.01122   0.00000   0.00000   0.00000   0.00000   0.00000   0.00000   0.00000   0.00057   0.00000   0.01071   0.01299   0.00000   0.00004   0.01957   0.01353   0.02632   0.00000   0.02409   0.01146   0.05289   0.00000   0.03669   0.03673   0.04044   0.02044   0.04636   2.01851   1.14953  -0.01986   0.00000  
 18 237.4051   1215.335743  x:  0.00000   0.00643   0.00000   0.01116   0.00000   0.00000   0.00000   0.00000   0.00000   0.00000   0.00000   0.00067   0.00000   0.01046   0.01274   0.00000   0.00005   0.01790   0.01361   0.02640   0.00000   0.02408   0.01299   0.05255   0.00000   0.03896   0.03517   0.04380   0.01941   0.04619   2.02023   1.15384  -0.02417   0.00000  
 19 187.7230   1213.494992  x:  0.00000   0.00345   0.00000   0.00820   0.00000   0.00000   0.00000   0.00000   0.00000   0.00000   0.00000   0.00046   0.00000   0.00914   0.00962   0.00000   0.00004   0.01514   0.01303   0.02084   0.00000   0.02487   0.01135   0.05114   0.00000   0.02373   0.04903   0.05153   0.02028   0.05651   2.04527   1.21320  -0.08350   0.00000  
 20 25.9010   1209.409391  x:  0.00000   0.00312   0.00000   0.00518   0.00000   0.00000   0.00000   0.00000   0.00000   0.00000   0.00000   0.00016   0.00000   0.00835   0.00675   0.00000   0.00004   0.00793   0.00493   0.02598   0.00000   0.02112   0.00993   0.04834   0.00000   0.02977   0.03881   0.03379   0.02328   0.06103   2.09857   1.33786  -0.20813   0.00000  
 21 268.1215   1208.599050  x:  0.00000   0.00248   0.00000   0.00487   0.00000   0.00000   0.00000   0.00000   0.00000   0.00000   0.00000   0.00007   0.00000   0.00842   0.00649   0.00000   0.00004   0.00862   0.00779   0.02553   0.00000   0.01961   0.00937   0.05063   0.00000   0.03105   0.03597   0.02870   0.02394   0.06233   2.11016   1.36476  -0.23503   0.00000  
 22 1444.7925   1207.622574  x:  0.00000   0.00279   0.00000   0.00459   0.00000   0.00000   0.00000   0.00000   0.00000   0.00000   0.00000   0.00008   0.00000   0.00768   0.00600   0.00000   0.00004   0.00906   0.00758   0.01569   0.00000   0.02922   0.00932   0.05029   0.00000   0.03045   0.02721   0.02487   0.02404   0.06331   2.12896   1.40322  -0.27336   0.00000  
 23 84.5959   1203.482314  x:  0.00000   0.00185   0.00000   0.00484   0.00000   0.00000   0.00000   0.00000   0.00000   0.00000   0.00000   0.00017   0.00000   0.00592   0.00537   0.00000   0.00002   0.01102   0.00941   0.01735   0.00000   0.02486   0.00950   0.05258   0.00000   0.03558   0.02988   0.00652   0.02168   0.06544   2.20110   1.54533  -0.41495   0.00000  
 24 270.4996   1202.851098  x:  0.00000   0.00198   0.00000   0.00465   0.00000   0.00000   0.00000   0.00000   0.00000   0.00000   0.00000   0.00021   0.00000   0.00493   0.00481   0.00000   0.00002   0.01137   0.01024   0.02113   0.00000   0.01924   0.00955   0.05270   0.00000   0.02980   0.02243   0.00763   0.02243   0.06655   2.21502   1.57161  -0.44112   0.00000  
 25 295.0989   1199.699006  x:  0.00000   0.00399   0.00000   0.00418   0.00000   0.00000   0.00000   0.00000   0.00000   0.00000   0.00000   0.00020   0.00000   0.00107   0.00376   0.00000   0.00004   0.01101   0.01103   0.02001   0.00000   0.01853   0.01007   0.05773   0.00000   0.02750   0.02789   0.00776   0.02263   0.05544   2.39579   1.68157  -0.55179   0.00000  
 26 10.1876   1199.503252  x:  0.00487   0.00400   0.00000   0.00418   0.00000   0.00000   0.00000   0.00000   0.00000   0.00000   0.00000   0.00020   0.00000   0.00114   0.00379   0.00000   0.00004   0.01102   0.01103   0.02000   0.00000   0.01850   0.01007   0.05774   0.00000   0.02748   0.02790   0.00779   0.02262   0.05540   2.39763   1.68290  -0.55314   0.00000  
 27 88.7406   1195.304321  x:  0.00000   0.00664   0.00000   0.00415   0.00000   0.00000   0.00000   0.00000   0.00000   0.00000   0.00000   0.00022   0.00000   0.00542   0.00597   0.00000   0.00007   0.01164   0.01205   0.01828   0.00000   0.01488   0.01034   0.06294   0.00000   0.02327   0.03359   0.00947   0.02297   0.04250   2.73113   1.90250  -0.77481   0.00000  
 28 80.3221   1193.219089  x:  0.00160   0.00624   0.00000   0.00524   0.00000   0.00000   0.00000   0.00000   0.00000   0.00000   0.00000   0.00027   0.00000   0.00632   0.00408   0.00000   0.00011   0.01725   0.01204   0.01744   0.00000   0.01279   0.00899   0.06457   0.00000   0.03170   0.03585   0.00756   0.03528   0.06275   3.20624   1.84212  -0.71320   0.00000  
 29  3.2758   1192.498335  x:  0.00248   0.00512   0.00000   0.00840   0.00000   0.00000   0.00000   0.00000   0.00000   0.00000   0.00000   0.00026   0.00000   0.00616   0.00523   0.00000   0.00013   0.01890   0.01117   0.02183   0.00000   0.01982   0.01001   0.05439   0.00000   0.02831   0.03506   0.00692   0.03623   0.06186   3.41999   1.88224  -0.75212   0.00000  
 30  2.6811   1192.125303  x:  0.00000   0.00437   0.00000   0.00725   0.00000   0.00000   0.00000   0.00000   0.00000   0.00000   0.00000   0.00028   0.00000   0.00591   0.00619   0.00000   0.00013   0.01932   0.01139   0.02086   0.00000   0.01951   0.00994   0.05294   0.00000   0.03013   0.03563   0.00962   0.03569   0.06136   3.50055   1.91522  -0.78512   0.00000  
 31  2.4092   1192.125303  x:  0.00000   0.00437   0.00000   0.00725   0.00000   0.00000   0.00000   0.00000   0.00000   0.00000   0.00000   0.00028   0.00000   0.00591   0.00619   0.00000   0.00013   0.01932   0.01139   0.02086   0.00000   0.01951   0.00994   0.05294   0.00000   0.03013   0.03563   0.00962   0.03569   0.06136   3.50055   1.91522  -0.78512   0.00000  
 32  2.0157   1187.506838  x:  0.00002   0.00440   0.00000   0.00720   0.00000   0.00000   0.00000   0.00000   0.00000   0.00000   0.00000   0.00335   0.00000   0.00589   0.00616   0.00000   0.00709   0.01930   0.01138   0.02081   0.00000   0.01948   0.00997   0.05292   0.00000   0.03011   0.03564   0.00964   0.03570   0.06134   3.50055   1.91523  -0.78512   0.00000  
 33 8453.0553   1187.130685  x:  0.00068   0.00553   0.00000   0.00549   0.00000   0.00000   0.00000   0.00000   0.00000   0.00000   0.00000   0.00695   0.00000   0.00520   0.00522   0.00000   0.00556   0.01824   0.01095   0.01932   0.00000   0.01835   0.01106   0.05243   0.00000   0.02940   0.03604   0.01030   0.03605   0.06081   3.50058   1.91529  -0.78518   0.00000  
 34 162.6837   1186.933162  x:  0.00075   0.00517   0.00000   0.00413   0.00000   0.00000   0.00000   0.00000   0.00000   0.00000   0.00000   0.00591   0.00000   0.00501   0.00486   0.00000   0.00600   0.01612   0.01031   0.01619   0.00000   0.01605   0.01249   0.05120   0.00000   0.02780   0.03694   0.01037   0.03681   0.05951   3.50065   1.91547  -0.78536   0.00000  
 35 78.7179   1186.887315  x:  0.00069   0.00531   0.00000   0.00527   0.00000   0.00000   0.00000   0.00000   0.00000   0.00000   0.00000   0.00603   0.00000   0.00513   0.00510   0.00000   0.00595   0.01546   0.01026   0.01517   0.00000   0.01534   0.01270   0.05051   0.00000   0.02706   0.03737   0.01031   0.03715   0.05878   3.50069   1.91558  -0.78548   0.00000  
 36 69.0096   1186.856569  x:  0.00043   0.00531   0.00000   0.00500   0.00000   0.00000   0.00000   0.00000   0.00000   0.00000   0.00000   0.00618   0.00000   0.00536   0.00540   0.00000   0.00589   0.01560   0.01080   0.01522   0.00000   0.01551   0.01189   0.04883   0.00000   0.02583   0.03815   0.01005   0.03772   0.05699   3.50083   1.91595  -0.78584   0.00000  
 37 24.2523   1186.846711  x:  0.00066   0.00528   0.00000   0.00513   0.00000   0.00000   0.00000   0.00000   0.00000   0.00000   0.00000   0.00607   0.00000   0.00508   0.00502   0.00000   0.00594   0.01575   0.01070   0.01544   0.00000   0.01568   0.01185   0.04811   0.00000   0.02554   0.03842   0.01028   0.03790   0.05616   3.50091   1.91618  -0.78607   0.00000  
 38 28.3312   1186.841966  x:  0.00068   0.00532   0.00000   0.00511   0.00000   0.00000   0.00000   0.00000   0.00000   0.00000   0.00000   0.00606   0.00000   0.00520   0.00520   0.00000   0.00594   0.01586   0.01035   0.01568   0.00000   0.01579   0.01226   0.04765   0.00000   0.02571   0.03849   0.01030   0.03792   0.05553   3.50102   1.91648  -0.78637   0.00000  
 39 13.7077   1186.839902  x:  0.00052   0.00526   0.00000   0.00514   0.00000   0.00000   0.00000   0.00000   0.00000   0.00000   0.00000   0.00609   0.00000   0.00514   0.00509   0.00000   0.00593   0.01584   0.01045   0.01568   0.00000   0.01576   0.01239   0.04747   0.00000   0.02603   0.03842   0.01014   0.03783   0.05518   3.50114   1.91681  -0.78670   0.00000  
 40  8.5580   1186.837208  x:  0.00066   0.00531   0.00000   0.00511   0.00000   0.00000   0.00000   0.00000   0.00000   0.00000   0.00000   0.00606   0.00000   0.00516   0.00516   0.00000   0.00594   0.01577   0.01068   0.01556   0.00000   0.01569   0.01230   0.04730   0.00000   0.02648   0.03823   0.01028   0.03764   0.05474   3.50139   1.91750  -0.78740   0.00000  
 41 11.6939   1186.831218  x:  0.00062   0.00527   0.00000   0.00509   0.00000   0.00000   0.00000   0.00000   0.00000   0.00000   0.00000   0.00610   0.00000   0.00523   0.00508   0.00000   0.00592   0.01569   0.01019   0.01535   0.00000   0.01562   0.01176   0.04734   0.00000   0.02664   0.03778   0.01024   0.03732   0.05424   3.50217   1.91970  -0.78959   0.00000  
 42 11.1068   1186.805471  x:  0.00054   0.00544   0.00000   0.00505   0.00000   0.00000   0.00000   0.00000   0.00000   0.00000   0.00000   0.00604   0.00000   0.00451   0.00550   0.00000   0.00595   0.01567   0.01018   0.01536   0.00000   0.01562   0.01187   0.04795   0.00000   0.02580   0.03655   0.01015   0.03660   0.05321   3.50583   1.92993  -0.79982   0.00000  
 43 39.5702   1186.759970  x:  0.00061   0.00530   0.00000   0.00508   0.00000   0.00000   0.00000   0.00000   0.00000   0.00000   0.00000   0.00604   0.00000   0.00527   0.00501   0.00000   0.00594   0.01568   0.01060   0.01548   0.00000   0.01562   0.01242   0.04891   0.00000   0.02441   0.03491   0.01023   0.03568   0.05178   3.51254   1.94871  -0.81860   0.00000  
 44 344.9474   1186.514247  x:  0.00077   0.00355   0.00000   0.00506   0.00000   0.00000   0.00000   0.00000   0.00000   0.00000   0.00000   0.00645   0.00000   0.00495   0.00535   0.00000   0.00576   0.01537   0.01036   0.01537   0.00000   0.01511   0.01203   0.04968   0.00000   0.02505   0.03742   0.01038   0.03714   0.05108   3.54811   2.04802  -0.91791   0.00000  
 45 206.0358   1186.389839  x:  0.00045   0.00529   0.00000   0.00493   0.00000   0.00000   0.00000   0.00000   0.00000   0.00000   0.00000   0.00597   0.00000   0.00504   0.00491   0.00000   0.00597   0.01522   0.01016   0.01522   0.00000   0.01493   0.01172   0.04972   0.00000   0.02554   0.03890   0.01006   0.03796   0.05101   3.56827   2.10426  -0.97415   0.00000  
 46 2400.0150   1186.341841  x:  0.00044   0.00524   0.00000   0.00490   0.00000   0.00000   0.00000   0.00000   0.00000   0.00000   0.00000   0.00597   0.00000   0.00501   0.00490   0.00000   0.00597   0.01530   0.01012   0.01439   0.00000   0.01572   0.01193   0.04626   0.00000   0.02529   0.03771   0.01005   0.03685   0.05330   3.57554   2.12407  -0.99396   0.00000  
 47 113.9114   1186.336651  x:  0.00043   0.00524   0.00000   0.00489   0.00000   0.00000   0.00000   0.00000   0.00000   0.00000   0.00000   0.00597   0.00000   0.00501   0.00490   0.00000   0.00596   0.01515   0.01011   0.01487   0.00000   0.01510   0.01186   0.04572   0.00000   0.02522   0.03747   0.01004   0.03669   0.05365   3.57639   2.12621  -0.99610   0.00000  
 48 37.6352   1186.274760  x:  0.00043   0.00524   0.00000   0.00489   0.00000   0.00000   0.00000   0.00000   0.00000   0.00000   0.00000   0.00597   0.00000   0.00501   0.00490   0.00000   0.00596   0.01515   0.01011   0.01493   0.00000   0.01501   0.01185   0.04564   0.00000   0.02522   0.03743   0.01004   0.03669   0.05370   3.57656   2.12649  -0.99639   0.00337  
 49 40.4663   1186.274558  x:  0.00043   0.00524   0.00000   0.00489   0.00000   0.00000   0.00000   0.00000   0.00000   0.00000   0.00000   0.00597   0.00000   0.00501   0.00490   0.00000   0.00596   0.01523   0.01011   0.01490   0.00000   0.01497   0.01185   0.04563   0.00000   0.02524   0.03728   0.01004   0.03689   0.05371   3.57680   2.12653  -0.99642   0.00338  
 50  1.1270   1186.274323  x:  0.00043   0.00524   0.00000   0.00490   0.00000   0.00000   0.00000   0.00000   0.00000   0.00000   0.00000   0.00597   0.00000   0.00501   0.00490   0.00000   0.00596   0.01509   0.01011   0.01494   0.00000   0.01505   0.01184   0.04562   0.00000   0.02525   0.03720   0.01004   0.03703   0.05371   3.57728   2.12656  -0.99645   0.00338  
 51  1.7926   1185.938392  x:  0.00045   0.00508   0.00000   0.00506   0.00000   0.00000   0.00000   0.00000   0.00000   0.00000   0.00000   0.00540   0.00000   0.00503   0.00507   0.00000   0.00615   0.01559   0.01022   0.01539   0.00000   0.01542   0.01155   0.04662   0.00000   0.02550   0.03680   0.00995   0.03623   0.05400   4.51794   2.18969  -1.05958   0.00583  
 52  4.3204   1185.867167  x:  0.00054   0.00488   0.00000   0.00501   0.00000   0.00000   0.00000   0.00000   0.00000   0.00000   0.00000   0.00539   0.00000   0.00506   0.00496   0.00000   0.00601   0.01499   0.01011   0.01482   0.00000   0.01498   0.01177   0.04555   0.00000   0.02498   0.03718   0.00973   0.03692   0.05318   4.44843   2.34629  -1.21617   0.01032  
 53  0.0663   1185.856780  x:  0.00057   0.00496   0.00000   0.00506   0.00000   0.00000   0.00000   0.00000   0.00000   0.00000   0.00000   0.00545   0.00000   0.00504   0.00505   0.00000   0.00593   0.01547   0.01020   0.01527   0.00000   0.01538   0.01157   0.04650   0.00000   0.02539   0.03689   0.00980   0.03636   0.05365   4.41503   2.36729  -1.23716   0.01039  
 54  0.0364   1185.853917  x:  0.00048   0.00500   0.00000   0.00501   0.00000   0.00000   0.00000   0.00000   0.00000   0.00000   0.00000   0.00529   0.00000   0.00503   0.00502   0.00000   0.00590   0.01538   0.01017   0.01514   0.00000   0.01525   0.01163   0.04631   0.00000   0.02524   0.03689   0.00984   0.03628   0.05346   4.40844   2.38118  -1.25103   0.01006  
 55  0.0097   1185.848355  x:  0.00018   0.00497   0.00000   0.00509   0.00000   0.00000   0.00000   0.00000   0.00000   0.00000   0.00000   0.00540   0.00000   0.00507   0.00504   0.00000   0.00548   0.01528   0.01020   0.01514   0.00000   0.01527   0.01162   0.04609   0.00000   0.02528   0.03705   0.01014   0.03683   0.05360   4.44065   2.40495  -1.27469   0.01065  
 56  0.0075   1185.844050  x:  0.00000   0.00497   0.00000   0.00507   0.00000   0.00000   0.00000   0.00000   0.00000   0.00000   0.00000   0.00528   0.00000   0.00506   0.00503   0.00000   0.00535   0.01531   0.01019   0.01515   0.00000   0.01528   0.01162   0.04618   0.00000   0.02530   0.03700   0.01033   0.03667   0.05359   4.44473   2.39842  -1.26811   0.01055  
 57  0.0110   1185.844033  x:  0.00000   0.00497   0.00000   0.00507   0.00000   0.00000   0.00000   0.00000   0.00000   0.00000   0.00000   0.00528   0.00000   0.00506   0.00503   0.00000   0.00535   0.01531   0.01019   0.01515   0.00000   0.01528   0.01162   0.04618   0.00000   0.02530   0.03700   0.01029   0.03667   0.05359   4.44475   2.39839  -1.26808   0.01055  
 58  0.5360   1185.843970  x:  0.00029   0.00497   0.00000   0.00507   0.00000   0.00000   0.00000   0.00000   0.00000   0.00000   0.00000   0.00528   0.00000   0.00506   0.00503   0.00000   0.00535   0.01531   0.01019   0.01515   0.00000   0.01528   0.01162   0.04618   0.00000   0.02530   0.03700   0.00992   0.03666   0.05359   4.44488   2.39809  -1.26777   0.01054  
 59  0.8938   1185.838899  x:  0.00026   0.00497   0.00000   0.00503   0.00000   0.00000   0.00000   0.00000   0.00000   0.00000   0.00000   0.00502   0.00000   0.00503   0.00503   0.00000   0.00503   0.01539   0.01018   0.01517   0.00000   0.01529   0.01161   0.04632   0.00000   0.02528   0.03690   0.01008   0.03636   0.05353   4.43118   2.37322  -1.24277   0.01014  
 60  0.0447   1185.838846  x:  0.00023   0.00498   0.00000   0.00504   0.00000   0.00000   0.00000   0.00000   0.00000   0.00000   0.00000   0.00504   0.00000   0.00504   0.00503   0.00000   0.00504   0.01538   0.01018   0.01517   0.00000   0.01528   0.01161   0.04632   0.00000   0.02528   0.03691   0.01011   0.03638   0.05353   4.41944   2.37159  -1.24113   0.01011  
 61  0.0094   1185.838845  x:  0.00024   0.00498   0.00000   0.00504   0.00000   0.00000   0.00000   0.00000   0.00000   0.00000   0.00000   0.00503   0.00000   0.00504   0.00503   0.00000   0.00503   0.01538   0.01018   0.01517   0.00000   0.01528   0.01161   0.04631   0.00000   0.02528   0.03691   0.01010   0.03639   0.05353   4.41876   2.37198  -1.24150   0.01012  
 62  0.0009   1185.838845  x:  0.00024   0.00498   0.00000   0.00504   0.00000   0.00000   0.00000   0.00000   0.00000   0.00000   0.00000   0.00503   0.00000   0.00504   0.00503   0.00000   0.00503   0.01538   0.01018   0.01517   0.00000   0.01528   0.01161   0.04631   0.00000   0.02528   0.03691   0.01010   0.03639   0.05353   4.41876   2.37198  -1.24150   0.01012  