Supplemental results for CODEML (seqf: /Users/YY/Desktop/get/branch_site/modify/modify_trim_muscle_atpI.fa  treef: /Users/YY/Desktop/get/branch_site/16gene_topu.tree)


dN/dS (w) for site classes (K=4)

site class             0        1       2a       2b
proportion       0.76584  0.08691  0.13224  0.01501
background w     0.04349  1.00000  0.04349  1.00000
foreground w     0.04349  1.00000  2.57506  2.57506

Naive Empirical Bayes (NEB) probabilities for 4 classes
(amino acids refer to 1st sequence: NC_029391)

   1 M   0.80682 0.04594 0.13931 0.00793 ( 1)
   2 N   0.80621 0.04655 0.13920 0.00804 ( 1)
   3 V   0.81368 0.03908 0.14049 0.00675 ( 1)
   4 L   0.78859 0.06416 0.13616 0.01108 ( 1)
   5 S   0.78540 0.06736 0.13561 0.01163 ( 1)
   6 C   0.79901 0.05374 0.13796 0.00928 ( 1)
   7 S   0.29984 0.55292 0.05177 0.09547 ( 2)
   8 I   0.30277 0.54999 0.05228 0.09496 ( 2)
   9 N   0.78626 0.06650 0.13576 0.01148 ( 1)
  10 T   0.33754 0.51521 0.05828 0.08896 ( 2)
  11 L   0.78859 0.06416 0.13616 0.01108 ( 1)
  12 K   0.02502 0.82774 0.00432 0.14292 ( 2)
  13 G   0.27113 0.58162 0.04682 0.10043 ( 2)
  14 L   0.79552 0.05723 0.13736 0.00988 ( 1)
  15 Y   0.78050 0.07226 0.13477 0.01248 ( 1)
  16 D   0.80762 0.04514 0.13945 0.00779 ( 1)
  17 I   0.81540 0.03736 0.14079 0.00645 ( 1)
  18 S   0.80687 0.04589 0.13932 0.00792 ( 1)
  19 G   0.80324 0.04952 0.13869 0.00855 ( 1)
  20 V   0.78822 0.06453 0.13610 0.01114 ( 1)
  21 E   0.79916 0.05360 0.13799 0.00926 ( 1)
  22 V   0.80466 0.04810 0.13894 0.00830 ( 1)
  23 G   0.78217 0.07059 0.13505 0.01219 ( 1)
  24 Q   0.78737 0.06538 0.13595 0.01129 ( 1)
  25 H   0.80108 0.05168 0.13832 0.00892 ( 1)
  26 F   0.79227 0.06048 0.13680 0.01044 ( 1)
  27 Y   0.79996 0.05280 0.13812 0.00912 ( 1)
  28 W   0.77754 0.07522 0.13426 0.01299 ( 1)
  29 K   0.79757 0.05519 0.13771 0.00953 ( 1)
  30 I   0.80981 0.04294 0.13983 0.00742 ( 1)
  31 G   0.79394 0.05881 0.13709 0.01016 ( 1)
  32 G   0.35305 0.49971 0.06096 0.08628 ( 2)
  33 F   0.79999 0.05277 0.13813 0.00911 ( 1)
  34 Q   0.78737 0.06538 0.13595 0.01129 ( 1)
  35 V   0.78814 0.06462 0.13608 0.01116 ( 1)
  36 H   0.78293 0.06982 0.13519 0.01206 ( 1)
  37 G   0.78312 0.06964 0.13522 0.01202 ( 1)
  38 Q   0.78737 0.06538 0.13595 0.01129 ( 1)
  39 V   0.80455 0.04821 0.13892 0.00832 ( 1)
  40 L   0.81016 0.04260 0.13989 0.00736 ( 1)
  41 I   0.81495 0.03780 0.14071 0.00653 ( 1)
  42 T   0.81014 0.04262 0.13988 0.00736 ( 1)
  43 S   0.80687 0.04589 0.13932 0.00792 ( 1)
  44 W   0.77754 0.07522 0.13426 0.01299 ( 1)
  45 V   0.40359 0.44917 0.06968 0.07756 ( 2)
  46 V   0.80466 0.04810 0.13894 0.00830 ( 1)
  47 I   0.81540 0.03736 0.14079 0.00645 ( 1)
  48 A   0.39372 0.45903 0.06798 0.07926 ( 2)
  49 I   0.79046 0.06229 0.13649 0.01076 ( 1)
  50 L   0.79552 0.05723 0.13736 0.00988 ( 1)
  51 L   0.78829 0.06447 0.13611 0.01113 ( 1)
  52 G   0.80324 0.04952 0.13869 0.00855 ( 1)
  53 S   0.79491 0.05785 0.13725 0.00999 ( 1)
  54 A   0.81201 0.04075 0.14021 0.00704 ( 1)
  55 T   0.81014 0.04262 0.13988 0.00736 ( 1)
  56 L   0.78859 0.06416 0.13616 0.01108 ( 1)
  57 T   0.39376 0.45900 0.06799 0.07925 ( 2)
  58 V   0.81368 0.03908 0.14049 0.00675 ( 1)
  59 R   0.77600 0.07676 0.13399 0.01325 ( 1)
  60 N   0.78626 0.06650 0.13576 0.01148 ( 1)
  61 P   0.79639 0.05637 0.13751 0.00973 ( 1)
  62 Q   0.78737 0.06538 0.13595 0.01129 ( 1)
  63 T   0.78804 0.06472 0.13607 0.01117 ( 1)
  64 I   0.81540 0.03736 0.14079 0.00645 ( 1)
  65 P   0.78236 0.07040 0.13509 0.01216 ( 1)
  66 T   0.79723 0.05553 0.13765 0.00959 ( 1)
  67 G   0.01972 0.83303 0.00341 0.14384 ( 2)
  68 G   0.80324 0.04952 0.13869 0.00855 ( 1)
  69 Q   0.77835 0.07441 0.13439 0.01285 ( 1)
  70 N   0.80621 0.04655 0.13920 0.00804 ( 1)
  71 F   0.30995 0.54281 0.05352 0.09372 ( 2)
  72 F   0.79227 0.06048 0.13680 0.01044 ( 1)
  73 E   0.79916 0.05360 0.13799 0.00926 ( 1)
  74 Y   0.79996 0.05280 0.13812 0.00912 ( 1)
  75 V   0.80466 0.04810 0.13894 0.00830 ( 1)
  76 L   0.81016 0.04260 0.13989 0.00736 ( 1)
  77 E   0.79916 0.05360 0.13799 0.00926 ( 1)
  78 F   0.79227 0.06048 0.13680 0.01044 ( 1)
  79 I   0.81540 0.03736 0.14079 0.00645 ( 1)
  80 R   0.78195 0.07081 0.13502 0.01223 ( 1)
  81 D   0.80762 0.04514 0.13945 0.00779 ( 1)
  82 V   0.78573 0.06702 0.13567 0.01157 ( 1)
  83 S   0.80295 0.04981 0.13864 0.00860 ( 1)
  84 K   0.79757 0.05519 0.13771 0.00953 ( 1)
  85 T   0.81014 0.04262 0.13988 0.00736 ( 1)
  86 Q   0.78737 0.06538 0.13595 0.01129 ( 1)
  87 I   0.81540 0.03736 0.14079 0.00645 ( 1)
  88 G   0.79394 0.05881 0.13709 0.01016 ( 1)
  89 E   0.79916 0.05360 0.13799 0.00926 ( 1)
  90 E   0.79916 0.05360 0.13799 0.00926 ( 1)
  91 Y   0.79877 0.05398 0.13792 0.00932 ( 1)
  92 G   0.78427 0.06849 0.13542 0.01183 ( 1)
  93 P   0.78277 0.06999 0.13516 0.01208 ( 1)
  94 W   0.77754 0.07522 0.13426 0.01299 ( 1)
  95 V   0.81368 0.03908 0.14049 0.00675 ( 1)
  96 P   0.80438 0.04838 0.13889 0.00835 ( 1)
  97 F   0.81395 0.03881 0.14054 0.00670 ( 1)
  98 I   0.81540 0.03736 0.14079 0.00645 ( 1)
  99 G   0.79394 0.05881 0.13709 0.01016 ( 1)
 100 T   0.80347 0.04929 0.13873 0.00851 ( 1)
 101 M   0.80682 0.04594 0.13931 0.00793 ( 1)
 102 F   0.81395 0.03881 0.14054 0.00670 ( 1)
 103 L   0.78859 0.06416 0.13616 0.01108 ( 1)
 104 F   0.81395 0.03881 0.14054 0.00670 ( 1)
 105 I   0.81540 0.03736 0.14079 0.00645 ( 1)
 106 F   0.81395 0.03881 0.14054 0.00670 ( 1)
 107 V   0.81368 0.03908 0.14049 0.00675 ( 1)
 108 S   0.80609 0.04667 0.13918 0.00806 ( 1)
 109 N   0.80621 0.04655 0.13920 0.00804 ( 1)
 110 W   0.77754 0.07522 0.13426 0.01299 ( 1)
 111 S   0.79491 0.05785 0.13725 0.00999 ( 1)
 112 G   0.79394 0.05881 0.13709 0.01016 ( 1)
 113 A   0.78476 0.06800 0.13550 0.01174 ( 1)
 114 L   0.81016 0.04260 0.13989 0.00736 ( 1)
 115 L   0.79552 0.05723 0.13736 0.00988 ( 1)
 116 P   0.80438 0.04838 0.13889 0.00835 ( 1)
 117 W   0.77754 0.07522 0.13426 0.01299 ( 1)
 118 K   0.79757 0.05519 0.13771 0.00953 ( 1)
 119 I   0.79123 0.06153 0.13662 0.01062 ( 1)
 120 I   0.80978 0.04298 0.13982 0.00742 ( 1)
 121 Q   0.78737 0.06538 0.13595 0.01129 ( 1)
 122 L   0.79552 0.05723 0.13736 0.00988 ( 1)
 123 P   0.80438 0.04838 0.13889 0.00835 ( 1)
 124 H   0.80108 0.05168 0.13832 0.00892 ( 1)
 125 G   0.78033 0.07242 0.13474 0.01250 ( 1)
 126 E   0.78591 0.06685 0.13570 0.01154 ( 1)
 127 L   0.79552 0.05723 0.13736 0.00988 ( 1)
 128 A   0.78707 0.06569 0.13590 0.01134 ( 1)
 129 A   0.80211 0.05065 0.13850 0.00875 ( 1)
 130 P   0.78277 0.06999 0.13516 0.01208 ( 1)
 131 T   0.78376 0.06900 0.13533 0.01191 ( 1)
 132 N   0.80621 0.04655 0.13920 0.00804 ( 1)
 133 D   0.80762 0.04514 0.13945 0.00779 ( 1)
 134 I   0.80985 0.04291 0.13983 0.00741 ( 1)
 135 N   0.80621 0.04655 0.13920 0.00804 ( 1)
 136 T   0.81014 0.04262 0.13988 0.00736 ( 1)
 137 T   0.81014 0.04262 0.13988 0.00736 ( 1)
 138 V   0.81368 0.03908 0.14049 0.00675 ( 1)
 139 A   0.81201 0.04075 0.14021 0.00704 ( 1)
 140 L   0.78626 0.06650 0.13576 0.01148 ( 1)
 141 A   0.81201 0.04075 0.14021 0.00704 ( 1)
 142 L   0.79552 0.05723 0.13736 0.00988 ( 1)
 143 L   0.78599 0.06677 0.13571 0.01153 ( 1)
 144 T   0.78376 0.06900 0.13533 0.01191 ( 1)
 145 S   0.79491 0.05785 0.13725 0.00999 ( 1)
 146 V   0.28786 0.56490 0.04970 0.09754 ( 2)
 147 A   0.80311 0.04965 0.13867 0.00857 ( 1)
 148 Y   0.79996 0.05280 0.13812 0.00912 ( 1)
 149 F   0.79265 0.06011 0.13686 0.01038 ( 1)
 150 Y   0.79983 0.05293 0.13810 0.00914 ( 1)
 151 A   0.78476 0.06800 0.13550 0.01174 ( 1)
 152 G   0.80324 0.04952 0.13869 0.00855 ( 1)
 153 L   0.37548 0.47728 0.06483 0.08241 ( 2)
 154 T   0.28483 0.56793 0.04918 0.09806 ( 2)
 155 K   0.79757 0.05519 0.13771 0.00953 ( 1)
 156 K   0.28711 0.56565 0.04957 0.09767 ( 2)
 157 G   0.79394 0.05881 0.13709 0.01016 ( 1)
 158 L   0.29566 0.55710 0.05105 0.09619 ( 2)
 159 G   0.80276 0.05000 0.13861 0.00863 ( 1)
 160 Y   0.79996 0.05280 0.13812 0.00912 ( 1)
 161 F   0.79227 0.06048 0.13680 0.01044 ( 1)
 162 G   0.78162 0.07114 0.13496 0.01228 ( 1)
 163 K   0.79757 0.05519 0.13771 0.00953 ( 1)
 164 Y   0.79996 0.05280 0.13812 0.00912 ( 1)
 165 I   0.81540 0.03736 0.14079 0.00645 ( 1)
 166 Q   0.78737 0.06538 0.13595 0.01129 ( 1)
 167 P   0.79639 0.05637 0.13751 0.00973 ( 1)
 168 T   0.78596 0.06679 0.13571 0.01153 ( 1)
 169 P   0.79639 0.05637 0.13751 0.00973 ( 1)
 170 I   0.79046 0.06229 0.13649 0.01076 ( 1)
 171 L   0.81016 0.04260 0.13989 0.00736 ( 1)
 172 L   0.79552 0.05723 0.13736 0.00988 ( 1)
 173 P   0.78274 0.07001 0.13515 0.01209 ( 1)
 174 I   0.81540 0.03736 0.14079 0.00645 ( 1)
 175 N   0.78626 0.06650 0.13576 0.01148 ( 1)
 176 I   0.79046 0.06229 0.13649 0.01076 ( 1)
 177 L   0.79552 0.05723 0.13736 0.00988 ( 1)
 178 E   0.79916 0.05360 0.13799 0.00926 ( 1)
 179 D   0.80762 0.04514 0.13945 0.00779 ( 1)
 180 F   0.79227 0.06048 0.13680 0.01044 ( 1)
 181 T   0.80143 0.05133 0.13838 0.00886 ( 1)
 182 K   0.78557 0.06719 0.13564 0.01160 ( 1)
 183 P   0.80352 0.04924 0.13874 0.00850 ( 1)
 184 L   0.79552 0.05723 0.13736 0.00988 ( 1)
 185 S   0.79289 0.05987 0.13690 0.01034 ( 1)
 186 L   0.80845 0.04431 0.13959 0.00765 ( 1)
 187 S   0.80295 0.04981 0.13864 0.00860 ( 1)
 188 F   0.81395 0.03881 0.14054 0.00670 ( 1)
 189 R   0.78195 0.07081 0.13502 0.01223 ( 1)
 190 L   0.81016 0.04260 0.13989 0.00736 ( 1)
 191 F   0.79227 0.06048 0.13680 0.01044 ( 1)
 192 G   0.79394 0.05881 0.13709 0.01016 ( 1)
 193 N   0.80621 0.04655 0.13920 0.00804 ( 1)
 194 I   0.80978 0.04298 0.13982 0.00742 ( 1)
 195 L   0.79552 0.05723 0.13736 0.00988 ( 1)
 196 A   0.81186 0.04090 0.14018 0.00706 ( 1)
 197 D   0.80762 0.04514 0.13945 0.00779 ( 1)
 198 E   0.79884 0.05392 0.13793 0.00931 ( 1)
 199 L   0.79520 0.05756 0.13730 0.00994 ( 1)
 200 V   0.80466 0.04810 0.13894 0.00830 ( 1)
 201 V   0.81368 0.03908 0.14049 0.00675 ( 1)
 202 V   0.81368 0.03908 0.14049 0.00675 ( 1)
 203 V   0.81368 0.03908 0.14049 0.00675 ( 1)
 204 L   0.81016 0.04260 0.13989 0.00736 ( 1)
 205 V   0.81368 0.03908 0.14049 0.00675 ( 1)
 206 S   0.80687 0.04589 0.13932 0.00792 ( 1)
 207 L   0.79552 0.05723 0.13736 0.00988 ( 1)
 208 V   0.80403 0.04873 0.13883 0.00841 ( 1)
 209 P   0.80438 0.04838 0.13889 0.00835 ( 1)
 210 L   0.79552 0.05723 0.13736 0.00988 ( 1)
 211 V   0.78608 0.06668 0.13573 0.01151 ( 1)
 212 V   0.81368 0.03908 0.14049 0.00675 ( 1)
 213 P   0.80438 0.04838 0.13889 0.00835 ( 1)
 214 I   0.80978 0.04298 0.13982 0.00742 ( 1)
 215 P   0.80438 0.04838 0.13889 0.00835 ( 1)
 216 V   0.78814 0.06462 0.13608 0.01116 ( 1)
 217 M   0.80682 0.04594 0.13931 0.00793 ( 1)
 218 F   0.79227 0.06048 0.13680 0.01044 ( 1)
 219 L   0.81016 0.04260 0.13989 0.00736 ( 1)
 220 G   0.79394 0.05881 0.13709 0.01016 ( 1)
 221 L   0.79552 0.05723 0.13736 0.00988 ( 1)
 222 F   0.81395 0.03881 0.14054 0.00670 ( 1)
 223 T   0.80143 0.05133 0.13838 0.00886 ( 1)
 224 S   0.80295 0.04981 0.13864 0.00860 ( 1)
 225 G   0.80324 0.04952 0.13869 0.00855 ( 1)
 226 I   0.81540 0.03736 0.14079 0.00645 ( 1)
 227 Q   0.78737 0.06538 0.13595 0.01129 ( 1)
 228 A   0.81201 0.04075 0.14021 0.00704 ( 1)
 229 L   0.77871 0.07405 0.13446 0.01279 ( 1)
 230 I   0.81540 0.03736 0.14079 0.00645 ( 1)
 231 F   0.81395 0.03881 0.14054 0.00670 ( 1)
 232 A   0.80311 0.04965 0.13867 0.00857 ( 1)
 233 T   0.81014 0.04262 0.13988 0.00736 ( 1)
 234 L   0.79552 0.05723 0.13736 0.00988 ( 1)
 235 A   0.78802 0.06474 0.13606 0.01118 ( 1)
 236 A   0.78476 0.06800 0.13550 0.01174 ( 1)
 237 A   0.81201 0.04075 0.14021 0.00704 ( 1)
 238 Y   0.79996 0.05280 0.13812 0.00912 ( 1)
 239 I   0.80978 0.04298 0.13982 0.00742 ( 1)
 240 G   0.78608 0.06668 0.13573 0.01151 ( 1)
 241 E   0.79916 0.05360 0.13799 0.00926 ( 1)
 242 S   0.78413 0.06863 0.13539 0.01185 ( 1)
 243 M   0.80682 0.04594 0.13931 0.00793 ( 1)
 244 E   0.78591 0.06685 0.13570 0.01154 ( 1)
 245 G   0.78427 0.06849 0.13542 0.01183 ( 1)
 246 H   0.80108 0.05168 0.13832 0.00892 ( 1)
 247 H   0.80108 0.05168 0.13832 0.00892 ( 1)


lnL = -1396.934086

Bayes Empirical Bayes (BEB) probabilities for 4 classes (class)
(amino acids refer to 1st sequence: NC_029391)

   1 M   0.62257 0.03318 0.32562 0.01862 ( 1)
   2 N   0.62214 0.03361 0.32538 0.01887 ( 1)
   3 V   0.62744 0.02831 0.32835 0.01589 ( 1)
   4 L   0.60973 0.04602 0.31841 0.02584 ( 1)
   5 S   0.60749 0.04826 0.31716 0.02709 ( 1)
   6 C   0.61706 0.03869 0.32253 0.02172 ( 1)
   7 S   0.29475 0.36100 0.14385 0.20039 ( 2)
   8 I   0.29694 0.35881 0.14503 0.19922 ( 2)
   9 N   0.60810 0.04765 0.31750 0.02675 ( 1)
  10 T   0.32256 0.33319 0.15876 0.18549 ( 2)
  11 L   0.60973 0.04602 0.31841 0.02584 ( 1)
  12 K   0.05230 0.60345 0.02089 0.32336 ( 2)
  13 G   0.27291 0.38284 0.13225 0.21200 ( 2)
  14 L   0.61460 0.04115 0.32115 0.02310 ( 1)
  15 Y   0.60406 0.05169 0.31523 0.02902 ( 1)
  16 D   0.62314 0.03261 0.32594 0.01831 ( 1)
  17 I   0.62866 0.02709 0.32904 0.01520 ( 1)
  18 S   0.62261 0.03314 0.32564 0.01860 ( 1)
  19 G   0.62004 0.03571 0.32420 0.02005 ( 1)
  20 V   0.60947 0.04628 0.31827 0.02598 ( 1)
  21 E   0.61716 0.03859 0.32258 0.02167 ( 1)
  22 V   0.62105 0.03471 0.32476 0.01948 ( 1)
  23 G   0.60523 0.05052 0.31589 0.02836 ( 1)
  24 Q   0.60888 0.04687 0.31793 0.02632 ( 1)
  25 H   0.61852 0.03724 0.32334 0.02090 ( 1)
  26 F   0.61231 0.04344 0.31986 0.02438 ( 1)
  27 Y   0.61772 0.03803 0.32290 0.02135 ( 1)
  28 W   0.60199 0.05375 0.31407 0.03018 ( 1)
  29 K   0.61604 0.03971 0.32196 0.02229 ( 1)
  30 I   0.62469 0.03106 0.32681 0.01743 ( 1)
  31 G   0.61349 0.04226 0.32052 0.02373 ( 1)
  32 G   0.33374 0.32202 0.16479 0.17946 ( 1)
  33 F   0.61775 0.03800 0.32291 0.02133 ( 1)
  34 Q   0.60888 0.04687 0.31793 0.02632 ( 1)
  35 V   0.60941 0.04634 0.31824 0.02601 ( 1)
  36 H   0.60576 0.04998 0.31619 0.02806 ( 1)
  37 G   0.60589 0.04985 0.31626 0.02799 ( 1)
  38 Q   0.60888 0.04687 0.31793 0.02632 ( 1)
  39 V   0.62097 0.03479 0.32472 0.01953 ( 1)
  40 L   0.62494 0.03082 0.32695 0.01730 ( 1)
  41 I   0.62834 0.02741 0.32886 0.01538 ( 1)
  42 T   0.62493 0.03083 0.32694 0.01730 ( 1)
  43 S   0.62261 0.03314 0.32564 0.01860 ( 1)
  44 W   0.60199 0.05375 0.31407 0.03018 ( 1)
  45 V   0.36928 0.28648 0.18408 0.16016 ( 1)
  46 V   0.62105 0.03471 0.32476 0.01948 ( 1)
  47 I   0.62866 0.02709 0.32904 0.01520 ( 1)
  48 A   0.36245 0.29331 0.18036 0.16389 ( 1)
  49 I   0.61104 0.04471 0.31915 0.02510 ( 1)
  50 L   0.61460 0.04115 0.32115 0.02310 ( 1)
  51 L   0.60951 0.04624 0.31829 0.02596 ( 1)
  52 G   0.62004 0.03571 0.32420 0.02005 ( 1)
  53 S   0.61417 0.04158 0.32091 0.02334 ( 1)
  54 A   0.62626 0.02950 0.32769 0.01656 ( 1)
  55 T   0.62493 0.03083 0.32694 0.01730 ( 1)
  56 L   0.60973 0.04602 0.31841 0.02584 ( 1)
  57 T   0.36247 0.29328 0.18037 0.16387 ( 1)
  58 V   0.62744 0.02831 0.32835 0.01589 ( 1)
  59 R   0.60092 0.05483 0.31347 0.03078 ( 1)
  60 N   0.60810 0.04765 0.31750 0.02675 ( 1)
  61 P   0.61521 0.04054 0.32149 0.02276 ( 1)
  62 Q   0.60888 0.04687 0.31793 0.02632 ( 1)
  63 T   0.60934 0.04641 0.31820 0.02605 ( 1)
  64 I   0.62866 0.02709 0.32904 0.01520 ( 1)
  65 P   0.60536 0.05039 0.31596 0.02829 ( 1)
  66 T   0.61580 0.03995 0.32182 0.02243 ( 1)
  67 G   0.04363 0.61213 0.01711 0.32714 ( 2)
  68 G   0.62004 0.03571 0.32420 0.02005 ( 1)
  69 Q   0.60256 0.05319 0.31439 0.02986 ( 1)
  70 N   0.62214 0.03361 0.32538 0.01887 ( 1)
  71 F   0.30230 0.35345 0.14789 0.19636 ( 2)
  72 F   0.61231 0.04344 0.31986 0.02438 ( 1)
  73 E   0.61716 0.03859 0.32258 0.02167 ( 1)
  74 Y   0.61772 0.03803 0.32290 0.02135 ( 1)
  75 V   0.62105 0.03471 0.32476 0.01948 ( 1)
  76 L   0.62494 0.03082 0.32695 0.01730 ( 1)
  77 E   0.61716 0.03859 0.32258 0.02167 ( 1)
  78 F   0.61231 0.04344 0.31986 0.02438 ( 1)
  79 I   0.62866 0.02709 0.32904 0.01520 ( 1)
  80 R   0.60507 0.05067 0.31580 0.02845 ( 1)
  81 D   0.62314 0.03261 0.32594 0.01831 ( 1)
  82 V   0.60773 0.04802 0.31729 0.02696 ( 1)
  83 S   0.61984 0.03592 0.32409 0.02016 ( 1)
  84 K   0.61604 0.03971 0.32196 0.02229 ( 1)
  85 T   0.62493 0.03083 0.32694 0.01730 ( 1)
  86 Q   0.60888 0.04687 0.31793 0.02632 ( 1)
  87 I   0.62866 0.02709 0.32904 0.01520 ( 1)
  88 G   0.61349 0.04226 0.32052 0.02373 ( 1)
  89 E   0.61716 0.03859 0.32258 0.02167 ( 1)
  90 E   0.61716 0.03859 0.32258 0.02167 ( 1)
  91 Y   0.61689 0.03886 0.32243 0.02182 ( 1)
  92 G   0.60670 0.04905 0.31671 0.02754 ( 1)
  93 P   0.60565 0.05010 0.31613 0.02813 ( 1)
  94 W   0.60199 0.05375 0.31407 0.03018 ( 1)
  95 V   0.62744 0.02831 0.32835 0.01589 ( 1)
  96 P   0.62085 0.03491 0.32465 0.01959 ( 1)
  97 F   0.62763 0.02812 0.32846 0.01579 ( 1)
  98 I   0.62866 0.02709 0.32904 0.01520 ( 1)
  99 G   0.61349 0.04226 0.32052 0.02373 ( 1)
 100 T   0.62020 0.03555 0.32429 0.01996 ( 1)
 101 M   0.62257 0.03318 0.32562 0.01862 ( 1)
 102 F   0.62763 0.02812 0.32846 0.01579 ( 1)
 103 L   0.60973 0.04602 0.31841 0.02584 ( 1)
 104 F   0.62763 0.02812 0.32846 0.01579 ( 1)
 105 I   0.62866 0.02709 0.32904 0.01520 ( 1)
 106 F   0.62763 0.02812 0.32846 0.01579 ( 1)
 107 V   0.62744 0.02831 0.32835 0.01589 ( 1)
 108 S   0.62205 0.03370 0.32533 0.01892 ( 1)
 109 N   0.62214 0.03361 0.32538 0.01887 ( 1)
 110 W   0.60199 0.05375 0.31407 0.03018 ( 1)
 111 S   0.61417 0.04158 0.32091 0.02334 ( 1)
 112 G   0.61349 0.04226 0.32052 0.02373 ( 1)
 113 A   0.60704 0.04871 0.31691 0.02734 ( 1)
 114 L   0.62494 0.03082 0.32695 0.01730 ( 1)
 115 L   0.61460 0.04115 0.32115 0.02310 ( 1)
 116 P   0.62085 0.03491 0.32465 0.01959 ( 1)
 117 W   0.60199 0.05375 0.31407 0.03018 ( 1)
 118 K   0.61604 0.03971 0.32196 0.02229 ( 1)
 119 I   0.61158 0.04417 0.31945 0.02480 ( 1)
 120 I   0.62467 0.03109 0.32680 0.01745 ( 1)
 121 Q   0.60888 0.04687 0.31793 0.02632 ( 1)
 122 L   0.61460 0.04115 0.32115 0.02310 ( 1)
 123 P   0.62085 0.03491 0.32465 0.01959 ( 1)
 124 H   0.61852 0.03724 0.32334 0.02090 ( 1)
 125 G   0.60395 0.05180 0.31517 0.02908 ( 1)
 126 E   0.60785 0.04790 0.31736 0.02689 ( 1)
 127 L   0.61460 0.04115 0.32115 0.02310 ( 1)
 128 A   0.60866 0.04709 0.31781 0.02644 ( 1)
 129 A   0.61924 0.03651 0.32375 0.02050 ( 1)
 130 P   0.60565 0.05010 0.31613 0.02813 ( 1)
 131 T   0.60634 0.04941 0.31651 0.02774 ( 1)
 132 N   0.62214 0.03361 0.32538 0.01887 ( 1)
 133 D   0.62314 0.03261 0.32594 0.01831 ( 1)
 134 I   0.62472 0.03104 0.32682 0.01742 ( 1)
 135 N   0.62214 0.03361 0.32538 0.01887 ( 1)
 136 T   0.62493 0.03083 0.32694 0.01730 ( 1)
 137 T   0.62493 0.03083 0.32694 0.01730 ( 1)
 138 V   0.62744 0.02831 0.32835 0.01589 ( 1)
 139 A   0.62626 0.02950 0.32769 0.01656 ( 1)
 140 L   0.60809 0.04766 0.31750 0.02675 ( 1)
 141 A   0.62626 0.02950 0.32769 0.01656 ( 1)
 142 L   0.61460 0.04115 0.32115 0.02310 ( 1)
 143 L   0.60790 0.04785 0.31739 0.02686 ( 1)
 144 T   0.60634 0.04941 0.31651 0.02774 ( 1)
 145 S   0.61417 0.04158 0.32091 0.02334 ( 1)
 146 V   0.28571 0.37004 0.13904 0.20521 ( 2)
 147 A   0.61995 0.03580 0.32415 0.02010 ( 1)
 148 Y   0.61772 0.03803 0.32290 0.02135 ( 1)
 149 F   0.61258 0.04317 0.32001 0.02424 ( 1)
 150 Y   0.61763 0.03812 0.32285 0.02140 ( 1)
 151 A   0.60704 0.04871 0.31691 0.02734 ( 1)
 152 G   0.62004 0.03571 0.32420 0.02005 ( 1)
 153 L   0.34967 0.30608 0.17342 0.17083 ( 1)
 154 T   0.28341 0.37234 0.13782 0.20644 ( 2)
 155 K   0.61604 0.03971 0.32196 0.02229 ( 1)
 156 K   0.28514 0.37061 0.13874 0.20551 ( 2)
 157 G   0.61349 0.04226 0.32052 0.02373 ( 1)
 158 L   0.29160 0.36415 0.14218 0.20207 ( 2)
 159 G   0.61970 0.03605 0.32401 0.02024 ( 1)
 160 Y   0.61772 0.03803 0.32290 0.02135 ( 1)
 161 F   0.61231 0.04344 0.31986 0.02438 ( 1)
 162 G   0.60484 0.05090 0.31567 0.02858 ( 1)
 163 K   0.61604 0.03971 0.32196 0.02229 ( 1)
 164 Y   0.61772 0.03803 0.32290 0.02135 ( 1)
 165 I   0.62866 0.02709 0.32904 0.01520 ( 1)
 166 Q   0.60888 0.04687 0.31793 0.02632 ( 1)
 167 P   0.61521 0.04054 0.32149 0.02276 ( 1)
 168 T   0.60789 0.04786 0.31738 0.02687 ( 1)
 169 P   0.61521 0.04054 0.32149 0.02276 ( 1)
 170 I   0.61104 0.04471 0.31915 0.02510 ( 1)
 171 L   0.62494 0.03082 0.32695 0.01730 ( 1)
 172 L   0.61460 0.04115 0.32115 0.02310 ( 1)
 173 P   0.60563 0.05012 0.31611 0.02814 ( 1)
 174 I   0.62866 0.02709 0.32904 0.01520 ( 1)
 175 N   0.60810 0.04765 0.31750 0.02675 ( 1)
 176 I   0.61104 0.04471 0.31915 0.02510 ( 1)
 177 L   0.61460 0.04115 0.32115 0.02310 ( 1)
 178 E   0.61716 0.03859 0.32258 0.02167 ( 1)
 179 D   0.62314 0.03261 0.32594 0.01831 ( 1)
 180 F   0.61231 0.04344 0.31986 0.02438 ( 1)
 181 T   0.61876 0.03699 0.32348 0.02076 ( 1)
 182 K   0.60761 0.04814 0.31723 0.02703 ( 1)
 183 P   0.62024 0.03551 0.32431 0.01994 ( 1)
 184 L   0.61460 0.04115 0.32115 0.02310 ( 1)
 185 S   0.61275 0.04300 0.32011 0.02414 ( 1)
 186 L   0.62373 0.03202 0.32627 0.01798 ( 1)
 187 S   0.61984 0.03592 0.32409 0.02016 ( 1)
 188 F   0.62763 0.02812 0.32846 0.01579 ( 1)
 189 R   0.60507 0.05067 0.31580 0.02845 ( 1)
 190 L   0.62494 0.03082 0.32695 0.01730 ( 1)
 191 F   0.61231 0.04344 0.31986 0.02438 ( 1)
 192 G   0.61349 0.04226 0.32052 0.02373 ( 1)
 193 N   0.62214 0.03361 0.32538 0.01887 ( 1)
 194 I   0.62467 0.03109 0.32680 0.01745 ( 1)
 195 L   0.61460 0.04115 0.32115 0.02310 ( 1)
 196 A   0.62615 0.02961 0.32763 0.01662 ( 1)
 197 D   0.62314 0.03261 0.32594 0.01831 ( 1)
 198 E   0.61694 0.03882 0.32246 0.02179 ( 1)
 199 L   0.61437 0.04138 0.32102 0.02323 ( 1)
 200 V   0.62105 0.03471 0.32476 0.01948 ( 1)
 201 V   0.62744 0.02831 0.32835 0.01589 ( 1)
 202 V   0.62744 0.02831 0.32835 0.01589 ( 1)
 203 V   0.62744 0.02831 0.32835 0.01589 ( 1)
 204 L   0.62494 0.03082 0.32695 0.01730 ( 1)
 205 V   0.62744 0.02831 0.32835 0.01589 ( 1)
 206 S   0.62261 0.03314 0.32564 0.01860 ( 1)
 207 L   0.61460 0.04115 0.32115 0.02310 ( 1)
 208 V   0.62060 0.03515 0.32451 0.01973 ( 1)
 209 P   0.62085 0.03491 0.32465 0.01959 ( 1)
 210 L   0.61460 0.04115 0.32115 0.02310 ( 1)
 211 V   0.60797 0.04778 0.31742 0.02683 ( 1)
 212 V   0.62744 0.02831 0.32835 0.01589 ( 1)
 213 P   0.62085 0.03491 0.32465 0.01959 ( 1)
 214 I   0.62467 0.03109 0.32680 0.01745 ( 1)
 215 P   0.62085 0.03491 0.32465 0.01959 ( 1)
 216 V   0.60941 0.04634 0.31824 0.02601 ( 1)
 217 M   0.62257 0.03318 0.32562 0.01862 ( 1)
 218 F   0.61231 0.04344 0.31986 0.02438 ( 1)
 219 L   0.62494 0.03082 0.32695 0.01730 ( 1)
 220 G   0.61349 0.04226 0.32052 0.02373 ( 1)
 221 L   0.61460 0.04115 0.32115 0.02310 ( 1)
 222 F   0.62763 0.02812 0.32846 0.01579 ( 1)
 223 T   0.61876 0.03699 0.32348 0.02076 ( 1)
 224 S   0.61984 0.03592 0.32409 0.02016 ( 1)
 225 G   0.62004 0.03571 0.32420 0.02005 ( 1)
 226 I   0.62866 0.02709 0.32904 0.01520 ( 1)
 227 Q   0.60888 0.04687 0.31793 0.02632 ( 1)
 228 A   0.62626 0.02950 0.32769 0.01656 ( 1)
 229 L   0.60281 0.05294 0.31453 0.02972 ( 1)
 230 I   0.62866 0.02709 0.32904 0.01520 ( 1)
 231 F   0.62763 0.02812 0.32846 0.01579 ( 1)
 232 A   0.61995 0.03580 0.32415 0.02010 ( 1)
 233 T   0.62493 0.03083 0.32694 0.01730 ( 1)
 234 L   0.61460 0.04115 0.32115 0.02310 ( 1)
 235 A   0.60933 0.04642 0.31819 0.02606 ( 1)
 236 A   0.60704 0.04871 0.31691 0.02734 ( 1)
 237 A   0.62626 0.02950 0.32769 0.01656 ( 1)
 238 Y   0.61772 0.03803 0.32290 0.02135 ( 1)
 239 I   0.62467 0.03109 0.32680 0.01745 ( 1)
 240 G   0.60797 0.04778 0.31743 0.02682 ( 1)
 241 E   0.61716 0.03859 0.32258 0.02167 ( 1)
 242 S   0.60660 0.04915 0.31666 0.02759 ( 1)
 243 M   0.62257 0.03318 0.32562 0.01862 ( 1)
 244 E   0.60785 0.04790 0.31736 0.02689 ( 1)
 245 G   0.60670 0.04905 0.31671 0.02754 ( 1)
 246 H   0.61852 0.03724 0.32334 0.02090 ( 1)
 247 H   0.61852 0.03724 0.32334 0.02090 ( 1)

