

TREE # 1

  0  0.0000   1532.524097  x:  0.00000   0.01384   0.04777   0.02037   0.05497   0.05418   0.02658   0.03326   0.05366   0.01737   0.04434   0.02415   0.01927   0.01323   0.01737   0.05036   0.04867   0.02285   0.04331   0.03238   0.05984   0.03860   0.00952   0.02154   0.00881   0.06672   0.05377   0.04088   0.06501   0.02853   2.00000   1.09989   0.02896   0.27919   2.57308  
  1 99.0000   1532.518247  x:  0.00000   0.01384   0.04776   0.02037   0.05497   0.05418   0.02658   0.03326   0.05366   0.01737   0.04434   0.02415   0.01927   0.01323   0.01737   0.05036   0.04867   0.02285   0.04330   0.03238   0.05984   0.03860   0.00952   0.02154   0.00880   0.06671   0.05377   0.04088   0.06501   0.02853   2.00000   1.09989   0.02896   0.27919   2.57308  
  2 884.7508   1504.124115  x:  0.00000   0.01458   0.03905   0.02000   0.04621   0.04538   0.01729   0.02655   0.04493   0.01343   0.03832   0.02101   0.01040   0.00440   0.01361   0.04276   0.04230   0.01749   0.03731   0.02923   0.05204   0.03652   0.00072   0.02131   0.00000   0.06244   0.05329   0.03877   0.05874   0.02633   2.00018   1.10019   0.02866   0.27786   2.57308  
  3 11184.5934   1502.033360  x:  0.00000   0.01460   0.03834   0.01997   0.04550   0.04467   0.01654   0.02604   0.04422   0.01318   0.03786   0.02081   0.00967   0.00368   0.01338   0.04216   0.04181   0.01711   0.03685   0.02901   0.05142   0.03638   0.00000   0.02129   0.00000   0.06212   0.05325   0.03861   0.05825   0.02627   2.00020   1.10022   0.02863   0.27784   2.57308  
  4 128405.2260   1492.859372  x:  0.00000   0.01382   0.03468   0.01878   0.04187   0.04101   0.01269   0.02432   0.04059   0.01248   0.03603   0.01955   0.00599   0.00000   0.01252   0.03944   0.03980   0.01644   0.03507   0.02783   0.04847   0.03538   0.00000   0.02092   0.00000   0.06069   0.05312   0.03696   0.05608   0.02504   2.00027   1.10030   0.02854   0.27742   2.57308  
  5 12319.6100   1480.165926  x:  0.00000   0.01546   0.02880   0.01889   0.03600   0.03509   0.00641   0.02256   0.03467   0.01109   0.03365   0.01775   0.00000   0.00000   0.01106   0.03558   0.03717   0.01580   0.03284   0.02599   0.04413   0.03370   0.00000   0.02109   0.00000   0.05863   0.05295   0.03437   0.05301   0.02497   2.00039   1.10029   0.02855   0.27571   2.57309  
  6 8291.0074   1469.445145  x:  0.00000   0.01451   0.02301   0.01978   0.03016   0.02919   0.00000   0.02074   0.02879   0.00990   0.03150   0.01785   0.00000   0.00000   0.01032   0.03231   0.03489   0.01316   0.03079   0.02511   0.04030   0.03336   0.00000   0.02081   0.00000   0.05682   0.05269   0.03411   0.05029   0.02448   2.00048   1.10016   0.02868   0.27278   2.57309  
  7 5648.6882   1436.136304  x:  0.00000   0.01903   0.00000   0.00887   0.00640   0.00512   0.00000   0.00941   0.00493   0.01367   0.02304   0.01381   0.00000   0.00000   0.00912   0.02162   0.02606   0.00531   0.02199   0.02510   0.02733   0.03436   0.00000   0.02104   0.00000   0.05097   0.05156   0.04083   0.04082   0.02560   2.00082   1.09950   0.02929   0.25736   2.57313  
  8 3327.0657   1430.762055  x:  0.00000   0.01860   0.00000   0.00938   0.00147   0.00012   0.00000   0.00738   0.00000   0.01411   0.02138   0.01244   0.00000   0.00000   0.00862   0.01989   0.02428   0.00716   0.02020   0.02502   0.02513   0.03437   0.00000   0.02069   0.00000   0.04996   0.05139   0.04233   0.03911   0.02564   2.00088   1.09940   0.02939   0.25374   2.57314  
  9 2004.5729   1430.679638  x:  0.00000   0.01860   0.00000   0.00938   0.00135   0.00000   0.00000   0.00741   0.00000   0.01411   0.02135   0.01243   0.00000   0.00000   0.00862   0.01986   0.02425   0.00715   0.02018   0.02501   0.02509   0.03436   0.00000   0.02069   0.00000   0.04994   0.05138   0.04233   0.03907   0.02564   2.00088   1.09940   0.02939   0.25367   2.57314  
 10 1590.6908   1430.118314  x:  0.00000   0.01863   0.00000   0.00936   0.00000   0.00000   0.00000   0.00732   0.00000   0.01407   0.02130   0.01254   0.00000   0.00000   0.00863   0.01965   0.02410   0.00713   0.02016   0.02490   0.02471   0.03417   0.00000   0.02070   0.00000   0.04982   0.05136   0.04218   0.03882   0.02561   2.00090   1.09941   0.02937   0.25305   2.57315  
 11 2132.3316   1426.428609  x:  0.00000   0.01824   0.00000   0.01140   0.00000   0.00000   0.00000   0.00472   0.00000   0.01184   0.02249   0.00362   0.00000   0.00000   0.00574   0.01547   0.02552   0.00280   0.02141   0.02724   0.01491   0.03882   0.00000   0.02022   0.00000   0.04735   0.05039   0.03564   0.03379   0.02394   2.00168   1.10069   0.02799   0.24159   2.57322  
 12 326.1044   1425.335754  x:  0.00000   0.01885   0.00000   0.01007   0.00000   0.00000   0.00000   0.00531   0.00000   0.00858   0.02169   0.00426   0.00000   0.00000   0.00196   0.01399   0.02655   0.00357   0.02000   0.02893   0.01189   0.04383   0.00000   0.01991   0.00000   0.04593   0.05013   0.03312   0.03212   0.02344   2.00209   1.10148   0.02716   0.23833   2.57325  
 13 293.1234   1424.465833  x:  0.00000   0.01973   0.00000   0.00868   0.00000   0.00000   0.00000   0.00558   0.00000   0.00348   0.02009   0.00413   0.00000   0.00000   0.00340   0.01281   0.02773   0.00445   0.01749   0.03023   0.00994   0.04978   0.00000   0.01953   0.00000   0.04420   0.05011   0.02976   0.03074   0.02310   2.00254   1.10238   0.02624   0.23532   2.57327  
 14 445.3032   1423.604646  x:  0.00000   0.02072   0.00000   0.00958   0.00000   0.00000   0.00000   0.00530   0.00000   0.00587   0.01581   0.00531   0.00000   0.00000   0.00400   0.01195   0.02951   0.00368   0.01171   0.02966   0.01102   0.05932   0.00000   0.01889   0.00000   0.04076   0.05091   0.02080   0.02942   0.02269   2.00342   1.10423   0.02437   0.23167   2.57328  
 15 178.1865   1423.274234  x:  0.00000   0.02031   0.00000   0.00931   0.00000   0.00000   0.00000   0.00554   0.00000   0.00611   0.01319   0.00507   0.00000   0.00000   0.00406   0.01065   0.02734   0.00405   0.01590   0.02381   0.01400   0.06543   0.00000   0.02102   0.00000   0.03684   0.05168   0.02047   0.02735   0.02278   2.00503   1.10785   0.02075   0.23024   2.57329  
 16 48.8077   1422.920964  x:  0.00000   0.02050   0.00000   0.00920   0.00000   0.00000   0.00000   0.00554   0.00000   0.00600   0.01773   0.00495   0.00000   0.00000   0.00400   0.01197   0.02333   0.00402   0.01377   0.01732   0.01491   0.06946   0.00000   0.01899   0.00000   0.03499   0.05246   0.02165   0.02628   0.02322   2.00821   1.11502   0.01358   0.22851   2.57329  
 17 46.3171   1420.964948  x:  0.00000   0.01801   0.00000   0.00970   0.00000   0.00000   0.00000   0.00546   0.00000   0.00531   0.01591   0.00518   0.00000   0.00000   0.00384   0.01395   0.00786   0.00334   0.01270   0.02050   0.01510   0.07334   0.00000   0.02078   0.00000   0.03692   0.05419   0.02185   0.02693   0.02554   2.02621   1.15568  -0.02696   0.21797   2.57328  
 18 69.6704   1415.041616  x:  0.00000   0.01003   0.00000   0.01108   0.00000   0.00000   0.00000   0.00593   0.00000   0.00553   0.00469   0.00573   0.00000   0.00000   0.00394   0.00570   0.01137   0.00205   0.00605   0.01696   0.00663   0.07748   0.00000   0.01977   0.00000   0.03563   0.05592   0.03707   0.01995   0.03462   2.08739   1.29386  -0.16475   0.18002   2.57319  
 19 497.7433   1414.246822  x:  0.00000   0.00899   0.00000   0.01133   0.00000   0.00000   0.00000   0.00631   0.00000   0.00617   0.00721   0.00595   0.00000   0.00000   0.00421   0.00253   0.01137   0.00222   0.00667   0.01952   0.00529   0.07934   0.00000   0.01948   0.00000   0.03224   0.05492   0.03832   0.01641   0.03612   2.09649   1.31433  -0.18514   0.17290   2.57317  
 20 648.3105   1413.797522  x:  0.00000   0.00845   0.00000   0.01148   0.00000   0.00000   0.00000   0.00655   0.00000   0.00662   0.00767   0.00608   0.00000   0.00000   0.00439   0.00455   0.01152   0.00233   0.00744   0.02134   0.00343   0.08013   0.00000   0.01881   0.00000   0.02854   0.05339   0.03909   0.01260   0.03708   2.10239   1.32757  -0.19834   0.16762   2.57316  
 21 748.7071   1413.541484  x:  0.00000   0.00843   0.00000   0.01149   0.00000   0.00000   0.00000   0.00657   0.00000   0.00638   0.00747   0.00604   0.00000   0.00000   0.00431   0.00473   0.01147   0.00229   0.00724   0.02304   0.00590   0.07895   0.00000   0.01686   0.00000   0.02542   0.05060   0.03958   0.01068   0.03758   2.10624   1.33610  -0.20687   0.16284   2.57315  
 22 225.1084   1413.190051  x:  0.00000   0.00842   0.00000   0.01149   0.00000   0.00000   0.00000   0.00669   0.00000   0.00656   0.00704   0.00599   0.00000   0.00000   0.00436   0.00463   0.01104   0.00239   0.00764   0.02353   0.00536   0.07887   0.00000   0.01518   0.00000   0.02103   0.04539   0.03986   0.01470   0.03817   2.11169   1.34800  -0.21878   0.15321   2.57315  
 23 159.9992   1412.122948  x:  0.00000   0.00657   0.00000   0.01121   0.00000   0.00000   0.00000   0.00727   0.00000   0.00712   0.00806   0.00544   0.00000   0.00000   0.00446   0.00516   0.01123   0.00320   0.00540   0.02239   0.00590   0.08105   0.00000   0.02029   0.00000   0.02389   0.03394   0.03943   0.01477   0.03965   2.12865   1.38463  -0.25548   0.11668   2.57312  
 24 186.6347   1410.110814  x:  0.00000   0.00715   0.00000   0.01113   0.00000   0.00000   0.00000   0.00815   0.00000   0.00826   0.00653   0.00505   0.00000   0.00000   0.00478   0.00466   0.01053   0.00417   0.00838   0.02222   0.00556   0.08602   0.00000   0.01339   0.00000   0.03158   0.03043   0.03845   0.01403   0.04262   2.15901   1.45008  -0.32107   0.04855   2.57307  
 25 643.5157   1409.311023  x:  0.00000   0.00632   0.00000   0.01103   0.00000   0.00000   0.00000   0.00850   0.00000   0.00848   0.00719   0.00465   0.00000   0.00000   0.00478   0.00512   0.01107   0.00463   0.00722   0.02348   0.00610   0.08594   0.00000   0.01504   0.00000   0.02978   0.03540   0.03882   0.01519   0.04369   2.17174   1.47739  -0.34846   0.02033   2.57306  
 26 662.3840   1406.160850  x:  0.00000   0.00281   0.00000   0.00916   0.00000   0.00000   0.00000   0.00951   0.00000   0.00781   0.00651   0.00215   0.00000   0.00000   0.00395   0.00487   0.01108   0.00643   0.00618   0.02100   0.00589   0.06140   0.00000   0.01221   0.00000   0.02862   0.04227   0.02354   0.01503   0.04845   2.24691   1.60708  -0.47923   0.05823   2.57308  
 27 20.5841   1402.983223  x:  0.00000   0.00678   0.00000   0.01202   0.00000   0.00000   0.00000   0.01033   0.00000   0.00479   0.00708   0.00170   0.00000   0.00000   0.00297   0.00477   0.01259   0.00616   0.00608   0.01729   0.00553   0.04041   0.00000   0.01447   0.00000   0.02631   0.04261   0.01089   0.01440   0.05506   2.35033   1.77649  -0.65079   0.08462   2.57358  
 28 34.3947   1402.258453  x:  0.01234   0.00822   0.00000   0.01309   0.00000   0.00000   0.00000   0.01062   0.00000   0.00366   0.00729   0.00155   0.00000   0.00000   0.00260   0.00474   0.01316   0.00604   0.00605   0.01591   0.00540   0.03264   0.00000   0.01531   0.00000   0.02546   0.04272   0.00621   0.01418   0.05750   2.38885   1.83937  -0.71448   0.09441   2.57378  
 29 1046.2877   1401.513984  x:  0.01441   0.00683   0.00000   0.01450   0.00000   0.00000   0.00000   0.01000   0.00000   0.00191   0.00808   0.00263   0.00000   0.00000   0.00229   0.00503   0.01420   0.00473   0.00748   0.01426   0.00580   0.02889   0.00000   0.01631   0.00000   0.02566   0.04175   0.00306   0.01484   0.05886   2.42886   1.88938  -0.76666   0.10057   2.57447  
 30 11.2065   1399.671578  x:  0.01169   0.00687   0.00000   0.01180   0.00000   0.00000   0.00000   0.00812   0.00000   0.00369   0.00683   0.00348   0.00000   0.00000   0.00280   0.00423   0.01097   0.00527   0.00643   0.01268   0.00479   0.01654   0.00000   0.01613   0.00000   0.02328   0.04381   0.00510   0.01290   0.04734   2.70109   2.02384  -0.89973   0.11979   2.57422  
 31  2.9212   1398.389503  x:  0.01044   0.00733   0.00000   0.01169   0.00000   0.00000   0.00000   0.00320   0.00000   0.00470   0.00723   0.00422   0.00000   0.00000   0.00332   0.00430   0.00958   0.00583   0.00714   0.01191   0.00475   0.02416   0.00000   0.01662   0.00000   0.02416   0.04632   0.00757   0.01282   0.04467   3.14869   1.94157  -0.81613   0.10802   2.57385  
 32  2.0804   1397.811655  x:  0.00919   0.00715   0.00000   0.01428   0.00000   0.00000   0.00000   0.00641   0.00000   0.00497   0.00737   0.00453   0.00000   0.00000   0.00381   0.00419   0.00786   0.00554   0.00755   0.01175   0.00441   0.02540   0.00000   0.01623   0.00000   0.02549   0.04670   0.00916   0.01252   0.04131   3.36815   1.74849  -0.62664   0.07250   2.57510  
 33  1.6648   1397.440085  x:  0.01035   0.00744   0.00000   0.01277   0.00000   0.00000   0.00000   0.00537   0.00000   0.00533   0.00847   0.00485   0.00000   0.00000   0.00404   0.00453   0.00869   0.00445   0.00843   0.01370   0.00449   0.02269   0.00000   0.01621   0.00000   0.02737   0.04608   0.00802   0.01327   0.04501   3.38729   1.61351  -0.49048   0.04263   2.57456  
 34  0.6956   1397.267199  x:  0.00972   0.00753   0.00000   0.01291   0.00000   0.00000   0.00000   0.00415   0.00000   0.00486   0.00822   0.00507   0.00000   0.00000   0.00411   0.00414   0.00783   0.00416   0.00812   0.01345   0.00386   0.02164   0.00000   0.01616   0.00000   0.02663   0.04608   0.00834   0.01238   0.04040   3.26729   1.62866  -0.50620   0.03635   2.57484  
 35  0.3385   1397.093266  x:  0.01000   0.00838   0.00000   0.01253   0.00000   0.00000   0.00000   0.00411   0.00000   0.00518   0.00877   0.00606   0.00000   0.00000   0.00463   0.00441   0.00907   0.00453   0.00836   0.01283   0.00447   0.02152   0.00000   0.01716   0.00000   0.02639   0.04948   0.00819   0.01307   0.03803   3.10514   1.66114  -0.53861   0.04330   2.57486  
 36  0.1905   1397.033905  x:  0.01152   0.00895   0.00000   0.01248   0.00000   0.00000   0.00000   0.00421   0.00000   0.00498   0.00846   0.00670   0.00000   0.00000   0.00467   0.00414   0.00857   0.00464   0.00817   0.01287   0.00412   0.02176   0.00000   0.01742   0.00000   0.02583   0.05032   0.00653   0.01250   0.04097   3.04635   1.64676  -0.52390   0.04263   2.57468  
 37  0.0708   1396.980678  x:  0.01187   0.00898   0.00000   0.01280   0.00000   0.00000   0.00000   0.00439   0.00000   0.00451   0.00871   0.00733   0.00000   0.00000   0.00453   0.00421   0.00839   0.00376   0.00840   0.01315   0.00416   0.02164   0.00000   0.01756   0.00000   0.02593   0.04989   0.00544   0.01275   0.04034   3.11510   1.65885  -0.53655   0.04611   2.57490  
 38  0.0656   1396.960948  x:  0.01186   0.00891   0.00000   0.01369   0.00000   0.00000   0.00000   0.00420   0.00000   0.00429   0.00861   0.00767   0.00000   0.00000   0.00446   0.00424   0.00859   0.00412   0.00848   0.01307   0.00428   0.02128   0.00000   0.01725   0.00000   0.02627   0.04978   0.00519   0.01286   0.04040   3.13129   1.64112  -0.51967   0.04366   2.57517  
 39  0.0615   1396.944325  x:  0.01249   0.00890   0.00000   0.01311   0.00000   0.00000   0.00000   0.00434   0.00000   0.00420   0.00851   0.00809   0.00000   0.00000   0.00433   0.00422   0.00878   0.00417   0.00868   0.01244   0.00429   0.02172   0.00000   0.01727   0.00000   0.02632   0.04890   0.00462   0.01274   0.04008   3.13060   1.63930  -0.51774   0.04155   2.57513  
 40  0.0050   1396.938103  x:  0.01266   0.00890   0.00000   0.01285   0.00000   0.00000   0.00000   0.00435   0.00000   0.00418   0.00850   0.00833   0.00000   0.00000   0.00428   0.00427   0.00864   0.00431   0.00860   0.01301   0.00431   0.02185   0.00000   0.01719   0.00000   0.02634   0.04874   0.00464   0.01282   0.03978   3.13101   1.64348  -0.52178   0.04241   2.57509  
 41  0.0111   1396.935078  x:  0.01293   0.00874   0.00000   0.01291   0.00000   0.00000   0.00000   0.00425   0.00000   0.00428   0.00863   0.00850   0.00000   0.00000   0.00427   0.00433   0.00855   0.00430   0.00867   0.01290   0.00431   0.02170   0.00000   0.01732   0.00000   0.02628   0.04847   0.00453   0.01290   0.04007   3.11943   1.64862  -0.52694   0.04340   2.57509  
 42  0.0153   1396.934378  x:  0.01297   0.00868   0.00000   0.01294   0.00000   0.00000   0.00000   0.00427   0.00000   0.00428   0.00863   0.00856   0.00000   0.00000   0.00427   0.00430   0.00867   0.00428   0.00858   0.01291   0.00425   0.02167   0.00000   0.01724   0.00000   0.02622   0.04847   0.00454   0.01284   0.04009   3.12358   1.64933  -0.52769   0.04363   2.57510  
 43  0.0058   1396.934122  x:  0.01291   0.00861   0.00000   0.01292   0.00000   0.00000   0.00000   0.00429   0.00000   0.00428   0.00859   0.00859   0.00000   0.00000   0.00429   0.00427   0.00862   0.00429   0.00858   0.01290   0.00427   0.02162   0.00000   0.01728   0.00000   0.02622   0.04856   0.00460   0.01281   0.04006   3.12745   1.64877  -0.52713   0.04353   2.57510  
 44  0.0035   1396.934097  x:  0.01290   0.00860   0.00000   0.01291   0.00000   0.00000   0.00000   0.00429   0.00000   0.00428   0.00860   0.00859   0.00000   0.00000   0.00429   0.00428   0.00861   0.00428   0.00857   0.01288   0.00428   0.02162   0.00000   0.01725   0.00000   0.02624   0.04859   0.00461   0.01282   0.04007   3.12716   1.64876  -0.52711   0.04350   2.57510  
 45  0.0006   1396.934087  x:  0.01288   0.00859   0.00000   0.01291   0.00000   0.00000   0.00000   0.00428   0.00000   0.00428   0.00859   0.00859   0.00000   0.00000   0.00429   0.00428   0.00862   0.00428   0.00857   0.01289   0.00428   0.02164   0.00000   0.01725   0.00000   0.02624   0.04861   0.00462   0.01283   0.04007   3.12651   1.64882  -0.52716   0.04347   2.57509  
 46  0.0008   1396.934086  x:  0.01288   0.00859   0.00000   0.01291   0.00000   0.00000   0.00000   0.00428   0.00000   0.00428   0.00859   0.00859   0.00000   0.00000   0.00430   0.00428   0.00862   0.00428   0.00858   0.01289   0.00427   0.02164   0.00000   0.01725   0.00000   0.02624   0.04861   0.00463   0.01283   0.04007   3.12658   1.64889  -0.52722   0.04349   2.57509  
 47  0.0001   1396.934086  x:  0.01288   0.00859   0.00000   0.01291   0.00000   0.00000   0.00000   0.00428   0.00000   0.00428   0.00859   0.00859   0.00000   0.00000   0.00430   0.00428   0.00862   0.00428   0.00858   0.01289   0.00427   0.02164   0.00000   0.01725   0.00000   0.02624   0.04861   0.00463   0.01283   0.04007   3.12655   1.64888  -0.52721   0.04349   2.57509  
 48  0.0001   1396.934086  x:  0.01288   0.00859   0.00000   0.01291   0.00000   0.00000   0.00000   0.00428   0.00000   0.00428   0.00859   0.00859   0.00000   0.00000   0.00430   0.00428   0.00862   0.00428   0.00858   0.01289   0.00427   0.02164   0.00000   0.01725   0.00000   0.02624   0.04861   0.00463   0.01283   0.04007   3.12652   1.64888  -0.52719   0.04349   2.57508  
 49  0.0000   1396.934086  x:  0.01288   0.00859   0.00000   0.01291   0.00000   0.00000   0.00000   0.00428   0.00000   0.00428   0.00859   0.00859   0.00000   0.00000   0.00430   0.00428   0.00862   0.00428   0.00858   0.01289   0.00427   0.02164   0.00000   0.01725   0.00000   0.02624   0.04861   0.00463   0.01283   0.04007   3.12652   1.64889  -0.52716   0.04349   2.57506  
 50  0.0000   1396.934086  x:  0.01288   0.00859   0.00000   0.01291   0.00000   0.00000   0.00000   0.00428   0.00000   0.00428   0.00859   0.00859   0.00000   0.00000   0.00430   0.00428   0.00862   0.00428   0.00858   0.01289   0.00427   0.02164   0.00000   0.01725   0.00000   0.02624   0.04861   0.00463   0.01283   0.04007   3.12652   1.64889  -0.52717   0.04349   2.57507  
 51  0.0000   1396.934086  x:  0.01288   0.00859   0.00000   0.01291   0.00000   0.00000   0.00000   0.00428   0.00000   0.00428   0.00859   0.00859   0.00000   0.00000   0.00430   0.00428   0.00862   0.00428   0.00858   0.01289   0.00427   0.02164   0.00000   0.01725   0.00000   0.02624   0.04861   0.00463   0.01283   0.04007   3.12652   1.64889  -0.52717   0.04349   2.57507  
 52  0.0000   1396.934086  x:  0.01288   0.00859   0.00000   0.01291   0.00000   0.00000   0.00000   0.00428   0.00000   0.00428   0.00859   0.00859   0.00000   0.00000   0.00430   0.00428   0.00862   0.00428   0.00858   0.01289   0.00427   0.02164   0.00000   0.01725   0.00000   0.02624   0.04861   0.00463   0.01283   0.04007   3.12652   1.64889  -0.52717   0.04349   2.57507  
 53  0.0000   1396.934086  x:  0.01288   0.00859   0.00000   0.01291   0.00000   0.00000   0.00000   0.00428   0.00000   0.00428   0.00859   0.00859   0.00000   0.00000   0.00430   0.00428   0.00862   0.00428   0.00858   0.01289   0.00427   0.02164   0.00000   0.01725   0.00000   0.02624   0.04861   0.00463   0.01283   0.04007   3.12652   1.64889  -0.52717   0.04349   2.57507  
 54  0.0000   1396.934086  x:  0.01288   0.00859   0.00000   0.01291   0.00000   0.00000   0.00000   0.00428   0.00000   0.00428   0.00859   0.00859   0.00000   0.00000   0.00430   0.00428   0.00862   0.00428   0.00858   0.01289   0.00427   0.02164   0.00000   0.01725   0.00000   0.02624   0.04861   0.00463   0.01283   0.04007   3.12652   1.64889  -0.52716   0.04349   2.57506  
 55  0.0000   1396.934086  x:  0.01288   0.00859   0.00000   0.01291   0.00000   0.00000   0.00000   0.00428   0.00000   0.00428   0.00859   0.00859   0.00000   0.00000   0.00430   0.00428   0.00862   0.00428   0.00858   0.01289   0.00427   0.02164   0.00000   0.01725   0.00000   0.02624   0.04861   0.00463   0.01283   0.04007   3.12652   1.64889  -0.52716   0.04349   2.57506  