Supplemental results for CODEML (seqf: /Users/YY/Desktop/get/branch_site/modify/modify_trim_muscle_ndhE.fa  treef: /Users/YY/Desktop/get/branch_site/16gene_topu.tree)


dN/dS (w) for site classes (K=4)

site class             0        1       2a       2b
proportion       0.85617  0.11206  0.02810  0.00368
background w     0.04714  1.00000  0.04714  1.00000
foreground w     0.04714  1.00000  1.00000  1.00000

Naive Empirical Bayes (NEB) probabilities for 4 classes
(amino acids refer to 1st sequence: NC_015113)

   1 M   0.92826 0.03996 0.03047 0.00131 ( 1)
   2 M   0.50145 0.46678 0.01646 0.01532 ( 1)
   3 L   0.29906 0.66916 0.00982 0.02196 ( 2)
   4 E   0.90849 0.05973 0.02982 0.00196 ( 1)
   5 H   0.92160 0.04662 0.03025 0.00153 ( 1)
   6 V   0.91556 0.05266 0.03005 0.00173 ( 1)
   7 L   0.93902 0.02921 0.03082 0.00096 ( 1)
   8 V   0.94384 0.02438 0.03098 0.00080 ( 1)
   9 L   0.89731 0.07092 0.02945 0.00233 ( 1)
  10 S   0.93404 0.03418 0.03066 0.00112 ( 1)
  11 A   0.87497 0.09325 0.02872 0.00306 ( 1)
  12 F   0.04357 0.92465 0.00143 0.03035 ( 2)
  13 L   0.91169 0.05654 0.02992 0.00186 ( 1)
  14 F   0.94265 0.02558 0.03094 0.00084 ( 1)
  15 S   0.93138 0.03684 0.03057 0.00121 ( 1)
  16 V   0.94384 0.02438 0.03098 0.00080 ( 1)
  17 G   0.92686 0.04136 0.03042 0.00136 ( 1)
  18 L   0.93902 0.02921 0.03082 0.00096 ( 1)
  19 Y   0.92466 0.04357 0.03035 0.00143 ( 1)
  20 G   0.89691 0.07131 0.02944 0.00234 ( 1)
  21 L   0.89731 0.07092 0.02945 0.00233 ( 1)
  22 I   0.94486 0.02336 0.03101 0.00077 ( 1)
  23 T   0.88789 0.08033 0.02914 0.00264 ( 1)
  24 S   0.93404 0.03418 0.03066 0.00112 ( 1)
  25 R   0.87683 0.09139 0.02878 0.00300 ( 1)
  26 N   0.93687 0.03135 0.03075 0.00103 ( 1)
  27 M   0.92826 0.03996 0.03047 0.00131 ( 1)
  28 V   0.94384 0.02438 0.03098 0.00080 ( 1)
  29 R   0.33199 0.63623 0.01090 0.02088 ( 2)
  30 A   0.87928 0.08894 0.02886 0.00292 ( 1)
  31 L   0.93902 0.02921 0.03082 0.00096 ( 1)
  32 M   0.92826 0.03996 0.03047 0.00131 ( 1)
  33 C   0.92001 0.04821 0.03019 0.00158 ( 1)
  34 L   0.93902 0.02921 0.03082 0.00096 ( 1)
  35 E   0.90849 0.05973 0.02982 0.00196 ( 1)
  36 L   0.93902 0.02921 0.03082 0.00096 ( 1)
  37 I   0.94486 0.02336 0.03101 0.00077 ( 1)
  38 L   0.89731 0.07092 0.02945 0.00233 ( 1)
  39 N   0.93687 0.03135 0.03075 0.00103 ( 1)
  40 A   0.90825 0.05997 0.02981 0.00197 ( 1)
  41 V   0.94384 0.02438 0.03098 0.00080 ( 1)
  42 N   0.93687 0.03135 0.03075 0.00103 ( 1)
  43 I   0.92097 0.04725 0.03023 0.00155 ( 1)
  44 N   0.93353 0.03469 0.03064 0.00114 ( 1)
  45 F   0.94265 0.02558 0.03094 0.00084 ( 1)
  46 V   0.91556 0.05266 0.03005 0.00173 ( 1)
  47 T   0.41631 0.55191 0.01366 0.01811 ( 2)
  48 F   0.94265 0.02558 0.03094 0.00084 ( 1)
  49 S   0.92979 0.03843 0.03052 0.00126 ( 1)
  50 D   0.93399 0.03423 0.03065 0.00112 ( 1)
  51 F   0.94265 0.02558 0.03094 0.00084 ( 1)
  52 F   0.94265 0.02558 0.03094 0.00084 ( 1)
  53 D   0.93399 0.03423 0.03065 0.00112 ( 1)
  54 S   0.93404 0.03418 0.03066 0.00112 ( 1)
  55 R   0.91112 0.05710 0.02990 0.00187 ( 1)
  56 Q   0.88997 0.07825 0.02921 0.00257 ( 1)
  57 L   0.41058 0.55765 0.01348 0.01830 ( 2)
  58 K   0.91244 0.05578 0.02995 0.00183 ( 1)
  59 G   0.89691 0.07131 0.02944 0.00234 ( 1)
  60 S   0.33138 0.63684 0.01088 0.02090 ( 2)
  61 I   0.94486 0.02336 0.03101 0.00077 ( 1)
  62 F   0.34017 0.62805 0.01116 0.02061 ( 2)
  63 S   0.91723 0.05099 0.03010 0.00167 ( 1)
  64 I   0.94486 0.02336 0.03101 0.00077 ( 1)
  65 F   0.94265 0.02558 0.03094 0.00084 ( 1)
  66 V   0.94384 0.02438 0.03098 0.00080 ( 1)
  67 I   0.92203 0.04619 0.03026 0.00152 ( 1)
  68 A   0.93678 0.03144 0.03075 0.00103 ( 1)
  69 I   0.94486 0.02336 0.03101 0.00077 ( 1)
  70 A   0.90825 0.05997 0.02981 0.00197 ( 1)
  71 A   0.87497 0.09325 0.02872 0.00306 ( 1)
  72 A   0.93678 0.03144 0.03075 0.00103 ( 1)
  73 E   0.90849 0.05973 0.02982 0.00196 ( 1)
  74 A   0.90152 0.06671 0.02959 0.00219 ( 1)
  75 A   0.93678 0.03144 0.03075 0.00103 ( 1)
  76 I   0.94486 0.02336 0.03101 0.00077 ( 1)
  77 G   0.89521 0.07301 0.02938 0.00240 ( 1)
  78 L   0.88738 0.08085 0.02912 0.00265 ( 1)
  79 A   0.93678 0.03144 0.03075 0.00103 ( 1)
  80 I   0.94486 0.02336 0.03101 0.00077 ( 1)
  81 V   0.94384 0.02438 0.03098 0.00080 ( 1)
  82 S   0.89667 0.07155 0.02943 0.00235 ( 1)
  83 S   0.89667 0.07155 0.02943 0.00235 ( 1)
  84 I   0.94486 0.02336 0.03101 0.00077 ( 1)
  85 Y   0.48547 0.48275 0.01593 0.01584 ( 1)
  86 R   0.91112 0.05710 0.02990 0.00187 ( 1)
  87 N   0.89032 0.07790 0.02922 0.00256 ( 1)
  88 R   0.39639 0.57184 0.01301 0.01877 ( 2)
  89 K   0.91244 0.05578 0.02995 0.00183 ( 1)
  90 S   0.89667 0.07155 0.02943 0.00235 ( 1)
  91 T   0.94026 0.02797 0.03086 0.00092 ( 1)
  92 R   0.41683 0.55139 0.01368 0.01810 ( 2)
  93 I   0.88406 0.08416 0.02902 0.00276 ( 1)
  94 N   0.93687 0.03135 0.03075 0.00103 ( 1)
  95 Q   0.88997 0.07825 0.02921 0.00257 ( 1)
  96 Y   0.49418 0.47404 0.01622 0.01556 ( 1)
  97 N   0.92696 0.04127 0.03042 0.00135 ( 1)
  98 L   0.89731 0.07092 0.02945 0.00233 ( 1)
  99 L   0.89731 0.07092 0.02945 0.00233 ( 1)
 100 N   0.93687 0.03135 0.03075 0.00103 ( 1)
 101 K   0.89750 0.07072 0.02946 0.00232 ( 1)


lnL =  -596.535122

