

TREE # 1

  0  0.0000    638.236146  x:  0.00000   0.03019   0.03243   0.01071   0.03746   0.04338   0.01870   0.02157   0.03687   0.01073   0.02773   0.01386   0.02550   0.00848   0.01629   0.03998   0.03055   0.02072   0.02683   0.01841   0.03672   0.03044   0.01357   0.03015   0.00435   0.05696   0.03540   0.04088   0.06585   0.04659   2.00000   1.09989   0.02896   0.27919  
  1 99.0000    638.230696  x:  0.00000   0.03019   0.03243   0.01070   0.03746   0.04338   0.01869   0.02157   0.03686   0.01072   0.02773   0.01386   0.02550   0.00848   0.01629   0.03998   0.03055   0.02072   0.02682   0.01841   0.03671   0.03044   0.01358   0.03015   0.00435   0.05696   0.03540   0.04088   0.06584   0.04659   2.00000   1.09989   0.02896   0.27919  
  2 349.5533    631.756270  x:  0.00000   0.03193   0.02803   0.00628   0.03306   0.04017   0.01405   0.01716   0.03246   0.00629   0.02331   0.00942   0.02525   0.00407   0.01502   0.03685   0.02614   0.01876   0.02241   0.01401   0.03243   0.02885   0.01463   0.03112   0.00000   0.05538   0.03400   0.03992   0.06477   0.04919   2.00002   1.10000   0.02886   0.27687  
  3 1445216.4282    626.104123  x:  0.00000   0.03341   0.02398   0.00220   0.02900   0.03730   0.00975   0.01309   0.02838   0.00219   0.01923   0.00533   0.02499   0.00000   0.01456   0.03408   0.02207   0.01758   0.01834   0.00996   0.02848   0.02759   0.01495   0.03200   0.00000   0.05391   0.03277   0.03715   0.06377   0.05192   1.99994   1.10006   0.02880   0.27399  
  4 12629.8220    623.302849  x:  0.00000   0.03408   0.02182   0.00002   0.02683   0.03594   0.00747   0.01091   0.02621   0.00000   0.01705   0.00314   0.02487   0.00000   0.01408   0.03281   0.01990   0.01712   0.01616   0.00779   0.02639   0.02696   0.01584   0.03232   0.00000   0.05320   0.03223   0.03584   0.06326   0.05306   1.99985   1.10008   0.02879   0.27231  
  5 20560.4829    623.289487  x:  0.00000   0.03408   0.02181   0.00000   0.02682   0.03593   0.00745   0.01090   0.02620   0.00000   0.01704   0.00313   0.02487   0.00000   0.01408   0.03280   0.01989   0.01712   0.01615   0.00778   0.02638   0.02696   0.01584   0.03232   0.00000   0.05320   0.03223   0.03584   0.06325   0.05306   1.99985   1.10008   0.02879   0.27230  
  6 19419.6682    619.914583  x:  0.00000   0.03473   0.01871   0.00000   0.02370   0.03445   0.00420   0.00776   0.02309   0.00000   0.01392   0.00000   0.02470   0.00000   0.01450   0.03144   0.01677   0.01639   0.01303   0.00467   0.02341   0.02625   0.01664   0.03304   0.00000   0.05237   0.03145   0.03518   0.06267   0.05513   1.99972   1.10007   0.02880   0.26966  
  7 10507.9876    615.970881  x:  0.00000   0.03508   0.01471   0.00000   0.01968   0.03274   0.00000   0.00372   0.01910   0.00000   0.00992   0.00000   0.02454   0.00000   0.01333   0.02981   0.01276   0.01604   0.00903   0.00067   0.01959   0.02601   0.01703   0.03364   0.00000   0.05141   0.03054   0.03395   0.06204   0.05759   1.99959   1.10005   0.02881   0.26627  
  8 7049.6878    615.383028  x:  0.00000   0.03536   0.01405   0.00000   0.01902   0.03247   0.00000   0.00305   0.01844   0.00000   0.00926   0.00000   0.02451   0.00000   0.01326   0.02956   0.01210   0.01587   0.00837   0.00000   0.01896   0.02591   0.01715   0.03367   0.00000   0.05125   0.03047   0.03367   0.06194   0.05781   1.99958   1.10005   0.02882   0.26570  
  9 6527.4276    612.952750  x:  0.00000   0.03610   0.01100   0.00000   0.01601   0.03132   0.00000   0.00000   0.01542   0.00000   0.00623   0.00000   0.02435   0.00000   0.01290   0.02856   0.00906   0.01594   0.00534   0.00000   0.01613   0.02428   0.01775   0.03435   0.00000   0.05058   0.03002   0.03264   0.06137   0.05893   1.99952   1.10003   0.02884   0.26299  
 10 4773.3123    609.254571  x:  0.00000   0.03632   0.00566   0.00000   0.01071   0.02981   0.00000   0.00000   0.01010   0.00000   0.00089   0.00000   0.02430   0.00000   0.01221   0.02739   0.00369   0.01428   0.00000   0.00000   0.01111   0.02309   0.01834   0.03438   0.00000   0.04966   0.02921   0.03127   0.06051   0.06110   1.99940   1.10002   0.02889   0.25846  
 11 3351.8809    608.732055  x:  0.00000   0.03654   0.00479   0.00000   0.00983   0.02957   0.00000   0.00000   0.00921   0.00000   0.00000   0.00000   0.02426   0.00000   0.01213   0.02717   0.00280   0.01426   0.00000   0.00000   0.01027   0.02310   0.01843   0.03442   0.00000   0.04952   0.02910   0.03114   0.06039   0.06144   1.99939   1.10002   0.02889   0.25775  
 12 6772.0985    607.385695  x:  0.00000   0.03676   0.00212   0.00000   0.00706   0.02907   0.00000   0.00000   0.00646   0.00000   0.00000   0.00000   0.02428   0.00000   0.01189   0.02646   0.00000   0.01384   0.00000   0.00000   0.00766   0.02296   0.01865   0.03531   0.00000   0.04920   0.02933   0.03057   0.06038   0.06183   1.99936   1.10003   0.02891   0.25558  
 13 1510.8221    606.496084  x:  0.00000   0.03701   0.00000   0.00000   0.00485   0.02867   0.00000   0.00000   0.00426   0.00000   0.00000   0.00000   0.02422   0.00000   0.01177   0.02602   0.00000   0.01368   0.00000   0.00000   0.00558   0.02256   0.01885   0.03522   0.00000   0.04895   0.02906   0.03019   0.06030   0.06231   1.99935   1.10004   0.02892   0.25381  
 14 2933.3604    605.238435  x:  0.00000   0.03733   0.00000   0.00000   0.00061   0.02773   0.00000   0.00000   0.00000   0.00000   0.00000   0.00000   0.02451   0.00000   0.01156   0.02662   0.00000   0.01348   0.00000   0.00000   0.00156   0.02240   0.01909   0.03550   0.00000   0.04845   0.02917   0.02975   0.05870   0.06306   1.99935   1.10011   0.02886   0.25099  
 15 757.8746    605.113830  x:  0.00000   0.03735   0.00000   0.00000   0.00000   0.02768   0.00000   0.00000   0.00000   0.00000   0.00000   0.00000   0.02441   0.00000   0.01154   0.02654   0.00000   0.01345   0.00000   0.00000   0.00098   0.02239   0.01911   0.03553   0.00000   0.04841   0.02914   0.02973   0.05863   0.06311   1.99934   1.10012   0.02885   0.25063  
 16 930.1343    604.997324  x:  0.00000   0.03739   0.00000   0.00000   0.00000   0.02760   0.00000   0.00000   0.00000   0.00000   0.00000   0.00000   0.02453   0.00000   0.01152   0.02636   0.00000   0.01343   0.00000   0.00000   0.00000   0.02236   0.01914   0.03555   0.00000   0.04836   0.02910   0.02971   0.05864   0.06320   1.99934   1.10015   0.02883   0.25006  
 17 1158.7077    604.335131  x:  0.00000   0.03377   0.00000   0.00000   0.00000   0.01177   0.00000   0.00000   0.00000   0.00000   0.00000   0.00000   0.02266   0.00000   0.01257   0.02431   0.00000   0.01453   0.00000   0.00000   0.00000   0.02244   0.01770   0.03102   0.00000   0.04287   0.03759   0.03368   0.06255   0.06122   1.99961   1.10288   0.02614   0.23605  
 18 41.7402    603.266669  x:  0.00000   0.02848   0.00000   0.00000   0.00000   0.02008   0.00000   0.00000   0.00000   0.00000   0.00000   0.00000   0.02258   0.00000   0.01495   0.01896   0.00000   0.01712   0.00000   0.00000   0.00000   0.02255   0.01616   0.02622   0.00000   0.02351   0.04236   0.03529   0.05465   0.05274   2.00199   1.11839   0.01083   0.17038  
 19 32.6590    600.469895  x:  0.00000   0.02193   0.00000   0.00000   0.00000   0.02242   0.00000   0.00000   0.00000   0.00000   0.00000   0.00000   0.02411   0.00000   0.01914   0.01640   0.00000   0.02186   0.00000   0.00000   0.00000   0.02143   0.01551   0.02147   0.00000   0.03481   0.04263   0.03242   0.04583   0.03767   2.00769   1.15762  -0.02787   0.00000  
 20 188.6699    600.092259  x:  0.00000   0.02314   0.00000   0.00000   0.00000   0.01818   0.00000   0.00000   0.00000   0.00000   0.00000   0.00000   0.02389   0.00000   0.01791   0.01035   0.00000   0.01905   0.00000   0.00000   0.00000   0.02382   0.01379   0.02558   0.00000   0.03415   0.03535   0.03621   0.03643   0.03698   2.00441   1.13864  -0.00920   0.00000  
 21 24.4119    599.642272  x:  0.00000   0.02616   0.00000   0.00000   0.00000   0.01314   0.00000   0.00000   0.00000   0.00000   0.00000   0.00000   0.02265   0.00000   0.01771   0.01502   0.00000   0.01737   0.00000   0.00000   0.00000   0.01762   0.01626   0.02906   0.00000   0.02874   0.02549   0.02710   0.03556   0.03362   2.00651   1.16614  -0.03638   0.00000  
 22 10.5866    599.276120  x:  0.00000   0.02897   0.00000   0.00000   0.00000   0.01299   0.00000   0.00000   0.00000   0.00000   0.00000   0.00000   0.02057   0.00000   0.01726   0.01306   0.00000   0.01654   0.00000   0.00000   0.00000   0.01027   0.01884   0.02761   0.00000   0.02868   0.02914   0.02008   0.03154   0.03829   2.00807   1.18760  -0.05760   0.00000  
 23 75.5332    598.283700  x:  0.00000   0.02784   0.00000   0.00000   0.00000   0.01085   0.00000   0.00000   0.00000   0.00000   0.00000   0.00000   0.01980   0.00000   0.01535   0.00866   0.00000   0.01249   0.00000   0.00000   0.00000   0.01280   0.01877   0.02643   0.00000   0.02418   0.02093   0.02396   0.03593   0.04636   2.02598   1.37639  -0.24672   0.00000  
 24  6.4413    598.091107  x:  0.00000   0.02782   0.00000   0.00000   0.00000   0.01022   0.00000   0.00000   0.00000   0.00000   0.00000   0.00000   0.01960   0.00000   0.01462   0.00722   0.00000   0.01110   0.00000   0.00000   0.00000   0.01343   0.01875   0.02599   0.00000   0.02275   0.01842   0.02549   0.03747   0.04876   2.03250   1.43893  -0.30936   0.02797  
 25 45.3962    597.909328  x:  0.00000   0.03309   0.00000   0.00000   0.00000   0.01140   0.00000   0.00000   0.00000   0.00000   0.00000   0.00000   0.02023   0.00000   0.01364   0.00755   0.00000   0.01056   0.00000   0.00000   0.00000   0.01085   0.01858   0.02598   0.00000   0.02222   0.02127   0.03161   0.03820   0.04635   2.04272   1.50635  -0.37668   0.04037  
 26  4.7442    597.716822  x:  0.00000   0.03722   0.00000   0.00000   0.00000   0.01150   0.00000   0.00000   0.00000   0.00000   0.00000   0.00000   0.02090   0.00000   0.01368   0.00699   0.00000   0.01267   0.00000   0.00000   0.00000   0.01570   0.01744   0.02697   0.00000   0.02171   0.02493   0.02761   0.03875   0.04713   2.05890   1.57773  -0.44785   0.05533  
 27  4.2769    597.543165  x:  0.00000   0.03493   0.00000   0.00000   0.00000   0.01157   0.00000   0.00000   0.00000   0.00000   0.00000   0.00000   0.02244   0.00000   0.01282   0.01035   0.00000   0.01321   0.00000   0.00000   0.00000   0.01655   0.01558   0.02924   0.00000   0.02249   0.02465   0.03053   0.03524   0.05228   2.07847   1.62854  -0.49921   0.06733  
 28  1.6643    597.111622  x:  0.00000   0.03423   0.00000   0.00000   0.00000   0.01151   0.00000   0.00000   0.00000   0.00000   0.00000   0.00000   0.02692   0.00000   0.00864   0.00978   0.00000   0.01321   0.00000   0.00000   0.00000   0.01407   0.02007   0.03585   0.00000   0.02879   0.02588   0.02697   0.04485   0.05456   2.12668   1.63294  -0.50403   0.06851  
 29  0.4350    596.900413  x:  0.00000   0.03837   0.00000   0.00000   0.00000   0.01196   0.00000   0.00000   0.00000   0.00000   0.00000   0.00000   0.02894   0.00000   0.01379   0.01046   0.00000   0.01086   0.00000   0.00000   0.00000   0.01384   0.01862   0.03506   0.00000   0.03359   0.02387   0.02478   0.04854   0.05712   2.15035   1.61909  -0.48963   0.06550  
 30  0.4874    596.897009  x:  0.00156   0.03848   0.00000   0.00000   0.00000   0.01197   0.00000   0.00000   0.00000   0.00000   0.00000   0.00000   0.02898   0.00000   0.01390   0.01048   0.00000   0.01081   0.00000   0.00000   0.00000   0.01385   0.01861   0.03502   0.00000   0.03371   0.02381   0.02474   0.04861   0.05718   2.15090   1.61866  -0.48918   0.06540  
 31  4.1387    596.805277  x:  0.00077   0.04201   0.00000   0.00000   0.00000   0.01173   0.00000   0.00000   0.00000   0.00000   0.00000   0.00000   0.02794   0.00000   0.01257   0.01152   0.00000   0.01056   0.00000   0.00000   0.00000   0.01534   0.02220   0.03126   0.00000   0.03572   0.02216   0.02493   0.04666   0.05824   2.15359   1.60029  -0.47049   0.06111  
 32  0.5325    596.755538  x:  0.00045   0.04329   0.00000   0.00000   0.00000   0.01208   0.00000   0.00000   0.00000   0.00000   0.00000   0.00000   0.02586   0.00000   0.01238   0.01146   0.00000   0.01336   0.00000   0.00000   0.00000   0.01442   0.02114   0.03135   0.00000   0.03681   0.02042   0.02527   0.04783   0.05961   2.14661   1.59546  -0.46590   0.05893  
 33  0.1193    596.672462  x:  0.00161   0.04391   0.00000   0.00000   0.00000   0.01234   0.00000   0.00000   0.00000   0.00000   0.00000   0.00000   0.02136   0.00000   0.01113   0.01186   0.00000   0.01139   0.00000   0.00000   0.00000   0.01455   0.01951   0.03269   0.00000   0.03766   0.02182   0.02419   0.04876   0.06194   2.11925   1.59142  -0.46201   0.05415  
 34  0.1666    596.638331  x:  0.00065   0.04349   0.00000   0.00000   0.00000   0.01230   0.00000   0.00000   0.00000   0.00000   0.00000   0.00000   0.02035   0.00000   0.01240   0.01177   0.00000   0.01201   0.00000   0.00000   0.00000   0.01422   0.02230   0.03471   0.00000   0.03757   0.02300   0.02497   0.04839   0.06359   2.09950   1.60111  -0.47150   0.05452  
 35  0.2022    596.567563  x:  0.00159   0.04480   0.00000   0.00000   0.00000   0.01042   0.00000   0.00000   0.00000   0.00000   0.00000   0.00000   0.02323   0.00000   0.01195   0.01156   0.00000   0.01196   0.00000   0.00000   0.00000   0.01296   0.02215   0.03512   0.00000   0.03742   0.02415   0.02396   0.04799   0.06768   2.04932   1.58958  -0.46015   0.04656  
 36  0.2071    596.544214  x:  0.00227   0.04553   0.00000   0.00000   0.00000   0.01221   0.00000   0.00000   0.00000   0.00000   0.00000   0.00000   0.02416   0.00000   0.01159   0.01152   0.00000   0.01142   0.00000   0.00000   0.00000   0.01286   0.02227   0.03567   0.00000   0.03644   0.02378   0.02319   0.04772   0.07050   2.07091   1.60858  -0.47920   0.04841  
 37  0.0461    596.537679  x:  0.00253   0.04623   0.00000   0.00000   0.00000   0.01160   0.00000   0.00000   0.00000   0.00000   0.00000   0.00000   0.02385   0.00000   0.01154   0.01164   0.00000   0.01152   0.00000   0.00000   0.00000   0.01303   0.02197   0.03550   0.00000   0.03554   0.02372   0.02297   0.04779   0.07202   2.09320   1.62128  -0.49191   0.05137  
 38  0.0291    596.536381  x:  0.00273   0.04640   0.00000   0.00000   0.00000   0.01159   0.00000   0.00000   0.00000   0.00000   0.00000   0.00000   0.02365   0.00000   0.01169   0.01162   0.00000   0.01161   0.00000   0.00000   0.00000   0.01316   0.02191   0.03536   0.00000   0.03521   0.02363   0.02284   0.04773   0.07250   2.07316   1.61144  -0.48206   0.04971  
 39  0.0188    596.535772  x:  0.00286   0.04643   0.00000   0.00000   0.00000   0.01162   0.00000   0.00000   0.00000   0.00000   0.00000   0.00000   0.02365   0.00000   0.01179   0.01152   0.00000   0.01162   0.00000   0.00000   0.00000   0.01319   0.02200   0.03541   0.00000   0.03512   0.02365   0.02272   0.04773   0.07259   2.09237   1.59702  -0.46759   0.04809  
 40  0.0145    596.535260  x:  0.00302   0.04656   0.00000   0.00000   0.00000   0.01167   0.00000   0.00000   0.00000   0.00000   0.00000   0.00000   0.02377   0.00000   0.01177   0.01148   0.00000   0.01158   0.00000   0.00000   0.00000   0.01321   0.02207   0.03555   0.00000   0.03517   0.02369   0.02257   0.04790   0.07269   2.08559   1.58563  -0.45615   0.04769  
 41  0.0127    596.535142  x:  0.00317   0.04670   0.00000   0.00000   0.00000   0.01166   0.00000   0.00000   0.00000   0.00000   0.00000   0.00000   0.02378   0.00000   0.01170   0.01155   0.00000   0.01161   0.00000   0.00000   0.00000   0.01320   0.02206   0.03565   0.00000   0.03530   0.02375   0.02249   0.04801   0.07283   2.08645   1.58181  -0.45233   0.04717  
 42  0.0040    596.535137  x:  0.00317   0.04670   0.00000   0.00000   0.00000   0.01166   0.00000   0.00000   0.00000   0.00000   0.00000   0.00000   0.02379   0.00000   0.01173   0.01157   0.00000   0.01162   0.00000   0.00000   0.00000   0.01321   0.02206   0.03568   0.00000   0.03531   0.02375   0.02249   0.04799   0.07285   2.08667   1.58150  -0.45200   0.04714  
 43  0.0004    596.535136  x:  0.00316   0.04670   0.00000   0.00000   0.00000   0.01166   0.00000   0.00000   0.00000   0.00000   0.00000   0.00000   0.02378   0.00000   0.01173   0.01157   0.00000   0.01162   0.00000   0.00000   0.00000   0.01321   0.02206   0.03567   0.00000   0.03531   0.02375   0.02249   0.04798   0.07285   2.08664   1.58149  -0.45197   0.04714  
 44  0.0000    596.535136  x:  0.00316   0.04670   0.00000   0.00000   0.00000   0.01166   0.00000   0.00000   0.00000   0.00000   0.00000   0.00000   0.02378   0.00000   0.01173   0.01157   0.00000   0.01162   0.00000   0.00000   0.00000   0.01321   0.02206   0.03567   0.00000   0.03531   0.02375   0.02249   0.04798   0.07285   2.08665   1.58150  -0.45197   0.04714  
 45  0.0000    596.535136  x:  0.00316   0.04670   0.00000   0.00000   0.00000   0.01166   0.00000   0.00000   0.00000   0.00000   0.00000   0.00000   0.02378   0.00000   0.01173   0.01157   0.00000   0.01162   0.00000   0.00000   0.00000   0.01321   0.02206   0.03567   0.00000   0.03531   0.02375   0.02249   0.04798   0.07285   2.08665   1.58151  -0.45196   0.04714  
 46  0.0000    596.535136  x:  0.00316   0.04670   0.00000   0.00000   0.00000   0.01166   0.00000   0.00000   0.00000   0.00000   0.00000   0.00000   0.02378   0.00000   0.01173   0.01157   0.00000   0.01162   0.00000   0.00000   0.00000   0.01321   0.02206   0.03567   0.00000   0.03531   0.02375   0.02249   0.04798   0.07285   2.08665   1.58151  -0.45195   0.04714  
 47  0.0000    596.535136  x:  0.00316   0.04670   0.00000   0.00000   0.00000   0.01166   0.00000   0.00000   0.00000   0.00000   0.00000   0.00000   0.02378   0.00000   0.01173   0.01157   0.00000   0.01162   0.00000   0.00000   0.00000   0.01321   0.02206   0.03567   0.00000   0.03531   0.02375   0.02249   0.04798   0.07285   2.08664   1.58157  -0.45190   0.04714  
 48  0.0000    596.535136  x:  0.00316   0.04670   0.00000   0.00000   0.00000   0.01166   0.00000   0.00000   0.00000   0.00000   0.00000   0.00000   0.02378   0.00000   0.01173   0.01157   0.00000   0.01162   0.00000   0.00000   0.00000   0.01321   0.02206   0.03567   0.00000   0.03531   0.02375   0.02249   0.04798   0.07285   2.08665   1.58173  -0.45174   0.04714  
 49  0.0000    596.535136  x:  0.00316   0.04670   0.00000   0.00000   0.00000   0.01166   0.00000   0.00000   0.00000   0.00000   0.00000   0.00000   0.02379   0.00000   0.01173   0.01157   0.00000   0.01162   0.00000   0.00000   0.00000   0.01321   0.02206   0.03567   0.00000   0.03531   0.02375   0.02250   0.04798   0.07285   2.08671   1.58598  -0.44750   0.04714  
 50  0.0028    596.535136  x:  0.00315   0.04670   0.00000   0.00000   0.00000   0.01166   0.00000   0.00000   0.00000   0.00000   0.00000   0.00000   0.02379   0.00000   0.01173   0.01157   0.00000   0.01162   0.00000   0.00000   0.00000   0.01321   0.02206   0.03567   0.00000   0.03531   0.02375   0.02251   0.04798   0.07285   2.08669   1.60242  -0.43106   0.04714  
 51  0.0029    596.535125  x:  0.00187   0.04675   0.00000   0.00000   0.00000   0.01166   0.00000   0.00000   0.00000   0.00000   0.00000   0.00000   0.02378   0.00000   0.01173   0.01157   0.00000   0.01162   0.00000   0.00000   0.00000   0.01321   0.02207   0.03568   0.00000   0.03529   0.02376   0.02379   0.04796   0.07280   2.08574   3.74650   1.71271   0.04715  
 52  2.0481    596.535124  x:  0.00213   0.04673   0.00000   0.00000   0.00000   0.01166   0.00000   0.00000   0.00000   0.00000   0.00000   0.00000   0.02378   0.00000   0.01173   0.01157   0.00000   0.01162   0.00000   0.00000   0.00000   0.01321   0.02206   0.03568   0.00000   0.03530   0.02376   0.02353   0.04797   0.07282   2.08604   3.31004   1.27635   0.04715  
 53  1.2920    596.535124  x:  0.00213   0.04673   0.00000   0.00000   0.00000   0.01166   0.00000   0.00000   0.00000   0.00000   0.00000   0.00000   0.02378   0.00000   0.01173   0.01157   0.00000   0.01162   0.00000   0.00000   0.00000   0.01321   0.02206   0.03568   0.00000   0.03530   0.02376   0.02353   0.04797   0.07282   2.08604   3.31004   1.27635   0.04715  
 54  2.4110    596.535122  x:  0.00214   0.04670   0.00000   0.00000   0.00000   0.01166   0.00000   0.00000   0.00000   0.00000   0.00000   0.00000   0.02378   0.00000   0.01173   0.01157   0.00000   0.01162   0.00000   0.00000   0.00000   0.01321   0.02206   0.03567   0.00000   0.03531   0.02375   0.02352   0.04797   0.07284   2.08681   3.28630   1.25270   0.04715  
 55  0.0222    596.535122  x:  0.00213   0.04670   0.00000   0.00000   0.00000   0.01166   0.00000   0.00000   0.00000   0.00000   0.00000   0.00000   0.02378   0.00000   0.01173   0.01157   0.00000   0.01162   0.00000   0.00000   0.00000   0.01321   0.02206   0.03567   0.00000   0.03531   0.02375   0.02352   0.04798   0.07285   2.08661   3.29274   1.25928   0.04714  
 56  0.0095    596.535122  x:  0.00213   0.04670   0.00000   0.00000   0.00000   0.01166   0.00000   0.00000   0.00000   0.00000   0.00000   0.00000   0.02378   0.00000   0.01173   0.01157   0.00000   0.01162   0.00000   0.00000   0.00000   0.01321   0.02206   0.03567   0.00000   0.03531   0.02375   0.02352   0.04798   0.07285   2.08658   3.29370   1.26025   0.04714  