Supplemental results for CODEML (seqf: /Users/YY/Desktop/get/branch_site/modify/modify_trim_muscle_rpl36.fa  treef: /Users/YY/Desktop/get/branch_site/16gene_topu.tree)


dN/dS (w) for site classes (K=4)

site class             0        1       2a       2b
proportion       1.00000  0.00000  0.00000  0.00000
background w     0.00000  1.00000  0.00000  1.00000
foreground w     0.00000  1.00000  1.00000  1.00000

Naive Empirical Bayes (NEB) probabilities for 4 classes
(amino acids refer to 1st sequence: NC_008325)

   1 M   1.00000 0.00000 0.00000 0.00000 ( 1)
   2 K   1.00000 0.00000 0.00000 0.00000 ( 1)
   3 I   1.00000 0.00000 0.00000 0.00000 ( 1)
   4 R   1.00000 0.00000 0.00000 0.00000 ( 1)
   5 A   1.00000 0.00000 0.00000 0.00000 ( 1)
   6 S   1.00000 0.00000 0.00000 0.00000 ( 1)
   7 V   1.00000 0.00000 0.00000 0.00000 ( 1)
   8 R   1.00000 0.00000 0.00000 0.00000 ( 1)
   9 K   1.00000 0.00000 0.00000 0.00000 ( 1)
  10 I   1.00000 0.00000 0.00000 0.00000 ( 1)
  11 C   1.00000 0.00000 0.00000 0.00000 ( 1)
  12 E   1.00000 0.00000 0.00000 0.00000 ( 1)
  13 K   1.00000 0.00000 0.00000 0.00000 ( 1)
  14 C   1.00000 0.00000 0.00000 0.00000 ( 1)
  15 R   1.00000 0.00000 0.00000 0.00000 ( 1)
  16 L   1.00000 0.00000 0.00000 0.00000 ( 1)
  17 I   1.00000 0.00000 0.00000 0.00000 ( 1)
  18 R   1.00000 0.00000 0.00000 0.00000 ( 1)
  19 R   1.00000 0.00000 0.00000 0.00000 ( 1)
  20 R   1.00000 0.00000 0.00000 0.00000 ( 1)
  21 G   1.00000 0.00000 0.00000 0.00000 ( 1)
  22 R   1.00000 0.00000 0.00000 0.00000 ( 1)
  23 I   1.00000 0.00000 0.00000 0.00000 ( 1)
  24 I   1.00000 0.00000 0.00000 0.00000 ( 1)
  25 V   1.00000 0.00000 0.00000 0.00000 ( 1)
  26 I   1.00000 0.00000 0.00000 0.00000 ( 1)
  27 C   1.00000 0.00000 0.00000 0.00000 ( 1)
  28 S   1.00000 0.00000 0.00000 0.00000 ( 1)
  29 N   1.00000 0.00000 0.00000 0.00000 ( 1)
  30 P   1.00000 0.00000 0.00000 0.00000 ( 1)
  31 R   1.00000 0.00000 0.00000 0.00000 ( 1)
  32 H   1.00000 0.00000 0.00000 0.00000 ( 1)
  33 K   1.00000 0.00000 0.00000 0.00000 ( 1)
  34 Q   1.00000 0.00000 0.00000 0.00000 ( 1)
  35 R   1.00000 0.00000 0.00000 0.00000 ( 1)
  36 Q   1.00000 0.00000 0.00000 0.00000 ( 1)
  37 G   1.00000 0.00000 0.00000 0.00000 ( 1)


lnL =  -156.939325

