

TREE # 1

  0  0.0000    198.776243  x:  0.00000   0.01451   0.05944   0.01928   0.06907   0.06817   0.03354   0.03966   0.06764   0.01968   0.05088   0.02543   0.02387   0.01626   0.01949   0.06091   0.05623   0.02613   0.04945   0.03402   0.07186   0.03656   0.01281   0.01971   0.00925   0.06948   0.04143   0.04088   0.08530   0.05195   2.00000   1.09989   0.02896   0.27919  
  1 99.0000    198.775442  x:  0.00000   0.01451   0.05944   0.01928   0.06906   0.06817   0.03354   0.03966   0.06764   0.01968   0.05088   0.02543   0.02387   0.01626   0.01949   0.06091   0.05623   0.02613   0.04945   0.03402   0.07186   0.03656   0.01281   0.01971   0.00925   0.06948   0.04143   0.04088   0.08530   0.05195   2.00000   1.09989   0.02896   0.27919  
  2 169.4136    190.703198  x:  0.00000   0.00529   0.05031   0.01006   0.05996   0.05906   0.02385   0.03049   0.05853   0.01046   0.04173   0.01622   0.01466   0.00703   0.01027   0.05178   0.04709   0.01692   0.04030   0.02483   0.06276   0.02738   0.00357   0.01049   0.00000   0.06037   0.03226   0.03206   0.08000   0.05811   1.99995   1.10002   0.02884   0.27405  
  3 6431.6382    187.530712  x:  0.00000   0.00174   0.04675   0.00650   0.05641   0.05551   0.01962   0.02693   0.05498   0.00690   0.03817   0.01266   0.01110   0.00347   0.00670   0.04823   0.04354   0.01336   0.03674   0.02127   0.05922   0.02382   0.00000   0.00692   0.00000   0.05682   0.02870   0.02857   0.07689   0.05720   1.99992   1.09918   0.02971   0.25991  
  4 462.1602    186.240469  x:  0.00000   0.00000   0.04525   0.00481   0.05497   0.05406   0.01500   0.02534   0.05351   0.00522   0.03664   0.01101   0.00944   0.00177   0.00502   0.04674   0.04203   0.01171   0.03519   0.01966   0.05775   0.02221   0.00000   0.00525   0.00000   0.05537   0.02713   0.02634   0.08553   0.05707   2.00019   1.10129   0.02758   0.25418  
  5 84.4840    184.833928  x:  0.00000   0.00000   0.04388   0.00307   0.05369   0.05277   0.00779   0.02379   0.05219   0.00351   0.03520   0.00935   0.00776   0.00000   0.00330   0.04540   0.04063   0.01003   0.03372   0.01806   0.05642   0.02065   0.00000   0.00355   0.00000   0.05410   0.02563   0.02495   0.08582   0.05738   2.00067   1.10540   0.02336   0.24979  
  6 110.2344    182.247851  x:  0.00000   0.00000   0.04054   0.00000   0.05033   0.04941   0.00797   0.02066   0.04885   0.00044   0.03200   0.00627   0.00483   0.00000   0.00026   0.04210   0.03733   0.00695   0.03050   0.01483   0.05253   0.01740   0.00000   0.00049   0.00000   0.05074   0.02242   0.02022   0.08540   0.05883   2.00202   1.12638   0.00428   0.23434  
  7 59.0901    182.085834  x:  0.00000   0.00000   0.04028   0.00000   0.05007   0.04914   0.00873   0.02041   0.04859   0.00017   0.03174   0.00600   0.00459   0.00000   0.00000   0.04184   0.03706   0.00669   0.03024   0.01455   0.05222   0.01713   0.00000   0.00023   0.00000   0.05048   0.02215   0.02005   0.08538   0.05888   2.00214   1.12761   0.00323   0.23359  
  8 123.1254    181.959896  x:  0.00000   0.00000   0.04011   0.00000   0.04991   0.04898   0.00841   0.02025   0.04843   0.00000   0.03158   0.00584   0.00444   0.00000   0.00000   0.04168   0.03690   0.00652   0.03008   0.01438   0.05201   0.01696   0.00000   0.00006   0.00000   0.05032   0.02199   0.02002   0.08539   0.05891   2.00230   1.12910   0.00186   0.23272  
  9 98.5870    181.919834  x:  0.00000   0.00000   0.04006   0.00000   0.04986   0.04893   0.00823   0.02020   0.04838   0.00000   0.03153   0.00578   0.00438   0.00000   0.00000   0.04163   0.03685   0.00646   0.03002   0.01432   0.05194   0.01690   0.00000   0.00000   0.00000   0.05027   0.02193   0.02006   0.08540   0.05891   2.00236   1.12952   0.00147   0.23247  
 10 736.4665    180.146373  x:  0.00000   0.00000   0.03766   0.00000   0.04769   0.04676   0.00000   0.01784   0.04620   0.00000   0.02918   0.00318   0.00199   0.00000   0.00000   0.03943   0.03456   0.00376   0.02762   0.01161   0.04882   0.01423   0.00000   0.00000   0.00000   0.04814   0.01946   0.02146   0.08587   0.05924   2.00566   1.15447  -0.02161   0.21838  
 11 476.6603    179.430047  x:  0.00000   0.00000   0.03645   0.00000   0.04689   0.04595   0.00000   0.01624   0.04533   0.00000   0.02783   0.00111   0.00000   0.00000   0.00000   0.03843   0.03340   0.00158   0.02619   0.00961   0.04720   0.01232   0.00000   0.00000   0.00000   0.04740   0.01784   0.02672   0.08638   0.05928   2.00760   1.16648  -0.03388   0.21175  
 12 208.6651    178.606221  x:  0.00000   0.00000   0.03509   0.00000   0.04550   0.04457   0.00000   0.01508   0.04396   0.00000   0.02654   0.00000   0.00000   0.00000   0.00000   0.03709   0.03208   0.00041   0.02490   0.00838   0.04563   0.01108   0.00000   0.00000   0.00000   0.04600   0.01660   0.02434   0.08616   0.05940   2.01006   1.17600  -0.04588   0.20658  
 13 103.4739    178.080724  x:  0.00000   0.00000   0.03424   0.00000   0.04453   0.04361   0.00000   0.01454   0.04304   0.00000   0.02582   0.00000   0.00000   0.00000   0.00000   0.03623   0.03126   0.00000   0.02420   0.00784   0.04451   0.01050   0.00000   0.00000   0.00000   0.04502   0.01597   0.02210   0.08598   0.05951   2.01237   1.18510  -0.05739   0.20152  
 14 438.0955    171.940722  x:  0.00000   0.00000   0.02356   0.00000   0.03159   0.03093   0.00000   0.00942   0.03192   0.00000   0.01759   0.00000   0.00000   0.00000   0.00000   0.02532   0.02056   0.00000   0.01609   0.00109   0.02774   0.00337   0.00000   0.00000   0.00000   0.03222   0.00825   0.00000   0.08439   0.06044   2.04066   1.29020  -0.18665   0.14644  
 15 1173.7390    171.940722  x:  0.00000   0.00000   0.02356   0.00000   0.03159   0.03093   0.00000   0.00942   0.03192   0.00000   0.01759   0.00000   0.00000   0.00000   0.00000   0.02532   0.02056   0.00000   0.01609   0.00109   0.02774   0.00337   0.00000   0.00000   0.00000   0.03222   0.00825   0.00000   0.08439   0.06044   2.04066   1.29020  -0.18665   0.14644  
 16 16.4515    171.397941  x:  0.00000   0.00000   0.02247   0.00000   0.03052   0.02985   0.00000   0.00833   0.03084   0.00000   0.01651   0.00000   0.00000   0.00000   0.00000   0.02424   0.01948   0.00000   0.01500   0.00000   0.02666   0.00228   0.00000   0.00000   0.00000   0.03114   0.00716   0.00000   0.08374   0.06165   2.04065   1.29023  -0.18668   0.14598  
 17 126.1603    170.337452  x:  0.00000   0.00000   0.02021   0.00000   0.02826   0.02760   0.00000   0.00606   0.02859   0.00000   0.01424   0.00000   0.00000   0.00000   0.00000   0.02198   0.01722   0.00000   0.01274   0.00000   0.02440   0.00000   0.00000   0.00000   0.00000   0.02889   0.00489   0.00000   0.08237   0.06413   2.04064   1.29030  -0.18674   0.14503  
 18 5286290.4812    168.223599  x:  0.00000   0.00000   0.01535   0.00000   0.02342   0.02275   0.00000   0.00118   0.02374   0.00000   0.00937   0.00000   0.00000   0.00000   0.00000   0.01713   0.01235   0.00000   0.00786   0.00000   0.01955   0.00000   0.00000   0.00000   0.00000   0.02404   0.00000   0.00000   0.07959   0.06922   2.04062   1.29041  -0.18686   0.14290  
 19 6851.8556    167.749530  x:  0.00000   0.00000   0.01419   0.00000   0.02225   0.02159   0.00000   0.00000   0.02258   0.00000   0.00820   0.00000   0.00000   0.00000   0.00000   0.01596   0.01118   0.00000   0.00669   0.00000   0.01838   0.00000   0.00000   0.00000   0.00000   0.02288   0.00000   0.00000   0.07886   0.07052   2.04062   1.29045  -0.18690   0.14234  
 20 2737.5973    165.285638  x:  0.00000   0.00000   0.00751   0.00000   0.01560   0.01493   0.00000   0.00000   0.01592   0.00000   0.00152   0.00000   0.00000   0.00000   0.00000   0.00929   0.00451   0.00000   0.00000   0.00000   0.01172   0.00000   0.00000   0.00000   0.00000   0.01622   0.00000   0.00000   0.07544   0.07707   2.04059   1.29057  -0.18702   0.13813  
 21 1759.5335    164.774409  x:  0.00000   0.00000   0.00600   0.00000   0.01409   0.01342   0.00000   0.00000   0.01442   0.00000   0.00000   0.00000   0.00000   0.00000   0.00000   0.00778   0.00300   0.00000   0.00000   0.00000   0.01021   0.00000   0.00000   0.00000   0.00000   0.01471   0.00000   0.00000   0.07465   0.07865   2.04059   1.29060  -0.18704   0.13707  
 22 2256.9912    163.870059  x:  0.00000   0.00000   0.00301   0.00000   0.01111   0.01044   0.00000   0.00000   0.01143   0.00000   0.00000   0.00000   0.00000   0.00000   0.00000   0.00479   0.00000   0.00000   0.00000   0.00000   0.00722   0.00000   0.00000   0.00000   0.00000   0.01173   0.00000   0.00000   0.07331   0.08140   2.04058   1.29062  -0.18707   0.13461  
 23 1566.1604    163.065327  x:  0.00000   0.00000   0.00000   0.00000   0.00811   0.00744   0.00000   0.00000   0.00843   0.00000   0.00000   0.00000   0.00000   0.00000   0.00000   0.00178   0.00000   0.00000   0.00000   0.00000   0.00422   0.00000   0.00000   0.00000   0.00000   0.00873   0.00000   0.00000   0.07199   0.08404   2.04057   1.29066  -0.18711   0.13220  
 24 7734.5972    162.655378  x:  0.00000   0.00000   0.00000   0.00000   0.00633   0.00567   0.00000   0.00000   0.00665   0.00000   0.00000   0.00000   0.00000   0.00000   0.00000   0.00000   0.00000   0.00000   0.00000   0.00000   0.00244   0.00000   0.00000   0.00000   0.00000   0.00695   0.00000   0.00000   0.07131   0.08542   2.04057   1.29068  -0.18713   0.13077  
 25 1443.5791    162.181562  x:  0.00000   0.00000   0.00000   0.00000   0.00391   0.00324   0.00000   0.00000   0.00422   0.00000   0.00000   0.00000   0.00000   0.00000   0.00000   0.00000   0.00000   0.00000   0.00000   0.00000   0.00000   0.00000   0.00000   0.00000   0.00000   0.00452   0.00000   0.00000   0.07043   0.08708   2.04056   1.29072  -0.18716   0.12891  
 26 1329.4630    161.674551  x:  0.00000   0.00000   0.00000   0.00000   0.00067   0.00000   0.00000   0.00000   0.00099   0.00000   0.00000   0.00000   0.00000   0.00000   0.00000   0.00000   0.00000   0.00000   0.00000   0.00000   0.00000   0.00000   0.00000   0.00000   0.00000   0.00129   0.00000   0.00000   0.06952   0.08889   2.04056   1.29078  -0.18723   0.12660  
 27 587.3527    161.593893  x:  0.00000   0.00000   0.00000   0.00000   0.00000   0.00000   0.00000   0.00000   0.00032   0.00000   0.00000   0.00000   0.00000   0.00000   0.00000   0.00000   0.00000   0.00000   0.00000   0.00000   0.00000   0.00000   0.00000   0.00000   0.00000   0.00062   0.00000   0.00000   0.06933   0.08919   2.04056   1.29079  -0.18724   0.12616  
 28 608.4039    161.568702  x:  0.00000   0.00000   0.00000   0.00000   0.00000   0.00000   0.00000   0.00000   0.00000   0.00000   0.00000   0.00000   0.00000   0.00000   0.00000   0.00000   0.00000   0.00000   0.00000   0.00000   0.00000   0.00000   0.00000   0.00000   0.00000   0.00030   0.00000   0.00000   0.06929   0.08929   2.04056   1.29080  -0.18725   0.12599  
 29 220.4010    161.554394  x:  0.00000   0.00000   0.00000   0.00000   0.00000   0.00000   0.00000   0.00000   0.00000   0.00000   0.00000   0.00000   0.00000   0.00000   0.00000   0.00000   0.00000   0.00000   0.00000   0.00000   0.00000   0.00000   0.00000   0.00000   0.00000   0.00000   0.00000   0.00000   0.06918   0.08933   2.04056   1.29082  -0.18726   0.12585  
 30 149.8233    160.238893  x:  0.00000   0.00000   0.00000   0.00000   0.00000   0.00000   0.00000   0.00000   0.00000   0.00000   0.00000   0.00000   0.00000   0.00000   0.00000   0.00000   0.00000   0.00000   0.00000   0.00000   0.00000   0.00000   0.00000   0.00000   0.00000   0.00000   0.00000   0.00000   0.06742   0.08237   2.03882   1.31780  -0.21425   0.00000  
 31  9.4241    159.888961  x:  0.00000   0.00000   0.00000   0.00000   0.00000   0.00000   0.00000   0.00000   0.00000   0.00000   0.00000   0.00000   0.00000   0.00000   0.00000   0.00000   0.00000   0.00000   0.00000   0.00000   0.00000   0.00000   0.00000   0.00000   0.00000   0.00000   0.00000   0.00000   0.03825   0.11038   2.04610   1.22659  -0.12304   0.00000  
 32  3.6716    159.602911  x:  0.00000   0.00000   0.00000   0.00000   0.00000   0.00000   0.00000   0.00000   0.00000   0.00000   0.00000   0.00000   0.00000   0.00000   0.00000   0.00000   0.00000   0.00000   0.00000   0.00000   0.00000   0.00000   0.00000   0.00000   0.00000   0.00000   0.00000   0.00000   0.02038   0.09716   2.04030   1.34989  -0.24634   0.00000  
 33 45.1118    159.357987  x:  0.00000   0.00000   0.00000   0.00000   0.00000   0.00000   0.00000   0.00000   0.00000   0.00000   0.00000   0.00000   0.00000   0.00000   0.00000   0.00000   0.00000   0.00000   0.00000   0.00000   0.00000   0.00000   0.00000   0.00000   0.00000   0.00000   0.00000   0.00000   0.02737   0.07365   1.87845   1.51970  -0.41615   0.00000  
 34  0.3567    158.627109  x:  0.00000   0.00000   0.00000   0.00000   0.00000   0.00000   0.00000   0.00000   0.00000   0.00000   0.00000   0.00000   0.00000   0.00000   0.00000   0.00000   0.00000   0.00000   0.00000   0.00000   0.00000   0.00000   0.00000   0.00000   0.00000   0.00000   0.00000   0.00000   0.02755   0.08779   0.88275   1.79566  -0.69212   0.00000  
 35  0.2537    157.275367  x:  0.00000   0.00000   0.00000   0.00000   0.00000   0.00000   0.00000   0.00000   0.00000   0.00000   0.00000   0.00000   0.00000   0.00000   0.00000   0.00000   0.00000   0.00000   0.00000   0.00000   0.00000   0.00000   0.00000   0.00000   0.00000   0.00000   0.00000   0.00000   0.02010   0.14652   2.41135   2.64605  -1.54256   0.00000  
 36  0.3155    157.142874  x:  0.00000   0.00000   0.00000   0.00000   0.00000   0.00000   0.00000   0.00000   0.00000   0.00000   0.00000   0.00000   0.00000   0.00000   0.00000   0.00000   0.00000   0.00000   0.00000   0.00000   0.00000   0.00000   0.00000   0.00000   0.00000   0.00000   0.00000   0.00000   0.03391   0.14361   2.27215   2.85002  -1.74653   0.00000  
 37  0.2166    156.998602  x:  0.00000   0.00000   0.00000   0.00000   0.00000   0.00000   0.00000   0.00000   0.00000   0.00000   0.00000   0.00000   0.00000   0.00000   0.00000   0.00000   0.00000   0.00000   0.00000   0.00000   0.00000   0.00000   0.00000   0.00000   0.00000   0.00000   0.00000   0.00000   0.02825   0.11881   1.80690   3.43446  -2.33099   0.00000  
 38  0.2597    156.968424  x:  0.00000   0.00000   0.00000   0.00000   0.00000   0.00000   0.00000   0.00000   0.00000   0.00000   0.00000   0.00000   0.00000   0.00000   0.00000   0.00000   0.00000   0.00000   0.00000   0.00000   0.00000   0.00000   0.00000   0.00000   0.00000   0.00000   0.00000   0.00000   0.02688   0.13280   1.93638   3.76388  -2.66042   0.00000  
 39  0.1407    156.950421  x:  0.00000   0.00000   0.00000   0.00000   0.00000   0.00000   0.00000   0.00000   0.00000   0.00000   0.00000   0.00000   0.00000   0.00000   0.00000   0.00000   0.00000   0.00000   0.00000   0.00000   0.00000   0.00000   0.00000   0.00000   0.00000   0.00000   0.00000   0.00000   0.02776   0.12487   1.78272   4.35394  -3.25049   0.00000  
 40  0.2574    156.943964  x:  0.00000   0.00000   0.00000   0.00000   0.00000   0.00000   0.00000   0.00000   0.00000   0.00000   0.00000   0.00000   0.00000   0.00000   0.00000   0.00000   0.00000   0.00000   0.00000   0.00000   0.00000   0.00000   0.00000   0.00000   0.00000   0.00000   0.00000   0.00000   0.02805   0.13007   1.92273   4.72225  -3.61882   0.00000  
 41  0.2305    156.940985  x:  0.00000   0.00000   0.00000   0.00000   0.00000   0.00000   0.00000   0.00000   0.00000   0.00000   0.00000   0.00000   0.00000   0.00000   0.00000   0.00000   0.00000   0.00000   0.00000   0.00000   0.00000   0.00000   0.00000   0.00000   0.00000   0.00000   0.00000   0.00000   0.02759   0.12589   1.92688   5.21047  -4.10705   0.00000  
 42  0.2614    156.940211  x:  0.00000   0.00000   0.00000   0.00000   0.00000   0.00000   0.00000   0.00000   0.00000   0.00000   0.00000   0.00000   0.00000   0.00000   0.00000   0.00000   0.00000   0.00000   0.00000   0.00000   0.00000   0.00000   0.00000   0.00000   0.00000   0.00000   0.00000   0.00000   0.02809   0.12764   1.95451   5.57300  -4.46959   0.00000  
 43  0.1947    156.939604  x:  0.00000   0.00000   0.00000   0.00000   0.00000   0.00000   0.00000   0.00000   0.00000   0.00000   0.00000   0.00000   0.00000   0.00000   0.00000   0.00000   0.00000   0.00000   0.00000   0.00000   0.00000   0.00000   0.00000   0.00000   0.00000   0.00000   0.00000   0.00000   0.02762   0.12661   1.91770   6.15871  -5.05532   0.00000  
 44  0.2282    156.939448  x:  0.00000   0.00000   0.00000   0.00000   0.00000   0.00000   0.00000   0.00000   0.00000   0.00000   0.00000   0.00000   0.00000   0.00000   0.00000   0.00000   0.00000   0.00000   0.00000   0.00000   0.00000   0.00000   0.00000   0.00000   0.00000   0.00000   0.00000   0.00000   0.02790   0.12746   1.92067   6.48272  -5.37933   0.00000  
 45  0.2403    156.939368  x:  0.00000   0.00000   0.00000   0.00000   0.00000   0.00000   0.00000   0.00000   0.00000   0.00000   0.00000   0.00000   0.00000   0.00000   0.00000   0.00000   0.00000   0.00000   0.00000   0.00000   0.00000   0.00000   0.00000   0.00000   0.00000   0.00000   0.00000   0.00000   0.02773   0.12701   1.91532   7.15410  -6.05073   0.00000  
 46  0.2247    156.939342  x:  0.00000   0.00000   0.00000   0.00000   0.00000   0.00000   0.00000   0.00000   0.00000   0.00000   0.00000   0.00000   0.00000   0.00000   0.00000   0.00000   0.00000   0.00000   0.00000   0.00000   0.00000   0.00000   0.00000   0.00000   0.00000   0.00000   0.00000   0.00000   0.02785   0.12729   1.92290   7.46382  -6.36047   0.00000  
 47  0.2323    156.939332  x:  0.00000   0.00000   0.00000   0.00000   0.00000   0.00000   0.00000   0.00000   0.00000   0.00000   0.00000   0.00000   0.00000   0.00000   0.00000   0.00000   0.00000   0.00000   0.00000   0.00000   0.00000   0.00000   0.00000   0.00000   0.00000   0.00000   0.00000   0.00000   0.02780   0.12710   1.92217   8.01605  -6.91271   0.00000  
 48  0.2237    156.939328  x:  0.00000   0.00000   0.00000   0.00000   0.00000   0.00000   0.00000   0.00000   0.00000   0.00000   0.00000   0.00000   0.00000   0.00000   0.00000   0.00000   0.00000   0.00000   0.00000   0.00000   0.00000   0.00000   0.00000   0.00000   0.00000   0.00000   0.00000   0.00000   0.02784   0.12725   1.92259   8.39823  -7.29491   0.00000  
 49  0.2368    156.939326  x:  0.00000   0.00000   0.00000   0.00000   0.00000   0.00000   0.00000   0.00000   0.00000   0.00000   0.00000   0.00000   0.00000   0.00000   0.00000   0.00000   0.00000   0.00000   0.00000   0.00000   0.00000   0.00000   0.00000   0.00000   0.00000   0.00000   0.00000   0.00000   0.02781   0.12718   1.92097   8.87784  -7.77453   0.00000  
 50  0.2384    156.939326  x:  0.00000   0.00000   0.00000   0.00000   0.00000   0.00000   0.00000   0.00000   0.00000   0.00000   0.00000   0.00000   0.00000   0.00000   0.00000   0.00000   0.00000   0.00000   0.00000   0.00000   0.00000   0.00000   0.00000   0.00000   0.00000   0.00000   0.00000   0.00000   0.02783   0.12722   1.92204   9.28221  -8.17891   0.00000  
 51  0.2346    156.939325  x:  0.00000   0.00000   0.00000   0.00000   0.00000   0.00000   0.00000   0.00000   0.00000   0.00000   0.00000   0.00000   0.00000   0.00000   0.00000   0.00000   0.00000   0.00000   0.00000   0.00000   0.00000   0.00000   0.00000   0.00000   0.00000   0.00000   0.00000   0.00000   0.02782   0.12719   1.92171   9.77052  -8.66723   0.00000  
 52  0.2484    156.939325  x:  0.00000   0.00000   0.00000   0.00000   0.00000   0.00000   0.00000   0.00000   0.00000   0.00000   0.00000   0.00000   0.00000   0.00000   0.00000   0.00000   0.00000   0.00000   0.00000   0.00000   0.00000   0.00000   0.00000   0.00000   0.00000   0.00000   0.00000   0.00000   0.02783   0.12721   1.92193  10.16739  -9.06411   0.00000  
 53  0.2398    156.939325  x:  0.00000   0.00000   0.00000   0.00000   0.00000   0.00000   0.00000   0.00000   0.00000   0.00000   0.00000   0.00000   0.00000   0.00000   0.00000   0.00000   0.00000   0.00000   0.00000   0.00000   0.00000   0.00000   0.00000   0.00000   0.00000   0.00000   0.00000   0.00000   0.02782   0.12720   1.92171  10.68514  -9.58188   0.00000  
 54  0.2495    156.939325  x:  0.00000   0.00000   0.00000   0.00000   0.00000   0.00000   0.00000   0.00000   0.00000   0.00000   0.00000   0.00000   0.00000   0.00000   0.00000   0.00000   0.00000   0.00000   0.00000   0.00000   0.00000   0.00000   0.00000   0.00000   0.00000   0.00000   0.00000   0.00000   0.02782   0.12721   1.92185  11.05240  -9.94915   0.00000  
 55  0.2390    156.939325  x:  0.00000   0.00000   0.00000   0.00000   0.00000   0.00000   0.00000   0.00000   0.00000   0.00000   0.00000   0.00000   0.00000   0.00000   0.00000   0.00000   0.00000   0.00000   0.00000   0.00000   0.00000   0.00000   0.00000   0.00000   0.00000   0.00000   0.00000   0.00000   0.02782   0.12720   1.92178  11.64821  -10.54498   0.00000  
 56  0.2524    156.939325  x:  0.00000   0.00000   0.00000   0.00000   0.00000   0.00000   0.00000   0.00000   0.00000   0.00000   0.00000   0.00000   0.00000   0.00000   0.00000   0.00000   0.00000   0.00000   0.00000   0.00000   0.00000   0.00000   0.00000   0.00000   0.00000   0.00000   0.00000   0.00000   0.02782   0.12720   1.92183  11.95250  -10.84928   0.00000  
 57  0.2302    156.939325  x:  0.00000   0.00000   0.00000   0.00000   0.00000   0.00000   0.00000   0.00000   0.00000   0.00000   0.00000   0.00000   0.00000   0.00000   0.00000   0.00000   0.00000   0.00000   0.00000   0.00000   0.00000   0.00000   0.00000   0.00000   0.00000   0.00000   0.00000   0.00000   0.02782   0.12720   1.92179  12.79319  -11.68999   0.00000  
 58  0.2512    156.939325  x:  0.00000   0.00000   0.00000   0.00000   0.00000   0.00000   0.00000   0.00000   0.00000   0.00000   0.00000   0.00000   0.00000   0.00000   0.00000   0.00000   0.00000   0.00000   0.00000   0.00000   0.00000   0.00000   0.00000   0.00000   0.00000   0.00000   0.00000   0.00000   0.02782   0.12720   1.92181  12.97136  -11.86817   0.00000  
 59  0.1873    156.939325  x:  0.00000   0.00000   0.00000   0.00000   0.00000   0.00000   0.00000   0.00000   0.00000   0.00000   0.00000   0.00000   0.00000   0.00000   0.00000   0.00000   0.00000   0.00000   0.00000   0.00000   0.00000   0.00000   0.00000   0.00000   0.00000   0.00000   0.00000   0.00000   0.02782   0.12720   1.92182  14.20711  -13.10395   0.00000  
 60  0.2185    156.939325  x:  0.00000   0.00000   0.00000   0.00000   0.00000   0.00000   0.00000   0.00000   0.00000   0.00000   0.00000   0.00000   0.00000   0.00000   0.00000   0.00000   0.00000   0.00000   0.00000   0.00000   0.00000   0.00000   0.00000   0.00000   0.00000   0.00000   0.00000   0.00000   0.02782   0.12720   1.92181  14.38195  -13.27880   0.00000  
 61  0.1545    156.939325  x:  0.00000   0.00000   0.00000   0.00000   0.00000   0.00000   0.00000   0.00000   0.00000   0.00000   0.00000   0.00000   0.00000   0.00000   0.00000   0.00000   0.00000   0.00000   0.00000   0.00000   0.00000   0.00000   0.00000   0.00000   0.00000   0.00000   0.00000   0.00000   0.02782   0.12720   1.92181  14.38195  -13.27880   0.00000  
 62  0.0836    156.939325  x:  0.00000   0.00000   0.00000   0.00000   0.00000   0.00000   0.00000   0.00000   0.00000   0.00000   0.00000   0.00000   0.00000   0.00000   0.00000   0.00000   0.00000   0.00000   0.00000   0.00000   0.00000   0.00000   0.00000   0.00000   0.00000   0.00000   0.00000   0.00000   0.02782   0.12720   1.92181  14.38195  -13.27880   0.00000  
 63  0.0017    156.939325  x:  0.00000   0.00000   0.00000   0.00000   0.00000   0.00000   0.00000   0.00000   0.00000   0.00000   0.00000   0.00000   0.00000   0.00000   0.00000   0.00000   0.00000   0.00000   0.00000   0.00000   0.00000   0.00000   0.00000   0.00000   0.00000   0.00000   0.00000   0.00000   0.02782   0.12720   1.92181  14.38195  -13.27880   0.00000  
check convergence!
