

TREE # 1

  0  0.0000    210.846638  x:  0.00000   0.01684   0.06092   0.02774   0.07079   0.06988   0.03449   0.04051   0.06932   0.02017   0.05215   0.02606   0.03256   0.01663   0.01998   0.06243   0.05760   0.02675   0.05069   0.03487   0.07191   0.03791   0.01289   0.02081   0.00887   0.07233   0.05706   0.04088   0.08544   0.02974   2.00000   1.09989   0.02896   0.27919   2.57308  
  1 99.0000    210.845952  x:  0.00000   0.01684   0.06092   0.02774   0.07079   0.06988   0.03449   0.04051   0.06932   0.02017   0.05214   0.02606   0.03256   0.01662   0.01998   0.06243   0.05760   0.02675   0.05068   0.03487   0.07191   0.03791   0.01289   0.02081   0.00887   0.07233   0.05706   0.04088   0.08544   0.02974   2.00000   1.09989   0.02896   0.27919   2.57308  
  2 161.6192    203.805545  x:  0.00000   0.00796   0.05258   0.02794   0.06194   0.06099   0.02509   0.03159   0.06043   0.01119   0.04322   0.01709   0.03226   0.00764   0.01099   0.05352   0.04869   0.01787   0.04243   0.02602   0.06313   0.02906   0.00399   0.01192   0.00000   0.06355   0.05803   0.03217   0.08025   0.03566   1.99980   1.09963   0.02923   0.27507   2.57308  
  3 18369.9279    200.593738  x:  0.00000   0.00407   0.04989   0.02822   0.05799   0.05687   0.02037   0.02758   0.05630   0.00705   0.03909   0.01295   0.03342   0.00350   0.00685   0.04938   0.04456   0.01394   0.03984   0.02210   0.05915   0.02507   0.00000   0.00793   0.00000   0.05964   0.06288   0.02796   0.07582   0.03517   1.99955   1.09825   0.03068   0.25789   2.57307  
  4 304.6448    198.031641  x:  0.00000   0.00091   0.04792   0.02841   0.05466   0.05339   0.01579   0.02417   0.05281   0.00356   0.03560   0.00945   0.03118   0.00000   0.00335   0.04589   0.04108   0.01063   0.03796   0.01892   0.05592   0.02182   0.00000   0.00467   0.00000   0.05649   0.05968   0.02441   0.07382   0.03484   1.99934   1.09700   0.03198   0.24153   2.57306  
  5 815.0721    197.310011  x:  0.00000   0.00000   0.04744   0.02835   0.05359   0.05230   0.01382   0.02307   0.05173   0.00244   0.03450   0.00833   0.03285   0.00000   0.00223   0.04480   0.03999   0.00956   0.03750   0.01802   0.05503   0.02091   0.00000   0.00375   0.00000   0.05564   0.05833   0.02333   0.07470   0.03479   1.99929   1.09672   0.03226   0.23696   2.57305  
  6 534.7525    196.018306  x:  0.00000   0.00000   0.04686   0.02850   0.05146   0.05020   0.00844   0.02081   0.04962   0.00022   0.03235   0.00611   0.03260   0.00000   0.00000   0.04267   0.03785   0.00740   0.03697   0.01650   0.05362   0.01941   0.00000   0.00221   0.00000   0.05435   0.05854   0.02141   0.07890   0.03481   1.99925   1.09648   0.03247   0.22980   2.57305  
  7 422.4657    195.899549  x:  0.00000   0.00000   0.04683   0.02846   0.05125   0.05000   0.00781   0.02058   0.04942   0.00000   0.03215   0.00590   0.03259   0.00000   0.00000   0.04247   0.03765   0.00719   0.03694   0.01636   0.05350   0.01928   0.00000   0.00208   0.00000   0.05424   0.05853   0.02125   0.07913   0.03482   1.99925   1.09647   0.03247   0.22917   2.57305  
  8 2060.4767    194.399463  x:  0.00000   0.00000   0.04613   0.02507   0.04844   0.04729   0.00000   0.01760   0.04669   0.00000   0.02936   0.00300   0.03229   0.00000   0.00000   0.03973   0.03489   0.00432   0.03627   0.01456   0.05187   0.01752   0.00000   0.00025   0.00000   0.05281   0.05860   0.01902   0.08247   0.03488   1.99923   1.09635   0.03255   0.22059   2.57305  
  9 2465.8953    194.215998  x:  0.00000   0.00000   0.04596   0.02503   0.04802   0.04688   0.00000   0.01720   0.04628   0.00000   0.02895   0.00256   0.03227   0.00000   0.00000   0.03931   0.03448   0.00389   0.03610   0.01431   0.05166   0.01729   0.00000   0.00000   0.00000   0.05263   0.05858   0.01872   0.08262   0.03494   1.99923   1.09642   0.03248   0.21983   2.57304  
 10 104.5047    193.224347  x:  0.00000   0.00000   0.04563   0.02515   0.04597   0.04448   0.00000   0.01457   0.04385   0.00000   0.02648   0.00000   0.03217   0.00000   0.00000   0.03688   0.03206   0.00183   0.03579   0.01290   0.05055   0.01610   0.00000   0.00000   0.00000   0.05170   0.05839   0.01686   0.08416   0.03549   1.99917   1.09704   0.03177   0.21195   2.57300  
 11 123.5643    192.744046  x:  0.00000   0.00000   0.04686   0.02502   0.04422   0.04267   0.00000   0.01236   0.04202   0.00000   0.02456   0.00000   0.03214   0.00000   0.00000   0.03502   0.03019   0.00000   0.03713   0.01234   0.05037   0.01574   0.00000   0.00000   0.00000   0.05164   0.05832   0.01670   0.08480   0.03564   1.99934   1.09781   0.03093   0.20864   2.57298  
 12 103.5333    190.100868  x:  0.00000   0.00000   0.03897   0.02592   0.03672   0.03344   0.00000   0.00000   0.03258   0.00000   0.01458   0.00000   0.03200   0.00000   0.00000   0.02545   0.02059   0.00000   0.03140   0.01127   0.05172   0.01600   0.00000   0.00000   0.00000   0.05383   0.05797   0.01838   0.08854   0.03633   2.00032   1.10334   0.02481   0.18712   2.57296  
 13 137.5583    186.476409  x:  0.00000   0.00000   0.02757   0.02707   0.02495   0.01985   0.00000   0.00000   0.01857   0.00000   0.00000   0.00000   0.03171   0.00000   0.00000   0.01136   0.00663   0.00000   0.02935   0.00769   0.05126   0.01444   0.00000   0.00000   0.00000   0.05470   0.05725   0.01600   0.09608   0.03772   2.00167   1.11331   0.01375   0.14471   2.57288  
 14 377.4321    184.425576  x:  0.00000   0.00000   0.01574   0.02777   0.01932   0.01321   0.00000   0.00000   0.01173   0.00000   0.00000   0.00000   0.03154   0.00000   0.00000   0.00457   0.00000   0.00000   0.03257   0.00405   0.04842   0.01161   0.00000   0.00000   0.00000   0.05239   0.05682   0.01063   0.10031   0.03869   2.00195   1.11786   0.00850   0.12027   2.57285  
 15 482.2896    183.201914  x:  0.00000   0.00000   0.00760   0.02825   0.01553   0.00874   0.00000   0.00000   0.00712   0.00000   0.00000   0.00000   0.03142   0.00000   0.00000   0.00000   0.00000   0.00000   0.03491   0.00166   0.04657   0.00977   0.00000   0.00000   0.00000   0.05091   0.05653   0.00709   0.10317   0.03935   2.00215   1.12092   0.00497   0.10376   2.57282  
 16 193068.2073    182.461321  x:  0.00000   0.00000   0.00140   0.02858   0.01311   0.00581   0.00000   0.00000   0.00411   0.00000   0.00000   0.00000   0.03134   0.00000   0.00000   0.00000   0.00000   0.00000   0.03704   0.00000   0.04522   0.00847   0.00000   0.00000   0.00000   0.04979   0.05632   0.00437   0.10520   0.03982   2.00228   1.12300   0.00256   0.09202   2.57280  
 17 2057.2528    182.305178  x:  0.00000   0.00000   0.00000   0.02865   0.01258   0.00517   0.00000   0.00000   0.00345   0.00000   0.00000   0.00000   0.03132   0.00000   0.00000   0.00000   0.00000   0.00000   0.03749   0.00000   0.04491   0.00818   0.00000   0.00000   0.00000   0.04953   0.05627   0.00374   0.10568   0.03994   2.00230   1.12347   0.00201   0.08927   2.57280  
 18 17335.9148    181.754302  x:  0.00000   0.00000   0.00000   0.02875   0.01114   0.00291   0.00000   0.00000   0.00120   0.00000   0.00000   0.00000   0.03129   0.00000   0.00000   0.00000   0.00000   0.00000   0.03851   0.00000   0.04234   0.00589   0.00000   0.00000   0.00000   0.04700   0.05620   0.00000   0.10616   0.04017   2.00200   1.12298   0.00235   0.08575   2.57280  
 19 43.0908    181.578426  x:  0.00000   0.00000   0.00000   0.02882   0.00998   0.00165   0.00000   0.00000   0.00000   0.00000   0.00000   0.00000   0.03126   0.00000   0.00000   0.00000   0.00000   0.00000   0.03742   0.00000   0.04242   0.00654   0.00000   0.00000   0.00000   0.04707   0.05614   0.00000   0.10580   0.04074   2.00112   1.11806   0.00698   0.08308   2.57283  
 20 12.4528    181.419401  x:  0.00000   0.00000   0.00000   0.02883   0.00828   0.00000   0.00000   0.00000   0.00000   0.00000   0.00000   0.00000   0.03127   0.00000   0.00000   0.00000   0.00000   0.00000   0.03699   0.00000   0.04201   0.00641   0.00000   0.00000   0.00000   0.04667   0.05614   0.00000   0.10571   0.04075   2.00106   1.11799   0.00700   0.08300   2.57284  
 21 13.3692    179.567289  x:  0.00000   0.00000   0.00000   0.02982   0.04233   0.00000   0.00000   0.00000   0.00000   0.00000   0.00000   0.00000   0.03089   0.00000   0.00000   0.00000   0.00000   0.00000   0.00000   0.00000   0.01724   0.03777   0.00000   0.00000   0.00000   0.01818   0.05556   0.00000   0.08426   0.04794   1.96519   1.07341   0.03642   0.02868   2.57556  
 22  3.7670    179.441977  x:  0.00000   0.00000   0.00000   0.03004   0.06166   0.00000   0.00000   0.00000   0.00000   0.00000   0.00000   0.00000   0.03078   0.00000   0.00000   0.00000   0.00000   0.00000   0.00000   0.00000   0.00081   0.05975   0.00000   0.00000   0.00000   0.00000   0.05548   0.00000   0.07688   0.05017   1.95348   1.06154   0.04287   0.01136   2.57657  
 23 17.5852    179.424548  x:  0.00000   0.00000   0.00000   0.03004   0.06179   0.00000   0.00000   0.00000   0.00000   0.00000   0.00000   0.00000   0.03078   0.00000   0.00000   0.00000   0.00000   0.00000   0.00000   0.00000   0.00000   0.05996   0.00000   0.00000   0.00000   0.00000   0.05548   0.00000   0.07683   0.05018   1.95338   1.06145   0.04292   0.01124   2.57658  
 24 17.2712    177.994619  x:  0.00000   0.00000   0.00000   0.02991   0.07848   0.00000   0.00000   0.00000   0.00000   0.00000   0.00000   0.00000   0.03072   0.00000   0.00000   0.00000   0.00000   0.00000   0.00000   0.00000   0.00000   0.00000   0.00000   0.00000   0.00000   0.00000   0.05586   0.00000   0.07507   0.04978   1.94589   1.06213   0.03764   0.00881   2.57763  
 25  3.7909    176.821357  x:  0.00000   0.00000   0.00000   0.02987   0.04944   0.00000   0.00000   0.00000   0.00000   0.00000   0.00000   0.00000   0.03041   0.00000   0.00000   0.00000   0.00000   0.00000   0.00000   0.00000   0.00000   0.00000   0.00000   0.00000   0.00000   0.00000   0.05689   0.00000   0.06897   0.05145   1.92371   1.04853   0.03993   0.00000   2.58022  
 26  2.1824    176.821357  x:  0.00000   0.00000   0.00000   0.02987   0.04944   0.00000   0.00000   0.00000   0.00000   0.00000   0.00000   0.00000   0.03041   0.00000   0.00000   0.00000   0.00000   0.00000   0.00000   0.00000   0.00000   0.00000   0.00000   0.00000   0.00000   0.00000   0.05689   0.00000   0.06897   0.05145   1.92371   1.04853   0.03993   0.00000   2.58022  
 27  2.3024    174.728427  x:  0.00000   0.00000   0.00000   0.03040   0.00000   0.00000   0.00000   0.00000   0.00000   0.00000   0.00000   0.00000   0.02942   0.00000   0.00000   0.00000   0.00000   0.00000   0.00000   0.00000   0.00000   0.00000   0.00000   0.00000   0.00000   0.00000   0.06192   0.00000   0.04403   0.06154   1.92287   1.04884   0.03961   0.00000   2.58022  
 28 38.2570    174.653878  x:  0.00000   0.00000   0.00000   0.02647   0.00000   0.00000   0.00000   0.00000   0.00000   0.00000   0.00000   0.00000   0.02787   0.00000   0.00000   0.00000   0.00000   0.00000   0.00000   0.00000   0.00000   0.00000   0.00000   0.00000   0.00000   0.00000   0.05767   0.00000   0.03224   0.05454   1.92193   1.04941   0.03904   0.00000   2.58022  
 29 12.0075    174.651597  x:  0.00000   0.00000   0.00000   0.02816   0.00000   0.00000   0.00000   0.00000   0.00000   0.00000   0.00000   0.00000   0.02809   0.00000   0.00000   0.00000   0.00000   0.00000   0.00000   0.00000   0.00000   0.00000   0.00000   0.00000   0.00000   0.00000   0.05693   0.00000   0.03166   0.05403   1.92134   1.04977   0.03869   0.00000   2.58022  
 30  2.2630    174.644708  x:  0.00000   0.00000   0.00000   0.02767   0.00000   0.00000   0.00000   0.00000   0.00000   0.00000   0.00000   0.00000   0.02875   0.00000   0.00000   0.00000   0.00000   0.00000   0.00000   0.00000   0.00000   0.00000   0.00000   0.00000   0.00000   0.00000   0.05325   0.00000   0.03151   0.05642   1.90963   1.05683   0.03163   0.00000   2.58022  
 31  0.9345    174.566724  x:  0.00000   0.00000   0.00000   0.02874   0.00000   0.00000   0.00000   0.00000   0.00000   0.00000   0.00000   0.00000   0.02094   0.00000   0.00000   0.00000   0.00000   0.00000   0.00000   0.00000   0.00000   0.00000   0.00000   0.00000   0.00000   0.00000   0.05369   0.00000   0.03002   0.05978   1.77432   1.13804  -0.04959   0.00000   2.58022  
 32 10.2216    174.440172  x:  0.00000   0.00000   0.00000   0.02829   0.00000   0.00000   0.00000   0.00000   0.00000   0.00000   0.00000   0.00000   0.02699   0.00000   0.00000   0.00000   0.00000   0.00000   0.00000   0.00000   0.00000   0.00000   0.00000   0.00000   0.00000   0.00000   0.05973   0.00000   0.02610   0.06180   1.53623   1.28057  -0.19211   0.00000   2.58022  
 33 179.7542    174.236461  x:  0.00000   0.00000   0.00000   0.02851   0.00000   0.00000   0.00000   0.00000   0.00000   0.00000   0.00000   0.00000   0.02719   0.00000   0.00000   0.00000   0.00000   0.00000   0.00000   0.00000   0.00000   0.00000   0.00000   0.00000   0.00000   0.00000   0.05928   0.00000   0.02772   0.06134   0.91492   1.23115  -0.14270   0.00000   2.58022  
 34  0.9244    174.216323  x:  0.00000   0.00000   0.00000   0.02845   0.00000   0.00000   0.00000   0.00000   0.00000   0.00000   0.00000   0.00000   0.02798   0.00000   0.00000   0.00000   0.00000   0.00000   0.00000   0.00000   0.00000   0.00000   0.00000   0.00000   0.00000   0.00000   0.05842   0.00000   0.02868   0.05861   0.95200   1.15676  -0.06831   0.00000   2.58022  
 35  0.1247    174.215930  x:  0.00000   0.00000   0.00000   0.02847   0.00000   0.00000   0.00000   0.00000   0.00000   0.00000   0.00000   0.00000   0.02804   0.00000   0.00000   0.00000   0.00000   0.00000   0.00000   0.00000   0.00000   0.00000   0.00000   0.00000   0.00000   0.00000   0.05826   0.00000   0.02892   0.05822   0.93204   1.15606  -0.06760   0.00000   2.58022  
 36  0.0340    174.215924  x:  0.00000   0.00000   0.00000   0.02849   0.00000   0.00000   0.00000   0.00000   0.00000   0.00000   0.00000   0.00000   0.02805   0.00000   0.00000   0.00000   0.00000   0.00000   0.00000   0.00000   0.00000   0.00000   0.00000   0.00000   0.00000   0.00000   0.05823   0.00000   0.02894   0.05811   0.93296   1.15678  -0.06832   0.00000   2.58022  
 37  0.0017    174.215924  x:  0.00000   0.00000   0.00000   0.02849   0.00000   0.00000   0.00000   0.00000   0.00000   0.00000   0.00000   0.00000   0.02805   0.00000   0.00000   0.00000   0.00000   0.00000   0.00000   0.00000   0.00000   0.00000   0.00000   0.00000   0.00000   0.00000   0.05824   0.00000   0.02892   0.05810   0.93279   1.15678  -0.06833   0.00000   2.58022  
 38  0.0002    174.215924  x:  0.00000   0.00000   0.00000   0.02849   0.00000   0.00000   0.00000   0.00000   0.00000   0.00000   0.00000   0.00000   0.02806   0.00000   0.00000   0.00000   0.00000   0.00000   0.00000   0.00000   0.00000   0.00000   0.00000   0.00000   0.00000   0.00000   0.05824   0.00000   0.02892   0.05810   0.93278   1.15679  -0.06833   0.00000   2.58022  
 39  0.0000    174.215924  x:  0.00000   0.00000   0.00000   0.02849   0.00000   0.00000   0.00000   0.00000   0.00000   0.00000   0.00000   0.00000   0.02806   0.00000   0.00000   0.00000   0.00000   0.00000   0.00000   0.00000   0.00000   0.00000   0.00000   0.00000   0.00000   0.00000   0.05824   0.00000   0.02892   0.05810   0.93279   1.15679  -0.06833   0.00000   2.58022  
 40  0.0000    174.215924  x:  0.00000   0.00000   0.00000   0.02849   0.00000   0.00000   0.00000   0.00000   0.00000   0.00000   0.00000   0.00000   0.02806   0.00000   0.00000   0.00000   0.00000   0.00000   0.00000   0.00000   0.00000   0.00000   0.00000   0.00000   0.00000   0.00000   0.05824   0.00000   0.02892   0.05810   0.93279   1.15679  -0.06833   0.00000   2.58022  
 41  0.0000    174.215924  x:  0.00000   0.00000   0.00000   0.02849   0.00000   0.00000   0.00000   0.00000   0.00000   0.00000   0.00000   0.00000   0.02806   0.00000   0.00000   0.00000   0.00000   0.00000   0.00000   0.00000   0.00000   0.00000   0.00000   0.00000   0.00000   0.00000   0.05824   0.00000   0.02892   0.05810   0.93279   1.15680  -0.06833   0.00000   2.58021  
 42  0.0000    174.215924  x:  0.00000   0.00000   0.00000   0.02849   0.00000   0.00000   0.00000   0.00000   0.00000   0.00000   0.00000   0.00000   0.02806   0.00000   0.00000   0.00000   0.00000   0.00000   0.00000   0.00000   0.00000   0.00000   0.00000   0.00000   0.00000   0.00000   0.05824   0.00000   0.02892   0.05810   0.93279   1.15681  -0.06832   0.00000   2.58020  
 43  0.0000    174.215924  x:  0.00000   0.00000   0.00000   0.02849   0.00000   0.00000   0.00000   0.00000   0.00000   0.00000   0.00000   0.00000   0.02806   0.00000   0.00000   0.00000   0.00000   0.00000   0.00000   0.00000   0.00000   0.00000   0.00000   0.00000   0.00000   0.00000   0.05824   0.00000   0.02892   0.05810   0.93279   1.15690  -0.06822   0.00000   2.58011  
 44  0.0000    174.215924  x:  0.00000   0.00000   0.00000   0.02849   0.00000   0.00000   0.00000   0.00000   0.00000   0.00000   0.00000   0.00000   0.02806   0.00000   0.00000   0.00000   0.00000   0.00000   0.00000   0.00000   0.00000   0.00000   0.00000   0.00000   0.00000   0.00000   0.05824   0.00000   0.02892   0.05810   0.93279   1.15824  -0.06689   0.00000   2.57880  
 45  0.0007    174.215924  x:  0.00000   0.00000   0.00000   0.02849   0.00000   0.00000   0.00000   0.00000   0.00000   0.00000   0.00000   0.00000   0.02806   0.00000   0.00000   0.00000   0.00000   0.00000   0.00000   0.00000   0.00000   0.00000   0.00000   0.00000   0.00000   0.00000   0.05824   0.00000   0.02892   0.05810   0.93279   1.16441  -0.06072   0.00000   2.57275  
 46  0.0013    174.215922  x:  0.00000   0.00000   0.00000   0.02852   0.00000   0.00000   0.00000   0.00000   0.00000   0.00000   0.00000   0.00000   0.02804   0.00000   0.00000   0.00000   0.00000   0.00000   0.00000   0.00000   0.00000   0.00000   0.00000   0.00000   0.00000   0.00000   0.05826   0.00000   0.02892   0.05810   0.93282   2.74384   1.51861   0.00000   1.02432  
 47 17.4230    174.215922  x:  0.00000   0.00000   0.00000   0.02851   0.00000   0.00000   0.00000   0.00000   0.00000   0.00000   0.00000   0.00000   0.02804   0.00000   0.00000   0.00000   0.00000   0.00000   0.00000   0.00000   0.00000   0.00000   0.00000   0.00000   0.00000   0.00000   0.05826   0.00000   0.02892   0.05810   0.93282   2.65870   1.43348   0.00000   1.10779  
 48  1.8212    174.215922  x:  0.00000   0.00000   0.00000   0.02851   0.00000   0.00000   0.00000   0.00000   0.00000   0.00000   0.00000   0.00000   0.02804   0.00000   0.00000   0.00000   0.00000   0.00000   0.00000   0.00000   0.00000   0.00000   0.00000   0.00000   0.00000   0.00000   0.05826   0.00000   0.02892   0.05810   0.93282   2.65870   1.43348   0.00000   1.10779  
 49  2.5903    174.215921  x:  0.00000   0.00000   0.00000   0.02849   0.00000   0.00000   0.00000   0.00000   0.00000   0.00000   0.00000   0.00000   0.02806   0.00000   0.00000   0.00000   0.00000   0.00000   0.00000   0.00000   0.00000   0.00000   0.00000   0.00000   0.00000   0.00000   0.05824   0.00000   0.02891   0.05810   0.93257   2.65131   1.42618   0.00000   1.11498  
 50  0.0044    174.215921  x:  0.00000   0.00000   0.00000   0.02849   0.00000   0.00000   0.00000   0.00000   0.00000   0.00000   0.00000   0.00000   0.02806   0.00000   0.00000   0.00000   0.00000   0.00000   0.00000   0.00000   0.00000   0.00000   0.00000   0.00000   0.00000   0.00000   0.05824   0.00000   0.02892   0.05810   0.93280   2.65771   1.43259   0.00000   1.10869  
 51  0.0107    174.215921  x:  0.00000   0.00000   0.00000   0.02849   0.00000   0.00000   0.00000   0.00000   0.00000   0.00000   0.00000   0.00000   0.02806   0.00000   0.00000   0.00000   0.00000   0.00000   0.00000   0.00000   0.00000   0.00000   0.00000   0.00000   0.00000   0.00000   0.05824   0.00000   0.02892   0.05810   0.93280   2.65793   1.43281   0.00000   1.10848  
 52  0.0004    174.215921  x:  0.00000   0.00000   0.00000   0.02849   0.00000   0.00000   0.00000   0.00000   0.00000   0.00000   0.00000   0.00000   0.02806   0.00000   0.00000   0.00000   0.00000   0.00000   0.00000   0.00000   0.00000   0.00000   0.00000   0.00000   0.00000   0.00000   0.05824   0.00000   0.02892   0.05810   0.93281   2.65806   1.43293   0.00000   1.10836  
 53  0.0001    174.215921  x:  0.00000   0.00000   0.00000   0.02849   0.00000   0.00000   0.00000   0.00000   0.00000   0.00000   0.00000   0.00000   0.02806   0.00000   0.00000   0.00000   0.00000   0.00000   0.00000   0.00000   0.00000   0.00000   0.00000   0.00000   0.00000   0.00000   0.05824   0.00000   0.02892   0.05810   0.93281   2.65899   1.43387   0.00000   1.10746  
 54  0.0002    174.215921  x:  0.00000   0.00000   0.00000   0.02849   0.00000   0.00000   0.00000   0.00000   0.00000   0.00000   0.00000   0.00000   0.02806   0.00000   0.00000   0.00000   0.00000   0.00000   0.00000   0.00000   0.00000   0.00000   0.00000   0.00000   0.00000   0.00000   0.05824   0.00000   0.02892   0.05810   0.93284   2.66977   1.44464   0.00000   1.09710  
 55  0.0023    174.215921  x:  0.00000   0.00000   0.00000   0.02850   0.00000   0.00000   0.00000   0.00000   0.00000   0.00000   0.00000   0.00000   0.02806   0.00000   0.00000   0.00000   0.00000   0.00000   0.00000   0.00000   0.00000   0.00000   0.00000   0.00000   0.00000   0.00000   0.05824   0.00000   0.02892   0.05810   0.93286   2.75080   1.52566   0.00000   1.01928  
 56  0.0173    174.215921  x:  0.00000   0.00000   0.00000   0.02850   0.00000   0.00000   0.00000   0.00000   0.00000   0.00000   0.00000   0.00000   0.02806   0.00000   0.00000   0.00000   0.00000   0.00000   0.00000   0.00000   0.00000   0.00000   0.00000   0.00000   0.00000   0.00000   0.05824   0.00000   0.02892   0.05810   0.93286   2.77088   1.54574   0.00000   1.00000  
 57  0.6820    174.215921  x:  0.00000   0.00000   0.00000   0.02850   0.00000   0.00000   0.00000   0.00000   0.00000   0.00000   0.00000   0.00000   0.02806   0.00000   0.00000   0.00000   0.00000   0.00000   0.00000   0.00000   0.00000   0.00000   0.00000   0.00000   0.00000   0.00000   0.05824   0.00000   0.02892   0.05810   0.93272   6.45145   5.22633   0.00000   1.00000  
 58  0.6506    174.215921  x:  0.00000   0.00000   0.00000   0.02849   0.00000   0.00000   0.00000   0.00000   0.00000   0.00000   0.00000   0.00000   0.02806   0.00000   0.00000   0.00000   0.00000   0.00000   0.00000   0.00000   0.00000   0.00000   0.00000   0.00000   0.00000   0.00000   0.05824   0.00000   0.02892   0.05810   0.93282   6.58725   5.36213   0.00000   1.00000  
 59  0.1491    174.215920  x:  0.00000   0.00000   0.00000   0.02849   0.00000   0.00000   0.00000   0.00000   0.00000   0.00000   0.00000   0.00000   0.02806   0.00000   0.00000   0.00000   0.00000   0.00000   0.00000   0.00000   0.00000   0.00000   0.00000   0.00000   0.00000   0.00000   0.05824   0.00000   0.02892   0.05810   0.93277   6.77763   5.55251   0.00000   1.00000  
 60  0.1260    174.215920  x:  0.00000   0.00000   0.00000   0.02849   0.00000   0.00000   0.00000   0.00000   0.00000   0.00000   0.00000   0.00000   0.02806   0.00000   0.00000   0.00000   0.00000   0.00000   0.00000   0.00000   0.00000   0.00000   0.00000   0.00000   0.00000   0.00000   0.05824   0.00000   0.02892   0.05810   0.93282   7.11369   5.88857   0.00000   1.00000  
 61  0.0856    174.215920  x:  0.00000   0.00000   0.00000   0.02849   0.00000   0.00000   0.00000   0.00000   0.00000   0.00000   0.00000   0.00000   0.02806   0.00000   0.00000   0.00000   0.00000   0.00000   0.00000   0.00000   0.00000   0.00000   0.00000   0.00000   0.00000   0.00000   0.05824   0.00000   0.02892   0.05810   0.93276   7.48552   6.26040   0.00000   1.00000  
 62  0.1955    174.215920  x:  0.00000   0.00000   0.00000   0.02849   0.00000   0.00000   0.00000   0.00000   0.00000   0.00000   0.00000   0.00000   0.02806   0.00000   0.00000   0.00000   0.00000   0.00000   0.00000   0.00000   0.00000   0.00000   0.00000   0.00000   0.00000   0.00000   0.05824   0.00000   0.02892   0.05810   0.93280   7.70403   6.47891   0.00000   1.00000  
 63  0.1565    174.215920  x:  0.00000   0.00000   0.00000   0.02849   0.00000   0.00000   0.00000   0.00000   0.00000   0.00000   0.00000   0.00000   0.02806   0.00000   0.00000   0.00000   0.00000   0.00000   0.00000   0.00000   0.00000   0.00000   0.00000   0.00000   0.00000   0.00000   0.05824   0.00000   0.02892   0.05810   0.93277   7.81301   6.58789   0.00000   1.00000  
 64  0.0805    174.215920  x:  0.00000   0.00000   0.00000   0.02849   0.00000   0.00000   0.00000   0.00000   0.00000   0.00000   0.00000   0.00000   0.02806   0.00000   0.00000   0.00000   0.00000   0.00000   0.00000   0.00000   0.00000   0.00000   0.00000   0.00000   0.00000   0.00000   0.05824   0.00000   0.02892   0.05810   0.93279   7.82825   6.60313   0.00000   1.00000  
 65  0.0174    174.215920  x:  0.00000   0.00000   0.00000   0.02849   0.00000   0.00000   0.00000   0.00000   0.00000   0.00000   0.00000   0.00000   0.02806   0.00000   0.00000   0.00000   0.00000   0.00000   0.00000   0.00000   0.00000   0.00000   0.00000   0.00000   0.00000   0.00000   0.05824   0.00000   0.02892   0.05810   0.93278   7.84625   6.62113   0.00000   1.00000  
 66  0.0070    174.215920  x:  0.00000   0.00000   0.00000   0.02849   0.00000   0.00000   0.00000   0.00000   0.00000   0.00000   0.00000   0.00000   0.02806   0.00000   0.00000   0.00000   0.00000   0.00000   0.00000   0.00000   0.00000   0.00000   0.00000   0.00000   0.00000   0.00000   0.05824   0.00000   0.02892   0.05810   0.93278   7.84512   6.62000   0.00000   1.00000  
 67  0.0177    174.215920  x:  0.00000   0.00000   0.00000   0.02849   0.00000   0.00000   0.00000   0.00000   0.00000   0.00000   0.00000   0.00000   0.02806   0.00000   0.00000   0.00000   0.00000   0.00000   0.00000   0.00000   0.00000   0.00000   0.00000   0.00000   0.00000   0.00000   0.05824   0.00000   0.02892   0.05810   0.93279   7.91321   6.68809   0.00000   1.00000  
 68  0.1693    174.215920  x:  0.00000   0.00000   0.00000   0.02849   0.00000   0.00000   0.00000   0.00000   0.00000   0.00000   0.00000   0.00000   0.02806   0.00000   0.00000   0.00000   0.00000   0.00000   0.00000   0.00000   0.00000   0.00000   0.00000   0.00000   0.00000   0.00000   0.05824   0.00000   0.02892   0.05810   0.93279   7.91311   6.68799   0.00000   1.00000  
 69  0.0639    174.215920  x:  0.00000   0.00000   0.00000   0.02849   0.00000   0.00000   0.00000   0.00000   0.00000   0.00000   0.00000   0.00000   0.02806   0.00000   0.00000   0.00000   0.00000   0.00000   0.00000   0.00000   0.00000   0.00000   0.00000   0.00000   0.00000   0.00000   0.05824   0.00000   0.02892   0.05810   0.93278   7.91384   6.68872   0.00000   1.00000  
 70  0.0015    174.215920  x:  0.00000   0.00000   0.00000   0.02849   0.00000   0.00000   0.00000   0.00000   0.00000   0.00000   0.00000   0.00000   0.02806   0.00000   0.00000   0.00000   0.00000   0.00000   0.00000   0.00000   0.00000   0.00000   0.00000   0.00000   0.00000   0.00000   0.05824   0.00000   0.02892   0.05810   0.93278   7.91368   6.68856   0.00000   1.00000  