Supplemental results for CODEML (seqf: /Users/YY/Desktop/get/branch_site/modify/modify_trim_muscle_petG.fa  treef: /Users/YY/Desktop/get/branch_site/16gene_topu.tree)


dN/dS (w) for site classes (K=4)

site class             0        1       2a       2b
proportion       0.99690  0.00003  0.00307  0.00000
background w     0.00000  1.00000  0.00000  1.00000
foreground w     0.00000  1.00000  1.00000  1.00000

Naive Empirical Bayes (NEB) probabilities for 4 classes
(amino acids refer to 1st sequence: NC_029850)

   1 M   0.99691 0.00002 0.00307 0.00000 ( 1)
   2 I   0.99691 0.00001 0.00307 0.00000 ( 1)
   3 E   0.99691 0.00002 0.00307 0.00000 ( 1)
   4 V   0.99691 0.00002 0.00307 0.00000 ( 1)
   5 F   0.99691 0.00002 0.00307 0.00000 ( 1)
   6 L   0.99690 0.00002 0.00307 0.00000 ( 1)
   7 F   0.99691 0.00002 0.00307 0.00000 ( 1)
   8 G   0.99691 0.00002 0.00307 0.00000 ( 1)
   9 I   0.99690 0.00003 0.00307 0.00000 ( 1)
  10 V   0.99690 0.00002 0.00307 0.00000 ( 1)
  11 L   0.99691 0.00002 0.00307 0.00000 ( 1)
  12 G   0.99691 0.00002 0.00307 0.00000 ( 1)
  13 L   0.99690 0.00002 0.00307 0.00000 ( 1)
  14 I   0.99691 0.00001 0.00307 0.00000 ( 1)
  15 P   0.99691 0.00002 0.00307 0.00000 ( 1)
  16 V   0.99691 0.00002 0.00307 0.00000 ( 1)
  17 T   0.99691 0.00002 0.00307 0.00000 ( 1)
  18 L   0.99690 0.00002 0.00307 0.00000 ( 1)
  19 A   0.99691 0.00002 0.00307 0.00000 ( 1)
  20 G   0.99691 0.00002 0.00307 0.00000 ( 1)
  21 L   0.99691 0.00002 0.00307 0.00000 ( 1)
  22 F   0.99690 0.00002 0.00307 0.00000 ( 1)
  23 V   0.99691 0.00002 0.00307 0.00000 ( 1)
  24 T   0.99691 0.00002 0.00307 0.00000 ( 1)
  25 A   0.99691 0.00002 0.00307 0.00000 ( 1)
  26 Y   0.99691 0.00002 0.00307 0.00000 ( 1)
  27 L   0.99691 0.00002 0.00307 0.00000 ( 1)
  28 Q   0.99690 0.00002 0.00307 0.00000 ( 1)
  29 Y   0.99691 0.00002 0.00307 0.00000 ( 1)
  30 R   0.99690 0.00003 0.00307 0.00000 ( 1)
  31 R   0.99691 0.00002 0.00307 0.00000 ( 1)
  32 G   0.99691 0.00002 0.00307 0.00000 ( 1)
  33 D   0.99691 0.00002 0.00307 0.00000 ( 1)
  34 Q   0.99690 0.00003 0.00307 0.00000 ( 1)
  35 S   0.99690 0.00003 0.00307 0.00000 ( 1)
  36 D   0.99690 0.00003 0.00307 0.00000 ( 1)
  37 L   0.99691 0.00002 0.00307 0.00000 ( 1)


lnL =  -170.463443

