

TREE # 1

  0  0.0000    193.696625  x:  0.00000   0.00682   0.03553   0.01082   0.03945   0.03900   0.01905   0.02265   0.03863   0.01124   0.02905   0.01452   0.01363   0.00939   0.01098   0.05173   0.03207   0.01489   0.04531   0.03493   0.04131   0.02088   0.00731   0.01126   0.00528   0.03968   0.02366   0.04088   0.04333   0.02438   2.00000   1.09989   0.02896   0.27919  
  1 99.0000    193.693804  x:  0.00000   0.00682   0.03553   0.01081   0.03945   0.03900   0.01904   0.02265   0.03862   0.01124   0.02905   0.01452   0.01363   0.00939   0.01097   0.05173   0.03207   0.01488   0.04530   0.03493   0.04130   0.02087   0.00731   0.01125   0.00528   0.03967   0.02366   0.04088   0.04333   0.02438   2.00000   1.09989   0.02896   0.27919  
  2 158.7503    189.401396  x:  0.00000   0.00171   0.03054   0.00576   0.03421   0.03376   0.01305   0.01739   0.03338   0.00597   0.02380   0.00925   0.00836   0.00426   0.00584   0.04763   0.02682   0.00962   0.04166   0.03431   0.03615   0.01561   0.00204   0.00598   0.00000   0.03443   0.01840   0.03559   0.03829   0.03759   1.99988   1.09942   0.02946   0.26812  
  3 571.0992    187.891070  x:  0.00000   0.00000   0.02896   0.00411   0.03236   0.03191   0.01052   0.01554   0.03153   0.00411   0.02194   0.00740   0.00651   0.00254   0.00412   0.04593   0.02497   0.00777   0.04042   0.03426   0.03438   0.01376   0.00019   0.00412   0.00000   0.03257   0.01654   0.03352   0.03653   0.03681   1.99969   1.09889   0.03002   0.25768  
  4 277.8106    187.751855  x:  0.00000   0.00000   0.02880   0.00395   0.03218   0.03173   0.01027   0.01536   0.03135   0.00393   0.02176   0.00721   0.00633   0.00237   0.00395   0.04589   0.02479   0.00759   0.04043   0.03425   0.03421   0.01358   0.00000   0.00394   0.00000   0.03239   0.01636   0.03363   0.03636   0.03682   1.99968   1.09884   0.03007   0.25663  
  5 1349.3111    186.017406  x:  0.00000   0.00000   0.02665   0.00175   0.02980   0.02934   0.00648   0.01293   0.02895   0.00148   0.01935   0.00477   0.00387   0.00000   0.00158   0.04942   0.02238   0.00515   0.04264   0.03438   0.03194   0.01114   0.00000   0.00148   0.00000   0.03000   0.01393   0.03212   0.03414   0.03705   1.99947   1.09867   0.03026   0.24367  
  6 902.2357    185.030443  x:  0.00000   0.00000   0.02527   0.00027   0.02850   0.02805   0.00349   0.01155   0.02766   0.00004   0.01800   0.00335   0.00245   0.00000   0.00000   0.05066   0.02105   0.00374   0.04126   0.03412   0.03077   0.00976   0.00000   0.00005   0.00000   0.02871   0.01257   0.03215   0.03305   0.03711   1.99945   1.09956   0.02935   0.23829  
  7 256.6847    185.004529  x:  0.00000   0.00000   0.02523   0.00023   0.02847   0.02801   0.00341   0.01151   0.02762   0.00000   0.01796   0.00331   0.00241   0.00000   0.00000   0.05069   0.02101   0.00370   0.04123   0.03411   0.03074   0.00972   0.00000   0.00001   0.00000   0.02867   0.01253   0.03215   0.03302   0.03711   1.99945   1.09959   0.02932   0.23814  
  8 12125.4513    184.997783  x:  0.00000   0.00000   0.02522   0.00022   0.02846   0.02800   0.00338   0.01150   0.02761   0.00000   0.01795   0.00330   0.00240   0.00000   0.00000   0.05069   0.02100   0.00369   0.04123   0.03412   0.03073   0.00971   0.00000   0.00000   0.00000   0.02866   0.01252   0.03215   0.03301   0.03712   1.99945   1.09960   0.02931   0.23809  
  9 615.9472    184.862080  x:  0.00000   0.00000   0.02502   0.00000   0.02825   0.02780   0.00285   0.01128   0.02741   0.00000   0.01774   0.00307   0.00218   0.00000   0.00000   0.05081   0.02079   0.00346   0.04110   0.03406   0.03055   0.00949   0.00000   0.00000   0.00000   0.02846   0.01230   0.03214   0.03285   0.03713   1.99944   1.09982   0.02909   0.23707  
 10 1579.6232    184.233440  x:  0.00000   0.00000   0.02399   0.00000   0.02727   0.02681   0.00000   0.01021   0.02642   0.00000   0.01671   0.00197   0.00107   0.00000   0.00000   0.05120   0.01977   0.00236   0.04064   0.03395   0.02963   0.00841   0.00000   0.00000   0.00000   0.02748   0.01125   0.03211   0.03202   0.03719   1.99943   1.10095   0.02793   0.23320  
 11 280.6694    183.717877  x:  0.00000   0.00000   0.02290   0.00000   0.02633   0.02587   0.00000   0.00919   0.02548   0.00000   0.01573   0.00091   0.00000   0.00000   0.00000   0.05158   0.01880   0.00130   0.04019   0.03384   0.02877   0.00738   0.00000   0.00000   0.00000   0.02654   0.01024   0.03209   0.03125   0.03724   1.99941   1.10216   0.02669   0.22911  
 12 4251.8325    183.312542  x:  0.00000   0.00000   0.02195   0.00000   0.02553   0.02507   0.00000   0.00832   0.02468   0.00000   0.01489   0.00000   0.00000   0.00000   0.00000   0.05184   0.01797   0.00039   0.03989   0.03377   0.02803   0.00650   0.00000   0.00000   0.00000   0.02575   0.00938   0.03206   0.03059   0.03728   1.99940   1.10322   0.02567   0.22609  
 13 503.2932    183.150220  x:  0.00000   0.00000   0.02155   0.00000   0.02519   0.02473   0.00000   0.00795   0.02434   0.00000   0.01453   0.00000   0.00000   0.00000   0.00000   0.05196   0.01762   0.00000   0.03975   0.03374   0.02772   0.00613   0.00000   0.00000   0.00000   0.02541   0.00901   0.03205   0.03032   0.03730   1.99940   1.10372   0.02519   0.22468  
 14 2722.1892    180.764683  x:  0.00000   0.00000   0.01512   0.00000   0.01968   0.01922   0.00000   0.00191   0.01884   0.00000   0.00871   0.00000   0.00000   0.00000   0.00000   0.05342   0.01187   0.00000   0.03800   0.03335   0.02263   0.00000   0.00000   0.00000   0.00000   0.01995   0.00302   0.03191   0.02582   0.03757   1.99937   1.11142   0.01774   0.20511  
 15 534.6591    180.070066  x:  0.00000   0.00000   0.01305   0.00000   0.01795   0.01750   0.00000   0.00000   0.01713   0.00000   0.00689   0.00000   0.00000   0.00000   0.00000   0.05395   0.01008   0.00000   0.03736   0.03321   0.02106   0.00000   0.00000   0.00000   0.00000   0.01824   0.00114   0.03186   0.02446   0.03767   1.99935   1.11447   0.01478   0.19763  
 16 526.6284    179.694667  x:  0.00000   0.00000   0.01183   0.00000   0.01692   0.01647   0.00000   0.00000   0.01610   0.00000   0.00580   0.00000   0.00000   0.00000   0.00000   0.05423   0.00900   0.00000   0.03702   0.03313   0.02012   0.00000   0.00000   0.00000   0.00000   0.01723   0.00000   0.03183   0.02366   0.03773   1.99934   1.11627   0.01302   0.19340  
 17 3578.9272    177.905156  x:  0.00000   0.00000   0.00533   0.00000   0.01146   0.01103   0.00000   0.00000   0.01067   0.00000   0.00000   0.00000   0.00000   0.00000   0.00000   0.05570   0.00330   0.00000   0.03526   0.03274   0.01516   0.00000   0.00000   0.00000   0.00000   0.01184   0.00000   0.03167   0.01939   0.03803   1.99930   1.12568   0.00387   0.17142  
 18 52219.4722    176.980754  x:  0.00000   0.00000   0.00157   0.00000   0.00830   0.00789   0.00000   0.00000   0.00754   0.00000   0.00000   0.00000   0.00000   0.00000   0.00000   0.05658   0.00000   0.00000   0.03421   0.03251   0.01230   0.00000   0.00000   0.00000   0.00000   0.00874   0.00000   0.03158   0.01694   0.03820   1.99927   1.13122  -0.00153   0.15840  
 19 26514.5796    176.641760  x:  0.00000   0.00000   0.00000   0.00000   0.00699   0.00659   0.00000   0.00000   0.00624   0.00000   0.00000   0.00000   0.00000   0.00000   0.00000   0.05696   0.00000   0.00000   0.03375   0.03241   0.01112   0.00000   0.00000   0.00000   0.00000   0.00745   0.00000   0.03154   0.01592   0.03828   1.99925   1.13357  -0.00382   0.15280  
 20 11834.3642    175.279256  x:  0.00000   0.00000   0.00000   0.00000   0.00072   0.00035   0.00000   0.00000   0.00000   0.00000   0.00000   0.00000   0.00000   0.00000   0.00000   0.05851   0.00000   0.00000   0.03187   0.03200   0.00542   0.00000   0.00000   0.00000   0.00000   0.00127   0.00000   0.03137   0.01103   0.03860   1.99922   1.14439  -0.01437   0.12849  
 21 1440.7121    175.214846  x:  0.00000   0.00000   0.00000   0.00000   0.00038   0.00000   0.00000   0.00000   0.00000   0.00000   0.00000   0.00000   0.00000   0.00000   0.00000   0.05860   0.00000   0.00000   0.03176   0.03197   0.00510   0.00000   0.00000   0.00000   0.00000   0.00093   0.00000   0.03136   0.01076   0.03862   1.99922   1.14503  -0.01499   0.12702  
 22 2070.7001    175.157713  x:  0.00000   0.00000   0.00000   0.00000   0.00000   0.00000   0.00000   0.00000   0.00000   0.00000   0.00000   0.00000   0.00000   0.00000   0.00000   0.05870   0.00000   0.00000   0.03164   0.03195   0.00476   0.00000   0.00000   0.00000   0.00000   0.00056   0.00000   0.03135   0.01047   0.03864   1.99921   1.14574  -0.01569   0.12542  
 23 9463.6081    175.091489  x:  0.00000   0.00000   0.00000   0.00000   0.00000   0.00000   0.00000   0.00000   0.00000   0.00000   0.00000   0.00000   0.00000   0.00000   0.00000   0.05884   0.00000   0.00000   0.03147   0.03191   0.00424   0.00000   0.00000   0.00000   0.00000   0.00000   0.00000   0.03134   0.01000   0.03867   1.99921   1.14659  -0.01652   0.12340  
 24 1554.1327    174.727112  x:  0.00000   0.00000   0.00000   0.00000   0.00000   0.00000   0.00000   0.00000   0.00000   0.00000   0.00000   0.00000   0.00000   0.00000   0.00000   0.05938   0.00000   0.00000   0.03082   0.03177   0.00000   0.00000   0.00000   0.00000   0.00000   0.00000   0.00000   0.03126   0.00505   0.03883   1.99901   1.14926  -0.01910   0.11484  
 25 116.3073    174.495059  x:  0.00000   0.00000   0.00000   0.00000   0.00000   0.00000   0.00000   0.00000   0.00000   0.00000   0.00000   0.00000   0.00000   0.00000   0.00000   0.05998   0.00000   0.00000   0.03010   0.03162   0.00000   0.00000   0.00000   0.00000   0.00000   0.00000   0.00000   0.03117   0.00000   0.03899   1.99878   1.15217  -0.02192   0.10537  
 26 11944.5159    174.495059  x:  0.00000   0.00000   0.00000   0.00000   0.00000   0.00000   0.00000   0.00000   0.00000   0.00000   0.00000   0.00000   0.00000   0.00000   0.00000   0.05998   0.00000   0.00000   0.03010   0.03162   0.00000   0.00000   0.00000   0.00000   0.00000   0.00000   0.00000   0.03117   0.00000   0.03899   1.99878   1.15217  -0.02192   0.10537  
 27  3.2268    174.068928  x:  0.00000   0.00000   0.00000   0.00000   0.00000   0.00000   0.00000   0.00000   0.00000   0.00000   0.00000   0.00000   0.00000   0.00000   0.00000   0.02945   0.00000   0.00000   0.03075   0.02913   0.00000   0.00000   0.00000   0.00000   0.00000   0.00000   0.00000   0.02928   0.00000   0.02522   2.00002   1.15457  -0.02432   0.09157  
 28 19.2139    173.967179  x:  0.00000   0.00000   0.00000   0.00000   0.00000   0.00000   0.00000   0.00000   0.00000   0.00000   0.00000   0.00000   0.00000   0.00000   0.00000   0.02152   0.00000   0.00000   0.02918   0.03049   0.00000   0.00000   0.00000   0.00000   0.00000   0.00000   0.00000   0.03011   0.00000   0.03501   2.00188   1.15821  -0.02795   0.07208  
 29 10.6827    173.376094  x:  0.00000   0.00000   0.00000   0.00000   0.00000   0.00000   0.00000   0.00000   0.00000   0.00000   0.00000   0.00000   0.00000   0.00000   0.00000   0.02143   0.00000   0.00000   0.02928   0.03120   0.00000   0.00000   0.00000   0.00000   0.00000   0.00000   0.00000   0.03071   0.00000   0.03678   2.00865   1.17164  -0.04139   0.00000  
 30 27.3785    173.364686  x:  0.00000   0.00000   0.00000   0.00000   0.00000   0.00000   0.00000   0.00000   0.00000   0.00000   0.00000   0.00000   0.00000   0.00000   0.00000   0.02160   0.00000   0.00000   0.02553   0.03030   0.00000   0.00000   0.00000   0.00000   0.00000   0.00000   0.00000   0.02936   0.00000   0.03780   2.01399   1.18074  -0.05048   0.00000  
 31 15.9548    173.363631  x:  0.00000   0.00000   0.00000   0.00000   0.00000   0.00000   0.00000   0.00000   0.00000   0.00000   0.00000   0.00000   0.00000   0.00000   0.00000   0.02163   0.00000   0.00000   0.02598   0.02940   0.00000   0.00000   0.00000   0.00000   0.00000   0.00000   0.00000   0.02852   0.00000   0.03811   2.01562   1.18119  -0.05094   0.00000  
 32  1.4016    173.357256  x:  0.00418   0.00000   0.00000   0.00000   0.00000   0.00000   0.00000   0.00000   0.00000   0.00000   0.00000   0.00000   0.00000   0.00000   0.00000   0.02169   0.00000   0.00000   0.02685   0.02757   0.00000   0.00000   0.00000   0.00000   0.00000   0.00000   0.00000   0.02697   0.00000   0.03867   2.02120   1.18202  -0.05176   0.00000  
 33  4.8423    173.312869  x:  0.03180   0.00000   0.00000   0.00000   0.00000   0.00000   0.00000   0.00000   0.00000   0.00000   0.00000   0.00000   0.00000   0.00000   0.00000   0.02215   0.00000   0.00000   0.03413   0.03275   0.00000   0.00000   0.00000   0.00000   0.00000   0.00000   0.00000   0.00000   0.00000   0.04136   2.06887   1.18678  -0.05653   0.00000  
 34  9.0217    173.159495  x:  0.04322   0.00000   0.00000   0.00000   0.00000   0.00000   0.00000   0.00000   0.00000   0.00000   0.00000   0.00000   0.00000   0.00000   0.00000   0.02427   0.00000   0.00000   0.03462   0.03105   0.00000   0.00000   0.00000   0.00000   0.00000   0.00000   0.00000   0.00000   0.00000   0.02836   2.43036   1.17924  -0.04899   0.00000  
 35  1.8833    172.937870  x:  0.02582   0.00000   0.00000   0.00000   0.00000   0.00000   0.00000   0.00000   0.00000   0.00000   0.00000   0.00000   0.00000   0.00000   0.00000   0.02761   0.00000   0.00000   0.02962   0.02911   0.00000   0.00000   0.00000   0.00000   0.00000   0.00000   0.00000   0.00000   0.00000   0.02576   3.08970   1.16209  -0.03185   0.00000  
 36  5.7755    172.830982  x:  0.03112   0.00000   0.00000   0.00000   0.00000   0.00000   0.00000   0.00000   0.00000   0.00000   0.00000   0.00000   0.00000   0.00000   0.00000   0.02823   0.00000   0.00000   0.02735   0.02935   0.00000   0.00000   0.00000   0.00000   0.00000   0.00000   0.00000   0.00000   0.00000   0.03752   3.68160   1.16155  -0.03130   0.00000  
 37  2.2224    172.830982  x:  0.03112   0.00000   0.00000   0.00000   0.00000   0.00000   0.00000   0.00000   0.00000   0.00000   0.00000   0.00000   0.00000   0.00000   0.00000   0.02823   0.00000   0.00000   0.02735   0.02935   0.00000   0.00000   0.00000   0.00000   0.00000   0.00000   0.00000   0.00000   0.00000   0.03752   3.68160   1.16155  -0.03130   0.00000  
 38  0.5407    172.793041  x:  0.03008   0.00000   0.00000   0.00000   0.00000   0.00000   0.00000   0.00000   0.00000   0.00000   0.00000   0.00000   0.00000   0.00000   0.00000   0.03078   0.00000   0.00000   0.03151   0.03067   0.00000   0.00000   0.00000   0.00000   0.00000   0.00000   0.00000   0.00000   0.00000   0.03038   3.68177   1.16327  -0.03303   0.00000  
 39  8.0840    172.779029  x:  0.03041   0.00000   0.00000   0.00000   0.00000   0.00000   0.00000   0.00000   0.00000   0.00000   0.00000   0.00000   0.00000   0.00000   0.00000   0.02901   0.00000   0.00000   0.02846   0.02997   0.00000   0.00000   0.00000   0.00000   0.00000   0.00000   0.00000   0.00000   0.00000   0.02696   3.68246   1.17038  -0.04014   0.00000  
 40  2.6401    171.536241  x:  0.01279   0.00000   0.00000   0.00000   0.00000   0.00000   0.00000   0.00000   0.00000   0.00000   0.00000   0.00000   0.00000   0.00000   0.00000   0.02536   0.00000   0.00000   0.03085   0.01862   0.00000   0.00000   0.00000   0.00000   0.00000   0.00000   0.00000   0.00000   0.00000   0.02780   3.75344   1.89923  -0.76898   0.00000  
 41 10.9951    170.854159  x:  0.01777   0.00000   0.00000   0.00000   0.00000   0.00000   0.00000   0.00000   0.00000   0.00000   0.00000   0.00000   0.00000   0.00000   0.00000   0.02487   0.00000   0.00000   0.03306   0.01801   0.00000   0.00000   0.00000   0.00000   0.00000   0.00000   0.00000   0.02047   0.00000   0.02848   3.81493   2.53048  -1.40024   0.00000  
 42 1869.8001    170.705110  x:  0.01566   0.00000   0.00000   0.00000   0.00000   0.00000   0.00000   0.00000   0.00000   0.00000   0.00000   0.00000   0.00000   0.00000   0.00000   0.02672   0.00000   0.00000   0.02846   0.03152   0.00000   0.00000   0.00000   0.00000   0.00000   0.00000   0.00000   0.02091   0.00000   0.02936   3.82634   2.64741  -1.51716   0.00000  
 43 252.3751    170.703359  x:  0.01566   0.00000   0.00000   0.00000   0.00000   0.00000   0.00000   0.00000   0.00000   0.00000   0.00000   0.00000   0.00000   0.00000   0.00000   0.02819   0.00000   0.00000   0.02768   0.03118   0.00000   0.00000   0.00000   0.00000   0.00000   0.00000   0.00000   0.02092   0.00000   0.02937   3.82650   2.64869  -1.51845   0.00000  
 44  3.0737    170.568917  x:  0.02787   0.00000   0.00000   0.00000   0.00000   0.00000   0.00000   0.00000   0.00000   0.00000   0.00000   0.00000   0.00000   0.00000   0.00000   0.02882   0.00000   0.00000   0.03025   0.02923   0.00000   0.00000   0.00000   0.00000   0.00000   0.00000   0.00000   0.00000   0.00000   0.02235   3.98186   3.11293  -1.98269   0.00000  
 45  0.2450    170.568795  x:  0.02749   0.00000   0.00000   0.00000   0.00000   0.00000   0.00000   0.00000   0.00000   0.00000   0.00000   0.00000   0.00000   0.00000   0.00000   0.02880   0.00000   0.00000   0.03018   0.02926   0.00000   0.00000   0.00000   0.00000   0.00000   0.00000   0.00000   0.00000   0.00000   0.02247   3.97931   3.10531  -1.97507   0.00000  
 46 36.5663    170.504666  x:  0.02850   0.00000   0.00000   0.00000   0.00000   0.00000   0.00000   0.00000   0.00000   0.00000   0.00000   0.00000   0.00000   0.00000   0.00000   0.02563   0.00000   0.00000   0.02546   0.02618   0.00000   0.00000   0.00000   0.00000   0.00000   0.00000   0.00000   0.00000   0.00000   0.02756   4.16105   3.56859  -2.43835   0.00000  
 47  0.6039    170.493192  x:  0.02853   0.00000   0.00000   0.00000   0.00000   0.00000   0.00000   0.00000   0.00000   0.00000   0.00000   0.00000   0.00000   0.00000   0.00000   0.02727   0.00000   0.00000   0.02841   0.02717   0.00000   0.00000   0.00000   0.00000   0.00000   0.00000   0.00000   0.00000   0.00000   0.02913   4.25282   3.72748  -2.59724   0.00000  
 48  0.1606    170.474995  x:  0.02638   0.00000   0.00000   0.00000   0.00000   0.00000   0.00000   0.00000   0.00000   0.00000   0.00000   0.00000   0.00000   0.00000   0.00000   0.02656   0.00000   0.00000   0.02584   0.02893   0.00000   0.00000   0.00000   0.00000   0.00000   0.00000   0.00000   0.00000   0.00000   0.02801   4.59150   4.28403  -3.15380   0.00000  
 49  0.2109    170.474671  x:  0.02627   0.00000   0.00000   0.00000   0.00000   0.00000   0.00000   0.00000   0.00000   0.00000   0.00000   0.00000   0.00000   0.00000   0.00000   0.02652   0.00000   0.00000   0.02572   0.02902   0.00000   0.00000   0.00000   0.00000   0.00000   0.00000   0.00000   0.00076   0.00000   0.02795   4.60861   4.31215  -3.18192   0.00000  
 50 48.7488    170.466393  x:  0.02625   0.00000   0.00000   0.00000   0.00000   0.00000   0.00000   0.00000   0.00000   0.00000   0.00000   0.00000   0.00000   0.00000   0.00000   0.02687   0.00000   0.00000   0.02784   0.02701   0.00000   0.00000   0.00000   0.00000   0.00000   0.00000   0.00000   0.00089   0.00000   0.02671   4.82476   4.64707  -3.51685   0.00000  
 51  0.2367    170.465594  x:  0.02570   0.00000   0.00000   0.00000   0.00000   0.00000   0.00000   0.00000   0.00000   0.00000   0.00000   0.00000   0.00000   0.00000   0.00000   0.02662   0.00000   0.00000   0.02709   0.02700   0.00000   0.00000   0.00000   0.00000   0.00000   0.00000   0.00000   0.00114   0.00000   0.02639   4.92736   4.82983  -3.69961   0.00000  
 52  0.1610    170.465390  x:  0.02551   0.00000   0.00000   0.00000   0.00000   0.00000   0.00000   0.00000   0.00000   0.00000   0.00000   0.00000   0.00000   0.00000   0.00000   0.02668   0.00000   0.00000   0.02727   0.02708   0.00000   0.00000   0.00000   0.00000   0.00000   0.00000   0.00000   0.00139   0.00000   0.02673   4.97475   4.93978  -3.80956   0.00000  
 53  0.0730    170.465004  x:  0.02558   0.00000   0.00000   0.00000   0.00000   0.00000   0.00000   0.00000   0.00000   0.00000   0.00000   0.00000   0.00000   0.00000   0.00000   0.02666   0.00000   0.00000   0.02718   0.02691   0.00000   0.00000   0.00000   0.00000   0.00000   0.00000   0.00000   0.00116   0.00000   0.02654   4.98444   5.09663  -3.96641   0.00000  
 54  0.0278    170.463673  x:  0.02662   0.00000   0.00000   0.00000   0.00000   0.00000   0.00000   0.00000   0.00000   0.00000   0.00000   0.00000   0.00000   0.00000   0.00000   0.02663   0.00000   0.00000   0.02712   0.02682   0.00000   0.00000   0.00000   0.00000   0.00000   0.00000   0.00000   0.00000   0.00000   0.02623   4.85763   5.78231  -4.65211   0.00000  
 55  0.3232    170.463673  x:  0.02662   0.00000   0.00000   0.00000   0.00000   0.00000   0.00000   0.00000   0.00000   0.00000   0.00000   0.00000   0.00000   0.00000   0.00000   0.02663   0.00000   0.00000   0.02712   0.02682   0.00000   0.00000   0.00000   0.00000   0.00000   0.00000   0.00000   0.00000   0.00000   0.02623   4.85763   5.78231  -4.65211   0.00000  
 56  0.5202    170.463449  x:  0.02687   0.00000   0.00000   0.00000   0.00000   0.00000   0.00000   0.00000   0.00000   0.00000   0.00000   0.00000   0.00000   0.00000   0.00000   0.02669   0.00000   0.00000   0.02725   0.02704   0.00000   0.00000   0.00000   0.00000   0.00000   0.00000   0.00000   0.00011   0.00000   0.02659   4.85763   5.78231  -4.65211   0.00000  
 57  0.8115    170.463443  x:  0.02683   0.00000   0.00000   0.00000   0.00000   0.00000   0.00000   0.00000   0.00000   0.00000   0.00000   0.00000   0.00000   0.00000   0.00000   0.02670   0.00000   0.00000   0.02727   0.02707   0.00000   0.00000   0.00000   0.00000   0.00000   0.00000   0.00000   0.00007   0.00000   0.02663   4.85762   5.78231  -4.65211   0.00000  
 58  0.1638    170.463443  x:  0.02683   0.00000   0.00000   0.00000   0.00000   0.00000   0.00000   0.00000   0.00000   0.00000   0.00000   0.00000   0.00000   0.00000   0.00000   0.02670   0.00000   0.00000   0.02727   0.02707   0.00000   0.00000   0.00000   0.00000   0.00000   0.00000   0.00000   0.00007   0.00000   0.02663   4.85762   5.78231  -4.65211   0.00000  
 59  0.0112    170.463443  x:  0.02683   0.00000   0.00000   0.00000   0.00000   0.00000   0.00000   0.00000   0.00000   0.00000   0.00000   0.00000   0.00000   0.00000   0.00000   0.02670   0.00000   0.00000   0.02727   0.02707   0.00000   0.00000   0.00000   0.00000   0.00000   0.00000   0.00000   0.00007   0.00000   0.02663   4.85762   5.78231  -4.65211   0.00000  
 60  0.1210    170.463443  x:  0.02684   0.00000   0.00000   0.00000   0.00000   0.00000   0.00000   0.00000   0.00000   0.00000   0.00000   0.00000   0.00000   0.00000   0.00000   0.02670   0.00000   0.00000   0.02727   0.02707   0.00000   0.00000   0.00000   0.00000   0.00000   0.00000   0.00000   0.00006   0.00000   0.02663   4.85762   5.78231  -4.65211   0.00000  
 61  0.0179    170.463443  x:  0.02684   0.00000   0.00000   0.00000   0.00000   0.00000   0.00000   0.00000   0.00000   0.00000   0.00000   0.00000   0.00000   0.00000   0.00000   0.02670   0.00000   0.00000   0.02727   0.02707   0.00000   0.00000   0.00000   0.00000   0.00000   0.00000   0.00000   0.00006   0.00000   0.02663   4.85762   5.78231  -4.65211   0.00000  
 62  0.0363    170.463443  x:  0.02684   0.00000   0.00000   0.00000   0.00000   0.00000   0.00000   0.00000   0.00000   0.00000   0.00000   0.00000   0.00000   0.00000   0.00000   0.02670   0.00000   0.00000   0.02727   0.02707   0.00000   0.00000   0.00000   0.00000   0.00000   0.00000   0.00000   0.00006   0.00000   0.02663   4.85762   5.78231  -4.65211   0.00000  
check convergence!
