

TREE # 1

  0  0.0000    208.942159  x:  0.00000   0.00653   0.03549   0.01107   0.03966   0.03915   0.01926   0.02278   0.03884   0.01130   0.02922   0.01460   0.01371   0.00934   0.01119   0.03498   0.03229   0.01501   0.02840   0.03542   0.04759   0.03228   0.00107   0.04439   0.00696   0.03969   0.07539   0.04088   0.04396   0.04263   2.00000   1.09989   0.02896   0.27919   2.57308  
  1 99.0000    208.939286  x:  0.00000   0.00652   0.03549   0.01107   0.03966   0.03914   0.01926   0.02277   0.03884   0.01130   0.02921   0.01460   0.01371   0.00934   0.01119   0.03498   0.03229   0.01500   0.02840   0.03542   0.04758   0.03228   0.00106   0.04439   0.00696   0.03969   0.07539   0.04088   0.04396   0.04263   2.00000   1.09989   0.02896   0.27919   2.57308  
  2 149.5282    208.159526  x:  0.00000   0.00551   0.03445   0.01000   0.03860   0.03808   0.01809   0.02171   0.03778   0.01023   0.02815   0.01353   0.01264   0.00827   0.01012   0.03391   0.03122   0.01394   0.02733   0.03530   0.04697   0.03158   0.00000   0.04549   0.00688   0.03865   0.07629   0.04032   0.04295   0.04466   2.00001   1.09987   0.02899   0.27831   2.57308  
  3 1000.1821    204.374998  x:  0.00000   0.00000   0.02861   0.00360   0.03221   0.03170   0.01021   0.01531   0.03139   0.00382   0.02175   0.00712   0.00623   0.00186   0.00371   0.02752   0.02483   0.00753   0.02094   0.03511   0.05261   0.02663   0.00000   0.04316   0.01691   0.03288   0.08368   0.03340   0.03678   0.04303   2.00011   1.09932   0.02963   0.26139   2.57305  
  4 223.5039    203.330888  x:  0.00000   0.00000   0.02692   0.00175   0.03036   0.02985   0.00793   0.01346   0.02954   0.00196   0.01990   0.00527   0.00437   0.00000   0.00185   0.02566   0.02298   0.00567   0.01908   0.03505   0.05430   0.02518   0.00000   0.04246   0.01985   0.03122   0.08574   0.03150   0.03499   0.04260   2.00014   1.09916   0.02981   0.25653   2.57305  
  5 445006.4816    202.408466  x:  0.00000   0.00000   0.02528   0.00000   0.02862   0.02810   0.00576   0.01171   0.02780   0.00021   0.01815   0.00352   0.00262   0.00000   0.00010   0.02392   0.02124   0.00392   0.01734   0.03506   0.05600   0.02445   0.00000   0.04208   0.02294   0.02966   0.08719   0.02925   0.03329   0.04229   2.00016   1.09902   0.02998   0.25203   2.57304  
  6 8005.8275    202.356622  x:  0.00000   0.00000   0.02516   0.00000   0.02852   0.02801   0.00561   0.01161   0.02770   0.00012   0.01805   0.00342   0.00252   0.00000   0.00000   0.02382   0.02114   0.00382   0.01724   0.03508   0.05608   0.02434   0.00000   0.04217   0.02302   0.02958   0.08721   0.02918   0.03319   0.04222   2.00016   1.09902   0.02999   0.25167   2.57304  
  7 210.0440    202.297273  x:  0.00000   0.00000   0.02501   0.00000   0.02841   0.02789   0.00543   0.01150   0.02759   0.00000   0.01794   0.00331   0.00241   0.00000   0.00000   0.02371   0.02103   0.00371   0.01713   0.03508   0.05615   0.02430   0.00000   0.04215   0.02308   0.02950   0.08726   0.02912   0.03306   0.04221   2.00016   1.09901   0.03000   0.25121   2.57304  
  8 1010.5765    201.101961  x:  0.00000   0.00000   0.02171   0.00000   0.02601   0.02550   0.00126   0.00910   0.02519   0.00000   0.01554   0.00091   0.00000   0.00000   0.00000   0.02131   0.01863   0.00131   0.01473   0.03490   0.05710   0.02383   0.00000   0.04216   0.02522   0.02772   0.08899   0.02844   0.03046   0.04187   2.00018   1.09881   0.03024   0.24214   2.57302  
  9 5244.5677    200.783531  x:  0.00000   0.00000   0.02077   0.00000   0.02534   0.02482   0.00000   0.00842   0.02451   0.00000   0.01486   0.00023   0.00000   0.00000   0.00000   0.02063   0.01796   0.00063   0.01405   0.03490   0.05733   0.02355   0.00000   0.04205   0.02581   0.02723   0.08938   0.02811   0.02974   0.04181   2.00019   1.09874   0.03032   0.23977   2.57302  
 10 8402.2720    200.691205  x:  0.00000   0.00000   0.02047   0.00000   0.02511   0.02459   0.00000   0.00819   0.02428   0.00000   0.01463   0.00000   0.00000   0.00000   0.00000   0.02040   0.01773   0.00040   0.01382   0.03486   0.05745   0.02350   0.00000   0.04204   0.02593   0.02706   0.08949   0.02802   0.02951   0.04178   2.00019   1.09871   0.03034   0.23910   2.57302  
 11 1456.0124    200.544706  x:  0.00000   0.00000   0.01995   0.00000   0.02472   0.02420   0.00000   0.00779   0.02389   0.00000   0.01424   0.00000   0.00000   0.00000   0.00000   0.02000   0.01733   0.00000   0.01343   0.03485   0.05763   0.02341   0.00000   0.04202   0.02616   0.02676   0.08968   0.02787   0.02910   0.04175   2.00019   1.09867   0.03039   0.23793   2.57302  
 12 51690.4482    197.860684  x:  0.00000   0.00000   0.00987   0.00000   0.01697   0.01645   0.00000   0.00000   0.01614   0.00000   0.00646   0.00000   0.00000   0.00000   0.00000   0.01223   0.00957   0.00000   0.00565   0.03186   0.05880   0.02082   0.00000   0.04124   0.03145   0.02078   0.09198   0.02482   0.02122   0.04118   2.00024   1.09792   0.03130   0.21621   2.57296  
 13 1931.4575    196.115937  x:  0.00000   0.00000   0.00265   0.00000   0.01135   0.01083   0.00000   0.00000   0.01053   0.00000   0.00082   0.00000   0.00000   0.00000   0.00000   0.00660   0.00393   0.00000   0.00000   0.03092   0.06087   0.01959   0.00000   0.04099   0.03425   0.01645   0.09413   0.02293   0.01558   0.04079   2.00028   1.09735   0.03197   0.20166   2.57292  
 14 3326.0123    195.894620  x:  0.00000   0.00000   0.00158   0.00000   0.01054   0.01001   0.00000   0.00000   0.00972   0.00000   0.00000   0.00000   0.00000   0.00000   0.00000   0.00579   0.00312   0.00000   0.00000   0.03078   0.06133   0.01937   0.00000   0.04094   0.03471   0.01583   0.09459   0.02259   0.01473   0.04071   2.00028   1.09729   0.03205   0.19958   2.57291  
 15 2141.0291    195.577212  x:  0.00000   0.00000   0.00000   0.00000   0.00927   0.00875   0.00000   0.00000   0.00845   0.00000   0.00000   0.00000   0.00000   0.00000   0.00000   0.00452   0.00185   0.00000   0.00000   0.03064   0.06170   0.01922   0.00000   0.04093   0.03520   0.01481   0.09490   0.02228   0.01341   0.04066   2.00029   1.09719   0.03217   0.19617   2.57291  
 16 315.3354    195.191487  x:  0.00000   0.00000   0.00000   0.00000   0.00743   0.00691   0.00000   0.00000   0.00661   0.00000   0.00000   0.00000   0.00000   0.00000   0.00000   0.00267   0.00000   0.00000   0.00000   0.03043   0.06225   0.01900   0.00000   0.04092   0.03587   0.01333   0.09538   0.02184   0.01153   0.04058   2.00031   1.09704   0.03234   0.19172   2.57290  
 17 4332.9463    194.712977  x:  0.00000   0.00000   0.00000   0.00000   0.00477   0.00425   0.00000   0.00000   0.00395   0.00000   0.00000   0.00000   0.00000   0.00000   0.00000   0.00000   0.00000   0.00000   0.00000   0.03019   0.06285   0.01879   0.00000   0.04094   0.03660   0.01114   0.09584   0.02135   0.00887   0.04051   2.00033   1.09685   0.03255   0.18618   2.57289  
 18 510.2576    194.129424  x:  0.00000   0.00000   0.00000   0.00000   0.00082   0.00030   0.00000   0.00000   0.00000   0.00000   0.00000   0.00000   0.00000   0.00000   0.00000   0.00000   0.00000   0.00000   0.00000   0.02986   0.06368   0.01852   0.00000   0.04098   0.03758   0.00784   0.09647   0.02070   0.00497   0.04042   2.00036   1.09658   0.03286   0.17870   2.57288  
 19 2214.8049    194.095153  x:  0.00000   0.00000   0.00000   0.00000   0.00053   0.00000   0.00000   0.00000   0.00000   0.00000   0.00000   0.00000   0.00000   0.00000   0.00000   0.00000   0.00000   0.00000   0.00000   0.02984   0.06373   0.01851   0.00000   0.04098   0.03763   0.00759   0.09650   0.02066   0.00469   0.04042   2.00036   1.09657   0.03288   0.17825   2.57288  
 20 388.4261    194.049810  x:  0.00000   0.00000   0.00000   0.00000   0.00000   0.00000   0.00000   0.00000   0.00000   0.00000   0.00000   0.00000   0.00000   0.00000   0.00000   0.00000   0.00000   0.00000   0.00000   0.02981   0.06379   0.01849   0.00000   0.04099   0.03770   0.00714   0.09653   0.02061   0.00419   0.04042   2.00036   1.09654   0.03291   0.17761   2.57288  
 21 439.1604    193.802160  x:  0.00000   0.00000   0.00000   0.00000   0.00000   0.00000   0.00000   0.00000   0.00000   0.00000   0.00000   0.00000   0.00000   0.00000   0.00000   0.00000   0.00000   0.00000   0.00000   0.02966   0.06413   0.01847   0.00000   0.04108   0.03799   0.00323   0.09666   0.02039   0.00000   0.04044   2.00039   1.09638   0.03308   0.17408   2.57288  
 22 148.4255    193.703961  x:  0.00000   0.00000   0.00000   0.00000   0.00000   0.00000   0.00000   0.00000   0.00000   0.00000   0.00000   0.00000   0.00000   0.00000   0.00000   0.00000   0.00000   0.00000   0.00000   0.02958   0.06433   0.01848   0.00000   0.04113   0.03812   0.00000   0.09669   0.02028   0.00000   0.04045   2.00041   1.09631   0.03316   0.17226   2.57287  
 23 107.1243    192.309408  x:  0.00000   0.00000   0.00000   0.00000   0.00000   0.00000   0.00000   0.00000   0.00000   0.00000   0.00000   0.00000   0.00000   0.00000   0.00000   0.00000   0.00000   0.00000   0.00000   0.02745   0.02278   0.04896   0.00000   0.06063   0.00000   0.00000   0.04243   0.03708   0.00000   0.05359   2.01074   1.09824   0.03008   0.07746   2.57347  
 24  4.0335    191.692545  x:  0.00000   0.00000   0.00000   0.00000   0.00000   0.00000   0.00000   0.00000   0.00000   0.00000   0.00000   0.00000   0.00000   0.00000   0.00000   0.00000   0.00000   0.00000   0.00000   0.03008   0.00000   0.04408   0.00000   0.05795   0.00000   0.00000   0.03793   0.03713   0.00000   0.05554   2.01516   1.09676   0.02935   0.05962   2.57448  
 25  3.6539    191.297943  x:  0.00000   0.00000   0.00000   0.00000   0.00000   0.00000   0.00000   0.00000   0.00000   0.00000   0.00000   0.00000   0.00000   0.00000   0.00000   0.00000   0.00000   0.00000   0.00000   0.04956   0.00000   0.03499   0.00000   0.04926   0.00000   0.00000   0.05588   0.03331   0.00000   0.05427   2.06229   1.08777   0.03949   0.02463   2.57378  
 26  0.3721    191.119356  x:  0.00000   0.00000   0.00000   0.00000   0.00000   0.00000   0.00000   0.00000   0.00000   0.00000   0.00000   0.00000   0.00000   0.00000   0.00000   0.00000   0.00000   0.00000   0.00000   0.04727   0.00000   0.02652   0.00000   0.04572   0.00000   0.00000   0.05728   0.02413   0.00000   0.05546   2.11434   1.03715   0.09238   0.06816   2.57268  
 27  0.8303    191.084623  x:  0.00903   0.00000   0.00000   0.00000   0.00000   0.00000   0.00000   0.00000   0.00000   0.00000   0.00000   0.00000   0.00000   0.00000   0.00000   0.00000   0.00000   0.00000   0.00000   0.04657   0.00000   0.02411   0.00000   0.04477   0.00000   0.00000   0.05771   0.02157   0.00000   0.05585   2.12980   1.02226   0.10791   0.08033   2.57237  
 28 26.8107    190.648979  x:  0.00831   0.00000   0.00000   0.00000   0.00000   0.00000   0.00000   0.00000   0.00000   0.00000   0.00000   0.00000   0.00000   0.00000   0.00000   0.00000   0.00000   0.00000   0.00000   0.03831   0.00000   0.03192   0.00000   0.07042   0.00000   0.00000   0.07217   0.02413   0.00000   0.07729   2.39004   0.82030   0.31113   0.06181   2.57146  
 29  0.9083    190.585689  x:  0.00267   0.00000   0.00000   0.00000   0.00000   0.00000   0.00000   0.00000   0.00000   0.00000   0.00000   0.00000   0.00000   0.00000   0.00000   0.00000   0.00000   0.00000   0.00000   0.02894   0.00000   0.02736   0.00000   0.06908   0.00000   0.00000   0.07471   0.02819   0.00000   0.07857   2.43507   0.79739   0.33357   0.02766   2.57156  
 30  0.4669    190.483568  x:  0.00040   0.00000   0.00000   0.00000   0.00000   0.00000   0.00000   0.00000   0.00000   0.00000   0.00000   0.00000   0.00000   0.00000   0.00000   0.00000   0.00000   0.00000   0.00000   0.02785   0.00000   0.03038   0.00000   0.06517   0.00000   0.00000   0.07965   0.03021   0.00000   0.07093   2.51900   0.71176   0.42126   0.00000   2.57065  
 31  0.2703    190.462249  x:  0.00000   0.00000   0.00000   0.00000   0.00000   0.00000   0.00000   0.00000   0.00000   0.00000   0.00000   0.00000   0.00000   0.00000   0.00000   0.00000   0.00000   0.00000   0.00000   0.02878   0.00000   0.03051   0.00000   0.06429   0.00000   0.00000   0.08150   0.03048   0.00000   0.06821   2.54345   0.71189   0.42176   0.00000   2.57038  
 32  0.1026    190.432203  x:  0.00000   0.00000   0.00000   0.00000   0.00000   0.00000   0.00000   0.00000   0.00000   0.00000   0.00000   0.00000   0.00000   0.00000   0.00000   0.00000   0.00000   0.00000   0.00000   0.02983   0.00000   0.03100   0.00000   0.06152   0.00000   0.00000   0.08944   0.03268   0.00000   0.06144   2.63505   0.72370   0.41201   0.00000   2.56945  
 33  0.0997    190.427758  x:  0.00000   0.00000   0.00000   0.00000   0.00000   0.00000   0.00000   0.00000   0.00000   0.00000   0.00000   0.00000   0.00000   0.00000   0.00000   0.00000   0.00000   0.00000   0.00000   0.03057   0.00000   0.03092   0.00000   0.06134   0.00000   0.00000   0.09106   0.03004   0.00000   0.06175   2.64833   0.72550   0.41089   0.00000   2.56911  
 34  0.0243    190.427087  x:  0.00274   0.00000   0.00000   0.00000   0.00000   0.00000   0.00000   0.00000   0.00000   0.00000   0.00000   0.00000   0.00000   0.00000   0.00000   0.00000   0.00000   0.00000   0.00000   0.03119   0.00000   0.03085   0.00000   0.06118   0.00000   0.00000   0.09242   0.02783   0.00000   0.06202   2.65946   0.72694   0.41001   0.00000   2.56882  
 35  2.1203    190.426118  x:  0.00295   0.00000   0.00000   0.00000   0.00000   0.00000   0.00000   0.00000   0.00000   0.00000   0.00000   0.00000   0.00000   0.00000   0.00000   0.00000   0.00000   0.00000   0.00000   0.03068   0.00000   0.03076   0.00000   0.06187   0.00000   0.00000   0.09316   0.02759   0.00000   0.06332   2.65576   0.71734   0.41965   0.00000   2.56878  
 36  0.0134    190.425925  x:  0.00321   0.00000   0.00000   0.00000   0.00000   0.00000   0.00000   0.00000   0.00000   0.00000   0.00000   0.00000   0.00000   0.00000   0.00000   0.00000   0.00000   0.00000   0.00000   0.03049   0.00000   0.03086   0.00000   0.06203   0.00000   0.00000   0.09340   0.02734   0.00000   0.06355   2.65007   0.72515   0.41194   0.00000   2.56873  
 37  0.0203    190.425856  x:  0.00333   0.00000   0.00000   0.00000   0.00000   0.00000   0.00000   0.00000   0.00000   0.00000   0.00000   0.00000   0.00000   0.00000   0.00000   0.00000   0.00000   0.00000   0.00000   0.03045   0.00000   0.03084   0.00000   0.06213   0.00000   0.00000   0.09370   0.02724   0.00000   0.06326   2.63697   0.72444   0.41278   0.00000   2.56867  
 38  0.0065    190.425846  x:  0.00331   0.00000   0.00000   0.00000   0.00000   0.00000   0.00000   0.00000   0.00000   0.00000   0.00000   0.00000   0.00000   0.00000   0.00000   0.00000   0.00000   0.00000   0.00000   0.03050   0.00000   0.03085   0.00000   0.06207   0.00000   0.00000   0.09363   0.02725   0.00000   0.06334   2.63149   0.72446   0.41274   0.00000   2.56868  
 39  0.0039    190.425846  x:  0.00331   0.00000   0.00000   0.00000   0.00000   0.00000   0.00000   0.00000   0.00000   0.00000   0.00000   0.00000   0.00000   0.00000   0.00000   0.00000   0.00000   0.00000   0.00000   0.03049   0.00000   0.03085   0.00000   0.06206   0.00000   0.00000   0.09363   0.02725   0.00000   0.06334   2.63144   0.72444   0.41277   0.00000   2.56867  
 40  0.0001    190.425846  x:  0.00331   0.00000   0.00000   0.00000   0.00000   0.00000   0.00000   0.00000   0.00000   0.00000   0.00000   0.00000   0.00000   0.00000   0.00000   0.00000   0.00000   0.00000   0.00000   0.03049   0.00000   0.03085   0.00000   0.06206   0.00000   0.00000   0.09363   0.02725   0.00000   0.06334   2.63144   0.72445   0.41276   0.00000   2.56867  
 41  0.0000    190.425846  x:  0.00331   0.00000   0.00000   0.00000   0.00000   0.00000   0.00000   0.00000   0.00000   0.00000   0.00000   0.00000   0.00000   0.00000   0.00000   0.00000   0.00000   0.00000   0.00000   0.03049   0.00000   0.03085   0.00000   0.06206   0.00000   0.00000   0.09363   0.02725   0.00000   0.06334   2.63144   0.72445   0.41276   0.00000   2.56867  
 42  0.0000    190.425846  x:  0.00331   0.00000   0.00000   0.00000   0.00000   0.00000   0.00000   0.00000   0.00000   0.00000   0.00000   0.00000   0.00000   0.00000   0.00000   0.00000   0.00000   0.00000   0.00000   0.03049   0.00000   0.03085   0.00000   0.06206   0.00000   0.00000   0.09363   0.02725   0.00000   0.06334   2.63144   0.72449   0.41280   0.00000   2.56863  
 43  0.0000    190.425846  x:  0.00330   0.00000   0.00000   0.00000   0.00000   0.00000   0.00000   0.00000   0.00000   0.00000   0.00000   0.00000   0.00000   0.00000   0.00000   0.00000   0.00000   0.00000   0.00000   0.03049   0.00000   0.03085   0.00000   0.06206   0.00000   0.00000   0.09363   0.02725   0.00000   0.06334   2.63144   0.72498   0.41330   0.00000   2.56811  
 44  0.0002    190.425846  x:  0.00328   0.00000   0.00000   0.00000   0.00000   0.00000   0.00000   0.00000   0.00000   0.00000   0.00000   0.00000   0.00000   0.00000   0.00000   0.00000   0.00000   0.00000   0.00000   0.03049   0.00000   0.03085   0.00000   0.06206   0.00000   0.00000   0.09363   0.02728   0.00000   0.06334   2.63144   0.72750   0.41583   0.00000   2.56547  
 45  0.0006    190.425845  x:  0.00000   0.00000   0.00000   0.00000   0.00000   0.00000   0.00000   0.00000   0.00000   0.00000   0.00000   0.00000   0.00000   0.00000   0.00000   0.00000   0.00000   0.00000   0.00000   0.03048   0.00000   0.03087   0.00000   0.06205   0.00000   0.00000   0.09363   0.03055   0.00000   0.06333   2.63141   1.07860   0.76709   0.00000   2.19900  
 46  0.8131    190.425845  x:  0.00000   0.00000   0.00000   0.00000   0.00000   0.00000   0.00000   0.00000   0.00000   0.00000   0.00000   0.00000   0.00000   0.00000   0.00000   0.00000   0.00000   0.00000   0.00000   0.03048   0.00000   0.03087   0.00000   0.06205   0.00000   0.00000   0.09363   0.03055   0.00000   0.06333   2.63141   1.07860   0.76709   0.00000   2.19900  
 47  0.8136    190.425844  x:  0.00000   0.00000   0.00000   0.00000   0.00000   0.00000   0.00000   0.00000   0.00000   0.00000   0.00000   0.00000   0.00000   0.00000   0.00000   0.00000   0.00000   0.00000   0.00000   0.03048   0.00000   0.03086   0.00000   0.06205   0.00000   0.00000   0.09362   0.03056   0.00000   0.06333   2.63133   1.07875   0.76721   0.00000   2.19884  
 48  0.0004    190.425844  x:  0.00000   0.00000   0.00000   0.00000   0.00000   0.00000   0.00000   0.00000   0.00000   0.00000   0.00000   0.00000   0.00000   0.00000   0.00000   0.00000   0.00000   0.00000   0.00000   0.03049   0.00000   0.03085   0.00000   0.06206   0.00000   0.00000   0.09363   0.03055   0.00000   0.06334   2.63133   1.07868   0.76702   0.00000   2.19897  
 49  0.0009    190.425844  x:  0.00000   0.00000   0.00000   0.00000   0.00000   0.00000   0.00000   0.00000   0.00000   0.00000   0.00000   0.00000   0.00000   0.00000   0.00000   0.00000   0.00000   0.00000   0.00000   0.03049   0.00000   0.03085   0.00000   0.06206   0.00000   0.00000   0.09363   0.03055   0.00000   0.06334   2.63142   1.07856   0.76687   0.00000   2.19910  
 50  0.0001    190.425844  x:  0.00000   0.00000   0.00000   0.00000   0.00000   0.00000   0.00000   0.00000   0.00000   0.00000   0.00000   0.00000   0.00000   0.00000   0.00000   0.00000   0.00000   0.00000   0.00000   0.03049   0.00000   0.03085   0.00000   0.06206   0.00000   0.00000   0.09363   0.03055   0.00000   0.06334   2.63142   1.07856   0.76687   0.00000   2.19910  