Supplemental results for CODEML (seqf: /Users/YY/Desktop/get/branch_site/modify/modify_trim_muscle_psbJ.fa  treef: /Users/YY/Desktop/get/branch_site/16gene_topu.tree)


dN/dS (w) for site classes (K=4)

site class             0        1       2a       2b
proportion       1.00000  0.00000  0.00000  0.00000
background w     0.00000  1.00000  0.00000  1.00000
foreground w     0.00000  1.00000  2.55581  2.55581
(note that p[2] is zero)


Naive Empirical Bayes (NEB) probabilities for 4 classes
(amino acids refer to 1st sequence: NC_033344)

   1 M   1.00000 0.00000 0.00000 0.00000 ( 1)
   2 A   1.00000 0.00000 0.00000 0.00000 ( 1)
   3 D   1.00000 0.00000 0.00000 0.00000 ( 1)
   4 T   1.00000 0.00000 0.00000 0.00000 ( 1)
   5 T   1.00000 0.00000 0.00000 0.00000 ( 1)
   6 G   1.00000 0.00000 0.00000 0.00000 ( 1)
   7 R   1.00000 0.00000 0.00000 0.00000 ( 1)
   8 I   1.00000 0.00000 0.00000 0.00000 ( 1)
   9 P   1.00000 0.00000 0.00000 0.00000 ( 1)
  10 L   1.00000 0.00000 0.00000 0.00000 ( 1)
  11 W   1.00000 0.00000 0.00000 0.00000 ( 1)
  12 I   1.00000 0.00000 0.00000 0.00000 ( 1)
  13 I   1.00000 0.00000 0.00000 0.00000 ( 1)
  14 G   1.00000 0.00000 0.00000 0.00000 ( 1)
  15 T   1.00000 0.00000 0.00000 0.00000 ( 1)
  16 V   1.00000 0.00000 0.00000 0.00000 ( 1)
  17 A   1.00000 0.00000 0.00000 0.00000 ( 1)
  18 G   1.00000 0.00000 0.00000 0.00000 ( 1)
  19 I   1.00000 0.00000 0.00000 0.00000 ( 1)
  20 L   1.00000 0.00000 0.00000 0.00000 ( 1)
  21 V   1.00000 0.00000 0.00000 0.00000 ( 1)
  22 I   1.00000 0.00000 0.00000 0.00000 ( 1)
  23 G   1.00000 0.00000 0.00000 0.00000 ( 1)
  24 L   1.00000 0.00000 0.00000 0.00000 ( 1)
  25 I   1.00000 0.00000 0.00000 0.00000 ( 1)
  26 G   1.00000 0.00000 0.00000 0.00000 ( 1)
  27 I   1.00000 0.00000 0.00000 0.00000 ( 1)
  28 F   1.00000 0.00000 0.00000 0.00000 ( 1)
  29 F   1.00000 0.00000 0.00000 0.00000 ( 1)
  30 Y   1.00000 0.00000 0.00000 0.00000 ( 1)
  31 G   1.00000 0.00000 0.00000 0.00000 ( 1)
  32 S   1.00000 0.00000 0.00000 0.00000 ( 1)
  33 Y   1.00000 0.00000 0.00000 0.00000 ( 1)
  34 S   1.00000 0.00000 0.00000 0.00000 ( 1)
  35 G   1.00000 0.00000 0.00000 0.00000 ( 1)
  36 L   1.00000 0.00000 0.00000 0.00000 ( 1)
  37 G   1.00000 0.00000 0.00000 0.00000 ( 1)
  38 S   1.00000 0.00000 0.00000 0.00000 ( 1)
  39 S   1.00000 0.00000 0.00000 0.00000 ( 1)
  40 L   1.00000 0.00000 0.00000 0.00000 ( 1)


lnL =  -169.436212

Bayes Empirical Bayes (BEB) probabilities for 4 classes (class)
(amino acids refer to 1st sequence: NC_033344)

   1 M   0.69296 0.02995 0.26301 0.01407 ( 1)
   2 A   0.70175 0.02117 0.26711 0.00997 ( 1)
   3 D   0.69432 0.02860 0.26365 0.01344 ( 1)
   4 T   0.70139 0.02153 0.26694 0.01014 ( 1)
   5 T   0.70139 0.02153 0.26694 0.01014 ( 1)
   6 G   0.68076 0.04214 0.25736 0.01974 ( 1)
   7 R   0.68125 0.04165 0.25759 0.01951 ( 1)
   8 I   0.70255 0.02038 0.26747 0.00960 ( 1)
   9 P   0.69318 0.02973 0.26312 0.01397 ( 1)
  10 L   0.69858 0.02434 0.26563 0.01145 ( 1)
  11 W   0.67846 0.04444 0.25629 0.02081 ( 1)
  12 I   0.69100 0.03191 0.26210 0.01499 ( 1)
  13 I   0.68940 0.03351 0.26136 0.01573 ( 1)
  14 G   0.69437 0.02855 0.26367 0.01342 ( 1)
  15 T   0.70139 0.02153 0.26694 0.01014 ( 1)
  16 V   0.68674 0.03616 0.26013 0.01697 ( 1)
  17 A   0.69791 0.02502 0.26531 0.01177 ( 1)
  18 G   0.69437 0.02855 0.26367 0.01342 ( 1)
  19 I   0.70255 0.02038 0.26747 0.00960 ( 1)
  20 L   0.69858 0.02434 0.26563 0.01145 ( 1)
  21 V   0.68226 0.04064 0.25805 0.01905 ( 1)
  22 I   0.67631 0.04659 0.25530 0.02180 ( 1)
  23 G   0.69437 0.02855 0.26367 0.01342 ( 1)
  24 L   0.68373 0.03917 0.25873 0.01837 ( 1)
  25 I   0.69100 0.03191 0.26210 0.01499 ( 1)
  26 G   0.69437 0.02855 0.26367 0.01342 ( 1)
  27 I   0.70255 0.02038 0.26747 0.00960 ( 1)
  28 F   0.67682 0.04607 0.25554 0.02156 ( 1)
  29 F   0.69777 0.02515 0.26525 0.01183 ( 1)
  30 Y   0.69041 0.03250 0.26183 0.01526 ( 1)
  31 G   0.69437 0.02855 0.26367 0.01342 ( 1)
  32 S   0.68124 0.04166 0.25758 0.01952 ( 1)
  33 Y   0.69041 0.03250 0.26183 0.01526 ( 1)
  34 S   0.69700 0.02592 0.26489 0.01219 ( 1)
  35 G   0.68054 0.04236 0.25725 0.01985 ( 1)
  36 L   0.68226 0.04064 0.25805 0.01905 ( 1)
  37 G   0.69437 0.02855 0.26367 0.01342 ( 1)
  38 S   0.68203 0.04087 0.25795 0.01915 ( 1)
  39 S   0.69700 0.02592 0.26489 0.01219 ( 1)
  40 L   0.67502 0.04787 0.25471 0.02240 ( 1)

