

TREE # 1

  0  0.0000    212.285951  x:  0.00000   0.01418   0.05768   0.01875   0.06718   0.06630   0.03262   0.03858   0.06579   0.01914   0.04949   0.02473   0.02322   0.01582   0.01896   0.05925   0.05469   0.02542   0.04810   0.04164   0.06994   0.03554   0.01247   0.01914   0.00903   0.06753   0.04878   0.04088   0.07348   0.03966   2.00000   1.09989   0.02896   0.27919   2.57308  
  1 99.0000    212.285159  x:  0.00000   0.01418   0.05768   0.01875   0.06718   0.06630   0.03262   0.03858   0.06579   0.01914   0.04949   0.02473   0.02322   0.01582   0.01896   0.05925   0.05469   0.02542   0.04810   0.04164   0.06994   0.03554   0.01247   0.01914   0.00903   0.06753   0.04878   0.04088   0.07348   0.03966   2.00000   1.09989   0.02896   0.27919   2.57308  
  2 174.9575    204.227760  x:  0.00000   0.00518   0.04869   0.00968   0.05819   0.05732   0.02295   0.02954   0.05680   0.01007   0.04047   0.01567   0.01416   0.00674   0.00989   0.05025   0.04569   0.01636   0.03908   0.03960   0.06096   0.02650   0.00339   0.01007   0.00000   0.05854   0.04586   0.03205   0.06456   0.04541   2.00012   1.09993   0.02893   0.27367   2.57308  
  3 9978.3211    201.168532  x:  0.00000   0.00191   0.04540   0.00631   0.05481   0.05394   0.01906   0.02616   0.05342   0.00669   0.03709   0.01229   0.01077   0.00336   0.00650   0.04687   0.04231   0.01298   0.03570   0.03791   0.05758   0.02312   0.00000   0.00669   0.00000   0.05523   0.04352   0.02881   0.06111   0.04460   2.00028   1.09908   0.02982   0.26084   2.57307  
  4 514.3204    199.451693  x:  0.00000   0.00000   0.04345   0.00430   0.05282   0.05195   0.01600   0.02416   0.05143   0.00468   0.03509   0.01028   0.00876   0.00134   0.00449   0.04487   0.04031   0.01097   0.03370   0.04157   0.05559   0.02111   0.00000   0.00467   0.00000   0.05332   0.04669   0.02675   0.05875   0.04437   2.00038   1.09891   0.03001   0.25261   2.57307  
  5 515.2263    198.146464  x:  0.00000   0.00000   0.04209   0.00298   0.05164   0.05077   0.00941   0.02289   0.05024   0.00336   0.03385   0.00897   0.00745   0.00000   0.00316   0.04368   0.03910   0.00967   0.03247   0.03847   0.05439   0.01985   0.00000   0.00336   0.00000   0.05245   0.05088   0.02449   0.05550   0.04456   2.00049   1.10095   0.02792   0.24799   2.57306  
  6 107.3682    196.562635  x:  0.00000   0.00000   0.04047   0.00142   0.05028   0.04941   0.00000   0.02140   0.04886   0.00181   0.03241   0.00742   0.00591   0.00000   0.00159   0.04230   0.03769   0.00814   0.03104   0.03767   0.05300   0.01837   0.00000   0.00180   0.00000   0.05153   0.05198   0.02154   0.05118   0.04490   2.00063   1.10388   0.02491   0.24288   2.57306  
  7 707.5067    195.431194  x:  0.00000   0.00000   0.03898   0.00000   0.04904   0.04816   0.00000   0.02005   0.04761   0.00040   0.03110   0.00602   0.00450   0.00000   0.00016   0.04104   0.03640   0.00674   0.02973   0.03691   0.05173   0.01702   0.00000   0.00039   0.00000   0.05067   0.05304   0.01895   0.04731   0.04521   2.00075   1.10663   0.02212   0.23806   2.57305  
  8 19861.6391    195.310851  x:  0.00000   0.00000   0.03882   0.00000   0.04890   0.04802   0.00000   0.01990   0.04747   0.00024   0.03095   0.00586   0.00435   0.00000   0.00000   0.04090   0.03626   0.00659   0.02958   0.03683   0.05159   0.01687   0.00000   0.00023   0.00000   0.05058   0.05314   0.01866   0.04689   0.04525   2.00076   1.10694   0.02184   0.23756   2.57304  
  9 1099.1067    195.144069  x:  0.00000   0.00000   0.03857   0.00000   0.04870   0.04782   0.00000   0.01968   0.04727   0.00001   0.03074   0.00564   0.00412   0.00000   0.00000   0.04070   0.03605   0.00636   0.02937   0.03672   0.05139   0.01665   0.00000   0.00000   0.00000   0.05044   0.05331   0.01822   0.04627   0.04530   2.00078   1.10743   0.02140   0.23680   2.57302  
 10 2798.8394    195.138573  x:  0.00000   0.00000   0.03856   0.00000   0.04869   0.04782   0.00000   0.01968   0.04726   0.00000   0.03074   0.00563   0.00411   0.00000   0.00000   0.04069   0.03604   0.00635   0.02936   0.03671   0.05138   0.01665   0.00000   0.00000   0.00000   0.05043   0.05331   0.01821   0.04625   0.04530   2.00078   1.10744   0.02138   0.23677   2.57302  
 11 649.8422    192.383452  x:  0.00000   0.00000   0.03410   0.00000   0.04508   0.04420   0.00000   0.01572   0.04361   0.00000   0.02690   0.00149   0.00000   0.00000   0.00000   0.03703   0.03229   0.00224   0.02553   0.03481   0.04770   0.01269   0.00000   0.00000   0.00000   0.04790   0.05599   0.01008   0.03505   0.04616   2.00112   1.11629   0.01339   0.22373   2.57273  
 12 6877.2613    191.441984  x:  0.00000   0.00000   0.03249   0.00000   0.04378   0.04290   0.00000   0.01429   0.04230   0.00000   0.02552   0.00000   0.00000   0.00000   0.00000   0.03571   0.03094   0.00076   0.02414   0.03413   0.04637   0.01126   0.00000   0.00000   0.00000   0.04698   0.05694   0.00715   0.03102   0.04647   2.00124   1.11946   0.01053   0.21908   2.57262  
 13 115745.0810    190.983065  x:  0.00000   0.00000   0.03167   0.00000   0.04311   0.04224   0.00000   0.01357   0.04163   0.00000   0.02482   0.00000   0.00000   0.00000   0.00000   0.03504   0.03026   0.00000   0.02344   0.03376   0.04569   0.01054   0.00000   0.00000   0.00000   0.04653   0.05747   0.00563   0.02890   0.04663   2.00131   1.12121   0.00895   0.21652   2.57257  
 14 1998.5736    189.409847  x:  0.00000   0.00000   0.02866   0.00000   0.04070   0.03982   0.00000   0.01093   0.03919   0.00000   0.02225   0.00000   0.00000   0.00000   0.00000   0.03259   0.02775   0.00000   0.02088   0.03254   0.04323   0.00789   0.00000   0.00000   0.00000   0.04482   0.05919   0.00000   0.02133   0.04720   2.00154   1.12725   0.00347   0.20793   2.57238  
 15 1118.9404    185.424265  x:  0.00000   0.00000   0.01999   0.00000   0.03362   0.03274   0.00000   0.00324   0.03207   0.00000   0.01477   0.00000   0.00000   0.00000   0.00000   0.02543   0.02041   0.00000   0.01339   0.02932   0.03603   0.00017   0.00000   0.00000   0.00000   0.03968   0.06370   0.00000   0.00000   0.04865   2.00215   1.14351  -0.01130   0.18521   2.57186  
 16 4543.4303    185.354587  x:  0.00000   0.00000   0.01980   0.00000   0.03347   0.03259   0.00000   0.00308   0.03191   0.00000   0.01460   0.00000   0.00000   0.00000   0.00000   0.02527   0.02026   0.00000   0.01323   0.02926   0.03588   0.00000   0.00000   0.00000   0.00000   0.03957   0.06379   0.00000   0.00000   0.04868   2.00216   1.14384  -0.01160   0.18476   2.57185  
 17 3459.8202    184.166696  x:  0.00000   0.00000   0.01637   0.00000   0.03064   0.02975   0.00000   0.00000   0.02906   0.00000   0.01161   0.00000   0.00000   0.00000   0.00000   0.02240   0.01732   0.00000   0.01023   0.02806   0.03300   0.00000   0.00000   0.00000   0.00000   0.03748   0.06546   0.00000   0.00000   0.04919   2.00239   1.15003  -0.01724   0.17631   2.57166  
 18 15346.4728    180.491331  x:  0.00000   0.00000   0.00473   0.00000   0.02094   0.02005   0.00000   0.00000   0.01930   0.00000   0.00139   0.00000   0.00000   0.00000   0.00000   0.01258   0.00729   0.00000   0.00000   0.02454   0.02316   0.00000   0.00000   0.00000   0.00000   0.03006   0.07037   0.00000   0.00000   0.05071   2.00310   1.16916  -0.03474   0.15096   2.57110  
 19 938.9328    180.033562  x:  0.00000   0.00000   0.00311   0.00000   0.01963   0.01873   0.00000   0.00000   0.01798   0.00000   0.00000   0.00000   0.00000   0.00000   0.00000   0.01125   0.00593   0.00000   0.00000   0.02395   0.02183   0.00000   0.00000   0.00000   0.00000   0.02911   0.07119   0.00000   0.00000   0.05096   2.00322   1.17244  -0.03775   0.14671   2.57101  
 20 436.3458    179.256884  x:  0.00000   0.00000   0.00000   0.00000   0.01712   0.01622   0.00000   0.00000   0.01545   0.00000   0.00000   0.00000   0.00000   0.00000   0.00000   0.00870   0.00333   0.00000   0.00000   0.02301   0.01928   0.00000   0.00000   0.00000   0.00000   0.02725   0.07252   0.00000   0.00000   0.05138   2.00344   1.17821  -0.04306   0.13956   2.57085  
 21 960.9709    178.407724  x:  0.00000   0.00000   0.00000   0.00000   0.01391   0.01302   0.00000   0.00000   0.01222   0.00000   0.00000   0.00000   0.00000   0.00000   0.00000   0.00545   0.00000   0.00000   0.00000   0.02186   0.01602   0.00000   0.00000   0.00000   0.00000   0.02483   0.07413   0.00000   0.00000   0.05189   2.00370   1.18525  -0.04955   0.13085   2.57066  
 22 11781.7284    177.192730  x:  0.00000   0.00000   0.00000   0.00000   0.00854   0.00764   0.00000   0.00000   0.00681   0.00000   0.00000   0.00000   0.00000   0.00000   0.00000   0.00000   0.00000   0.00000   0.00000   0.02023   0.01057   0.00000   0.00000   0.00000   0.00000   0.02063   0.07644   0.00000   0.00000   0.05264   2.00408   1.19562  -0.05913   0.11827   2.57039  
 23 1091.6221    175.913047  x:  0.00000   0.00000   0.00000   0.00000   0.00178   0.00087   0.00000   0.00000   0.00000   0.00000   0.00000   0.00000   0.00000   0.00000   0.00000   0.00000   0.00000   0.00000   0.00000   0.01829   0.00372   0.00000   0.00000   0.00000   0.00000   0.01525   0.07919   0.00000   0.00000   0.05352   2.00454   1.20797  -0.07054   0.10330   2.57006  
 24 8352.9425    175.781476  x:  0.00000   0.00000   0.00000   0.00000   0.00091   0.00000   0.00000   0.00000   0.00000   0.00000   0.00000   0.00000   0.00000   0.00000   0.00000   0.00000   0.00000   0.00000   0.00000   0.01809   0.00285   0.00000   0.00000   0.00000   0.00000   0.01454   0.07948   0.00000   0.00000   0.05362   2.00459   1.20932  -0.07179   0.10169   2.57003  
 25 825.6335    175.677971  x:  0.00000   0.00000   0.00000   0.00000   0.00000   0.00000   0.00000   0.00000   0.00000   0.00000   0.00000   0.00000   0.00000   0.00000   0.00000   0.00000   0.00000   0.00000   0.00000   0.01792   0.00193   0.00000   0.00000   0.00000   0.00000   0.01376   0.07972   0.00000   0.00000   0.05370   2.00463   1.21048  -0.07286   0.10032   2.57000  
 26 731.3954    175.531591  x:  0.00000   0.00000   0.00000   0.00000   0.00000   0.00000   0.00000   0.00000   0.00000   0.00000   0.00000   0.00000   0.00000   0.00000   0.00000   0.00000   0.00000   0.00000   0.00000   0.01768   0.00000   0.00000   0.00000   0.00000   0.00000   0.01204   0.08007   0.00000   0.00000   0.05382   2.00470   1.21223  -0.07450   0.09832   2.56995  
 27 255.9038    175.037174  x:  0.00000   0.00000   0.00000   0.00000   0.00000   0.00000   0.00000   0.00000   0.00000   0.00000   0.00000   0.00000   0.00000   0.00000   0.00000   0.00000   0.00000   0.00000   0.00000   0.01678   0.00000   0.00000   0.00000   0.00000   0.00000   0.00000   0.08137   0.00000   0.00000   0.05429   2.00498   1.21944  -0.08124   0.09050   2.56979  
 28 139.9122    173.657492  x:  0.00000   0.00000   0.00000   0.00000   0.00000   0.00000   0.00000   0.00000   0.00000   0.00000   0.00000   0.00000   0.00000   0.00000   0.00000   0.00000   0.00000   0.00000   0.00000   0.01337   0.00000   0.00000   0.00000   0.00000   0.00000   0.00000   0.08681   0.00000   0.00000   0.05978   2.01310   1.35589  -0.21235   0.00000   2.56796  
 29  9.1163    173.236143  x:  0.00000   0.00000   0.00000   0.00000   0.00000   0.00000   0.00000   0.00000   0.00000   0.00000   0.00000   0.00000   0.00000   0.00000   0.00000   0.00000   0.00000   0.00000   0.00000   0.00678   0.00000   0.00000   0.00000   0.00000   0.00000   0.00000   0.08579   0.00000   0.00000   0.07265   2.02187   1.56615  -0.40958   0.00000   2.56378  
 30  7.8301    171.625672  x:  0.00000   0.00000   0.00000   0.00000   0.00000   0.00000   0.00000   0.00000   0.00000   0.00000   0.00000   0.00000   0.00000   0.00000   0.00000   0.00000   0.00000   0.00000   0.00000   0.01283   0.00000   0.00000   0.00000   0.00000   0.00000   0.00000   0.02470   0.00000   0.00000   0.11291   2.17281   1.69691  -0.51041   0.00000   2.55548  
 31  0.7719    171.625672  x:  0.00000   0.00000   0.00000   0.00000   0.00000   0.00000   0.00000   0.00000   0.00000   0.00000   0.00000   0.00000   0.00000   0.00000   0.00000   0.00000   0.00000   0.00000   0.00000   0.01283   0.00000   0.00000   0.00000   0.00000   0.00000   0.00000   0.02470   0.00000   0.00000   0.11291   2.17281   1.69691  -0.51041   0.00000   2.55548  
 32  0.1754    171.348991  x:  0.00000   0.00000   0.00000   0.00000   0.00000   0.00000   0.00000   0.00000   0.00000   0.00000   0.00000   0.00000   0.00000   0.00000   0.00000   0.00000   0.00000   0.00000   0.00000   0.03008   0.00000   0.00000   0.00000   0.00000   0.00000   0.00000   0.02701   0.00000   0.00000   0.11022   2.17294   1.69745  -0.51095   0.00000   2.55548  
 33 43.5297    171.293262  x:  0.00000   0.00000   0.00000   0.00000   0.00000   0.00000   0.00000   0.00000   0.00000   0.00000   0.00000   0.00000   0.00000   0.00000   0.00000   0.00000   0.00000   0.00000   0.00000   0.02925   0.00000   0.00000   0.00000   0.00000   0.00000   0.00000   0.03429   0.00000   0.00000   0.09547   2.17381   1.70081  -0.51431   0.00000   2.55548  
 34  6.7421    171.264295  x:  0.00000   0.00000   0.00000   0.00000   0.00000   0.00000   0.00000   0.00000   0.00000   0.00000   0.00000   0.00000   0.00000   0.00000   0.00000   0.00000   0.00000   0.00000   0.00000   0.02934   0.00000   0.00000   0.00000   0.00000   0.00000   0.00000   0.02939   0.00000   0.00000   0.08508   2.17478   1.70460  -0.51810   0.00000   2.55548  
 35  7.6912    169.618405  x:  0.00000   0.00000   0.00000   0.00000   0.00000   0.00000   0.00000   0.00000   0.00000   0.00000   0.00000   0.00000   0.00000   0.00000   0.00000   0.00000   0.00000   0.00000   0.00000   0.02467   0.00000   0.00000   0.00000   0.00000   0.00000   0.00000   0.02100   0.00000   0.00000   0.06478   2.73058   3.97054  -2.78403   0.00000   2.55548  
 36  2.3302    169.543341  x:  0.00000   0.00000   0.00000   0.00000   0.00000   0.00000   0.00000   0.00000   0.00000   0.00000   0.00000   0.00000   0.00000   0.00000   0.00000   0.00000   0.00000   0.00000   0.00000   0.02472   0.00000   0.00000   0.00000   0.00000   0.00000   0.00000   0.02609   0.00000   0.00000   0.07904   2.87139   4.00879  -2.82229   0.00000   2.55548  
 37  0.2317    169.464718  x:  0.00000   0.00000   0.00000   0.00000   0.00000   0.00000   0.00000   0.00000   0.00000   0.00000   0.00000   0.00000   0.00000   0.00000   0.00000   0.00000   0.00000   0.00000   0.00000   0.02370   0.00000   0.00000   0.00000   0.00000   0.00000   0.00000   0.02148   0.00000   0.00000   0.08130   3.85088   4.33618  -3.14968   0.00000   2.55549  
 38  0.2209    169.445904  x:  0.00000   0.00000   0.00000   0.00000   0.00000   0.00000   0.00000   0.00000   0.00000   0.00000   0.00000   0.00000   0.00000   0.00000   0.00000   0.00000   0.00000   0.00000   0.00000   0.02364   0.00000   0.00000   0.00000   0.00000   0.00000   0.00000   0.02535   0.00000   0.00000   0.07743   4.10389   4.42948  -3.24299   0.00000   2.55549  
 39  0.3714    169.443284  x:  0.00000   0.00000   0.00000   0.00000   0.00000   0.00000   0.00000   0.00000   0.00000   0.00000   0.00000   0.00000   0.00000   0.00000   0.00000   0.00000   0.00000   0.00000   0.00000   0.02483   0.00000   0.00000   0.00000   0.00000   0.00000   0.00000   0.02496   0.00000   0.00000   0.07820   4.29772   4.51322  -3.32674   0.00000   2.55549  
 40  0.1218    169.442488  x:  0.00000   0.00000   0.00000   0.00000   0.00000   0.00000   0.00000   0.00000   0.00000   0.00000   0.00000   0.00000   0.00000   0.00000   0.00000   0.00000   0.00000   0.00000   0.00000   0.02420   0.00000   0.00000   0.00000   0.00000   0.00000   0.00000   0.02483   0.00000   0.00000   0.07751   4.37926   4.64602  -3.45954   0.00000   2.55549  
 41  0.0256    169.439446  x:  0.00000   0.00000   0.00000   0.00000   0.00000   0.00000   0.00000   0.00000   0.00000   0.00000   0.00000   0.00000   0.00000   0.00000   0.00000   0.00000   0.00000   0.00000   0.00000   0.02459   0.00000   0.00000   0.00000   0.00000   0.00000   0.00000   0.02474   0.00000   0.00000   0.07972   4.26488   5.01902  -3.83258   0.00000   2.55551  
 42  0.0675    169.437170  x:  0.00000   0.00000   0.00000   0.00000   0.00000   0.00000   0.00000   0.00000   0.00000   0.00000   0.00000   0.00000   0.00000   0.00000   0.00000   0.00000   0.00000   0.00000   0.00000   0.02452   0.00000   0.00000   0.00000   0.00000   0.00000   0.00000   0.02510   0.00000   0.00000   0.07729   4.20744   5.58549  -4.39910   0.00000   2.55553  
 43  0.2893    169.436639  x:  0.00000   0.00000   0.00000   0.00000   0.00000   0.00000   0.00000   0.00000   0.00000   0.00000   0.00000   0.00000   0.00000   0.00000   0.00000   0.00000   0.00000   0.00000   0.00000   0.02479   0.00000   0.00000   0.00000   0.00000   0.00000   0.00000   0.02475   0.00000   0.00000   0.07827   4.23530   5.98555  -4.79919   0.00000   2.55554  
 44  0.2292    169.436367  x:  0.00000   0.00000   0.00000   0.00000   0.00000   0.00000   0.00000   0.00000   0.00000   0.00000   0.00000   0.00000   0.00000   0.00000   0.00000   0.00000   0.00000   0.00000   0.00000   0.02451   0.00000   0.00000   0.00000   0.00000   0.00000   0.00000   0.02499   0.00000   0.00000   0.07773   4.22284   6.51135  -5.32504   0.00000   2.55556  
 45  0.2526    169.436276  x:  0.00000   0.00000   0.00000   0.00000   0.00000   0.00000   0.00000   0.00000   0.00000   0.00000   0.00000   0.00000   0.00000   0.00000   0.00000   0.00000   0.00000   0.00000   0.00000   0.02469   0.00000   0.00000   0.00000   0.00000   0.00000   0.00000   0.02488   0.00000   0.00000   0.07809   4.23298   6.92173  -5.73546   0.00000   2.55557  
 46  0.2514    169.436235  x:  0.00000   0.00000   0.00000   0.00000   0.00000   0.00000   0.00000   0.00000   0.00000   0.00000   0.00000   0.00000   0.00000   0.00000   0.00000   0.00000   0.00000   0.00000   0.00000   0.02459   0.00000   0.00000   0.00000   0.00000   0.00000   0.00000   0.02494   0.00000   0.00000   0.07785   4.22548   7.47964  -6.29341   0.00000   2.55559  
 47  0.2577    169.436221  x:  0.00000   0.00000   0.00000   0.00000   0.00000   0.00000   0.00000   0.00000   0.00000   0.00000   0.00000   0.00000   0.00000   0.00000   0.00000   0.00000   0.00000   0.00000   0.00000   0.02465   0.00000   0.00000   0.00000   0.00000   0.00000   0.00000   0.02490   0.00000   0.00000   0.07801   4.23011   7.87789  -6.69170   0.00000   2.55561  
 48  0.2484    169.436215  x:  0.00000   0.00000   0.00000   0.00000   0.00000   0.00000   0.00000   0.00000   0.00000   0.00000   0.00000   0.00000   0.00000   0.00000   0.00000   0.00000   0.00000   0.00000   0.00000   0.02461   0.00000   0.00000   0.00000   0.00000   0.00000   0.00000   0.02493   0.00000   0.00000   0.07792   4.22763   8.37141  -7.18526   0.00000   2.55562  
 49  0.2370    169.436213  x:  0.00000   0.00000   0.00000   0.00000   0.00000   0.00000   0.00000   0.00000   0.00000   0.00000   0.00000   0.00000   0.00000   0.00000   0.00000   0.00000   0.00000   0.00000   0.00000   0.02464   0.00000   0.00000   0.00000   0.00000   0.00000   0.00000   0.02491   0.00000   0.00000   0.07798   4.22928   8.77582  -7.58971   0.00000   2.55564  
 50  0.2469    169.436212  x:  0.00000   0.00000   0.00000   0.00000   0.00000   0.00000   0.00000   0.00000   0.00000   0.00000   0.00000   0.00000   0.00000   0.00000   0.00000   0.00000   0.00000   0.00000   0.00000   0.02462   0.00000   0.00000   0.00000   0.00000   0.00000   0.00000   0.02492   0.00000   0.00000   0.07794   4.22819   9.26965  -8.08358   0.00000   2.55565  
 51  0.2444    169.436212  x:  0.00000   0.00000   0.00000   0.00000   0.00000   0.00000   0.00000   0.00000   0.00000   0.00000   0.00000   0.00000   0.00000   0.00000   0.00000   0.00000   0.00000   0.00000   0.00000   0.02463   0.00000   0.00000   0.00000   0.00000   0.00000   0.00000   0.02491   0.00000   0.00000   0.07796   4.22890   9.66563  -8.47960   0.00000   2.55567  
 52  0.2439    169.436212  x:  0.00000   0.00000   0.00000   0.00000   0.00000   0.00000   0.00000   0.00000   0.00000   0.00000   0.00000   0.00000   0.00000   0.00000   0.00000   0.00000   0.00000   0.00000   0.00000   0.02463   0.00000   0.00000   0.00000   0.00000   0.00000   0.00000   0.02492   0.00000   0.00000   0.07795   4.22848  10.17065  -8.98467   0.00000   2.55569  
 53  0.2447    169.436212  x:  0.00000   0.00000   0.00000   0.00000   0.00000   0.00000   0.00000   0.00000   0.00000   0.00000   0.00000   0.00000   0.00000   0.00000   0.00000   0.00000   0.00000   0.00000   0.00000   0.02463   0.00000   0.00000   0.00000   0.00000   0.00000   0.00000   0.02491   0.00000   0.00000   0.07796   4.22876  10.54918  -9.36323   0.00000   2.55570  
 54  0.2408    169.436212  x:  0.00000   0.00000   0.00000   0.00000   0.00000   0.00000   0.00000   0.00000   0.00000   0.00000   0.00000   0.00000   0.00000   0.00000   0.00000   0.00000   0.00000   0.00000   0.00000   0.02463   0.00000   0.00000   0.00000   0.00000   0.00000   0.00000   0.02491   0.00000   0.00000   0.07795   4.22859  11.07702  -9.89112   0.00000   2.55572  
 55  0.2434    169.436212  x:  0.00000   0.00000   0.00000   0.00000   0.00000   0.00000   0.00000   0.00000   0.00000   0.00000   0.00000   0.00000   0.00000   0.00000   0.00000   0.00000   0.00000   0.00000   0.00000   0.02463   0.00000   0.00000   0.00000   0.00000   0.00000   0.00000   0.02491   0.00000   0.00000   0.07796   4.22870  11.42050  -10.23462   0.00000   2.55573  
 56  0.2336    169.436212  x:  0.00000   0.00000   0.00000   0.00000   0.00000   0.00000   0.00000   0.00000   0.00000   0.00000   0.00000   0.00000   0.00000   0.00000   0.00000   0.00000   0.00000   0.00000   0.00000   0.02463   0.00000   0.00000   0.00000   0.00000   0.00000   0.00000   0.02491   0.00000   0.00000   0.07795   4.22863  11.99919  -10.81336   0.00000   2.55575  
 57  0.2393    169.436212  x:  0.00000   0.00000   0.00000   0.00000   0.00000   0.00000   0.00000   0.00000   0.00000   0.00000   0.00000   0.00000   0.00000   0.00000   0.00000   0.00000   0.00000   0.00000   0.00000   0.02463   0.00000   0.00000   0.00000   0.00000   0.00000   0.00000   0.02491   0.00000   0.00000   0.07796   4.22867  12.26028  -11.07449   0.00000   2.55576  
 58  0.2072    169.436212  x:  0.00000   0.00000   0.00000   0.00000   0.00000   0.00000   0.00000   0.00000   0.00000   0.00000   0.00000   0.00000   0.00000   0.00000   0.00000   0.00000   0.00000   0.00000   0.00000   0.02463   0.00000   0.00000   0.00000   0.00000   0.00000   0.00000   0.02491   0.00000   0.00000   0.07796   4.22865  13.02262  -11.83689   0.00000   2.55579  
 59  0.2228    169.436212  x:  0.00000   0.00000   0.00000   0.00000   0.00000   0.00000   0.00000   0.00000   0.00000   0.00000   0.00000   0.00000   0.00000   0.00000   0.00000   0.00000   0.00000   0.00000   0.00000   0.02463   0.00000   0.00000   0.00000   0.00000   0.00000   0.00000   0.02491   0.00000   0.00000   0.07796   4.22866  13.12766  -11.94194   0.00000   2.55579  
 60  0.1237    169.436212  x:  0.00000   0.00000   0.00000   0.00000   0.00000   0.00000   0.00000   0.00000   0.00000   0.00000   0.00000   0.00000   0.00000   0.00000   0.00000   0.00000   0.00000   0.00000   0.00000   0.02463   0.00000   0.00000   0.00000   0.00000   0.00000   0.00000   0.02491   0.00000   0.00000   0.07796   4.22867  13.40755  -12.22186   0.00000   2.55580  
 61  0.2122    169.436212  x:  0.00000   0.00000   0.00000   0.00000   0.00000   0.00000   0.00000   0.00000   0.00000   0.00000   0.00000   0.00000   0.00000   0.00000   0.00000   0.00000   0.00000   0.00000   0.00000   0.02463   0.00000   0.00000   0.00000   0.00000   0.00000   0.00000   0.02491   0.00000   0.00000   0.07796   4.22866  13.36127  -12.17556   0.00000   2.55580  
 62  0.0430    169.436212  x:  0.00000   0.00000   0.00000   0.00000   0.00000   0.00000   0.00000   0.00000   0.00000   0.00000   0.00000   0.00000   0.00000   0.00000   0.00000   0.00000   0.00000   0.00000   0.00000   0.02463   0.00000   0.00000   0.00000   0.00000   0.00000   0.00000   0.02491   0.00000   0.00000   0.07796   4.22866  13.87604  -12.69039   0.00000   2.55582  
 63  0.0910    169.436212  x:  0.00000   0.00000   0.00000   0.00000   0.00000   0.00000   0.00000   0.00000   0.00000   0.00000   0.00000   0.00000   0.00000   0.00000   0.00000   0.00000   0.00000   0.00000   0.00000   0.02463   0.00000   0.00000   0.00000   0.00000   0.00000   0.00000   0.02491   0.00000   0.00000   0.07796   4.22866  13.74589  -12.56023   0.00000   2.55581  
 64  0.1150    169.436212  x:  0.00000   0.00000   0.00000   0.00000   0.00000   0.00000   0.00000   0.00000   0.00000   0.00000   0.00000   0.00000   0.00000   0.00000   0.00000   0.00000   0.00000   0.00000   0.00000   0.02463   0.00000   0.00000   0.00000   0.00000   0.00000   0.00000   0.02491   0.00000   0.00000   0.07796   4.22866  13.75918  -12.57351   0.00000   2.55581  
 65  0.2035    169.436212  x:  0.00000   0.00000   0.00000   0.00000   0.00000   0.00000   0.00000   0.00000   0.00000   0.00000   0.00000   0.00000   0.00000   0.00000   0.00000   0.00000   0.00000   0.00000   0.00000   0.02463   0.00000   0.00000   0.00000   0.00000   0.00000   0.00000   0.02491   0.00000   0.00000   0.07796   4.22866  13.75918  -12.57352   0.00000   2.55581  
 66  0.0304    169.436212  x:  0.00000   0.00000   0.00000   0.00000   0.00000   0.00000   0.00000   0.00000   0.00000   0.00000   0.00000   0.00000   0.00000   0.00000   0.00000   0.00000   0.00000   0.00000   0.00000   0.02463   0.00000   0.00000   0.00000   0.00000   0.00000   0.00000   0.02491   0.00000   0.00000   0.07796   4.22866  13.75918  -12.57352   0.00000   2.55581  
 67  0.0014    169.436212  x:  0.00000   0.00000   0.00000   0.00000   0.00000   0.00000   0.00000   0.00000   0.00000   0.00000   0.00000   0.00000   0.00000   0.00000   0.00000   0.00000   0.00000   0.00000   0.00000   0.02463   0.00000   0.00000   0.00000   0.00000   0.00000   0.00000   0.02491   0.00000   0.00000   0.07796   4.22866  13.75918  -12.57352   0.00000   2.55581  