Supplemental results for CODEML (seqf: /Users/YY/Desktop/get/branch_site/modify/modify_trim_muscle_cemA.fa  treef: /Users/YY/Desktop/get/branch_site/16gene_topu.tree)


dN/dS (w) for site classes (K=4)

site class             0        1       2a       2b
proportion       0.75467  0.09403  0.13453  0.01676
background w     0.20769  1.00000  0.20769  1.00000
foreground w     0.20769  1.00000  2.57223  2.57223

Naive Empirical Bayes (NEB) probabilities for 4 classes
(amino acids refer to 1st sequence: NC_029850)

   1 M   0.81393 0.03478 0.14509 0.00620 ( 1)
   2 S   0.60692 0.24179 0.10819 0.04310 ( 1)
   3 K   0.80710 0.04161 0.14387 0.00742 ( 1)
   4 K   0.79620 0.05251 0.14193 0.00936 ( 1)
   5 K   0.80710 0.04161 0.14387 0.00742 ( 1)
   6 A   0.78922 0.05949 0.14069 0.01060 ( 1)
   7 F   0.79672 0.05199 0.14202 0.00927 ( 1)
   8 N   0.63159 0.21712 0.11259 0.03870 ( 1)
   9 P   0.65717 0.19154 0.11715 0.03414 ( 1)
  10 L   0.70112 0.14759 0.12498 0.02631 ( 1)
  11 L   0.80282 0.04589 0.14311 0.00818 ( 1)
  12 Y   0.81299 0.03572 0.14492 0.00637 ( 1)
  13 L   0.81500 0.03371 0.14528 0.00601 ( 1)
  14 A   0.78922 0.05949 0.14069 0.01060 ( 1)
  15 S   0.80780 0.04091 0.14400 0.00729 ( 1)
  16 I   0.12278 0.72593 0.02189 0.12940 ( 2)
  17 V   0.79995 0.04876 0.14260 0.00869 ( 1)
  18 F   0.47328 0.37543 0.08436 0.06692 ( 1)
  19 L   0.79604 0.05267 0.14190 0.00939 ( 1)
  20 P   0.77237 0.07634 0.13768 0.01361 ( 1)
  21 W   0.77818 0.07053 0.13872 0.01257 ( 1)
  22 W   0.60047 0.24824 0.10704 0.04425 ( 1)
  23 I   0.81969 0.02902 0.14612 0.00517 ( 1)
  24 S   0.80780 0.04091 0.14400 0.00729 ( 1)
  25 L   0.78252 0.06619 0.13949 0.01180 ( 1)
  26 S   0.78278 0.06593 0.13954 0.01175 ( 1)
  27 F   0.82365 0.02506 0.14682 0.00447 ( 1)
  28 N   0.72298 0.12573 0.12888 0.02241 ( 1)
  29 K   0.80710 0.04161 0.14387 0.00742 ( 1)
  30 S   0.81129 0.03742 0.14462 0.00667 ( 1)
  31 L   0.59367 0.25504 0.10583 0.04546 ( 1)
  32 E   0.80004 0.04867 0.14261 0.00868 ( 1)
  33 S   0.80780 0.04091 0.14400 0.00729 ( 1)
  34 W   0.77818 0.07053 0.13872 0.01257 ( 1)
  35 V   0.81541 0.03330 0.14535 0.00594 ( 1)
  36 T   0.81004 0.03867 0.14440 0.00689 ( 1)
  37 Y   0.69706 0.15165 0.12426 0.02703 ( 1)
  38 W   0.59242 0.25628 0.10561 0.04569 ( 1)
  39 W   0.77818 0.07053 0.13872 0.01257 ( 1)
  40 N   0.82141 0.02730 0.14642 0.00487 ( 1)
  41 T   0.81004 0.03867 0.14440 0.00689 ( 1)
  42 R   0.78509 0.06362 0.13995 0.01134 ( 1)
  43 Q   0.64942 0.19929 0.11577 0.03552 ( 1)
  44 S   0.80628 0.04243 0.14373 0.00756 ( 1)
  45 E   0.65275 0.19596 0.11636 0.03493 ( 1)
  46 I   0.72351 0.12520 0.12897 0.02232 ( 1)
  47 F   0.82365 0.02506 0.14682 0.00447 ( 1)
  48 L   0.63842 0.21029 0.11380 0.03749 ( 1)
  49 N   0.72298 0.12573 0.12888 0.02241 ( 1)
  50 D   0.70865 0.14006 0.12632 0.02497 ( 1)
  51 I   0.71732 0.13139 0.12787 0.02342 ( 1)
  52 Q   0.79747 0.05124 0.14216 0.00913 ( 1)
  53 E   0.80004 0.04867 0.14261 0.00868 ( 1)
  54 K   0.65793 0.19078 0.11728 0.03401 ( 1)
  55 N   0.46101 0.38770 0.08218 0.06911 ( 1)
  56 I   0.81969 0.02902 0.14612 0.00517 ( 1)
  57 I   0.05143 0.79728 0.00917 0.14212 ( 2)
  58 E   0.65752 0.19119 0.11721 0.03408 ( 1)
  59 K   0.69224 0.15647 0.12340 0.02789 ( 1)
  60 F   0.64788 0.20083 0.11549 0.03580 ( 1)
  61 I   0.80578 0.04293 0.14364 0.00765 ( 1)
  62 E   0.80004 0.04867 0.14261 0.00868 ( 1)
  63 L   0.79729 0.05142 0.14212 0.00917 ( 1)
  64 E   0.78916 0.05955 0.14067 0.01062 ( 1)
  65 E   0.65559 0.19313 0.11686 0.03443 ( 1)
  66 I   0.78812 0.06059 0.14049 0.01080 ( 1)
  67 F   0.71021 0.13850 0.12660 0.02469 ( 1)
  68 L   0.67737 0.17134 0.12075 0.03054 ( 1)
  69 L   0.79604 0.05267 0.14190 0.00939 ( 1)
  70 E   0.78921 0.05950 0.14068 0.01061 ( 1)
  71 E   0.80004 0.04867 0.14261 0.00868 ( 1)
  72 M   0.81393 0.03478 0.14509 0.00620 ( 1)
  73 I   0.78812 0.06059 0.14049 0.01080 ( 1)
  74 K   0.79672 0.05199 0.14202 0.00927 ( 1)
  75 E   0.80004 0.04867 0.14261 0.00868 ( 1)
  76 Y   0.59355 0.25516 0.10581 0.04549 ( 1)
  77 S   0.77463 0.07408 0.13809 0.01321 ( 1)
  78 E   0.78914 0.05957 0.14067 0.01062 ( 1)
  79 T   0.79563 0.05308 0.14183 0.00946 ( 1)
  80 H   0.81557 0.03315 0.14538 0.00591 ( 1)
  81 L   0.78989 0.05882 0.14081 0.01048 ( 1)
  82 Q   0.79747 0.05124 0.14216 0.00913 ( 1)
  83 N   0.79420 0.05451 0.14157 0.00972 ( 1)
  84 L   0.81500 0.03371 0.14528 0.00601 ( 1)
  85 R   0.79685 0.05186 0.14205 0.00924 ( 1)
  86 I   0.80698 0.04173 0.14385 0.00744 ( 1)
  87 G   0.78335 0.06536 0.13964 0.01165 ( 1)
  88 I   0.78812 0.06059 0.14049 0.01080 ( 1)
  89 H   0.61503 0.23368 0.10964 0.04165 ( 1)
  90 K   0.80710 0.04161 0.14387 0.00742 ( 1)
  91 E   0.80004 0.04867 0.14261 0.00868 ( 1)
  92 T   0.78063 0.06808 0.13915 0.01214 ( 1)
  93 L   0.78025 0.06846 0.13909 0.01220 ( 1)
  94 Q   0.79747 0.05124 0.14216 0.00913 ( 1)
  95 L   0.80282 0.04589 0.14311 0.00818 ( 1)
  96 I   0.78829 0.06042 0.14052 0.01077 ( 1)
  97 K   0.79672 0.05199 0.14202 0.00927 ( 1)
  98 I   0.80698 0.04173 0.14385 0.00744 ( 1)
  99 H   0.78670 0.06201 0.14024 0.01105 ( 1)
 100 N   0.81291 0.03580 0.14491 0.00638 ( 1)
 101 E   0.78921 0.05950 0.14068 0.01061 ( 1)
 102 D   0.81675 0.03196 0.14559 0.00570 ( 1)
 103 H   0.69084 0.15787 0.12315 0.02814 ( 1)
 104 I   0.79577 0.05294 0.14185 0.00944 ( 1)
 105 H   0.81557 0.03315 0.14538 0.00591 ( 1)
 106 T   0.78063 0.06808 0.13915 0.01214 ( 1)
 107 I   0.81969 0.02902 0.14612 0.00517 ( 1)
 108 L   0.64408 0.20463 0.11481 0.03648 ( 1)
 109 H   0.78670 0.06201 0.14024 0.01105 ( 1)
 110 F   0.64074 0.20797 0.11422 0.03707 ( 1)
 111 L   0.58715 0.26156 0.10466 0.04663 ( 1)
 112 T   0.64064 0.20807 0.11420 0.03709 ( 1)
 113 N   0.82141 0.02730 0.14642 0.00487 ( 1)
 114 I   0.80698 0.04173 0.14385 0.00744 ( 1)
 115 I   0.79289 0.05582 0.14134 0.00995 ( 1)
 116 C   0.80655 0.04216 0.14377 0.00752 ( 1)
 117 F   0.79672 0.05199 0.14202 0.00927 ( 1)
 118 V   0.81541 0.03330 0.14535 0.00594 ( 1)
 119 I   0.81969 0.02902 0.14612 0.00517 ( 1)
 120 L   0.78989 0.05882 0.14081 0.01048 ( 1)
 121 S   0.80299 0.04572 0.14314 0.00815 ( 1)
 122 G   0.79894 0.04977 0.14242 0.00887 ( 1)
 123 Y   0.70198 0.14673 0.12513 0.02616 ( 1)
 124 S   0.80361 0.04509 0.14325 0.00804 ( 1)
 125 I   0.16473 0.68398 0.02936 0.12193 ( 2)
 126 L   0.63751 0.21120 0.11364 0.03765 ( 1)
 127 G   0.65362 0.19509 0.11651 0.03478 ( 1)
 128 N   0.82141 0.02730 0.14642 0.00487 ( 1)
 129 K   0.66004 0.18867 0.11766 0.03363 ( 1)
 130 E   0.79932 0.04939 0.14249 0.00880 ( 1)
 131 L   0.81500 0.03371 0.14528 0.00601 ( 1)
 132 V   0.81541 0.03330 0.14535 0.00594 ( 1)
 133 I   0.81969 0.02902 0.14612 0.00517 ( 1)
 134 L   0.81500 0.03371 0.14528 0.00601 ( 1)
 135 N   0.79420 0.05451 0.14157 0.00972 ( 1)
 136 S   0.67801 0.17070 0.12086 0.03043 ( 1)
 137 W   0.77818 0.07053 0.13872 0.01257 ( 1)
 138 A   0.80255 0.04616 0.14306 0.00823 ( 1)
 139 Q   0.78690 0.06181 0.14027 0.01102 ( 1)
 140 E   0.80004 0.04867 0.14261 0.00868 ( 1)
 141 F   0.79672 0.05199 0.14202 0.00927 ( 1)
 142 L   0.62796 0.22075 0.11194 0.03935 ( 1)
 143 Y   0.81299 0.03572 0.14492 0.00637 ( 1)
 144 N   0.79420 0.05451 0.14157 0.00972 ( 1)
 145 L   0.80282 0.04589 0.14311 0.00818 ( 1)
 146 S   0.81129 0.03742 0.14462 0.00667 ( 1)
 147 D   0.78807 0.06064 0.14048 0.01081 ( 1)
 148 T   0.79563 0.05308 0.14183 0.00946 ( 1)
 149 I   0.80698 0.04173 0.14385 0.00744 ( 1)
 150 K   0.80442 0.04429 0.14339 0.00790 ( 1)
 151 A   0.80043 0.04828 0.14268 0.00861 ( 1)
 152 F   0.82365 0.02506 0.14682 0.00447 ( 1)
 153 S   0.58827 0.26044 0.10486 0.04643 ( 1)
 154 I   0.81969 0.02902 0.14612 0.00517 ( 1)
 155 L   0.81500 0.03371 0.14528 0.00601 ( 1)
 156 L   0.80282 0.04589 0.14311 0.00818 ( 1)
 157 L   0.80282 0.04589 0.14311 0.00818 ( 1)
 158 T   0.79563 0.05308 0.14183 0.00946 ( 1)
 159 D   0.81675 0.03196 0.14559 0.00570 ( 1)
 160 L   0.67357 0.17514 0.12007 0.03122 ( 1)
 161 C   0.67995 0.16876 0.12121 0.03008 ( 1)
 162 I   0.78840 0.06031 0.14054 0.01075 ( 1)
 163 G   0.78335 0.06536 0.13964 0.01165 ( 1)
 164 F   0.79672 0.05199 0.14202 0.00927 ( 1)
 165 H   0.81557 0.03315 0.14538 0.00591 ( 1)
 166 S   0.77375 0.07496 0.13793 0.01336 ( 1)
 167 P   0.58442 0.26429 0.10418 0.04711 ( 1)
 168 H   0.68903 0.15969 0.12282 0.02847 ( 1)
 169 G   0.79894 0.04977 0.14242 0.00887 ( 1)
 170 W   0.77818 0.07053 0.13872 0.01257 ( 1)
 171 E   0.65275 0.19596 0.11636 0.03493 ( 1)
 172 L   0.78989 0.05882 0.14081 0.01048 ( 1)
 173 M   0.81393 0.03478 0.14509 0.00620 ( 1)
 174 I   0.81969 0.02902 0.14612 0.00517 ( 1)
 175 G   0.77147 0.07724 0.13752 0.01377 ( 1)
 176 F   0.73171 0.11700 0.13043 0.02086 ( 1)
 177 V   0.78054 0.06817 0.13914 0.01215 ( 1)
 178 Y   0.77908 0.06963 0.13888 0.01241 ( 1)
 179 K   0.80710 0.04161 0.14387 0.00742 ( 1)
 180 D   0.81675 0.03196 0.14559 0.00570 ( 1)
 181 F   0.82365 0.02506 0.14682 0.00447 ( 1)
 182 G   0.78335 0.06536 0.13964 0.01165 ( 1)
 183 F   0.82365 0.02506 0.14682 0.00447 ( 1)
 184 A   0.67091 0.17780 0.11960 0.03169 ( 1)
 185 H   0.81557 0.03315 0.14538 0.00591 ( 1)
 186 N   0.82141 0.02730 0.14642 0.00487 ( 1)
 187 D   0.81675 0.03196 0.14559 0.00570 ( 1)
 188 Q   0.79747 0.05124 0.14216 0.00913 ( 1)
 189 I   0.81969 0.02902 0.14612 0.00517 ( 1)
 190 I   0.67229 0.17642 0.11984 0.03145 ( 1)
 191 S   0.80780 0.04091 0.14400 0.00729 ( 1)
 192 G   0.65532 0.19339 0.11682 0.03447 ( 1)
 193 L   0.81500 0.03371 0.14528 0.00601 ( 1)
 194 V   0.81499 0.03372 0.14528 0.00601 ( 1)
 195 S   0.67522 0.17349 0.12036 0.03093 ( 1)
 196 T   0.69015 0.15857 0.12302 0.02827 ( 1)
 197 F   0.82365 0.02506 0.14682 0.00447 ( 1)
 198 P   0.78778 0.06093 0.14043 0.01086 ( 1)
 199 V   0.78403 0.06468 0.13976 0.01153 ( 1)
 200 I   0.81969 0.02902 0.14612 0.00517 ( 1)
 201 L   0.78989 0.05882 0.14081 0.01048 ( 1)
 202 D   0.81675 0.03196 0.14559 0.00570 ( 1)
 203 T   0.81004 0.03867 0.14440 0.00689 ( 1)
 204 L   0.63435 0.21435 0.11308 0.03821 ( 1)
 205 F   0.82365 0.02506 0.14682 0.00447 ( 1)
 206 K   0.80710 0.04161 0.14387 0.00742 ( 1)
 207 F   0.82365 0.02506 0.14682 0.00447 ( 1)
 208 W   0.00401 0.84470 0.00071 0.15058 ( 2)
 209 I   0.72004 0.12867 0.12835 0.02294 ( 1)
 210 F   0.82365 0.02506 0.14682 0.00447 ( 1)
 211 R   0.79685 0.05186 0.14205 0.00924 ( 1)
 212 Y   0.81299 0.03572 0.14492 0.00637 ( 1)
 213 L   0.80282 0.04589 0.14311 0.00818 ( 1)
 214 N   0.82141 0.02730 0.14642 0.00487 ( 1)
 215 R   0.64520 0.20351 0.11501 0.03628 ( 1)
 216 V   0.81541 0.03330 0.14535 0.00594 ( 1)
 217 S   0.80780 0.04091 0.14400 0.00729 ( 1)
 218 P   0.77512 0.07359 0.13817 0.01312 ( 1)
 219 S   0.78278 0.06593 0.13954 0.01175 ( 1)
 220 L   0.81500 0.03371 0.14528 0.00601 ( 1)
 221 V   0.80056 0.04815 0.14271 0.00858 ( 1)
 222 V   0.78464 0.06407 0.13987 0.01142 ( 1)
 223 I   0.81969 0.02902 0.14612 0.00517 ( 1)
 224 Y   0.81299 0.03572 0.14492 0.00637 ( 1)
 225 H   0.81557 0.03315 0.14538 0.00591 ( 1)
 226 S   0.78278 0.06593 0.13954 0.01175 ( 1)
 227 M   0.81393 0.03478 0.14509 0.00620 ( 1)
 228 N   0.82141 0.02730 0.14642 0.00487 ( 1)
 229 D   0.70952 0.13919 0.12648 0.02481 ( 1)


lnL = -1642.759586

Bayes Empirical Bayes (BEB) probabilities for 4 classes (class)
(amino acids refer to 1st sequence: NC_029850)

   1 M   0.62729 0.03193 0.32355 0.01723 ( 1)
   2 S   0.44721 0.21200 0.22636 0.11443 ( 1)
   3 K   0.62104 0.03817 0.32019 0.02060 ( 1)
   4 K   0.61117 0.04805 0.31486 0.02593 ( 1)
   5 K   0.62104 0.03817 0.32019 0.02060 ( 1)
   6 A   0.60486 0.05435 0.31146 0.02933 ( 1)
   7 F   0.61161 0.04760 0.31510 0.02568 ( 1)
   8 N   0.46570 0.19351 0.23634 0.10445 ( 1)
   9 P   0.48546 0.17376 0.24701 0.09378 ( 1)
  10 L   0.52101 0.13821 0.26622 0.07456 ( 1)
  11 L   0.61714 0.04207 0.31808 0.02270 ( 1)
  12 Y   0.62643 0.03279 0.32309 0.01769 ( 1)
  13 L   0.62826 0.03095 0.32408 0.01670 ( 1)
  14 A   0.60486 0.05435 0.31146 0.02933 ( 1)
  15 S   0.62167 0.03754 0.32053 0.02026 ( 1)
  16 I   0.12524 0.53398 0.05734 0.28344 ( 2)
  17 V   0.61454 0.04468 0.31668 0.02411 ( 1)
  18 F   0.34928 0.30994 0.17347 0.16731 ( 1)
  19 L   0.61100 0.04821 0.31477 0.02601 ( 1)
  20 P   0.58987 0.06934 0.30337 0.03741 ( 1)
  21 W   0.59501 0.06421 0.30614 0.03464 ( 1)
  22 W   0.44246 0.21676 0.22379 0.11699 ( 1)
  23 I   0.63258 0.02664 0.32641 0.01437 ( 1)
  24 S   0.62167 0.03754 0.32053 0.02026 ( 1)
  25 L   0.59887 0.06034 0.30823 0.03256 ( 1)
  26 S   0.59910 0.06012 0.30835 0.03244 ( 1)
  27 F   0.63623 0.02299 0.32837 0.01241 ( 1)
  28 N   0.53954 0.11968 0.27624 0.06454 ( 1)
  29 K   0.62104 0.03817 0.32019 0.02060 ( 1)
  30 S   0.62486 0.03435 0.32225 0.01854 ( 1)
  31 L   0.43747 0.22174 0.22110 0.11968 ( 1)
  32 E   0.61462 0.04459 0.31672 0.02406 ( 1)
  33 S   0.62167 0.03754 0.32053 0.02026 ( 1)
  34 W   0.59501 0.06421 0.30614 0.03464 ( 1)
  35 V   0.62864 0.03058 0.32428 0.01650 ( 1)
  36 T   0.62373 0.03549 0.32163 0.01915 ( 1)
  37 Y   0.51762 0.14159 0.26439 0.07639 ( 1)
  38 W   0.43657 0.22265 0.22062 0.12017 ( 1)
  39 W   0.59501 0.06421 0.30614 0.03464 ( 1)
  40 N   0.63416 0.02506 0.32726 0.01352 ( 1)
  41 T   0.62373 0.03549 0.32163 0.01915 ( 1)
  42 R   0.60116 0.05806 0.30946 0.03132 ( 1)
  43 Q   0.47941 0.17981 0.24374 0.09704 ( 1)
  44 S   0.62030 0.03892 0.31978 0.02100 ( 1)
  45 E   0.48200 0.17722 0.24514 0.09565 ( 1)
  46 I   0.54002 0.11920 0.27649 0.06429 ( 1)
  47 F   0.63623 0.02299 0.32837 0.01241 ( 1)
  48 L   0.47092 0.18829 0.23916 0.10163 ( 1)
  49 N   0.53954 0.11968 0.27624 0.06454 ( 1)
  50 D   0.52731 0.13191 0.26963 0.07116 ( 1)
  51 I   0.53469 0.12453 0.27362 0.06717 ( 1)
  52 Q   0.61229 0.04692 0.31547 0.02532 ( 1)
  53 E   0.61462 0.04459 0.31672 0.02406 ( 1)
  54 K   0.48607 0.17315 0.24734 0.09345 ( 1)
  55 N   0.34154 0.31768 0.16932 0.17146 ( 1)
  56 I   0.63258 0.02664 0.32641 0.01437 ( 1)
  57 I   0.06270 0.59652 0.02771 0.31307 ( 2)
  58 E   0.48573 0.17348 0.24716 0.09363 ( 1)
  59 K   0.51366 0.14555 0.26225 0.07853 ( 1)
  60 F   0.47821 0.18101 0.24309 0.09769 ( 1)
  61 I   0.61985 0.03937 0.31954 0.02124 ( 1)
  62 E   0.61462 0.04459 0.31672 0.02406 ( 1)
  63 L   0.61214 0.04707 0.31539 0.02540 ( 1)
  64 E   0.60482 0.05439 0.31144 0.02935 ( 1)
  65 E   0.48422 0.17500 0.24634 0.09445 ( 1)
  66 I   0.60388 0.05534 0.31093 0.02986 ( 1)
  67 F   0.52863 0.13059 0.27034 0.07044 ( 1)
  68 L   0.50152 0.15769 0.25569 0.08509 ( 1)
  69 L   0.61100 0.04821 0.31477 0.02601 ( 1)
  70 E   0.60485 0.05436 0.31145 0.02933 ( 1)
  71 E   0.61462 0.04459 0.31672 0.02406 ( 1)
  72 M   0.62729 0.03193 0.32355 0.01723 ( 1)
  73 I   0.60388 0.05534 0.31093 0.02986 ( 1)
  74 K   0.61161 0.04760 0.31510 0.02569 ( 1)
  75 E   0.61462 0.04459 0.31672 0.02406 ( 1)
  76 Y   0.43739 0.22183 0.22106 0.11973 ( 1)
  77 S   0.59186 0.06735 0.30445 0.03634 ( 1)
  78 E   0.60481 0.05441 0.31143 0.02935 ( 1)
  79 T   0.61063 0.04858 0.31457 0.02621 ( 1)
  80 H   0.62878 0.03043 0.32436 0.01642 ( 1)
  81 L   0.60547 0.05375 0.31178 0.02900 ( 1)
  82 Q   0.61229 0.04692 0.31547 0.02532 ( 1)
  83 N   0.60934 0.04987 0.31387 0.02691 ( 1)
  84 L   0.62826 0.03095 0.32408 0.01670 ( 1)
  85 R   0.61173 0.04749 0.31516 0.02562 ( 1)
  86 I   0.62094 0.03828 0.32013 0.02065 ( 1)
  87 G   0.59961 0.05961 0.30862 0.03216 ( 1)
  88 I   0.60388 0.05534 0.31093 0.02986 ( 1)
  89 H   0.45324 0.20598 0.22961 0.11118 ( 1)
  90 K   0.62104 0.03817 0.32019 0.02060 ( 1)
  91 E   0.61462 0.04459 0.31672 0.02406 ( 1)
  92 T   0.59718 0.06203 0.30732 0.03347 ( 1)
  93 L   0.59685 0.06236 0.30714 0.03365 ( 1)
  94 Q   0.61229 0.04692 0.31547 0.02532 ( 1)
  95 L   0.61714 0.04207 0.31808 0.02270 ( 1)
  96 I   0.60403 0.05518 0.31101 0.02977 ( 1)
  97 K   0.61161 0.04760 0.31510 0.02569 ( 1)
  98 I   0.62094 0.03828 0.32013 0.02065 ( 1)
  99 H   0.60260 0.05661 0.31024 0.03055 ( 1)
 100 N   0.62636 0.03286 0.32305 0.01773 ( 1)
 101 E   0.60485 0.05436 0.31145 0.02933 ( 1)
 102 D   0.62987 0.02935 0.32494 0.01584 ( 1)
 103 H   0.51248 0.14674 0.26161 0.07917 ( 1)
 104 I   0.61077 0.04845 0.31465 0.02614 ( 1)
 105 H   0.62878 0.03043 0.32436 0.01642 ( 1)
 106 T   0.59718 0.06203 0.30732 0.03347 ( 1)
 107 I   0.63258 0.02664 0.32641 0.01437 ( 1)
 108 L   0.47527 0.18395 0.24150 0.09928 ( 1)
 109 H   0.60260 0.05661 0.31024 0.03055 ( 1)
 110 F   0.47269 0.18652 0.24011 0.10067 ( 1)
 111 L   0.43274 0.22648 0.21855 0.12224 ( 1)
 112 T   0.47262 0.18660 0.24007 0.10071 ( 1)
 113 N   0.63416 0.02506 0.32726 0.01352 ( 1)
 114 I   0.62094 0.03828 0.32013 0.02065 ( 1)
 115 I   0.60819 0.05103 0.31325 0.02753 ( 1)
 116 C   0.62053 0.03868 0.31991 0.02087 ( 1)
 117 F   0.61161 0.04760 0.31510 0.02568 ( 1)
 118 V   0.62864 0.03058 0.32428 0.01650 ( 1)
 119 I   0.63258 0.02664 0.32641 0.01437 ( 1)
 120 L   0.60547 0.05375 0.31178 0.02900 ( 1)
 121 S   0.61730 0.04192 0.31817 0.02262 ( 1)
 122 G   0.61362 0.04559 0.31618 0.02460 ( 1)
 123 Y   0.52172 0.13749 0.26661 0.07417 ( 1)
 124 S   0.61786 0.04135 0.31847 0.02231 ( 1)
 125 I   0.15658 0.50264 0.07276 0.26802 ( 2)
 126 L   0.47022 0.18900 0.23878 0.10201 ( 1)
 127 G   0.48268 0.17654 0.24551 0.09528 ( 1)
 128 N   0.63416 0.02506 0.32726 0.01352 ( 1)
 129 K   0.48771 0.17150 0.24823 0.09256 ( 1)
 130 E   0.61398 0.04524 0.31637 0.02441 ( 1)
 131 L   0.62826 0.03095 0.32408 0.01670 ( 1)
 132 V   0.62864 0.03058 0.32428 0.01650 ( 1)
 133 I   0.63258 0.02664 0.32641 0.01437 ( 1)
 134 L   0.62826 0.03095 0.32408 0.01670 ( 1)
 135 N   0.60934 0.04987 0.31387 0.02691 ( 1)
 136 S   0.50203 0.15718 0.25597 0.08482 ( 1)
 137 W   0.59501 0.06421 0.30614 0.03464 ( 1)
 138 A   0.61689 0.04232 0.31795 0.02284 ( 1)
 139 Q   0.60278 0.05644 0.31033 0.03045 ( 1)
 140 E   0.61462 0.04459 0.31672 0.02406 ( 1)
 141 F   0.61161 0.04760 0.31510 0.02568 ( 1)
 142 L   0.46296 0.19626 0.23485 0.10593 ( 1)
 143 Y   0.62643 0.03279 0.32309 0.01769 ( 1)
 144 N   0.60934 0.04987 0.31387 0.02691 ( 1)
 145 L   0.61714 0.04207 0.31808 0.02270 ( 1)
 146 S   0.62486 0.03435 0.32225 0.01854 ( 1)
 147 D   0.60383 0.05538 0.31090 0.02988 ( 1)
 148 T   0.61063 0.04858 0.31457 0.02621 ( 1)
 149 I   0.62094 0.03828 0.32013 0.02065 ( 1)
 150 K   0.61860 0.04062 0.31887 0.02192 ( 1)
 151 A   0.61497 0.04424 0.31691 0.02387 ( 1)
 152 F   0.63623 0.02299 0.32837 0.01241 ( 1)
 153 S   0.43355 0.22567 0.21899 0.12180 ( 1)
 154 I   0.63258 0.02664 0.32641 0.01437 ( 1)
 155 L   0.62826 0.03095 0.32408 0.01670 ( 1)
 156 L   0.61714 0.04207 0.31808 0.02270 ( 1)
 157 L   0.61714 0.04207 0.31808 0.02270 ( 1)
 158 T   0.61063 0.04858 0.31457 0.02621 ( 1)
 159 D   0.62987 0.02935 0.32494 0.01584 ( 1)
 160 L   0.49848 0.16074 0.25405 0.08674 ( 1)
 161 C   0.50360 0.15561 0.25681 0.08397 ( 1)
 162 I   0.60413 0.05509 0.31106 0.02972 ( 1)
 163 G   0.59961 0.05961 0.30862 0.03216 ( 1)
 164 F   0.61161 0.04760 0.31510 0.02568 ( 1)
 165 H   0.62878 0.03043 0.32436 0.01642 ( 1)
 166 S   0.59108 0.06813 0.30403 0.03676 ( 1)
 167 P   0.43076 0.22845 0.21748 0.12330 ( 1)
 168 H   0.51103 0.14819 0.26083 0.07995 ( 1)
 169 G   0.61362 0.04559 0.31618 0.02460 ( 1)
 170 W   0.59501 0.06421 0.30614 0.03464 ( 1)
 171 E   0.48200 0.17722 0.24514 0.09565 ( 1)
 172 L   0.60547 0.05375 0.31178 0.02900 ( 1)
 173 M   0.62729 0.03193 0.32355 0.01723 ( 1)
 174 I   0.63258 0.02664 0.32641 0.01437 ( 1)
 175 G   0.58907 0.07014 0.30294 0.03785 ( 1)
 176 F   0.54713 0.11209 0.28033 0.06045 ( 1)
 177 V   0.59711 0.06211 0.30728 0.03351 ( 1)
 178 Y   0.59581 0.06341 0.30657 0.03421 ( 1)
 179 K   0.62104 0.03817 0.32019 0.02060 ( 1)
 180 D   0.62987 0.02935 0.32494 0.01584 ( 1)
 181 F   0.63623 0.02299 0.32837 0.01241 ( 1)
 182 G   0.59961 0.05961 0.30862 0.03216 ( 1)
 183 F   0.63623 0.02299 0.32837 0.01241 ( 1)
 184 A   0.49635 0.16287 0.25290 0.08789 ( 1)
 185 H   0.62878 0.03043 0.32436 0.01642 ( 1)
 186 N   0.63416 0.02506 0.32726 0.01352 ( 1)
 187 D   0.62987 0.02935 0.32494 0.01584 ( 1)
 188 Q   0.61229 0.04692 0.31547 0.02532 ( 1)
 189 I   0.63258 0.02664 0.32641 0.01437 ( 1)
 190 I   0.49745 0.16176 0.25349 0.08729 ( 1)
 191 S   0.62167 0.03754 0.32053 0.02026 ( 1)
 192 G   0.48400 0.17521 0.24622 0.09456 ( 1)
 193 L   0.62826 0.03095 0.32408 0.01670 ( 1)
 194 V   0.62826 0.03096 0.32408 0.01670 ( 1)
 195 S   0.49978 0.15943 0.25475 0.08603 ( 1)
 196 T   0.51192 0.14730 0.26131 0.07948 ( 1)
 197 F   0.63623 0.02299 0.32837 0.01241 ( 1)
 198 P   0.60357 0.05564 0.31076 0.03002 ( 1)
 199 V   0.60022 0.05899 0.30895 0.03183 ( 1)
 200 I   0.63258 0.02664 0.32641 0.01437 ( 1)
 201 L   0.60547 0.05375 0.31178 0.02900 ( 1)
 202 D   0.62987 0.02935 0.32494 0.01584 ( 1)
 203 T   0.62373 0.03549 0.32163 0.01915 ( 1)
 204 L   0.46782 0.19139 0.23748 0.10330 ( 1)
 205 F   0.63623 0.02299 0.32837 0.01241 ( 1)
 206 K   0.62104 0.03817 0.32019 0.02060 ( 1)
 207 F   0.63623 0.02299 0.32837 0.01241 ( 1)
 208 W   0.00771 0.65151 0.00323 0.33756 ( 2)
 209 I   0.53703 0.12219 0.27488 0.06590 ( 1)
 210 F   0.63623 0.02299 0.32837 0.01241 ( 1)
 211 R   0.61173 0.04749 0.31516 0.02562 ( 1)
 212 Y   0.62643 0.03279 0.32309 0.01769 ( 1)
 213 L   0.61714 0.04207 0.31808 0.02270 ( 1)
 214 N   0.63416 0.02506 0.32726 0.01352 ( 1)
 215 R   0.47614 0.18308 0.24197 0.09881 ( 1)
 216 V   0.62864 0.03058 0.32428 0.01650 ( 1)
 217 S   0.62167 0.03754 0.32053 0.02026 ( 1)
 218 P   0.59230 0.06691 0.30468 0.03610 ( 1)
 219 S   0.59910 0.06012 0.30835 0.03244 ( 1)
 220 L   0.62826 0.03095 0.32408 0.01670 ( 1)
 221 V   0.61509 0.04412 0.31698 0.02381 ( 1)
 222 V   0.60076 0.05846 0.30924 0.03154 ( 1)
 223 I   0.63258 0.02664 0.32641 0.01437 ( 1)
 224 Y   0.62643 0.03279 0.32309 0.01769 ( 1)
 225 H   0.62878 0.03043 0.32436 0.01642 ( 1)
 226 S   0.59910 0.06012 0.30835 0.03244 ( 1)
 227 M   0.62729 0.03193 0.32355 0.01723 ( 1)
 228 N   0.63416 0.02506 0.32726 0.01352 ( 1)
 229 D   0.52805 0.13117 0.27002 0.07076 ( 1)

