

TREE # 1

  0  0.0000   1662.283573  x:  0.00272   0.01184   0.02168   0.01182   0.00808   0.01673   0.00537   0.00968   0.01329   0.00361   0.01528   0.00515   0.00454   0.00478   0.01373   0.01849   0.01463   0.01330   0.02853   0.02396   0.01323   0.02990   0.00000   0.04896   0.01300   0.02242   0.09478   0.03303   0.04287   0.09612   2.00000   1.09989   0.02896   0.27919   2.57308  
  1 99.0000   1659.605579  x:  0.00274   0.01178   0.02163   0.01176   0.00782   0.01653   0.00509   0.00954   0.01311   0.00334   0.01517   0.00488   0.00427   0.00460   0.01371   0.01842   0.01453   0.01322   0.02852   0.02392   0.01315   0.02988   0.00669   0.04902   0.01298   0.02237   0.09480   0.03304   0.04283   0.09617   1.99999   1.09990   0.02896   0.27917   2.57308  
  2 5435.0560   1654.153079  x:  0.00288   0.01108   0.02101   0.01105   0.00453   0.01417   0.00174   0.00783   0.01095   0.00000   0.01385   0.00156   0.00097   0.00236   0.01351   0.01756   0.01331   0.01222   0.02845   0.02337   0.01184   0.02946   0.00670   0.04960   0.01189   0.02175   0.09504   0.03318   0.04239   0.09673   1.99989   1.09993   0.02893   0.27892   2.57308  
  3 610.7504   1653.182547  x:  0.00284   0.01116   0.02092   0.01113   0.00358   0.01375   0.00077   0.00798   0.01075   0.00000   0.01381   0.00060   0.00000   0.00210   0.01370   0.01756   0.01331   0.01226   0.02842   0.02333   0.01179   0.02942   0.00670   0.04967   0.01185   0.02167   0.09507   0.03315   0.04228   0.09683   1.99987   1.09994   0.02892   0.27887   2.57308  
  4 1721.3889   1652.749867  x:  0.00283   0.01115   0.02090   0.01112   0.00299   0.01361   0.00017   0.00796   0.01072   0.00000   0.01381   0.00000   0.00000   0.00201   0.01372   0.01758   0.01332   0.01226   0.02840   0.02332   0.01179   0.02941   0.00670   0.04969   0.01184   0.02165   0.09508   0.03314   0.04222   0.09686   1.99985   1.09994   0.02891   0.27885   2.57308  
  5 8143.4732   1652.666779  x:  0.00283   0.01115   0.02089   0.01112   0.00283   0.01358   0.00000   0.00796   0.01071   0.00000   0.01381   0.00000   0.00000   0.00199   0.01372   0.01758   0.01332   0.01226   0.02839   0.02332   0.01179   0.02941   0.00670   0.04970   0.01184   0.02165   0.09508   0.03313   0.04221   0.09687   1.99985   1.09995   0.02891   0.27884   2.57308  
  6 2136118.9960   1651.972840  x:  0.00303   0.01121   0.02096   0.01115   0.00000   0.01342   0.00000   0.00780   0.01053   0.00000   0.01380   0.00000   0.00000   0.00184   0.01389   0.01762   0.01336   0.01238   0.02858   0.02341   0.01177   0.02953   0.00669   0.05000   0.01186   0.02172   0.09529   0.03334   0.04229   0.09717   1.99976   1.09997   0.02888   0.27864   2.57308  
  7 409.2607   1651.124832  x:  0.00244   0.01047   0.02074   0.01087   0.00000   0.01168   0.00000   0.00902   0.01008   0.00000   0.01338   0.00000   0.00000   0.00000   0.01351   0.01763   0.01303   0.01120   0.02905   0.02359   0.01119   0.03006   0.00669   0.05207   0.01110   0.02161   0.09736   0.03274   0.04236   0.10040   1.99838   1.10039   0.02843   0.27558   2.57310  
  8 99.3798   1649.521660  x:  0.00000   0.01172   0.01724   0.01026   0.00000   0.00582   0.00000   0.00491   0.00867   0.00000   0.01244   0.00000   0.00000   0.00000   0.01686   0.01718   0.01149   0.01243   0.02522   0.02147   0.01014   0.02820   0.00670   0.05145   0.00911   0.01834   0.09950   0.03030   0.03899   0.10453   1.99494   1.10148   0.02726   0.26820   2.57313  
  9 145.1644   1649.187458  x:  0.00234   0.01036   0.01609   0.00947   0.00000   0.00462   0.00000   0.00599   0.00580   0.00000   0.01244   0.00000   0.00000   0.00000   0.01576   0.01697   0.01228   0.01293   0.02372   0.02064   0.01021   0.02663   0.00670   0.04974   0.01002   0.01720   0.09840   0.03264   0.03526   0.10408   1.99365   1.10190   0.02682   0.26557   2.57313  
 10 90.1522   1649.079993  x:  0.00236   0.01046   0.01659   0.01098   0.00000   0.00489   0.00000   0.00564   0.00596   0.00000   0.01194   0.00000   0.00000   0.00000   0.01572   0.01697   0.01245   0.01213   0.02479   0.02062   0.00958   0.02594   0.00670   0.05021   0.00993   0.01724   0.09705   0.03266   0.03101   0.10418   1.99193   1.10246   0.02627   0.26207   2.57313  
 11 40.3952   1648.986756  x:  0.00231   0.01134   0.01655   0.00906   0.00000   0.00520   0.00000   0.00634   0.00604   0.00000   0.01163   0.00000   0.00000   0.00000   0.01647   0.01640   0.01142   0.01235   0.02545   0.02099   0.00961   0.02627   0.00670   0.05088   0.00903   0.01766   0.09479   0.03261   0.02938   0.10383   1.98887   1.10345   0.02529   0.25606   2.57313  
 12 39.3795   1648.720784  x:  0.00218   0.01077   0.01523   0.01117   0.00000   0.00474   0.00000   0.00678   0.00518   0.00000   0.01134   0.00000   0.00000   0.00000   0.01666   0.01481   0.01019   0.01228   0.02512   0.02187   0.00998   0.02771   0.00670   0.05176   0.00708   0.01825   0.08758   0.03248   0.03119   0.10153   1.97792   1.10702   0.02178   0.23501   2.57310  
 13 85.7787   1648.582395  x:  0.00216   0.01155   0.01518   0.01094   0.00000   0.00534   0.00000   0.00713   0.00510   0.00000   0.00992   0.00000   0.00000   0.00000   0.01737   0.01521   0.01141   0.01124   0.02454   0.02092   0.00786   0.02690   0.00669   0.05205   0.00833   0.01705   0.08642   0.03246   0.03299   0.10098   1.97119   1.10919   0.01965   0.22282   2.57309  
 14 101.9287   1648.481423  x:  0.00248   0.01189   0.01702   0.01127   0.00000   0.00516   0.00000   0.00751   0.00534   0.00000   0.01050   0.00000   0.00000   0.00000   0.01744   0.01484   0.00967   0.01106   0.02487   0.01936   0.00782   0.02544   0.00668   0.05103   0.00889   0.01610   0.08864   0.03278   0.03392   0.10040   1.96527   1.11104   0.01783   0.21337   2.57307  
 15 71.1912   1648.414132  x:  0.00202   0.01175   0.01699   0.01129   0.00000   0.00578   0.00000   0.00747   0.00436   0.00000   0.01005   0.00000   0.00000   0.00000   0.01746   0.01431   0.01009   0.01143   0.02531   0.01920   0.00839   0.02501   0.00669   0.04982   0.00844   0.01694   0.09165   0.03232   0.03389   0.09984   1.96057   1.11247   0.01645   0.20708   2.57306  
 16 65.4041   1648.368136  x:  0.00244   0.01165   0.01620   0.01140   0.00000   0.00546   0.00000   0.00762   0.00522   0.00000   0.00942   0.00000   0.00000   0.00000   0.01755   0.01384   0.01024   0.01149   0.02544   0.01961   0.00812   0.02506   0.00670   0.04888   0.00790   0.01767   0.09379   0.03274   0.03374   0.09911   1.95692   1.11354   0.01540   0.20292   2.57305  
 17 86.1488   1648.311306  x:  0.00268   0.01200   0.01524   0.01140   0.00000   0.00567   0.00000   0.00739   0.00494   0.00000   0.01042   0.00000   0.00000   0.00000   0.01759   0.01461   0.00965   0.01061   0.02511   0.02086   0.00741   0.02619   0.00670   0.04865   0.00786   0.01761   0.09558   0.03298   0.03326   0.09793   1.95170   1.11501   0.01398   0.19863   2.57303  
 18 46.1207   1648.161125  x:  0.00296   0.01172   0.01645   0.01104   0.00000   0.00557   0.00000   0.00664   0.00500   0.00000   0.00919   0.00000   0.00000   0.00000   0.01680   0.01480   0.00992   0.01095   0.02451   0.02184   0.00812   0.02915   0.00669   0.05055   0.00784   0.01537   0.09702   0.03326   0.03248   0.09500   1.93659   1.11911   0.01004   0.18945   2.57297  
 19 57.5898   1647.939344  x:  0.00304   0.01040   0.01685   0.01012   0.00000   0.00535   0.00000   0.00543   0.00517   0.00000   0.01102   0.00000   0.00000   0.00000   0.01593   0.01385   0.01089   0.01233   0.02526   0.02033   0.00646   0.02947   0.00670   0.05370   0.00820   0.01664   0.09651   0.03334   0.03243   0.09291   1.91310   1.12537   0.00402   0.17721   2.57288  
 20 131.2121   1647.747539  x:  0.00369   0.01047   0.01556   0.00959   0.00000   0.00532   0.00000   0.00430   0.00533   0.00000   0.01039   0.00000   0.00000   0.00000   0.01542   0.01539   0.01032   0.01116   0.02622   0.01986   0.00888   0.02738   0.00670   0.05501   0.00893   0.01813   0.09488   0.03399   0.03306   0.09439   1.89148   1.13101  -0.00141   0.16741   2.57279  
 21 158.0848   1647.619379  x:  0.00419   0.01010   0.01671   0.00924   0.00000   0.00569   0.00000   0.00378   0.00537   0.00000   0.01071   0.00000   0.00000   0.00000   0.01502   0.01600   0.01077   0.01158   0.02585   0.02202   0.00854   0.02605   0.00673   0.05355   0.00718   0.01760   0.09347   0.03450   0.03346   0.09860   1.87573   1.13497  -0.00522   0.16199   2.57274  
 22 101.9276   1647.541463  x:  0.00422   0.01003   0.01668   0.00926   0.00000   0.00594   0.00000   0.00345   0.00536   0.00000   0.01046   0.00000   0.00000   0.00000   0.01472   0.01456   0.01016   0.01190   0.02564   0.02236   0.00816   0.02769   0.00672   0.05185   0.00884   0.01762   0.09276   0.03452   0.03324   0.10216   1.86460   1.13761  -0.00776   0.16003   2.57270  
 23 72.7849   1647.467786  x:  0.00475   0.01016   0.01651   0.00920   0.00000   0.00617   0.00000   0.00324   0.00539   0.00000   0.01060   0.00000   0.00000   0.00000   0.01477   0.01504   0.01051   0.01137   0.02614   0.02006   0.00809   0.02989   0.00673   0.05058   0.00773   0.01744   0.09246   0.03505   0.03316   0.10367   1.85250   1.14026  -0.01032   0.16067   2.57266  
 24 50.9677   1646.998943  x:  0.00533   0.00832   0.01681   0.00889   0.00000   0.00616   0.00000   0.00235   0.00462   0.00000   0.00805   0.00000   0.00000   0.00000   0.01460   0.01708   0.00786   0.01267   0.02773   0.02003   0.00580   0.02995   0.00675   0.05111   0.00758   0.01819   0.09288   0.03564   0.03393   0.10105   1.77157   1.15728  -0.02674   0.17470   2.57243  
 25 80.8724   1646.679788  x:  0.00620   0.00973   0.01658   0.00856   0.00000   0.00609   0.00000   0.00142   0.00431   0.00000   0.00835   0.00000   0.00000   0.00000   0.01411   0.01415   0.00836   0.01093   0.02809   0.02067   0.00601   0.02892   0.00676   0.05274   0.00695   0.01748   0.09359   0.03651   0.03452   0.09932   1.71699   1.16875  -0.03784   0.18422   2.57228  
 26 659.5237   1646.627968  x:  0.00652   0.00881   0.01563   0.00868   0.00000   0.00710   0.00000   0.00143   0.00458   0.00000   0.00858   0.00000   0.00000   0.00000   0.01476   0.01355   0.00805   0.01107   0.02722   0.02040   0.00632   0.02858   0.00675   0.05419   0.00657   0.01675   0.09427   0.03683   0.03423   0.09991   1.70660   1.17099  -0.04001   0.18536   2.57226  
 27 122.6375   1646.597409  x:  0.00667   0.00956   0.01553   0.00892   0.00000   0.00737   0.00000   0.00146   0.00460   0.00000   0.00844   0.00000   0.00000   0.00000   0.01384   0.01368   0.00777   0.01155   0.02589   0.02006   0.00625   0.02854   0.00676   0.05505   0.00625   0.01725   0.09464   0.03698   0.03399   0.10036   1.69927   1.17265  -0.04166   0.18559   2.57226  
 28 41.9951   1646.359873  x:  0.00690   0.00878   0.01807   0.00875   0.00000   0.00703   0.00000   0.00147   0.00450   0.00000   0.00816   0.00000   0.00000   0.00000   0.01589   0.01353   0.00791   0.00953   0.02225   0.01989   0.00661   0.02896   0.00675   0.05536   0.00624   0.02012   0.09467   0.03721   0.03354   0.10027   1.63684   1.18711  -0.05611   0.18656   2.57225  
 29 67.9214   1644.047644  x:  0.00641   0.00970   0.01666   0.00896   0.00000   0.00635   0.00000   0.00237   0.00431   0.00000   0.00844   0.00000   0.00000   0.00000   0.01563   0.01281   0.00838   0.00955   0.02510   0.02082   0.00610   0.02922   0.00673   0.05552   0.00587   0.01807   0.09463   0.03672   0.03355   0.10062   1.10921   1.30971  -0.17872   0.19230   2.57226  
 30 703.0934   1643.438498  x:  0.00653   0.01006   0.01595   0.00917   0.00000   0.00546   0.00000   0.00267   0.00385   0.00000   0.00812   0.00000   0.00000   0.00000   0.01627   0.01237   0.00838   0.00920   0.02616   0.02125   0.00542   0.02983   0.00675   0.05845   0.00506   0.01747   0.09682   0.03682   0.03330   0.10463   1.12616   1.59705  -0.46583   0.22982   2.57217  
 31  2.4210   1642.943203  x:  0.00359   0.00925   0.01454   0.00924   0.00000   0.00373   0.00000   0.00303   0.00451   0.00000   0.00897   0.00000   0.00000   0.00000   0.01429   0.01424   0.00936   0.00911   0.02714   0.02171   0.00577   0.03005   0.00665   0.06140   0.00557   0.01608   0.10222   0.03381   0.03271   0.11313   1.14509   1.59043  -0.45968   0.21044   2.57236  
 32  0.0457   1642.877880  x:  0.00356   0.00919   0.01463   0.00892   0.00000   0.00464   0.00000   0.00355   0.00452   0.00000   0.00898   0.00000   0.00000   0.00000   0.01329   0.01339   0.00924   0.00841   0.02772   0.02201   0.00580   0.02969   0.00659   0.06197   0.00545   0.01592   0.10309   0.03378   0.03352   0.11431   1.15162   1.58284  -0.45199   0.20782   2.57233  
 33  0.0233   1642.848311  x:  0.00350   0.00922   0.01485   0.00910   0.00000   0.00488   0.00000   0.00385   0.00450   0.00000   0.00908   0.00000   0.00000   0.00000   0.01374   0.01373   0.00911   0.00932   0.02777   0.02212   0.00577   0.02988   0.00651   0.06252   0.00542   0.01626   0.10383   0.03373   0.03373   0.11546   1.12323   1.59948  -0.46860   0.20600   2.57232  
 34  0.0496   1642.823029  x:  0.00331   0.00909   0.01506   0.00898   0.00000   0.00435   0.00000   0.00445   0.00445   0.00000   0.00901   0.00000   0.00000   0.00000   0.01354   0.01346   0.00886   0.00907   0.02758   0.02189   0.00581   0.02947   0.00633   0.06151   0.00532   0.01648   0.10297   0.03358   0.03366   0.11439   1.12037   1.61790  -0.48710   0.20787   2.57237  
 35  0.0219   1642.811310  x:  0.00358   0.00922   0.01485   0.00921   0.00000   0.00446   0.00000   0.00478   0.00446   0.00000   0.00893   0.00000   0.00000   0.00000   0.01396   0.01378   0.00908   0.00909   0.02748   0.02184   0.00575   0.02969   0.00616   0.06169   0.00542   0.01643   0.10303   0.03388   0.03346   0.11446   1.13776   1.60769  -0.47686   0.20753   2.57237  
 36  0.0206   1642.806458  x:  0.00339   0.00907   0.01471   0.00919   0.00000   0.00463   0.00000   0.00486   0.00458   0.00000   0.00898   0.00000   0.00000   0.00000   0.01370   0.01403   0.00916   0.00911   0.02719   0.02175   0.00580   0.02975   0.00603   0.06137   0.00551   0.01630   0.10274   0.03372   0.03320   0.11401   1.13301   1.61287  -0.48208   0.20855   2.57240  
 37  0.0136   1642.790896  x:  0.00346   0.00917   0.01467   0.00909   0.00000   0.00459   0.00000   0.00513   0.00456   0.00000   0.00905   0.00000   0.00000   0.00000   0.01363   0.01378   0.00908   0.00894   0.02734   0.02198   0.00576   0.03027   0.00550   0.06211   0.00540   0.01607   0.10322   0.03392   0.03318   0.11454   1.11666   1.59243  -0.46140   0.20577   2.57235  
 38  0.0151   1642.768673  x:  0.00315   0.00908   0.01511   0.00899   0.00000   0.00458   0.00000   0.00499   0.00454   0.00000   0.00911   0.00000   0.00000   0.00000   0.01355   0.01359   0.00887   0.00924   0.02745   0.02193   0.00584   0.02986   0.00468   0.06186   0.00560   0.01638   0.10295   0.03384   0.03356   0.11415   1.13452   1.59221  -0.46087   0.20709   2.57230  
 39  0.0080   1642.760079  x:  0.00317   0.00912   0.01484   0.00915   0.00000   0.00455   0.00000   0.00459   0.00449   0.00000   0.00894   0.00000   0.00000   0.00000   0.01376   0.01375   0.00902   0.00904   0.02746   0.02184   0.00574   0.02962   0.00453   0.06172   0.00540   0.01633   0.10292   0.03393   0.03347   0.11428   1.13064   1.60673  -0.47528   0.20778   2.57227  
 40  0.0185   1642.759610  x:  0.00325   0.00915   0.01483   0.00912   0.00000   0.00454   0.00000   0.00453   0.00450   0.00000   0.00898   0.00000   0.00000   0.00000   0.01373   0.01374   0.00906   0.00906   0.02746   0.02187   0.00580   0.02971   0.00456   0.06170   0.00546   0.01633   0.10298   0.03401   0.03344   0.11435   1.13041   1.60733  -0.47586   0.20791   2.57226  
 41  0.0011   1642.759586  x:  0.00324   0.00915   0.01483   0.00911   0.00000   0.00454   0.00000   0.00453   0.00450   0.00000   0.00899   0.00000   0.00000   0.00000   0.01372   0.01374   0.00906   0.00907   0.02745   0.02188   0.00578   0.02975   0.00456   0.06169   0.00546   0.01631   0.10299   0.03402   0.03341   0.11435   1.13034   1.60708  -0.47562   0.20769   2.57226  
 42  0.0005   1642.759586  x:  0.00323   0.00915   0.01483   0.00911   0.00000   0.00454   0.00000   0.00453   0.00450   0.00000   0.00899   0.00000   0.00000   0.00000   0.01372   0.01375   0.00906   0.00907   0.02745   0.02188   0.00578   0.02976   0.00456   0.06169   0.00546   0.01631   0.10299   0.03403   0.03341   0.11435   1.13027   1.60706  -0.47559   0.20769   2.57226  
 43  0.0001   1642.759586  x:  0.00322   0.00915   0.01483   0.00911   0.00000   0.00454   0.00000   0.00453   0.00450   0.00000   0.00899   0.00000   0.00000   0.00000   0.01372   0.01375   0.00906   0.00907   0.02745   0.02188   0.00578   0.02976   0.00456   0.06169   0.00546   0.01631   0.10299   0.03404   0.03341   0.11435   1.13027   1.60706  -0.47558   0.20769   2.57226  
 44  0.0000   1642.759586  x:  0.00321   0.00915   0.01483   0.00911   0.00000   0.00454   0.00000   0.00453   0.00450   0.00000   0.00899   0.00000   0.00000   0.00000   0.01372   0.01375   0.00906   0.00907   0.02745   0.02188   0.00578   0.02976   0.00456   0.06169   0.00546   0.01631   0.10299   0.03405   0.03341   0.11435   1.13027   1.60706  -0.47557   0.20769   2.57226  
 45  0.0000   1642.759586  x:  0.00314   0.00915   0.01483   0.00911   0.00000   0.00454   0.00000   0.00453   0.00450   0.00000   0.00899   0.00000   0.00000   0.00000   0.01372   0.01375   0.00906   0.00907   0.02745   0.02188   0.00578   0.02976   0.00456   0.06169   0.00546   0.01631   0.10299   0.03412   0.03341   0.11435   1.13027   1.60708  -0.47555   0.20769   2.57223  