Supplemental results for CODEML (seqf: /Users/YY/Desktop/get/branch_site/modify/modify_trim_muscle_ndhK.fa  treef: /Users/YY/Desktop/get/branch_site/16gene_topu.tree)


dN/dS (w) for site classes (K=4)

site class             0        1       2a       2b
proportion       0.83519  0.04937  0.10900  0.00644
background w     0.05813  1.00000  0.05813  1.00000
foreground w     0.05813  1.00000  1.00000  1.00000

Naive Empirical Bayes (NEB) probabilities for 4 classes
(amino acids refer to 1st sequence: KM035851)

   1 M   0.86760 0.01696 0.11323 0.00221 ( 1)
   2 N   0.69016 0.19440 0.09007 0.02537 ( 1)
   3 S   0.52394 0.36062 0.06838 0.04706 ( 1)
   4 I   0.85481 0.02975 0.11156 0.00388 ( 1)
   5 E   0.55711 0.32745 0.07271 0.04273 ( 1)
   6 F   0.87071 0.01385 0.11363 0.00181 ( 1)
   7 P   0.52612 0.35844 0.06866 0.04678 ( 1)
   8 L   0.59056 0.29400 0.07707 0.03837 ( 1)
   9 L   0.86775 0.01681 0.11325 0.00219 ( 1)
  10 D   0.87075 0.01381 0.11364 0.00180 ( 1)
  11 R   0.85392 0.03064 0.11144 0.00400 ( 1)
  12 T   0.86792 0.01664 0.11327 0.00217 ( 1)
  13 T   0.85233 0.03223 0.11123 0.00421 ( 1)
  14 Q   0.86002 0.02454 0.11224 0.00320 ( 1)
  15 N   0.87175 0.01281 0.11377 0.00167 ( 1)
  16 S   0.86185 0.02271 0.11248 0.00296 ( 1)
  17 V   0.86990 0.01466 0.11353 0.00191 ( 1)
  18 I   0.87139 0.01317 0.11372 0.00172 ( 1)
  19 S   0.86185 0.02271 0.11248 0.00296 ( 1)
  20 T   0.87054 0.01402 0.11361 0.00183 ( 1)
  21 T   0.86792 0.01664 0.11327 0.00217 ( 1)
  22 S   0.86185 0.02271 0.11248 0.00296 ( 1)
  23 N   0.86269 0.02187 0.11259 0.00285 ( 1)
  24 D   0.87075 0.01381 0.11364 0.00180 ( 1)
  25 L   0.86775 0.01681 0.11325 0.00219 ( 1)
  26 S   0.86185 0.02271 0.11248 0.00296 ( 1)
  27 N   0.87175 0.01281 0.11377 0.00167 ( 1)
  28 W   0.84896 0.03559 0.11080 0.00465 ( 1)
  29 S   0.86185 0.02271 0.11248 0.00296 ( 1)
  30 R   0.86598 0.01858 0.11302 0.00242 ( 1)
  31 L   0.86775 0.01681 0.11325 0.00219 ( 1)
  32 S   0.86822 0.01634 0.11331 0.00213 ( 1)
  33 S   0.87037 0.01419 0.11359 0.00185 ( 1)
  34 L   0.86026 0.02430 0.11227 0.00317 ( 1)
  35 W   0.84896 0.03559 0.11080 0.00465 ( 1)
  36 P   0.85154 0.03302 0.11113 0.00431 ( 1)
  37 L   0.86775 0.01681 0.11325 0.00219 ( 1)
  38 L   0.85023 0.03433 0.11096 0.00448 ( 1)
  39 Y   0.86680 0.01776 0.11312 0.00232 ( 1)
  40 G   0.86670 0.01786 0.11311 0.00233 ( 1)
  41 T   0.85536 0.02920 0.11163 0.00381 ( 1)
  42 S   0.87037 0.01419 0.11359 0.00185 ( 1)
  43 C   0.86610 0.01846 0.11303 0.00241 ( 1)
  44 C   0.84978 0.03478 0.11090 0.00454 ( 1)
  45 F   0.85557 0.02899 0.11166 0.00378 ( 1)
  46 I   0.87139 0.01317 0.11372 0.00172 ( 1)
  47 E   0.86687 0.01769 0.11313 0.00231 ( 1)
  48 F   0.87071 0.01385 0.11363 0.00181 ( 1)
  49 A   0.86975 0.01481 0.11351 0.00193 ( 1)
  50 S   0.86185 0.02271 0.11248 0.00296 ( 1)
  51 L   0.85808 0.02648 0.11198 0.00346 ( 1)
  52 I   0.87047 0.01409 0.11360 0.00184 ( 1)
  53 G   0.84950 0.03506 0.11086 0.00458 ( 1)
  54 S   0.86066 0.02390 0.11232 0.00312 ( 1)
  55 R   0.85392 0.03064 0.11144 0.00400 ( 1)
  56 F   0.85557 0.02899 0.11166 0.00378 ( 1)
  57 D   0.85771 0.02685 0.11194 0.00350 ( 1)
  58 F   0.87071 0.01385 0.11363 0.00181 ( 1)
  59 D   0.87075 0.01381 0.11364 0.00180 ( 1)
  60 R   0.86413 0.02043 0.11277 0.00267 ( 1)
  61 Y   0.86680 0.01776 0.11312 0.00232 ( 1)
  62 G   0.86223 0.02233 0.11253 0.00291 ( 1)
  63 L   0.85790 0.02666 0.11196 0.00348 ( 1)
  64 V   0.85180 0.03276 0.11117 0.00428 ( 1)
  65 P   0.86489 0.01967 0.11287 0.00257 ( 1)
  66 R   0.86598 0.01858 0.11302 0.00242 ( 1)
  67 S   0.86185 0.02271 0.11248 0.00296 ( 1)
  68 S   0.87037 0.01419 0.11359 0.00185 ( 1)
  69 P   0.86756 0.01700 0.11322 0.00222 ( 1)
  70 R   0.86598 0.01858 0.11302 0.00242 ( 1)
  71 Q   0.86002 0.02454 0.11224 0.00320 ( 1)
  72 A   0.85380 0.03076 0.11143 0.00401 ( 1)
  73 D   0.85547 0.02909 0.11164 0.00380 ( 1)
  74 L   0.86028 0.02428 0.11227 0.00317 ( 1)
  75 I   0.87139 0.01317 0.11372 0.00172 ( 1)
  76 L   0.86026 0.02430 0.11227 0.00317 ( 1)
  77 T   0.86792 0.01664 0.11327 0.00217 ( 1)
  78 A   0.85168 0.03287 0.11115 0.00429 ( 1)
  79 G   0.86253 0.02203 0.11256 0.00288 ( 1)
  80 T   0.86792 0.01664 0.11327 0.00217 ( 1)
  81 V   0.86590 0.01866 0.11301 0.00243 ( 1)
  82 T   0.86792 0.01664 0.11327 0.00217 ( 1)
  83 M   0.86760 0.01696 0.11323 0.00221 ( 1)
  84 K   0.86816 0.01640 0.11330 0.00214 ( 1)
  85 M   0.86760 0.01696 0.11323 0.00221 ( 1)
  86 A   0.86403 0.02053 0.11276 0.00268 ( 1)
  87 P   0.85009 0.03447 0.11094 0.00450 ( 1)
  88 S   0.86668 0.01788 0.11311 0.00233 ( 1)
  89 L   0.85289 0.03167 0.11131 0.00413 ( 1)
  90 V   0.85270 0.03186 0.11128 0.00416 ( 1)
  91 R   0.86598 0.01858 0.11302 0.00242 ( 1)
  92 L   0.86026 0.02430 0.11227 0.00317 ( 1)
  93 Y   0.86680 0.01776 0.11312 0.00232 ( 1)
  94 E   0.85532 0.02924 0.11162 0.00382 ( 1)
  95 Q   0.86002 0.02454 0.11224 0.00320 ( 1)
  96 M   0.86760 0.01696 0.11323 0.00221 ( 1)
  97 P   0.86653 0.01803 0.11309 0.00235 ( 1)
  98 E   0.86687 0.01769 0.11313 0.00231 ( 1)
  99 P   0.86489 0.01967 0.11287 0.00257 ( 1)
 100 K   0.86816 0.01640 0.11330 0.00214 ( 1)
 101 Y   0.86680 0.01776 0.11312 0.00232 ( 1)
 102 V   0.86990 0.01466 0.11353 0.00191 ( 1)
 103 I   0.87104 0.01352 0.11367 0.00176 ( 1)
 104 A   0.86975 0.01481 0.11351 0.00193 ( 1)
 105 M   0.86760 0.01696 0.11323 0.00221 ( 1)
 106 G   0.86253 0.02203 0.11256 0.00288 ( 1)
 107 A   0.86711 0.01745 0.11316 0.00228 ( 1)
 108 C   0.86610 0.01846 0.11303 0.00241 ( 1)
 109 T   0.86792 0.01664 0.11327 0.00217 ( 1)
 110 I   0.87139 0.01317 0.11372 0.00172 ( 1)
 111 S   0.86066 0.02390 0.11232 0.00312 ( 1)
 112 G   0.85030 0.03426 0.11097 0.00447 ( 1)
 113 G   0.85030 0.03426 0.11097 0.00447 ( 1)
 114 M   0.86760 0.01696 0.11323 0.00221 ( 1)
 115 F   0.85557 0.02899 0.11166 0.00378 ( 1)
 116 S   0.87037 0.01419 0.11359 0.00185 ( 1)
 117 T   0.68947 0.19509 0.08998 0.02546 ( 1)
 118 D   0.87075 0.01381 0.11364 0.00180 ( 1)
 119 S   0.86822 0.01634 0.11331 0.00213 ( 1)
 120 Y   0.86680 0.01776 0.11312 0.00232 ( 1)
 121 S   0.87037 0.01419 0.11359 0.00185 ( 1)
 122 T   0.87054 0.01402 0.11361 0.00183 ( 1)
 123 V   0.86990 0.01466 0.11353 0.00191 ( 1)
 124 R   0.84852 0.03604 0.11074 0.00470 ( 1)
 125 G   0.86253 0.02203 0.11256 0.00288 ( 1)
 126 V   0.85877 0.02579 0.11207 0.00337 ( 1)
 127 D   0.87075 0.01381 0.11364 0.00180 ( 1)
 128 K   0.85701 0.02755 0.11184 0.00360 ( 1)
 129 L   0.85991 0.02465 0.11222 0.00322 ( 1)
 130 I   0.87139 0.01317 0.11372 0.00172 ( 1)
 131 P   0.86756 0.01700 0.11322 0.00222 ( 1)
 132 V   0.86726 0.01730 0.11318 0.00226 ( 1)
 133 D   0.87075 0.01381 0.11364 0.00180 ( 1)
 134 V   0.85180 0.03276 0.11117 0.00428 ( 1)
 135 Y   0.86680 0.01776 0.11312 0.00232 ( 1)
 136 L   0.85439 0.03017 0.11150 0.00394 ( 1)
 137 P   0.86328 0.02128 0.11266 0.00278 ( 1)
 138 G   0.86578 0.01878 0.11299 0.00245 ( 1)
 139 C   0.86610 0.01846 0.11303 0.00241 ( 1)
 140 P   0.86476 0.01980 0.11286 0.00258 ( 1)
 141 P   0.86001 0.02455 0.11224 0.00320 ( 1)
 142 K   0.86816 0.01640 0.11330 0.00214 ( 1)
 143 P   0.85092 0.03364 0.11105 0.00439 ( 1)
 144 E   0.86687 0.01769 0.11313 0.00231 ( 1)
 145 A   0.86711 0.01745 0.11316 0.00228 ( 1)
 146 V   0.86990 0.01466 0.11353 0.00191 ( 1)
 147 I   0.87047 0.01409 0.11360 0.00184 ( 1)
 148 D   0.87075 0.01381 0.11364 0.00180 ( 1)
 149 A   0.86975 0.01481 0.11351 0.00193 ( 1)
 150 I   0.87047 0.01409 0.11360 0.00184 ( 1)
 151 T   0.86792 0.01664 0.11327 0.00217 ( 1)
 152 K   0.86731 0.01725 0.11319 0.00225 ( 1)
 153 L   0.86775 0.01681 0.11325 0.00219 ( 1)
 154 R   0.86413 0.02043 0.11277 0.00267 ( 1)
 155 K   0.85701 0.02755 0.11184 0.00360 ( 1)
 156 K   0.86816 0.01640 0.11330 0.00214 ( 1)
 157 I   0.87041 0.01415 0.11359 0.00185 ( 1)
 158 S   0.86822 0.01634 0.11331 0.00213 ( 1)
 159 R   0.85392 0.03064 0.11144 0.00400 ( 1)
 160 E   0.86687 0.01769 0.11313 0.00231 ( 1)
 161 I   0.85421 0.03035 0.11148 0.00396 ( 1)
 162 Y   0.86680 0.01776 0.11312 0.00232 ( 1)
 163 E   0.86687 0.01769 0.11313 0.00231 ( 1)
 164 D   0.69472 0.18984 0.09066 0.02478 ( 1)
 165 R   0.86598 0.01858 0.11302 0.00242 ( 1)
 166 I   0.87098 0.01358 0.11367 0.00177 ( 1)
 167 K   0.85701 0.02755 0.11184 0.00360 ( 1)
 168 S   0.86822 0.01634 0.11331 0.00213 ( 1)
 169 Q   0.86002 0.02454 0.11224 0.00320 ( 1)
 170 R   0.06954 0.81502 0.00908 0.10637 ( 2)
 171 E   0.85532 0.02924 0.11162 0.00382 ( 1)
 172 N   0.87175 0.01281 0.11377 0.00167 ( 1)
 173 R   0.84724 0.03732 0.11057 0.00487 ( 1)
 174 C   0.86610 0.01846 0.11303 0.00241 ( 1)
 175 F   0.87071 0.01385 0.11363 0.00181 ( 1)
 176 T   0.86780 0.01676 0.11325 0.00219 ( 1)
 177 T   0.85536 0.02920 0.11163 0.00381 ( 1)
 178 N   0.87175 0.01281 0.11377 0.00167 ( 1)
 179 H   0.85380 0.03076 0.11143 0.00401 ( 1)
 180 K   0.86799 0.01657 0.11328 0.00216 ( 1)
 181 F   0.66713 0.21743 0.08706 0.02838 ( 1)
 182 K   0.56258 0.32198 0.07342 0.04202 ( 1)
 183 V   0.86938 0.01518 0.11346 0.00198 ( 1)
 184 G   0.51879 0.36577 0.06771 0.04774 ( 1)
 185 R   0.86413 0.02043 0.11277 0.00267 ( 1)
 186 S   0.87037 0.01419 0.11359 0.00185 ( 1)
 187 I   0.87139 0.01317 0.11372 0.00172 ( 1)
 188 H   0.86849 0.01607 0.11334 0.00210 ( 1)
 189 T   0.87002 0.01454 0.11354 0.00190 ( 1)
 190 G   0.61584 0.26872 0.08037 0.03507 ( 1)
 191 N   0.87175 0.01281 0.11377 0.00167 ( 1)
 192 Y   0.85756 0.02700 0.11192 0.00352 ( 1)
 193 D   0.87075 0.01381 0.11364 0.00180 ( 1)
 194 R   0.84724 0.03732 0.11057 0.00487 ( 1)
 195 E   0.53378 0.35078 0.06966 0.04578 ( 1)
 196 F   0.85557 0.02899 0.11166 0.00378 ( 1)
 197 L   0.86775 0.01681 0.11325 0.00219 ( 1)
 198 Y   0.86680 0.01776 0.11312 0.00232 ( 1)
 199 Q   0.86002 0.02454 0.11224 0.00320 ( 1)
 200 P   0.85092 0.03364 0.11105 0.00439 ( 1)
 201 P   0.10705 0.77751 0.01397 0.10147 ( 2)
 202 S   0.64803 0.23653 0.08457 0.03087 ( 1)
 203 T   0.87054 0.01402 0.11361 0.00183 ( 1)
 204 S   0.86131 0.02325 0.11241 0.00303 ( 1)
 205 E   0.85532 0.02924 0.11162 0.00382 ( 1)
 206 I   0.85421 0.03035 0.11148 0.00396 ( 1)
 207 P   0.86704 0.01752 0.11315 0.00229 ( 1)
 208 P   0.51747 0.36709 0.06753 0.04791 ( 1)
 209 E   0.86687 0.01769 0.11313 0.00231 ( 1)
 210 T   0.65964 0.22492 0.08609 0.02935 ( 1)
 211 F   0.87071 0.01385 0.11363 0.00181 ( 1)
 212 F   0.85557 0.02899 0.11166 0.00378 ( 1)
 213 K   0.86816 0.01640 0.11330 0.00214 ( 1)
 214 Y   0.84960 0.03496 0.11088 0.00456 ( 1)
 215 K   0.86816 0.01640 0.11330 0.00214 ( 1)
 216 S   0.87037 0.01419 0.11359 0.00185 ( 1)
 217 S   0.86185 0.02271 0.11248 0.00296 ( 1)
 218 V   0.53715 0.34740 0.07010 0.04534 ( 1)
 219 S   0.86822 0.01634 0.11331 0.00213 ( 1)
 220 S   0.85057 0.03399 0.11100 0.00444 ( 1)
 221 H   0.85477 0.02979 0.11155 0.00389 ( 1)
 222 E   0.86687 0.01769 0.11313 0.00231 ( 1)
 223 L   0.60745 0.27710 0.07928 0.03616 ( 1)
 224 V   0.54022 0.34434 0.07050 0.04494 ( 1)
 225 N   0.87175 0.01281 0.11377 0.00167 ( 1)


lnL = -1387.150717

