

TREE # 1

  0  0.0000   1494.747772  x:  0.00000   0.01414   0.03894   0.01686   0.04463   0.04372   0.02067   0.02658   0.04355   0.01267   0.03276   0.01637   0.01681   0.01336   0.01254   0.04170   0.04147   0.02188   0.04208   0.03585   0.04287   0.03723   0.01386   0.02216   0.00381   0.05724   0.04788   0.04088   0.08211   0.05654   2.00000   1.09989   0.02896   0.27919  
  1 99.0000   1494.733408  x:  0.00000   0.01413   0.03894   0.01686   0.04463   0.04371   0.02066   0.02657   0.04354   0.01267   0.03275   0.01637   0.01681   0.01336   0.01254   0.04169   0.04147   0.02188   0.04208   0.03585   0.04287   0.03723   0.01386   0.02216   0.00380   0.05724   0.04787   0.04088   0.08211   0.05654   2.00000   1.09989   0.02896   0.27919  
  2 773.8881   1484.287121  x:  0.00000   0.01429   0.03594   0.01659   0.04080   0.03988   0.01672   0.02270   0.03968   0.00878   0.02889   0.01249   0.01537   0.01270   0.00868   0.03856   0.03899   0.02091   0.04070   0.03530   0.03907   0.03705   0.01337   0.02188   0.00000   0.05580   0.04727   0.04063   0.08134   0.05685   2.00009   1.10008   0.02877   0.27820  
  3 8674.9140   1461.173115  x:  0.00000   0.01840   0.02782   0.01669   0.03216   0.03132   0.00767   0.01399   0.03098   0.00004   0.02017   0.00375   0.00935   0.01077   0.00000   0.03021   0.03143   0.01723   0.03623   0.03403   0.03047   0.03685   0.01329   0.02197   0.00000   0.05129   0.04532   0.04130   0.07933   0.05626   2.00030   1.10027   0.02860   0.27116  
  4 12876.2223   1461.088912  x:  0.00000   0.01841   0.02779   0.01669   0.03213   0.03129   0.00763   0.01396   0.03095   0.00000   0.02013   0.00371   0.00936   0.01078   0.00000   0.03018   0.03140   0.01723   0.03621   0.03402   0.03043   0.03685   0.01328   0.02197   0.00000   0.05127   0.04532   0.04130   0.07932   0.05626   2.00030   1.10027   0.02860   0.27110  
  5 3083.8759   1453.763382  x:  0.00000   0.01694   0.02557   0.01693   0.02852   0.02772   0.00358   0.01026   0.02726   0.00000   0.01644   0.00000   0.00810   0.01161   0.00000   0.02768   0.03045   0.01897   0.03606   0.03380   0.02684   0.03691   0.01339   0.02177   0.00000   0.05091   0.04537   0.04087   0.07888   0.05578   2.00038   1.10016   0.02873   0.26330  
  6 2827.6750   1448.614936  x:  0.00000   0.01693   0.02472   0.01655   0.02540   0.02460   0.00000   0.00707   0.02408   0.00000   0.01325   0.00000   0.00822   0.01107   0.00000   0.02652   0.03076   0.01881   0.03659   0.03400   0.02374   0.03681   0.01389   0.02186   0.00000   0.05122   0.04557   0.04066   0.07875   0.05564   2.00044   1.10014   0.02878   0.25708  
  7 4828.9897   1439.287156  x:  0.00000   0.01754   0.02440   0.01672   0.01850   0.01759   0.00000   0.00000   0.01708   0.00000   0.00622   0.00000   0.00797   0.01235   0.00000   0.02569   0.03138   0.01770   0.03699   0.03422   0.01695   0.03654   0.01295   0.02184   0.00000   0.05147   0.04545   0.04113   0.07875   0.05620   2.00056   1.10025   0.02869   0.24429  
  8 9532.3587   1432.471919  x:  0.00000   0.01794   0.02521   0.01708   0.01236   0.01126   0.00000   0.00000   0.01089   0.00000   0.00000   0.00000   0.00788   0.01160   0.00000   0.02642   0.03106   0.01826   0.03604   0.03380   0.01097   0.03691   0.01254   0.02171   0.00000   0.05089   0.04492   0.04159   0.07887   0.05606   2.00066   1.10058   0.02837   0.23398  
  9 7857.7344   1422.729274  x:  0.00000   0.01715   0.02637   0.01548   0.00158   0.00000   0.00000   0.00000   0.00017   0.00000   0.00000   0.00000   0.00772   0.01271   0.00000   0.02849   0.02850   0.01705   0.03386   0.03308   0.00074   0.03695   0.01516   0.02168   0.00000   0.04936   0.04484   0.04039   0.07877   0.05600   2.00076   1.10184   0.02713   0.21836  
 10 4932.2647   1422.611350  x:  0.00000   0.01715   0.02636   0.01550   0.00141   0.00000   0.00000   0.00000   0.00000   0.00000   0.00000   0.00000   0.00772   0.01270   0.00000   0.02850   0.02846   0.01704   0.03387   0.03309   0.00059   0.03692   0.01515   0.02168   0.00000   0.04934   0.04485   0.04037   0.07876   0.05600   2.00076   1.10187   0.02710   0.21819  
 11 2369.9805   1422.297405  x:  0.00000   0.01719   0.02629   0.01543   0.00076   0.00000   0.00000   0.00000   0.00000   0.00000   0.00000   0.00000   0.00771   0.01269   0.00000   0.02849   0.02837   0.01706   0.03389   0.03309   0.00000   0.03693   0.01512   0.02167   0.00000   0.04931   0.04485   0.04039   0.07872   0.05600   2.00076   1.10201   0.02696   0.21762  
 12 5672.4378   1422.064675  x:  0.00000   0.01717   0.02621   0.01547   0.00000   0.00000   0.00000   0.00000   0.00000   0.00000   0.00000   0.00000   0.00770   0.01267   0.00000   0.02843   0.02836   0.01702   0.03385   0.03306   0.00000   0.03697   0.01515   0.02168   0.00000   0.04928   0.04481   0.04040   0.07870   0.05601   2.00076   1.10217   0.02680   0.21702  
 13 5319.6788   1416.266980  x:  0.00000   0.02202   0.02649   0.01508   0.00000   0.00000   0.00000   0.00000   0.00000   0.00000   0.00000   0.00000   0.00669   0.01120   0.00000   0.01004   0.03458   0.02045   0.01135   0.03456   0.00000   0.01939   0.01608   0.02107   0.00000   0.04758   0.04524   0.03529   0.08753   0.05798   2.00129   1.12441   0.00464   0.15267  
 14 476.2278   1415.049322  x:  0.00000   0.02453   0.03119   0.01587   0.00000   0.00000   0.00000   0.00000   0.00000   0.00000   0.00000   0.00000   0.00672   0.01135   0.00000   0.00318   0.03217   0.02159   0.01317   0.03439   0.00000   0.02108   0.01649   0.02028   0.00000   0.04343   0.04682   0.03148   0.09647   0.06036   2.00183   1.13332  -0.00426   0.13665  
 15 164.7913   1409.922472  x:  0.00000   0.03648   0.01218   0.01985   0.00000   0.00000   0.00000   0.00000   0.00000   0.00000   0.00000   0.00000   0.00714   0.01219   0.00000   0.00883   0.03075   0.02808   0.01358   0.03341   0.00000   0.02496   0.01843   0.01919   0.00000   0.02862   0.05578   0.01514   0.15195   0.07216   2.00632   1.19331  -0.06395   0.04122  
 16 246.3027   1408.207097  x:  0.00867   0.03743   0.00774   0.02012   0.00000   0.00000   0.00000   0.00000   0.00000   0.00000   0.00000   0.00000   0.00711   0.01209   0.00000   0.00971   0.02794   0.02946   0.01370   0.03345   0.00000   0.02509   0.01988   0.02006   0.00000   0.02641   0.05897   0.01625   0.17002   0.07530   2.00794   1.21476  -0.08530   0.00825  
 17 994.6565   1407.636517  x:  0.00815   0.03672   0.00855   0.01934   0.00000   0.00000   0.00000   0.00000   0.00000   0.00000   0.00000   0.00000   0.00698   0.01184   0.00000   0.00941   0.02545   0.02822   0.01309   0.03252   0.00000   0.02579   0.01778   0.02103   0.00000   0.03094   0.05697   0.01432   0.17214   0.07268   2.00876   1.22155  -0.09206   0.00000  
 18 122.3579   1407.139486  x:  0.00893   0.03363   0.01061   0.01748   0.00000   0.00000   0.00000   0.00000   0.00000   0.00000   0.00000   0.00000   0.00663   0.01109   0.00000   0.00927   0.02666   0.02446   0.01589   0.03025   0.00000   0.02226   0.01490   0.01674   0.00000   0.02815   0.04993   0.01185   0.16967   0.06479   2.01114   1.23209  -0.10257   0.00000  
 19 63.6410   1406.525077  x:  0.01180   0.03137   0.01311   0.01417   0.00000   0.00000   0.00000   0.00000   0.00000   0.00000   0.00000   0.00000   0.00640   0.01081   0.00000   0.00879   0.02984   0.02283   0.01438   0.03760   0.00000   0.02537   0.01060   0.02058   0.00000   0.02199   0.04683   0.00708   0.15793   0.06144   2.01587   1.24622  -0.11672   0.00000  
 20 56.1065   1404.924993  x:  0.01665   0.03492   0.01586   0.01535   0.00000   0.00000   0.00000   0.00000   0.00000   0.00000   0.00000   0.00000   0.00643   0.01093   0.00000   0.00885   0.02962   0.02513   0.01434   0.04041   0.00000   0.02561   0.01153   0.01612   0.00000   0.02185   0.04412   0.00000   0.13401   0.06733   2.02528   1.27008  -0.14072   0.00000  
 21 104.9571   1404.924993  x:  0.01665   0.03492   0.01586   0.01535   0.00000   0.00000   0.00000   0.00000   0.00000   0.00000   0.00000   0.00000   0.00643   0.01093   0.00000   0.00885   0.02962   0.02513   0.01434   0.04041   0.00000   0.02561   0.01153   0.01612   0.00000   0.02185   0.04412   0.00000   0.13401   0.06733   2.02528   1.27008  -0.14072   0.00000  
 22 166.3593   1397.404136  x:  0.02873   0.02520   0.00559   0.01216   0.00000   0.00000   0.00000   0.00000   0.00000   0.00000   0.00000   0.00000   0.00370   0.00275   0.00000   0.00248   0.01954   0.01604   0.02060   0.03470   0.00000   0.03187   0.00407   0.01730   0.00000   0.02850   0.04243   0.01209   0.12716   0.07676   2.02557   1.27034  -0.14098   0.00000  
 23 401.3183   1395.517204  x:  0.03121   0.01920   0.00192   0.01079   0.00000   0.00000   0.00000   0.00000   0.00000   0.00000   0.00000   0.00000   0.00547   0.00585   0.00000   0.00738   0.01380   0.01130   0.02256   0.03160   0.00000   0.03448   0.00436   0.01755   0.00000   0.03099   0.04142   0.01456   0.12259   0.08170   2.02577   1.27054  -0.14118   0.00000  
 24 474.2942   1394.369038  x:  0.03186   0.01303   0.00657   0.01006   0.00000   0.00000   0.00000   0.00000   0.00000   0.00000   0.00000   0.00000   0.00612   0.00659   0.00000   0.00821   0.00863   0.00770   0.02379   0.02869   0.00000   0.03653   0.00608   0.01756   0.00000   0.03281   0.04039   0.01522   0.11732   0.08658   2.02600   1.27078  -0.14142   0.00000  
 25 448.9086   1393.218373  x:  0.02859   0.00544   0.00495   0.01014   0.00000   0.00000   0.00000   0.00000   0.00000   0.00000   0.00000   0.00000   0.00545   0.00606   0.00000   0.00619   0.00745   0.00969   0.02346   0.02546   0.00000   0.03778   0.00817   0.01697   0.00000   0.03360   0.03892   0.01195   0.10792   0.09328   2.02643   1.27124  -0.14188   0.00000  
 26 212.4061   1391.605193  x:  0.02352   0.00952   0.00420   0.00923   0.00000   0.00000   0.00000   0.00000   0.00000   0.00000   0.00000   0.00000   0.00579   0.00489   0.00000   0.00507   0.01034   0.00695   0.02334   0.01972   0.00000   0.03974   0.00805   0.01580   0.00000   0.03547   0.03535   0.00688   0.08167   0.11052   2.02769   1.27266  -0.14330   0.00000  
 27 205.1000   1391.119442  x:  0.02376   0.01052   0.00527   0.01058   0.00000   0.00000   0.00000   0.00000   0.00000   0.00000   0.00000   0.00000   0.00507   0.00579   0.00000   0.00621   0.00952   0.01019   0.02280   0.02106   0.00000   0.03973   0.00511   0.01585   0.00000   0.03534   0.03480   0.00712   0.07130   0.11618   2.02830   1.27339  -0.14403   0.00000  
 28 211.9313   1390.925258  x:  0.02483   0.01046   0.00486   0.01138   0.00000   0.00000   0.00000   0.00000   0.00000   0.00000   0.00000   0.00000   0.00597   0.00554   0.00000   0.00571   0.00921   0.00979   0.02151   0.02469   0.00000   0.03855   0.00691   0.01621   0.00000   0.03384   0.03563   0.00819   0.06551   0.11793   2.02887   1.27411  -0.14474   0.00000  
 29 90.0004   1390.881255  x:  0.02494   0.00976   0.00493   0.01068   0.00000   0.00000   0.00000   0.00000   0.00000   0.00000   0.00000   0.00000   0.00516   0.00567   0.00000   0.00593   0.00977   0.00893   0.02114   0.02538   0.00000   0.03767   0.00644   0.01626   0.00000   0.03290   0.03626   0.00830   0.06393   0.11780   2.02922   1.27456  -0.14520   0.00000  
 30 44.1490   1390.863606  x:  0.02497   0.00961   0.00495   0.00997   0.00000   0.00000   0.00000   0.00000   0.00000   0.00000   0.00000   0.00000   0.00576   0.00551   0.00000   0.00587   0.00955   0.00897   0.02134   0.02507   0.00000   0.03690   0.00608   0.01624   0.00000   0.03223   0.03675   0.00833   0.06305   0.11726   2.02967   1.27514  -0.14578   0.00000  
 31 25.0660   1390.847827  x:  0.02514   0.00983   0.00485   0.00989   0.00000   0.00000   0.00000   0.00000   0.00000   0.00000   0.00000   0.00000   0.00534   0.00558   0.00000   0.00584   0.00911   0.00911   0.02192   0.02433   0.00000   0.03616   0.00645   0.01626   0.00000   0.03170   0.03718   0.00850   0.06212   0.11642   2.03041   1.27612  -0.14676   0.00000  
 32 25.7117   1390.832931  x:  0.02535   0.00957   0.00490   0.01072   0.00000   0.00000   0.00000   0.00000   0.00000   0.00000   0.00000   0.00000   0.00555   0.00557   0.00000   0.00591   0.00954   0.00896   0.02240   0.02371   0.00000   0.03582   0.00639   0.01632   0.00000   0.03171   0.03724   0.00871   0.06123   0.11533   2.03160   1.27770  -0.14834   0.00000  
 33 23.4207   1390.751229  x:  0.02531   0.00944   0.00481   0.01016   0.00000   0.00000   0.00000   0.00000   0.00000   0.00000   0.00000   0.00000   0.00547   0.00562   0.00000   0.00573   0.00918   0.00877   0.02162   0.02353   0.00000   0.03702   0.00630   0.01596   0.00000   0.03427   0.03541   0.00867   0.05748   0.10955   2.04029   1.28917  -0.15981   0.00000  
 34 30.8401   1390.666944  x:  0.02512   0.00941   0.00478   0.01022   0.00000   0.00000   0.00000   0.00000   0.00000   0.00000   0.00000   0.00000   0.00527   0.00410   0.00000   0.00685   0.00895   0.00878   0.02159   0.02348   0.00000   0.03826   0.00638   0.01605   0.00000   0.03318   0.03518   0.00847   0.05708   0.10913   2.05036   1.30238  -0.17302   0.00000  
 35 49.2100   1390.243624  x:  0.02493   0.00948   0.00459   0.01020   0.00000   0.00000   0.00000   0.00000   0.00000   0.00000   0.00000   0.00000   0.00535   0.00544   0.00000   0.00553   0.00870   0.00833   0.02198   0.02296   0.00000   0.04384   0.00572   0.01641   0.00000   0.02707   0.03472   0.00829   0.05641   0.10951   2.10391   1.37254  -0.24318   0.00000  
 36 609.5804   1389.881606  x:  0.02580   0.00898   0.00493   0.00878   0.00000   0.00000   0.00000   0.00000   0.00000   0.00000   0.00000   0.00000   0.00531   0.00547   0.00000   0.00590   0.01014   0.00931   0.02178   0.02276   0.00000   0.03883   0.00678   0.01467   0.00000   0.03090   0.03626   0.00916   0.05758   0.11349   2.15123   1.43384  -0.30447   0.00000  
 37 325.6311   1389.778064  x:  0.02490   0.00909   0.00454   0.00986   0.00000   0.00000   0.00000   0.00000   0.00000   0.00000   0.00000   0.00000   0.00523   0.00530   0.00000   0.00556   0.00866   0.00836   0.02122   0.02305   0.00000   0.03608   0.00591   0.01506   0.00000   0.03202   0.03622   0.00826   0.05814   0.11456   2.16456   1.45081  -0.32145   0.00000  
 38 374.4589   1389.769403  x:  0.02502   0.00903   0.00457   0.00968   0.00000   0.00000   0.00000   0.00000   0.00000   0.00000   0.00000   0.00000   0.00523   0.00530   0.00000   0.00558   0.00876   0.00842   0.02118   0.02298   0.00000   0.03548   0.00599   0.01589   0.00000   0.03188   0.03519   0.00838   0.05824   0.11472   2.16603   1.45215  -0.32279   0.00000  
 39 21.7260   1389.290922  x:  0.02520   0.00895   0.00456   0.00963   0.00000   0.00000   0.00000   0.00000   0.00000   0.00000   0.00000   0.00000   0.00522   0.00529   0.00000   0.00561   0.00876   0.00839   0.02127   0.02301   0.00000   0.03466   0.00603   0.01550   0.00000   0.03138   0.03350   0.00856   0.05839   0.11486   2.16837   1.45330  -0.32394   0.01762  
 40 62.3423   1389.279631  x:  0.02498   0.00899   0.00458   0.00953   0.00000   0.00000   0.00000   0.00000   0.00000   0.00000   0.00000   0.00000   0.00522   0.00531   0.00000   0.00559   0.00883   0.00845   0.02156   0.02317   0.00000   0.03523   0.00603   0.01641   0.00000   0.03190   0.03473   0.00833   0.05828   0.11477   2.16808   1.45270  -0.32334   0.01811  
 41 16.1171   1389.264727  x:  0.02465   0.00889   0.00456   0.00932   0.00000   0.00000   0.00000   0.00000   0.00000   0.00000   0.00000   0.00000   0.00521   0.00530   0.00000   0.00557   0.00889   0.00841   0.02318   0.02409   0.00000   0.03508   0.00602   0.01627   0.00000   0.03197   0.03424   0.00801   0.05830   0.11470   2.17958   1.45246  -0.32310   0.01803  
 42  2.9219   1388.466198  x:  0.02448   0.00926   0.00455   0.00981   0.00000   0.00000   0.00000   0.00000   0.00000   0.00000   0.00000   0.00000   0.00516   0.00523   0.00000   0.00533   0.00927   0.00902   0.02046   0.02357   0.00000   0.03434   0.00609   0.01611   0.00000   0.03111   0.03573   0.00786   0.06073   0.11031   2.88034   1.42426  -0.29491   0.01463  
 43 81.9046   1387.823482  x:  0.02232   0.00964   0.00443   0.01001   0.00000   0.00000   0.00000   0.00000   0.00000   0.00000   0.00000   0.00000   0.00464   0.00460   0.00000   0.00422   0.01018   0.01028   0.01998   0.02567   0.00000   0.03134   0.00573   0.01576   0.00000   0.02770   0.03547   0.00577   0.06397   0.09236   2.78140   1.59201  -0.46266   0.03240  
 44  0.1711   1387.372799  x:  0.02326   0.01057   0.00525   0.01031   0.00000   0.00000   0.00000   0.00000   0.00000   0.00000   0.00000   0.00000   0.00483   0.00463   0.00000   0.00540   0.01015   0.01044   0.02005   0.02644   0.00000   0.03332   0.00549   0.01565   0.00000   0.02751   0.03487   0.00674   0.06199   0.10131   2.74016   1.78399  -0.65464   0.05459  
 45  0.1623   1387.216271  x:  0.02290   0.00950   0.00467   0.00956   0.00000   0.00000   0.00000   0.00000   0.00000   0.00000   0.00000   0.00000   0.00486   0.00493   0.00000   0.00436   0.00944   0.00949   0.01946   0.02395   0.00000   0.03226   0.00581   0.01498   0.00000   0.02933   0.03451   0.00636   0.05947   0.10042   2.80857   1.87729  -0.74791   0.05732  
 46  0.0923   1387.169397  x:  0.02336   0.00936   0.00464   0.00976   0.00000   0.00000   0.00000   0.00000   0.00000   0.00000   0.00000   0.00000   0.00476   0.00476   0.00000   0.00504   0.00939   0.00925   0.02000   0.02400   0.00000   0.03264   0.00574   0.01509   0.00000   0.02867   0.03464   0.00681   0.06099   0.09783   2.82721   1.92699  -0.79759   0.05695  
 47  0.0527   1387.152868  x:  0.02285   0.00953   0.00458   0.00993   0.00000   0.00000   0.00000   0.00000   0.00000   0.00000   0.00000   0.00000   0.00482   0.00473   0.00000   0.00484   0.00964   0.00961   0.01974   0.02446   0.00000   0.03251   0.00572   0.01519   0.00000   0.02809   0.03461   0.00629   0.06082   0.09927   2.80996   1.96350  -0.83408   0.05759  
 48  0.0482   1387.150852  x:  0.02302   0.00961   0.00462   0.00982   0.00000   0.00000   0.00000   0.00000   0.00000   0.00000   0.00000   0.00000   0.00482   0.00481   0.00000   0.00476   0.00959   0.00960   0.01973   0.02450   0.00000   0.03245   0.00569   0.01520   0.00000   0.02842   0.03460   0.00644   0.06068   0.09895   2.79442   1.97675  -0.84731   0.05817  
 49  0.0230   1387.150724  x:  0.02300   0.00958   0.00463   0.00980   0.00000   0.00000   0.00000   0.00000   0.00000   0.00000   0.00000   0.00000   0.00480   0.00479   0.00000   0.00478   0.00958   0.00959   0.01973   0.02443   0.00000   0.03245   0.00570   0.01517   0.00000   0.02841   0.03459   0.00640   0.06060   0.09894   2.79068   1.97887  -0.84942   0.05813  
 50  0.0048   1387.150718  x:  0.02301   0.00958   0.00463   0.00980   0.00000   0.00000   0.00000   0.00000   0.00000   0.00000   0.00000   0.00000   0.00481   0.00478   0.00000   0.00478   0.00958   0.00958   0.01973   0.02443   0.00000   0.03246   0.00570   0.01517   0.00000   0.02840   0.03458   0.00640   0.06062   0.09894   2.78978   1.97900  -0.84955   0.05814  
 51  0.0010   1387.150717  x:  0.02302   0.00958   0.00464   0.00980   0.00000   0.00000   0.00000   0.00000   0.00000   0.00000   0.00000   0.00000   0.00480   0.00478   0.00000   0.00478   0.00958   0.00958   0.01973   0.02443   0.00000   0.03246   0.00570   0.01517   0.00000   0.02840   0.03459   0.00639   0.06062   0.09895   2.78962   1.97892  -0.84945   0.05813  
 52  0.0002   1387.150717  x:  0.02303   0.00958   0.00464   0.00980   0.00000   0.00000   0.00000   0.00000   0.00000   0.00000   0.00000   0.00000   0.00480   0.00478   0.00000   0.00478   0.00958   0.00958   0.01973   0.02443   0.00000   0.03246   0.00570   0.01517   0.00000   0.02840   0.03459   0.00638   0.06062   0.09895   2.78963   1.97888  -0.84940   0.05813  
 53  0.0001   1387.150717  x:  0.02303   0.00958   0.00464   0.00980   0.00000   0.00000   0.00000   0.00000   0.00000   0.00000   0.00000   0.00000   0.00480   0.00478   0.00000   0.00478   0.00958   0.00958   0.01973   0.02443   0.00000   0.03246   0.00570   0.01517   0.00000   0.02840   0.03459   0.00638   0.06062   0.09895   2.78964   1.97889  -0.84940   0.05813  
 54  0.0000   1387.150717  x:  0.02304   0.00958   0.00464   0.00980   0.00000   0.00000   0.00000   0.00000   0.00000   0.00000   0.00000   0.00000   0.00480   0.00478   0.00000   0.00478   0.00958   0.00958   0.01973   0.02443   0.00000   0.03246   0.00570   0.01517   0.00000   0.02840   0.03459   0.00637   0.06062   0.09895   2.78964   1.97890  -0.84940   0.05813  
 55  0.0000   1387.150717  x:  0.02304   0.00958   0.00464   0.00980   0.00000   0.00000   0.00000   0.00000   0.00000   0.00000   0.00000   0.00000   0.00480   0.00478   0.00000   0.00478   0.00958   0.00958   0.01973   0.02443   0.00000   0.03246   0.00570   0.01517   0.00000   0.02840   0.03459   0.00637   0.06062   0.09895   2.78964   1.97890  -0.84940   0.05813  
 56  0.0000   1387.150717  x:  0.02304   0.00958   0.00464   0.00980   0.00000   0.00000   0.00000   0.00000   0.00000   0.00000   0.00000   0.00000   0.00480   0.00478   0.00000   0.00478   0.00958   0.00958   0.01973   0.02443   0.00000   0.03246   0.00570   0.01517   0.00000   0.02840   0.03459   0.00637   0.06062   0.09895   2.78964   1.97890  -0.84940   0.05813  
check convergence!
