Supplemental results for CODEML (seqf: /Users/YY/Desktop/get/branch_site/modify/modify_trim_muscle_rps11.fa  treef: /Users/YY/Desktop/get/branch_site/16gene_topu.tree)


dN/dS (w) for site classes (K=4)

site class             0        1       2a       2b
proportion       0.80288  0.06606  0.12110  0.00996
background w     0.01873  1.00000  0.01873  1.00000
foreground w     0.01873  1.00000  1.00000  1.00000

Naive Empirical Bayes (NEB) probabilities for 4 classes
(amino acids refer to 1st sequence: NC_015821)

   1 M   0.84404 0.02490 0.12730 0.00376 ( 1)
   2 A   0.84290 0.02604 0.12713 0.00393 ( 1)
   3 K   0.84299 0.02595 0.12714 0.00391 ( 1)
   4 T   0.00000 0.86894 0.00000 0.13106 ( 2)
   5 I   0.84703 0.02192 0.12775 0.00331 ( 1)
   6 P   0.21329 0.65565 0.03217 0.09889 ( 2)
   7 R   0.84324 0.02570 0.12718 0.00388 ( 1)
   8 I   0.35113 0.51781 0.05296 0.07810 ( 2)
   9 G   0.84347 0.02547 0.12722 0.00384 ( 1)
  10 S   0.82961 0.03933 0.12513 0.00593 ( 1)
  11 R   0.83459 0.03435 0.12588 0.00518 ( 1)
  12 K   0.83071 0.03823 0.12529 0.00577 ( 1)
  13 N   0.84564 0.02330 0.12754 0.00352 ( 1)
  14 T   0.84303 0.02591 0.12715 0.00391 ( 1)
  15 R   0.81848 0.05046 0.12345 0.00761 ( 1)
  16 R   0.84324 0.02570 0.12718 0.00388 ( 1)
  17 I   0.84703 0.02192 0.12775 0.00331 ( 1)
  18 P   0.83384 0.03510 0.12577 0.00529 ( 1)
  19 K   0.83071 0.03823 0.12529 0.00577 ( 1)
  20 G   0.82758 0.04136 0.12482 0.00624 ( 1)
  21 V   0.84475 0.02419 0.12741 0.00365 ( 1)
  22 I   0.84637 0.02257 0.12765 0.00340 ( 1)
  23 H   0.83512 0.03382 0.12596 0.00510 ( 1)
  24 V   0.84475 0.02419 0.12741 0.00365 ( 1)
  25 Q   0.83094 0.03800 0.12533 0.00573 ( 1)
  26 A   0.84290 0.02604 0.12713 0.00393 ( 1)
  27 S   0.84803 0.02092 0.12790 0.00315 ( 1)
  28 F   0.81569 0.05325 0.12303 0.00803 ( 1)
  29 N   0.34478 0.52416 0.05200 0.07906 ( 2)
  30 N   0.84564 0.02330 0.12754 0.00352 ( 1)
  31 T   0.84501 0.02393 0.12745 0.00361 ( 1)
  32 I   0.84637 0.02257 0.12765 0.00340 ( 1)
  33 V   0.82861 0.04033 0.12498 0.00608 ( 1)
  34 T   0.84501 0.02393 0.12745 0.00361 ( 1)
  35 V   0.84475 0.02419 0.12741 0.00365 ( 1)
  36 T   0.84213 0.02681 0.12702 0.00404 ( 1)
  37 D   0.84529 0.02365 0.12749 0.00357 ( 1)
  38 V   0.84278 0.02616 0.12711 0.00395 ( 1)
  39 R   0.81783 0.05111 0.12335 0.00771 ( 1)
  40 G   0.84347 0.02547 0.12722 0.00384 ( 1)
  41 R   0.82376 0.04518 0.12425 0.00681 ( 1)
  42 V   0.82942 0.03952 0.12510 0.00596 ( 1)
  43 V   0.84475 0.02419 0.12741 0.00365 ( 1)
  44 S   0.83363 0.03531 0.12573 0.00533 ( 1)
  45 W   0.82099 0.04795 0.12383 0.00723 ( 1)
  46 S   0.81320 0.05574 0.12265 0.00841 ( 1)
  47 S   0.83196 0.03698 0.12548 0.00558 ( 1)
  48 A   0.82099 0.04795 0.12383 0.00723 ( 1)
  49 G   0.84347 0.02547 0.12722 0.00384 ( 1)
  50 T   0.33681 0.53213 0.05080 0.08026 ( 2)
  51 C   0.83410 0.03484 0.12581 0.00525 ( 1)
  52 G   0.84048 0.02846 0.12677 0.00429 ( 1)
  53 F   0.81569 0.05325 0.12303 0.00803 ( 1)
  54 K   0.83071 0.03823 0.12529 0.00577 ( 1)
  55 G   0.84347 0.02547 0.12722 0.00384 ( 1)
  56 T   0.84303 0.02591 0.12715 0.00391 ( 1)
  57 R   0.84238 0.02656 0.12705 0.00401 ( 1)
  58 R   0.83620 0.03274 0.12612 0.00494 ( 1)
  59 G   0.83039 0.03855 0.12525 0.00581 ( 1)
  60 T   0.83096 0.03798 0.12533 0.00573 ( 1)
  61 P   0.81411 0.05483 0.12279 0.00827 ( 1)
  62 F   0.83484 0.03410 0.12592 0.00514 ( 1)
  63 A   0.84488 0.02406 0.12743 0.00363 ( 1)
  64 A   0.84488 0.02406 0.12743 0.00363 ( 1)
  65 Q   0.83094 0.03800 0.12533 0.00573 ( 1)
  66 T   0.81881 0.05013 0.12350 0.00756 ( 1)
  67 A   0.84290 0.02604 0.12713 0.00393 ( 1)
  68 A   0.84290 0.02604 0.12713 0.00393 ( 1)
  69 G   0.30840 0.56054 0.04652 0.08454 ( 2)
  70 N   0.83135 0.03759 0.12539 0.00567 ( 1)
  71 A   0.84488 0.02406 0.12743 0.00363 ( 1)
  72 I   0.84637 0.02257 0.12765 0.00340 ( 1)
  73 R   0.83459 0.03435 0.12588 0.00518 ( 1)
  74 T   0.84303 0.02591 0.12715 0.00391 ( 1)
  75 V   0.84278 0.02616 0.12711 0.00395 ( 1)
  76 V   0.82861 0.04033 0.12498 0.00608 ( 1)
  77 D   0.84529 0.02365 0.12749 0.00357 ( 1)
  78 Q   0.83094 0.03800 0.12533 0.00573 ( 1)
  79 G   0.84347 0.02547 0.12722 0.00384 ( 1)
  80 M   0.84404 0.02490 0.12730 0.00376 ( 1)
  81 Q   0.83094 0.03800 0.12533 0.00573 ( 1)
  82 R   0.82376 0.04518 0.12425 0.00681 ( 1)
  83 A   0.84006 0.02888 0.12670 0.00436 ( 1)
  84 E   0.84263 0.02631 0.12709 0.00397 ( 1)
  85 V   0.81865 0.05029 0.12348 0.00758 ( 1)
  86 M   0.84404 0.02490 0.12730 0.00376 ( 1)
  87 I   0.84703 0.02192 0.12775 0.00331 ( 1)
  88 K   0.84299 0.02595 0.12714 0.00391 ( 1)
  89 G   0.84048 0.02846 0.12677 0.00429 ( 1)
  90 P   0.82666 0.04228 0.12468 0.00638 ( 1)
  91 G   0.84347 0.02547 0.12722 0.00384 ( 1)
  92 L   0.81401 0.05493 0.12277 0.00829 ( 1)
  93 G   0.84048 0.02846 0.12677 0.00429 ( 1)
  94 R   0.84324 0.02570 0.12718 0.00388 ( 1)
  95 D   0.82292 0.04602 0.12412 0.00694 ( 1)
  96 A   0.82872 0.04022 0.12499 0.00607 ( 1)
  97 A   0.84290 0.02604 0.12713 0.00393 ( 1)
  98 L   0.82294 0.04600 0.12412 0.00694 ( 1)
  99 R   0.81384 0.05510 0.12275 0.00831 ( 1)
 100 A   0.84458 0.02436 0.12738 0.00367 ( 1)
 101 I   0.84637 0.02257 0.12765 0.00340 ( 1)
 102 R   0.81363 0.05531 0.12272 0.00834 ( 1)
 103 R   0.84324 0.02570 0.12718 0.00388 ( 1)
 104 S   0.84803 0.02092 0.12790 0.00315 ( 1)
 105 G   0.84347 0.02547 0.12722 0.00384 ( 1)
 106 I   0.84628 0.02266 0.12764 0.00342 ( 1)
 107 L   0.83024 0.03870 0.12522 0.00584 ( 1)
 108 L   0.82294 0.04600 0.12412 0.00694 ( 1)
 109 T   0.84488 0.02406 0.12743 0.00363 ( 1)
 110 F   0.83484 0.03410 0.12592 0.00514 ( 1)
 111 V   0.82861 0.04033 0.12498 0.00608 ( 1)
 112 R   0.82232 0.04662 0.12403 0.00703 ( 1)
 113 D   0.84529 0.02365 0.12749 0.00357 ( 1)
 114 V   0.84278 0.02616 0.12711 0.00395 ( 1)
 115 T   0.82049 0.04845 0.12375 0.00731 ( 1)
 116 P   0.83568 0.03326 0.12604 0.00502 ( 1)
 117 M   0.84404 0.02490 0.12730 0.00376 ( 1)
 118 P   0.00687 0.86207 0.00104 0.13002 ( 2)
 119 H   0.83512 0.03382 0.12596 0.00510 ( 1)
 120 N   0.84564 0.02330 0.12754 0.00352 ( 1)
 121 G   0.82012 0.04882 0.12370 0.00736 ( 1)
 122 C   0.83410 0.03484 0.12581 0.00525 ( 1)
 123 R   0.84324 0.02570 0.12718 0.00388 ( 1)
 124 P   0.83568 0.03326 0.12604 0.00502 ( 1)
 125 P   0.82520 0.04374 0.12446 0.00660 ( 1)
 126 K   0.84299 0.02595 0.12714 0.00391 ( 1)
 127 K   0.83535 0.03359 0.12599 0.00507 ( 1)
 128 R   0.82376 0.04518 0.12425 0.00681 ( 1)
 129 R   0.83459 0.03435 0.12588 0.00518 ( 1)
 130 V   0.82861 0.04033 0.12498 0.00608 ( 1)


lnL =  -765.374517

