

TREE # 1

  0  0.0000    785.681187  x:  0.00085   0.01459   0.00331   0.00305   0.00665   0.00568   0.00257   0.01009   0.01234   0.00920   0.00433   0.00324   0.00312   0.00236   0.00171   0.01266   0.00565   0.00959   0.02526   0.03262   0.00000   0.02611   0.01630   0.01851   0.00607   0.02899   0.02595   0.02580   0.05006   0.03998   2.00000   1.09989   0.02896   0.27919  
  1 99.0000    785.679912  x:  0.00085   0.01459   0.00330   0.00305   0.00665   0.00568   0.00257   0.01009   0.01234   0.00920   0.00433   0.00324   0.00312   0.00236   0.00171   0.01266   0.00565   0.00959   0.02526   0.03262   0.00000   0.02611   0.01630   0.01851   0.00608   0.02899   0.02595   0.02580   0.05006   0.03998   2.00000   1.09989   0.02896   0.27919  
  2 439.0636    783.258079  x:  0.00105   0.01397   0.00161   0.00134   0.00494   0.00397   0.00084   0.00988   0.01190   0.00909   0.00263   0.00154   0.00141   0.00065   0.00000   0.01219   0.00395   0.00942   0.02521   0.03262   0.00000   0.02601   0.01630   0.01836   0.00608   0.02877   0.02588   0.02600   0.05006   0.04004   2.00002   1.09995   0.02890   0.27875  
  3 35832.0119    782.420413  x:  0.00115   0.01371   0.00097   0.00070   0.00430   0.00333   0.00019   0.00978   0.01171   0.00903   0.00199   0.00090   0.00076   0.00000   0.00000   0.01199   0.00330   0.00935   0.02519   0.03262   0.00000   0.02598   0.01630   0.01829   0.00604   0.02868   0.02585   0.02610   0.05006   0.04007   2.00003   1.09997   0.02888   0.27858  
  4 306954.2455    782.211607  x:  0.00112   0.01353   0.00081   0.00054   0.00413   0.00316   0.00000   0.00985   0.01165   0.00911   0.00181   0.00072   0.00060   0.00000   0.00000   0.01191   0.00313   0.00943   0.02520   0.03266   0.00000   0.02596   0.01632   0.01826   0.00606   0.02862   0.02585   0.02606   0.05011   0.04014   2.00003   1.09998   0.02888   0.27841  
  5 742.9957    781.616144  x:  0.00111   0.01329   0.00026   0.00000   0.00357   0.00258   0.00000   0.00981   0.01165   0.00898   0.00124   0.00015   0.00004   0.00000   0.00000   0.01188   0.00255   0.00933   0.02522   0.03276   0.00000   0.02594   0.01633   0.01821   0.00605   0.02847   0.02585   0.02606   0.05027   0.04034   2.00005   1.09997   0.02888   0.27772  
  6 1381.6965    781.577167  x:  0.00112   0.01328   0.00022   0.00000   0.00353   0.00254   0.00000   0.00980   0.01164   0.00898   0.00120   0.00011   0.00000   0.00000   0.00000   0.01187   0.00251   0.00933   0.02522   0.03276   0.00000   0.02594   0.01633   0.01821   0.00605   0.02847   0.02585   0.02607   0.05028   0.04034   2.00005   1.09997   0.02888   0.27766  
  7 8573.6889    781.493570  x:  0.00112   0.01327   0.00012   0.00000   0.00342   0.00243   0.00000   0.00980   0.01162   0.00897   0.00110   0.00000   0.00000   0.00000   0.00000   0.01185   0.00240   0.00933   0.02522   0.03276   0.00000   0.02593   0.01633   0.01821   0.00605   0.02846   0.02585   0.02607   0.05028   0.04034   2.00006   1.09997   0.02888   0.27754  
  8 12141.5391    781.406544  x:  0.00113   0.01321   0.00000   0.00000   0.00330   0.00230   0.00000   0.00978   0.01162   0.00898   0.00097   0.00000   0.00000   0.00000   0.00000   0.01183   0.00227   0.00930   0.02522   0.03275   0.00000   0.02593   0.01633   0.01820   0.00605   0.02846   0.02585   0.02607   0.05025   0.04032   2.00006   1.09997   0.02888   0.27739  
  9 3720.3307    780.878776  x:  0.00132   0.01288   0.00000   0.00000   0.00237   0.00133   0.00000   0.00974   0.01165   0.00881   0.00000   0.00000   0.00000   0.00000   0.00000   0.01189   0.00130   0.00953   0.02526   0.03281   0.00000   0.02590   0.01629   0.01815   0.00602   0.02836   0.02586   0.02627   0.05001   0.04024   2.00009   1.10002   0.02884   0.27643  
 10 1771.6583    780.349929  x:  0.00138   0.01278   0.00000   0.00000   0.00114   0.00004   0.00000   0.00975   0.01149   0.00880   0.00000   0.00000   0.00000   0.00000   0.00000   0.01181   0.00000   0.00943   0.02530   0.03298   0.00000   0.02587   0.01626   0.01814   0.00601   0.02814   0.02587   0.02632   0.04986   0.04037   2.00011   1.10010   0.02877   0.27532  
 11 1678.3922    780.340662  x:  0.00138   0.01278   0.00000   0.00000   0.00111   0.00000   0.00000   0.00974   0.01149   0.00880   0.00000   0.00000   0.00000   0.00000   0.00000   0.01180   0.00000   0.00943   0.02530   0.03298   0.00000   0.02587   0.01626   0.01814   0.00601   0.02813   0.02587   0.02632   0.04986   0.04037   2.00012   1.10010   0.02877   0.27530  
 12 3084.3075    780.163312  x:  0.00147   0.01264   0.00000   0.00000   0.00000   0.00000   0.00000   0.00983   0.01146   0.00878   0.00000   0.00000   0.00000   0.00000   0.00000   0.01176   0.00000   0.00935   0.02526   0.03289   0.00000   0.02587   0.01626   0.01810   0.00600   0.02821   0.02584   0.02641   0.05010   0.04045   2.00014   1.10017   0.02870   0.27443  
 13 1486.9779    779.689490  x:  0.00058   0.01005   0.00000   0.00000   0.00000   0.00000   0.00000   0.00756   0.00632   0.00853   0.00000   0.00000   0.00000   0.00000   0.00000   0.01484   0.00000   0.00971   0.02641   0.03151   0.00000   0.02495   0.01199   0.01894   0.00617   0.02758   0.02618   0.02553   0.05574   0.03761   2.00080   1.10246   0.02645   0.25458  
 14 93.7667    777.500320  x:  0.00195   0.00962   0.00000   0.00000   0.00000   0.00000   0.00000   0.00768   0.00780   0.00814   0.00000   0.00000   0.00000   0.00000   0.00000   0.01094   0.00000   0.00898   0.03454   0.03453   0.00000   0.02047   0.01614   0.02283   0.00629   0.01506   0.02974   0.02689   0.07079   0.01994   2.00469   1.11599   0.01305   0.14909  
 15 130.9401    772.387357  x:  0.00293   0.00827   0.00000   0.00000   0.00000   0.00000   0.00000   0.00740   0.00732   0.00780   0.00000   0.00000   0.00000   0.00000   0.00000   0.00866   0.00000   0.00845   0.04251   0.03972   0.00000   0.02105   0.01681   0.02450   0.00643   0.01757   0.03352   0.02787   0.07610   0.01628   2.01023   1.13546  -0.00627   0.00000  
 16 626.8920    772.224802  x:  0.00230   0.00918   0.00000   0.00000   0.00000   0.00000   0.00000   0.00755   0.00902   0.00800   0.00000   0.00000   0.00000   0.00000   0.00000   0.00775   0.00000   0.00878   0.03816   0.04242   0.00000   0.02043   0.01328   0.02351   0.00627   0.01999   0.03120   0.02724   0.07406   0.01669   2.00657   1.12242   0.00666   0.00000  
 17 62.8657    772.096131  x:  0.00198   0.00975   0.00000   0.00000   0.00000   0.00000   0.00000   0.00750   0.00797   0.00814   0.00000   0.00000   0.00000   0.00000   0.00000   0.01004   0.00000   0.00902   0.03540   0.04548   0.00000   0.02170   0.01571   0.02309   0.00599   0.02328   0.03013   0.02692   0.07265   0.01704   2.00344   1.11122   0.01776   0.00000  
 18 74.9213    771.962963  x:  0.00180   0.00992   0.00000   0.00000   0.00000   0.00000   0.00000   0.00740   0.00844   0.00820   0.00000   0.00000   0.00000   0.00000   0.00000   0.00925   0.00000   0.00915   0.03938   0.04338   0.00000   0.02548   0.01555   0.02543   0.00570   0.02534   0.03424   0.02674   0.07079   0.01918   2.00183   1.10564   0.02327   0.00000  
 19 17.6715    771.831216  x:  0.00187   0.01052   0.00000   0.00000   0.00000   0.00000   0.00000   0.00728   0.00805   0.00811   0.00000   0.00000   0.00000   0.00000   0.00000   0.00921   0.00000   0.00906   0.04393   0.04237   0.00000   0.02064   0.01635   0.02268   0.00568   0.02721   0.03528   0.02682   0.06904   0.02069   2.00339   1.11156   0.01730   0.00000  
 20 14.2318    771.251061  x:  0.00229   0.01065   0.00000   0.00000   0.00000   0.00000   0.00000   0.00689   0.00689   0.00761   0.00000   0.00000   0.00000   0.00000   0.00000   0.00780   0.00000   0.00853   0.04885   0.04368   0.00000   0.02535   0.01571   0.01306   0.00611   0.02634   0.02875   0.02722   0.06329   0.02085   2.01451   1.15306  -0.02435   0.00000  
 21 45.5749    770.336734  x:  0.00304   0.00663   0.00000   0.00000   0.00000   0.00000   0.00000   0.00625   0.00533   0.00679   0.00000   0.00000   0.00000   0.00000   0.00000   0.00469   0.00000   0.00767   0.04705   0.04668   0.00000   0.02441   0.01673   0.01906   0.00691   0.02723   0.01956   0.02795   0.05260   0.02294   2.03380   1.22484  -0.09636   0.00000  
 22 255.6152    769.855653  x:  0.00346   0.00500   0.00000   0.00000   0.00000   0.00000   0.00000   0.00588   0.00421   0.00633   0.00000   0.00000   0.00000   0.00000   0.00000   0.00328   0.00000   0.00718   0.03717   0.04912   0.00000   0.02355   0.01666   0.01738   0.00724   0.02712   0.02802   0.02836   0.04707   0.02326   2.04512   1.26646  -0.13810   0.00000  
 23 200.7583    768.710739  x:  0.00431   0.00519   0.00000   0.00000   0.00000   0.00000   0.00000   0.00541   0.00622   0.00666   0.00000   0.00000   0.00000   0.00000   0.00000   0.00444   0.00000   0.00704   0.04013   0.05103   0.00000   0.02409   0.01628   0.01877   0.01016   0.03337   0.03105   0.02918   0.05651   0.02012   2.12912   1.48015  -0.35199   0.00000  
 24  7.6390    768.156478  x:  0.00334   0.00589   0.00000   0.00000   0.00000   0.00000   0.00000   0.00727   0.00615   0.00653   0.00000   0.00000   0.00000   0.00000   0.00000   0.00507   0.00000   0.00749   0.03511   0.03557   0.00000   0.02393   0.01599   0.01840   0.01057   0.03592   0.03023   0.02821   0.04597   0.01786   2.22452   1.51319  -0.38539   0.00000  
 25  1.7567    767.426597  x:  0.00246   0.00310   0.00000   0.00000   0.00000   0.00000   0.00000   0.00688   0.00731   0.00739   0.00000   0.00000   0.00000   0.00000   0.00000   0.00697   0.00000   0.00690   0.02854   0.03661   0.00000   0.02284   0.01551   0.01665   0.00589   0.03346   0.02921   0.02736   0.04375   0.02074   2.48959   1.54617  -0.41798   0.00000  
 26  1.4818    766.715684  x:  0.00326   0.00693   0.00000   0.00000   0.00000   0.00000   0.00000   0.00628   0.00645   0.00830   0.00000   0.00000   0.00000   0.00000   0.00000   0.00671   0.00000   0.00655   0.01999   0.03768   0.00000   0.02260   0.01565   0.01653   0.00399   0.03119   0.02843   0.02816   0.04651   0.02390   2.81396   1.58052  -0.45210   0.00000  
 27  6.4599    766.520641  x:  0.00377   0.00706   0.00000   0.00000   0.00000   0.00000   0.00000   0.00617   0.00685   0.00780   0.00000   0.00000   0.00000   0.00000   0.00000   0.00751   0.00000   0.00608   0.01769   0.03795   0.00000   0.02276   0.01558   0.01635   0.00744   0.03033   0.02842   0.02863   0.04630   0.02609   2.90225   1.56058  -0.43232   0.00000  
 28  1.6605    766.017218  x:  0.00238   0.00753   0.00000   0.00000   0.00000   0.00000   0.00000   0.01028   0.00672   0.00616   0.00000   0.00000   0.00000   0.00000   0.00000   0.00692   0.00000   0.00806   0.02393   0.03716   0.00000   0.02330   0.01599   0.01573   0.00841   0.02824   0.02613   0.02721   0.05339   0.03106   3.06890   1.59664  -0.46908   0.00000  
 29  0.6205    766.006389  x:  0.00234   0.00755   0.00000   0.00000   0.00000   0.00000   0.00000   0.01040   0.00672   0.00612   0.00000   0.00000   0.00000   0.00000   0.00000   0.00690   0.00000   0.00813   0.02412   0.03713   0.00000   0.02332   0.01600   0.01571   0.00844   0.02818   0.02606   0.02717   0.05360   0.03121   3.07377   1.59775  -0.47021   0.00342  
 30 11.2081    765.765674  x:  0.00443   0.00784   0.00000   0.00000   0.00000   0.00000   0.00000   0.00899   0.00726   0.00996   0.00000   0.00000   0.00000   0.00000   0.00000   0.00700   0.00000   0.00923   0.02710   0.03246   0.00000   0.02376   0.01584   0.01551   0.00902   0.02679   0.02441   0.02922   0.05174   0.03396   3.02011   1.61904  -0.49206   0.00591  
 31  0.2326    765.519799  x:  0.00373   0.00803   0.00000   0.00000   0.00000   0.00000   0.00000   0.00797   0.00852   0.00756   0.00000   0.00000   0.00000   0.00000   0.00000   0.00783   0.00000   0.00783   0.02577   0.02824   0.00000   0.02401   0.01572   0.01538   0.00814   0.02410   0.02287   0.02850   0.04965   0.03803   2.74151   1.68568  -0.55805   0.01027  
 32  0.5173    765.466755  x:  0.00424   0.00817   0.00000   0.00000   0.00000   0.00000   0.00000   0.00873   0.00819   0.00773   0.00000   0.00000   0.00000   0.00000   0.00000   0.00855   0.00000   0.00747   0.02572   0.03169   0.00000   0.02412   0.01518   0.01591   0.00795   0.02323   0.02344   0.02901   0.04825   0.03935   2.67947   1.70856  -0.58095   0.01270  
 33  0.2587    765.412895  x:  0.00353   0.00798   0.00000   0.00000   0.00000   0.00000   0.00000   0.00853   0.00820   0.00804   0.00000   0.00000   0.00000   0.00000   0.00000   0.00816   0.00000   0.00852   0.02340   0.03260   0.00000   0.02405   0.01613   0.01609   0.00776   0.02356   0.02371   0.02831   0.05143   0.04070   2.65368   1.74708  -0.61976   0.01591  
 34  0.1171    765.383784  x:  0.00330   0.00816   0.00000   0.00000   0.00000   0.00000   0.00000   0.00776   0.00811   0.00801   0.00000   0.00000   0.00000   0.00000   0.00000   0.00808   0.00000   0.00772   0.02434   0.03299   0.00000   0.02401   0.01639   0.01638   0.00770   0.02433   0.02446   0.02811   0.05199   0.04199   2.75329   1.77866  -0.65122   0.01779  
 35  0.1316    765.376453  x:  0.00368   0.00812   0.00000   0.00000   0.00000   0.00000   0.00000   0.00788   0.00796   0.00785   0.00000   0.00000   0.00000   0.00000   0.00000   0.00808   0.00000   0.00809   0.02409   0.03256   0.00000   0.02395   0.01599   0.01617   0.00762   0.02458   0.02449   0.02852   0.05105   0.04256   2.77193   1.79937  -0.67197   0.01841  
 36  0.0354    765.375193  x:  0.00355   0.00807   0.00000   0.00000   0.00000   0.00000   0.00000   0.00806   0.00795   0.00800   0.00000   0.00000   0.00000   0.00000   0.00000   0.00798   0.00000   0.00789   0.02403   0.03236   0.00000   0.02395   0.01595   0.01607   0.00762   0.02456   0.02437   0.02841   0.05104   0.04266   2.76755   1.80590  -0.67853   0.01855  
 37  0.0190    765.374704  x:  0.00353   0.00799   0.00000   0.00000   0.00000   0.00000   0.00000   0.00794   0.00801   0.00797   0.00000   0.00000   0.00000   0.00000   0.00000   0.00789   0.00000   0.00790   0.02414   0.03239   0.00000   0.02398   0.01598   0.01607   0.00764   0.02442   0.02432   0.02841   0.05098   0.04263   2.76167   1.80961  -0.68223   0.01847  
 38  0.0063    765.374551  x:  0.00353   0.00793   0.00000   0.00000   0.00000   0.00000   0.00000   0.00797   0.00796   0.00796   0.00000   0.00000   0.00000   0.00000   0.00000   0.00789   0.00000   0.00791   0.02418   0.03237   0.00000   0.02397   0.01598   0.01614   0.00766   0.02439   0.02439   0.02843   0.05101   0.04251   2.76086   1.81167  -0.68430   0.01869  
 39  0.0021    765.374524  x:  0.00351   0.00791   0.00000   0.00000   0.00000   0.00000   0.00000   0.00797   0.00797   0.00796   0.00000   0.00000   0.00000   0.00000   0.00000   0.00790   0.00000   0.00791   0.02416   0.03240   0.00000   0.02395   0.01598   0.01609   0.00766   0.02440   0.02438   0.02843   0.05097   0.04244   2.76240   1.81196  -0.68458   0.01871  
 40  0.0013    765.374518  x:  0.00350   0.00791   0.00000   0.00000   0.00000   0.00000   0.00000   0.00797   0.00798   0.00796   0.00000   0.00000   0.00000   0.00000   0.00000   0.00791   0.00000   0.00790   0.02415   0.03239   0.00000   0.02396   0.01598   0.01610   0.00766   0.02440   0.02437   0.02844   0.05098   0.04241   2.76283   1.81222  -0.68483   0.01871  
 41  0.0003    765.374517  x:  0.00349   0.00792   0.00000   0.00000   0.00000   0.00000   0.00000   0.00797   0.00798   0.00796   0.00000   0.00000   0.00000   0.00000   0.00000   0.00791   0.00000   0.00791   0.02416   0.03239   0.00000   0.02396   0.01598   0.01610   0.00766   0.02440   0.02437   0.02845   0.05098   0.04241   2.76252   1.81252  -0.68513   0.01874  
 42  0.0003    765.374517  x:  0.00348   0.00792   0.00000   0.00000   0.00000   0.00000   0.00000   0.00797   0.00798   0.00796   0.00000   0.00000   0.00000   0.00000   0.00000   0.00791   0.00000   0.00791   0.02416   0.03239   0.00000   0.02396   0.01598   0.01610   0.00766   0.02440   0.02437   0.02846   0.05098   0.04240   2.76258   1.81255  -0.68516   0.01873  
 43  0.0001    765.374517  x:  0.00347   0.00792   0.00000   0.00000   0.00000   0.00000   0.00000   0.00797   0.00798   0.00796   0.00000   0.00000   0.00000   0.00000   0.00000   0.00791   0.00000   0.00791   0.02416   0.03239   0.00000   0.02396   0.01598   0.01610   0.00766   0.02440   0.02437   0.02847   0.05098   0.04240   2.76255   1.81255  -0.68516   0.01873  
 44  0.0000    765.374517  x:  0.00347   0.00792   0.00000   0.00000   0.00000   0.00000   0.00000   0.00797   0.00798   0.00796   0.00000   0.00000   0.00000   0.00000   0.00000   0.00791   0.00000   0.00791   0.02416   0.03239   0.00000   0.02396   0.01598   0.01610   0.00766   0.02440   0.02437   0.02847   0.05098   0.04240   2.76255   1.81255  -0.68516   0.01873  