Supplemental results for CODEML (seqf: /Users/YY/Desktop/get/branch_site/modify/modify_trim_muscle_petN.fa  treef: /Users/YY/Desktop/get/branch_site/16gene_topu.tree)


dN/dS (w) for site classes (K=4)

site class             0        1       2a       2b
proportion       1.00000  0.00000  0.00000  0.00000
background w     0.34487  1.00000  0.34487  1.00000
foreground w     0.34487  1.00000  3.36377  3.36377
(note that p[2] is zero)


Naive Empirical Bayes (NEB) probabilities for 4 classes
(amino acids refer to 1st sequence: NC_033344)

   1 M   1.00000 0.00000 0.00000 0.00000 ( 1)
   2 D   1.00000 0.00000 0.00000 0.00000 ( 1)
   3 I   1.00000 0.00000 0.00000 0.00000 ( 1)
   4 V   1.00000 0.00000 0.00000 0.00000 ( 1)
   5 S   1.00000 0.00000 0.00000 0.00000 ( 1)
   6 L   1.00000 0.00000 0.00000 0.00000 ( 1)
   7 A   1.00000 0.00000 0.00000 0.00000 ( 1)
   8 W   1.00000 0.00000 0.00000 0.00000 ( 1)
   9 A   1.00000 0.00000 0.00000 0.00000 ( 1)
  10 A   1.00000 0.00000 0.00000 0.00000 ( 1)
  11 L   1.00000 0.00000 0.00000 0.00000 ( 1)
  12 M   1.00000 0.00000 0.00000 0.00000 ( 1)
  13 V   1.00000 0.00000 0.00000 0.00000 ( 1)
  14 V   1.00000 0.00000 0.00000 0.00000 ( 1)
  15 F   1.00000 0.00000 0.00000 0.00000 ( 1)
  16 T   1.00000 0.00000 0.00000 0.00000 ( 1)
  17 F   1.00000 0.00000 0.00000 0.00000 ( 1)
  18 S   1.00000 0.00000 0.00000 0.00000 ( 1)
  19 L   1.00000 0.00000 0.00000 0.00000 ( 1)
  20 S   1.00000 0.00000 0.00000 0.00000 ( 1)
  21 L   1.00000 0.00000 0.00000 0.00000 ( 1)
  22 V   1.00000 0.00000 0.00000 0.00000 ( 1)
  23 V   1.00000 0.00000 0.00000 0.00000 ( 1)
  24 W   1.00000 0.00000 0.00000 0.00000 ( 1)
  25 G   1.00000 0.00000 0.00000 0.00000 ( 1)
  26 R   1.00000 0.00000 0.00000 0.00000 ( 1)
  27 S   1.00000 0.00000 0.00000 0.00000 ( 1)
  28 G   1.00000 0.00000 0.00000 0.00000 ( 1)
  29 L   1.00000 0.00000 0.00000 0.00000 ( 1)


lnL =  -122.657986

Bayes Empirical Bayes (BEB) probabilities for 4 classes (class)
(amino acids refer to 1st sequence: NC_033344)

   1 M   0.37356 0.29241 0.18658 0.14745 ( 1)
   2 D   0.37091 0.29506 0.18520 0.14883 ( 1)
   3 I   0.37478 0.29119 0.18721 0.14682 ( 1)
   4 V   0.37304 0.29293 0.18631 0.14772 ( 1)
   5 S   0.25349 0.41248 0.12457 0.20946 ( 2)
   6 L   0.36896 0.29700 0.18420 0.14984 ( 1)
   7 A   0.37284 0.29313 0.18621 0.14783 ( 1)
   8 W   0.36786 0.29811 0.18363 0.15041 ( 1)
   9 A   0.37284 0.29313 0.18621 0.14783 ( 1)
  10 A   0.37284 0.29313 0.18621 0.14783 ( 1)
  11 L   0.37194 0.29403 0.18574 0.14829 ( 1)
  12 M   0.37356 0.29241 0.18658 0.14745 ( 1)
  13 V   0.37304 0.29293 0.18631 0.14772 ( 1)
  14 V   0.36919 0.29678 0.18432 0.14972 ( 1)
  15 F   0.37419 0.29178 0.18690 0.14713 ( 1)
  16 T   0.37145 0.29452 0.18549 0.14855 ( 1)
  17 F   0.37419 0.29178 0.18690 0.14713 ( 1)
  18 S   0.36803 0.29794 0.18371 0.15032 ( 1)
  19 L   0.37269 0.29328 0.18613 0.14790 ( 1)
  20 S   0.37008 0.29589 0.18477 0.14926 ( 1)
  21 L   0.36896 0.29700 0.18420 0.14984 ( 1)
  22 V   0.37209 0.29388 0.18581 0.14822 ( 1)
  23 V   0.37304 0.29293 0.18631 0.14772 ( 1)
  24 W   0.36786 0.29811 0.18363 0.15041 ( 1)
  25 G   0.37019 0.29578 0.18483 0.14920 ( 1)
  26 R   0.37034 0.29563 0.18491 0.14912 ( 1)
  27 S   0.37131 0.29465 0.18541 0.14862 ( 1)
  28 G   0.37019 0.29578 0.18483 0.14920 ( 1)
  29 L   0.36896 0.29700 0.18420 0.14984 ( 1)

