

TREE # 1

  0  0.0000    148.703112  x:  0.00000   0.01415   0.05795   0.01880   0.06734   0.06647   0.03270   0.03867   0.06595   0.01919   0.04961   0.02479   0.02328   0.01586   0.01900   0.05939   0.05483   0.02548   0.04822   0.03317   0.07007   0.03565   0.01249   0.01922   0.00902   0.06775   0.04040   0.04088   0.08544   0.02466   2.00000   1.09989   0.02896   0.27919   2.57308  
  1 99.0000    148.702555  x:  0.00000   0.01415   0.05795   0.01880   0.06734   0.06646   0.03270   0.03867   0.06595   0.01919   0.04961   0.02479   0.02328   0.01586   0.01900   0.05939   0.05483   0.02548   0.04822   0.03317   0.07007   0.03565   0.01249   0.01922   0.00902   0.06775   0.04040   0.04088   0.08544   0.02466   2.00000   1.09989   0.02896   0.27919   2.57308  
  2 125.7994    142.777808  x:  0.00000   0.00515   0.04904   0.00981   0.05845   0.05758   0.02290   0.02972   0.05706   0.01020   0.04068   0.01581   0.01429   0.00686   0.01001   0.05048   0.04591   0.01650   0.03929   0.02421   0.06119   0.02669   0.00348   0.01022   0.00000   0.05886   0.03145   0.03219   0.08123   0.03431   2.00015   1.09989   0.02899   0.27395   2.57307  
  3 25628.8737    140.564541  x:  0.00000   0.00170   0.04561   0.00634   0.05503   0.05415   0.01912   0.02627   0.05363   0.00673   0.03724   0.01235   0.01083   0.00339   0.00654   0.04704   0.04248   0.01303   0.03584   0.02075   0.05777   0.02323   0.00000   0.00675   0.00000   0.05543   0.02799   0.02927   0.07993   0.03663   2.00029   1.09960   0.02930   0.26826   2.57307  
  4 1584.6159    139.469559  x:  0.00000   0.00000   0.04390   0.00466   0.05333   0.05245   0.01733   0.02457   0.05193   0.00504   0.03554   0.01066   0.00913   0.00170   0.00485   0.04534   0.04078   0.01134   0.03414   0.01905   0.05606   0.02154   0.00000   0.00506   0.00000   0.05372   0.02629   0.02715   0.07797   0.03693   2.00046   1.09973   0.02921   0.26204   2.57305  
  5 388.6153    138.454459  x:  0.00000   0.00000   0.04220   0.00296   0.05162   0.05075   0.01523   0.02288   0.05022   0.00334   0.03383   0.00895   0.00743   0.00000   0.00315   0.04363   0.03908   0.00964   0.03244   0.01735   0.05436   0.01984   0.00000   0.00335   0.00000   0.05200   0.02458   0.02471   0.08136   0.03728   2.00064   1.09999   0.02899   0.25585   2.57303  
  6 326.0379    136.662453  x:  0.00000   0.00000   0.03938   0.00000   0.04882   0.04796   0.00831   0.01999   0.04742   0.00039   0.03097   0.00601   0.00447   0.00000   0.00017   0.04080   0.03624   0.00670   0.02957   0.01444   0.05160   0.01698   0.00000   0.00039   0.00000   0.04916   0.02164   0.02015   0.08133   0.03838   2.00087   1.10053   0.02848   0.24860   2.57302  
  7 98.6809    136.580592  x:  0.00000   0.00000   0.03921   0.00000   0.04866   0.04780   0.00856   0.01982   0.04726   0.00022   0.03081   0.00584   0.00431   0.00000   0.00000   0.04064   0.03608   0.00654   0.02940   0.01427   0.05143   0.01682   0.00000   0.00022   0.00000   0.04899   0.02147   0.01993   0.08129   0.03849   2.00089   1.10071   0.02836   0.24812   2.57299  
  8 43.8093    136.491101  x:  0.00000   0.00000   0.03900   0.00000   0.04845   0.04759   0.00917   0.01961   0.04706   0.00001   0.03060   0.00563   0.00410   0.00000   0.00000   0.04043   0.03587   0.00632   0.02920   0.01406   0.05122   0.01661   0.00000   0.00000   0.00000   0.04879   0.02126   0.01968   0.08124   0.03861   2.00092   1.10090   0.02825   0.24763   2.57296  
  9 502.3691    136.489118  x:  0.00000   0.00000   0.03900   0.00000   0.04845   0.04759   0.00918   0.01961   0.04705   0.00000   0.03059   0.00563   0.00409   0.00000   0.00000   0.04043   0.03587   0.00632   0.02919   0.01405   0.05122   0.01660   0.00000   0.00000   0.00000   0.04878   0.02125   0.01967   0.08124   0.03861   2.00092   1.10091   0.02824   0.24762   2.57296  
 10 91.8833    134.815706  x:  0.00000   0.00000   0.03521   0.00000   0.04479   0.04388   0.01083   0.01565   0.04336   0.00000   0.02674   0.00152   0.00000   0.00000   0.00000   0.03665   0.03210   0.00225   0.02535   0.00992   0.04735   0.01254   0.00000   0.00000   0.00000   0.04513   0.01732   0.01663   0.08071   0.03979   2.00136   1.10403   0.02634   0.23956   2.57247  
 11 61.3671    134.256045  x:  0.00000   0.00000   0.03382   0.00000   0.04346   0.04255   0.01278   0.01420   0.04200   0.00000   0.02530   0.00000   0.00000   0.00000   0.00000   0.03528   0.03073   0.00073   0.02394   0.00840   0.04596   0.01106   0.00000   0.00000   0.00000   0.04380   0.01585   0.01507   0.08046   0.04033   2.00163   1.10605   0.02508   0.23510   2.57216  
 12 71.6915    134.017962  x:  0.00000   0.00000   0.03319   0.00000   0.04287   0.04196   0.01363   0.01352   0.04139   0.00000   0.02463   0.00000   0.00000   0.00000   0.00000   0.03466   0.03011   0.00000   0.02328   0.00769   0.04536   0.01037   0.00000   0.00000   0.00000   0.04320   0.01517   0.01430   0.08038   0.04051   2.00171   1.10672   0.02471   0.23355   2.57204  
 13 89.5064    131.657763  x:  0.00000   0.00000   0.02643   0.00000   0.03652   0.03558   0.02368   0.00617   0.03480   0.00000   0.01746   0.00000   0.00000   0.00000   0.00000   0.02797   0.02342   0.00000   0.01624   0.00000   0.03876   0.00293   0.00000   0.00000   0.00000   0.03680   0.00784   0.00656   0.07942   0.04262   2.00289   1.11587   0.01950   0.21327   2.57045  
 14 232.7426    130.807244  x:  0.00000   0.00000   0.02379   0.00000   0.03405   0.03310   0.02713   0.00327   0.03223   0.00000   0.01466   0.00000   0.00000   0.00000   0.00000   0.02537   0.02080   0.00000   0.01350   0.00000   0.03618   0.00000   0.00000   0.00000   0.00000   0.03432   0.00498   0.00377   0.07910   0.04332   2.00327   1.11885   0.01787   0.20637   2.56992  
 15 449.3937    129.937710  x:  0.00000   0.00000   0.02081   0.00000   0.03128   0.03031   0.03181   0.00000   0.02934   0.00000   0.01149   0.00000   0.00000   0.00000   0.00000   0.02243   0.01787   0.00000   0.01039   0.00000   0.03328   0.00000   0.00000   0.00000   0.00000   0.03152   0.00173   0.00039   0.07868   0.04428   2.00390   1.12362   0.01512   0.19656   2.56909  
 16 175.8646    129.840660  x:  0.00000   0.00000   0.02045   0.00000   0.03095   0.02997   0.03228   0.00000   0.02899   0.00000   0.01110   0.00000   0.00000   0.00000   0.00000   0.02207   0.01751   0.00000   0.01001   0.00000   0.03293   0.00000   0.00000   0.00000   0.00000   0.03118   0.00133   0.00000   0.07864   0.04437   2.00396   1.12407   0.01487   0.19560   2.56902  
 17 206.6804    129.554123  x:  0.00000   0.00000   0.01925   0.00000   0.02984   0.02886   0.03405   0.00000   0.02783   0.00000   0.00981   0.00000   0.00000   0.00000   0.00000   0.02089   0.01633   0.00000   0.00874   0.00000   0.03177   0.00000   0.00000   0.00000   0.00000   0.03007   0.00000   0.00000   0.07848   0.04472   2.00419   1.12579   0.01392   0.19198   2.56872  
 18 546.3746    127.748603  x:  0.00000   0.00000   0.01095   0.00000   0.02219   0.02115   0.04378   0.00000   0.01984   0.00000   0.00092   0.00000   0.00000   0.00000   0.00000   0.01272   0.00811   0.00000   0.00000   0.00000   0.02380   0.00000   0.00000   0.00000   0.00000   0.02236   0.00000   0.00000   0.07764   0.04656   2.00552   1.13519   0.00887   0.17223   2.56708  
 19 190.7654    127.593087  x:  0.00000   0.00000   0.01011   0.00000   0.02142   0.02037   0.04499   0.00000   0.01903   0.00000   0.00000   0.00000   0.00000   0.00000   0.00000   0.01189   0.00728   0.00000   0.00000   0.00000   0.02299   0.00000   0.00000   0.00000   0.00000   0.02158   0.00000   0.00000   0.07754   0.04679   2.00570   1.13646   0.00817   0.16972   2.56686  
 20 201.8308    126.401342  x:  0.00000   0.00000   0.00274   0.00000   0.01474   0.01364   0.05402   0.00000   0.01201   0.00000   0.00000   0.00000   0.00000   0.00000   0.00000   0.00466   0.00000   0.00000   0.00000   0.00000   0.01600   0.00000   0.00000   0.00000   0.00000   0.01484   0.00000   0.00000   0.07684   0.04839   2.00703   1.14530   0.00345   0.15170   2.56538  
 21 288.1465    126.035575  x:  0.00000   0.00000   0.00000   0.00000   0.01227   0.01115   0.05776   0.00000   0.00940   0.00000   0.00000   0.00000   0.00000   0.00000   0.00000   0.00197   0.00000   0.00000   0.00000   0.00000   0.01340   0.00000   0.00000   0.00000   0.00000   0.01235   0.00000   0.00000   0.07655   0.04906   2.00760   1.14909   0.00141   0.14414   2.56474  
 22 765.3229    125.811814  x:  0.00000   0.00000   0.00000   0.00000   0.01046   0.00932   0.06023   0.00000   0.00748   0.00000   0.00000   0.00000   0.00000   0.00000   0.00000   0.00000   0.00000   0.00000   0.00000   0.00000   0.01150   0.00000   0.00000   0.00000   0.00000   0.01052   0.00000   0.00000   0.07636   0.04949   2.00797   1.15149   0.00014   0.13925   2.56434  
 23 749.5959    125.114559  x:  0.00000   0.00000   0.00000   0.00000   0.00336   0.00216   0.06927   0.00000   0.00000   0.00000   0.00000   0.00000   0.00000   0.00000   0.00000   0.00000   0.00000   0.00000   0.00000   0.00000   0.00406   0.00000   0.00000   0.00000   0.00000   0.00334   0.00000   0.00000   0.07568   0.05106   2.00932   1.16022  -0.00448   0.12140   2.56291  
 24 2908.6633    124.956453  x:  0.00000   0.00000   0.00000   0.00000   0.00122   0.00000   0.07180   0.00000   0.00000   0.00000   0.00000   0.00000   0.00000   0.00000   0.00000   0.00000   0.00000   0.00000   0.00000   0.00000   0.00182   0.00000   0.00000   0.00000   0.00000   0.00117   0.00000   0.00000   0.07549   0.05150   2.00970   1.16264  -0.00574   0.11643   2.56252  
 25 2056.5740    124.897730  x:  0.00000   0.00000   0.00000   0.00000   0.00006   0.00000   0.07305   0.00000   0.00000   0.00000   0.00000   0.00000   0.00000   0.00000   0.00000   0.00000   0.00000   0.00000   0.00000   0.00000   0.00061   0.00000   0.00000   0.00000   0.00000   0.00000   0.00000   0.00000   0.07540   0.05172   2.00989   1.16380  -0.00635   0.11400   2.56233  
 26 1313.2681    124.895962  x:  0.00000   0.00000   0.00000   0.00000   0.00000   0.00000   0.07309   0.00000   0.00000   0.00000   0.00000   0.00000   0.00000   0.00000   0.00000   0.00000   0.00000   0.00000   0.00000   0.00000   0.00056   0.00000   0.00000   0.00000   0.00000   0.00000   0.00000   0.00000   0.07540   0.05172   2.00989   1.16385  -0.00637   0.11391   2.56233  
 27 201.3668    124.886541  x:  0.00000   0.00000   0.00000   0.00000   0.00000   0.00000   0.07328   0.00000   0.00000   0.00000   0.00000   0.00000   0.00000   0.00000   0.00000   0.00000   0.00000   0.00000   0.00000   0.00000   0.00000   0.00000   0.00000   0.00000   0.00000   0.00000   0.00000   0.00000   0.07538   0.05176   2.00993   1.16410  -0.00649   0.11345   2.56228  
 28 80.7184    122.966601  x:  0.00000   0.00000   0.00000   0.00000   0.00000   0.00000   0.00000   0.00000   0.00000   0.00000   0.00000   0.00000   0.00000   0.00000   0.00000   0.00000   0.00000   0.00000   0.00000   0.00000   0.00000   0.00000   0.00000   0.00000   0.00000   0.00000   0.00000   0.00000   0.07847   0.04238   2.00509   1.14816   0.00462   0.18518   2.56062  
 29 25.5863    122.673843  x:  0.00000   0.00000   0.00000   0.00000   0.00000   0.00000   0.00000   0.00000   0.00000   0.00000   0.00000   0.00000   0.00000   0.00000   0.00000   0.00000   0.00000   0.00000   0.00000   0.00000   0.00000   0.00000   0.00000   0.00000   0.00000   0.00000   0.00000   0.00000   0.04071   0.03524   2.02333   1.18958   0.00847   0.14279   2.56036  
 30  0.1749    122.670626  x:  0.00000   0.00000   0.00000   0.00000   0.00000   0.00000   0.00000   0.00000   0.00000   0.00000   0.00000   0.00000   0.00000   0.00000   0.00000   0.00000   0.00000   0.00000   0.00000   0.00000   0.00000   0.00000   0.00000   0.00000   0.00000   0.00000   0.00000   0.00000   0.04017   0.03799   2.03263   1.20513   0.01332   0.12603   2.55850  
 31  0.0752    122.666816  x:  0.00000   0.00000   0.00000   0.00000   0.00000   0.00000   0.00000   0.00000   0.00000   0.00000   0.00000   0.00000   0.00000   0.00000   0.00000   0.00000   0.00000   0.00000   0.00000   0.00000   0.00000   0.00000   0.00000   0.00000   0.00000   0.00000   0.00000   0.00000   0.03875   0.03893   2.04529   1.19984   0.03594   0.16508   2.55432  
 32  0.0682    122.666574  x:  0.00000   0.00000   0.00000   0.00000   0.00000   0.00000   0.00000   0.00000   0.00000   0.00000   0.00000   0.00000   0.00000   0.00000   0.00000   0.00000   0.00000   0.00000   0.00000   0.00000   0.00000   0.00000   0.00000   0.00000   0.00000   0.00000   0.00000   0.00000   0.03956   0.03915   2.04733   1.20199   0.03321   0.16860   2.55429  
 33  0.0091    122.665790  x:  0.00000   0.00000   0.00000   0.00000   0.00000   0.00000   0.00000   0.00000   0.00000   0.00000   0.00000   0.00000   0.00000   0.00000   0.00000   0.00000   0.00000   0.00000   0.00000   0.00000   0.00000   0.00000   0.00000   0.00000   0.00000   0.00000   0.00000   0.00000   0.03946   0.03909   2.06959   1.24981  -0.01973   0.19043   2.55612  
 34  0.0097    122.664407  x:  0.00000   0.00000   0.00000   0.00000   0.00000   0.00000   0.00000   0.00000   0.00000   0.00000   0.00000   0.00000   0.00000   0.00000   0.00000   0.00000   0.00000   0.00000   0.00000   0.00000   0.00000   0.00000   0.00000   0.00000   0.00000   0.00000   0.00000   0.00000   0.03939   0.03893   2.13559   1.41557  -0.20480   0.25176   2.56320  
 35  0.3372    122.662127  x:  0.00000   0.00000   0.00000   0.00000   0.00000   0.00000   0.00000   0.00000   0.00000   0.00000   0.00000   0.00000   0.00000   0.00000   0.00000   0.00000   0.00000   0.00000   0.00000   0.00000   0.00000   0.00000   0.00000   0.00000   0.00000   0.00000   0.00000   0.00000   0.03925   0.03876   2.21021   1.79149  -0.63267   0.28197   2.58452  
 36  0.0720    122.661708  x:  0.00000   0.00000   0.00000   0.00000   0.00000   0.00000   0.00000   0.00000   0.00000   0.00000   0.00000   0.00000   0.00000   0.00000   0.00000   0.00000   0.00000   0.00000   0.00000   0.00000   0.00000   0.00000   0.00000   0.00000   0.00000   0.00000   0.00000   0.00000   0.03938   0.03880   2.23090   1.88689  -0.73926   0.30429   2.58907  
 37  0.4022    122.660719  x:  0.00000   0.00000   0.00000   0.00000   0.00000   0.00000   0.00000   0.00000   0.00000   0.00000   0.00000   0.00000   0.00000   0.00000   0.00000   0.00000   0.00000   0.00000   0.00000   0.00000   0.00000   0.00000   0.00000   0.00000   0.00000   0.00000   0.00000   0.00000   0.04060   0.03965   2.17020   2.02470  -0.88772   0.31393   2.59552  
 38  0.0547    122.659050  x:  0.00000   0.00000   0.00000   0.00000   0.00000   0.00000   0.00000   0.00000   0.00000   0.00000   0.00000   0.00000   0.00000   0.00000   0.00000   0.00000   0.00000   0.00000   0.00000   0.00000   0.00000   0.00000   0.00000   0.00000   0.00000   0.00000   0.00000   0.00000   0.03952   0.03909   2.03222   2.25945  -1.14584   0.33036   2.60759  
 39  0.1178    122.658814  x:  0.00000   0.00000   0.00000   0.00000   0.00000   0.00000   0.00000   0.00000   0.00000   0.00000   0.00000   0.00000   0.00000   0.00000   0.00000   0.00000   0.00000   0.00000   0.00000   0.00000   0.00000   0.00000   0.00000   0.00000   0.00000   0.00000   0.00000   0.00000   0.03914   0.03855   2.05754   2.40196  -1.31180   0.33459   2.61654  
 40  0.0511    122.658387  x:  0.00000   0.00000   0.00000   0.00000   0.00000   0.00000   0.00000   0.00000   0.00000   0.00000   0.00000   0.00000   0.00000   0.00000   0.00000   0.00000   0.00000   0.00000   0.00000   0.00000   0.00000   0.00000   0.00000   0.00000   0.00000   0.00000   0.00000   0.00000   0.03969   0.03901   2.05438   2.81055  -1.77170   0.34492   2.63967  
 41  0.1784    122.658274  x:  0.00000   0.00000   0.00000   0.00000   0.00000   0.00000   0.00000   0.00000   0.00000   0.00000   0.00000   0.00000   0.00000   0.00000   0.00000   0.00000   0.00000   0.00000   0.00000   0.00000   0.00000   0.00000   0.00000   0.00000   0.00000   0.00000   0.00000   0.00000   0.03971   0.03910   2.05204   2.88030  -1.85087   0.33842   2.64403  
 42  0.1905    122.658112  x:  0.00000   0.00000   0.00000   0.00000   0.00000   0.00000   0.00000   0.00000   0.00000   0.00000   0.00000   0.00000   0.00000   0.00000   0.00000   0.00000   0.00000   0.00000   0.00000   0.00000   0.00000   0.00000   0.00000   0.00000   0.00000   0.00000   0.00000   0.00000   0.03930   0.03892   2.05899   3.32145  -2.35120   0.34535   2.66983  
 43  0.3210    122.658035  x:  0.00000   0.00000   0.00000   0.00000   0.00000   0.00000   0.00000   0.00000   0.00000   0.00000   0.00000   0.00000   0.00000   0.00000   0.00000   0.00000   0.00000   0.00000   0.00000   0.00000   0.00000   0.00000   0.00000   0.00000   0.00000   0.00000   0.00000   0.00000   0.03966   0.03899   2.05511   3.77936  -2.87135   0.34366   2.69699  
 44  0.2264    122.658008  x:  0.00000   0.00000   0.00000   0.00000   0.00000   0.00000   0.00000   0.00000   0.00000   0.00000   0.00000   0.00000   0.00000   0.00000   0.00000   0.00000   0.00000   0.00000   0.00000   0.00000   0.00000   0.00000   0.00000   0.00000   0.00000   0.00000   0.00000   0.00000   0.03943   0.03895   2.05668   4.14348  -3.28392   0.34567   2.71835  
 45  0.2627    122.657997  x:  0.00000   0.00000   0.00000   0.00000   0.00000   0.00000   0.00000   0.00000   0.00000   0.00000   0.00000   0.00000   0.00000   0.00000   0.00000   0.00000   0.00000   0.00000   0.00000   0.00000   0.00000   0.00000   0.00000   0.00000   0.00000   0.00000   0.00000   0.00000   0.03950   0.03897   2.05691   4.51745  -3.70857   0.34386   2.74054  
 46  0.2098    122.657991  x:  0.00000   0.00000   0.00000   0.00000   0.00000   0.00000   0.00000   0.00000   0.00000   0.00000   0.00000   0.00000   0.00000   0.00000   0.00000   0.00000   0.00000   0.00000   0.00000   0.00000   0.00000   0.00000   0.00000   0.00000   0.00000   0.00000   0.00000   0.00000   0.03951   0.03897   2.05609   4.93261  -4.17945   0.34532   2.76497  
 47  0.3325    122.657989  x:  0.00000   0.00000   0.00000   0.00000   0.00000   0.00000   0.00000   0.00000   0.00000   0.00000   0.00000   0.00000   0.00000   0.00000   0.00000   0.00000   0.00000   0.00000   0.00000   0.00000   0.00000   0.00000   0.00000   0.00000   0.00000   0.00000   0.00000   0.00000   0.03946   0.03895   2.05671   5.32528  -4.62507   0.34469   2.78820  
 48  0.2421    122.657987  x:  0.00000   0.00000   0.00000   0.00000   0.00000   0.00000   0.00000   0.00000   0.00000   0.00000   0.00000   0.00000   0.00000   0.00000   0.00000   0.00000   0.00000   0.00000   0.00000   0.00000   0.00000   0.00000   0.00000   0.00000   0.00000   0.00000   0.00000   0.00000   0.03951   0.03897   2.05636   5.75514  -5.11280   0.34493   2.81356  
 49  0.2683    122.657987  x:  0.00000   0.00000   0.00000   0.00000   0.00000   0.00000   0.00000   0.00000   0.00000   0.00000   0.00000   0.00000   0.00000   0.00000   0.00000   0.00000   0.00000   0.00000   0.00000   0.00000   0.00000   0.00000   0.00000   0.00000   0.00000   0.00000   0.00000   0.00000   0.03948   0.03896   2.05651   6.22223  -5.64279   0.34483   2.84115  
 50  0.2599    122.657987  x:  0.00000   0.00000   0.00000   0.00000   0.00000   0.00000   0.00000   0.00000   0.00000   0.00000   0.00000   0.00000   0.00000   0.00000   0.00000   0.00000   0.00000   0.00000   0.00000   0.00000   0.00000   0.00000   0.00000   0.00000   0.00000   0.00000   0.00000   0.00000   0.03950   0.03896   2.05645   6.66696  -6.14741   0.34489   2.86741  
 51  0.2719    122.657987  x:  0.00000   0.00000   0.00000   0.00000   0.00000   0.00000   0.00000   0.00000   0.00000   0.00000   0.00000   0.00000   0.00000   0.00000   0.00000   0.00000   0.00000   0.00000   0.00000   0.00000   0.00000   0.00000   0.00000   0.00000   0.00000   0.00000   0.00000   0.00000   0.03948   0.03896   2.05647   7.21099  -6.76470   0.34485   2.89954  
 52  0.2856    122.657987  x:  0.00000   0.00000   0.00000   0.00000   0.00000   0.00000   0.00000   0.00000   0.00000   0.00000   0.00000   0.00000   0.00000   0.00000   0.00000   0.00000   0.00000   0.00000   0.00000   0.00000   0.00000   0.00000   0.00000   0.00000   0.00000   0.00000   0.00000   0.00000   0.03949   0.03896   2.05647   7.71022  -7.33117   0.34487   2.92902  
 53  0.3076    122.657987  x:  0.00000   0.00000   0.00000   0.00000   0.00000   0.00000   0.00000   0.00000   0.00000   0.00000   0.00000   0.00000   0.00000   0.00000   0.00000   0.00000   0.00000   0.00000   0.00000   0.00000   0.00000   0.00000   0.00000   0.00000   0.00000   0.00000   0.00000   0.00000   0.03949   0.03896   2.05646   8.43354  -8.15188   0.34486   2.97173  
 54  0.3459    122.657986  x:  0.00000   0.00000   0.00000   0.00000   0.00000   0.00000   0.00000   0.00000   0.00000   0.00000   0.00000   0.00000   0.00000   0.00000   0.00000   0.00000   0.00000   0.00000   0.00000   0.00000   0.00000   0.00000   0.00000   0.00000   0.00000   0.00000   0.00000   0.00000   0.03949   0.03896   2.05647   9.03760  -8.83730   0.34487   3.00740  
 55  0.3896    122.657986  x:  0.00000   0.00000   0.00000   0.00000   0.00000   0.00000   0.00000   0.00000   0.00000   0.00000   0.00000   0.00000   0.00000   0.00000   0.00000   0.00000   0.00000   0.00000   0.00000   0.00000   0.00000   0.00000   0.00000   0.00000   0.00000   0.00000   0.00000   0.00000   0.03949   0.03896   2.05646  10.10104  -10.04394   0.34486   3.07019  
 56  0.4552    122.657986  x:  0.00000   0.00000   0.00000   0.00000   0.00000   0.00000   0.00000   0.00000   0.00000   0.00000   0.00000   0.00000   0.00000   0.00000   0.00000   0.00000   0.00000   0.00000   0.00000   0.00000   0.00000   0.00000   0.00000   0.00000   0.00000   0.00000   0.00000   0.00000   0.03949   0.03896   2.05647  10.69776  -10.72102   0.34487   3.10543  
 57  0.4624    122.657986  x:  0.00000   0.00000   0.00000   0.00000   0.00000   0.00000   0.00000   0.00000   0.00000   0.00000   0.00000   0.00000   0.00000   0.00000   0.00000   0.00000   0.00000   0.00000   0.00000   0.00000   0.00000   0.00000   0.00000   0.00000   0.00000   0.00000   0.00000   0.00000   0.03949   0.03896   2.05646  12.13385  -12.35050   0.34487   3.19023  
 58  0.4923    122.657986  x:  0.00000   0.00000   0.00000   0.00000   0.00000   0.00000   0.00000   0.00000   0.00000   0.00000   0.00000   0.00000   0.00000   0.00000   0.00000   0.00000   0.00000   0.00000   0.00000   0.00000   0.00000   0.00000   0.00000   0.00000   0.00000   0.00000   0.00000   0.00000   0.03949   0.03896   2.05647  12.52751  -12.79718   0.34487   3.21348  
 59  0.4050    122.657986  x:  0.00000   0.00000   0.00000   0.00000   0.00000   0.00000   0.00000   0.00000   0.00000   0.00000   0.00000   0.00000   0.00000   0.00000   0.00000   0.00000   0.00000   0.00000   0.00000   0.00000   0.00000   0.00000   0.00000   0.00000   0.00000   0.00000   0.00000   0.00000   0.03949   0.03896   2.05647  14.78666  -15.36055   0.34487   3.34688  
 60  0.6594    122.657986  x:  0.00000   0.00000   0.00000   0.00000   0.00000   0.00000   0.00000   0.00000   0.00000   0.00000   0.00000   0.00000   0.00000   0.00000   0.00000   0.00000   0.00000   0.00000   0.00000   0.00000   0.00000   0.00000   0.00000   0.00000   0.00000   0.00000   0.00000   0.00000   0.03949   0.03896   2.05647  15.07264  -15.68504   0.34487   3.36377  
 61  0.2706    122.657986  x:  0.00000   0.00000   0.00000   0.00000   0.00000   0.00000   0.00000   0.00000   0.00000   0.00000   0.00000   0.00000   0.00000   0.00000   0.00000   0.00000   0.00000   0.00000   0.00000   0.00000   0.00000   0.00000   0.00000   0.00000   0.00000   0.00000   0.00000   0.00000   0.03949   0.03896   2.05647  15.07259  -15.68498   0.34487   3.36377  
 62  0.2098    122.657986  x:  0.00000   0.00000   0.00000   0.00000   0.00000   0.00000   0.00000   0.00000   0.00000   0.00000   0.00000   0.00000   0.00000   0.00000   0.00000   0.00000   0.00000   0.00000   0.00000   0.00000   0.00000   0.00000   0.00000   0.00000   0.00000   0.00000   0.00000   0.00000   0.03949   0.03896   2.05647  15.07260  -15.68500   0.34487   3.36377  
 63  0.0017    122.657986  x:  0.00000   0.00000   0.00000   0.00000   0.00000   0.00000   0.00000   0.00000   0.00000   0.00000   0.00000   0.00000   0.00000   0.00000   0.00000   0.00000   0.00000   0.00000   0.00000   0.00000   0.00000   0.00000   0.00000   0.00000   0.00000   0.00000   0.00000   0.00000   0.03949   0.03896   2.05647  15.07259  -15.68498   0.34487   3.36377  
 64  0.0012    122.657986  x:  0.00000   0.00000   0.00000   0.00000   0.00000   0.00000   0.00000   0.00000   0.00000   0.00000   0.00000   0.00000   0.00000   0.00000   0.00000   0.00000   0.00000   0.00000   0.00000   0.00000   0.00000   0.00000   0.00000   0.00000   0.00000   0.00000   0.00000   0.00000   0.03949   0.03896   2.05647  15.07259  -15.68498   0.34487   3.36377  
 65  0.0026    122.657986  x:  0.00000   0.00000   0.00000   0.00000   0.00000   0.00000   0.00000   0.00000   0.00000   0.00000   0.00000   0.00000   0.00000   0.00000   0.00000   0.00000   0.00000   0.00000   0.00000   0.00000   0.00000   0.00000   0.00000   0.00000   0.00000   0.00000   0.00000   0.00000   0.03949   0.03896   2.05647  15.07259  -15.68498   0.34487   3.36377  
 66  0.0074    122.657986  x:  0.00000   0.00000   0.00000   0.00000   0.00000   0.00000   0.00000   0.00000   0.00000   0.00000   0.00000   0.00000   0.00000   0.00000   0.00000   0.00000   0.00000   0.00000   0.00000   0.00000   0.00000   0.00000   0.00000   0.00000   0.00000   0.00000   0.00000   0.00000   0.03949   0.03896   2.05647  15.07259  -15.68498   0.34487   3.36377  
 67  0.0037    122.657986  x:  0.00000   0.00000   0.00000   0.00000   0.00000   0.00000   0.00000   0.00000   0.00000   0.00000   0.00000   0.00000   0.00000   0.00000   0.00000   0.00000   0.00000   0.00000   0.00000   0.00000   0.00000   0.00000   0.00000   0.00000   0.00000   0.00000   0.00000   0.00000   0.03949   0.03896   2.05647  15.07259  -15.68498   0.34487   3.36377  
check convergence!
