Supplemental results for CODEML (seqf: /Users/YY/Desktop/get/branch_site/modify/modify_trim_muscle_rpl20.fa  treef: /Users/YY/Desktop/get/branch_site/16gene_topu.tree)


dN/dS (w) for site classes (K=4)

site class             0        1       2a       2b
proportion       0.86309  0.03605  0.09682  0.00404
background w     0.20001  1.00000  0.20001  1.00000
foreground w     0.20001  1.00000  2.57218  2.57218

Naive Empirical Bayes (NEB) probabilities for 4 classes
(amino acids refer to 1st sequence: MF594405)

   1 M   0.88553 0.01361 0.09933 0.00153 ( 1)
   2 T   0.87015 0.02899 0.09761 0.00325 ( 1)
   3 R   0.88565 0.01349 0.09935 0.00151 ( 1)
   4 I   0.88490 0.01424 0.09926 0.00160 ( 1)
   5 R   0.88520 0.01394 0.09929 0.00156 ( 1)
   6 R   0.86979 0.02935 0.09757 0.00329 ( 1)
   7 G   0.87998 0.01916 0.09871 0.00215 ( 1)
   8 N   0.82978 0.06936 0.09308 0.00778 ( 1)
   9 I   0.83581 0.06333 0.09375 0.00710 ( 1)
  10 A   0.87830 0.02084 0.09852 0.00234 ( 1)
  11 R   0.86990 0.02924 0.09758 0.00328 ( 1)
  12 R   0.83536 0.06378 0.09370 0.00715 ( 1)
  13 R   0.87978 0.01936 0.09869 0.00217 ( 1)
  14 R   0.88565 0.01349 0.09935 0.00151 ( 1)
  15 T   0.82779 0.07135 0.09286 0.00800 ( 1)
  16 K   0.88707 0.01208 0.09950 0.00135 ( 1)
  17 I   0.83123 0.06791 0.09324 0.00762 ( 1)
  18 R   0.87978 0.01936 0.09869 0.00217 ( 1)
  19 L   0.87737 0.02177 0.09842 0.00244 ( 1)
  20 F   0.88265 0.01649 0.09901 0.00185 ( 1)
  21 A   0.87959 0.01955 0.09867 0.00219 ( 1)
  22 S   0.87505 0.02409 0.09816 0.00270 ( 1)
  23 S   0.87692 0.02222 0.09837 0.00249 ( 1)
  24 F   0.88265 0.01649 0.09901 0.00185 ( 1)
  25 R   0.87477 0.02437 0.09813 0.00273 ( 1)
  26 G   0.87224 0.02690 0.09784 0.00302 ( 1)
  27 A   0.87854 0.02060 0.09855 0.00231 ( 1)
  28 H   0.88313 0.01601 0.09906 0.00180 ( 1)
  29 S   0.87505 0.02409 0.09816 0.00270 ( 1)
  30 R   0.88565 0.01349 0.09935 0.00151 ( 1)
  31 L   0.88067 0.01847 0.09879 0.00207 ( 1)
  32 T   0.88356 0.01558 0.09911 0.00175 ( 1)
  33 R   0.87508 0.02406 0.09816 0.00270 ( 1)
  34 T   0.88472 0.01442 0.09924 0.00162 ( 1)
  35 I   0.88490 0.01424 0.09926 0.00160 ( 1)
  36 T   0.82529 0.07386 0.09257 0.00828 ( 1)
  37 Q   0.88164 0.01751 0.09890 0.00196 ( 1)
  38 Q   0.87424 0.02490 0.09807 0.00279 ( 1)
  39 K   0.83920 0.05994 0.09414 0.00672 ( 1)
  40 I   0.83754 0.06160 0.09395 0.00691 ( 1)
  41 R   0.88565 0.01349 0.09935 0.00151 ( 1)
  42 A   0.87854 0.02060 0.09855 0.00231 ( 1)
  43 L   0.87223 0.02691 0.09784 0.00302 ( 1)
  44 V   0.88138 0.01776 0.09887 0.00199 ( 1)
  45 S   0.86947 0.02967 0.09753 0.00333 ( 1)
  46 S   0.87559 0.02355 0.09822 0.00264 ( 1)
  47 H   0.88313 0.01601 0.09906 0.00180 ( 1)
  48 R   0.86979 0.02935 0.09757 0.00329 ( 1)
  49 D   0.88349 0.01565 0.09910 0.00176 ( 1)
  50 R   0.87866 0.02048 0.09856 0.00230 ( 1)
  51 D   0.88349 0.01565 0.09910 0.00176 ( 1)
  52 K   0.80703 0.09211 0.09053 0.01033 ( 1)
  53 Q   0.81927 0.07988 0.09190 0.00896 ( 1)
  54 K   0.87949 0.01965 0.09866 0.00220 ( 1)
  55 I   0.64028 0.25886 0.07182 0.02904 ( 1)
  56 N   0.84109 0.05806 0.09435 0.00651 ( 1)
  57 F   0.88265 0.01649 0.09901 0.00185 ( 1)
  58 R   0.86944 0.02970 0.09753 0.00333 ( 1)
  59 R   0.87978 0.01936 0.09869 0.00217 ( 1)
  60 L   0.87247 0.02667 0.09787 0.00299 ( 1)
  61 W   0.87251 0.02663 0.09787 0.00299 ( 1)
  62 I   0.87530 0.02384 0.09819 0.00267 ( 1)
  63 T   0.88356 0.01558 0.09911 0.00175 ( 1)
  64 R   0.87477 0.02437 0.09813 0.00273 ( 1)
  65 I   0.88643 0.01271 0.09943 0.00143 ( 1)
  66 N   0.87804 0.02110 0.09849 0.00237 ( 1)
  67 A   0.87854 0.02060 0.09855 0.00231 ( 1)
  68 V   0.81868 0.08046 0.09183 0.00903 ( 1)
  69 I   0.88490 0.01424 0.09926 0.00160 ( 1)
  70 R   0.87956 0.01959 0.09866 0.00220 ( 1)
  71 E   0.88272 0.01642 0.09902 0.00184 ( 1)
  72 I   0.88643 0.01271 0.09943 0.00143 ( 1)
  73 G   0.87349 0.02565 0.09798 0.00288 ( 1)
  74 V   0.88251 0.01663 0.09899 0.00187 ( 1)
  75 S   0.86759 0.03155 0.09732 0.00354 ( 1)
  76 Y   0.81187 0.08727 0.09107 0.00979 ( 1)
  77 S   0.88730 0.01184 0.09953 0.00133 ( 1)
  78 Y   0.88023 0.01891 0.09874 0.00212 ( 1)
  79 S   0.88730 0.01184 0.09953 0.00133 ( 1)
  80 R   0.88565 0.01349 0.09935 0.00151 ( 1)
  81 L   0.87737 0.02177 0.09842 0.00244 ( 1)
  82 I   0.88643 0.01271 0.09943 0.00143 ( 1)
  83 H   0.87633 0.02281 0.09830 0.00256 ( 1)
  84 D   0.78045 0.11869 0.08755 0.01331 ( 1)
  85 L   0.87911 0.02003 0.09861 0.00225 ( 1)
  86 Y   0.88023 0.01891 0.09874 0.00212 ( 1)
  87 K   0.87949 0.01965 0.09866 0.00220 ( 1)
  88 K   0.88707 0.01208 0.09950 0.00135 ( 1)
  89 Q   0.87424 0.02490 0.09807 0.00279 ( 1)
  90 V   0.87300 0.02614 0.09793 0.00293 ( 1)
  91 L   0.88067 0.01847 0.09879 0.00207 ( 1)
  92 L   0.88067 0.01847 0.09879 0.00207 ( 1)
  93 N   0.88786 0.01128 0.09959 0.00127 ( 1)
  94 R   0.87978 0.01936 0.09869 0.00217 ( 1)
  95 K   0.88707 0.01208 0.09950 0.00135 ( 1)
  96 I   0.88643 0.01271 0.09943 0.00143 ( 1)
  97 L   0.88067 0.01847 0.09879 0.00207 ( 1)
  98 A   0.87959 0.01955 0.09867 0.00219 ( 1)
  99 Q   0.88164 0.01751 0.09890 0.00196 ( 1)
 100 I   0.83220 0.06694 0.09335 0.00751 ( 1)
 101 A   0.87854 0.02060 0.09855 0.00231 ( 1)
 102 I   0.88643 0.01271 0.09943 0.00143 ( 1)
 103 S   0.79107 0.10807 0.08874 0.01212 ( 1)
 104 N   0.88786 0.01128 0.09959 0.00127 ( 1)
 105 K   0.83986 0.05929 0.09421 0.00665 ( 1)
 106 N   0.88748 0.01166 0.09955 0.00131 ( 1)
 107 C   0.87985 0.01929 0.09870 0.00216 ( 1)
 108 L   0.81272 0.08642 0.09117 0.00969 ( 1)
 109 Y   0.88023 0.01891 0.09874 0.00212 ( 1)
 110 M   0.88553 0.01361 0.09933 0.00153 ( 1)
 111 I   0.88490 0.01424 0.09926 0.00160 ( 1)
 112 S   0.86761 0.03153 0.09732 0.00354 ( 1)
 113 T   0.84501 0.05413 0.09479 0.00607 ( 1)
 114 E   0.87568 0.02346 0.09823 0.00263 ( 1)
 115 I   0.87383 0.02531 0.09802 0.00284 ( 1)
 116 I   0.88643 0.01271 0.09943 0.00143 ( 1)
 117 K   0.88707 0.01208 0.09950 0.00135 ( 1)
 118 E   0.88272 0.01642 0.09902 0.00184 ( 1)
 119 V   0.88043 0.01871 0.09876 0.00210 ( 1)
 120 D   0.25586 0.64328 0.02870 0.07216 ( 2)
 121 W   0.78479 0.11435 0.08803 0.01283 ( 1)
 122 K   0.88707 0.01208 0.09950 0.00135 ( 1)
 123 E   0.88272 0.01642 0.09902 0.00184 ( 1)
 124 S   0.86759 0.03155 0.09732 0.00354 ( 1)
 125 T   0.77091 0.12823 0.08648 0.01438 ( 1)
 126 G   0.87998 0.01916 0.09871 0.00215 ( 1)
 127 I   0.83668 0.06246 0.09385 0.00701 ( 1)
 128 I   0.88490 0.01424 0.09926 0.00160 ( 1)


lnL =  -830.294119

Bayes Empirical Bayes (BEB) probabilities for 4 classes (class)
(amino acids refer to 1st sequence: MF594405)

   1 M   0.66422 0.02468 0.29841 0.01269 ( 1)
   2 T   0.63718 0.05171 0.28451 0.02659 ( 1)
   3 R   0.66445 0.02446 0.29853 0.01257 ( 1)
   4 I   0.66310 0.02580 0.29783 0.01326 ( 1)
   5 R   0.66364 0.02527 0.29811 0.01299 ( 1)
   6 R   0.63657 0.05233 0.28420 0.02690 ( 1)
   7 G   0.65429 0.03461 0.29330 0.01780 ( 1)
   8 N   0.56055 0.12835 0.24497 0.06612 ( 1)
   9 I   0.56985 0.11905 0.24972 0.06137 ( 1)
  10 A   0.65131 0.03759 0.29177 0.01933 ( 1)
  11 R   0.63676 0.05214 0.28430 0.02681 ( 1)
  12 R   0.56916 0.11974 0.24937 0.06173 ( 1)
  13 R   0.65393 0.03497 0.29312 0.01798 ( 1)
  14 R   0.66445 0.02446 0.29853 0.01257 ( 1)
  15 T   0.55758 0.13132 0.24347 0.06763 ( 1)
  16 K   0.66701 0.02189 0.29984 0.01125 ( 1)
  17 I   0.56280 0.12610 0.24613 0.06497 ( 1)
  18 R   0.65393 0.03497 0.29312 0.01798 ( 1)
  19 L   0.64968 0.03922 0.29093 0.02017 ( 1)
  20 F   0.65904 0.02986 0.29574 0.01535 ( 1)
  21 A   0.65359 0.03531 0.29294 0.01816 ( 1)
  22 S   0.64562 0.04328 0.28885 0.02226 ( 1)
  23 S   0.64888 0.04002 0.29052 0.02058 ( 1)
  24 F   0.65904 0.02986 0.29574 0.01535 ( 1)
  25 R   0.64514 0.04376 0.28860 0.02250 ( 1)
  26 G   0.64076 0.04814 0.28635 0.02475 ( 1)
  27 A   0.65173 0.03716 0.29199 0.01911 ( 1)
  28 H   0.65991 0.02900 0.29619 0.01491 ( 1)
  29 S   0.64562 0.04328 0.28885 0.02226 ( 1)
  30 R   0.66445 0.02446 0.29853 0.01257 ( 1)
  31 L   0.65550 0.03340 0.29393 0.01717 ( 1)
  32 T   0.66068 0.02822 0.29659 0.01451 ( 1)
  33 R   0.64568 0.04322 0.28888 0.02222 ( 1)
  34 T   0.66277 0.02613 0.29766 0.01344 ( 1)
  35 I   0.66310 0.02580 0.29783 0.01326 ( 1)
  36 T   0.55386 0.13505 0.24157 0.06953 ( 1)
  37 Q   0.65723 0.03167 0.29481 0.01629 ( 1)
  38 Q   0.64421 0.04469 0.28812 0.02298 ( 1)
  39 K   0.57519 0.11372 0.25245 0.05865 ( 1)
  40 I   0.57258 0.11632 0.25112 0.05998 ( 1)
  41 R   0.66445 0.02446 0.29853 0.01257 ( 1)
  42 A   0.65173 0.03716 0.29199 0.01911 ( 1)
  43 L   0.64075 0.04815 0.28635 0.02476 ( 1)
  44 V   0.65677 0.03213 0.29458 0.01652 ( 1)
  45 S   0.63601 0.05288 0.28391 0.02719 ( 1)
  46 S   0.64656 0.04234 0.28933 0.02177 ( 1)
  47 H   0.65991 0.02900 0.29619 0.01491 ( 1)
  48 R   0.63657 0.05233 0.28420 0.02690 ( 1)
  49 D   0.66055 0.02835 0.29652 0.01458 ( 1)
  50 R   0.65195 0.03694 0.29210 0.01900 ( 1)
  51 D   0.66055 0.02835 0.29652 0.01458 ( 1)
  52 K   0.52793 0.16097 0.22844 0.08266 ( 1)
  53 Q   0.54507 0.14383 0.23711 0.07399 ( 1)
  54 K   0.65342 0.03548 0.29286 0.01824 ( 1)
  55 I   0.34219 0.34671 0.13758 0.17351 ( 2)
  56 N   0.57818 0.11072 0.25398 0.05712 ( 1)
  57 F   0.65904 0.02986 0.29574 0.01535 ( 1)
  58 R   0.63597 0.05292 0.28390 0.02721 ( 1)
  59 R   0.65393 0.03497 0.29312 0.01798 ( 1)
  60 L   0.64116 0.04774 0.28656 0.02455 ( 1)
  61 W   0.64121 0.04768 0.28658 0.02452 ( 1)
  62 I   0.64608 0.04281 0.28909 0.02201 ( 1)
  63 T   0.66068 0.02822 0.29659 0.01451 ( 1)
  64 R   0.64514 0.04376 0.28860 0.02250 ( 1)
  65 I   0.66587 0.02304 0.29926 0.01184 ( 1)
  66 N   0.65085 0.03805 0.29153 0.01957 ( 1)
  67 A   0.65174 0.03716 0.29199 0.01911 ( 1)
  68 V   0.54422 0.14468 0.23668 0.07442 ( 1)
  69 I   0.66310 0.02580 0.29783 0.01326 ( 1)
  70 R   0.65353 0.03537 0.29291 0.01819 ( 1)
  71 E   0.65917 0.02973 0.29581 0.01529 ( 1)
  72 I   0.66587 0.02304 0.29926 0.01184 ( 1)
  73 G   0.64291 0.04598 0.28746 0.02365 ( 1)
  74 V   0.65879 0.03011 0.29561 0.01548 ( 1)
  75 S   0.63284 0.05605 0.28229 0.02882 ( 1)
  76 Y   0.53460 0.15430 0.23181 0.07929 ( 1)
  77 S   0.66743 0.02147 0.30006 0.01104 ( 1)
  78 Y   0.65472 0.03418 0.29353 0.01757 ( 1)
  79 S   0.66743 0.02147 0.30006 0.01104 ( 1)
  80 R   0.66445 0.02446 0.29853 0.01257 ( 1)
  81 L   0.64968 0.03922 0.29093 0.02017 ( 1)
  82 I   0.66587 0.02304 0.29926 0.01184 ( 1)
  83 H   0.64785 0.04105 0.28999 0.02111 ( 1)
  84 D   0.49361 0.19528 0.21124 0.09987 ( 1)
  85 L   0.65274 0.03616 0.29251 0.01860 ( 1)
  86 Y   0.65472 0.03418 0.29353 0.01757 ( 1)
  87 K   0.65342 0.03548 0.29286 0.01824 ( 1)
  88 K   0.66701 0.02189 0.29984 0.01125 ( 1)
  89 Q   0.64421 0.04469 0.28812 0.02298 ( 1)
  90 V   0.64207 0.04683 0.28702 0.02408 ( 1)
  91 L   0.65550 0.03340 0.29393 0.01717 ( 1)
  92 L   0.65550 0.03340 0.29393 0.01717 ( 1)
  93 N   0.66845 0.02046 0.30058 0.01051 ( 1)
  94 R   0.65393 0.03497 0.29312 0.01798 ( 1)
  95 K   0.66701 0.02189 0.29984 0.01125 ( 1)
  96 I   0.66587 0.02304 0.29926 0.01184 ( 1)
  97 L   0.65550 0.03340 0.29393 0.01717 ( 1)
  98 A   0.65359 0.03531 0.29294 0.01816 ( 1)
  99 Q   0.65723 0.03167 0.29481 0.01629 ( 1)
 100 I   0.56431 0.12460 0.24689 0.06420 ( 1)
 101 A   0.65173 0.03716 0.29199 0.01911 ( 1)
 102 I   0.66587 0.02304 0.29926 0.01184 ( 1)
 103 S   0.50689 0.18201 0.21787 0.09323 ( 1)
 104 N   0.66845 0.02046 0.30058 0.01051 ( 1)
 105 K   0.57625 0.11266 0.25299 0.05811 ( 1)
 106 N   0.66776 0.02114 0.30023 0.01087 ( 1)
 107 C   0.65406 0.03484 0.29318 0.01792 ( 1)
 108 L   0.53580 0.15310 0.23242 0.07868 ( 1)
 109 Y   0.65472 0.03418 0.29353 0.01757 ( 1)
 110 M   0.66422 0.02468 0.29841 0.01269 ( 1)
 111 I   0.66310 0.02580 0.29783 0.01326 ( 1)
 112 S   0.63287 0.05602 0.28230 0.02880 ( 1)
 113 T   0.58455 0.10435 0.25724 0.05385 ( 1)
 114 E   0.64673 0.04217 0.28942 0.02168 ( 1)
 115 I   0.64351 0.04539 0.28776 0.02334 ( 1)
 116 I   0.66587 0.02304 0.29926 0.01184 ( 1)
 117 K   0.66701 0.02189 0.29984 0.01125 ( 1)
 118 E   0.65917 0.02973 0.29581 0.01529 ( 1)
 119 V   0.65509 0.03381 0.29371 0.01739 ( 1)
 120 D   0.11939 0.56951 0.04213 0.26897 ( 2)
 121 W   0.49897 0.18992 0.21391 0.09719 ( 1)
 122 K   0.66701 0.02189 0.29984 0.01125 ( 1)
 123 E   0.65917 0.02973 0.29581 0.01529 ( 1)
 124 S   0.63284 0.05605 0.28229 0.02882 ( 1)
 125 T   0.48212 0.20678 0.20552 0.10558 ( 1)
 126 G   0.65429 0.03461 0.29330 0.01780 ( 1)
 127 I   0.57123 0.11767 0.25043 0.06067 ( 1)
 128 I   0.66310 0.02580 0.29783 0.01326 ( 1)

