

TREE # 1

  0  0.0000    914.087001  x:  0.00000   0.01798   0.05346   0.01737   0.06317   0.06540   0.03097   0.03639   0.06217   0.01807   0.04965   0.02336   0.02489   0.01771   0.02085   0.05593   0.05756   0.02438   0.05492   0.04361   0.06589   0.03917   0.01664   0.04026   0.00681   0.06706   0.05575   0.04088   0.08185   0.05667   2.00000   1.09989   0.02896   0.27919   2.57308  
  1 99.0000    914.084569  x:  0.00000   0.01798   0.05346   0.01737   0.06317   0.06540   0.03097   0.03639   0.06217   0.01807   0.04965   0.02336   0.02488   0.01771   0.02085   0.05593   0.05756   0.02438   0.05492   0.04361   0.06589   0.03917   0.01664   0.04026   0.00680   0.06706   0.05575   0.04088   0.08185   0.05667   2.00000   1.09989   0.02896   0.27919   2.57308  
  2 492.4392    901.685373  x:  0.00000   0.01643   0.04659   0.01045   0.05637   0.05980   0.02377   0.02947   0.05529   0.01113   0.04443   0.01641   0.02174   0.01622   0.01858   0.04905   0.05330   0.01744   0.05203   0.04355   0.05906   0.03627   0.01537   0.04040   0.00000   0.06137   0.05555   0.03676   0.07846   0.05730   1.99990   1.10004   0.02882   0.27815   2.57308  
  3 3256.6124    882.745419  x:  0.00000   0.01102   0.03622   0.00000   0.04603   0.05018   0.01263   0.01896   0.04483   0.00058   0.03444   0.00586   0.01222   0.01089   0.01086   0.03859   0.04461   0.00690   0.04554   0.04469   0.04868   0.02888   0.01079   0.03816   0.00000   0.05182   0.05604   0.02894   0.07203   0.05523   1.99974   1.09975   0.02914   0.26903   2.57307  
  4 5687.2037    881.763344  x:  0.00000   0.01113   0.03567   0.00000   0.04547   0.04957   0.01201   0.01839   0.04426   0.00000   0.03378   0.00528   0.01211   0.01102   0.01099   0.03802   0.04399   0.00633   0.04507   0.04476   0.04812   0.02842   0.01094   0.03817   0.00000   0.05123   0.05608   0.02846   0.07159   0.05521   1.99973   1.09967   0.02922   0.26771   2.57307  
  5 1464.0230    874.327401  x:  0.00000   0.01071   0.03060   0.00000   0.04033   0.04458   0.00629   0.01314   0.03903   0.00000   0.02948   0.00000   0.01606   0.01001   0.01050   0.03278   0.04023   0.00107   0.04295   0.04419   0.04296   0.02831   0.00889   0.03787   0.00000   0.04645   0.05578   0.02605   0.06827   0.05491   1.99963   1.09890   0.03006   0.25484   2.57307  
  6 2267.3765    873.092573  x:  0.00000   0.01052   0.02958   0.00000   0.03929   0.04377   0.00511   0.01207   0.03798   0.00000   0.02908   0.00000   0.01601   0.00996   0.01028   0.03173   0.03994   0.00000   0.04296   0.04399   0.04192   0.02876   0.00920   0.03783   0.00000   0.04566   0.05566   0.02597   0.06784   0.05490   1.99960   1.09874   0.03023   0.25234   2.57307  
  7 2367.2669    868.569485  x:  0.00000   0.01073   0.02524   0.00000   0.03489   0.04077   0.00000   0.00753   0.03348   0.00000   0.02811   0.00000   0.01478   0.01023   0.01062   0.02723   0.03934   0.00000   0.04323   0.04341   0.03749   0.03004   0.00830   0.03775   0.00000   0.04278   0.05516   0.02600   0.06644   0.05491   1.99950   1.09808   0.03095   0.24220   2.57306  
  8 7181.0265    862.660648  x:  0.00000   0.01104   0.01809   0.00000   0.02760   0.03750   0.00000   0.00000   0.02606   0.00000   0.02823   0.00000   0.01460   0.00888   0.01059   0.01980   0.03967   0.00000   0.04338   0.04385   0.03020   0.02845   0.00851   0.03780   0.00000   0.03964   0.05499   0.02627   0.06549   0.05462   1.99931   1.09705   0.03205   0.22772   2.57306  
  9 3800.9067    850.191573  x:  0.00000   0.00904   0.00000   0.00000   0.00910   0.03066   0.00000   0.00000   0.00728   0.00000   0.02862   0.00000   0.01494   0.01095   0.00859   0.00100   0.04034   0.00000   0.04287   0.04478   0.01176   0.02408   0.00809   0.03750   0.00000   0.03313   0.05482   0.02629   0.06374   0.05430   1.99882   1.09448   0.03481   0.19289   2.57306  
 10 13582.2193    849.655471  x:  0.00000   0.00897   0.00000   0.00000   0.00812   0.03048   0.00000   0.00000   0.00628   0.00000   0.02856   0.00000   0.01491   0.01093   0.00859   0.00000   0.04028   0.00000   0.04272   0.04474   0.01078   0.02402   0.00809   0.03743   0.00000   0.03295   0.05481   0.02618   0.06367   0.05431   1.99879   1.09434   0.03495   0.19129   2.57306  
 11 6229.8342    847.025659  x:  0.00000   0.00886   0.00000   0.00000   0.00192   0.02939   0.00000   0.00000   0.00000   0.00000   0.02817   0.00000   0.01473   0.01084   0.00826   0.00000   0.03983   0.00000   0.04182   0.04448   0.00463   0.02361   0.00805   0.03718   0.00000   0.03189   0.05469   0.02548   0.06324   0.05426   1.99862   1.09350   0.03585   0.18135   2.57306  
 12 132495.6164    846.455073  x:  0.00000   0.00847   0.00000   0.00000   0.00000   0.02907   0.00000   0.00000   0.00000   0.00000   0.02792   0.00000   0.01468   0.01078   0.00845   0.00000   0.03963   0.00000   0.04189   0.04457   0.00273   0.02345   0.00804   0.03742   0.00000   0.03156   0.05456   0.02542   0.06296   0.05405   1.99857   1.09326   0.03611   0.17901   2.57306  
 13 2115.9164    845.988176  x:  0.00000   0.00837   0.00000   0.00000   0.00000   0.02855   0.00000   0.00000   0.00000   0.00000   0.02768   0.00000   0.01467   0.01075   0.00849   0.00000   0.03952   0.00000   0.04210   0.04471   0.00000   0.02320   0.00806   0.03675   0.00000   0.03099   0.05450   0.02542   0.06260   0.05442   1.99851   1.09300   0.03638   0.17702   2.57306  
 14 594.8340    843.262070  x:  0.00000   0.00774   0.00000   0.00000   0.00000   0.00924   0.00000   0.00000   0.00000   0.00000   0.03123   0.00000   0.01364   0.00968   0.00774   0.00000   0.04626   0.00000   0.03198   0.03404   0.00000   0.02176   0.00747   0.03892   0.00000   0.00865   0.05803   0.01574   0.06338   0.05292   1.99636   1.09052   0.03897   0.16748   2.57311  
 15 69.6139    840.915359  x:  0.00000   0.00894   0.00000   0.00000   0.00000   0.00287   0.00000   0.00000   0.00000   0.00000   0.01410   0.00000   0.01235   0.00877   0.00441   0.00000   0.04220   0.00000   0.03099   0.04359   0.00000   0.02338   0.00741   0.04135   0.00000   0.00985   0.04854   0.00987   0.04355   0.05157   1.99124   1.09198   0.03733   0.15240   2.57324  
 16 24.1721    840.259969  x:  0.00000   0.00931   0.00000   0.00000   0.00000   0.00567   0.00000   0.00000   0.00000   0.00000   0.00812   0.00000   0.01189   0.00842   0.00323   0.00000   0.04019   0.00000   0.03098   0.04547   0.00000   0.02322   0.00733   0.04222   0.00000   0.00618   0.04541   0.00847   0.03614   0.05119   1.98941   1.09254   0.03670   0.14667   2.57328  
 17 368.5638    839.635876  x:  0.00000   0.00931   0.00000   0.00000   0.00000   0.00532   0.00000   0.00000   0.00000   0.00000   0.00993   0.00000   0.01124   0.00779   0.00219   0.00000   0.02655   0.00000   0.03088   0.03941   0.00000   0.01988   0.00727   0.04308   0.00000   0.00625   0.04405   0.01386   0.02767   0.05134   1.98715   1.09364   0.03552   0.14166   2.57332  
 18 65.0168    839.373265  x:  0.00000   0.00939   0.00000   0.00000   0.00000   0.00527   0.00000   0.00000   0.00000   0.00000   0.00980   0.00000   0.01099   0.00753   0.00196   0.00000   0.01869   0.00000   0.03552   0.03705   0.00000   0.01876   0.00730   0.04325   0.00000   0.00645   0.04421   0.01028   0.03132   0.05126   1.98558   1.09492   0.03417   0.14009   2.57334  
 19 32.6471    838.920774  x:  0.00000   0.00871   0.00000   0.00000   0.00000   0.00503   0.00000   0.00000   0.00000   0.00000   0.00509   0.00000   0.01049   0.00689   0.00247   0.00000   0.01509   0.00000   0.02997   0.03507   0.00000   0.01924   0.00735   0.04308   0.00000   0.00780   0.04713   0.01233   0.03182   0.05225   1.98082   1.09956   0.02933   0.14138   2.57337  
 20 10.9888    838.527806  x:  0.00000   0.00805   0.00000   0.00000   0.00000   0.00555   0.00000   0.00000   0.00000   0.00000   0.00753   0.00000   0.01009   0.00641   0.00310   0.00000   0.01096   0.00000   0.02405   0.03655   0.00000   0.02133   0.00743   0.04255   0.00000   0.00839   0.04737   0.00929   0.02775   0.05309   1.97600   1.10439   0.02430   0.14312   2.57340  
 21 82.5543    838.471918  x:  0.00000   0.00792   0.00000   0.00000   0.00000   0.00567   0.00000   0.00000   0.00000   0.00000   0.00741   0.00000   0.01000   0.00630   0.00324   0.00000   0.01198   0.00000   0.02432   0.03413   0.00000   0.02024   0.00749   0.04242   0.00000   0.00944   0.04561   0.00788   0.02613   0.05327   1.97493   1.10574   0.02292   0.14452   2.57340  
 22 22.6978    838.389648  x:  0.00000   0.00786   0.00000   0.00000   0.00000   0.00558   0.00000   0.00000   0.00000   0.00000   0.00744   0.00000   0.00992   0.00622   0.00347   0.00000   0.01151   0.00000   0.02366   0.03376   0.00000   0.01930   0.00757   0.04226   0.00000   0.00887   0.03967   0.00858   0.02750   0.05382   1.97207   1.10982   0.01876   0.15079   2.57340  
 23 15.2857    837.927547  x:  0.00000   0.00793   0.00000   0.00000   0.00000   0.00488   0.00000   0.00000   0.00000   0.00000   0.00740   0.00000   0.00972   0.00597   0.00468   0.00000   0.01033   0.00000   0.03217   0.03487   0.00000   0.01763   0.00736   0.04326   0.00000   0.00584   0.04240   0.00875   0.02363   0.05741   1.95035   1.14016  -0.01197   0.18792   2.57331  
 24 24.4263    834.645806  x:  0.00000   0.00666   0.00000   0.00000   0.00000   0.00542   0.00000   0.00000   0.00000   0.00000   0.00825   0.00000   0.00438   0.00510   0.00386   0.00000   0.01409   0.00000   0.02367   0.04213   0.00000   0.00679   0.00498   0.05364   0.00000   0.00682   0.04800   0.00765   0.02940   0.07763   1.78348   1.35196  -0.22482   0.20648   2.57228  
 25 23.4255    831.035962  x:  0.00000   0.00879   0.00000   0.00000   0.00000   0.00611   0.00000   0.00000   0.00000   0.00000   0.00938   0.00000   0.00985   0.00842   0.00386   0.00000   0.01702   0.00000   0.02498   0.03790   0.00000   0.02177   0.00803   0.07130   0.00000   0.00791   0.04597   0.00805   0.03344   0.11330   1.46622   1.76126  -0.64301   0.17856   2.57246  
 26 15.2368    830.823921  x:  0.00000   0.00853   0.00000   0.00000   0.00000   0.00644   0.00000   0.00000   0.00000   0.00000   0.00897   0.00000   0.01080   0.00997   0.00434   0.00000   0.01659   0.00000   0.02448   0.03950   0.00000   0.01958   0.00955   0.06901   0.00000   0.00827   0.04687   0.00799   0.03271   0.11301   1.38693   1.93048  -0.81111   0.21005   2.57223  
 27  0.8080    830.675786  x:  0.00000   0.00998   0.00000   0.00000   0.00000   0.00694   0.00000   0.00000   0.00000   0.00000   0.00914   0.00000   0.00945   0.00937   0.00554   0.00000   0.01596   0.00000   0.02731   0.03978   0.00000   0.01814   0.00978   0.06935   0.00000   0.00861   0.04610   0.00881   0.03191   0.11125   1.34220   2.06072  -0.94092   0.19641   2.57224  
 28  4.3645    830.592086  x:  0.00000   0.00920   0.00000   0.00000   0.00000   0.00708   0.00000   0.00000   0.00000   0.00000   0.00903   0.00000   0.00723   0.00813   0.00576   0.00000   0.01631   0.00000   0.02723   0.03966   0.00000   0.01982   0.00895   0.06831   0.00000   0.00837   0.04628   0.00882   0.03214   0.11224   1.37912   2.13745  -1.01803   0.20587   2.57241  
 29  0.9802    830.478692  x:  0.00000   0.00741   0.00000   0.00000   0.00000   0.00727   0.00000   0.00000   0.00000   0.00000   0.00863   0.00000   0.00877   0.00795   0.00639   0.00000   0.01606   0.00000   0.02584   0.03983   0.00000   0.01820   0.00814   0.06857   0.00000   0.00761   0.04688   0.00840   0.03199   0.11358   1.47361   2.24329  -1.12361   0.20392   2.57226  
 30  1.1868    830.420716  x:  0.00000   0.00896   0.00000   0.00000   0.00000   0.00737   0.00000   0.00000   0.00000   0.00000   0.00823   0.00000   0.00870   0.00782   0.00669   0.00000   0.01593   0.00000   0.02325   0.03912   0.00000   0.01752   0.00739   0.06712   0.00000   0.00704   0.04793   0.00779   0.03210   0.11604   1.45174   2.26842  -1.14911   0.20454   2.57229  
 31  0.1537    830.420364  x:  0.00023   0.00898   0.00000   0.00000   0.00000   0.00737   0.00000   0.00000   0.00000   0.00000   0.00823   0.00000   0.00870   0.00782   0.00669   0.00000   0.01593   0.00000   0.02320   0.03911   0.00000   0.01751   0.00738   0.06710   0.00000   0.00703   0.04795   0.00777   0.03211   0.11608   1.45135   2.26885  -1.14954   0.20455   2.57229  
 32 10.3273    830.360083  x:  0.00063   0.00760   0.00000   0.00000   0.00000   0.00773   0.00000   0.00000   0.00000   0.00000   0.00770   0.00000   0.00778   0.00858   0.00704   0.00000   0.01557   0.00000   0.02238   0.03972   0.00000   0.01679   0.00744   0.06678   0.00000   0.00747   0.04849   0.00733   0.03201   0.11945   1.38191   2.25499  -1.13643   0.19982   2.57235  
 33  0.2237    830.330008  x:  0.00069   0.00783   0.00000   0.00000   0.00000   0.00806   0.00000   0.00000   0.00000   0.00000   0.00763   0.00000   0.00805   0.00743   0.00724   0.00000   0.01571   0.00000   0.02256   0.04067   0.00000   0.01616   0.00830   0.06659   0.00000   0.00813   0.04908   0.00728   0.03241   0.12211   1.38600   2.24100  -1.12191   0.20140   2.57203  
 34  0.1153    830.315959  x:  0.00073   0.00820   0.00000   0.00000   0.00000   0.00824   0.00000   0.00000   0.00000   0.00000   0.00762   0.00000   0.00783   0.00818   0.00741   0.00000   0.01559   0.00000   0.02321   0.04080   0.00000   0.01585   0.00820   0.06632   0.00000   0.00858   0.04906   0.00726   0.03244   0.12380   1.41814   2.22846  -1.10997   0.20274   2.57213  
 35  0.1828    830.303939  x:  0.00069   0.00795   0.00000   0.00000   0.00000   0.00827   0.00000   0.00000   0.00000   0.00000   0.00785   0.00000   0.00801   0.00795   0.00762   0.00000   0.01588   0.00000   0.02423   0.04023   0.00000   0.01580   0.00763   0.06575   0.00000   0.00843   0.04875   0.00730   0.03282   0.12555   1.40312   2.20193  -1.08385   0.20347   2.57217  
 36  0.0675    830.298205  x:  0.00075   0.00788   0.00000   0.00000   0.00000   0.00818   0.00000   0.00000   0.00000   0.00000   0.00796   0.00000   0.00780   0.00801   0.00775   0.00000   0.01608   0.00000   0.02424   0.03975   0.00000   0.01568   0.00811   0.06541   0.00000   0.00797   0.04853   0.00724   0.03290   0.12644   1.40871   2.18222  -1.06423   0.20193   2.57215  
 37  0.0832    830.295037  x:  0.00085   0.00793   0.00000   0.00000   0.00000   0.00808   0.00000   0.00000   0.00000   0.00000   0.00788   0.00000   0.00782   0.00792   0.00779   0.00000   0.01608   0.00000   0.02403   0.04041   0.00000   0.01581   0.00798   0.06504   0.00000   0.00793   0.04784   0.00715   0.03238   0.12705   1.41316   2.15928  -1.04142   0.20033   2.57217  
 38  0.0403    830.294322  x:  0.00082   0.00793   0.00000   0.00000   0.00000   0.00800   0.00000   0.00000   0.00000   0.00000   0.00791   0.00000   0.00791   0.00792   0.00781   0.00000   0.01590   0.00000   0.02389   0.04008   0.00000   0.01582   0.00796   0.06483   0.00000   0.00800   0.04802   0.00717   0.03233   0.12705   1.41501   2.14772  -1.02988   0.19994   2.57218  
 39  0.0143    830.294169  x:  0.00085   0.00792   0.00000   0.00000   0.00000   0.00794   0.00000   0.00000   0.00000   0.00000   0.00791   0.00000   0.00789   0.00793   0.00785   0.00000   0.01586   0.00000   0.02394   0.04024   0.00000   0.01585   0.00798   0.06481   0.00000   0.00799   0.04814   0.00715   0.03242   0.12687   1.41418   2.14458  -1.02671   0.19989   2.57218  
 40  0.0030    830.294123  x:  0.00085   0.00792   0.00000   0.00000   0.00000   0.00792   0.00000   0.00000   0.00000   0.00000   0.00790   0.00000   0.00789   0.00792   0.00790   0.00000   0.01587   0.00000   0.02394   0.04021   0.00000   0.01583   0.00797   0.06483   0.00000   0.00800   0.04810   0.00715   0.03239   0.12683   1.41462   2.14737  -1.02951   0.20005   2.57218  
 41  0.0019    830.294119  x:  0.00084   0.00792   0.00000   0.00000   0.00000   0.00792   0.00000   0.00000   0.00000   0.00000   0.00791   0.00000   0.00789   0.00793   0.00791   0.00000   0.01588   0.00000   0.02393   0.04021   0.00000   0.01584   0.00797   0.06485   0.00000   0.00800   0.04810   0.00715   0.03240   0.12684   1.41432   2.14678  -1.02892   0.20002   2.57218  
 42  0.0007    830.294119  x:  0.00085   0.00792   0.00000   0.00000   0.00000   0.00793   0.00000   0.00000   0.00000   0.00000   0.00790   0.00000   0.00789   0.00793   0.00791   0.00000   0.01588   0.00000   0.02393   0.04021   0.00000   0.01585   0.00798   0.06485   0.00000   0.00800   0.04809   0.00715   0.03240   0.12684   1.41428   2.14679  -1.02894   0.20001   2.57218  
 43  0.0000    830.294119  x:  0.00084   0.00792   0.00000   0.00000   0.00000   0.00793   0.00000   0.00000   0.00000   0.00000   0.00790   0.00000   0.00789   0.00793   0.00791   0.00000   0.01588   0.00000   0.02393   0.04021   0.00000   0.01585   0.00798   0.06485   0.00000   0.00800   0.04810   0.00715   0.03240   0.12684   1.41432   2.14681  -1.02896   0.20001   2.57218  
 44  0.0000    830.294119  x:  0.00084   0.00792   0.00000   0.00000   0.00000   0.00793   0.00000   0.00000   0.00000   0.00000   0.00790   0.00000   0.00789   0.00793   0.00791   0.00000   0.01588   0.00000   0.02393   0.04021   0.00000   0.01585   0.00798   0.06485   0.00000   0.00800   0.04810   0.00715   0.03240   0.12684   1.41432   2.14680  -1.02895   0.20001   2.57218  
 45  0.0000    830.294119  x:  0.00084   0.00792   0.00000   0.00000   0.00000   0.00793   0.00000   0.00000   0.00000   0.00000   0.00790   0.00000   0.00789   0.00793   0.00791   0.00000   0.01588   0.00000   0.02393   0.04021   0.00000   0.01585   0.00798   0.06485   0.00000   0.00800   0.04810   0.00715   0.03240   0.12684   1.41432   2.14679  -1.02894   0.20001   2.57218  
 46  0.0000    830.294119  x:  0.00084   0.00792   0.00000   0.00000   0.00000   0.00793   0.00000   0.00000   0.00000   0.00000   0.00790   0.00000   0.00789   0.00793   0.00791   0.00000   0.01588   0.00000   0.02393   0.04021   0.00000   0.01585   0.00798   0.06485   0.00000   0.00800   0.04810   0.00715   0.03240   0.12684   1.41432   2.14679  -1.02894   0.20001   2.57218  
 47  0.0000    830.294119  x:  0.00084   0.00792   0.00000   0.00000   0.00000   0.00793   0.00000   0.00000   0.00000   0.00000   0.00790   0.00000   0.00789   0.00793   0.00791   0.00000   0.01588   0.00000   0.02393   0.04021   0.00000   0.01585   0.00798   0.06485   0.00000   0.00800   0.04810   0.00715   0.03240   0.12684   1.41432   2.14678  -1.02893   0.20001   2.57218  
 48  0.0000    830.294119  x:  0.00084   0.00792   0.00000   0.00000   0.00000   0.00793   0.00000   0.00000   0.00000   0.00000   0.00790   0.00000   0.00789   0.00793   0.00791   0.00000   0.01588   0.00000   0.02393   0.04021   0.00000   0.01585   0.00798   0.06485   0.00000   0.00800   0.04810   0.00715   0.03240   0.12684   1.41432   2.14679  -1.02894   0.20001   2.57218  
 49  0.0000    830.294119  x:  0.00084   0.00792   0.00000   0.00000   0.00000   0.00793   0.00000   0.00000   0.00000   0.00000   0.00790   0.00000   0.00789   0.00793   0.00791   0.00000   0.01588   0.00000   0.02393   0.04021   0.00000   0.01585   0.00798   0.06485   0.00000   0.00800   0.04810   0.00715   0.03240   0.12684   1.41432   2.14679  -1.02894   0.20001   2.57218  