

TREE # 1

  0  0.0000    369.651169  x:  0.00581   0.02802   0.00000   0.00283   0.01449   0.03998   0.00575   0.00678   0.01146   0.00398   0.03747   0.00472   0.00437   0.00302   0.00339   0.01059   0.01101   0.03235   0.05084   0.02578   0.01148   0.01950   0.00349   0.00314   0.00189   0.02730   0.00667   0.04669   0.03977   0.04924   2.00000   1.09989   0.02896   0.27919  
  1 99.0000    369.650323  x:  0.00581   0.02802   0.00000   0.00283   0.01449   0.03998   0.00574   0.00678   0.01146   0.00398   0.03747   0.00472   0.00437   0.00302   0.00339   0.01059   0.01101   0.03235   0.05084   0.02578   0.01148   0.01950   0.00349   0.00314   0.00189   0.02730   0.00667   0.04669   0.03977   0.04924   2.00000   1.09989   0.02896   0.27919  
  2 244.6661    367.714932  x:  0.00606   0.02663   0.00000   0.00101   0.01263   0.03979   0.00379   0.00491   0.00963   0.00215   0.03757   0.00285   0.00250   0.00116   0.00152   0.00873   0.00913   0.03314   0.05127   0.02878   0.00963   0.01901   0.00159   0.00124   0.00000   0.02599   0.00478   0.04695   0.03965   0.04992   1.99995   1.09990   0.02896   0.27866  
  3 2362.8652    366.634165  x:  0.00656   0.02321   0.00000   0.00085   0.01184   0.03983   0.00192   0.00374   0.00883   0.00135   0.03835   0.00168   0.00132   0.00009   0.00034   0.00755   0.00812   0.03482   0.05335   0.02714   0.00859   0.01951   0.00043   0.00000   0.00000   0.02315   0.00369   0.04743   0.03989   0.05271   1.99975   1.09975   0.02912   0.27540  
  4 142.0635    366.558672  x:  0.00653   0.02321   0.00000   0.00087   0.01179   0.03983   0.00173   0.00364   0.00877   0.00130   0.03836   0.00158   0.00122   0.00000   0.00024   0.00745   0.00804   0.03479   0.05343   0.02716   0.00851   0.01948   0.00033   0.00000   0.00000   0.02316   0.00360   0.04741   0.03989   0.05281   1.99972   1.09973   0.02914   0.27502  
  5 133.9224    366.390067  x:  0.00653   0.02320   0.00000   0.00094   0.01166   0.03983   0.00129   0.00340   0.00864   0.00116   0.03836   0.00134   0.00098   0.00000   0.00000   0.00721   0.00785   0.03478   0.05350   0.02721   0.00832   0.01949   0.00010   0.00000   0.00000   0.02316   0.00338   0.04740   0.03989   0.05291   1.99966   1.09969   0.02918   0.27409  
  6 4317.4789    366.329945  x:  0.00653   0.02321   0.00000   0.00096   0.01161   0.03982   0.00112   0.00330   0.00859   0.00111   0.03836   0.00125   0.00089   0.00000   0.00000   0.00712   0.00778   0.03477   0.05354   0.02723   0.00825   0.01952   0.00000   0.00000   0.00000   0.02316   0.00330   0.04740   0.03989   0.05296   1.99964   1.09967   0.02920   0.27373  
  7 15282.4282    365.963036  x:  0.00702   0.02367   0.00000   0.00100   0.01124   0.03984   0.00000   0.00268   0.00824   0.00076   0.03815   0.00063   0.00027   0.00000   0.00000   0.00650   0.00731   0.03499   0.05392   0.02725   0.00775   0.01918   0.00000   0.00000   0.00000   0.02311   0.00276   0.04788   0.03998   0.05332   1.99952   1.09952   0.02937   0.27078  
  8 460.7891    365.825742  x:  0.00700   0.02366   0.00000   0.00098   0.01107   0.03985   0.00000   0.00242   0.00809   0.00061   0.03812   0.00037   0.00000   0.00000   0.00000   0.00623   0.00711   0.03503   0.05400   0.02730   0.00753   0.01918   0.00000   0.00000   0.00000   0.02310   0.00253   0.04786   0.04000   0.05339   1.99947   1.09945   0.02945   0.26944  
  9 693.2913    365.654140  x:  0.00702   0.02361   0.00000   0.00093   0.01083   0.03983   0.00000   0.00205   0.00788   0.00040   0.03819   0.00000   0.00000   0.00000   0.00000   0.00586   0.00683   0.03496   0.05406   0.02738   0.00723   0.01918   0.00000   0.00000   0.00000   0.02308   0.00221   0.04788   0.03999   0.05349   1.99940   1.09935   0.02956   0.26763  
 10 8781.5719    365.398993  x:  0.00699   0.02367   0.00000   0.00076   0.01038   0.03980   0.00000   0.00146   0.00748   0.00000   0.03827   0.00000   0.00000   0.00000   0.00000   0.00526   0.00633   0.03507   0.05408   0.02747   0.00674   0.01919   0.00000   0.00000   0.00000   0.02306   0.00166   0.04784   0.03996   0.05372   1.99929   1.09923   0.02970   0.26524  
 11 2093.2549    364.821282  x:  0.00697   0.02362   0.00000   0.00031   0.00925   0.03980   0.00000   0.00000   0.00649   0.00000   0.03819   0.00000   0.00000   0.00000   0.00000   0.00381   0.00511   0.03510   0.05431   0.02770   0.00553   0.01923   0.00000   0.00000   0.00000   0.02302   0.00032   0.04781   0.03998   0.05411   1.99903   1.09895   0.03002   0.25959  
 12 13651.5979    364.704687  x:  0.00695   0.02364   0.00000   0.00018   0.00897   0.03979   0.00000   0.00000   0.00627   0.00000   0.03823   0.00000   0.00000   0.00000   0.00000   0.00347   0.00481   0.03512   0.05442   0.02775   0.00525   0.01923   0.00000   0.00000   0.00000   0.02299   0.00000   0.04780   0.03998   0.05414   1.99897   1.09889   0.03009   0.25836  
 13 6227.3024    364.583737  x:  0.00696   0.02362   0.00000   0.00000   0.00862   0.03978   0.00000   0.00000   0.00601   0.00000   0.03824   0.00000   0.00000   0.00000   0.00000   0.00306   0.00445   0.03515   0.05447   0.02780   0.00490   0.01924   0.00000   0.00000   0.00000   0.02302   0.00000   0.04779   0.03997   0.05424   1.99891   1.09882   0.03017   0.25697  
 14 4662.1848    363.751550  x:  0.00680   0.02380   0.00000   0.00000   0.00594   0.03984   0.00000   0.00000   0.00409   0.00000   0.03796   0.00000   0.00000   0.00000   0.00000   0.00000   0.00168   0.03503   0.05450   0.02821   0.00228   0.01926   0.00000   0.00000   0.00000   0.02242   0.00000   0.04762   0.04005   0.05520   1.99846   1.09833   0.03074   0.24703  
 15 6562.2116    363.371174  x:  0.00678   0.02379   0.00000   0.00000   0.00429   0.03989   0.00000   0.00000   0.00291   0.00000   0.03805   0.00000   0.00000   0.00000   0.00000   0.00000   0.00000   0.03511   0.05468   0.02839   0.00075   0.01929   0.00000   0.00000   0.00000   0.02244   0.00000   0.04759   0.04019   0.05547   1.99824   1.09812   0.03098   0.24261  
 16 943.5931    363.231725  x:  0.00677   0.02378   0.00000   0.00000   0.00348   0.03980   0.00000   0.00000   0.00233   0.00000   0.03802   0.00000   0.00000   0.00000   0.00000   0.00000   0.00000   0.03514   0.05480   0.02847   0.00000   0.01930   0.00000   0.00000   0.00000   0.02242   0.00000   0.04758   0.04006   0.05559   1.99814   1.09802   0.03110   0.24060  
 17 4486.9691    362.901281  x:  0.00675   0.02378   0.00000   0.00000   0.00065   0.03996   0.00000   0.00000   0.00000   0.00000   0.03812   0.00000   0.00000   0.00000   0.00000   0.00000   0.00000   0.03522   0.05491   0.02866   0.00000   0.01933   0.00000   0.00000   0.00000   0.02242   0.00000   0.04755   0.04022   0.05591   1.99791   1.09781   0.03135   0.23603  
 18 431.0821    362.857549  x:  0.00674   0.02377   0.00000   0.00000   0.00000   0.03978   0.00000   0.00000   0.00000   0.00000   0.03811   0.00000   0.00000   0.00000   0.00000   0.00000   0.00000   0.03523   0.05493   0.02869   0.00000   0.01933   0.00000   0.00000   0.00000   0.02241   0.00000   0.04754   0.04036   0.05596   1.99786   1.09777   0.03139   0.23525  
 19 374.4594    361.988761  x:  0.00700   0.02178   0.00000   0.00000   0.00000   0.04621   0.00000   0.00000   0.00000   0.00000   0.03999   0.00000   0.00000   0.00000   0.00000   0.00000   0.00000   0.03758   0.05980   0.03382   0.00000   0.01955   0.00000   0.00000   0.00000   0.02246   0.00000   0.04757   0.03823   0.06295   1.97852   1.09795   0.03236   0.06610  
 20 24.9599    361.613033  x:  0.00698   0.01723   0.00000   0.00000   0.00000   0.03767   0.00000   0.00000   0.00000   0.00000   0.03722   0.00000   0.00000   0.00000   0.00000   0.00000   0.00000   0.03469   0.04899   0.03073   0.00000   0.01307   0.00000   0.00000   0.00000   0.01641   0.00000   0.04767   0.03489   0.05321   1.78469   1.12349   0.00774   0.03855  
 21  1.3073    361.283856  x:  0.00729   0.01324   0.00000   0.00000   0.00000   0.03533   0.00000   0.00000   0.00000   0.00000   0.02903   0.00000   0.00000   0.00000   0.00000   0.00000   0.00000   0.03387   0.05541   0.03600   0.00000   0.01521   0.00000   0.00000   0.00000   0.01377   0.00000   0.04779   0.03252   0.05542   1.38369   1.14747  -0.01529   0.05079  
 22  1.8795    361.135565  x:  0.00707   0.01621   0.00000   0.00000   0.00000   0.03197   0.00000   0.00000   0.00000   0.00000   0.03398   0.00000   0.00000   0.00000   0.00000   0.00000   0.00000   0.03549   0.05438   0.03585   0.00000   0.01717   0.00000   0.00000   0.00000   0.01458   0.00000   0.04759   0.03139   0.05502   1.14688   1.18768  -0.05554   0.05135  
 23  2.4963    361.072771  x:  0.00644   0.01514   0.00000   0.00000   0.00000   0.03435   0.00000   0.00000   0.00000   0.00000   0.03349   0.00000   0.00000   0.00000   0.00000   0.00000   0.00000   0.03557   0.05354   0.03571   0.00000   0.01643   0.00000   0.00000   0.00000   0.01716   0.00000   0.04697   0.03669   0.05392   1.06763   1.25814  -0.12578   0.06643  
 24  0.7052    361.036731  x:  0.00578   0.01690   0.00000   0.00000   0.00000   0.03458   0.00000   0.00000   0.00000   0.00000   0.03411   0.00000   0.00000   0.00000   0.00000   0.00000   0.00000   0.03540   0.05261   0.03595   0.00000   0.01697   0.00000   0.00000   0.00000   0.01587   0.00000   0.04631   0.03753   0.05468   1.09102   1.33864  -0.20640   0.08614  
 25  0.5199    361.024056  x:  0.00619   0.01681   0.00000   0.00000   0.00000   0.03415   0.00000   0.00000   0.00000   0.00000   0.03425   0.00000   0.00000   0.00000   0.00000   0.00000   0.00000   0.03526   0.05337   0.03545   0.00000   0.01779   0.00000   0.00000   0.00000   0.01741   0.00000   0.04676   0.03693   0.05373   1.11729   1.37007  -0.23796   0.08664  
 26  0.2483    361.019589  x:  0.00594   0.01662   0.00000   0.00000   0.00000   0.03489   0.00000   0.00000   0.00000   0.00000   0.03556   0.00000   0.00000   0.00000   0.00000   0.00000   0.00000   0.03561   0.05345   0.03598   0.00000   0.01720   0.00000   0.00000   0.00000   0.01760   0.00000   0.04648   0.03646   0.05524   1.12298   1.37534  -0.24312   0.08610  
 27  0.0483    361.018159  x:  0.00583   0.01700   0.00000   0.00000   0.00000   0.03550   0.00000   0.00000   0.00000   0.00000   0.03546   0.00000   0.00000   0.00000   0.00000   0.00000   0.00000   0.03560   0.05362   0.03586   0.00000   0.01727   0.00000   0.00000   0.00000   0.01737   0.00000   0.04636   0.03681   0.05496   1.12255   1.37577  -0.24358   0.08363  
 28  0.0216    361.017072  x:  0.00600   0.01723   0.00000   0.00000   0.00000   0.03569   0.00000   0.00000   0.00000   0.00000   0.03557   0.00000   0.00000   0.00000   0.00000   0.00000   0.00000   0.03569   0.05260   0.03554   0.00000   0.01720   0.00000   0.00000   0.00000   0.01744   0.00000   0.04655   0.03627   0.05472   1.11861   1.37758  -0.24547   0.08375  
 29  0.0089    361.016872  x:  0.00600   0.01725   0.00000   0.00000   0.00000   0.03569   0.00000   0.00000   0.00000   0.00000   0.03578   0.00000   0.00000   0.00000   0.00000   0.00000   0.00000   0.03567   0.05287   0.03547   0.00000   0.01708   0.00000   0.00000   0.00000   0.01739   0.00000   0.04656   0.03618   0.05432   1.11725   1.37884  -0.24674   0.08411  
 30  0.0161    361.016824  x:  0.00599   0.01728   0.00000   0.00000   0.00000   0.03561   0.00000   0.00000   0.00000   0.00000   0.03578   0.00000   0.00000   0.00000   0.00000   0.00000   0.00000   0.03552   0.05290   0.03539   0.00000   0.01705   0.00000   0.00000   0.00000   0.01738   0.00000   0.04655   0.03616   0.05444   1.11549   1.38058  -0.24850   0.08412  
 31  0.0090    361.016810  x:  0.00597   0.01727   0.00000   0.00000   0.00000   0.03554   0.00000   0.00000   0.00000   0.00000   0.03578   0.00000   0.00000   0.00000   0.00000   0.00000   0.00000   0.03561   0.05288   0.03537   0.00000   0.01704   0.00000   0.00000   0.00000   0.01735   0.00000   0.04654   0.03617   0.05444   1.11499   1.38163  -0.24955   0.08412  
 32  0.0034    361.016809  x:  0.00598   0.01727   0.00000   0.00000   0.00000   0.03554   0.00000   0.00000   0.00000   0.00000   0.03580   0.00000   0.00000   0.00000   0.00000   0.00000   0.00000   0.03560   0.05287   0.03537   0.00000   0.01705   0.00000   0.00000   0.00000   0.01734   0.00000   0.04655   0.03618   0.05444   1.11501   1.38170  -0.24962   0.08411  
 33  0.0004    361.016808  x:  0.00598   0.01727   0.00000   0.00000   0.00000   0.03554   0.00000   0.00000   0.00000   0.00000   0.03580   0.00000   0.00000   0.00000   0.00000   0.00000   0.00000   0.03560   0.05287   0.03537   0.00000   0.01705   0.00000   0.00000   0.00000   0.01734   0.00000   0.04655   0.03619   0.05444   1.11520   1.38157  -0.24949   0.08411  
 34  0.0003    361.016808  x:  0.00598   0.01727   0.00000   0.00000   0.00000   0.03554   0.00000   0.00000   0.00000   0.00000   0.03580   0.00000   0.00000   0.00000   0.00000   0.00000   0.00000   0.03560   0.05287   0.03537   0.00000   0.01705   0.00000   0.00000   0.00000   0.01734   0.00000   0.04655   0.03619   0.05444   1.11519   1.38159  -0.24951   0.08411  
 35  0.0000    361.016808  x:  0.00598   0.01727   0.00000   0.00000   0.00000   0.03554   0.00000   0.00000   0.00000   0.00000   0.03580   0.00000   0.00000   0.00000   0.00000   0.00000   0.00000   0.03560   0.05287   0.03537   0.00000   0.01705   0.00000   0.00000   0.00000   0.01734   0.00000   0.04655   0.03619   0.05444   1.11519   1.38159  -0.24950   0.08411  
 36  0.0000    361.016808  x:  0.00598   0.01727   0.00000   0.00000   0.00000   0.03554   0.00000   0.00000   0.00000   0.00000   0.03580   0.00000   0.00000   0.00000   0.00000   0.00000   0.00000   0.03560   0.05287   0.03537   0.00000   0.01705   0.00000   0.00000   0.00000   0.01734   0.00000   0.04656   0.03619   0.05444   1.11519   1.38159  -0.24950   0.08411  
 37  0.0000    361.016808  x:  0.00598   0.01727   0.00000   0.00000   0.00000   0.03554   0.00000   0.00000   0.00000   0.00000   0.03580   0.00000   0.00000   0.00000   0.00000   0.00000   0.00000   0.03560   0.05287   0.03537   0.00000   0.01705   0.00000   0.00000   0.00000   0.01734   0.00000   0.04656   0.03619   0.05444   1.11519   1.38159  -0.24950   0.08411  
 38  0.0000    361.016808  x:  0.00598   0.01727   0.00000   0.00000   0.00000   0.03554   0.00000   0.00000   0.00000   0.00000   0.03580   0.00000   0.00000   0.00000   0.00000   0.00000   0.00000   0.03560   0.05287   0.03537   0.00000   0.01705   0.00000   0.00000   0.00000   0.01734   0.00000   0.04656   0.03619   0.05444   1.11519   1.38159  -0.24950   0.08411  
 39  0.0000    361.016808  x:  0.00597   0.01727   0.00000   0.00000   0.00000   0.03554   0.00000   0.00000   0.00000   0.00000   0.03580   0.00000   0.00000   0.00000   0.00000   0.00000   0.00000   0.03560   0.05287   0.03537   0.00000   0.01705   0.00000   0.00000   0.00000   0.01734   0.00000   0.04657   0.03619   0.05444   1.11519   1.38160  -0.24950   0.08411  
 40  0.0001    361.016808  x:  0.00595   0.01727   0.00000   0.00000   0.00000   0.03554   0.00000   0.00000   0.00000   0.00000   0.03580   0.00000   0.00000   0.00000   0.00000   0.00000   0.00000   0.03560   0.05287   0.03537   0.00000   0.01705   0.00000   0.00000   0.00000   0.01734   0.00000   0.04658   0.03619   0.05444   1.11519   1.38161  -0.24949   0.08411  
 41  0.0001    361.016808  x:  0.00594   0.01727   0.00000   0.00000   0.00000   0.03554   0.00000   0.00000   0.00000   0.00000   0.03580   0.00000   0.00000   0.00000   0.00000   0.00000   0.00000   0.03560   0.05287   0.03537   0.00000   0.01705   0.00000   0.00000   0.00000   0.01734   0.00000   0.04660   0.03619   0.05444   1.11519   1.38161  -0.24948   0.08411  
 42  0.0002    361.016808  x:  0.00593   0.01727   0.00000   0.00000   0.00000   0.03554   0.00000   0.00000   0.00000   0.00000   0.03580   0.00000   0.00000   0.00000   0.00000   0.00000   0.00000   0.03560   0.05287   0.03537   0.00000   0.01705   0.00000   0.00000   0.00000   0.01734   0.00000   0.04661   0.03619   0.05444   1.11519   1.38162  -0.24947   0.08411  
 43  0.0004    361.016808  x:  0.00588   0.01727   0.00000   0.00000   0.00000   0.03554   0.00000   0.00000   0.00000   0.00000   0.03580   0.00000   0.00000   0.00000   0.00000   0.00000   0.00000   0.03560   0.05287   0.03537   0.00000   0.01705   0.00000   0.00000   0.00000   0.01734   0.00000   0.04666   0.03619   0.05444   1.11519   1.38165  -0.24945   0.08411  