Supplemental results for CODEML (seqf: /Users/YY/Desktop/get/branch_site/modify/modify_trim_muscle_petN.fa  treef: /Users/YY/Desktop/get/branch_site/16gene_topu.tree)


dN/dS (w) for site classes (K=4)

site class             0        1       2a       2b
proportion       1.00000  0.00000  0.00000  0.00000
background w     0.34487  1.00000  0.34487  1.00000
foreground w     0.34487  1.00000  1.00000  1.00000

Naive Empirical Bayes (NEB) probabilities for 4 classes
(amino acids refer to 1st sequence: NC_033344)

   1 M   1.00000 0.00000 0.00000 0.00000 ( 1)
   2 D   1.00000 0.00000 0.00000 0.00000 ( 1)
   3 I   1.00000 0.00000 0.00000 0.00000 ( 1)
   4 V   1.00000 0.00000 0.00000 0.00000 ( 1)
   5 S   1.00000 0.00000 0.00000 0.00000 ( 1)
   6 L   1.00000 0.00000 0.00000 0.00000 ( 1)
   7 A   1.00000 0.00000 0.00000 0.00000 ( 1)
   8 W   1.00000 0.00000 0.00000 0.00000 ( 1)
   9 A   1.00000 0.00000 0.00000 0.00000 ( 1)
  10 A   1.00000 0.00000 0.00000 0.00000 ( 1)
  11 L   1.00000 0.00000 0.00000 0.00000 ( 1)
  12 M   1.00000 0.00000 0.00000 0.00000 ( 1)
  13 V   1.00000 0.00000 0.00000 0.00000 ( 1)
  14 V   1.00000 0.00000 0.00000 0.00000 ( 1)
  15 F   1.00000 0.00000 0.00000 0.00000 ( 1)
  16 T   1.00000 0.00000 0.00000 0.00000 ( 1)
  17 F   1.00000 0.00000 0.00000 0.00000 ( 1)
  18 S   1.00000 0.00000 0.00000 0.00000 ( 1)
  19 L   1.00000 0.00000 0.00000 0.00000 ( 1)
  20 S   1.00000 0.00000 0.00000 0.00000 ( 1)
  21 L   1.00000 0.00000 0.00000 0.00000 ( 1)
  22 V   1.00000 0.00000 0.00000 0.00000 ( 1)
  23 V   1.00000 0.00000 0.00000 0.00000 ( 1)
  24 W   1.00000 0.00000 0.00000 0.00000 ( 1)
  25 G   1.00000 0.00000 0.00000 0.00000 ( 1)
  26 R   1.00000 0.00000 0.00000 0.00000 ( 1)
  27 S   1.00000 0.00000 0.00000 0.00000 ( 1)
  28 G   1.00000 0.00000 0.00000 0.00000 ( 1)
  29 L   1.00000 0.00000 0.00000 0.00000 ( 1)


lnL =  -122.658011

