

TREE # 1

  0  0.0000    148.665802  x:  0.00000   0.01415   0.05795   0.01880   0.06734   0.06647   0.03270   0.03867   0.06595   0.01919   0.04961   0.02479   0.02328   0.01586   0.01900   0.05939   0.05483   0.02548   0.04822   0.03317   0.07007   0.03565   0.01249   0.01922   0.00902   0.06775   0.04040   0.04088   0.08544   0.02466   2.00000   1.09989   0.02896   0.27919  
  1 99.0000    148.665247  x:  0.00000   0.01415   0.05795   0.01880   0.06734   0.06646   0.03270   0.03867   0.06595   0.01919   0.04961   0.02479   0.02328   0.01586   0.01900   0.05939   0.05483   0.02548   0.04822   0.03317   0.07007   0.03565   0.01249   0.01922   0.00902   0.06775   0.04040   0.04088   0.08544   0.02466   2.00000   1.09989   0.02896   0.27919  
  2 125.5731    142.760336  x:  0.00000   0.00515   0.04904   0.00981   0.05845   0.05758   0.02323   0.02972   0.05706   0.01020   0.04068   0.01581   0.01429   0.00686   0.01001   0.05048   0.04591   0.01650   0.03929   0.02421   0.06119   0.02669   0.00348   0.01022   0.00000   0.05886   0.03145   0.03219   0.08124   0.03420   2.00015   1.09988   0.02899   0.27395  
  3 27442.6521    140.554418  x:  0.00000   0.00169   0.04560   0.00634   0.05503   0.05415   0.01955   0.02627   0.05363   0.00673   0.03723   0.01234   0.01082   0.00339   0.00654   0.04704   0.04247   0.01303   0.03584   0.02075   0.05776   0.02323   0.00000   0.00675   0.00000   0.05542   0.02799   0.02923   0.07992   0.03663   2.00029   1.09961   0.02928   0.26870  
  4 1936.7484    139.453048  x:  0.00000   0.00000   0.04391   0.00466   0.05333   0.05245   0.01753   0.02458   0.05193   0.00504   0.03554   0.01066   0.00914   0.00170   0.00485   0.04534   0.04078   0.01135   0.03414   0.01905   0.05606   0.02154   0.00000   0.00506   0.00000   0.05372   0.02629   0.02704   0.07787   0.03687   2.00046   1.09978   0.02913   0.26222  
  5 321.9909    138.433594  x:  0.00000   0.00000   0.04220   0.00296   0.05162   0.05074   0.01515   0.02287   0.05022   0.00334   0.03384   0.00896   0.00743   0.00000   0.00314   0.04363   0.03908   0.00964   0.03244   0.01735   0.05435   0.01984   0.00000   0.00335   0.00000   0.05200   0.02457   0.02450   0.08173   0.03719   2.00064   1.10010   0.02882   0.25585  
  6 276.5964    136.661060  x:  0.00000   0.00000   0.03939   0.00000   0.04883   0.04796   0.00864   0.01998   0.04744   0.00037   0.03099   0.00603   0.00448   0.00000   0.00016   0.04082   0.03627   0.00669   0.02958   0.01443   0.05162   0.01699   0.00000   0.00037   0.00000   0.04920   0.02163   0.01982   0.08161   0.03845   2.00088   1.10086   0.02804   0.24924  
  7 78.6243    136.572842  x:  0.00000   0.00000   0.03924   0.00000   0.04869   0.04782   0.00829   0.01983   0.04729   0.00022   0.03085   0.00588   0.00433   0.00000   0.00000   0.04067   0.03612   0.00654   0.02943   0.01428   0.05147   0.01684   0.00000   0.00022   0.00000   0.04905   0.02148   0.01961   0.08157   0.03859   2.00092   1.10108   0.02785   0.24871  
  8 39.1091    136.457685  x:  0.00000   0.00000   0.03905   0.00000   0.04851   0.04763   0.00762   0.01963   0.04711   0.00000   0.03065   0.00567   0.00412   0.00000   0.00000   0.04048   0.03593   0.00634   0.02924   0.01407   0.05127   0.01663   0.00000   0.00000   0.00000   0.04887   0.02128   0.01948   0.08154   0.03867   2.00095   1.10128   0.02768   0.24816  
  9 31.7782    135.279197  x:  0.00000   0.00000   0.03693   0.00000   0.04646   0.04554   0.00000   0.01740   0.04505   0.00000   0.02850   0.00335   0.00183   0.00000   0.00000   0.03837   0.03382   0.00404   0.02709   0.01172   0.04908   0.01433   0.00000   0.00000   0.00000   0.04684   0.01907   0.01756   0.08123   0.03956   2.00136   1.10422   0.02528   0.24040  
 10 338.0908    134.516246  x:  0.00000   0.00000   0.03527   0.00000   0.04487   0.04393   0.00000   0.01564   0.04346   0.00000   0.02683   0.00151   0.00000   0.00000   0.00000   0.03673   0.03217   0.00221   0.02539   0.00988   0.04742   0.01253   0.00000   0.00000   0.00000   0.04526   0.01732   0.01593   0.08104   0.04000   2.00155   1.10568   0.02406   0.23650  
 11 73.7370    133.943598  x:  0.00000   0.00000   0.03396   0.00000   0.04364   0.04268   0.00000   0.01421   0.04222   0.00000   0.02549   0.00000   0.00000   0.00000   0.00000   0.03543   0.03088   0.00071   0.02405   0.00835   0.04609   0.01105   0.00000   0.00000   0.00000   0.04405   0.01591   0.01494   0.08088   0.04044   2.00178   1.10727   0.02209   0.23196  
 12 67.4939    133.710973  x:  0.00000   0.00000   0.03339   0.00000   0.04312   0.04213   0.00000   0.01355   0.04167   0.00000   0.02488   0.00000   0.00000   0.00000   0.00000   0.03487   0.03031   0.00000   0.02345   0.00764   0.04551   0.01037   0.00000   0.00000   0.00000   0.04353   0.01527   0.01467   0.08083   0.04055   2.00184   1.10772   0.02150   0.23058  
 13 57.4793    131.380612  x:  0.00000   0.00000   0.02723   0.00000   0.03754   0.03637   0.00000   0.00639   0.03589   0.00000   0.01839   0.00000   0.00000   0.00000   0.00000   0.02880   0.02421   0.00000   0.01698   0.00000   0.03932   0.00300   0.00000   0.00000   0.00000   0.03800   0.00840   0.01132   0.08034   0.04199   2.00282   1.11437   0.01303   0.21145  
 14 159.6938    130.511523  x:  0.00000   0.00000   0.02472   0.00000   0.03527   0.03403   0.00000   0.00346   0.03355   0.00000   0.01575   0.00000   0.00000   0.00000   0.00000   0.02633   0.02173   0.00000   0.01434   0.00000   0.03683   0.00000   0.00000   0.00000   0.00000   0.03575   0.00559   0.00987   0.08018   0.04244   2.00312   1.11638   0.01040   0.20514  
 15 200.7495    129.594041  x:  0.00000   0.00000   0.02183   0.00000   0.03269   0.03136   0.00000   0.00000   0.03086   0.00000   0.01268   0.00000   0.00000   0.00000   0.00000   0.02349   0.01887   0.00000   0.01127   0.00000   0.03393   0.00000   0.00000   0.00000   0.00000   0.03321   0.00230   0.00849   0.07998   0.04310   2.00365   1.11983   0.00607   0.19577  
 16 156.5903    129.022293  x:  0.00000   0.00000   0.01981   0.00000   0.03090   0.02950   0.00000   0.00000   0.02900   0.00000   0.01054   0.00000   0.00000   0.00000   0.00000   0.02151   0.01688   0.00000   0.00913   0.00000   0.03194   0.00000   0.00000   0.00000   0.00000   0.03143   0.00000   0.00762   0.07988   0.04342   2.00393   1.12155   0.00389   0.19084  
 17 145.4415    126.854034  x:  0.00000   0.00000   0.01130   0.00000   0.02345   0.02174   0.00000   0.00000   0.02119   0.00000   0.00141   0.00000   0.00000   0.00000   0.00000   0.01316   0.00846   0.00000   0.00000   0.00000   0.02349   0.00000   0.00000   0.00000   0.00000   0.02406   0.00000   0.00442   0.07942   0.04504   2.00541   1.13051  -0.00741   0.16610  
 18 377.4794    126.556551  x:  0.00000   0.00000   0.00999   0.00000   0.02230   0.02055   0.00000   0.00000   0.01998   0.00000   0.00000   0.00000   0.00000   0.00000   0.00000   0.01188   0.00717   0.00000   0.00000   0.00000   0.02220   0.00000   0.00000   0.00000   0.00000   0.02293   0.00000   0.00393   0.07936   0.04526   2.00561   1.13169  -0.00891   0.16272  
 19 830.4026    125.109430  x:  0.00000   0.00000   0.00273   0.00000   0.01599   0.01396   0.00000   0.00000   0.01336   0.00000   0.00000   0.00000   0.00000   0.00000   0.00000   0.00478   0.00000   0.00000   0.00000   0.00000   0.01503   0.00000   0.00000   0.00000   0.00000   0.01669   0.00000   0.00144   0.07898   0.04660   2.00689   1.13921  -0.01839   0.14183  
 20 971.2701    124.631813  x:  0.00000   0.00000   0.00000   0.00000   0.01360   0.01148   0.00000   0.00000   0.01086   0.00000   0.00000   0.00000   0.00000   0.00000   0.00000   0.00210   0.00000   0.00000   0.00000   0.00000   0.01235   0.00000   0.00000   0.00000   0.00000   0.01433   0.00000   0.00045   0.07886   0.04703   2.00730   1.14158  -0.02140   0.13504  
 21 637.3955    124.434409  x:  0.00000   0.00000   0.00000   0.00000   0.01245   0.01028   0.00000   0.00000   0.00965   0.00000   0.00000   0.00000   0.00000   0.00000   0.00000   0.00081   0.00000   0.00000   0.00000   0.00000   0.01104   0.00000   0.00000   0.00000   0.00000   0.01319   0.00000   0.00000   0.07879   0.04726   2.00752   1.14285  -0.02301   0.13146  
 22 1996.8332    124.319268  x:  0.00000   0.00000   0.00000   0.00000   0.01173   0.00953   0.00000   0.00000   0.00891   0.00000   0.00000   0.00000   0.00000   0.00000   0.00000   0.00000   0.00000   0.00000   0.00000   0.00000   0.01023   0.00000   0.00000   0.00000   0.00000   0.01249   0.00000   0.00000   0.07877   0.04738   2.00764   1.14353  -0.02386   0.12954  
 23 411.0474    123.191752  x:  0.00000   0.00000   0.00000   0.00000   0.00319   0.00067   0.00000   0.00000   0.00000   0.00000   0.00000   0.00000   0.00000   0.00000   0.00000   0.00000   0.00000   0.00000   0.00000   0.00000   0.00071   0.00000   0.00000   0.00000   0.00000   0.00406   0.00000   0.00000   0.07848   0.04869   2.00900   1.15109  -0.03339   0.10804  
 24 4752.9886    123.124770  x:  0.00000   0.00000   0.00000   0.00000   0.00256   0.00001   0.00000   0.00000   0.00000   0.00000   0.00000   0.00000   0.00000   0.00000   0.00000   0.00000   0.00000   0.00000   0.00000   0.00000   0.00000   0.00000   0.00000   0.00000   0.00000   0.00343   0.00000   0.00000   0.07846   0.04878   2.00909   1.15158  -0.03401   0.10663  
 25 1166.9905    123.124210  x:  0.00000   0.00000   0.00000   0.00000   0.00255   0.00000   0.00000   0.00000   0.00000   0.00000   0.00000   0.00000   0.00000   0.00000   0.00000   0.00000   0.00000   0.00000   0.00000   0.00000   0.00000   0.00000   0.00000   0.00000   0.00000   0.00342   0.00000   0.00000   0.07846   0.04878   2.00909   1.15159  -0.03402   0.10662  
 26 702.3694    122.994921  x:  0.00000   0.00000   0.00000   0.00000   0.00000   0.00000   0.00000   0.00000   0.00000   0.00000   0.00000   0.00000   0.00000   0.00000   0.00000   0.00000   0.00000   0.00000   0.00000   0.00000   0.00000   0.00000   0.00000   0.00000   0.00000   0.00089   0.00000   0.00000   0.07841   0.04897   2.00929   1.15266  -0.03538   0.10347  
 27 150.1185    122.972255  x:  0.00000   0.00000   0.00000   0.00000   0.00000   0.00000   0.00000   0.00000   0.00000   0.00000   0.00000   0.00000   0.00000   0.00000   0.00000   0.00000   0.00000   0.00000   0.00000   0.00000   0.00000   0.00000   0.00000   0.00000   0.00000   0.00000   0.00000   0.00000   0.07840   0.04901   2.00934   1.15289  -0.03568   0.10278  
 28 118.6860    122.681529  x:  0.00000   0.00000   0.00000   0.00000   0.00000   0.00000   0.00000   0.00000   0.00000   0.00000   0.00000   0.00000   0.00000   0.00000   0.00000   0.00000   0.00000   0.00000   0.00000   0.00000   0.00000   0.00000   0.00000   0.00000   0.00000   0.00000   0.00000   0.00000   0.03966   0.04390   2.01854   1.15798  -0.03937   0.09641  
 29  0.0996    122.673109  x:  0.00000   0.00000   0.00000   0.00000   0.00000   0.00000   0.00000   0.00000   0.00000   0.00000   0.00000   0.00000   0.00000   0.00000   0.00000   0.00000   0.00000   0.00000   0.00000   0.00000   0.00000   0.00000   0.00000   0.00000   0.00000   0.00000   0.00000   0.00000   0.04023   0.03867   2.03124   1.16364  -0.04286   0.11217  
 30  0.0319    122.667087  x:  0.00000   0.00000   0.00000   0.00000   0.00000   0.00000   0.00000   0.00000   0.00000   0.00000   0.00000   0.00000   0.00000   0.00000   0.00000   0.00000   0.00000   0.00000   0.00000   0.00000   0.00000   0.00000   0.00000   0.00000   0.00000   0.00000   0.00000   0.00000   0.03841   0.03918   2.06308   1.14519  -0.02054   0.16096  
 31  0.0361    122.666589  x:  0.00000   0.00000   0.00000   0.00000   0.00000   0.00000   0.00000   0.00000   0.00000   0.00000   0.00000   0.00000   0.00000   0.00000   0.00000   0.00000   0.00000   0.00000   0.00000   0.00000   0.00000   0.00000   0.00000   0.00000   0.00000   0.00000   0.00000   0.00000   0.03957   0.03924   2.06653   1.14683  -0.02174   0.16669  
 32  0.0124    122.666349  x:  0.00000   0.00000   0.00000   0.00000   0.00000   0.00000   0.00000   0.00000   0.00000   0.00000   0.00000   0.00000   0.00000   0.00000   0.00000   0.00000   0.00000   0.00000   0.00000   0.00000   0.00000   0.00000   0.00000   0.00000   0.00000   0.00000   0.00000   0.00000   0.03944   0.03848   2.07194   1.16962  -0.04315   0.18112  
 33  0.0091    122.664789  x:  0.00000   0.00000   0.00000   0.00000   0.00000   0.00000   0.00000   0.00000   0.00000   0.00000   0.00000   0.00000   0.00000   0.00000   0.00000   0.00000   0.00000   0.00000   0.00000   0.00000   0.00000   0.00000   0.00000   0.00000   0.00000   0.00000   0.00000   0.00000   0.03911   0.03909   2.08175   1.35113  -0.21842   0.25196  
 34  0.0328    122.661821  x:  0.00000   0.00000   0.00000   0.00000   0.00000   0.00000   0.00000   0.00000   0.00000   0.00000   0.00000   0.00000   0.00000   0.00000   0.00000   0.00000   0.00000   0.00000   0.00000   0.00000   0.00000   0.00000   0.00000   0.00000   0.00000   0.00000   0.00000   0.00000   0.03981   0.03999   2.02882   1.68134  -0.54639   0.26859  
 35  0.0800    122.660699  x:  0.00000   0.00000   0.00000   0.00000   0.00000   0.00000   0.00000   0.00000   0.00000   0.00000   0.00000   0.00000   0.00000   0.00000   0.00000   0.00000   0.00000   0.00000   0.00000   0.00000   0.00000   0.00000   0.00000   0.00000   0.00000   0.00000   0.00000   0.00000   0.03982   0.03983   2.02144   1.85100  -0.71239   0.30648  
 36  0.6632    122.660084  x:  0.00000   0.00000   0.00000   0.00000   0.00000   0.00000   0.00000   0.00000   0.00000   0.00000   0.00000   0.00000   0.00000   0.00000   0.00000   0.00000   0.00000   0.00000   0.00000   0.00000   0.00000   0.00000   0.00000   0.00000   0.00000   0.00000   0.00000   0.00000   0.03937   0.03865   2.01446   1.98094  -0.84049   0.32165  
 37  0.1464    122.659595  x:  0.00000   0.00000   0.00000   0.00000   0.00000   0.00000   0.00000   0.00000   0.00000   0.00000   0.00000   0.00000   0.00000   0.00000   0.00000   0.00000   0.00000   0.00000   0.00000   0.00000   0.00000   0.00000   0.00000   0.00000   0.00000   0.00000   0.00000   0.00000   0.03925   0.03872   2.01113   2.10212  -0.96200   0.31356  
 38  0.0512    122.659017  x:  0.00000   0.00000   0.00000   0.00000   0.00000   0.00000   0.00000   0.00000   0.00000   0.00000   0.00000   0.00000   0.00000   0.00000   0.00000   0.00000   0.00000   0.00000   0.00000   0.00000   0.00000   0.00000   0.00000   0.00000   0.00000   0.00000   0.00000   0.00000   0.03935   0.03903   1.99999   2.41305  -1.27020   0.33638  
 39  0.3853    122.658488  x:  0.00000   0.00000   0.00000   0.00000   0.00000   0.00000   0.00000   0.00000   0.00000   0.00000   0.00000   0.00000   0.00000   0.00000   0.00000   0.00000   0.00000   0.00000   0.00000   0.00000   0.00000   0.00000   0.00000   0.00000   0.00000   0.00000   0.00000   0.00000   0.03987   0.03891   2.01780   3.03967  -1.89414   0.34803  
 40  0.1908    122.658254  x:  0.00000   0.00000   0.00000   0.00000   0.00000   0.00000   0.00000   0.00000   0.00000   0.00000   0.00000   0.00000   0.00000   0.00000   0.00000   0.00000   0.00000   0.00000   0.00000   0.00000   0.00000   0.00000   0.00000   0.00000   0.00000   0.00000   0.00000   0.00000   0.03971   0.03892   2.03501   3.10189  -1.95697   0.33887  
 41  0.0979    122.658125  x:  0.00000   0.00000   0.00000   0.00000   0.00000   0.00000   0.00000   0.00000   0.00000   0.00000   0.00000   0.00000   0.00000   0.00000   0.00000   0.00000   0.00000   0.00000   0.00000   0.00000   0.00000   0.00000   0.00000   0.00000   0.00000   0.00000   0.00000   0.00000   0.03928   0.03896   2.05222   3.42993  -2.28369   0.34434  
 42  0.3057    122.658078  x:  0.00000   0.00000   0.00000   0.00000   0.00000   0.00000   0.00000   0.00000   0.00000   0.00000   0.00000   0.00000   0.00000   0.00000   0.00000   0.00000   0.00000   0.00000   0.00000   0.00000   0.00000   0.00000   0.00000   0.00000   0.00000   0.00000   0.00000   0.00000   0.03955   0.03898   2.06885   3.71088  -2.56388   0.34447  
 43  0.1910    122.658065  x:  0.00000   0.00000   0.00000   0.00000   0.00000   0.00000   0.00000   0.00000   0.00000   0.00000   0.00000   0.00000   0.00000   0.00000   0.00000   0.00000   0.00000   0.00000   0.00000   0.00000   0.00000   0.00000   0.00000   0.00000   0.00000   0.00000   0.00000   0.00000   0.03941   0.03895   2.07078   3.88225  -2.73483   0.34371  
 44  0.0562    122.658028  x:  0.00000   0.00000   0.00000   0.00000   0.00000   0.00000   0.00000   0.00000   0.00000   0.00000   0.00000   0.00000   0.00000   0.00000   0.00000   0.00000   0.00000   0.00000   0.00000   0.00000   0.00000   0.00000   0.00000   0.00000   0.00000   0.00000   0.00000   0.00000   0.03952   0.03899   2.05834   4.51014  -3.36073   0.34609  
 45  0.1466    122.658019  x:  0.00000   0.00000   0.00000   0.00000   0.00000   0.00000   0.00000   0.00000   0.00000   0.00000   0.00000   0.00000   0.00000   0.00000   0.00000   0.00000   0.00000   0.00000   0.00000   0.00000   0.00000   0.00000   0.00000   0.00000   0.00000   0.00000   0.00000   0.00000   0.03950   0.03896   2.05429   4.71233  -3.56248   0.34440  
 46  0.1913    122.658014  x:  0.00000   0.00000   0.00000   0.00000   0.00000   0.00000   0.00000   0.00000   0.00000   0.00000   0.00000   0.00000   0.00000   0.00000   0.00000   0.00000   0.00000   0.00000   0.00000   0.00000   0.00000   0.00000   0.00000   0.00000   0.00000   0.00000   0.00000   0.00000   0.03945   0.03895   2.05642   5.28015  -4.12863   0.34537  
 47  0.2310    122.658012  x:  0.00000   0.00000   0.00000   0.00000   0.00000   0.00000   0.00000   0.00000   0.00000   0.00000   0.00000   0.00000   0.00000   0.00000   0.00000   0.00000   0.00000   0.00000   0.00000   0.00000   0.00000   0.00000   0.00000   0.00000   0.00000   0.00000   0.00000   0.00000   0.03951   0.03897   2.05654   5.62744  -4.47500   0.34469  
 48  0.2474    122.658011  x:  0.00000   0.00000   0.00000   0.00000   0.00000   0.00000   0.00000   0.00000   0.00000   0.00000   0.00000   0.00000   0.00000   0.00000   0.00000   0.00000   0.00000   0.00000   0.00000   0.00000   0.00000   0.00000   0.00000   0.00000   0.00000   0.00000   0.00000   0.00000   0.03947   0.03895   2.05664   6.19198  -5.03791   0.34501  
 49  0.2437    122.658011  x:  0.00000   0.00000   0.00000   0.00000   0.00000   0.00000   0.00000   0.00000   0.00000   0.00000   0.00000   0.00000   0.00000   0.00000   0.00000   0.00000   0.00000   0.00000   0.00000   0.00000   0.00000   0.00000   0.00000   0.00000   0.00000   0.00000   0.00000   0.00000   0.03950   0.03897   2.05641   6.55299  -5.39792   0.34481  
 50  0.2448    122.658011  x:  0.00000   0.00000   0.00000   0.00000   0.00000   0.00000   0.00000   0.00000   0.00000   0.00000   0.00000   0.00000   0.00000   0.00000   0.00000   0.00000   0.00000   0.00000   0.00000   0.00000   0.00000   0.00000   0.00000   0.00000   0.00000   0.00000   0.00000   0.00000   0.03948   0.03896   2.05650   7.14397  -5.98723   0.34492  
 51  0.2500    122.658011  x:  0.00000   0.00000   0.00000   0.00000   0.00000   0.00000   0.00000   0.00000   0.00000   0.00000   0.00000   0.00000   0.00000   0.00000   0.00000   0.00000   0.00000   0.00000   0.00000   0.00000   0.00000   0.00000   0.00000   0.00000   0.00000   0.00000   0.00000   0.00000   0.03949   0.03896   2.05646   7.50224  -6.34449   0.34484  
 52  0.2495    122.658011  x:  0.00000   0.00000   0.00000   0.00000   0.00000   0.00000   0.00000   0.00000   0.00000   0.00000   0.00000   0.00000   0.00000   0.00000   0.00000   0.00000   0.00000   0.00000   0.00000   0.00000   0.00000   0.00000   0.00000   0.00000   0.00000   0.00000   0.00000   0.00000   0.03949   0.03896   2.05649   8.16211  -7.00251   0.34489  
 53  0.2576    122.658011  x:  0.00000   0.00000   0.00000   0.00000   0.00000   0.00000   0.00000   0.00000   0.00000   0.00000   0.00000   0.00000   0.00000   0.00000   0.00000   0.00000   0.00000   0.00000   0.00000   0.00000   0.00000   0.00000   0.00000   0.00000   0.00000   0.00000   0.00000   0.00000   0.03949   0.03896   2.05646   8.51371  -7.35312   0.34486  
 54  0.2595    122.658011  x:  0.00000   0.00000   0.00000   0.00000   0.00000   0.00000   0.00000   0.00000   0.00000   0.00000   0.00000   0.00000   0.00000   0.00000   0.00000   0.00000   0.00000   0.00000   0.00000   0.00000   0.00000   0.00000   0.00000   0.00000   0.00000   0.00000   0.00000   0.00000   0.03949   0.03896   2.05648   9.36528  -8.20229   0.34487  
 55  0.2749    122.658011  x:  0.00000   0.00000   0.00000   0.00000   0.00000   0.00000   0.00000   0.00000   0.00000   0.00000   0.00000   0.00000   0.00000   0.00000   0.00000   0.00000   0.00000   0.00000   0.00000   0.00000   0.00000   0.00000   0.00000   0.00000   0.00000   0.00000   0.00000   0.00000   0.03949   0.03896   2.05647   9.73612  -8.57209   0.34486  
 56  0.3037    122.658011  x:  0.00000   0.00000   0.00000   0.00000   0.00000   0.00000   0.00000   0.00000   0.00000   0.00000   0.00000   0.00000   0.00000   0.00000   0.00000   0.00000   0.00000   0.00000   0.00000   0.00000   0.00000   0.00000   0.00000   0.00000   0.00000   0.00000   0.00000   0.00000   0.03949   0.03896   2.05647  11.08825  -9.92041   0.34487  
 57  0.3058    122.658011  x:  0.00000   0.00000   0.00000   0.00000   0.00000   0.00000   0.00000   0.00000   0.00000   0.00000   0.00000   0.00000   0.00000   0.00000   0.00000   0.00000   0.00000   0.00000   0.00000   0.00000   0.00000   0.00000   0.00000   0.00000   0.00000   0.00000   0.00000   0.00000   0.03949   0.03896   2.05647  11.42279  -10.25400   0.34487  
 58  0.3480    122.658011  x:  0.00000   0.00000   0.00000   0.00000   0.00000   0.00000   0.00000   0.00000   0.00000   0.00000   0.00000   0.00000   0.00000   0.00000   0.00000   0.00000   0.00000   0.00000   0.00000   0.00000   0.00000   0.00000   0.00000   0.00000   0.00000   0.00000   0.00000   0.00000   0.03949   0.03896   2.05647  13.10706  -11.93354   0.34486  
 59  0.3834    122.658011  x:  0.00000   0.00000   0.00000   0.00000   0.00000   0.00000   0.00000   0.00000   0.00000   0.00000   0.00000   0.00000   0.00000   0.00000   0.00000   0.00000   0.00000   0.00000   0.00000   0.00000   0.00000   0.00000   0.00000   0.00000   0.00000   0.00000   0.00000   0.00000   0.03949   0.03896   2.05647  12.89848  -11.72554   0.34487  
 60  0.1977    122.658011  x:  0.00000   0.00000   0.00000   0.00000   0.00000   0.00000   0.00000   0.00000   0.00000   0.00000   0.00000   0.00000   0.00000   0.00000   0.00000   0.00000   0.00000   0.00000   0.00000   0.00000   0.00000   0.00000   0.00000   0.00000   0.00000   0.00000   0.00000   0.00000   0.03949   0.03896   2.05647  13.47229  -12.29773   0.34487  
 61  0.3258    122.658011  x:  0.00000   0.00000   0.00000   0.00000   0.00000   0.00000   0.00000   0.00000   0.00000   0.00000   0.00000   0.00000   0.00000   0.00000   0.00000   0.00000   0.00000   0.00000   0.00000   0.00000   0.00000   0.00000   0.00000   0.00000   0.00000   0.00000   0.00000   0.00000   0.03949   0.03896   2.05647  13.61574  -12.44078   0.34486  
 62 34.8884    122.658011  x:  0.00000   0.00000   0.00000   0.00000   0.00000   0.00000   0.00000   0.00000   0.00000   0.00000   0.00000   0.00000   0.00000   0.00000   0.00000   0.00000   0.00000   0.00000   0.00000   0.00000   0.00000   0.00000   0.00000   0.00000   0.00000   0.00000   0.00000   0.00000   0.03949   0.03896   2.05647  14.16309  -12.98659   0.34486  
 63  0.5790    122.658011  x:  0.00000   0.00000   0.00000   0.00000   0.00000   0.00000   0.00000   0.00000   0.00000   0.00000   0.00000   0.00000   0.00000   0.00000   0.00000   0.00000   0.00000   0.00000   0.00000   0.00000   0.00000   0.00000   0.00000   0.00000   0.00000   0.00000   0.00000   0.00000   0.03949   0.03896   2.05647  14.17885  -13.00230   0.34487  
 64  0.0131    122.658011  x:  0.00000   0.00000   0.00000   0.00000   0.00000   0.00000   0.00000   0.00000   0.00000   0.00000   0.00000   0.00000   0.00000   0.00000   0.00000   0.00000   0.00000   0.00000   0.00000   0.00000   0.00000   0.00000   0.00000   0.00000   0.00000   0.00000   0.00000   0.00000   0.03949   0.03896   2.05647  14.17885  -13.00230   0.34487  
 65  0.2139    122.658011  x:  0.00000   0.00000   0.00000   0.00000   0.00000   0.00000   0.00000   0.00000   0.00000   0.00000   0.00000   0.00000   0.00000   0.00000   0.00000   0.00000   0.00000   0.00000   0.00000   0.00000   0.00000   0.00000   0.00000   0.00000   0.00000   0.00000   0.00000   0.00000   0.03949   0.03896   2.05647  14.17885  -13.00230   0.34487  
check convergence!
