Supplemental results for CODEML (seqf: /Users/YY/Desktop/get/branch_site/modify/modify_trim_muscle_psbE.fa  treef: /Users/YY/Desktop/get/branch_site/16gene_topu.tree)


dN/dS (w) for site classes (K=4)

site class             0        1       2a       2b
proportion       1.00000  0.00000  0.00000  0.00000
background w     0.00000  1.00000  0.00000  1.00000
foreground w     0.00000  1.00000  1.00000  1.00000

Naive Empirical Bayes (NEB) probabilities for 4 classes
(amino acids refer to 1st sequence: NC_033343)

   1 M   1.00000 0.00000 0.00000 0.00000 ( 1)
   2 S   1.00000 0.00000 0.00000 0.00000 ( 1)
   3 G   1.00000 0.00000 0.00000 0.00000 ( 1)
   4 S   1.00000 0.00000 0.00000 0.00000 ( 1)
   5 T   1.00000 0.00000 0.00000 0.00000 ( 1)
   6 G   1.00000 0.00000 0.00000 0.00000 ( 1)
   7 E   1.00000 0.00000 0.00000 0.00000 ( 1)
   8 R   1.00000 0.00000 0.00000 0.00000 ( 1)
   9 S   1.00000 0.00000 0.00000 0.00000 ( 1)
  10 F   1.00000 0.00000 0.00000 0.00000 ( 1)
  11 A   1.00000 0.00000 0.00000 0.00000 ( 1)
  12 D   1.00000 0.00000 0.00000 0.00000 ( 1)
  13 I   1.00000 0.00000 0.00000 0.00000 ( 1)
  14 I   1.00000 0.00000 0.00000 0.00000 ( 1)
  15 T   1.00000 0.00000 0.00000 0.00000 ( 1)
  16 S   1.00000 0.00000 0.00000 0.00000 ( 1)
  17 I   1.00000 0.00000 0.00000 0.00000 ( 1)
  18 R   1.00000 0.00000 0.00000 0.00000 ( 1)
  19 Y   1.00000 0.00000 0.00000 0.00000 ( 1)
  20 W   1.00000 0.00000 0.00000 0.00000 ( 1)
  21 V   1.00000 0.00000 0.00000 0.00000 ( 1)
  22 I   1.00000 0.00000 0.00000 0.00000 ( 1)
  23 H   1.00000 0.00000 0.00000 0.00000 ( 1)
  24 S   1.00000 0.00000 0.00000 0.00000 ( 1)
  25 I   1.00000 0.00000 0.00000 0.00000 ( 1)
  26 T   1.00000 0.00000 0.00000 0.00000 ( 1)
  27 I   1.00000 0.00000 0.00000 0.00000 ( 1)
  28 P   1.00000 0.00000 0.00000 0.00000 ( 1)
  29 S   1.00000 0.00000 0.00000 0.00000 ( 1)
  30 L   1.00000 0.00000 0.00000 0.00000 ( 1)
  31 F   1.00000 0.00000 0.00000 0.00000 ( 1)
  32 I   1.00000 0.00000 0.00000 0.00000 ( 1)
  33 A   1.00000 0.00000 0.00000 0.00000 ( 1)
  34 G   1.00000 0.00000 0.00000 0.00000 ( 1)
  35 W   1.00000 0.00000 0.00000 0.00000 ( 1)
  36 L   1.00000 0.00000 0.00000 0.00000 ( 1)
  37 F   1.00000 0.00000 0.00000 0.00000 ( 1)
  38 V   1.00000 0.00000 0.00000 0.00000 ( 1)
  39 S   1.00000 0.00000 0.00000 0.00000 ( 1)
  40 T   1.00000 0.00000 0.00000 0.00000 ( 1)
  41 G   1.00000 0.00000 0.00000 0.00000 ( 1)
  42 L   1.00000 0.00000 0.00000 0.00000 ( 1)
  43 A   1.00000 0.00000 0.00000 0.00000 ( 1)
  44 Y   1.00000 0.00000 0.00000 0.00000 ( 1)
  45 D   1.00000 0.00000 0.00000 0.00000 ( 1)
  46 V   1.00000 0.00000 0.00000 0.00000 ( 1)
  47 F   1.00000 0.00000 0.00000 0.00000 ( 1)
  48 G   1.00000 0.00000 0.00000 0.00000 ( 1)
  49 S   1.00000 0.00000 0.00000 0.00000 ( 1)
  50 P   1.00000 0.00000 0.00000 0.00000 ( 1)
  51 R   1.00000 0.00000 0.00000 0.00000 ( 1)
  52 P   1.00000 0.00000 0.00000 0.00000 ( 1)
  53 N   1.00000 0.00000 0.00000 0.00000 ( 1)
  54 E   1.00000 0.00000 0.00000 0.00000 ( 1)
  55 Y   1.00000 0.00000 0.00000 0.00000 ( 1)
  56 F   1.00000 0.00000 0.00000 0.00000 ( 1)
  57 T   1.00000 0.00000 0.00000 0.00000 ( 1)
  58 E   1.00000 0.00000 0.00000 0.00000 ( 1)
  59 N   1.00000 0.00000 0.00000 0.00000 ( 1)
  60 R   1.00000 0.00000 0.00000 0.00000 ( 1)
  61 Q   1.00000 0.00000 0.00000 0.00000 ( 1)
  62 G   1.00000 0.00000 0.00000 0.00000 ( 1)
  63 I   1.00000 0.00000 0.00000 0.00000 ( 1)
  64 P   1.00000 0.00000 0.00000 0.00000 ( 1)
  65 L   1.00000 0.00000 0.00000 0.00000 ( 1)
  66 I   1.00000 0.00000 0.00000 0.00000 ( 1)
  67 T   1.00000 0.00000 0.00000 0.00000 ( 1)
  68 G   1.00000 0.00000 0.00000 0.00000 ( 1)
  69 R   1.00000 0.00000 0.00000 0.00000 ( 1)
  70 F   1.00000 0.00000 0.00000 0.00000 ( 1)
  71 D   1.00000 0.00000 0.00000 0.00000 ( 1)
  72 P   1.00000 0.00000 0.00000 0.00000 ( 1)
  73 L   1.00000 0.00000 0.00000 0.00000 ( 1)
  74 E   1.00000 0.00000 0.00000 0.00000 ( 1)
  75 Q   1.00000 0.00000 0.00000 0.00000 ( 1)
  76 L   1.00000 0.00000 0.00000 0.00000 ( 1)
  77 D   1.00000 0.00000 0.00000 0.00000 ( 1)
  78 E   1.00000 0.00000 0.00000 0.00000 ( 1)
  79 F   1.00000 0.00000 0.00000 0.00000 ( 1)
  80 S   1.00000 0.00000 0.00000 0.00000 ( 1)
  81 R   1.00000 0.00000 0.00000 0.00000 ( 1)
  82 S   1.00000 0.00000 0.00000 0.00000 ( 1)
  83 F   1.00000 0.00000 0.00000 0.00000 ( 1)


lnL =  -378.570514

Bayes Empirical Bayes (BEB) probabilities for 4 classes (class)
(amino acids refer to 1st sequence: NC_033343)

   1 M   0.86827 0.04083 0.08603 0.00487 ( 1)
   2 S   0.87100 0.03925 0.08511 0.00464 ( 1)
   3 G   0.86211 0.04424 0.08826 0.00538 ( 1)
   4 S   0.86179 0.04444 0.08836 0.00541 ( 1)
   5 T   0.86586 0.04183 0.08727 0.00504 ( 1)
   6 G   0.86211 0.04424 0.08826 0.00538 ( 1)
   7 E   0.86357 0.04344 0.08772 0.00526 ( 1)
   8 R   0.86799 0.04095 0.08617 0.00489 ( 1)
   9 S   0.87100 0.03925 0.08511 0.00464 ( 1)
  10 F   0.87217 0.03855 0.08474 0.00454 ( 1)
  11 A   0.87497 0.03705 0.08366 0.00432 ( 1)
  12 D   0.87290 0.03821 0.08441 0.00448 ( 1)
  13 I   0.87622 0.03625 0.08332 0.00421 ( 1)
  14 I   0.87622 0.03625 0.08332 0.00421 ( 1)
  15 T   0.86223 0.04419 0.08820 0.00537 ( 1)
  16 S   0.87382 0.03765 0.08413 0.00441 ( 1)
  17 I   0.87622 0.03625 0.08332 0.00421 ( 1)
  18 R   0.85764 0.04681 0.08978 0.00578 ( 1)
  19 Y   0.85776 0.04673 0.08974 0.00577 ( 1)
  20 W   0.85193 0.05007 0.09171 0.00629 ( 1)
  21 V   0.86298 0.04354 0.08819 0.00529 ( 1)
  22 I   0.87622 0.03625 0.08332 0.00421 ( 1)
  23 H   0.86763 0.04117 0.08628 0.00492 ( 1)
  24 S   0.86179 0.04444 0.08836 0.00541 ( 1)
  25 I   0.87622 0.03625 0.08332 0.00421 ( 1)
  26 T   0.87575 0.03660 0.08339 0.00426 ( 1)
  27 I   0.86958 0.04001 0.08565 0.00475 ( 1)
  28 P   0.86931 0.04023 0.08569 0.00478 ( 1)
  29 S   0.85940 0.04580 0.08918 0.00562 ( 1)
  30 L   0.85355 0.04913 0.09118 0.00614 ( 1)
  31 F   0.86089 0.04494 0.08868 0.00549 ( 1)
  32 I   0.87622 0.03625 0.08332 0.00421 ( 1)
  33 A   0.85481 0.04842 0.09074 0.00603 ( 1)
  34 G   0.87252 0.03838 0.08459 0.00451 ( 1)
  35 W   0.85193 0.05007 0.09171 0.00629 ( 1)
  36 L   0.85683 0.04725 0.09007 0.00585 ( 1)
  37 F   0.86344 0.04467 0.08652 0.00537 ( 1)
  38 V   0.86249 0.04402 0.08813 0.00535 ( 1)
  39 S   0.87308 0.03838 0.08404 0.00449 ( 1)
  40 T   0.86223 0.04419 0.08820 0.00537 ( 1)
  41 G   0.87252 0.03838 0.08459 0.00451 ( 1)
  42 L   0.85683 0.04725 0.09007 0.00585 ( 1)
  43 A   0.85481 0.04842 0.09074 0.00603 ( 1)
  44 Y   0.85848 0.04602 0.08983 0.00568 ( 1)
  45 D   0.87290 0.03821 0.08441 0.00448 ( 1)
  46 V   0.85564 0.04779 0.09063 0.00594 ( 1)
  47 F   0.87217 0.03855 0.08474 0.00454 ( 1)
  48 G   0.86211 0.04424 0.08826 0.00538 ( 1)
  49 S   0.86179 0.04444 0.08836 0.00541 ( 1)
  50 P   0.86931 0.04023 0.08569 0.00478 ( 1)
  51 R   0.85187 0.05010 0.09173 0.00630 ( 1)
  52 P   0.86069 0.04508 0.08872 0.00551 ( 1)
  53 N   0.86148 0.04462 0.08845 0.00544 ( 1)
  54 E   0.85525 0.04817 0.09058 0.00599 ( 1)
  55 Y   0.86818 0.04083 0.08612 0.00487 ( 1)
  56 F   0.86089 0.04494 0.08868 0.00549 ( 1)
  57 T   0.86515 0.04254 0.08719 0.00513 ( 1)
  58 E   0.85581 0.04762 0.09065 0.00592 ( 1)
  59 N   0.86148 0.04462 0.08845 0.00544 ( 1)
  60 R   0.85191 0.05007 0.09172 0.00629 ( 1)
  61 Q   0.85482 0.04842 0.09074 0.00603 ( 1)
  62 G   0.86211 0.04424 0.08826 0.00538 ( 1)
  63 I   0.87622 0.03625 0.08332 0.00421 ( 1)
  64 P   0.86069 0.04508 0.08872 0.00551 ( 1)
  65 L   0.85683 0.04725 0.09007 0.00585 ( 1)
  66 I   0.86958 0.04001 0.08565 0.00475 ( 1)
  67 T   0.87494 0.03741 0.08330 0.00435 ( 1)
  68 G   0.86031 0.04527 0.08887 0.00554 ( 1)
  69 R   0.86799 0.04095 0.08617 0.00489 ( 1)
  70 F   0.87217 0.03855 0.08474 0.00454 ( 1)
  71 D   0.87290 0.03821 0.08441 0.00448 ( 1)
  72 P   0.86931 0.04023 0.08569 0.00478 ( 1)
  73 L   0.85281 0.04956 0.09141 0.00621 ( 1)
  74 E   0.86357 0.04344 0.08772 0.00526 ( 1)
  75 Q   0.85482 0.04842 0.09074 0.00603 ( 1)
  76 L   0.85970 0.04563 0.08908 0.00560 ( 1)
  77 D   0.87290 0.03821 0.08441 0.00448 ( 1)
  78 E   0.86357 0.04344 0.08772 0.00526 ( 1)
  79 F   0.87217 0.03855 0.08474 0.00454 ( 1)
  80 S   0.87382 0.03765 0.08413 0.00441 ( 1)
  81 R   0.86395 0.04321 0.08762 0.00523 ( 1)
  82 S   0.87100 0.03925 0.08511 0.00464 ( 1)
  83 F   0.87217 0.03855 0.08474 0.00454 ( 1)

