

TREE # 1

  0  0.0000    458.957944  x:  0.00000   0.01404   0.05773   0.01872   0.06707   0.06608   0.03686   0.03853   0.06571   0.01912   0.04942   0.02470   0.02319   0.01560   0.02271   0.05942   0.05878   0.02543   0.04808   0.03309   0.06954   0.03926   0.01280   0.02741   0.00898   0.06746   0.04432   0.04088   0.07340   0.02140   2.00000   1.09989   0.02896   0.27919   2.57308  
  1 99.0000    458.956520  x:  0.00000   0.01404   0.05773   0.01872   0.06707   0.06608   0.03686   0.03853   0.06571   0.01912   0.04942   0.02470   0.02319   0.01560   0.02271   0.05942   0.05878   0.02543   0.04808   0.03309   0.06954   0.03926   0.01280   0.02741   0.00898   0.06746   0.04432   0.04088   0.07340   0.02140   2.00000   1.09989   0.02896   0.27919   2.57308  
  2 344.2027    443.437974  x:  0.00000   0.00494   0.04868   0.00961   0.05808   0.05714   0.02883   0.02956   0.05667   0.01000   0.04036   0.01560   0.01422   0.00663   0.01705   0.05041   0.05126   0.01632   0.03901   0.02400   0.06053   0.03219   0.00382   0.02902   0.00000   0.05844   0.03714   0.03229   0.06476   0.02845   2.00012   1.09952   0.02940   0.26917   2.57305  
  3 14754.2363    436.893529  x:  0.00000   0.00097   0.04473   0.00563   0.05416   0.05327   0.02546   0.02570   0.05273   0.00603   0.03640   0.01163   0.01037   0.00280   0.01823   0.04650   0.04762   0.01235   0.03505   0.02003   0.05662   0.02908   0.00000   0.02896   0.00000   0.05451   0.03377   0.02872   0.06136   0.02741   2.00011   1.09889   0.03008   0.25908   2.57304  
  4 2088.9780    435.458331  x:  0.00000   0.00000   0.04376   0.00466   0.05321   0.05232   0.02575   0.02475   0.05177   0.00506   0.03544   0.01066   0.00944   0.00188   0.01797   0.04553   0.04701   0.01138   0.03408   0.01905   0.05566   0.02909   0.00000   0.02883   0.00000   0.05355   0.03352   0.02788   0.06058   0.02734   2.00011   1.09872   0.03025   0.25646   2.57304  
  5 2790.6385    432.814989  x:  0.00000   0.00000   0.04185   0.00273   0.05132   0.05041   0.02612   0.02281   0.04987   0.00313   0.03353   0.00873   0.00754   0.00000   0.01839   0.04361   0.04627   0.00945   0.03216   0.01713   0.05376   0.02927   0.00000   0.02901   0.00000   0.05165   0.03351   0.02625   0.05911   0.02787   2.00010   1.09843   0.03057   0.25156   2.57303  
  6 10983.7821    429.290913  x:  0.00000   0.00000   0.03917   0.00000   0.04867   0.04766   0.02579   0.01997   0.04721   0.00042   0.03085   0.00602   0.00472   0.00000   0.01817   0.04088   0.04611   0.00673   0.02947   0.01442   0.05112   0.02929   0.00000   0.02915   0.00000   0.04901   0.03390   0.02402   0.05716   0.02799   2.00009   1.09806   0.03099   0.24496   2.57302  
  7 11570.8386    428.777977  x:  0.00000   0.00000   0.03876   0.00000   0.04826   0.04724   0.02575   0.01953   0.04681   0.00000   0.03044   0.00561   0.00429   0.00000   0.01814   0.04046   0.04608   0.00632   0.02905   0.01400   0.05071   0.02929   0.00000   0.02917   0.00000   0.04860   0.03395   0.02368   0.05686   0.02802   2.00008   1.09801   0.03105   0.24395   2.57302  
  8 12575414.7314    424.038657  x:  0.00000   0.00000   0.03472   0.00000   0.04426   0.04309   0.02532   0.01519   0.04281   0.00000   0.02641   0.00152   0.00000   0.00000   0.01781   0.03635   0.04583   0.00223   0.02499   0.00992   0.04673   0.02930   0.00000   0.02945   0.00000   0.04462   0.03444   0.02031   0.05391   0.02819   2.00005   1.09747   0.03166   0.23415   2.57300  
  9 96807.5596    422.388485  x:  0.00000   0.00000   0.03322   0.00000   0.04278   0.04155   0.02514   0.01357   0.04132   0.00000   0.02491   0.00000   0.00000   0.00000   0.01770   0.03482   0.04575   0.00071   0.02348   0.00840   0.04525   0.02931   0.00000   0.02947   0.00000   0.04314   0.03464   0.01905   0.05280   0.02828   2.00004   1.09727   0.03189   0.23054   2.57299  
 10 326363.9351    421.677051  x:  0.00000   0.00000   0.03253   0.00000   0.04209   0.04084   0.02506   0.01283   0.04063   0.00000   0.02422   0.00000   0.00000   0.00000   0.01765   0.03411   0.04571   0.00000   0.02278   0.00770   0.04456   0.02931   0.00000   0.02949   0.00000   0.04246   0.03473   0.01847   0.05229   0.02831   2.00004   1.09718   0.03199   0.22887   2.57299  
 11 5477188.9761    414.465510  x:  0.00000   0.00000   0.02493   0.00000   0.03451   0.03296   0.02415   0.00523   0.03313   0.00000   0.01664   0.00000   0.00000   0.00000   0.01722   0.02635   0.04576   0.00000   0.01513   0.00000   0.03706   0.02938   0.00000   0.02902   0.00000   0.03497   0.03562   0.01192   0.04644   0.02890   1.99999   1.09633   0.03298   0.21173   2.57295  
 12 4885.5625    409.163975  x:  0.00000   0.00000   0.01877   0.00000   0.02841   0.02661   0.02281   0.00000   0.02704   0.00000   0.01050   0.00000   0.00000   0.00000   0.01707   0.02006   0.04644   0.00000   0.00894   0.00000   0.03097   0.03019   0.00000   0.02707   0.00000   0.02889   0.03618   0.00663   0.04170   0.02980   1.99996   1.09567   0.03374   0.19747   2.57293  
 13 8338.2003    402.908123  x:  0.00000   0.00000   0.01094   0.00000   0.02068   0.01854   0.02219   0.00000   0.01930   0.00000   0.00269   0.00000   0.00000   0.00000   0.01682   0.01204   0.04783   0.00000   0.00106   0.00000   0.02322   0.02909   0.00000   0.02538   0.00000   0.02115   0.03756   0.00000   0.03576   0.03077   1.99991   1.09489   0.03467   0.17885   2.57289  
 14 10234.8302    402.139293  x:  0.00000   0.00000   0.00989   0.00000   0.01964   0.01747   0.02223   0.00000   0.01826   0.00000   0.00164   0.00000   0.00000   0.00000   0.01681   0.01097   0.04811   0.00000   0.00000   0.00000   0.02219   0.02861   0.00000   0.02506   0.00000   0.02011   0.03794   0.00000   0.03496   0.03093   1.99991   1.09478   0.03480   0.17628   2.57289  
 15 9841.7125    401.077322  x:  0.00000   0.00000   0.00825   0.00000   0.01804   0.01582   0.02216   0.00000   0.01663   0.00000   0.00000   0.00000   0.00000   0.00000   0.01675   0.00930   0.04890   0.00000   0.00000   0.00000   0.02055   0.02844   0.00000   0.02481   0.00000   0.01849   0.03795   0.00000   0.03391   0.03114   1.99990   1.09464   0.03496   0.17211   2.57288  
 16 1104.8142    396.316172  x:  0.00000   0.00000   0.00000   0.00000   0.00996   0.00748   0.02162   0.00000   0.00847   0.00000   0.00000   0.00000   0.00000   0.00000   0.01646   0.00092   0.05067   0.00000   0.00000   0.00000   0.01238   0.02742   0.00000   0.02344   0.00000   0.01033   0.03919   0.00000   0.02898   0.03218   1.99987   1.09415   0.03560   0.15243   2.57284  
 17 12225.6219    395.859502  x:  0.00000   0.00000   0.00000   0.00000   0.00907   0.00657   0.02156   0.00000   0.00757   0.00000   0.00000   0.00000   0.00000   0.00000   0.01643   0.00000   0.05086   0.00000   0.00000   0.00000   0.01149   0.02730   0.00000   0.02329   0.00000   0.00943   0.03933   0.00000   0.02844   0.03229   1.99986   1.09410   0.03567   0.15025   2.57283  
 18 1419022.5368    393.088884  x:  0.00000   0.00000   0.00000   0.00000   0.00273   0.00000   0.02115   0.00000   0.00121   0.00000   0.00000   0.00000   0.00000   0.00000   0.01620   0.00000   0.05209   0.00000   0.00000   0.00000   0.00511   0.02659   0.00000   0.02236   0.00000   0.00307   0.04027   0.00000   0.02444   0.03303   1.99984   1.09385   0.03604   0.13592   2.57280  
 19 4650.9613    392.652903  x:  0.00000   0.00000   0.00000   0.00000   0.00152   0.00000   0.02108   0.00000   0.00000   0.00000   0.00000   0.00000   0.00000   0.00000   0.01616   0.00000   0.05230   0.00000   0.00000   0.00000   0.00390   0.02647   0.00000   0.02221   0.00000   0.00186   0.04044   0.00000   0.02364   0.03315   1.99984   1.09383   0.03609   0.13348   2.57279  
 20 3392.2664    392.203565  x:  0.00000   0.00000   0.00000   0.00000   0.00000   0.00000   0.02099   0.00000   0.00000   0.00000   0.00000   0.00000   0.00000   0.00000   0.01611   0.00000   0.05251   0.00000   0.00000   0.00000   0.00231   0.02634   0.00000   0.02204   0.00000   0.00027   0.04062   0.00000   0.02254   0.03329   1.99984   1.09382   0.03612   0.13073   2.57278  
 21 1922.5610    392.145679  x:  0.00000   0.00000   0.00000   0.00000   0.00000   0.00000   0.02098   0.00000   0.00000   0.00000   0.00000   0.00000   0.00000   0.00000   0.01610   0.00000   0.05254   0.00000   0.00000   0.00000   0.00205   0.02632   0.00000   0.02202   0.00000   0.00000   0.04064   0.00000   0.02234   0.03331   1.99984   1.09383   0.03612   0.13035   2.57278  
 22 845.8065    391.856087  x:  0.00000   0.00000   0.00000   0.00000   0.00000   0.00000   0.02092   0.00000   0.00000   0.00000   0.00000   0.00000   0.00000   0.00000   0.01606   0.00000   0.05265   0.00000   0.00000   0.00000   0.00000   0.02624   0.00000   0.02191   0.00000   0.00000   0.04076   0.00000   0.02073   0.03341   1.99985   1.09391   0.03607   0.12828   2.57277  
 23 524.6077    390.161925  x:  0.00000   0.00000   0.00000   0.00000   0.00000   0.00000   0.02051   0.00000   0.00000   0.00000   0.00000   0.00000   0.00000   0.00000   0.01579   0.00000   0.05272   0.00000   0.00000   0.00000   0.00000   0.02586   0.00000   0.02133   0.00000   0.00000   0.04158   0.00000   0.00000   0.03413   2.00006   1.09521   0.03502   0.11430   2.57268  
 24 196.5948    387.301325  x:  0.00000   0.00000   0.00000   0.00000   0.00000   0.00000   0.01932   0.00000   0.00000   0.00000   0.00000   0.00000   0.00000   0.00000   0.01222   0.00000   0.00954   0.00000   0.00000   0.00000   0.00000   0.02481   0.00000   0.02200   0.00000   0.00000   0.03167   0.00000   0.00000   0.03642   2.01266   1.13437  -0.00012   0.06362   2.57072  
 25 10.3039    385.703482  x:  0.00000   0.00000   0.00000   0.00000   0.00000   0.00000   0.02356   0.00000   0.00000   0.00000   0.00000   0.00000   0.00000   0.00000   0.01036   0.00000   0.01116   0.00000   0.00000   0.00000   0.00000   0.01905   0.00000   0.02263   0.00000   0.00000   0.01552   0.00000   0.00000   0.03818   2.02415   1.17412  -0.03606   0.00000   2.56885  
 26 24.7865    384.368693  x:  0.00000   0.00000   0.00000   0.00000   0.00000   0.00000   0.01730   0.00000   0.00000   0.00000   0.00000   0.00000   0.00000   0.00000   0.00613   0.00000   0.01174   0.00000   0.00000   0.00000   0.00000   0.00642   0.00000   0.03150   0.00000   0.00000   0.01546   0.00000   0.00000   0.03967   2.12534   1.44385  -0.27830   0.00000   2.55405  
 27  7.1673    383.563470  x:  0.00000   0.00000   0.00000   0.00000   0.00000   0.00000   0.00873   0.00000   0.00000   0.00000   0.00000   0.00000   0.00000   0.00000   0.00482   0.00000   0.01227   0.00000   0.00000   0.00000   0.00000   0.01115   0.00000   0.03393   0.00000   0.00000   0.00815   0.00000   0.00000   0.04196   2.20449   1.64350  -0.45557   0.00000   2.54219  
 28 28.5075    382.987985  x:  0.00000   0.00000   0.00000   0.00000   0.00000   0.00000   0.01076   0.00000   0.00000   0.00000   0.00000   0.00000   0.00000   0.00000   0.00842   0.00000   0.01144   0.00000   0.00000   0.00000   0.00000   0.00949   0.00000   0.03071   0.00000   0.00000   0.00396   0.00000   0.00000   0.04375   2.28489   1.82016  -0.60661   0.00000   2.52958  
 29 12.3607    380.632416  x:  0.00000   0.00000   0.00000   0.00000   0.00000   0.00000   0.03273   0.00000   0.00000   0.00000   0.00000   0.00000   0.00000   0.00000   0.00607   0.00000   0.01659   0.00000   0.00000   0.00000   0.00000   0.01654   0.00000   0.02528   0.00000   0.00000   0.01083   0.00000   0.00000   0.03043   3.04704   2.86073  -1.43717   0.00000   2.42245  
 30  6.4281    379.750411  x:  0.00000   0.00000   0.00000   0.00000   0.00000   0.00000   0.01668   0.00000   0.00000   0.00000   0.00000   0.00000   0.00000   0.00000   0.01633   0.00000   0.01858   0.00000   0.00000   0.00000   0.00000   0.01187   0.00000   0.01927   0.00000   0.00000   0.01647   0.00000   0.00000   0.02767   3.37609   3.03818  -1.53257   0.00000   2.37973  
 31  2.0579    379.612866  x:  0.00000   0.00000   0.00000   0.00000   0.00000   0.00000   0.01572   0.00000   0.00000   0.00000   0.00000   0.00000   0.00000   0.00000   0.01797   0.00000   0.01726   0.00000   0.00000   0.00000   0.00000   0.01261   0.00000   0.02807   0.00000   0.00000   0.01718   0.00000   0.00000   0.02714   3.48094   3.09954  -1.54237   0.00000   2.35720  
 32  0.8108    379.420138  x:  0.00000   0.00000   0.00000   0.00000   0.00000   0.00000   0.01391   0.00000   0.00000   0.00000   0.00000   0.00000   0.00000   0.00000   0.01705   0.00000   0.01166   0.00000   0.00000   0.00000   0.00000   0.01206   0.00000   0.02677   0.00000   0.00000   0.01674   0.00000   0.00000   0.02052   3.69510   3.28168  -1.58725   0.00000   2.29929  
 33  0.8437    379.270487  x:  0.00000   0.00000   0.00000   0.00000   0.00000   0.00000   0.01228   0.00000   0.00000   0.00000   0.00000   0.00000   0.00000   0.00000   0.01630   0.00000   0.00838   0.00000   0.00000   0.00000   0.00000   0.01177   0.00000   0.02573   0.00000   0.00000   0.01655   0.00000   0.00000   0.02653   3.96447   3.54459  -1.65926   0.00000   2.21992  
 34  1.0419    378.887020  x:  0.00000   0.00000   0.00000   0.00000   0.00000   0.00000   0.00954   0.00000   0.00000   0.00000   0.00000   0.00000   0.00000   0.00000   0.01222   0.00000   0.01537   0.00000   0.00000   0.00000   0.00000   0.01187   0.00000   0.02296   0.00000   0.00000   0.01369   0.00000   0.00000   0.02906   4.89624   4.43214  -1.85159   0.00000   1.93476  
 35  1.1972    378.778459  x:  0.00000   0.00000   0.00000   0.00000   0.00000   0.00000   0.01427   0.00000   0.00000   0.00000   0.00000   0.00000   0.00000   0.00000   0.01041   0.00000   0.01479   0.00000   0.00000   0.00000   0.00000   0.01318   0.00000   0.02382   0.00000   0.00000   0.01245   0.00000   0.00000   0.02769   5.26195   4.76329  -1.92683   0.00000   1.83195  
 36  0.8298    378.670758  x:  0.00000   0.00000   0.00000   0.00000   0.00000   0.00000   0.01271   0.00000   0.00000   0.00000   0.00000   0.00000   0.00000   0.00000   0.01170   0.00000   0.01237   0.00000   0.00000   0.00000   0.00000   0.01334   0.00000   0.02761   0.00000   0.00000   0.01258   0.00000   0.00000   0.02291   5.95540   5.29398  -2.04328   0.00000   1.64554  
 37  0.5499    378.602194  x:  0.00000   0.00000   0.00000   0.00000   0.00000   0.00000   0.01171   0.00000   0.00000   0.00000   0.00000   0.00000   0.00000   0.00000   0.01241   0.00000   0.01218   0.00000   0.00000   0.00000   0.00000   0.01237   0.00000   0.02600   0.00000   0.00000   0.01257   0.00000   0.00000   0.02751   7.02697   6.15940  -2.25314   0.00000   1.35183  
 38  0.4708    378.578421  x:  0.00000   0.00000   0.00000   0.00000   0.00000   0.00000   0.01288   0.00000   0.00000   0.00000   0.00000   0.00000   0.00000   0.00000   0.01240   0.00000   0.01226   0.00000   0.00000   0.00000   0.00000   0.01252   0.00000   0.02491   0.00000   0.00000   0.01219   0.00000   0.00000   0.02488   7.78331   6.76573  -2.39716   0.00000   1.14549  
 39  0.4661    378.574892  x:  0.00000   0.00000   0.00000   0.00000   0.00000   0.00000   0.01261   0.00000   0.00000   0.00000   0.00000   0.00000   0.00000   0.00000   0.01288   0.00000   0.01267   0.00000   0.00000   0.00000   0.00000   0.01253   0.00000   0.02546   0.00000   0.00000   0.01241   0.00000   0.00000   0.02532   8.13238   7.04563  -2.46392   0.00000   1.04756  
 40  0.2722    378.574316  x:  0.00000   0.00000   0.00000   0.00000   0.00000   0.00000   0.01254   0.00000   0.00000   0.00000   0.00000   0.00000   0.00000   0.00000   0.01269   0.00000   0.01260   0.00000   0.00000   0.00000   0.00000   0.01251   0.00000   0.02530   0.00000   0.00000   0.01237   0.00000   0.00000   0.02523   8.28828   7.17983  -2.49545   0.00000   1.00000  
 41  0.1290    378.574111  x:  0.00000   0.00000   0.00000   0.00000   0.00000   0.00000   0.01260   0.00000   0.00000   0.00000   0.00000   0.00000   0.00000   0.00000   0.01251   0.00000   0.01253   0.00000   0.00000   0.00000   0.00000   0.01256   0.00000   0.02539   0.00000   0.00000   0.01248   0.00000   0.00000   0.02531   8.32214   7.22390  -2.50623   0.00000   1.00000  
 42  0.0234    378.574024  x:  0.00000   0.00000   0.00000   0.00000   0.00000   0.00000   0.01258   0.00000   0.00000   0.00000   0.00000   0.00000   0.00000   0.00000   0.01254   0.00000   0.01259   0.00000   0.00000   0.00000   0.00000   0.01255   0.00000   0.02542   0.00000   0.00000   0.01261   0.00000   0.00000   0.02527   8.27855   7.20349  -2.50162   0.00000   1.00000  
 43  0.0205    378.573941  x:  0.00000   0.00000   0.00000   0.00000   0.00000   0.00000   0.01256   0.00000   0.00000   0.00000   0.00000   0.00000   0.00000   0.00000   0.01247   0.00000   0.01259   0.00000   0.00000   0.00000   0.00000   0.01252   0.00000   0.02523   0.00000   0.00000   0.01264   0.00000   0.00000   0.02521   8.27502   7.24488  -2.50971   0.00000   1.00000  
 44  0.0071    378.573167  x:  0.00000   0.00000   0.00000   0.00000   0.00000   0.00000   0.01257   0.00000   0.00000   0.00000   0.00000   0.00000   0.00000   0.00000   0.01253   0.00000   0.01257   0.00000   0.00000   0.00000   0.00000   0.01255   0.00000   0.02524   0.00000   0.00000   0.01263   0.00000   0.00000   0.02522   8.22959   7.46491  -2.54796   0.00000   1.00000  
 45  0.0285    378.571204  x:  0.00000   0.00000   0.00000   0.00000   0.00000   0.00000   0.01259   0.00000   0.00000   0.00000   0.00000   0.00000   0.00000   0.00000   0.01265   0.00000   0.01253   0.00000   0.00000   0.00000   0.00000   0.01264   0.00000   0.02543   0.00000   0.00000   0.01254   0.00000   0.00000   0.02533   7.92177   8.98317  -2.81170   0.00000   1.00000  
 46  0.8274    378.570831  x:  0.00000   0.00000   0.00000   0.00000   0.00000   0.00000   0.01256   0.00000   0.00000   0.00000   0.00000   0.00000   0.00000   0.00000   0.01252   0.00000   0.01258   0.00000   0.00000   0.00000   0.00000   0.01256   0.00000   0.02536   0.00000   0.00000   0.01255   0.00000   0.00000   0.02525   8.09964   9.42575  -2.90121   0.00000   1.00000  
 47  0.3033    378.570614  x:  0.00000   0.00000   0.00000   0.00000   0.00000   0.00000   0.01261   0.00000   0.00000   0.00000   0.00000   0.00000   0.00000   0.00000   0.01257   0.00000   0.01263   0.00000   0.00000   0.00000   0.00000   0.01248   0.00000   0.02540   0.00000   0.00000   0.01259   0.00000   0.00000   0.02526   8.03543  10.95760  -3.17997   0.00000   1.00000  
 48  0.3121    378.570557  x:  0.00000   0.00000   0.00000   0.00000   0.00000   0.00000   0.01258   0.00000   0.00000   0.00000   0.00000   0.00000   0.00000   0.00000   0.01254   0.00000   0.01256   0.00000   0.00000   0.00000   0.00000   0.01255   0.00000   0.02540   0.00000   0.00000   0.01254   0.00000   0.00000   0.02527   8.07045  11.37830  -3.25812   0.00000   1.00000  
 49  0.2460    378.570534  x:  0.00000   0.00000   0.00000   0.00000   0.00000   0.00000   0.01257   0.00000   0.00000   0.00000   0.00000   0.00000   0.00000   0.00000   0.01256   0.00000   0.01260   0.00000   0.00000   0.00000   0.00000   0.01257   0.00000   0.02536   0.00000   0.00000   0.01258   0.00000   0.00000   0.02526   8.05737  12.28719  -3.42463   0.00000   1.00000  
 50  0.2820    378.570522  x:  0.00000   0.00000   0.00000   0.00000   0.00000   0.00000   0.01258   0.00000   0.00000   0.00000   0.00000   0.00000   0.00000   0.00000   0.01255   0.00000   0.01257   0.00000   0.00000   0.00000   0.00000   0.01255   0.00000   0.02539   0.00000   0.00000   0.01255   0.00000   0.00000   0.02527   8.06772  13.11009  -3.57582   0.00000   1.00000  
 51  0.3057    378.570518  x:  0.00000   0.00000   0.00000   0.00000   0.00000   0.00000   0.01257   0.00000   0.00000   0.00000   0.00000   0.00000   0.00000   0.00000   0.01255   0.00000   0.01259   0.00000   0.00000   0.00000   0.00000   0.01255   0.00000   0.02537   0.00000   0.00000   0.01257   0.00000   0.00000   0.02526   8.05986  13.94812  -3.72944   0.00000   1.00000  
 52  0.3349    378.570516  x:  0.00000   0.00000   0.00000   0.00000   0.00000   0.00000   0.01258   0.00000   0.00000   0.00000   0.00000   0.00000   0.00000   0.00000   0.01255   0.00000   0.01258   0.00000   0.00000   0.00000   0.00000   0.01255   0.00000   0.02539   0.00000   0.00000   0.01256   0.00000   0.00000   0.02527   8.06456  14.82296  -3.89003   0.00000   1.00000  
 53  0.3389    378.570515  x:  0.00000   0.00000   0.00000   0.00000   0.00000   0.00000   0.01258   0.00000   0.00000   0.00000   0.00000   0.00000   0.00000   0.00000   0.01255   0.00000   0.01258   0.00000   0.00000   0.00000   0.00000   0.01255   0.00000   0.02538   0.00000   0.00000   0.01256   0.00000   0.00000   0.02527   8.06182  15.67535  -4.04641   0.00000   1.00000  
 54  0.3425    378.570515  x:  0.00000   0.00000   0.00000   0.00000   0.00000   0.00000   0.01258   0.00000   0.00000   0.00000   0.00000   0.00000   0.00000   0.00000   0.01255   0.00000   0.01258   0.00000   0.00000   0.00000   0.00000   0.01255   0.00000   0.02538   0.00000   0.00000   0.01256   0.00000   0.00000   0.02527   8.06370  16.57683  -4.21184   0.00000   1.00000  
 55  0.3467    378.570515  x:  0.00000   0.00000   0.00000   0.00000   0.00000   0.00000   0.01258   0.00000   0.00000   0.00000   0.00000   0.00000   0.00000   0.00000   0.01255   0.00000   0.01258   0.00000   0.00000   0.00000   0.00000   0.01255   0.00000   0.02538   0.00000   0.00000   0.01256   0.00000   0.00000   0.02527   8.06247  17.39068  -4.36116   0.00000   1.00000  
 56  0.3406    378.570514  x:  0.00000   0.00000   0.00000   0.00000   0.00000   0.00000   0.01258   0.00000   0.00000   0.00000   0.00000   0.00000   0.00000   0.00000   0.01255   0.00000   0.01258   0.00000   0.00000   0.00000   0.00000   0.01255   0.00000   0.02538   0.00000   0.00000   0.01256   0.00000   0.00000   0.02527   8.06323  18.38277  -4.54320   0.00000   1.00000  
 57  0.3539    378.570514  x:  0.00000   0.00000   0.00000   0.00000   0.00000   0.00000   0.01258   0.00000   0.00000   0.00000   0.00000   0.00000   0.00000   0.00000   0.01255   0.00000   0.01258   0.00000   0.00000   0.00000   0.00000   0.01255   0.00000   0.02538   0.00000   0.00000   0.01256   0.00000   0.00000   0.02527   8.06275  19.10438  -4.67560   0.00000   1.00000  
 58  0.3362    378.570514  x:  0.00000   0.00000   0.00000   0.00000   0.00000   0.00000   0.01258   0.00000   0.00000   0.00000   0.00000   0.00000   0.00000   0.00000   0.01255   0.00000   0.01258   0.00000   0.00000   0.00000   0.00000   0.01255   0.00000   0.02538   0.00000   0.00000   0.01256   0.00000   0.00000   0.02527   8.06306  20.33500  -4.90141   0.00000   1.00000  
 59  0.3632    378.570514  x:  0.00000   0.00000   0.00000   0.00000   0.00000   0.00000   0.01258   0.00000   0.00000   0.00000   0.00000   0.00000   0.00000   0.00000   0.01255   0.00000   0.01258   0.00000   0.00000   0.00000   0.00000   0.01255   0.00000   0.02538   0.00000   0.00000   0.01256   0.00000   0.00000   0.02527   8.06287  20.89852  -5.00481   0.00000   1.00000  
 60  0.3244    378.570514  x:  0.00000   0.00000   0.00000   0.00000   0.00000   0.00000   0.01258   0.00000   0.00000   0.00000   0.00000   0.00000   0.00000   0.00000   0.01255   0.00000   0.01258   0.00000   0.00000   0.00000   0.00000   0.01255   0.00000   0.02538   0.00000   0.00000   0.01256   0.00000   0.00000   0.02527   8.06297  23.01474  -5.39311   0.00000   1.00000  
 61  0.3561    378.570514  x:  0.00000   0.00000   0.00000   0.00000   0.00000   0.00000   0.01258   0.00000   0.00000   0.00000   0.00000   0.00000   0.00000   0.00000   0.01255   0.00000   0.01258   0.00000   0.00000   0.00000   0.00000   0.01255   0.00000   0.02538   0.00000   0.00000   0.01256   0.00000   0.00000   0.02527   8.06292  23.15187  -5.41827   0.00000   1.00000  
 62  0.1396    378.570514  x:  0.00000   0.00000   0.00000   0.00000   0.00000   0.00000   0.01258   0.00000   0.00000   0.00000   0.00000   0.00000   0.00000   0.00000   0.01255   0.00000   0.01258   0.00000   0.00000   0.00000   0.00000   0.01255   0.00000   0.02538   0.00000   0.00000   0.01256   0.00000   0.00000   0.02527   8.06290  23.48108  -5.47868   0.00000   1.00000  
 63  0.3354    378.570514  x:  0.00000   0.00000   0.00000   0.00000   0.00000   0.00000   0.01258   0.00000   0.00000   0.00000   0.00000   0.00000   0.00000   0.00000   0.01255   0.00000   0.01258   0.00000   0.00000   0.00000   0.00000   0.01255   0.00000   0.02538   0.00000   0.00000   0.01256   0.00000   0.00000   0.02527   8.06289  25.25689  -5.80452   0.00000   1.00000  
 64  0.3953    378.570514  x:  0.00000   0.00000   0.00000   0.00000   0.00000   0.00000   0.01258   0.00000   0.00000   0.00000   0.00000   0.00000   0.00000   0.00000   0.01255   0.00000   0.01258   0.00000   0.00000   0.00000   0.00000   0.01255   0.00000   0.02538   0.00000   0.00000   0.01256   0.00000   0.00000   0.02527   8.06292  25.08692  -5.77333   0.00000   1.00000  
 65  0.0607    378.570514  x:  0.00000   0.00000   0.00000   0.00000   0.00000   0.00000   0.01258   0.00000   0.00000   0.00000   0.00000   0.00000   0.00000   0.00000   0.01255   0.00000   0.01258   0.00000   0.00000   0.00000   0.00000   0.01255   0.00000   0.02538   0.00000   0.00000   0.01256   0.00000   0.00000   0.02527   8.06292  25.12857  -5.78098   0.00000   1.00000  
 66  0.2490    378.570514  x:  0.00000   0.00000   0.00000   0.00000   0.00000   0.00000   0.01258   0.00000   0.00000   0.00000   0.00000   0.00000   0.00000   0.00000   0.01255   0.00000   0.01258   0.00000   0.00000   0.00000   0.00000   0.01255   0.00000   0.02538   0.00000   0.00000   0.01256   0.00000   0.00000   0.02527   8.06292  25.12858  -5.78098   0.00000   1.00000  
 67 138.2150    378.570514  x:  0.00000   0.00000   0.00000   0.00000   0.00000   0.00000   0.01258   0.00000   0.00000   0.00000   0.00000   0.00000   0.00000   0.00000   0.01255   0.00000   0.01258   0.00000   0.00000   0.00000   0.00000   0.01255   0.00000   0.02538   0.00000   0.00000   0.01256   0.00000   0.00000   0.02527   8.06292  25.12858  -5.78098   0.00000   1.00000  
 68  1.4403    378.570514  x:  0.00000   0.00000   0.00000   0.00000   0.00000   0.00000   0.01258   0.00000   0.00000   0.00000   0.00000   0.00000   0.00000   0.00000   0.01255   0.00000   0.01258   0.00000   0.00000   0.00000   0.00000   0.01255   0.00000   0.02538   0.00000   0.00000   0.01256   0.00000   0.00000   0.02527   8.06292  25.12858  -5.78098   0.00000   1.00000  