Supplemental results for CODEML (seqf: /Users/YY/Desktop/get/branch_site/modify/modify_trim_muscle_rps14.fa  treef: /Users/YY/Desktop/get/branch_site/16gene_topu.tree)


dN/dS (w) for site classes (K=4)

site class             0        1       2a       2b
proportion       0.58661  0.21243  0.14754  0.05343
background w     0.00000  1.00000  0.00000  1.00000
foreground w     0.00000  1.00000  2.57465  2.57465

Naive Empirical Bayes (NEB) probabilities for 4 classes
(amino acids refer to 1st sequence: NC_029392)

   1 M   0.68022 0.11882 0.17108 0.02988 ( 1)
   2 A   0.66449 0.13455 0.16712 0.03384 ( 1)
   3 R   0.67809 0.12095 0.17054 0.03042 ( 1)
   4 K   0.68646 0.11258 0.17265 0.02831 ( 1)
   5 G   0.66030 0.13874 0.16607 0.03489 ( 1)
   6 L   0.63069 0.16835 0.15862 0.04234 ( 1)
   7 I   0.66300 0.13604 0.16674 0.03422 ( 1)
   8 Q   0.65128 0.14776 0.16380 0.03716 ( 1)
   9 R   0.66406 0.13498 0.16701 0.03395 ( 1)
  10 E   0.65781 0.14123 0.16544 0.03552 ( 1)
  11 N   0.00000 0.79904 0.00000 0.20096 ( 2)
  12 K   0.66753 0.13151 0.16788 0.03308 ( 1)
  13 R   0.66406 0.13498 0.16701 0.03395 ( 1)
  14 Q   0.67026 0.12878 0.16857 0.03239 ( 1)
  15 K   0.68508 0.11396 0.17230 0.02866 ( 1)
  16 L   0.63069 0.16835 0.15862 0.04234 ( 1)
  17 E   0.67861 0.12043 0.17067 0.03029 ( 1)
  18 Q   0.00000 0.79904 0.00000 0.20096 ( 2)
  19 K   0.68768 0.11136 0.17295 0.02801 ( 1)
  20 Y   0.66210 0.13694 0.16652 0.03444 ( 1)
  21 H   0.68040 0.11864 0.17112 0.02984 ( 1)
  22 S   0.63648 0.16256 0.16008 0.04088 ( 1)
  23 I   0.66300 0.13604 0.16674 0.03422 ( 1)
  24 R   0.66218 0.13686 0.16654 0.03442 ( 1)
  25 R   0.64633 0.15271 0.16255 0.03841 ( 1)
  26 S   0.61270 0.18634 0.15410 0.04686 ( 1)
  27 S   0.64661 0.15243 0.16262 0.03834 ( 1)
  28 K   0.68768 0.11136 0.17295 0.02801 ( 1)
  29 K   0.68768 0.11136 0.17295 0.02801 ( 1)
  30 E   0.67861 0.12043 0.17067 0.03029 ( 1)
  31 I   0.68618 0.11286 0.17257 0.02838 ( 1)
  32 R   0.00000 0.79904 0.00000 0.20096 ( 2)
  33 Q   0.00000 0.79904 0.00000 0.20096 ( 2)
  34 V   0.64937 0.14967 0.16332 0.03764 ( 1)
  35 L   0.00000 0.79904 0.00000 0.20096 ( 2)
  36 S   0.00000 0.79904 0.00000 0.20096 ( 2)
  37 L   0.63471 0.16433 0.15963 0.04133 ( 1)
  38 S   0.64375 0.15529 0.16191 0.03906 ( 1)
  39 D   0.63491 0.16413 0.15968 0.04128 ( 1)
  40 K   0.68768 0.11136 0.17295 0.02801 ( 1)
  41 W   0.64686 0.15218 0.16269 0.03827 ( 1)
  42 E   0.67861 0.12043 0.17067 0.03029 ( 1)
  43 I   0.66300 0.13604 0.16674 0.03422 ( 1)
  44 Y   0.66210 0.13694 0.16652 0.03444 ( 1)
  45 G   0.66884 0.13020 0.16821 0.03275 ( 1)
  46 K   0.66573 0.13331 0.16743 0.03353 ( 1)
  47 L   0.63471 0.16433 0.15963 0.04133 ( 1)
  48 Q   0.00000 0.79904 0.00000 0.20096 ( 2)
  49 S   0.65057 0.14847 0.16362 0.03734 ( 1)
  50 P   0.00000 0.79904 0.00000 0.20096 ( 2)
  51 P   0.64562 0.15342 0.16238 0.03858 ( 1)
  52 R   0.65002 0.14902 0.16348 0.03748 ( 1)
  53 N   0.68639 0.11265 0.17263 0.02833 ( 1)
  54 S   0.68466 0.11438 0.17219 0.02877 ( 1)
  55 A   0.66449 0.13455 0.16712 0.03384 ( 1)
  56 P   0.65242 0.14662 0.16409 0.03687 ( 1)
  57 T   0.67302 0.12602 0.16926 0.03169 ( 1)
  58 R   0.62285 0.17619 0.15665 0.04431 ( 1)
  59 L   0.64489 0.15415 0.16219 0.03877 ( 1)
  60 H   0.68040 0.11864 0.17112 0.02984 ( 1)
  61 R   0.64506 0.15398 0.16223 0.03873 ( 1)
  62 R   0.66218 0.13686 0.16654 0.03442 ( 1)
  63 C   0.66690 0.13214 0.16773 0.03323 ( 1)
  64 F   0.66229 0.13675 0.16657 0.03439 ( 1)
  65 S   0.63648 0.16256 0.16008 0.04088 ( 1)
  66 T   0.61548 0.18356 0.15480 0.04617 ( 1)
  67 G   0.66884 0.13020 0.16821 0.03275 ( 1)
  68 R   0.66450 0.13454 0.16712 0.03384 ( 1)
  69 P   0.00000 0.79904 0.00000 0.20096 ( 2)
  70 R   0.67809 0.12095 0.17054 0.03042 ( 1)
  71 A   0.64937 0.14967 0.16332 0.03764 ( 1)
  72 N   0.64567 0.15337 0.16239 0.03857 ( 1)
  73 Y   0.66210 0.13694 0.16652 0.03444 ( 1)
  74 R   0.64633 0.15271 0.16255 0.03841 ( 1)
  75 D   0.63491 0.16413 0.15968 0.04128 ( 1)
  76 F   0.66229 0.13675 0.16657 0.03439 ( 1)
  77 G   0.66884 0.13020 0.16821 0.03275 ( 1)
  78 L   0.65203 0.14701 0.16399 0.03697 ( 1)
  79 S   0.65057 0.14847 0.16362 0.03734 ( 1)
  80 G   0.66884 0.13020 0.16821 0.03275 ( 1)
  81 Q   0.00000 0.79904 0.00000 0.20096 ( 2)
  82 I   0.68618 0.11286 0.17257 0.02838 ( 1)
  83 L   0.65242 0.14662 0.16409 0.03687 ( 1)
  84 R   0.66218 0.13686 0.16654 0.03442 ( 1)
  85 E   0.67861 0.12043 0.17067 0.03029 ( 1)
  86 M   0.00000 0.79904 0.00000 0.20096 ( 2)
  87 V   0.64937 0.14967 0.16332 0.03764 ( 1)
  88 H   0.64185 0.15719 0.16143 0.03953 ( 1)
  89 A   0.66449 0.13455 0.16712 0.03384 ( 1)
  90 C   0.66690 0.13214 0.16773 0.03323 ( 1)
  91 L   0.63471 0.16433 0.15963 0.04133 ( 1)
  92 L   0.63065 0.16839 0.15861 0.04235 ( 1)
  93 P   0.66807 0.13097 0.16802 0.03294 ( 1)
  94 G   0.65285 0.14619 0.16419 0.03677 ( 1)
  95 A   0.64283 0.15621 0.16167 0.03929 ( 1)
  96 T   0.67302 0.12602 0.16926 0.03169 ( 1)
  97 R   0.67809 0.12095 0.17054 0.03042 ( 1)
  98 S   0.61270 0.18634 0.15410 0.04686 ( 1)
  99 S   0.68466 0.11438 0.17219 0.02877 ( 1)
 100 W   0.64686 0.15218 0.16269 0.03827 ( 1)


lnL =  -587.411432

Bayes Empirical Bayes (BEB) probabilities for 4 classes (class)
(amino acids refer to 1st sequence: NC_029392)

   1 M   0.58780 0.07474 0.29922 0.03824 ( 1)
   2 A   0.57888 0.08366 0.29465 0.04281 ( 1)
   3 R   0.58656 0.07598 0.29859 0.03887 ( 1)
   4 K   0.59132 0.07122 0.30103 0.03643 ( 1)
   5 G   0.57651 0.08603 0.29343 0.04403 ( 1)
   6 L   0.55987 0.10267 0.28489 0.05258 ( 1)
   7 I   0.57803 0.08451 0.29421 0.04325 ( 1)
   8 Q   0.57143 0.09111 0.29083 0.04664 ( 1)
   9 R   0.57863 0.08391 0.29452 0.04294 ( 1)
  10 E   0.57510 0.08744 0.29271 0.04475 ( 1)
  11 N   0.30059 0.36195 0.15015 0.18731 ( 2)
  12 K   0.58055 0.08199 0.29551 0.04196 ( 1)
  13 R   0.57863 0.08391 0.29452 0.04294 ( 1)
  14 Q   0.58213 0.08041 0.29632 0.04115 ( 1)
  15 K   0.59052 0.07202 0.30062 0.03684 ( 1)
  16 L   0.55987 0.10267 0.28489 0.05258 ( 1)
  17 E   0.58687 0.07566 0.29875 0.03871 ( 1)
  18 Q   0.27793 0.38461 0.13822 0.19924 ( 2)
  19 K   0.59203 0.07051 0.30139 0.03607 ( 1)
  20 Y   0.57752 0.08501 0.29395 0.04351 ( 1)
  21 H   0.58789 0.07465 0.29927 0.03819 ( 1)
  22 S   0.56313 0.09941 0.28656 0.05090 ( 1)
  23 I   0.57803 0.08451 0.29421 0.04325 ( 1)
  24 R   0.57756 0.08497 0.29397 0.04349 ( 1)
  25 R   0.56864 0.09390 0.28939 0.04807 ( 1)
  26 S   0.54983 0.11271 0.27972 0.05774 ( 1)
  27 S   0.56880 0.09373 0.28948 0.04799 ( 1)
  28 K   0.59203 0.07051 0.30139 0.03607 ( 1)
  29 K   0.59203 0.07051 0.30139 0.03607 ( 1)
  30 E   0.58687 0.07566 0.29875 0.03871 ( 1)
  31 I   0.59119 0.07135 0.30096 0.03650 ( 1)
  32 R   0.10346 0.55907 0.04725 0.29021 ( 2)
  33 Q   0.29717 0.36536 0.14835 0.18911 ( 2)
  34 V   0.57036 0.09218 0.29028 0.04719 ( 1)
  35 L   0.09144 0.57109 0.04129 0.29618 ( 2)
  36 S   0.24868 0.41385 0.12284 0.21463 ( 2)
  37 L   0.56213 0.10040 0.28605 0.05141 ( 1)
  38 S   0.56721 0.09533 0.28866 0.04881 ( 1)
  39 D   0.56225 0.10028 0.28611 0.05135 ( 1)
  40 K   0.59203 0.07051 0.30139 0.03607 ( 1)
  41 W   0.56895 0.09359 0.28955 0.04791 ( 1)
  42 E   0.58687 0.07566 0.29875 0.03871 ( 1)
  43 I   0.57803 0.08451 0.29421 0.04325 ( 1)
  44 Y   0.57752 0.08501 0.29395 0.04351 ( 1)
  45 G   0.58133 0.08121 0.29591 0.04156 ( 1)
  46 K   0.57957 0.08297 0.29500 0.04246 ( 1)
  47 L   0.56213 0.10040 0.28605 0.05141 ( 1)
  48 Q   0.29156 0.37097 0.14540 0.19206 ( 2)
  49 S   0.57104 0.09150 0.29062 0.04684 ( 1)
  50 P   0.27188 0.39066 0.13504 0.20242 ( 2)
  51 P   0.56826 0.09428 0.28919 0.04827 ( 1)
  52 R   0.57072 0.09182 0.29046 0.04700 ( 1)
  53 N   0.59131 0.07123 0.30102 0.03644 ( 1)
  54 S   0.59032 0.07222 0.30051 0.03695 ( 1)
  55 A   0.57888 0.08366 0.29465 0.04281 ( 1)
  56 P   0.57208 0.09046 0.29116 0.04631 ( 1)
  57 T   0.58370 0.07884 0.29712 0.04034 ( 1)
  58 R   0.55550 0.10704 0.28264 0.05483 ( 1)
  59 L   0.56784 0.09469 0.28898 0.04848 ( 1)
  60 H   0.58789 0.07465 0.29927 0.03819 ( 1)
  61 R   0.56793 0.09461 0.28903 0.04844 ( 1)
  62 R   0.57756 0.08497 0.29397 0.04349 ( 1)
  63 C   0.58024 0.08230 0.29534 0.04212 ( 1)
  64 F   0.57764 0.08490 0.29401 0.04345 ( 1)
  65 S   0.56313 0.09941 0.28656 0.05090 ( 1)
  66 T   0.55138 0.11116 0.28052 0.05694 ( 1)
  67 G   0.58133 0.08121 0.29591 0.04156 ( 1)
  68 R   0.57886 0.08367 0.29464 0.04282 ( 1)
  69 P   0.27200 0.39053 0.13511 0.20236 ( 2)
  70 R   0.58656 0.07598 0.29859 0.03887 ( 1)
  71 A   0.57036 0.09218 0.29028 0.04719 ( 1)
  72 N   0.56829 0.09425 0.28921 0.04825 ( 1)
  73 Y   0.57752 0.08501 0.29395 0.04351 ( 1)
  74 R   0.56864 0.09390 0.28939 0.04807 ( 1)
  75 D   0.56225 0.10028 0.28611 0.05135 ( 1)
  76 F   0.57764 0.08490 0.29401 0.04345 ( 1)
  77 G   0.58133 0.08121 0.29591 0.04156 ( 1)
  78 L   0.57185 0.09069 0.29104 0.04642 ( 1)
  79 S   0.57104 0.09150 0.29062 0.04684 ( 1)
  80 G   0.58133 0.08121 0.29591 0.04156 ( 1)
  81 Q   0.27240 0.39014 0.13531 0.20215 ( 2)
  82 I   0.59119 0.07135 0.30096 0.03650 ( 1)
  83 L   0.57208 0.09046 0.29116 0.04631 ( 1)
  84 R   0.57756 0.08497 0.29397 0.04349 ( 1)
  85 E   0.58687 0.07566 0.29875 0.03871 ( 1)
  86 M   0.23458 0.42796 0.11541 0.22205 ( 2)
  87 V   0.57036 0.09218 0.29028 0.04719 ( 1)
  88 H   0.56612 0.09642 0.28810 0.04936 ( 1)
  89 A   0.57888 0.08366 0.29465 0.04281 ( 1)
  90 C   0.58024 0.08230 0.29534 0.04212 ( 1)
  91 L   0.56213 0.10040 0.28605 0.05141 ( 1)
  92 L   0.55986 0.10268 0.28488 0.05258 ( 1)
  93 P   0.58090 0.08164 0.29568 0.04178 ( 1)
  94 G   0.57232 0.09022 0.29128 0.04618 ( 1)
  95 A   0.56669 0.09585 0.28839 0.04907 ( 1)
  96 T   0.58370 0.07884 0.29712 0.04034 ( 1)
  97 R   0.58656 0.07598 0.29859 0.03887 ( 1)
  98 S   0.54983 0.11271 0.27972 0.05774 ( 1)
  99 S   0.59032 0.07222 0.30051 0.03695 ( 1)
 100 W   0.56895 0.09359 0.28955 0.04791 ( 1)

