

TREE # 1

  0  0.0000    625.624982  x:  0.00000   0.02017   0.03050   0.00315   0.03966   0.03409   0.01660   0.01963   0.03348   0.00974   0.02518   0.01258   0.01182   0.00805   0.00965   0.03015   0.03409   0.02756   0.04494   0.01756   0.03541   0.03137   0.00638   0.02288   0.00451   0.05548   0.02682   0.04088   0.07146   0.04843   2.00000   1.09989   0.02896   0.27919   2.57308  
  1 99.0000    625.616274  x:  0.00000   0.02017   0.03050   0.00315   0.03966   0.03408   0.01659   0.01963   0.03347   0.00974   0.02518   0.01258   0.01181   0.00804   0.00964   0.03014   0.03409   0.02756   0.04494   0.01756   0.03541   0.03137   0.00638   0.02288   0.00450   0.05548   0.02681   0.04088   0.07146   0.04844   2.00000   1.09989   0.02896   0.27919   2.57308  
  2 398.7860    619.559341  x:  0.00000   0.02180   0.02781   0.00000   0.03703   0.03086   0.01311   0.01638   0.03024   0.00648   0.02193   0.00933   0.00856   0.00479   0.00639   0.02690   0.03040   0.02740   0.04214   0.01439   0.03224   0.02896   0.00319   0.02278   0.00133   0.05337   0.02268   0.03937   0.07071   0.05300   1.99996   1.09980   0.02907   0.27655   2.57308  
  3 3348.8601    616.971917  x:  0.00000   0.01854   0.02716   0.00000   0.03657   0.02940   0.01124   0.01489   0.02875   0.00500   0.02045   0.00784   0.00707   0.00330   0.00490   0.02541   0.02772   0.02731   0.04007   0.01300   0.03083   0.02877   0.00186   0.02261   0.00000   0.05186   0.02113   0.03765   0.07025   0.05333   1.99984   1.09952   0.02937   0.27175   2.57308  
  4 570.4653    613.751714  x:  0.00000   0.01958   0.02688   0.00000   0.03656   0.02730   0.00837   0.01274   0.02660   0.00284   0.01829   0.00568   0.00491   0.00115   0.00274   0.02326   0.02492   0.02711   0.03826   0.01108   0.02883   0.02940   0.00000   0.02247   0.00000   0.05013   0.02104   0.03630   0.06963   0.05173   1.99960   1.09900   0.02994   0.26284   2.57307  
  5 774.0511    612.254731  x:  0.00000   0.01957   0.02691   0.00000   0.03668   0.02619   0.00682   0.01160   0.02546   0.00169   0.01715   0.00454   0.00377   0.00000   0.00159   0.02211   0.02464   0.02700   0.03812   0.01007   0.02777   0.02922   0.00000   0.02251   0.00000   0.04977   0.02111   0.03647   0.06944   0.05186   1.99947   1.09874   0.03023   0.25826   2.57307  
  6 2109.8406    610.332834  x:  0.00000   0.01959   0.02698   0.00000   0.03687   0.02466   0.00464   0.01001   0.02388   0.00011   0.01556   0.00295   0.00218   0.00000   0.00000   0.02053   0.02438   0.02692   0.03793   0.00866   0.02629   0.02906   0.00000   0.02247   0.00000   0.04940   0.02106   0.03650   0.06923   0.05201   1.99930   1.09838   0.03063   0.25201   2.57306  
  7 123857.5327    610.219290  x:  0.00000   0.01959   0.02699   0.00000   0.03688   0.02456   0.00450   0.00991   0.02378   0.00000   0.01546   0.00285   0.00207   0.00000   0.00000   0.02043   0.02436   0.02691   0.03792   0.00857   0.02620   0.02905   0.00000   0.02246   0.00000   0.04938   0.02105   0.03650   0.06921   0.05202   1.99929   1.09835   0.03065   0.25161   2.57306  
  8 609093.1171    608.098579  x:  0.00000   0.01962   0.02692   0.00000   0.03697   0.02255   0.00183   0.00784   0.02171   0.00000   0.01339   0.00078   0.00000   0.00000   0.00000   0.01836   0.02422   0.02674   0.03779   0.00671   0.02426   0.02902   0.00000   0.02311   0.00000   0.04902   0.02084   0.03632   0.06898   0.05221   1.99906   1.09785   0.03121   0.24303   2.57306  
  9 13599.0810    607.367011  x:  0.00000   0.01963   0.02684   0.00000   0.03693   0.02179   0.00077   0.00707   0.02094   0.00000   0.01261   0.00000   0.00000   0.00000   0.00000   0.01758   0.02406   0.02657   0.03762   0.00601   0.02353   0.02896   0.00000   0.02305   0.00000   0.04911   0.02087   0.03633   0.06905   0.05230   1.99897   1.09767   0.03140   0.23998   2.57306  
 10 6549.7635    606.919030  x:  0.00000   0.01963   0.02681   0.00000   0.03691   0.02129   0.00000   0.00654   0.02042   0.00000   0.01209   0.00000   0.00000   0.00000   0.00000   0.01706   0.02395   0.02666   0.03754   0.00554   0.02305   0.02890   0.00000   0.02306   0.00000   0.04909   0.02087   0.03637   0.06907   0.05234   1.99892   1.09756   0.03152   0.23805   2.57306  
 11 12488.3835    602.512432  x:  0.00000   0.01972   0.02617   0.00000   0.03634   0.01537   0.00000   0.00041   0.01433   0.00000   0.00597   0.00000   0.00000   0.00000   0.00000   0.01095   0.02349   0.02560   0.03818   0.00000   0.01741   0.02871   0.00000   0.02256   0.00000   0.04698   0.02012   0.03621   0.06821   0.05278   1.99830   1.09639   0.03279   0.21739   2.57306  
 12 6086.5743    602.250006  x:  0.00000   0.01973   0.02603   0.00000   0.03622   0.01498   0.00000   0.00000   0.01393   0.00000   0.00557   0.00000   0.00000   0.00000   0.00000   0.01054   0.02353   0.02560   0.03812   0.00000   0.01704   0.02868   0.00000   0.02254   0.00000   0.04692   0.02020   0.03614   0.06807   0.05284   1.99826   1.09633   0.03286   0.21629   2.57306  
 13 2186.6568    599.120494  x:  0.00000   0.01980   0.02393   0.00000   0.03421   0.00959   0.00000   0.00000   0.00841   0.00000   0.00000   0.00000   0.00000   0.00000   0.00000   0.00499   0.02353   0.02561   0.03789   0.00000   0.01192   0.02838   0.00000   0.02236   0.00000   0.04662   0.02001   0.03597   0.06684   0.05319   1.99781   1.09553   0.03373   0.20204   2.57306  
 14 10930.9338    596.777188  x:  0.00000   0.01987   0.02204   0.00000   0.03242   0.00474   0.00000   0.00000   0.00344   0.00000   0.00000   0.00000   0.00000   0.00000   0.00000   0.00000   0.02353   0.02561   0.03766   0.00000   0.00733   0.02812   0.00000   0.02220   0.00000   0.04637   0.01982   0.03583   0.06570   0.05349   1.99740   1.09481   0.03451   0.18920   2.57306  
 15 19348263.7067    595.454607  x:  0.00000   0.01992   0.02049   0.00000   0.03090   0.00138   0.00000   0.00000   0.00000   0.00000   0.00000   0.00000   0.00000   0.00000   0.00000   0.00000   0.02350   0.02570   0.03765   0.00000   0.00415   0.02818   0.00000   0.02207   0.00000   0.04628   0.01972   0.03574   0.06502   0.05381   1.99712   1.09432   0.03503   0.18077   2.57307  
 16 3265.6749    595.038876  x:  0.00000   0.01994   0.01982   0.00000   0.03023   0.00000   0.00000   0.00000   0.00000   0.00000   0.00000   0.00000   0.00000   0.00000   0.00000   0.00000   0.02352   0.02573   0.03765   0.00000   0.00285   0.02808   0.00000   0.02203   0.00000   0.04624   0.01967   0.03567   0.06475   0.05388   1.99701   1.09412   0.03525   0.17730   2.57307  
 17 60591.3443    594.351525  x:  0.00000   0.01998   0.01792   0.00000   0.02832   0.00000   0.00000   0.00000   0.00000   0.00000   0.00000   0.00000   0.00000   0.00000   0.00000   0.00000   0.02360   0.02590   0.03761   0.00000   0.00000   0.02837   0.00000   0.02191   0.00000   0.04618   0.01952   0.03573   0.06410   0.05422   1.99675   1.09369   0.03571   0.16989   2.57307  
 18 3079.3813    590.347510  x:  0.00000   0.02039   0.00000   0.00000   0.01054   0.00000   0.00000   0.00000   0.00000   0.00000   0.00000   0.00000   0.00000   0.00000   0.00000   0.00000   0.02272   0.02771   0.03944   0.00000   0.00000   0.03001   0.00000   0.02085   0.00000   0.04711   0.01862   0.03493   0.05691   0.05752   1.99435   1.08956   0.04009   0.09962   2.57312  
 19 11340.1011    589.035500  x:  0.00000   0.02057   0.00000   0.00000   0.00000   0.00000   0.00000   0.00000   0.00000   0.00000   0.00000   0.00000   0.00000   0.00000   0.00000   0.00000   0.02307   0.02831   0.03932   0.00000   0.00000   0.03069   0.00000   0.02040   0.00000   0.04686   0.01808   0.03487   0.05446   0.05877   1.99326   1.08764   0.04212   0.06815   2.57314  
 20 2240.0226    588.604575  x:  0.00000   0.02065   0.00000   0.00000   0.00000   0.00000   0.00000   0.00000   0.00000   0.00000   0.00000   0.00000   0.00000   0.00000   0.00000   0.00000   0.02072   0.02711   0.03583   0.00000   0.00000   0.02879   0.00000   0.02093   0.00000   0.03248   0.02142   0.03423   0.06807   0.06196   1.99415   1.08787   0.04168   0.03672   2.57333  
 21  7.8790    588.339066  x:  0.00000   0.02055   0.00000   0.00000   0.00000   0.00000   0.00000   0.00000   0.00000   0.00000   0.00000   0.00000   0.00000   0.00000   0.00000   0.00000   0.01136   0.02589   0.03765   0.00000   0.00000   0.02624   0.00000   0.02173   0.00000   0.03144   0.02353   0.03328   0.06243   0.06435   1.99639   1.08865   0.04068   0.04032   2.57345  
 22  4.9315    588.036239  x:  0.00000   0.02103   0.00000   0.00000   0.00000   0.00000   0.00000   0.00000   0.00000   0.00000   0.00000   0.00000   0.00000   0.00000   0.00000   0.00000   0.01162   0.02567   0.03005   0.00000   0.00000   0.02009   0.00000   0.02223   0.00000   0.02680   0.01725   0.03800   0.05605   0.06105   2.00383   1.09016   0.03874   0.04852   2.57366  
 23  2.1085    587.785224  x:  0.00000   0.02191   0.00000   0.00000   0.00000   0.00000   0.00000   0.00000   0.00000   0.00000   0.00000   0.00000   0.00000   0.00000   0.00000   0.00000   0.01016   0.02632   0.03017   0.00000   0.00000   0.01664   0.00000   0.02151   0.00000   0.03047   0.01090   0.03337   0.06172   0.06016   2.01719   1.09292   0.03528   0.03574   2.57403  
 24  1.6195    587.739002  x:  0.00000   0.02181   0.00000   0.00000   0.00000   0.00000   0.00000   0.00000   0.00000   0.00000   0.00000   0.00000   0.00000   0.00000   0.00000   0.00000   0.00959   0.02801   0.03017   0.00000   0.00000   0.01895   0.00000   0.02110   0.00000   0.02923   0.00907   0.03383   0.06157   0.06133   2.03479   1.09241   0.03557   0.03868   2.57412  
 25  0.6000    587.474377  x:  0.00000   0.02093   0.00000   0.00000   0.00000   0.00000   0.00000   0.00000   0.00000   0.00000   0.00000   0.00000   0.00000   0.00000   0.00000   0.00000   0.01015   0.03360   0.02990   0.00000   0.00000   0.01979   0.00000   0.02220   0.00000   0.02975   0.01094   0.02882   0.05337   0.06116   2.30071   1.11396   0.01031   0.00000   2.57541  
 26  0.8978    587.468653  x:  0.00211   0.02088   0.00000   0.00000   0.00000   0.00000   0.00000   0.00000   0.00000   0.00000   0.00000   0.00000   0.00000   0.00000   0.00000   0.00000   0.01018   0.03391   0.02989   0.00000   0.00000   0.01984   0.00000   0.02226   0.00000   0.02978   0.01105   0.02855   0.05292   0.06116   2.31564   1.11510   0.00897   0.00000   2.57548  
 27 39.3402    587.443789  x:  0.00382   0.02063   0.00000   0.00000   0.00000   0.00000   0.00000   0.00000   0.00000   0.00000   0.00000   0.00000   0.00000   0.00000   0.00000   0.00000   0.01077   0.03386   0.03020   0.00000   0.00000   0.02008   0.00000   0.02149   0.00000   0.02984   0.01110   0.02666   0.05072   0.06293   2.39156   1.08057   0.04426   0.00000   2.57528  
 28  0.6413    587.431515  x:  0.00231   0.02040   0.00000   0.00000   0.00000   0.00000   0.00000   0.00000   0.00000   0.00000   0.00000   0.00000   0.00000   0.00000   0.00000   0.00000   0.01051   0.03204   0.02942   0.00000   0.00000   0.02083   0.00000   0.02157   0.00000   0.03134   0.01081   0.02831   0.05112   0.06362   2.41832   1.08288   0.04273   0.00000   2.57504  
 29  0.2484    587.421275  x:  0.00165   0.02029   0.00000   0.00000   0.00000   0.00000   0.00000   0.00000   0.00000   0.00000   0.00000   0.00000   0.00000   0.00000   0.00000   0.00000   0.01061   0.03100   0.03099   0.00000   0.00000   0.02055   0.00000   0.02049   0.00000   0.03098   0.01038   0.02920   0.05150   0.06383   2.42126   1.09054   0.03644   0.00000   2.57456  
 30  0.1348    587.416155  x:  0.00079   0.02049   0.00000   0.00000   0.00000   0.00000   0.00000   0.00000   0.00000   0.00000   0.00000   0.00000   0.00000   0.00000   0.00000   0.00000   0.01014   0.03144   0.03121   0.00000   0.00000   0.02056   0.00000   0.02009   0.00000   0.03131   0.01059   0.03037   0.05293   0.06393   2.41797   1.07898   0.04726   0.00000   2.57482  
 31  0.0438    587.412867  x:  0.00100   0.02068   0.00000   0.00000   0.00000   0.00000   0.00000   0.00000   0.00000   0.00000   0.00000   0.00000   0.00000   0.00000   0.00000   0.00000   0.01028   0.03117   0.03151   0.00000   0.00000   0.02054   0.00000   0.02085   0.00000   0.03109   0.01029   0.03046   0.05344   0.06435   2.39990   1.07218   0.05418   0.00000   2.57477  
 32  0.0612    587.411801  x:  0.00169   0.02074   0.00000   0.00000   0.00000   0.00000   0.00000   0.00000   0.00000   0.00000   0.00000   0.00000   0.00000   0.00000   0.00000   0.00000   0.01033   0.03104   0.03106   0.00000   0.00000   0.02050   0.00000   0.02054   0.00000   0.03082   0.01022   0.02990   0.05342   0.06459   2.37912   1.07243   0.05428   0.00000   2.57466  
 33  0.0664    587.411457  x:  0.00168   0.02066   0.00000   0.00000   0.00000   0.00000   0.00000   0.00000   0.00000   0.00000   0.00000   0.00000   0.00000   0.00000   0.00000   0.00000   0.01027   0.03094   0.03108   0.00000   0.00000   0.02056   0.00000   0.02052   0.00000   0.03079   0.01017   0.02996   0.05325   0.06404   2.37478   1.07121   0.05556   0.00000   2.57463  
 34  0.0178    587.411433  x:  0.00165   0.02062   0.00000   0.00000   0.00000   0.00000   0.00000   0.00000   0.00000   0.00000   0.00000   0.00000   0.00000   0.00000   0.00000   0.00000   0.01027   0.03097   0.03109   0.00000   0.00000   0.02053   0.00000   0.02052   0.00000   0.03086   0.01018   0.03000   0.05321   0.06407   2.37125   1.07125   0.05547   0.00000   2.57465  
 35  0.0052    587.411432  x:  0.00166   0.02063   0.00000   0.00000   0.00000   0.00000   0.00000   0.00000   0.00000   0.00000   0.00000   0.00000   0.00000   0.00000   0.00000   0.00000   0.01027   0.03096   0.03109   0.00000   0.00000   0.02053   0.00000   0.02052   0.00000   0.03086   0.01019   0.03000   0.05321   0.06406   2.37113   1.07124   0.05548   0.00000   2.57465  
 36  0.0001    587.411432  x:  0.00166   0.02063   0.00000   0.00000   0.00000   0.00000   0.00000   0.00000   0.00000   0.00000   0.00000   0.00000   0.00000   0.00000   0.00000   0.00000   0.01027   0.03096   0.03109   0.00000   0.00000   0.02053   0.00000   0.02052   0.00000   0.03086   0.01019   0.03000   0.05321   0.06406   2.37120   1.07125   0.05548   0.00000   2.57465  
 37  0.0001    587.411432  x:  0.00166   0.02063   0.00000   0.00000   0.00000   0.00000   0.00000   0.00000   0.00000   0.00000   0.00000   0.00000   0.00000   0.00000   0.00000   0.00000   0.01027   0.03096   0.03109   0.00000   0.00000   0.02053   0.00000   0.02052   0.00000   0.03086   0.01019   0.03000   0.05321   0.06406   2.37121   1.07125   0.05548   0.00000   2.57465  
 38  0.0000    587.411432  x:  0.00166   0.02063   0.00000   0.00000   0.00000   0.00000   0.00000   0.00000   0.00000   0.00000   0.00000   0.00000   0.00000   0.00000   0.00000   0.00000   0.01027   0.03096   0.03109   0.00000   0.00000   0.02053   0.00000   0.02052   0.00000   0.03086   0.01019   0.03000   0.05321   0.06406   2.37121   1.07125   0.05548   0.00000   2.57465  