Supplemental results for CODEML (seqf: /Users/YY/Desktop/get/branch_site/modify/modify_trim_muscle_ndhH.fa  treef: /Users/YY/Desktop/get/branch_site/16gene_topu.tree)


dN/dS (w) for site classes (K=4)

site class             0        1       2a       2b
proportion       0.92904  0.07096  0.00000  0.00000
background w     0.01448  1.00000  0.01448  1.00000
foreground w     0.01448  1.00000  1.00000  1.00000

Naive Empirical Bayes (NEB) probabilities for 4 classes
(amino acids refer to 1st sequence: NC_029392)

   1 M   0.98237 0.01763 0.00000 0.00000 ( 1)
   2 T   0.98050 0.01950 0.00000 0.00000 ( 1)
   3 A   0.97927 0.02073 0.00000 0.00000 ( 1)
   4 P   0.97024 0.02976 0.00000 0.00000 ( 1)
   5 A   0.98186 0.01814 0.00000 0.00000 ( 1)
   6 T   0.00921 0.99079 0.00000 0.00000 ( 2)
   7 R   0.95979 0.04021 0.00000 0.00000 ( 1)
   8 N   0.98569 0.01431 0.00000 0.00000 ( 1)
   9 D   0.96239 0.03761 0.00000 0.00000 ( 1)
  10 L   0.97790 0.02210 0.00000 0.00000 ( 1)
  11 M   0.98237 0.01763 0.00000 0.00000 ( 1)
  12 I   0.98500 0.01500 0.00000 0.00000 ( 1)
  13 V   0.95767 0.04233 0.00000 0.00000 ( 1)
  14 N   0.98569 0.01431 0.00000 0.00000 ( 1)
  15 M   0.44823 0.55177 0.00000 0.00000 ( 2)
  16 G   0.97548 0.02452 0.00000 0.00000 ( 1)
  17 P   0.97293 0.02707 0.00000 0.00000 ( 1)
  18 Q   0.95502 0.04498 0.00000 0.00000 ( 1)
  19 H   0.95623 0.04377 0.00000 0.00000 ( 1)
  20 P   0.97024 0.02976 0.00000 0.00000 ( 1)
  21 S   0.96560 0.03440 0.00000 0.00000 ( 1)
  22 M   0.98237 0.01763 0.00000 0.00000 ( 1)
  23 H   0.95480 0.04520 0.00000 0.00000 ( 1)
  24 G   0.98168 0.01832 0.00000 0.00000 ( 1)
  25 V   0.98304 0.01696 0.00000 0.00000 ( 1)
  26 L   0.97790 0.02210 0.00000 0.00000 ( 1)
  27 R   0.95979 0.04021 0.00000 0.00000 ( 1)
  28 L   0.94889 0.05111 0.00000 0.00000 ( 1)
  29 I   0.98447 0.01553 0.00000 0.00000 ( 1)
  30 V   0.98304 0.01696 0.00000 0.00000 ( 1)
  31 T   0.98050 0.01950 0.00000 0.00000 ( 1)
  32 L   0.96373 0.03627 0.00000 0.00000 ( 1)
  33 D   0.98625 0.01375 0.00000 0.00000 ( 1)
  34 G   0.98174 0.01826 0.00000 0.00000 ( 1)
  35 E   0.98229 0.01771 0.00000 0.00000 ( 1)
  36 D   0.98625 0.01375 0.00000 0.00000 ( 1)
  37 V   0.98304 0.01696 0.00000 0.00000 ( 1)
  38 I   0.98447 0.01553 0.00000 0.00000 ( 1)
  39 D   0.96386 0.03614 0.00000 0.00000 ( 1)
  40 C   0.97517 0.02483 0.00000 0.00000 ( 1)
  41 E   0.98229 0.01771 0.00000 0.00000 ( 1)
  42 P   0.95599 0.04401 0.00000 0.00000 ( 1)
  43 I   0.98500 0.01500 0.00000 0.00000 ( 1)
  44 L   0.95518 0.04482 0.00000 0.00000 ( 1)
  45 G   0.98140 0.01860 0.00000 0.00000 ( 1)
  46 Y   0.97662 0.02338 0.00000 0.00000 ( 1)
  47 L   0.96468 0.03532 0.00000 0.00000 ( 1)
  48 H   0.97963 0.02037 0.00000 0.00000 ( 1)
  49 R   0.97810 0.02190 0.00000 0.00000 ( 1)
  50 G   0.96802 0.03198 0.00000 0.00000 ( 1)
  51 M   0.98237 0.01763 0.00000 0.00000 ( 1)
  52 E   0.98229 0.01771 0.00000 0.00000 ( 1)
  53 K   0.98162 0.01838 0.00000 0.00000 ( 1)
  54 I   0.98447 0.01553 0.00000 0.00000 ( 1)
  55 A   0.96092 0.03908 0.00000 0.00000 ( 1)
  56 E   0.98229 0.01771 0.00000 0.00000 ( 1)
  57 N   0.96151 0.03849 0.00000 0.00000 ( 1)
  58 R   0.95979 0.04021 0.00000 0.00000 ( 1)
  59 T   0.97786 0.02214 0.00000 0.00000 ( 1)
  60 I   0.98447 0.01553 0.00000 0.00000 ( 1)
  61 I   0.98500 0.01500 0.00000 0.00000 ( 1)
  62 Q   0.96806 0.03194 0.00000 0.00000 ( 1)
  63 Y   0.97662 0.02338 0.00000 0.00000 ( 1)
  64 L   0.96468 0.03532 0.00000 0.00000 ( 1)
  65 P   0.97199 0.02801 0.00000 0.00000 ( 1)
  66 Y   0.97662 0.02338 0.00000 0.00000 ( 1)
  67 V   0.98052 0.01948 0.00000 0.00000 ( 1)
  68 T   0.97727 0.02273 0.00000 0.00000 ( 1)
  69 R   0.97357 0.02643 0.00000 0.00000 ( 1)
  70 W   0.95154 0.04846 0.00000 0.00000 ( 1)
  71 D   0.98625 0.01375 0.00000 0.00000 ( 1)
  72 Y   0.97662 0.02338 0.00000 0.00000 ( 1)
  73 L   0.96468 0.03532 0.00000 0.00000 ( 1)
  74 A   0.98186 0.01814 0.00000 0.00000 ( 1)
  75 T   0.98050 0.01950 0.00000 0.00000 ( 1)
  76 M   0.98237 0.01763 0.00000 0.00000 ( 1)
  77 F   0.95715 0.04285 0.00000 0.00000 ( 1)
  78 T   0.96693 0.03307 0.00000 0.00000 ( 1)
  79 E   0.98229 0.01771 0.00000 0.00000 ( 1)
  80 A   0.97927 0.02073 0.00000 0.00000 ( 1)
  81 I   0.98500 0.01500 0.00000 0.00000 ( 1)
  82 T   0.98050 0.01950 0.00000 0.00000 ( 1)
  83 V   0.98052 0.01948 0.00000 0.00000 ( 1)
  84 N   0.98569 0.01431 0.00000 0.00000 ( 1)
  85 A   0.32399 0.67601 0.00000 0.00000 ( 2)
  86 P   0.97024 0.02976 0.00000 0.00000 ( 1)
  87 E   0.96792 0.03208 0.00000 0.00000 ( 1)
  88 Q   0.95502 0.04498 0.00000 0.00000 ( 1)
  89 L   0.96468 0.03532 0.00000 0.00000 ( 1)
  90 G   0.95156 0.04844 0.00000 0.00000 ( 1)
  91 N   0.98569 0.01431 0.00000 0.00000 ( 1)
  92 I   0.98447 0.01553 0.00000 0.00000 ( 1)
  93 Q   0.96806 0.03194 0.00000 0.00000 ( 1)
  94 V   0.96225 0.03775 0.00000 0.00000 ( 1)
  95 P   0.97293 0.02707 0.00000 0.00000 ( 1)
  96 K   0.98162 0.01838 0.00000 0.00000 ( 1)
  97 R   0.96337 0.03663 0.00000 0.00000 ( 1)
  98 A   0.95162 0.04838 0.00000 0.00000 ( 1)
  99 S   0.95730 0.04270 0.00000 0.00000 ( 1)
 100 Y   0.97662 0.02338 0.00000 0.00000 ( 1)
 101 I   0.21725 0.78275 0.00000 0.00000 ( 2)
 102 R   0.97810 0.02190 0.00000 0.00000 ( 1)
 103 V   0.95824 0.04176 0.00000 0.00000 ( 1)
 104 I   0.98447 0.01553 0.00000 0.00000 ( 1)
 105 M   0.98237 0.01763 0.00000 0.00000 ( 1)
 106 L   0.96417 0.03583 0.00000 0.00000 ( 1)
 107 E   0.96870 0.03130 0.00000 0.00000 ( 1)
 108 L   0.96468 0.03532 0.00000 0.00000 ( 1)
 109 S   0.98301 0.01699 0.00000 0.00000 ( 1)
 110 R   0.97357 0.02643 0.00000 0.00000 ( 1)
 111 I   0.98500 0.01500 0.00000 0.00000 ( 1)
 112 A   0.98186 0.01814 0.00000 0.00000 ( 1)
 113 S   0.95190 0.04810 0.00000 0.00000 ( 1)
 114 H   0.97963 0.02037 0.00000 0.00000 ( 1)
 115 L   0.95619 0.04381 0.00000 0.00000 ( 1)
 116 L   0.96468 0.03532 0.00000 0.00000 ( 1)
 117 W   0.95154 0.04846 0.00000 0.00000 ( 1)
 118 L   0.97790 0.02210 0.00000 0.00000 ( 1)
 119 G   0.95203 0.04797 0.00000 0.00000 ( 1)
 120 P   0.97293 0.02707 0.00000 0.00000 ( 1)
 121 F   0.98150 0.01850 0.00000 0.00000 ( 1)
 122 M   0.98237 0.01763 0.00000 0.00000 ( 1)
 123 A   0.97927 0.02073 0.00000 0.00000 ( 1)
 124 D   0.98625 0.01375 0.00000 0.00000 ( 1)
 125 I   0.98447 0.01553 0.00000 0.00000 ( 1)
 126 G   0.95806 0.04194 0.00000 0.00000 ( 1)
 127 A   0.39130 0.60870 0.00000 0.00000 ( 2)
 128 Q   0.95502 0.04498 0.00000 0.00000 ( 1)
 129 T   0.95203 0.04797 0.00000 0.00000 ( 1)
 130 P   0.94584 0.05416 0.00000 0.00000 ( 1)
 131 F   0.95715 0.04285 0.00000 0.00000 ( 1)
 132 F   0.95748 0.04252 0.00000 0.00000 ( 1)
 133 Y   0.97662 0.02338 0.00000 0.00000 ( 1)
 134 I   0.98447 0.01553 0.00000 0.00000 ( 1)
 135 F   0.98150 0.01850 0.00000 0.00000 ( 1)
 136 R   0.96122 0.03878 0.00000 0.00000 ( 1)
 137 E   0.98229 0.01771 0.00000 0.00000 ( 1)
 138 R   0.97810 0.02190 0.00000 0.00000 ( 1)
 139 E   0.98177 0.01823 0.00000 0.00000 ( 1)
 140 L   0.95518 0.04482 0.00000 0.00000 ( 1)
 141 I   0.98500 0.01500 0.00000 0.00000 ( 1)
 142 Y   0.97662 0.02338 0.00000 0.00000 ( 1)
 143 D   0.96239 0.03761 0.00000 0.00000 ( 1)
 144 L   0.96373 0.03627 0.00000 0.00000 ( 1)
 145 F   0.95769 0.04231 0.00000 0.00000 ( 1)
 146 E   0.98229 0.01771 0.00000 0.00000 ( 1)
 147 A   0.98186 0.01814 0.00000 0.00000 ( 1)
 148 A   0.35734 0.64266 0.00000 0.00000 ( 2)
 149 T   0.95061 0.04939 0.00000 0.00000 ( 1)
 150 G   0.98174 0.01826 0.00000 0.00000 ( 1)
 151 M   0.98237 0.01763 0.00000 0.00000 ( 1)
 152 R   0.95979 0.04021 0.00000 0.00000 ( 1)
 153 M   0.98237 0.01763 0.00000 0.00000 ( 1)
 154 M   0.98237 0.01763 0.00000 0.00000 ( 1)
 155 H   0.97963 0.02037 0.00000 0.00000 ( 1)
 156 N   0.98569 0.01431 0.00000 0.00000 ( 1)
 157 Y   0.00855 0.99145 0.00000 0.00000 ( 2)
 158 F   0.98150 0.01850 0.00000 0.00000 ( 1)
 159 R   0.97357 0.02643 0.00000 0.00000 ( 1)
 160 I   0.97815 0.02185 0.00000 0.00000 ( 1)
 161 G   0.97600 0.02400 0.00000 0.00000 ( 1)
 162 G   0.97600 0.02400 0.00000 0.00000 ( 1)
 163 V   0.95867 0.04133 0.00000 0.00000 ( 1)
 164 A   0.98186 0.01814 0.00000 0.00000 ( 1)
 165 A   0.98186 0.01814 0.00000 0.00000 ( 1)
 166 D   0.98625 0.01375 0.00000 0.00000 ( 1)
 167 L   0.96468 0.03532 0.00000 0.00000 ( 1)
 168 P   0.97293 0.02707 0.00000 0.00000 ( 1)
 169 Y   0.00926 0.99074 0.00000 0.00000 ( 2)
 170 G   0.95217 0.04783 0.00000 0.00000 ( 1)
 171 W   0.95154 0.04846 0.00000 0.00000 ( 1)
 172 V   0.46268 0.53732 0.00000 0.00000 ( 2)
 173 D   0.98625 0.01375 0.00000 0.00000 ( 1)
 174 K   0.98162 0.01838 0.00000 0.00000 ( 1)
 175 C   0.97431 0.02569 0.00000 0.00000 ( 1)
 176 L   0.95518 0.04482 0.00000 0.00000 ( 1)
 177 D   0.98625 0.01375 0.00000 0.00000 ( 1)
 178 F   0.98150 0.01850 0.00000 0.00000 ( 1)
 179 C   0.97517 0.02483 0.00000 0.00000 ( 1)
 180 D   0.98432 0.01568 0.00000 0.00000 ( 1)
 181 Y   0.97662 0.02338 0.00000 0.00000 ( 1)
 182 F   0.98150 0.01850 0.00000 0.00000 ( 1)
 183 L   0.96468 0.03532 0.00000 0.00000 ( 1)
 184 T   0.97786 0.02214 0.00000 0.00000 ( 1)
 185 R   0.97810 0.02190 0.00000 0.00000 ( 1)
 186 V   0.98304 0.01696 0.00000 0.00000 ( 1)
 187 T   0.42181 0.57819 0.00000 0.00000 ( 2)
 188 E   0.98229 0.01771 0.00000 0.00000 ( 1)
 189 Y   0.97662 0.02338 0.00000 0.00000 ( 1)
 190 Q   0.96806 0.03194 0.00000 0.00000 ( 1)
 191 R   0.96657 0.03343 0.00000 0.00000 ( 1)
 192 L   0.97790 0.02210 0.00000 0.00000 ( 1)
 193 I   0.98447 0.01553 0.00000 0.00000 ( 1)
 194 T   0.97786 0.02214 0.00000 0.00000 ( 1)
 195 R   0.95265 0.04735 0.00000 0.00000 ( 1)
 196 N   0.98569 0.01431 0.00000 0.00000 ( 1)
 197 P   0.97171 0.02829 0.00000 0.00000 ( 1)
 198 I   0.47194 0.52806 0.00000 0.00000 ( 2)
 199 F   0.98150 0.01850 0.00000 0.00000 ( 1)
 200 L   0.96468 0.03532 0.00000 0.00000 ( 1)
 201 E   0.29514 0.70486 0.00000 0.00000 ( 2)
 202 R   0.95929 0.04071 0.00000 0.00000 ( 1)
 203 V   0.98304 0.01696 0.00000 0.00000 ( 1)
 204 E   0.96792 0.03208 0.00000 0.00000 ( 1)
 205 G   0.97760 0.02240 0.00000 0.00000 ( 1)
 206 V   0.42037 0.57963 0.00000 0.00000 ( 2)
 207 G   0.95342 0.04658 0.00000 0.00000 ( 1)
 208 I   0.98447 0.01553 0.00000 0.00000 ( 1)
 209 I   0.98447 0.01553 0.00000 0.00000 ( 1)
 210 G   0.95422 0.04578 0.00000 0.00000 ( 1)
 211 G   0.97760 0.02240 0.00000 0.00000 ( 1)
 212 E   0.96792 0.03208 0.00000 0.00000 ( 1)
 213 E   0.30240 0.69760 0.00000 0.00000 ( 2)
 214 A   0.97927 0.02073 0.00000 0.00000 ( 1)
 215 I   0.98492 0.01508 0.00000 0.00000 ( 1)
 216 N   0.98569 0.01431 0.00000 0.00000 ( 1)
 217 W   0.95154 0.04846 0.00000 0.00000 ( 1)
 218 G   0.98160 0.01840 0.00000 0.00000 ( 1)
 219 L   0.96468 0.03532 0.00000 0.00000 ( 1)
 220 S   0.95683 0.04317 0.00000 0.00000 ( 1)
 221 G   0.97760 0.02240 0.00000 0.00000 ( 1)
 222 P   0.97024 0.02976 0.00000 0.00000 ( 1)
 223 M   0.98237 0.01763 0.00000 0.00000 ( 1)
 224 L   0.96373 0.03627 0.00000 0.00000 ( 1)
 225 R   0.95979 0.04021 0.00000 0.00000 ( 1)
 226 A   0.98186 0.01814 0.00000 0.00000 ( 1)
 227 S   0.95169 0.04831 0.00000 0.00000 ( 1)
 228 G   0.97719 0.02281 0.00000 0.00000 ( 1)
 229 I   0.98500 0.01500 0.00000 0.00000 ( 1)
 230 Q   0.29202 0.70798 0.00000 0.00000 ( 2)
 231 W   0.95154 0.04846 0.00000 0.00000 ( 1)
 232 D   0.98625 0.01375 0.00000 0.00000 ( 1)
 233 L   0.97790 0.02210 0.00000 0.00000 ( 1)
 234 R   0.95860 0.04140 0.00000 0.00000 ( 1)
 235 K   0.96684 0.03316 0.00000 0.00000 ( 1)
 236 V   0.98304 0.01696 0.00000 0.00000 ( 1)
 237 D   0.98625 0.01375 0.00000 0.00000 ( 1)
 238 H   0.97963 0.02037 0.00000 0.00000 ( 1)
 239 Y   0.97578 0.02422 0.00000 0.00000 ( 1)
 240 E   0.96792 0.03208 0.00000 0.00000 ( 1)
 241 S   0.97386 0.02614 0.00000 0.00000 ( 1)
 242 Y   0.94902 0.05098 0.00000 0.00000 ( 1)
 243 D   0.98625 0.01375 0.00000 0.00000 ( 1)
 244 E   0.98229 0.01771 0.00000 0.00000 ( 1)
 245 F   0.98150 0.01850 0.00000 0.00000 ( 1)
 246 D   0.98625 0.01375 0.00000 0.00000 ( 1)
 247 W   0.95154 0.04846 0.00000 0.00000 ( 1)
 248 G   0.38728 0.61272 0.00000 0.00000 ( 2)
 249 V   0.98304 0.01696 0.00000 0.00000 ( 1)
 250 Q   0.96806 0.03194 0.00000 0.00000 ( 1)
 251 W   0.95154 0.04846 0.00000 0.00000 ( 1)
 252 Q   0.96806 0.03194 0.00000 0.00000 ( 1)
 253 K   0.97276 0.02724 0.00000 0.00000 ( 1)
 254 E   0.98060 0.01940 0.00000 0.00000 ( 1)
 255 G   0.96084 0.03916 0.00000 0.00000 ( 1)
 256 D   0.98625 0.01375 0.00000 0.00000 ( 1)
 257 S   0.96357 0.03643 0.00000 0.00000 ( 1)
 258 L   0.96468 0.03532 0.00000 0.00000 ( 1)
 259 A   0.98186 0.01814 0.00000 0.00000 ( 1)
 260 R   0.97357 0.02643 0.00000 0.00000 ( 1)
 261 Y   0.97662 0.02338 0.00000 0.00000 ( 1)
 262 L   0.96468 0.03532 0.00000 0.00000 ( 1)
 263 V   0.98052 0.01948 0.00000 0.00000 ( 1)
 264 R   0.95979 0.04021 0.00000 0.00000 ( 1)
 265 I   0.96136 0.03864 0.00000 0.00000 ( 1)
 266 G   0.01180 0.98820 0.00000 0.00000 ( 2)
 267 E   0.98229 0.01771 0.00000 0.00000 ( 1)
 268 M   0.98237 0.01763 0.00000 0.00000 ( 1)
 269 T   0.97786 0.02214 0.00000 0.00000 ( 1)
 270 E   0.98229 0.01771 0.00000 0.00000 ( 1)
 271 S   0.96560 0.03440 0.00000 0.00000 ( 1)
 272 I   0.01317 0.98683 0.00000 0.00000 ( 2)
 273 K   0.98162 0.01838 0.00000 0.00000 ( 1)
 274 I   0.98430 0.01570 0.00000 0.00000 ( 1)
 275 I   0.98447 0.01553 0.00000 0.00000 ( 1)
 276 Q   0.96806 0.03194 0.00000 0.00000 ( 1)
 277 Q   0.95560 0.04440 0.00000 0.00000 ( 1)
 278 A   0.98186 0.01814 0.00000 0.00000 ( 1)
 279 L   0.96468 0.03532 0.00000 0.00000 ( 1)
 280 E   0.98229 0.01771 0.00000 0.00000 ( 1)
 281 G   0.97760 0.02240 0.00000 0.00000 ( 1)
 282 I   0.98447 0.01553 0.00000 0.00000 ( 1)
 283 P   0.22778 0.77222 0.00000 0.00000 ( 2)
 284 G   0.96135 0.03865 0.00000 0.00000 ( 1)
 285 G   0.96474 0.03526 0.00000 0.00000 ( 1)
 286 P   0.95010 0.04990 0.00000 0.00000 ( 1)
 287 Y   0.97662 0.02338 0.00000 0.00000 ( 1)
 288 E   0.96863 0.03137 0.00000 0.00000 ( 1)
 289 N   0.98569 0.01431 0.00000 0.00000 ( 1)
 290 L   0.96468 0.03532 0.00000 0.00000 ( 1)
 291 E   0.98229 0.01771 0.00000 0.00000 ( 1)
 292 I   0.95636 0.04364 0.00000 0.00000 ( 1)
 293 R   0.95209 0.04791 0.00000 0.00000 ( 1)
 294 R   0.94621 0.05379 0.00000 0.00000 ( 1)
 295 F   0.98150 0.01850 0.00000 0.00000 ( 1)
 296 D   0.98625 0.01375 0.00000 0.00000 ( 1)
 297 K   0.98162 0.01838 0.00000 0.00000 ( 1)
 298 V   0.98052 0.01948 0.00000 0.00000 ( 1)
 299 W   0.00407 0.99593 0.00000 0.00000 ( 2)
 300 D   0.98625 0.01375 0.00000 0.00000 ( 1)
 301 P   0.20156 0.79844 0.00000 0.00000 ( 2)
 302 E   0.98221 0.01779 0.00000 0.00000 ( 1)
 303 W   0.95154 0.04846 0.00000 0.00000 ( 1)
 304 N   0.98569 0.01431 0.00000 0.00000 ( 1)
 305 D   0.98625 0.01375 0.00000 0.00000 ( 1)
 306 F   0.98150 0.01850 0.00000 0.00000 ( 1)
 307 D   0.96239 0.03761 0.00000 0.00000 ( 1)
 308 Y   0.97662 0.02338 0.00000 0.00000 ( 1)
 309 R   0.95835 0.04165 0.00000 0.00000 ( 1)
 310 F   0.98150 0.01850 0.00000 0.00000 ( 1)
 311 I   0.95636 0.04364 0.00000 0.00000 ( 1)
 312 S   0.98330 0.01670 0.00000 0.00000 ( 1)
 313 K   0.98162 0.01838 0.00000 0.00000 ( 1)
 314 K   0.98010 0.01990 0.00000 0.00000 ( 1)
 315 P   0.97293 0.02707 0.00000 0.00000 ( 1)
 316 S   0.97386 0.02614 0.00000 0.00000 ( 1)
 317 P   0.97204 0.02796 0.00000 0.00000 ( 1)
 318 T   0.98050 0.01950 0.00000 0.00000 ( 1)
 319 F   0.98150 0.01850 0.00000 0.00000 ( 1)
 320 E   0.98229 0.01771 0.00000 0.00000 ( 1)
 321 L   0.95518 0.04482 0.00000 0.00000 ( 1)
 322 S   0.96560 0.03440 0.00000 0.00000 ( 1)
 323 K   0.97370 0.02630 0.00000 0.00000 ( 1)
 324 Q   0.96806 0.03194 0.00000 0.00000 ( 1)
 325 E   0.98229 0.01771 0.00000 0.00000 ( 1)
 326 L   0.97707 0.02293 0.00000 0.00000 ( 1)
 327 Y   0.97662 0.02338 0.00000 0.00000 ( 1)
 328 V   0.96609 0.03391 0.00000 0.00000 ( 1)
 329 R   0.97810 0.02190 0.00000 0.00000 ( 1)
 330 V   0.24801 0.75199 0.00000 0.00000 ( 2)
 331 E   0.98229 0.01771 0.00000 0.00000 ( 1)
 332 A   0.95702 0.04298 0.00000 0.00000 ( 1)
 333 P   0.97010 0.02990 0.00000 0.00000 ( 1)
 334 K   0.98162 0.01838 0.00000 0.00000 ( 1)
 335 G   0.97760 0.02240 0.00000 0.00000 ( 1)
 336 E   0.98229 0.01771 0.00000 0.00000 ( 1)
 337 L   0.96426 0.03574 0.00000 0.00000 ( 1)
 338 G   0.97604 0.02396 0.00000 0.00000 ( 1)
 339 I   0.98447 0.01553 0.00000 0.00000 ( 1)
 340 F   0.98150 0.01850 0.00000 0.00000 ( 1)
 341 L   0.94878 0.05122 0.00000 0.00000 ( 1)
 342 I   0.98500 0.01500 0.00000 0.00000 ( 1)
 343 G   0.97760 0.02240 0.00000 0.00000 ( 1)
 344 D   0.98625 0.01375 0.00000 0.00000 ( 1)
 345 K   0.00593 0.99407 0.00000 0.00000 ( 2)
 346 G   0.98174 0.01826 0.00000 0.00000 ( 1)
 347 V   0.45600 0.54400 0.00000 0.00000 ( 2)
 348 F   0.98150 0.01850 0.00000 0.00000 ( 1)
 349 P   0.97293 0.02707 0.00000 0.00000 ( 1)
 350 W   0.95154 0.04846 0.00000 0.00000 ( 1)
 351 R   0.97810 0.02190 0.00000 0.00000 ( 1)
 352 W   0.95154 0.04846 0.00000 0.00000 ( 1)
 353 K   0.98162 0.01838 0.00000 0.00000 ( 1)
 354 I   0.96158 0.03842 0.00000 0.00000 ( 1)
 355 R   0.95979 0.04021 0.00000 0.00000 ( 1)
 356 P   0.96900 0.03100 0.00000 0.00000 ( 1)
 357 P   0.95655 0.04345 0.00000 0.00000 ( 1)
 358 G   0.98174 0.01826 0.00000 0.00000 ( 1)
 359 F   0.98150 0.01850 0.00000 0.00000 ( 1)
 360 I   0.95787 0.04213 0.00000 0.00000 ( 1)
 361 N   0.98569 0.01431 0.00000 0.00000 ( 1)
 362 L   0.95518 0.04482 0.00000 0.00000 ( 1)
 363 Q   0.96806 0.03194 0.00000 0.00000 ( 1)
 364 I   0.95636 0.04364 0.00000 0.00000 ( 1)
 365 L   0.97765 0.02235 0.00000 0.00000 ( 1)
 366 P   0.97293 0.02707 0.00000 0.00000 ( 1)
 367 Q   0.96411 0.03589 0.00000 0.00000 ( 1)
 368 L   0.96468 0.03532 0.00000 0.00000 ( 1)
 369 V   0.98304 0.01696 0.00000 0.00000 ( 1)
 370 K   0.98162 0.01838 0.00000 0.00000 ( 1)
 371 R   0.97810 0.02190 0.00000 0.00000 ( 1)
 372 M   0.98237 0.01763 0.00000 0.00000 ( 1)
 373 K   0.98162 0.01838 0.00000 0.00000 ( 1)
 374 L   0.95518 0.04482 0.00000 0.00000 ( 1)
 375 A   0.98186 0.01814 0.00000 0.00000 ( 1)
 376 D   0.98625 0.01375 0.00000 0.00000 ( 1)
 377 I   0.98447 0.01553 0.00000 0.00000 ( 1)
 378 M   0.98237 0.01763 0.00000 0.00000 ( 1)
 379 T   0.97612 0.02388 0.00000 0.00000 ( 1)
 380 I   0.98500 0.01500 0.00000 0.00000 ( 1)
 381 L   0.96360 0.03640 0.00000 0.00000 ( 1)
 382 G   0.98174 0.01826 0.00000 0.00000 ( 1)
 383 S   0.95730 0.04270 0.00000 0.00000 ( 1)
 384 I   0.98500 0.01500 0.00000 0.00000 ( 1)
 385 D   0.98625 0.01375 0.00000 0.00000 ( 1)
 386 I   0.95787 0.04213 0.00000 0.00000 ( 1)
 387 I   0.98447 0.01553 0.00000 0.00000 ( 1)
 388 M   0.98237 0.01763 0.00000 0.00000 ( 1)
 389 G   0.97760 0.02240 0.00000 0.00000 ( 1)
 390 E   0.98229 0.01771 0.00000 0.00000 ( 1)
 391 V   0.98304 0.01696 0.00000 0.00000 ( 1)
 392 D   0.98625 0.01375 0.00000 0.00000 ( 1)
 393 R   0.97357 0.02643 0.00000 0.00000 ( 1)


lnL = -2434.633704

Bayes Empirical Bayes (BEB) probabilities for 4 classes (class)
(amino acids refer to 1st sequence: NC_029392)

   1 M   0.90045 0.00959 0.08887 0.00109 ( 1)
   2 T   0.89929 0.01058 0.08893 0.00120 ( 1)
   3 A   0.89854 0.01122 0.08896 0.00128 ( 1)
   4 P   0.89319 0.01593 0.08906 0.00182 ( 1)
   5 A   0.90014 0.00986 0.08888 0.00112 ( 1)
   6 T   0.15147 0.75771 0.01349 0.07734 ( 2)
   7 R   0.88723 0.02136 0.08896 0.00245 ( 1)
   8 N   0.90258 0.00784 0.08870 0.00089 ( 1)
   9 D   0.88870 0.02001 0.08900 0.00229 ( 1)
  10 L   0.89772 0.01194 0.08899 0.00136 ( 1)
  11 M   0.90045 0.00959 0.08887 0.00109 ( 1)
  12 I   0.90213 0.00821 0.08873 0.00093 ( 1)
  13 V   0.88584 0.02246 0.08912 0.00258 ( 1)
  14 N   0.90258 0.00784 0.08870 0.00089 ( 1)
  15 M   0.75307 0.15685 0.07267 0.01742 ( 1)
  16 G   0.89507 0.01319 0.09023 0.00152 ( 1)
  17 P   0.89476 0.01453 0.08905 0.00166 ( 1)
  18 Q   0.88456 0.02383 0.08888 0.00274 ( 1)
  19 H   0.88517 0.02320 0.08896 0.00266 ( 1)
  20 P   0.89319 0.01593 0.08906 0.00182 ( 1)
  21 S   0.89053 0.01834 0.08903 0.00210 ( 1)
  22 M   0.90045 0.00959 0.08887 0.00109 ( 1)
  23 H   0.88443 0.02394 0.08888 0.00275 ( 1)
  24 G   0.90003 0.00996 0.08888 0.00113 ( 1)
  25 V   0.90089 0.00925 0.08881 0.00105 ( 1)
  26 L   0.89772 0.01194 0.08899 0.00136 ( 1)
  27 R   0.88723 0.02136 0.08896 0.00245 ( 1)
  28 L   0.88115 0.02700 0.08874 0.00310 ( 1)
  29 I   0.90179 0.00849 0.08875 0.00096 ( 1)
  30 V   0.90089 0.00925 0.08881 0.00105 ( 1)
  31 T   0.89929 0.01058 0.08893 0.00120 ( 1)
  32 L   0.88946 0.01932 0.08901 0.00221 ( 1)
  33 D   0.90294 0.00755 0.08866 0.00085 ( 1)
  34 G   0.90006 0.00993 0.08888 0.00113 ( 1)
  35 E   0.90041 0.00964 0.08886 0.00109 ( 1)
  36 D   0.90294 0.00755 0.08866 0.00085 ( 1)
  37 V   0.90089 0.00925 0.08881 0.00105 ( 1)
  38 I   0.90179 0.00849 0.08875 0.00096 ( 1)
  39 D   0.88946 0.01924 0.08909 0.00221 ( 1)
  40 C   0.89608 0.01336 0.08903 0.00152 ( 1)
  41 E   0.90041 0.00964 0.08886 0.00109 ( 1)
  42 P   0.88500 0.02332 0.08900 0.00268 ( 1)
  43 I   0.90213 0.00821 0.08873 0.00093 ( 1)
  44 L   0.88465 0.02374 0.08888 0.00273 ( 1)
  45 G   0.89989 0.01010 0.08886 0.00115 ( 1)
  46 Y   0.89695 0.01261 0.08901 0.00144 ( 1)
  47 L   0.89000 0.01882 0.08902 0.00216 ( 1)
  48 H   0.89876 0.01103 0.08895 0.00125 ( 1)
  49 R   0.89783 0.01183 0.08899 0.00135 ( 1)
  50 G   0.89253 0.01710 0.08843 0.00195 ( 1)
  51 M   0.90045 0.00959 0.08887 0.00109 ( 1)
  52 E   0.90041 0.00964 0.08886 0.00109 ( 1)
  53 K   0.89999 0.00999 0.08888 0.00114 ( 1)
  54 I   0.90179 0.00849 0.08875 0.00096 ( 1)
  55 A   0.88787 0.02077 0.08898 0.00238 ( 1)
  56 E   0.90041 0.00964 0.08886 0.00109 ( 1)
  57 N   0.88819 0.02046 0.08901 0.00235 ( 1)
  58 R   0.88723 0.02136 0.08896 0.00245 ( 1)
  59 T   0.89769 0.01196 0.08899 0.00136 ( 1)
  60 I   0.90179 0.00849 0.08875 0.00096 ( 1)
  61 I   0.90213 0.00821 0.08873 0.00093 ( 1)
  62 Q   0.89193 0.01707 0.08905 0.00195 ( 1)
  63 Y   0.89695 0.01261 0.08901 0.00144 ( 1)
  64 L   0.89000 0.01882 0.08902 0.00216 ( 1)
  65 P   0.89379 0.01501 0.08947 0.00172 ( 1)
  66 Y   0.89695 0.01261 0.08901 0.00144 ( 1)
  67 V   0.89932 0.01057 0.08891 0.00120 ( 1)
  68 T   0.89738 0.01227 0.08896 0.00140 ( 1)
  69 R   0.89514 0.01420 0.08905 0.00162 ( 1)
  70 W   0.88262 0.02563 0.08881 0.00295 ( 1)
  71 D   0.90294 0.00755 0.08866 0.00085 ( 1)
  72 Y   0.89695 0.01261 0.08901 0.00144 ( 1)
  73 L   0.89000 0.01882 0.08902 0.00216 ( 1)
  74 A   0.90014 0.00986 0.08888 0.00112 ( 1)
  75 T   0.89929 0.01058 0.08893 0.00120 ( 1)
  76 M   0.90045 0.00959 0.08887 0.00109 ( 1)
  77 F   0.88575 0.02273 0.08892 0.00261 ( 1)
  78 T   0.89219 0.01767 0.08813 0.00201 ( 1)
  79 E   0.90041 0.00964 0.08886 0.00109 ( 1)
  80 A   0.89854 0.01122 0.08896 0.00128 ( 1)
  81 I   0.90213 0.00821 0.08873 0.00093 ( 1)
  82 T   0.89929 0.01058 0.08893 0.00120 ( 1)
  83 V   0.89932 0.01057 0.08891 0.00120 ( 1)
  84 N   0.90258 0.00784 0.08870 0.00089 ( 1)
  85 A   0.67670 0.23290 0.06478 0.02562 ( 1)
  86 P   0.89319 0.01593 0.08906 0.00182 ( 1)
  87 E   0.89185 0.01714 0.08905 0.00196 ( 1)
  88 Q   0.88456 0.02383 0.08888 0.00274 ( 1)
  89 L   0.89000 0.01882 0.08902 0.00216 ( 1)
  90 G   0.88263 0.02562 0.08881 0.00294 ( 1)
  91 N   0.90258 0.00784 0.08870 0.00089 ( 1)
  92 I   0.90179 0.00849 0.08875 0.00096 ( 1)
  93 Q   0.89193 0.01707 0.08905 0.00195 ( 1)
  94 V   0.88862 0.02008 0.08900 0.00230 ( 1)
  95 P   0.89476 0.01453 0.08905 0.00166 ( 1)
  96 K   0.89999 0.00999 0.08888 0.00114 ( 1)
  97 R   0.88927 0.01950 0.08899 0.00223 ( 1)
  98 A   0.88266 0.02559 0.08881 0.00294 ( 1)
  99 S   0.88583 0.02264 0.08892 0.00260 ( 1)
 100 Y   0.89695 0.01261 0.08901 0.00144 ( 1)
 101 I   0.57606 0.33229 0.05524 0.03641 ( 1)
 102 R   0.89783 0.01183 0.08899 0.00135 ( 1)
 103 V   0.88614 0.02216 0.08916 0.00255 ( 1)
 104 I   0.90179 0.00849 0.08875 0.00096 ( 1)
 105 M   0.90045 0.00959 0.08887 0.00109 ( 1)
 106 L   0.88973 0.01909 0.08899 0.00219 ( 1)
 107 E   0.89226 0.01674 0.08909 0.00191 ( 1)
 108 L   0.89000 0.01882 0.08902 0.00216 ( 1)
 109 S   0.90088 0.00926 0.08881 0.00105 ( 1)
 110 R   0.89514 0.01420 0.08905 0.00162 ( 1)
 111 I   0.90213 0.00821 0.08873 0.00093 ( 1)
 112 A   0.90014 0.00986 0.08888 0.00112 ( 1)
 113 S   0.88281 0.02544 0.08882 0.00292 ( 1)
 114 H   0.89876 0.01103 0.08895 0.00125 ( 1)
 115 L   0.88516 0.02323 0.08894 0.00267 ( 1)
 116 L   0.89000 0.01882 0.08902 0.00216 ( 1)
 117 W   0.88262 0.02563 0.08881 0.00295 ( 1)
 118 L   0.89772 0.01194 0.08899 0.00136 ( 1)
 119 G   0.88287 0.02538 0.08883 0.00292 ( 1)
 120 P   0.89476 0.01453 0.08905 0.00166 ( 1)
 121 F   0.89991 0.01005 0.08889 0.00114 ( 1)
 122 M   0.90045 0.00959 0.08887 0.00109 ( 1)
 123 A   0.89854 0.01122 0.08896 0.00128 ( 1)
 124 D   0.90294 0.00755 0.08866 0.00085 ( 1)
 125 I   0.90179 0.00849 0.08875 0.00096 ( 1)
 126 G   0.88600 0.02225 0.08919 0.00256 ( 1)
 127 A   0.72181 0.18783 0.06956 0.02080 ( 1)
 128 Q   0.88456 0.02383 0.08888 0.00274 ( 1)
 129 T   0.88284 0.02538 0.08887 0.00292 ( 1)
 130 P   0.87946 0.02858 0.08867 0.00329 ( 1)
 131 F   0.88575 0.02273 0.08892 0.00261 ( 1)
 132 F   0.88592 0.02255 0.08894 0.00259 ( 1)
 133 Y   0.89695 0.01261 0.08901 0.00144 ( 1)
 134 I   0.90179 0.00849 0.08875 0.00096 ( 1)
 135 F   0.89991 0.01005 0.08889 0.00114 ( 1)
 136 R   0.88796 0.02063 0.08905 0.00237 ( 1)
 137 E   0.90041 0.00964 0.08886 0.00109 ( 1)
 138 R   0.89783 0.01183 0.08899 0.00135 ( 1)
 139 E   0.90014 0.00991 0.08883 0.00113 ( 1)
 140 L   0.88465 0.02374 0.08888 0.00273 ( 1)
 141 I   0.90213 0.00821 0.08873 0.00093 ( 1)
 142 Y   0.89695 0.01261 0.08901 0.00144 ( 1)
 143 D   0.88870 0.02001 0.08900 0.00229 ( 1)
 144 L   0.88946 0.01932 0.08901 0.00221 ( 1)
 145 F   0.88603 0.02244 0.08895 0.00258 ( 1)
 146 E   0.90041 0.00964 0.08886 0.00109 ( 1)
 147 A   0.90014 0.00986 0.08888 0.00112 ( 1)
 148 A   0.70063 0.20921 0.06711 0.02305 ( 1)
 149 T   0.88210 0.02611 0.08878 0.00300 ( 1)
 150 G   0.90006 0.00993 0.08888 0.00113 ( 1)
 151 M   0.90045 0.00959 0.08887 0.00109 ( 1)
 152 R   0.88723 0.02136 0.08896 0.00245 ( 1)
 153 M   0.90045 0.00959 0.08887 0.00109 ( 1)
 154 M   0.90045 0.00959 0.08887 0.00109 ( 1)
 155 H   0.89876 0.01103 0.08895 0.00125 ( 1)
 156 N   0.90258 0.00784 0.08870 0.00089 ( 1)
 157 Y   0.14263 0.76646 0.01270 0.07820 ( 2)
 158 F   0.89991 0.01005 0.08889 0.00114 ( 1)
 159 R   0.89514 0.01420 0.08905 0.00162 ( 1)
 160 I   0.89846 0.01182 0.08838 0.00134 ( 1)
 161 G   0.89670 0.01293 0.08890 0.00147 ( 1)
 162 G   0.89670 0.01293 0.08890 0.00147 ( 1)
 163 V   0.88636 0.02194 0.08918 0.00252 ( 1)
 164 A   0.90014 0.00986 0.08888 0.00112 ( 1)
 165 A   0.90014 0.00986 0.08888 0.00112 ( 1)
 166 D   0.90294 0.00755 0.08866 0.00085 ( 1)
 167 L   0.89000 0.01882 0.08902 0.00216 ( 1)
 168 P   0.89476 0.01453 0.08905 0.00166 ( 1)
 169 Y   0.15219 0.75691 0.01357 0.07733 ( 2)
 170 G   0.88295 0.02530 0.08884 0.00291 ( 1)
 171 W   0.88262 0.02563 0.08881 0.00295 ( 1)
 172 V   0.75993 0.14986 0.07354 0.01668 ( 1)
 173 D   0.90294 0.00755 0.08866 0.00085 ( 1)
 174 K   0.89999 0.00999 0.08888 0.00114 ( 1)
 175 C   0.89563 0.01381 0.08898 0.00157 ( 1)
 176 L   0.88465 0.02374 0.08888 0.00273 ( 1)
 177 D   0.90294 0.00755 0.08866 0.00085 ( 1)
 178 F   0.89991 0.01005 0.08889 0.00114 ( 1)
 179 C   0.89608 0.01336 0.08903 0.00152 ( 1)
 180 D   0.90192 0.00857 0.08854 0.00097 ( 1)
 181 Y   0.89695 0.01261 0.08901 0.00144 ( 1)
 182 F   0.89991 0.01005 0.08889 0.00114 ( 1)
 183 L   0.89000 0.01882 0.08902 0.00216 ( 1)
 184 T   0.89769 0.01196 0.08899 0.00136 ( 1)
 185 R   0.89783 0.01183 0.08899 0.00135 ( 1)
 186 V   0.90089 0.00925 0.08881 0.00105 ( 1)
 187 T   0.73919 0.17056 0.07133 0.01892 ( 1)
 188 E   0.90041 0.00964 0.08886 0.00109 ( 1)
 189 Y   0.89695 0.01261 0.08901 0.00144 ( 1)
 190 Q   0.89193 0.01707 0.08905 0.00195 ( 1)
 191 R   0.89094 0.01784 0.08918 0.00204 ( 1)
 192 L   0.89772 0.01194 0.08899 0.00136 ( 1)
 193 I   0.90179 0.00849 0.08875 0.00096 ( 1)
 194 T   0.89769 0.01196 0.08899 0.00136 ( 1)
 195 R   0.88320 0.02505 0.08887 0.00288 ( 1)
 196 N   0.90258 0.00784 0.08870 0.00089 ( 1)
 197 P   0.89412 0.01517 0.08898 0.00173 ( 1)
 198 I   0.76422 0.14546 0.07411 0.01621 ( 1)
 199 F   0.89991 0.01005 0.08889 0.00114 ( 1)
 200 L   0.89000 0.01882 0.08902 0.00216 ( 1)
 201 E   0.65350 0.25538 0.06295 0.02817 ( 1)
 202 R   0.88697 0.02162 0.08893 0.00248 ( 1)
 203 V   0.90089 0.00925 0.08881 0.00105 ( 1)
 204 E   0.89185 0.01714 0.08905 0.00196 ( 1)
 205 G   0.89754 0.01210 0.08899 0.00138 ( 1)
 206 V   0.73839 0.17137 0.07122 0.01901 ( 1)
 207 G   0.88360 0.02465 0.08892 0.00283 ( 1)
 208 I   0.90179 0.00849 0.08875 0.00096 ( 1)
 209 I   0.90179 0.00849 0.08875 0.00096 ( 1)
 210 G   0.88401 0.02424 0.08896 0.00279 ( 1)
 211 G   0.89754 0.01210 0.08899 0.00138 ( 1)
 212 E   0.89185 0.01714 0.08905 0.00196 ( 1)
 213 E   0.65950 0.24939 0.06358 0.02754 ( 1)
 214 A   0.89854 0.01122 0.08896 0.00128 ( 1)
 215 I   0.90203 0.00825 0.08878 0.00094 ( 1)
 216 N   0.90258 0.00784 0.08870 0.00089 ( 1)
 217 W   0.88262 0.02563 0.08881 0.00295 ( 1)
 218 G   0.89999 0.01000 0.08888 0.00114 ( 1)
 219 L   0.89000 0.01882 0.08902 0.00216 ( 1)
 220 S   0.88537 0.02289 0.08911 0.00263 ( 1)
 221 G   0.89754 0.01210 0.08899 0.00138 ( 1)
 222 P   0.89319 0.01593 0.08906 0.00182 ( 1)
 223 M   0.90045 0.00959 0.08887 0.00109 ( 1)
 224 L   0.88946 0.01932 0.08901 0.00221 ( 1)
 225 R   0.88723 0.02136 0.08896 0.00245 ( 1)
 226 A   0.90014 0.00986 0.08888 0.00112 ( 1)
 227 S   0.88252 0.02555 0.08900 0.00294 ( 1)
 228 G   0.89732 0.01231 0.08897 0.00140 ( 1)
 229 I   0.90213 0.00821 0.08873 0.00093 ( 1)
 230 Q   0.65090 0.25799 0.06266 0.02845 ( 1)
 231 W   0.88262 0.02563 0.08881 0.00295 ( 1)
 232 D   0.90294 0.00755 0.08866 0.00085 ( 1)
 233 L   0.89772 0.01194 0.08899 0.00136 ( 1)
 234 R   0.88661 0.02198 0.08889 0.00252 ( 1)
 235 K   0.89123 0.01770 0.08904 0.00203 ( 1)
 236 V   0.90089 0.00925 0.08881 0.00105 ( 1)
 237 D   0.90294 0.00755 0.08866 0.00085 ( 1)
 238 H   0.89876 0.01103 0.08895 0.00125 ( 1)
 239 Y   0.89651 0.01305 0.08896 0.00149 ( 1)
 240 E   0.89185 0.01714 0.08905 0.00196 ( 1)
 241 S   0.89531 0.01404 0.08905 0.00160 ( 1)
 242 Y   0.88119 0.02693 0.08878 0.00310 ( 1)
 243 D   0.90294 0.00755 0.08866 0.00085 ( 1)
 244 E   0.90041 0.00964 0.08886 0.00109 ( 1)
 245 F   0.89991 0.01005 0.08889 0.00114 ( 1)
 246 D   0.90294 0.00755 0.08866 0.00085 ( 1)
 247 W   0.88262 0.02563 0.08881 0.00295 ( 1)
 248 G   0.71931 0.19020 0.06941 0.02108 ( 1)
 249 V   0.90089 0.00925 0.08881 0.00105 ( 1)
 250 Q   0.89193 0.01707 0.08905 0.00195 ( 1)
 251 W   0.88262 0.02563 0.08881 0.00295 ( 1)
 252 Q   0.89193 0.01707 0.08905 0.00195 ( 1)
 253 K   0.89431 0.01462 0.08939 0.00167 ( 1)
 254 E   0.89952 0.01053 0.08876 0.00120 ( 1)
 255 G   0.88782 0.02081 0.08898 0.00239 ( 1)
 256 D   0.90294 0.00755 0.08866 0.00085 ( 1)
 257 S   0.88947 0.01940 0.08891 0.00222 ( 1)
 258 L   0.89000 0.01882 0.08902 0.00216 ( 1)
 259 A   0.90014 0.00986 0.08888 0.00112 ( 1)
 260 R   0.89514 0.01420 0.08905 0.00162 ( 1)
 261 Y   0.89695 0.01261 0.08901 0.00144 ( 1)
 262 L   0.89000 0.01882 0.08902 0.00216 ( 1)
 263 V   0.89932 0.01057 0.08891 0.00120 ( 1)
 264 R   0.88723 0.02136 0.08896 0.00245 ( 1)
 265 I   0.88789 0.02055 0.08920 0.00236 ( 1)
 266 G   0.18423 0.72522 0.01640 0.07414 ( 2)
 267 E   0.90041 0.00964 0.08886 0.00109 ( 1)
 268 M   0.90045 0.00959 0.08887 0.00109 ( 1)
 269 T   0.89769 0.01196 0.08899 0.00136 ( 1)
 270 E   0.90041 0.00964 0.08886 0.00109 ( 1)
 271 S   0.89053 0.01834 0.08903 0.00210 ( 1)
 272 I   0.20035 0.70939 0.01779 0.07246 ( 2)
 273 K   0.89999 0.00999 0.08888 0.00114 ( 1)
 274 I   0.90170 0.00858 0.08874 0.00097 ( 1)
 275 I   0.90179 0.00849 0.08875 0.00096 ( 1)
 276 Q   0.89193 0.01707 0.08905 0.00195 ( 1)
 277 Q   0.88486 0.02353 0.08891 0.00270 ( 1)
 278 A   0.90014 0.00986 0.08888 0.00112 ( 1)
 279 L   0.89000 0.01882 0.08902 0.00216 ( 1)
 280 E   0.90041 0.00964 0.08886 0.00109 ( 1)
 281 G   0.89754 0.01210 0.08899 0.00138 ( 1)
 282 I   0.90179 0.00849 0.08875 0.00096 ( 1)
 283 P   0.58802 0.32023 0.05657 0.03518 ( 1)
 284 G   0.88809 0.02055 0.08901 0.00236 ( 1)
 285 G   0.88985 0.01879 0.08921 0.00215 ( 1)
 286 P   0.88168 0.02637 0.08892 0.00303 ( 1)
 287 Y   0.89695 0.01261 0.08901 0.00144 ( 1)
 288 E   0.89222 0.01677 0.08909 0.00192 ( 1)
 289 N   0.90258 0.00784 0.08870 0.00089 ( 1)
 290 L   0.89000 0.01882 0.08902 0.00216 ( 1)
 291 E   0.90041 0.00964 0.08886 0.00109 ( 1)
 292 I   0.88531 0.02313 0.08891 0.00265 ( 1)
 293 R   0.88291 0.02535 0.08883 0.00291 ( 1)
 294 R   0.87967 0.02839 0.08868 0.00327 ( 1)
 295 F   0.89991 0.01005 0.08889 0.00114 ( 1)
 296 D   0.90294 0.00755 0.08866 0.00085 ( 1)
 297 K   0.89999 0.00999 0.08888 0.00114 ( 1)
 298 V   0.89932 0.01057 0.08891 0.00120 ( 1)
 299 W   0.07575 0.83233 0.00680 0.08512 ( 2)
 300 D   0.90294 0.00755 0.08866 0.00085 ( 1)
 301 P   0.55666 0.35134 0.05349 0.03851 ( 1)
 302 E   0.90037 0.00968 0.08885 0.00110 ( 1)
 303 W   0.88262 0.02563 0.08881 0.00295 ( 1)
 304 N   0.90258 0.00784 0.08870 0.00089 ( 1)
 305 D   0.90294 0.00755 0.08866 0.00085 ( 1)
 306 F   0.89991 0.01005 0.08889 0.00114 ( 1)
 307 D   0.88870 0.02001 0.08900 0.00229 ( 1)
 308 Y   0.89695 0.01261 0.08901 0.00144 ( 1)
 309 R   0.88648 0.02211 0.08888 0.00253 ( 1)
 310 F   0.89991 0.01005 0.08889 0.00114 ( 1)
 311 I   0.88531 0.02313 0.08891 0.00265 ( 1)
 312 S   0.90104 0.00910 0.08883 0.00103 ( 1)
 313 K   0.89999 0.00999 0.08888 0.00114 ( 1)
 314 K   0.89919 0.01079 0.08879 0.00123 ( 1)
 315 P   0.89476 0.01453 0.08905 0.00166 ( 1)
 316 S   0.89531 0.01404 0.08905 0.00160 ( 1)
 317 P   0.89429 0.01499 0.08900 0.00171 ( 1)
 318 T   0.89929 0.01058 0.08893 0.00120 ( 1)
 319 F   0.89991 0.01005 0.08889 0.00114 ( 1)
 320 E   0.90041 0.00964 0.08886 0.00109 ( 1)
 321 L   0.88465 0.02374 0.08888 0.00273 ( 1)
 322 S   0.89053 0.01834 0.08903 0.00210 ( 1)
 323 K   0.89583 0.01415 0.08842 0.00161 ( 1)
 324 Q   0.89193 0.01707 0.08905 0.00195 ( 1)
 325 E   0.90041 0.00964 0.08886 0.00109 ( 1)
 326 L   0.89728 0.01238 0.08894 0.00141 ( 1)
 327 Y   0.89695 0.01261 0.08901 0.00144 ( 1)
 328 V   0.89061 0.01809 0.08922 0.00207 ( 1)
 329 R   0.89783 0.01183 0.08899 0.00135 ( 1)
 330 V   0.60951 0.29872 0.05884 0.03293 ( 1)
 331 E   0.90041 0.00964 0.08886 0.00109 ( 1)
 332 A   0.88546 0.02279 0.08913 0.00262 ( 1)
 333 P   0.89312 0.01600 0.08905 0.00183 ( 1)
 334 K   0.89999 0.00999 0.08888 0.00114 ( 1)
 335 G   0.89754 0.01210 0.08899 0.00138 ( 1)
 336 E   0.90041 0.00964 0.08886 0.00109 ( 1)
 337 L   0.88978 0.01904 0.08900 0.00218 ( 1)
 338 G   0.89672 0.01291 0.08890 0.00147 ( 1)
 339 I   0.90179 0.00849 0.08875 0.00096 ( 1)
 340 F   0.89991 0.01005 0.08889 0.00114 ( 1)
 341 L   0.88109 0.02706 0.08874 0.00311 ( 1)
 342 I   0.90213 0.00821 0.08873 0.00093 ( 1)
 343 G   0.89754 0.01210 0.08899 0.00138 ( 1)
 344 D   0.90294 0.00755 0.08866 0.00085 ( 1)
 345 K   0.10505 0.80356 0.00938 0.08201 ( 2)
 346 G   0.90006 0.00993 0.08888 0.00113 ( 1)
 347 V   0.75688 0.15314 0.07299 0.01700 ( 1)
 348 F   0.89991 0.01005 0.08889 0.00114 ( 1)
 349 P   0.89476 0.01453 0.08905 0.00166 ( 1)
 350 W   0.88262 0.02563 0.08881 0.00295 ( 1)
 351 R   0.89783 0.01183 0.08899 0.00135 ( 1)
 352 W   0.88262 0.02563 0.08881 0.00295 ( 1)
 353 K   0.89999 0.00999 0.08888 0.00114 ( 1)
 354 I   0.88801 0.02043 0.08921 0.00235 ( 1)
 355 R   0.88723 0.02136 0.08896 0.00245 ( 1)
 356 P   0.89255 0.01657 0.08898 0.00189 ( 1)
 357 P   0.88529 0.02303 0.08903 0.00265 ( 1)
 358 G   0.90006 0.00993 0.08888 0.00113 ( 1)
 359 F   0.89991 0.01005 0.08889 0.00114 ( 1)
 360 I   0.88608 0.02236 0.08899 0.00257 ( 1)
 361 N   0.90258 0.00784 0.08870 0.00089 ( 1)
 362 L   0.88465 0.02374 0.08888 0.00273 ( 1)
 363 Q   0.89193 0.01707 0.08905 0.00195 ( 1)
 364 I   0.88531 0.02313 0.08891 0.00265 ( 1)
 365 L   0.89759 0.01207 0.08897 0.00137 ( 1)
 366 P   0.89476 0.01453 0.08905 0.00166 ( 1)
 367 Q   0.88988 0.01912 0.08882 0.00219 ( 1)
 368 L   0.89000 0.01882 0.08902 0.00216 ( 1)
 369 V   0.90089 0.00925 0.08881 0.00105 ( 1)
 370 K   0.89999 0.00999 0.08888 0.00114 ( 1)
 371 R   0.89783 0.01183 0.08899 0.00135 ( 1)
 372 M   0.90045 0.00959 0.08887 0.00109 ( 1)
 373 K   0.89999 0.00999 0.08888 0.00114 ( 1)
 374 L   0.88465 0.02374 0.08888 0.00273 ( 1)
 375 A   0.90014 0.00986 0.08888 0.00112 ( 1)
 376 D   0.90294 0.00755 0.08866 0.00085 ( 1)
 377 I   0.90179 0.00849 0.08875 0.00096 ( 1)
 378 M   0.90045 0.00959 0.08887 0.00109 ( 1)
 379 T   0.89678 0.01287 0.08889 0.00147 ( 1)
 380 I   0.90213 0.00821 0.08873 0.00093 ( 1)
 381 L   0.88939 0.01938 0.08901 0.00222 ( 1)
 382 G   0.90006 0.00993 0.08888 0.00113 ( 1)
 383 S   0.88583 0.02264 0.08892 0.00260 ( 1)
 384 I   0.90213 0.00821 0.08873 0.00093 ( 1)
 385 D   0.90294 0.00755 0.08866 0.00085 ( 1)
 386 I   0.88608 0.02236 0.08899 0.00257 ( 1)
 387 I   0.90179 0.00849 0.08875 0.00096 ( 1)
 388 M   0.90045 0.00959 0.08887 0.00109 ( 1)
 389 G   0.89754 0.01210 0.08899 0.00138 ( 1)
 390 E   0.90041 0.00964 0.08886 0.00109 ( 1)
 391 V   0.90089 0.00925 0.08881 0.00105 ( 1)
 392 D   0.90294 0.00755 0.08866 0.00085 ( 1)
 393 R   0.89514 0.01420 0.08905 0.00162 ( 1)

