

TREE # 1

  0  0.0000   2689.963637  x:  0.00000   0.01545   0.05535   0.01846   0.06170   0.06166   0.03102   0.03690   0.06089   0.01750   0.04934   0.02405   0.02252   0.01652   0.02014   0.05753   0.05325   0.02825   0.05110   0.03750   0.06392   0.04566   0.01382   0.02836   0.00869   0.06692   0.05008   0.04088   0.08197   0.04739   2.00000   1.09989   0.02896   0.27919   2.57308  
  1 99.0000   2689.954851  x:  0.00000   0.01545   0.05535   0.01846   0.06170   0.06166   0.03102   0.03690   0.06089   0.01750   0.04934   0.02404   0.02252   0.01651   0.02013   0.05752   0.05325   0.02825   0.05110   0.03749   0.06392   0.04566   0.01382   0.02836   0.00869   0.06692   0.05008   0.04088   0.08197   0.04739   2.00000   1.09989   0.02896   0.27919   2.57308  
  2 1300.9940   2628.105469  x:  0.00000   0.01719   0.04092   0.01198   0.04443   0.04557   0.01547   0.02426   0.04358   0.00000   0.03803   0.01457   0.00986   0.01191   0.01653   0.04405   0.04010   0.02443   0.04333   0.03323   0.04692   0.04447   0.01156   0.02741   0.01076   0.05514   0.04820   0.03655   0.07386   0.03972   2.00062   1.10093   0.02793   0.27035   2.57307  
  3 3989.9810   2573.994321  x:  0.00000   0.01846   0.02249   0.01623   0.01883   0.02298   0.00000   0.01240   0.01786   0.00000   0.02703   0.01352   0.00456   0.01771   0.02015   0.02782   0.02494   0.02587   0.03754   0.03220   0.02166   0.04368   0.01299   0.02500   0.01346   0.04117   0.04718   0.03476   0.06501   0.04344   2.00155   1.10338   0.02541   0.27190   2.57307  
  4 3962.2664   2540.484613  x:  0.00000   0.01934   0.00959   0.01849   0.00106   0.00730   0.00026   0.00392   0.00000   0.00000   0.01915   0.01220   0.00036   0.02112   0.02219   0.01641   0.01425   0.02651   0.03326   0.03123   0.00413   0.04307   0.01371   0.02344   0.01525   0.03134   0.04638   0.03328   0.05873   0.04550   2.00220   1.10504   0.02371   0.27231   2.57307  
  5 14807.8375   2538.723778  x:  0.00000   0.01938   0.00884   0.01855   0.00000   0.00638   0.00026   0.00346   0.00000   0.00000   0.01867   0.01207   0.00058   0.02124   0.02225   0.01573   0.01362   0.02651   0.03299   0.03115   0.00308   0.04303   0.01372   0.02337   0.01533   0.03075   0.04632   0.03317   0.05835   0.04557   2.00224   1.10513   0.02362   0.27228   2.57307  
  6 18717.6284   2535.893803  x:  0.00000   0.01932   0.00750   0.01847   0.00000   0.00446   0.00027   0.00497   0.00000   0.00000   0.01776   0.01179   0.00059   0.02122   0.02218   0.01432   0.01247   0.02636   0.03236   0.03089   0.00000   0.04287   0.01352   0.02343   0.01530   0.02932   0.04613   0.03282   0.05736   0.04548   2.00235   1.10542   0.02333   0.27248   2.57307  
  7 2019.1518   2530.901738  x:  0.00000   0.01632   0.01017   0.01755   0.00000   0.00594   0.00020   0.00392   0.00000   0.00000   0.01387   0.01306   0.00047   0.01871   0.02003   0.00561   0.01019   0.02434   0.02717   0.02846   0.00000   0.04036   0.00923   0.02666   0.01184   0.01349   0.04354   0.02883   0.04503   0.04224   2.00417   1.11033   0.01827   0.28362   2.57307  
  8 333.7474   2529.358220  x:  0.00000   0.01586   0.00846   0.01620   0.00000   0.00413   0.00016   0.00290   0.00000   0.00000   0.01232   0.01191   0.00036   0.01680   0.01862   0.01061   0.00936   0.02296   0.02420   0.02687   0.00000   0.03912   0.00754   0.02635   0.01089   0.00909   0.04220   0.02641   0.03796   0.04132   2.00544   1.11364   0.01487   0.29016   2.57307  
  9 378.2088   2527.839602  x:  0.00000   0.01667   0.00556   0.01384   0.00000   0.00428   0.00012   0.00212   0.00000   0.00000   0.01112   0.00885   0.00026   0.01400   0.01691   0.00951   0.00861   0.02120   0.02077   0.02477   0.00000   0.03788   0.00706   0.02445   0.01128   0.01353   0.04070   0.02337   0.02980   0.04138   2.00737   1.11852   0.00987   0.29815   2.57306  
 10 326.0363   2527.366872  x:  0.00000   0.01889   0.00717   0.01199   0.00000   0.00418   0.00012   0.00224   0.00000   0.00000   0.01095   0.00618   0.00027   0.01274   0.01662   0.00913   0.00783   0.02058   0.02033   0.02386   0.00000   0.03803   0.00910   0.02209   0.01376   0.01252   0.04034   0.02249   0.02978   0.04311   2.00882   1.12188   0.00645   0.29936   2.57305  
 11 132.8330   2526.829833  x:  0.00000   0.02115   0.00549   0.00876   0.00000   0.00391   0.00011   0.00192   0.00000   0.00000   0.01120   0.00813   0.00023   0.01045   0.01567   0.00846   0.00902   0.01951   0.02072   0.02282   0.00000   0.03856   0.00966   0.02185   0.01675   0.01143   0.03998   0.02183   0.03261   0.04422   2.01162   1.12810   0.00013   0.29832   2.57302  
 12 139.2252   2525.506978  x:  0.00000   0.02331   0.00541   0.00932   0.00000   0.00558   0.00010   0.00202   0.00000   0.00000   0.00861   0.00840   0.00022   0.00976   0.01478   0.00938   0.00497   0.01860   0.02068   0.02208   0.00000   0.03975   0.00601   0.02536   0.02185   0.01221   0.03960   0.02149   0.03748   0.04513   2.02003   1.14644  -0.01845   0.28864   2.57293  
 13 202.7385   2523.427247  x:  0.00000   0.02455   0.00609   0.01170   0.00000   0.00423   0.00010   0.00171   0.00000   0.00000   0.00783   0.00588   0.00020   0.01043   0.01405   0.00928   0.00774   0.01803   0.01979   0.02174   0.00000   0.04097   0.00160   0.02874   0.02734   0.01266   0.03928   0.02109   0.04118   0.04607   2.03246   1.17343  -0.04579   0.27158   2.57279  
 14 1044.1106   2513.264154  x:  0.00000   0.02273   0.00535   0.02226   0.00000   0.00457   0.00009   0.00139   0.00000   0.00000   0.00900   0.00088   0.00017   0.01214   0.00851   0.01127   0.01340   0.01486   0.01351   0.02057   0.00000   0.04508   0.00867   0.04803   0.04622   0.01418   0.03750   0.01808   0.05064   0.04935   2.09755   1.31438  -0.18856   0.17442   2.57204  
 15 2755.6027   2498.661578  x:  0.00000   0.02212   0.01049   0.03401   0.00000   0.00254   0.00011   0.00124   0.00000   0.00000   0.00939   0.00391   0.00018   0.01323   0.00242   0.01419   0.01875   0.01075   0.00448   0.01830   0.00000   0.04972   0.01410   0.06484   0.07151   0.01827   0.03527   0.01314   0.05695   0.05463   2.18248   1.49817  -0.37470   0.04330   2.57106  
 16 23457.1856   2494.593477  x:  0.00000   0.02175   0.01113   0.03639   0.00000   0.00261   0.00012   0.00126   0.00000   0.00000   0.00953   0.00407   0.00018   0.01296   0.00295   0.01492   0.02000   0.00988   0.00473   0.01769   0.00000   0.05076   0.01506   0.06898   0.07782   0.01903   0.03470   0.01194   0.05783   0.05601   2.20532   1.54763  -0.42479   0.00779   2.57080  
 17 32307.7456   2494.520445  x:  0.00000   0.02167   0.01109   0.03638   0.00000   0.00261   0.00012   0.00125   0.00000   0.00000   0.00957   0.00403   0.00018   0.01298   0.00244   0.01491   0.01994   0.01019   0.00499   0.01782   0.00000   0.05074   0.01501   0.06885   0.07786   0.01900   0.03477   0.01220   0.05781   0.05603   2.20589   1.54881  -0.42598   0.00710   2.57079  
 18 411.3686   2494.194629  x:  0.00274   0.02124   0.01088   0.03575   0.00000   0.00282   0.00012   0.00126   0.00000   0.00000   0.00978   0.00384   0.00018   0.01269   0.00247   0.01488   0.01973   0.01128   0.00421   0.01834   0.00000   0.05060   0.01472   0.06831   0.07749   0.01891   0.03511   0.01337   0.05817   0.05602   2.20709   1.55111  -0.42830   0.00618   2.57077  
 19 271.8915   2493.876140  x:  0.00659   0.02038   0.01167   0.03549   0.00000   0.00176   0.00011   0.00104   0.00000   0.00000   0.00961   0.00392   0.00016   0.01271   0.00272   0.01481   0.01947   0.01073   0.00479   0.01866   0.00000   0.05042   0.01495   0.06826   0.07655   0.01938   0.03541   0.01168   0.05910   0.05550   2.20759   1.55166  -0.42883   0.00731   2.57076  
 20 165.0889   2492.291876  x:  0.02047   0.01814   0.01074   0.03562   0.00000   0.00300   0.00011   0.00129   0.00000   0.00000   0.00797   0.00393   0.00018   0.01540   0.00292   0.01483   0.01977   0.00986   0.00561   0.02020   0.00000   0.04978   0.01475   0.06452   0.07394   0.01919   0.03713   0.00000   0.06244   0.05430   2.21011   1.55444  -0.43153   0.01068   2.57069  
 21 388.2915   2491.443566  x:  0.02949   0.01654   0.01036   0.03520   0.00000   0.00282   0.00010   0.00116   0.00000   0.00000   0.01125   0.00362   0.00017   0.01642   0.00309   0.01456   0.01802   0.01311   0.00560   0.02140   0.00000   0.04920   0.01353   0.06184   0.07072   0.01915   0.03866   0.00000   0.06607   0.05282   2.21365   1.55960  -0.43664   0.01240   2.57061  
 22 492.6152   2490.803108  x:  0.02953   0.01785   0.01064   0.03491   0.00000   0.00229   0.00010   0.00099   0.00000   0.00000   0.00765   0.00332   0.00015   0.01488   0.00306   0.01438   0.01834   0.01569   0.00512   0.02336   0.00000   0.04838   0.01388   0.05820   0.06195   0.01967   0.04046   0.00000   0.07051   0.05115   2.22172   1.57294  -0.44998   0.01231   2.57045  
 23 114.3069   2489.382334  x:  0.03055   0.02319   0.00918   0.03712   0.00000   0.00244   0.00009   0.00077   0.00000   0.00000   0.00929   0.00240   0.00011   0.01404   0.00253   0.01347   0.01620   0.01064   0.00447   0.02345   0.00000   0.04715   0.01229   0.04878   0.04288   0.01932   0.04223   0.00000   0.07836   0.04787   2.24039   1.60283  -0.47978   0.01389   2.57005  
 24 407.9841   2487.945109  x:  0.03273   0.02824   0.00890   0.03884   0.00000   0.00260   0.00010   0.00089   0.00000   0.00000   0.00839   0.00229   0.00013   0.01311   0.00265   0.01335   0.01636   0.01204   0.00498   0.01442   0.00000   0.04769   0.01232   0.04543   0.03069   0.01962   0.03751   0.00000   0.08173   0.04598   2.25900   1.63127  -0.50807   0.01740   2.56963  
 25 368.0152   2483.997080  x:  0.03285   0.03537   0.00937   0.03343   0.00000   0.00233   0.00016   0.00117   0.00000   0.00000   0.00875   0.00171   0.00018   0.00866   0.00273   0.01346   0.01571   0.01242   0.00538   0.02207   0.00000   0.05085   0.01123   0.04453   0.01487   0.02041   0.02197   0.00000   0.08168   0.04420   2.31728   1.72071  -0.59704   0.02623   2.56833  
 26 516.4233   2478.396556  x:  0.02943   0.03629   0.01100   0.02085   0.00000   0.00161   0.00022   0.00149   0.00000   0.00000   0.00941   0.00076   0.00024   0.00738   0.00260   0.01377   0.01456   0.01249   0.00531   0.02247   0.00000   0.05195   0.00948   0.04659   0.00234   0.02157   0.03089   0.00000   0.07914   0.04293   2.39154   1.83511  -0.71088   0.03652   2.56669  
 27 1472.9906   2477.815859  x:  0.02834   0.03273   0.01078   0.02207   0.00000   0.00159   0.00023   0.00148   0.00000   0.00000   0.00947   0.00064   0.00024   0.00407   0.00257   0.01374   0.01438   0.01243   0.00527   0.02205   0.00000   0.04746   0.00923   0.04488   0.00313   0.02160   0.03103   0.00000   0.08045   0.04277   2.40099   1.84927  -0.72495   0.03746   2.56648  
 28 362.2283   2477.510847  x:  0.02715   0.02978   0.01091   0.02035   0.00000   0.00151   0.00023   0.00146   0.00000   0.00000   0.00942   0.00045   0.00024   0.00517   0.00250   0.01378   0.01404   0.01243   0.00512   0.02151   0.00000   0.04275   0.00893   0.04367   0.00326   0.02187   0.02969   0.00000   0.08199   0.04249   2.40707   1.85820  -0.73381   0.03760   2.56634  
 29 373.0412   2477.444654  x:  0.02743   0.03158   0.01096   0.02037   0.00000   0.00151   0.00023   0.00149   0.00000   0.00000   0.00951   0.00050   0.00025   0.00524   0.00253   0.01383   0.01418   0.01248   0.00519   0.02175   0.00000   0.03940   0.00902   0.04464   0.00321   0.02189   0.02994   0.00000   0.08170   0.04271   2.40893   1.85924  -0.73475   0.03777   2.56628  
 30 33.7179   2466.624248  x:  0.01098   0.01544   0.00688   0.01606   0.00000   0.00384   0.00040   0.00044   0.00000   0.00000   0.01038   0.00074   0.00013   0.00558   0.00316   0.01210   0.01097   0.01590   0.00615   0.02068   0.00000   0.03731   0.00657   0.03502   0.00134   0.01933   0.02896   0.00000   0.07768   0.05211   3.25835   1.98918  -0.80282   0.04770   2.53562  
 31 10.1041   2466.137437  x:  0.00945   0.01394   0.00650   0.01565   0.00000   0.00406   0.00041   0.00034   0.00000   0.00000   0.01046   0.00077   0.00012   0.00562   0.00322   0.01194   0.01067   0.01622   0.00624   0.02058   0.00000   0.03712   0.00634   0.03413   0.00118   0.01909   0.02888   0.00711   0.07729   0.05299   3.33781   2.00130  -0.80913   0.04862   2.53274  
 32 1681.9240   2461.085399  x:  0.00000   0.01374   0.00436   0.00144   0.00000   0.00429   0.00063   0.00070   0.00000   0.00000   0.01214   0.00082   0.00008   0.00865   0.00379   0.01102   0.00863   0.01815   0.00746   0.02334   0.00000   0.04279   0.00364   0.03824   0.01065   0.01726   0.03816   0.02164   0.06049   0.05980   4.12937   2.13600  -0.86487   0.05926   2.49382  
 33 15.5716   2458.904233  x:  0.00000   0.01328   0.00215   0.00519   0.00000   0.00393   0.00063   0.00107   0.00000   0.00000   0.01242   0.00084   0.00007   0.00930   0.00398   0.01001   0.00798   0.01837   0.00782   0.02410   0.00000   0.04371   0.00303   0.03536   0.01217   0.01569   0.04028   0.02567   0.05740   0.06510   4.37678   2.16291  -0.85854   0.05969   2.47785  
 34  8.6293   2451.429673  x:  0.00000   0.00548   0.00330   0.00476   0.00000   0.00217   0.00063   0.00175   0.00000   0.00000   0.01090   0.00088   0.00028   0.00794   0.00407   0.00946   0.00803   0.01394   0.00798   0.02358   0.00000   0.04219   0.00251   0.03193   0.00932   0.01593   0.03968   0.01377   0.05407   0.07648   4.63998   1.86541  -0.48500   0.02458   2.43528  
 35  6.2743   2451.344588  x:  0.00325   0.00519   0.00335   0.00474   0.00000   0.00210   0.00063   0.00177   0.00000   0.00000   0.01084   0.00088   0.00029   0.00789   0.00407   0.00943   0.00803   0.01377   0.00798   0.02356   0.00000   0.04213   0.00249   0.03181   0.00921   0.01594   0.03966   0.01331   0.05393   0.07692   4.65018   1.85391  -0.47052   0.02321   2.43361  
 36 352.6580   2448.594297  x:  0.01499   0.01402   0.00429   0.00518   0.00000   0.00207   0.00068   0.00175   0.00000   0.00000   0.01038   0.00071   0.00045   0.00740   0.00446   0.00891   0.00861   0.01216   0.00876   0.02458   0.00000   0.04277   0.00246   0.03613   0.00888   0.01504   0.04178   0.00510   0.04417   0.08619   4.75737   1.74975  -0.29569   0.00805   2.39708  
 37  4.3594   2442.792441  x:  0.01224   0.01275   0.00838   0.00553   0.00000   0.00336   0.00037   0.00225   0.00000   0.00000   0.01018   0.00073   0.00054   0.00548   0.00551   0.00748   0.00963   0.01166   0.01059   0.02149   0.00000   0.03833   0.00357   0.03853   0.00453   0.01367   0.03901   0.00743   0.03301   0.10681   3.79249   2.29966  -0.59824   0.02507   2.27629  
 38  2.9735   2441.327910  x:  0.01594   0.01213   0.00676   0.00496   0.00000   0.00271   0.00055   0.00251   0.00000   0.00000   0.00974   0.00092   0.00046   0.00515   0.00575   0.00809   0.00961   0.01108   0.01100   0.02055   0.00000   0.03670   0.00407   0.03776   0.00226   0.01445   0.03748   0.00175   0.03442   0.11063   3.38753   2.33478  -0.44748   0.01224   2.18073  
 39  1.2764   2440.406315  x:  0.01729   0.01205   0.00577   0.00499   0.00000   0.00244   0.00067   0.00232   0.00000   0.00000   0.00998   0.00111   0.00054   0.00594   0.00587   0.00842   0.00932   0.01171   0.01131   0.02025   0.00000   0.03715   0.00424   0.03696   0.00400   0.01464   0.03833   0.00000   0.03424   0.11177   3.19340   2.42509  -0.39169   0.01286   2.10627  
 40  1.2476   2439.510331  x:  0.01166   0.01221   0.00532   0.00470   0.00000   0.00216   0.00069   0.00254   0.00000   0.00000   0.01108   0.00145   0.00059   0.00593   0.00611   0.00871   0.00854   0.01408   0.01190   0.01950   0.00000   0.03629   0.00439   0.03304   0.00327   0.01493   0.03705   0.00000   0.03601   0.11194   3.18187   2.56579  -0.27019   0.01801   1.96906  
 41  0.7159   2439.078365  x:  0.00816   0.01231   0.00504   0.00453   0.00000   0.00199   0.00070   0.00267   0.00000   0.00000   0.01176   0.00166   0.00063   0.00592   0.00626   0.00889   0.00805   0.01556   0.01226   0.01904   0.00000   0.03576   0.00449   0.03059   0.00282   0.01512   0.03625   0.00843   0.03712   0.11205   3.17465   2.65347  -0.19446   0.02122   1.88356  
 42 1889.2336   2437.415447  x:  0.00416   0.00981   0.00662   0.00598   0.00000   0.00322   0.00105   0.00310   0.00000   0.00000   0.01321   0.00258   0.00068   0.00594   0.00758   0.00902   0.00787   0.01785   0.01538   0.01882   0.00000   0.03791   0.00634   0.03173   0.00518   0.01523   0.03723   0.01325   0.03130   0.11145   3.41494   2.99574   0.44897   0.01341   1.34176  
 43  0.6960   2436.478807  x:  0.00791   0.01008   0.00414   0.00568   0.00000   0.00326   0.00130   0.00322   0.00000   0.00000   0.01272   0.00301   0.00085   0.00580   0.00810   0.00833   0.00811   0.01587   0.01693   0.01992   0.00000   0.03753   0.00637   0.03316   0.00525   0.01439   0.03870   0.00913   0.03278   0.11259   3.19460   3.29097   0.72818   0.01441   1.00000  
 44  0.7257   2435.797560  x:  0.00671   0.01110   0.00558   0.00644   0.00000   0.00309   0.00155   0.00371   0.00000   0.00000   0.01237   0.00384   0.00105   0.00589   0.00906   0.00860   0.00844   0.01363   0.01940   0.02091   0.00000   0.03730   0.00612   0.03260   0.00518   0.01506   0.03928   0.00935   0.04115   0.11140   3.09350   3.75139   1.16580   0.01383   1.00000  
 45  0.6517   2435.251178  x:  0.00545   0.01180   0.00506   0.00616   0.00000   0.00234   0.00191   0.00433   0.00000   0.00000   0.01144   0.00468   0.00127   0.00548   0.00983   0.00807   0.00814   0.01243   0.02193   0.02090   0.00000   0.03768   0.00476   0.03514   0.00422   0.01407   0.03891   0.01089   0.03570   0.11219   3.17669   4.23632   1.66696   0.01564   1.00000  
 46  0.5583   2435.101851  x:  0.00133   0.01184   0.00511   0.00595   0.00000   0.00275   0.00197   0.00460   0.00000   0.00000   0.01141   0.00505   0.00138   0.00548   0.01014   0.00874   0.00864   0.01456   0.02290   0.02051   0.00000   0.03742   0.00466   0.03496   0.00387   0.01453   0.03791   0.01527   0.03586   0.11096   3.27710   4.42884   1.88044   0.01402   1.00000  
 47  0.2605   2435.038824  x:  0.00054   0.01115   0.00580   0.00595   0.00000   0.00287   0.00209   0.00477   0.00000   0.00000   0.01104   0.00536   0.00146   0.00574   0.01009   0.00857   0.00865   0.01457   0.02335   0.01998   0.00000   0.03763   0.00461   0.03474   0.00385   0.01478   0.03758   0.01625   0.03561   0.11087   3.15878   4.61998   2.04568   0.01502   1.00000  
 48  0.1619   2434.994960  x:  0.00000   0.01105   0.00577   0.00580   0.00000   0.00284   0.00213   0.00484   0.00000   0.00000   0.01099   0.00548   0.00152   0.00581   0.00997   0.00843   0.00854   0.01438   0.02341   0.02005   0.00000   0.03758   0.00459   0.03431   0.00398   0.01477   0.03769   0.01671   0.03588   0.11018   3.18526   4.70004   2.12047   0.01484   1.00000  
 49  0.1583   2434.899042  x:  0.00000   0.01070   0.00559   0.00516   0.00000   0.00268   0.00231   0.00508   0.00000   0.00000   0.01103   0.00594   0.00177   0.00576   0.00916   0.00847   0.00836   0.01390   0.02314   0.02032   0.00000   0.03735   0.00481   0.03426   0.00432   0.01481   0.03802   0.01833   0.03622   0.10800   3.23229   5.00916   2.41735   0.01482   1.00000  
 50  0.3825   2434.857174  x:  0.00000   0.01066   0.00547   0.00497   0.00000   0.00260   0.00237   0.00513   0.00000   0.00000   0.01099   0.00604   0.00186   0.00572   0.00879   0.00850   0.00830   0.01360   0.02286   0.02047   0.00000   0.03730   0.00488   0.03430   0.00448   0.01478   0.03825   0.01640   0.03619   0.10755   3.23261   5.09293   2.50134   0.01457   1.00000  
 51  0.5989   2434.855785  x:  0.00080   0.01065   0.00543   0.00491   0.00000   0.00258   0.00239   0.00514   0.00000   0.00000   0.01098   0.00607   0.00189   0.00571   0.00867   0.00851   0.00829   0.01351   0.02277   0.02052   0.00000   0.03728   0.00490   0.03432   0.00453   0.01477   0.03832   0.01581   0.03618   0.10742   3.23271   5.11844   2.52691   0.01450   1.00000  
 52 156.9431   2434.768926  x:  0.00273   0.01134   0.00578   0.00499   0.00000   0.00277   0.00244   0.00523   0.00000   0.00000   0.01149   0.00621   0.00207   0.00550   0.00778   0.00831   0.00833   0.01467   0.02162   0.02042   0.00000   0.03760   0.00473   0.03458   0.00425   0.01431   0.03783   0.01387   0.03532   0.10885   3.19562   5.26502   2.68572   0.01439   1.00000  
 53  0.0787   2434.737753  x:  0.00372   0.01149   0.00572   0.00540   0.00000   0.00287   0.00248   0.00530   0.00000   0.00000   0.01131   0.00626   0.00214   0.00558   0.00773   0.00886   0.00880   0.01429   0.02127   0.02022   0.00000   0.03737   0.00485   0.03484   0.00403   0.01470   0.03770   0.01293   0.03598   0.11012   3.20512   5.33141   2.76190   0.01481   1.00000  
 54  0.0545   2434.709326  x:  0.00527   0.01128   0.00547   0.00583   0.00000   0.00279   0.00256   0.00541   0.00000   0.00000   0.01130   0.00638   0.00226   0.00569   0.00788   0.00841   0.00844   0.01405   0.02090   0.02033   0.00000   0.03754   0.00466   0.03460   0.00397   0.01464   0.03795   0.01133   0.03597   0.11155   3.22142   5.47219   2.90209   0.01410   1.00000  
 55  0.0803   2434.693494  x:  0.00644   0.01085   0.00544   0.00593   0.00000   0.00283   0.00264   0.00549   0.00000   0.00000   0.01123   0.00649   0.00238   0.00553   0.00802   0.00850   0.00845   0.01441   0.02043   0.02039   0.00000   0.03733   0.00488   0.03473   0.00417   0.01465   0.03792   0.01014   0.03581   0.11108   3.22461   5.62183   3.04827   0.01471   1.00000  
 56  0.0687   2434.678377  x:  0.00687   0.01114   0.00544   0.00580   0.00000   0.00285   0.00268   0.00555   0.00000   0.00000   0.01132   0.00652   0.00248   0.00557   0.00850   0.00870   0.00844   0.01446   0.02012   0.02030   0.00000   0.03773   0.00467   0.03447   0.00407   0.01461   0.03766   0.00976   0.03571   0.11013   3.21961   5.73937   3.14751   0.01499   1.00000  
 57  0.0553   2434.671836  x:  0.00767   0.01123   0.00554   0.00567   0.00000   0.00280   0.00270   0.00555   0.00000   0.00000   0.01130   0.00647   0.00251   0.00561   0.00862   0.00845   0.00851   0.01426   0.01979   0.02029   0.00000   0.03729   0.00478   0.03465   0.00408   0.01456   0.03769   0.00894   0.03590   0.10983   3.21617   5.76197   3.18188   0.01460   1.00000  
 58  0.0245   2434.668834  x:  0.00814   0.01118   0.00558   0.00559   0.00000   0.00281   0.00270   0.00553   0.00000   0.00000   0.01129   0.00638   0.00251   0.00562   0.00868   0.00856   0.00849   0.01415   0.01968   0.02039   0.00000   0.03759   0.00479   0.03462   0.00408   0.01466   0.03795   0.00848   0.03568   0.11037   3.21038   5.75357   3.18571   0.01437   1.00000  
 59  0.0045   2434.664199  x:  0.00851   0.01111   0.00557   0.00552   0.00000   0.00287   0.00269   0.00552   0.00000   0.00000   0.01128   0.00622   0.00252   0.00554   0.00879   0.00855   0.00844   0.01438   0.01978   0.02026   0.00000   0.03729   0.00472   0.03475   0.00407   0.01463   0.03786   0.00814   0.03595   0.11133   3.21468   5.77767   3.21132   0.01432   1.00000  
 60  0.0073   2434.653357  x:  0.01135   0.01111   0.00559   0.00541   0.00000   0.00280   0.00277   0.00556   0.00000   0.00000   0.01115   0.00599   0.00268   0.00566   0.00864   0.00847   0.00854   0.01435   0.01986   0.02028   0.00000   0.03789   0.00477   0.03472   0.00419   0.01455   0.03771   0.00514   0.03626   0.11151   3.23561   5.99376   3.41150   0.01480   1.00000  
 61  0.0615   2434.641747  x:  0.01436   0.01117   0.00564   0.00553   0.00000   0.00280   0.00288   0.00561   0.00000   0.00000   0.01128   0.00576   0.00284   0.00564   0.00852   0.00857   0.00845   0.01414   0.02019   0.02039   0.00000   0.03721   0.00470   0.03459   0.00418   0.01464   0.03771   0.00225   0.03574   0.11091   3.22140   6.22057   3.64119   0.01474   1.00000  
 62  0.1257   2434.639132  x:  0.01481   0.01116   0.00560   0.00562   0.00000   0.00281   0.00288   0.00560   0.00000   0.00000   0.01133   0.00566   0.00286   0.00561   0.00857   0.00852   0.00850   0.01427   0.02025   0.02033   0.00000   0.03753   0.00479   0.03467   0.00408   0.01464   0.03771   0.00183   0.03585   0.11053   3.21409   6.25199   3.68218   0.01444   1.00000  
 63  0.0399   2434.638880  x:  0.01477   0.01115   0.00556   0.00563   0.00000   0.00282   0.00288   0.00559   0.00000   0.00000   0.01129   0.00564   0.00285   0.00561   0.00857   0.00853   0.00849   0.01427   0.02021   0.02032   0.00000   0.03748   0.00478   0.03459   0.00407   0.01461   0.03778   0.00184   0.03585   0.11036   3.21497   6.24328   3.67183   0.01448   1.00000  
 64  0.0084   2434.638802  x:  0.01472   0.01114   0.00558   0.00563   0.00000   0.00281   0.00287   0.00559   0.00000   0.00000   0.01127   0.00562   0.00284   0.00561   0.00855   0.00853   0.00848   0.01427   0.02019   0.02031   0.00000   0.03748   0.00477   0.03464   0.00407   0.01462   0.03776   0.00191   0.03584   0.11032   3.21442   6.23799   3.66565   0.01448   1.00000  
 65  0.0032   2434.638566  x:  0.01460   0.01115   0.00557   0.00564   0.00000   0.00282   0.00286   0.00561   0.00000   0.00000   0.01127   0.00561   0.00283   0.00561   0.00857   0.00852   0.00850   0.01427   0.02018   0.02033   0.00000   0.03748   0.00476   0.03461   0.00408   0.01463   0.03768   0.00198   0.03581   0.11033   3.21451   6.27224   3.70059   0.01445   1.00000  
 66  0.0061   2434.638146  x:  0.01437   0.01116   0.00556   0.00565   0.00000   0.00282   0.00284   0.00570   0.00000   0.00000   0.01128   0.00559   0.00280   0.00561   0.00857   0.00852   0.00850   0.01426   0.02016   0.02036   0.00000   0.03750   0.00476   0.03460   0.00411   0.01463   0.03765   0.00222   0.03582   0.11031   3.21365   6.39597   3.82440   0.01445   1.00000  
 67  0.0636   2434.637937  x:  0.01441   0.01116   0.00557   0.00563   0.00000   0.00281   0.00285   0.00573   0.00000   0.00000   0.01129   0.00560   0.00281   0.00562   0.00856   0.00853   0.00849   0.01427   0.02018   0.02031   0.00000   0.03749   0.00477   0.03464   0.00409   0.01461   0.03778   0.00222   0.03584   0.11032   3.21338   6.43418   3.86199   0.01450   1.00000  
 68  0.0281   2434.637818  x:  0.01440   0.01115   0.00557   0.00562   0.00000   0.00282   0.00285   0.00575   0.00000   0.00000   0.01127   0.00560   0.00281   0.00560   0.00855   0.00853   0.00848   0.01427   0.02017   0.02031   0.00000   0.03748   0.00478   0.03461   0.00406   0.01463   0.03776   0.00219   0.03585   0.11032   3.21479   6.50497   3.93300   0.01446   1.00000  
 69  0.0125   2434.637045  x:  0.01444   0.01113   0.00559   0.00561   0.00000   0.00283   0.00284   0.00572   0.00000   0.00000   0.01127   0.00561   0.00281   0.00560   0.00855   0.00852   0.00845   0.01424   0.02018   0.02035   0.00000   0.03748   0.00481   0.03462   0.00404   0.01463   0.03771   0.00219   0.03583   0.11028   3.21831   6.75268   4.17952   0.01450   1.00000  
 70  0.0437   2434.635341  x:  0.01433   0.01112   0.00558   0.00561   0.00000   0.00284   0.00280   0.00557   0.00000   0.00000   0.01131   0.00563   0.00281   0.00562   0.00856   0.00851   0.00842   0.01422   0.02020   0.02038   0.00000   0.03748   0.00484   0.03468   0.00404   0.01461   0.03768   0.00236   0.03581   0.11027   3.21902   8.03895   5.46314   0.01460   1.00000  
 71  0.5950   2434.634418  x:  0.01450   0.01115   0.00557   0.00563   0.00000   0.00281   0.00280   0.00567   0.00000   0.00000   0.01129   0.00562   0.00282   0.00561   0.00856   0.00853   0.00848   0.01427   0.02019   0.02031   0.00000   0.03748   0.00478   0.03461   0.00407   0.01462   0.03777   0.00211   0.03583   0.11035   3.21359   8.41853   5.84642   0.01448   1.00000  
 72  0.2797   2434.634226  x:  0.01460   0.01115   0.00557   0.00563   0.00000   0.00281   0.00279   0.00562   0.00000   0.00000   0.01128   0.00563   0.00283   0.00561   0.00856   0.00853   0.00849   0.01427   0.02019   0.02031   0.00000   0.03749   0.00476   0.03463   0.00409   0.01462   0.03778   0.00201   0.03584   0.11033   3.21344   9.02915   6.45796   0.01446   1.00000  
 73  0.3673   2434.634147  x:  0.01467   0.01115   0.00557   0.00563   0.00000   0.00282   0.00279   0.00566   0.00000   0.00000   0.01128   0.00563   0.00283   0.00561   0.00856   0.00852   0.00848   0.01427   0.02020   0.02032   0.00000   0.03748   0.00477   0.03463   0.00408   0.01462   0.03777   0.00195   0.03583   0.11033   3.21419   9.52702   6.95572   0.01447   1.00000  
 74  0.2449   2434.634112  x:  0.01477   0.01114   0.00557   0.00563   0.00000   0.00281   0.00279   0.00563   0.00000   0.00000   0.01128   0.00563   0.00284   0.00561   0.00856   0.00853   0.00848   0.01426   0.02019   0.02032   0.00000   0.03748   0.00477   0.03463   0.00408   0.01462   0.03776   0.00185   0.03584   0.11032   3.21380   9.93037   7.35852   0.01448   1.00000  
 75  0.1823   2434.633997  x:  0.01486   0.01115   0.00557   0.00563   0.00000   0.00281   0.00279   0.00566   0.00000   0.00000   0.01128   0.00562   0.00283   0.00561   0.00856   0.00853   0.00849   0.01427   0.02020   0.02031   0.00000   0.03748   0.00478   0.03462   0.00408   0.01461   0.03778   0.00177   0.03582   0.11037   3.21348  10.80776   8.23647   0.01447   1.00000  
 76  0.1552   2434.633715  x:  0.01527   0.01116   0.00557   0.00563   0.00000   0.00281   0.00284   0.00564   0.00000   0.00000   0.01130   0.00563   0.00279   0.00561   0.00856   0.00853   0.00848   0.01427   0.02018   0.02031   0.00000   0.03748   0.00478   0.03462   0.00408   0.01462   0.03777   0.00134   0.03585   0.11033   3.21386  13.41978  10.84762   0.01447   1.00000  
 77  0.6989   2434.633707  x:  0.01535   0.01115   0.00557   0.00563   0.00000   0.00281   0.00284   0.00564   0.00000   0.00000   0.01129   0.00562   0.00280   0.00561   0.00856   0.00853   0.00848   0.01427   0.02018   0.02031   0.00000   0.03748   0.00477   0.03462   0.00408   0.01462   0.03777   0.00127   0.03584   0.11034   3.21426  13.50650  10.93451   0.01448   1.00000  
 78  0.1157   2434.633707  x:  0.01536   0.01115   0.00557   0.00563   0.00000   0.00281   0.00284   0.00564   0.00000   0.00000   0.01129   0.00562   0.00280   0.00561   0.00856   0.00853   0.00848   0.01427   0.02018   0.02032   0.00000   0.03748   0.00477   0.03462   0.00408   0.01462   0.03777   0.00126   0.03584   0.11034   3.21428  13.56466  10.99269   0.01448   1.00000  
 79  0.0706   2434.633707  x:  0.01539   0.01115   0.00557   0.00563   0.00000   0.00281   0.00284   0.00564   0.00000   0.00000   0.01129   0.00562   0.00280   0.00561   0.00856   0.00853   0.00848   0.01427   0.02018   0.02032   0.00000   0.03748   0.00477   0.03463   0.00408   0.01462   0.03777   0.00122   0.03584   0.11034   3.21431  13.75600  11.18406   0.01448   1.00000  
 80  0.1195   2434.633705  x:  0.01565   0.01115   0.00557   0.00563   0.00000   0.00282   0.00284   0.00564   0.00000   0.00000   0.01129   0.00562   0.00280   0.00561   0.00856   0.00853   0.00849   0.01427   0.02018   0.02032   0.00000   0.03748   0.00477   0.03463   0.00408   0.01462   0.03777   0.00097   0.03584   0.11033   3.21436  15.35829  12.78642   0.01448   1.00000  
 81  0.2833   2434.633704  x:  0.01574   0.01115   0.00557   0.00563   0.00000   0.00281   0.00284   0.00564   0.00000   0.00000   0.01129   0.00562   0.00280   0.00561   0.00856   0.00853   0.00849   0.01427   0.02018   0.02031   0.00000   0.03748   0.00477   0.03462   0.00408   0.01462   0.03777   0.00087   0.03584   0.11034   3.21427  15.97443  13.40244   0.01448   1.00000  
 82  0.3926   2434.633704  x:  0.01586   0.01115   0.00557   0.00563   0.00000   0.00281   0.00284   0.00564   0.00000   0.00000   0.01129   0.00562   0.00280   0.00561   0.00856   0.00853   0.00848   0.01427   0.02018   0.02032   0.00000   0.03748   0.00477   0.03462   0.00408   0.01462   0.03777   0.00076   0.03584   0.11034   3.21427  16.69211  14.12015   0.01448   1.00000  
 83  0.5084   2434.633704  x:  0.01598   0.01115   0.00557   0.00563   0.00000   0.00281   0.00284   0.00564   0.00000   0.00000   0.01129   0.00562   0.00280   0.00561   0.00856   0.00853   0.00848   0.01427   0.02018   0.02032   0.00000   0.03748   0.00477   0.03463   0.00408   0.01462   0.03777   0.00064   0.03584   0.11034   3.21427  17.40979  14.83784   0.01448   1.00000  
 84  1.7524   2434.633704  x:  0.01598   0.01115   0.00557   0.00563   0.00000   0.00281   0.00284   0.00564   0.00000   0.00000   0.01129   0.00562   0.00280   0.00561   0.00856   0.00853   0.00848   0.01427   0.02018   0.02032   0.00000   0.03748   0.00477   0.03463   0.00408   0.01462   0.03777   0.00064   0.03584   0.11034   3.21427  17.40909  14.83714   0.01448   1.00000  
 85  1.0133   2434.633704  x:  0.01599   0.01115   0.00557   0.00563   0.00000   0.00281   0.00284   0.00564   0.00000   0.00000   0.01129   0.00562   0.00280   0.00561   0.00856   0.00853   0.00848   0.01427   0.02018   0.02031   0.00000   0.03748   0.00477   0.03463   0.00408   0.01462   0.03777   0.00063   0.03584   0.11034   3.21404  17.50829  14.93630   0.01448   1.00000  
 86  0.3604   2434.633704  x:  0.01599   0.01115   0.00557   0.00563   0.00000   0.00281   0.00284   0.00564   0.00000   0.00000   0.01129   0.00562   0.00280   0.00561   0.00856   0.00853   0.00848   0.01427   0.02018   0.02031   0.00000   0.03748   0.00477   0.03463   0.00408   0.01462   0.03777   0.00063   0.03584   0.11034   3.21407  17.50802  14.93603   0.01448   1.00000  
 87  0.0038   2434.633704  x:  0.01599   0.01115   0.00557   0.00563   0.00000   0.00281   0.00284   0.00564   0.00000   0.00000   0.01129   0.00562   0.00280   0.00561   0.00856   0.00853   0.00848   0.01427   0.02018   0.02031   0.00000   0.03748   0.00477   0.03463   0.00408   0.01462   0.03777   0.00063   0.03584   0.11034   3.21407  17.50801  14.93602   0.01448   1.00000  
 88  0.0036   2434.633704  x:  0.01599   0.01115   0.00557   0.00563   0.00000   0.00281   0.00284   0.00564   0.00000   0.00000   0.01129   0.00562   0.00280   0.00561   0.00856   0.00853   0.00848   0.01427   0.02018   0.02031   0.00000   0.03748   0.00477   0.03463   0.00408   0.01462   0.03777   0.00063   0.03584   0.11034   3.21407  17.50789  14.93590   0.01448   1.00000  
 89  0.0054   2434.633704  x:  0.01599   0.01115   0.00557   0.00563   0.00000   0.00281   0.00284   0.00564   0.00000   0.00000   0.01129   0.00562   0.00280   0.00561   0.00856   0.00853   0.00848   0.01427   0.02018   0.02031   0.00000   0.03748   0.00477   0.03463   0.00408   0.01462   0.03777   0.00063   0.03584   0.11034   3.21407  17.50788  14.93589   0.01448   1.00000  
 90  0.0055   2434.633704  x:  0.01599   0.01115   0.00557   0.00563   0.00000   0.00281   0.00284   0.00564   0.00000   0.00000   0.01129   0.00562   0.00280   0.00561   0.00856   0.00853   0.00848   0.01427   0.02018   0.02031   0.00000   0.03748   0.00477   0.03463   0.00408   0.01462   0.03777   0.00063   0.03584   0.11034   3.21407  17.50788  14.93589   0.01448   1.00000  
 91  0.0056   2434.633704  x:  0.01599   0.01115   0.00557   0.00563   0.00000   0.00281   0.00284   0.00564   0.00000   0.00000   0.01129   0.00562   0.00280   0.00561   0.00856   0.00853   0.00848   0.01427   0.02018   0.02031   0.00000   0.03748   0.00477   0.03463   0.00408   0.01462   0.03777   0.00063   0.03584   0.11034   3.21407  17.50788  14.93589   0.01448   1.00000  
check convergence!
