Supplemental results for CODEML (seqf: /Users/YY/Desktop/get/branch_site/modify/modify_trim_muscle_rbcL.fa  treef: /Users/YY/Desktop/get/branch_site/16gene_topu.tree)


dN/dS (w) for site classes (K=4)

site class             0        1       2a       2b
proportion       0.88130  0.09905  0.01766  0.00199
background w     0.00000  1.00000  0.00000  1.00000
foreground w     0.00000  1.00000  4.28708  4.28708

Naive Empirical Bayes (NEB) probabilities for 4 classes
(amino acids refer to 1st sequence: NC_033344)

   1 M   0.92801 0.05392 0.01706 0.00101 ( 1)
   2 S   0.91271 0.06862 0.01735 0.00132 ( 1)
   3 P   0.91998 0.06162 0.01723 0.00117 ( 1)
   4 Q   0.92316 0.05856 0.01716 0.00111 ( 1)
   5 T   0.92658 0.05529 0.01709 0.00104 ( 1)
   6 E   0.92686 0.05501 0.01710 0.00103 ( 1)
   7 T   0.93862 0.04381 0.01676 0.00080 ( 1)
   8 K   0.93507 0.04719 0.01687 0.00087 ( 1)
   9 A   0.00002 0.98170 0.00000 0.01828 ( 2)
  10 G   0.94453 0.03822 0.01656 0.00069 ( 1)
  11 V   0.94438 0.03836 0.01657 0.00069 ( 1)
  12 G   0.92989 0.05213 0.01701 0.00097 ( 1)
  13 F   0.91381 0.06755 0.01734 0.00130 ( 1)
  14 K   0.93507 0.04719 0.01687 0.00087 ( 1)
  15 A   0.94437 0.03837 0.01657 0.00069 ( 1)
  16 G   0.91212 0.06916 0.01739 0.00133 ( 1)
  17 V   0.94438 0.03836 0.01657 0.00069 ( 1)
  18 K   0.93507 0.04719 0.01687 0.00087 ( 1)
  19 D   0.95195 0.03125 0.01624 0.00055 ( 1)
  20 Y   0.91042 0.07079 0.01742 0.00137 ( 1)
  21 K   0.93507 0.04719 0.01687 0.00087 ( 1)
  22 L   0.90475 0.07631 0.01746 0.00149 ( 1)
  23 T   0.93862 0.04381 0.01676 0.00080 ( 1)
  24 Y   0.93402 0.04819 0.01690 0.00089 ( 1)
  25 Y   0.93402 0.04819 0.01690 0.00089 ( 1)
  26 T   0.93862 0.04381 0.01676 0.00080 ( 1)
  27 P   0.93000 0.05206 0.01696 0.00097 ( 1)
  28 D   0.00000 0.98162 0.00000 0.01838 ( 2)
  29 Y   0.93402 0.04819 0.01690 0.00089 ( 1)
  30 E   0.94189 0.04071 0.01666 0.00074 ( 1)
  31 T   0.91253 0.06879 0.01736 0.00132 ( 1)
  32 K   0.93507 0.04719 0.01687 0.00087 ( 1)
  33 D   0.95195 0.03125 0.01624 0.00055 ( 1)
  34 T   0.93862 0.04381 0.01676 0.00080 ( 1)
  35 D   0.95195 0.03125 0.01624 0.00055 ( 1)
  36 I   0.91626 0.06520 0.01730 0.00125 ( 1)
  37 L   0.90475 0.07631 0.01746 0.00149 ( 1)
  38 A   0.93184 0.05026 0.01696 0.00094 ( 1)
  39 A   0.93184 0.05026 0.01696 0.00094 ( 1)
  40 F   0.91433 0.06704 0.01734 0.00129 ( 1)
  41 R   0.91013 0.07108 0.01741 0.00137 ( 1)
  42 V   0.93187 0.05023 0.01696 0.00094 ( 1)
  43 T   0.93862 0.04381 0.01676 0.00080 ( 1)
  44 P   0.93107 0.05100 0.01698 0.00095 ( 1)
  45 Q   0.92316 0.05856 0.01716 0.00111 ( 1)
  46 P   0.92989 0.05218 0.01696 0.00097 ( 1)
  47 G   0.92989 0.05213 0.01701 0.00097 ( 1)
  48 V   0.94438 0.03836 0.01657 0.00069 ( 1)
  49 P   0.91998 0.06162 0.01723 0.00117 ( 1)
  50 P   0.92993 0.05213 0.01696 0.00097 ( 1)
  51 E   0.94189 0.04071 0.01666 0.00074 ( 1)
  52 E   0.94189 0.04071 0.01666 0.00074 ( 1)
  53 A   0.91136 0.06992 0.01737 0.00135 ( 1)
  54 G   0.91823 0.06306 0.01750 0.00122 ( 1)
  55 A   0.91668 0.06479 0.01729 0.00124 ( 1)
  56 A   0.91136 0.06992 0.01737 0.00135 ( 1)
  57 V   0.93187 0.05023 0.01696 0.00094 ( 1)
  58 A   0.94437 0.03837 0.01657 0.00069 ( 1)
  59 A   0.91668 0.06479 0.01729 0.00124 ( 1)
  60 E   0.94189 0.04071 0.01666 0.00074 ( 1)
  61 S   0.92924 0.05278 0.01699 0.00099 ( 1)
  62 S   0.92964 0.05238 0.01700 0.00098 ( 1)
  63 T   0.93862 0.04381 0.01676 0.00080 ( 1)
  64 G   0.94453 0.03822 0.01656 0.00069 ( 1)
  65 T   0.92658 0.05529 0.01709 0.00104 ( 1)
  66 W   0.90320 0.07780 0.01748 0.00152 ( 1)
  67 T   0.91253 0.06879 0.01736 0.00132 ( 1)
  68 T   0.93862 0.04381 0.01676 0.00080 ( 1)
  69 V   0.91140 0.06988 0.01737 0.00135 ( 1)
  70 W   0.90320 0.07780 0.01748 0.00152 ( 1)
  71 T   0.91253 0.06879 0.01736 0.00132 ( 1)
  72 D   0.95195 0.03125 0.01624 0.00055 ( 1)
  73 G   0.92989 0.05213 0.01701 0.00097 ( 1)
  74 L   0.93279 0.04935 0.01694 0.00092 ( 1)
  75 T   0.91253 0.06879 0.01736 0.00132 ( 1)
  76 S   0.92066 0.06084 0.01734 0.00116 ( 1)
  77 L   0.93279 0.04935 0.01694 0.00092 ( 1)
  78 D   0.95195 0.03125 0.01624 0.00055 ( 1)
  79 R   0.92985 0.05216 0.01701 0.00098 ( 1)
  80 Y   0.90944 0.07177 0.01740 0.00139 ( 1)
  81 K   0.93507 0.04719 0.01687 0.00087 ( 1)
  82 G   0.91144 0.06984 0.01737 0.00135 ( 1)
  83 R   0.90750 0.07362 0.01745 0.00143 ( 1)
  84 C   0.90758 0.07357 0.01743 0.00143 ( 1)
  85 Y   0.90944 0.07177 0.01740 0.00139 ( 1)
  86 G   0.00000 0.98165 0.00000 0.01835 ( 2)
  87 I   0.91626 0.06520 0.01730 0.00125 ( 1)
  88 E   0.92651 0.05535 0.01709 0.00104 ( 1)
  89 P   0.90754 0.07360 0.01743 0.00143 ( 1)
  90 V   0.94438 0.03836 0.01657 0.00069 ( 1)
  91 A   0.00002 0.98220 0.00000 0.01778 ( 2)
  92 G   0.92989 0.05213 0.01701 0.00097 ( 1)
  93 E   0.94189 0.04071 0.01666 0.00074 ( 1)
  94 E   0.94189 0.04071 0.01666 0.00074 ( 1)
  95 N   0.94698 0.03592 0.01646 0.00065 ( 1)
  96 Q   0.92316 0.05856 0.01716 0.00111 ( 1)
  97 Y   0.00000 0.92576 0.00000 0.07424 ( 2)
  98 I   0.91626 0.06520 0.01730 0.00125 ( 1)
  99 A   0.94437 0.03837 0.01657 0.00069 ( 1)
 100 Y   0.93402 0.04819 0.01690 0.00089 ( 1)
 101 V   0.93187 0.05023 0.01696 0.00094 ( 1)
 102 A   0.94437 0.03837 0.01657 0.00069 ( 1)
 103 Y   0.90944 0.07177 0.01740 0.00139 ( 1)
 104 P   0.91998 0.06162 0.01723 0.00117 ( 1)
 105 L   0.91322 0.06812 0.01734 0.00131 ( 1)
 106 D   0.93148 0.05049 0.01708 0.00095 ( 1)
 107 L   0.93279 0.04935 0.01694 0.00092 ( 1)
 108 F   0.93611 0.04619 0.01684 0.00085 ( 1)
 109 E   0.94189 0.04071 0.01666 0.00074 ( 1)
 110 E   0.94189 0.04071 0.01666 0.00074 ( 1)
 111 G   0.94453 0.03822 0.01656 0.00069 ( 1)
 112 S   0.93016 0.05186 0.01700 0.00097 ( 1)
 113 V   0.94438 0.03836 0.01657 0.00069 ( 1)
 114 T   0.93862 0.04381 0.01676 0.00080 ( 1)
 115 N   0.92275 0.05896 0.01717 0.00112 ( 1)
 116 M   0.92801 0.05392 0.01706 0.00101 ( 1)
 117 F   0.93611 0.04619 0.01684 0.00085 ( 1)
 118 T   0.93862 0.04381 0.01676 0.00080 ( 1)
 119 S   0.91565 0.06548 0.01760 0.00127 ( 1)
 120 I   0.93955 0.04306 0.01661 0.00078 ( 1)
 121 V   0.93187 0.05023 0.01696 0.00094 ( 1)
 122 G   0.94453 0.03822 0.01656 0.00069 ( 1)
 123 N   0.94698 0.03592 0.01646 0.00065 ( 1)
 124 V   0.93187 0.05023 0.01696 0.00094 ( 1)
 125 F   0.93611 0.04619 0.01684 0.00085 ( 1)
 126 G   0.91144 0.06984 0.01737 0.00135 ( 1)
 127 F   0.91381 0.06755 0.01734 0.00130 ( 1)
 128 K   0.93507 0.04719 0.01687 0.00087 ( 1)
 129 A   0.91668 0.06479 0.01729 0.00124 ( 1)
 130 L   0.89977 0.08112 0.01752 0.00159 ( 1)
 131 R   0.90677 0.07435 0.01744 0.00144 ( 1)
 132 A   0.94437 0.03837 0.01657 0.00069 ( 1)
 133 L   0.91420 0.06718 0.01733 0.00129 ( 1)
 134 R   0.92985 0.05216 0.01701 0.00098 ( 1)
 135 L   0.90005 0.08084 0.01753 0.00158 ( 1)
 136 E   0.94189 0.04071 0.01666 0.00074 ( 1)
 137 D   0.95195 0.03125 0.01624 0.00055 ( 1)
 138 L   0.89983 0.08106 0.01752 0.00159 ( 1)
 139 R   0.90943 0.07178 0.01740 0.00139 ( 1)
 140 I   0.92064 0.06082 0.01738 0.00116 ( 1)
 141 P   0.90874 0.07240 0.01745 0.00140 ( 1)
 142 V   0.00002 0.98219 0.00000 0.01778 ( 2)
 143 A   0.00002 0.98219 0.00000 0.01778 ( 2)
 144 Y   0.93402 0.04819 0.01690 0.00089 ( 1)
 145 V   0.94438 0.03836 0.01657 0.00069 ( 1)
 146 K   0.93507 0.04719 0.01687 0.00087 ( 1)
 147 T   0.93862 0.04381 0.01676 0.00080 ( 1)
 148 F   0.91381 0.06755 0.01734 0.00130 ( 1)
 149 Q   0.92316 0.05856 0.01716 0.00111 ( 1)
 150 G   0.92989 0.05213 0.01701 0.00097 ( 1)
 151 P   0.90400 0.07701 0.01749 0.00150 ( 1)
 152 P   0.93107 0.05100 0.01698 0.00095 ( 1)
 153 H   0.93911 0.04335 0.01675 0.00079 ( 1)
 154 G   0.91803 0.06345 0.01731 0.00121 ( 1)
 155 I   0.91626 0.06520 0.01730 0.00125 ( 1)
 156 Q   0.92281 0.05891 0.01716 0.00111 ( 1)
 157 V   0.94438 0.03836 0.01657 0.00069 ( 1)
 158 E   0.92651 0.05535 0.01709 0.00104 ( 1)
 159 R   0.92703 0.05486 0.01708 0.00103 ( 1)
 160 D   0.95195 0.03125 0.01624 0.00055 ( 1)
 161 K   0.93507 0.04719 0.01687 0.00087 ( 1)
 162 L   0.90475 0.07631 0.01746 0.00149 ( 1)
 163 N   0.92275 0.05896 0.01717 0.00112 ( 1)
 164 K   0.91898 0.06258 0.01725 0.00119 ( 1)
 165 Y   0.92963 0.05159 0.01778 0.00100 ( 1)
 166 G   0.94453 0.03822 0.01656 0.00069 ( 1)
 167 R   0.92985 0.05216 0.01701 0.00098 ( 1)
 168 P   0.91061 0.07054 0.01749 0.00137 ( 1)
 169 L   0.90124 0.07965 0.01755 0.00156 ( 1)
 170 L   0.90475 0.07631 0.01746 0.00149 ( 1)
 171 G   0.92989 0.05213 0.01701 0.00097 ( 1)
 172 C   0.92983 0.05218 0.01701 0.00098 ( 1)
 173 T   0.93862 0.04381 0.01676 0.00080 ( 1)
 174 I   0.94199 0.04062 0.01665 0.00074 ( 1)
 175 K   0.93507 0.04719 0.01687 0.00087 ( 1)
 176 P   0.93107 0.05100 0.01698 0.00095 ( 1)
 177 K   0.93507 0.04719 0.01687 0.00087 ( 1)
 178 L   0.90475 0.07631 0.01746 0.00149 ( 1)
 179 G   0.91823 0.06306 0.01750 0.00122 ( 1)
 180 L   0.91322 0.06812 0.01734 0.00131 ( 1)
 181 S   0.90697 0.07416 0.01743 0.00144 ( 1)
 182 A   0.94437 0.03837 0.01657 0.00069 ( 1)
 183 K   0.93507 0.04719 0.01687 0.00087 ( 1)
 184 N   0.92275 0.05896 0.01717 0.00112 ( 1)
 185 Y   0.90944 0.07177 0.01740 0.00139 ( 1)
 186 G   0.94453 0.03822 0.01656 0.00069 ( 1)
 187 R   0.92703 0.05486 0.01708 0.00103 ( 1)
 188 A   0.91246 0.06882 0.01739 0.00133 ( 1)
 189 V   0.94438 0.03836 0.01657 0.00069 ( 1)
 190 Y   0.93402 0.04819 0.01690 0.00089 ( 1)
 191 E   0.94189 0.04071 0.01666 0.00074 ( 1)
 192 C   0.92983 0.05218 0.01701 0.00098 ( 1)
 193 L   0.90865 0.07253 0.01741 0.00140 ( 1)
 194 R   0.90677 0.07435 0.01744 0.00144 ( 1)
 195 G   0.94453 0.03822 0.01656 0.00069 ( 1)
 196 G   0.92989 0.05213 0.01701 0.00097 ( 1)
 197 L   0.93279 0.04935 0.01694 0.00092 ( 1)
 198 D   0.95195 0.03125 0.01624 0.00055 ( 1)
 199 F   0.93611 0.04619 0.01684 0.00085 ( 1)
 200 T   0.91253 0.06879 0.01736 0.00132 ( 1)
 201 K   0.93507 0.04719 0.01687 0.00087 ( 1)
 202 D   0.92889 0.05308 0.01704 0.00099 ( 1)
 203 D   0.95195 0.03125 0.01624 0.00055 ( 1)
 204 E   0.92651 0.05535 0.01709 0.00104 ( 1)
 205 N   0.94698 0.03592 0.01646 0.00065 ( 1)
 206 V   0.91140 0.06988 0.01737 0.00135 ( 1)
 207 N   0.92564 0.05607 0.01723 0.00106 ( 1)
 208 S   0.90786 0.07326 0.01745 0.00142 ( 1)
 209 Q   0.92316 0.05856 0.01716 0.00111 ( 1)
 210 P   0.91998 0.06162 0.01723 0.00117 ( 1)
 211 F   0.93611 0.04619 0.01684 0.00085 ( 1)
 212 M   0.92801 0.05392 0.01706 0.00101 ( 1)
 213 R   0.92985 0.05216 0.01701 0.00098 ( 1)
 214 W   0.90320 0.07780 0.01748 0.00152 ( 1)
 215 R   0.92703 0.05486 0.01708 0.00103 ( 1)
 216 D   0.94963 0.03358 0.01620 0.00060 ( 1)
 217 R   0.92985 0.05216 0.01701 0.00098 ( 1)
 218 F   0.91381 0.06755 0.01734 0.00130 ( 1)
 219 L   0.00001 0.98107 0.00000 0.01892 ( 2)
 220 F   0.93611 0.04619 0.01684 0.00085 ( 1)
 221 C   0.92983 0.05218 0.01701 0.00098 ( 1)
 222 A   0.91668 0.06479 0.01729 0.00124 ( 1)
 223 E   0.94189 0.04071 0.01666 0.00074 ( 1)
 224 A   0.93184 0.05026 0.01696 0.00094 ( 1)
 225 I   0.00002 0.98210 0.00000 0.01788 ( 2)
 226 Y   0.93402 0.04819 0.01690 0.00089 ( 1)
 227 K   0.93507 0.04719 0.01687 0.00087 ( 1)
 228 A   0.93037 0.05173 0.01694 0.00096 ( 1)
 229 Q   0.91121 0.07002 0.01741 0.00135 ( 1)
 230 A   0.00002 0.98220 0.00000 0.01778 ( 2)
 231 E   0.94189 0.04071 0.01666 0.00074 ( 1)
 232 T   0.93862 0.04381 0.01676 0.00080 ( 1)
 233 G   0.94453 0.03822 0.01656 0.00069 ( 1)
 234 E   0.94189 0.04071 0.01666 0.00074 ( 1)
 235 I   0.91626 0.06520 0.01730 0.00125 ( 1)
 236 K   0.93507 0.04719 0.01687 0.00087 ( 1)
 237 G   0.91144 0.06984 0.01737 0.00135 ( 1)
 238 H   0.93911 0.04335 0.01675 0.00079 ( 1)
 239 Y   0.90944 0.07177 0.01740 0.00139 ( 1)
 240 L   0.90475 0.07631 0.01746 0.00149 ( 1)
 241 N   0.93347 0.04941 0.01623 0.00089 ( 1)
 242 A   0.94194 0.04080 0.01652 0.00074 ( 1)
 243 T   0.93862 0.04381 0.01676 0.00080 ( 1)
 244 A   0.91136 0.06992 0.01737 0.00135 ( 1)
 245 G   0.94453 0.03822 0.01656 0.00069 ( 1)
 246 T   0.92658 0.05529 0.01709 0.00104 ( 1)
 247 C   0.00000 0.98154 0.00000 0.01846 ( 2)
 248 E   0.94189 0.04071 0.01666 0.00074 ( 1)
 249 E   0.00002 0.98209 0.00000 0.01789 ( 2)
 250 M   0.92801 0.05392 0.01706 0.00101 ( 1)
 251 M   0.92801 0.05392 0.01706 0.00101 ( 1)
 252 K   0.93507 0.04719 0.01687 0.00087 ( 1)
 253 R   0.91324 0.06810 0.01734 0.00131 ( 1)
 254 A   0.94437 0.03837 0.01657 0.00069 ( 1)
 255 I   0.00002 0.98173 0.00000 0.01826 ( 2)
 256 F   0.93611 0.04619 0.01684 0.00085 ( 1)
 257 A   0.91668 0.06479 0.01729 0.00124 ( 1)
 258 R   0.92703 0.05486 0.01708 0.00103 ( 1)
 259 E   0.94189 0.04071 0.01666 0.00074 ( 1)
 260 L   0.90475 0.07631 0.01746 0.00149 ( 1)
 261 G   0.00002 0.98163 0.00000 0.01835 ( 2)
 262 V   0.94438 0.03836 0.01657 0.00069 ( 1)
 263 P   0.93107 0.05100 0.01698 0.00095 ( 1)
 264 I   0.91626 0.06520 0.01730 0.00125 ( 1)
 265 V   0.93187 0.05023 0.01696 0.00094 ( 1)
 266 M   0.92801 0.05392 0.01706 0.00101 ( 1)
 267 H   0.93911 0.04335 0.01675 0.00079 ( 1)
 268 D   0.95195 0.03125 0.01624 0.00055 ( 1)
 269 Y   0.90944 0.07177 0.01740 0.00139 ( 1)
 270 L   0.91322 0.06812 0.01734 0.00131 ( 1)
 271 T   0.92658 0.05529 0.01709 0.00104 ( 1)
 272 G   0.91144 0.06984 0.01737 0.00135 ( 1)
 273 G   0.92989 0.05213 0.01701 0.00097 ( 1)
 274 F   0.91381 0.06755 0.01734 0.00130 ( 1)
 275 T   0.93862 0.04381 0.01676 0.00080 ( 1)
 276 A   0.93184 0.05026 0.01696 0.00094 ( 1)
 277 N   0.94698 0.03592 0.01646 0.00065 ( 1)
 278 T   0.93620 0.04623 0.01672 0.00085 ( 1)
 279 S   0.00000 0.98121 0.00000 0.01879 ( 2)
 280 L   0.91192 0.06942 0.01732 0.00134 ( 1)
 281 A   0.91668 0.06479 0.01729 0.00124 ( 1)
 282 H   0.93911 0.04335 0.01675 0.00079 ( 1)
 283 Y   0.93402 0.04819 0.01690 0.00089 ( 1)
 284 C   0.90758 0.07357 0.01743 0.00143 ( 1)
 285 R   0.90943 0.07178 0.01740 0.00139 ( 1)
 286 D   0.95195 0.03125 0.01624 0.00055 ( 1)
 287 N   0.94698 0.03592 0.01646 0.00065 ( 1)
 288 G   0.92547 0.05601 0.01745 0.00107 ( 1)
 289 L   0.91420 0.06718 0.01733 0.00129 ( 1)
 290 L   0.93279 0.04935 0.01694 0.00092 ( 1)
 291 L   0.93279 0.04935 0.01694 0.00092 ( 1)
 292 H   0.91666 0.06480 0.01729 0.00124 ( 1)
 293 I   0.91626 0.06520 0.01730 0.00125 ( 1)
 294 H   0.91649 0.06497 0.01729 0.00124 ( 1)
 295 R   0.90677 0.07435 0.01744 0.00144 ( 1)
 296 A   0.93184 0.05026 0.01696 0.00094 ( 1)
 297 M   0.92801 0.05392 0.01706 0.00101 ( 1)
 298 H   0.93911 0.04335 0.01675 0.00079 ( 1)
 299 A   0.93184 0.05026 0.01696 0.00094 ( 1)
 300 V   0.94438 0.03836 0.01657 0.00069 ( 1)
 301 I   0.94199 0.04062 0.01665 0.00074 ( 1)
 302 D   0.95195 0.03125 0.01624 0.00055 ( 1)
 303 R   0.92703 0.05486 0.01708 0.00103 ( 1)
 304 Q   0.91009 0.07115 0.01739 0.00137 ( 1)
 305 K   0.91883 0.06272 0.01725 0.00120 ( 1)
 306 N   0.94698 0.03592 0.01646 0.00065 ( 1)
 307 H   0.93911 0.04335 0.01675 0.00079 ( 1)
 308 G   0.94453 0.03822 0.01656 0.00069 ( 1)
 309 I   0.00000 0.92619 0.00000 0.07381 ( 2)
 310 H   0.91649 0.06497 0.01729 0.00124 ( 1)
 311 F   0.92812 0.05325 0.01761 0.00102 ( 1)
 312 R   0.92985 0.05216 0.01701 0.00098 ( 1)
 313 V   0.93187 0.05023 0.01696 0.00094 ( 1)
 314 L   0.91420 0.06718 0.01733 0.00129 ( 1)
 315 A   0.94437 0.03837 0.01657 0.00069 ( 1)
 316 K   0.93507 0.04719 0.01687 0.00087 ( 1)
 317 A   0.91400 0.06728 0.01742 0.00130 ( 1)
 318 L   0.91322 0.06812 0.01734 0.00131 ( 1)
 319 R   0.92985 0.05216 0.01701 0.00098 ( 1)
 320 M   0.92801 0.05392 0.01706 0.00101 ( 1)
 321 S   0.93016 0.05186 0.01700 0.00097 ( 1)
 322 G   0.94453 0.03822 0.01656 0.00069 ( 1)
 323 G   0.92989 0.05213 0.01701 0.00097 ( 1)
 324 D   0.95195 0.03125 0.01624 0.00055 ( 1)
 325 H   0.93911 0.04335 0.01675 0.00079 ( 1)
 326 I   0.94199 0.04062 0.01665 0.00074 ( 1)
 327 H   0.91649 0.06497 0.01729 0.00124 ( 1)
 328 S   0.00000 0.98097 0.00000 0.01903 ( 2)
 329 G   0.94453 0.03822 0.01656 0.00069 ( 1)
 330 T   0.91601 0.06531 0.01742 0.00126 ( 1)
 331 V   0.93187 0.05023 0.01696 0.00094 ( 1)
 332 V   0.93187 0.05023 0.01696 0.00094 ( 1)
 333 G   0.94373 0.03902 0.01655 0.00071 ( 1)
 334 K   0.93507 0.04719 0.01687 0.00087 ( 1)
 335 L   0.93279 0.04935 0.01694 0.00092 ( 1)
 336 E   0.94189 0.04071 0.01666 0.00074 ( 1)
 337 G   0.91144 0.06984 0.01737 0.00135 ( 1)
 338 E   0.94189 0.04071 0.01666 0.00074 ( 1)
 339 R   0.92703 0.05486 0.01708 0.00103 ( 1)
 340 D   0.92889 0.05308 0.01704 0.00099 ( 1)
 341 I   0.91958 0.06188 0.01736 0.00118 ( 1)
 342 T   0.93862 0.04381 0.01676 0.00080 ( 1)
 343 L   0.90050 0.08039 0.01753 0.00158 ( 1)
 344 G   0.91677 0.06470 0.01729 0.00124 ( 1)
 345 F   0.93611 0.04619 0.01684 0.00085 ( 1)
 346 V   0.91769 0.06379 0.01731 0.00122 ( 1)
 347 D   0.95195 0.03125 0.01624 0.00055 ( 1)
 348 L   0.91322 0.06812 0.01734 0.00131 ( 1)
 349 L   0.89977 0.08112 0.01752 0.00159 ( 1)
 350 R   0.92985 0.05216 0.01701 0.00098 ( 1)
 351 D   0.95195 0.03125 0.01624 0.00055 ( 1)
 352 D   0.95195 0.03125 0.01624 0.00055 ( 1)
 353 F   0.91485 0.06652 0.01735 0.00128 ( 1)
 354 V   0.00000 0.98212 0.00000 0.01788 ( 2)
 355 E   0.00001 0.98210 0.00000 0.01789 ( 2)
 356 K   0.93507 0.04719 0.01687 0.00087 ( 1)
 357 D   0.95195 0.03125 0.01624 0.00055 ( 1)
 358 R   0.90996 0.07125 0.01741 0.00138 ( 1)
 359 S   0.94116 0.04140 0.01668 0.00076 ( 1)
 360 R   0.90677 0.07435 0.01744 0.00144 ( 1)
 361 G   0.94453 0.03822 0.01656 0.00069 ( 1)
 362 I   0.94199 0.04062 0.01665 0.00074 ( 1)
 363 Y   0.93402 0.04819 0.01690 0.00089 ( 1)
 364 F   0.91381 0.06755 0.01734 0.00130 ( 1)
 365 T   0.91253 0.06879 0.01736 0.00132 ( 1)
 366 Q   0.92316 0.05856 0.01716 0.00111 ( 1)
 367 D   0.95195 0.03125 0.01624 0.00055 ( 1)
 368 W   0.90320 0.07780 0.01748 0.00152 ( 1)
 369 V   0.91867 0.06280 0.01732 0.00120 ( 1)
 370 S   0.93016 0.05186 0.01700 0.00097 ( 1)
 371 L   0.91420 0.06718 0.01733 0.00129 ( 1)
 372 P   0.91882 0.06278 0.01721 0.00119 ( 1)
 373 G   0.94376 0.03899 0.01655 0.00071 ( 1)
 374 V   0.94438 0.03836 0.01657 0.00069 ( 1)
 375 L   0.91049 0.07089 0.01726 0.00136 ( 1)
 376 P   0.90754 0.07360 0.01743 0.00143 ( 1)
 377 V   0.92579 0.05694 0.01624 0.00103 ( 1)
 378 A   0.94437 0.03837 0.01657 0.00069 ( 1)
 379 S   0.90050 0.08041 0.01751 0.00157 ( 1)
 380 G   0.91235 0.06893 0.01739 0.00133 ( 1)
 381 G   0.94453 0.03822 0.01656 0.00069 ( 1)
 382 I   0.94199 0.04062 0.01665 0.00074 ( 1)
 383 H   0.91649 0.06497 0.01729 0.00124 ( 1)
 384 V   0.94438 0.03836 0.01657 0.00069 ( 1)
 385 W   0.90320 0.07780 0.01748 0.00152 ( 1)
 386 H   0.93911 0.04335 0.01675 0.00079 ( 1)
 387 M   0.92801 0.05392 0.01706 0.00101 ( 1)
 388 P   0.93107 0.05100 0.01698 0.00095 ( 1)
 389 A   0.94437 0.03837 0.01657 0.00069 ( 1)
 390 L   0.89977 0.08112 0.01752 0.00159 ( 1)
 391 T   0.91253 0.06879 0.01736 0.00132 ( 1)
 392 E   0.92651 0.05535 0.01709 0.00104 ( 1)
 393 I   0.91626 0.06520 0.01730 0.00125 ( 1)
 394 F   0.93611 0.04619 0.01684 0.00085 ( 1)
 395 G   0.91144 0.06984 0.01737 0.00135 ( 1)
 396 D   0.95195 0.03125 0.01624 0.00055 ( 1)
 397 D   0.95195 0.03125 0.01624 0.00055 ( 1)
 398 S   0.90670 0.07443 0.01743 0.00144 ( 1)
 399 V   0.93187 0.05023 0.01696 0.00094 ( 1)
 400 L   0.91347 0.06791 0.01732 0.00130 ( 1)
 401 Q   0.91009 0.07115 0.01739 0.00137 ( 1)
 402 F   0.91381 0.06755 0.01734 0.00130 ( 1)
 403 G   0.94453 0.03822 0.01656 0.00069 ( 1)
 404 G   0.92946 0.05255 0.01701 0.00098 ( 1)
 405 G   0.92989 0.05213 0.01701 0.00097 ( 1)
 406 T   0.93862 0.04381 0.01676 0.00080 ( 1)
 407 L   0.91322 0.06812 0.01734 0.00131 ( 1)
 408 G   0.92989 0.05213 0.01701 0.00097 ( 1)
 409 H   0.91649 0.06497 0.01729 0.00124 ( 1)
 410 P   0.93107 0.05100 0.01698 0.00095 ( 1)
 411 W   0.90320 0.07780 0.01748 0.00152 ( 1)
 412 G   0.92989 0.05213 0.01701 0.00097 ( 1)
 413 N   0.94698 0.03592 0.01646 0.00065 ( 1)
 414 A   0.93184 0.05026 0.01696 0.00094 ( 1)
 415 P   0.90754 0.07360 0.01743 0.00143 ( 1)
 416 G   0.94453 0.03822 0.01656 0.00069 ( 1)
 417 A   0.91668 0.06479 0.01729 0.00124 ( 1)
 418 V   0.93187 0.05023 0.01696 0.00094 ( 1)
 419 A   0.94437 0.03837 0.01657 0.00069 ( 1)
 420 N   0.94652 0.03637 0.01645 0.00065 ( 1)
 421 R   0.90943 0.07178 0.01740 0.00139 ( 1)
 422 V   0.93187 0.05023 0.01696 0.00094 ( 1)
 423 A   0.94437 0.03837 0.01657 0.00069 ( 1)
 424 L   0.91420 0.06718 0.01733 0.00129 ( 1)
 425 E   0.94189 0.04071 0.01666 0.00074 ( 1)
 426 A   0.93184 0.05026 0.01696 0.00094 ( 1)
 427 C   0.92983 0.05218 0.01701 0.00098 ( 1)
 428 V   0.93187 0.05023 0.01696 0.00094 ( 1)
 429 Q   0.00002 0.98141 0.00000 0.01857 ( 2)
 430 A   0.94402 0.03872 0.01656 0.00070 ( 1)
 431 R   0.92985 0.05216 0.01701 0.00098 ( 1)
 432 N   0.94698 0.03592 0.01646 0.00065 ( 1)
 433 E   0.92651 0.05535 0.01709 0.00104 ( 1)
 434 G   0.91688 0.06440 0.01748 0.00124 ( 1)
 435 R   0.92985 0.05216 0.01701 0.00098 ( 1)
 436 D   0.95195 0.03125 0.01624 0.00055 ( 1)
 437 L   0.93279 0.04935 0.01694 0.00092 ( 1)
 438 A   0.94437 0.03837 0.01657 0.00069 ( 1)
 439 S   0.00000 0.92542 0.00000 0.07458 ( 2)
 440 E   0.94048 0.04114 0.01759 0.00079 ( 1)
 441 G   0.92214 0.05915 0.01758 0.00114 ( 1)
 442 N   0.94698 0.03592 0.01646 0.00065 ( 1)
 443 E   0.94108 0.04152 0.01664 0.00076 ( 1)
 444 I   0.94199 0.04062 0.01665 0.00074 ( 1)
 445 I   0.91626 0.06520 0.01730 0.00125 ( 1)
 446 R   0.92701 0.05500 0.01696 0.00103 ( 1)
 447 E   0.92651 0.05535 0.01709 0.00104 ( 1)
 448 A   0.94060 0.04214 0.01650 0.00076 ( 1)
 449 T   0.00001 0.36962 0.60155 0.02883 ( 3)
 450 K   0.93507 0.04719 0.01687 0.00087 ( 1)
 451 W   0.90320 0.07780 0.01748 0.00152 ( 1)
 452 S   0.91748 0.06401 0.01728 0.00122 ( 1)
 453 P   0.91438 0.06677 0.01756 0.00130 ( 1)
 454 E   0.94189 0.04071 0.01666 0.00074 ( 1)
 455 L   0.91420 0.06718 0.01733 0.00129 ( 1)
 456 A   0.94437 0.03837 0.01657 0.00069 ( 1)
 457 A   0.94437 0.03837 0.01657 0.00069 ( 1)
 458 A   0.94437 0.03837 0.01657 0.00069 ( 1)
 459 C   0.92983 0.05218 0.01701 0.00098 ( 1)
 460 E   0.94189 0.04071 0.01666 0.00074 ( 1)
 461 V   0.93187 0.05023 0.01696 0.00094 ( 1)
 462 W   0.90320 0.07780 0.01748 0.00152 ( 1)
 463 K   0.91883 0.06272 0.01725 0.00120 ( 1)
 464 E   0.92651 0.05535 0.01709 0.00104 ( 1)
 465 I   0.91626 0.06520 0.01730 0.00125 ( 1)
 466 K   0.93507 0.04719 0.01687 0.00087 ( 1)
 467 F   0.93562 0.04668 0.01683 0.00086 ( 1)
 468 E   0.00002 0.98196 0.00000 0.01802 ( 2)
 469 F   0.93611 0.04619 0.01684 0.00085 ( 1)
 470 Q   0.00000 0.98159 0.00000 0.01841 ( 2)
 471 A   0.93184 0.05026 0.01696 0.00094 ( 1)
 472 M   0.92801 0.05392 0.01706 0.00101 ( 1)
 473 D   0.95195 0.03125 0.01624 0.00055 ( 1)
 474 T   0.93770 0.04473 0.01675 0.00082 ( 1)
 475 L   0.90475 0.07631 0.01746 0.00149 ( 1)


lnL = -2734.592878

Bayes Empirical Bayes (BEB) probabilities for 4 classes (class)
(amino acids refer to 1st sequence: NC_033344)

   1 M   0.88233 0.03263 0.08182 0.00322 ( 1)
   2 S   0.87205 0.04115 0.08267 0.00413 ( 1)
   3 P   0.87690 0.03710 0.08231 0.00369 ( 1)
   4 Q   0.87904 0.03532 0.08213 0.00351 ( 1)
   5 T   0.88135 0.03342 0.08192 0.00331 ( 1)
   6 E   0.88150 0.03327 0.08194 0.00329 ( 1)
   7 T   0.88966 0.02674 0.08098 0.00261 ( 1)
   8 K   0.88718 0.02871 0.08129 0.00282 ( 1)
   9 A   0.54644 0.36841 0.04936 0.03579 ( 1)
  10 G   0.89386 0.02347 0.08039 0.00227 ( 1)
  11 V   0.89374 0.02356 0.08042 0.00228 ( 1)
  12 G   0.88360 0.03159 0.08169 0.00312 ( 1)
  13 F   0.87279 0.04053 0.08262 0.00406 ( 1)
  14 K   0.88718 0.02871 0.08129 0.00282 ( 1)
  15 A   0.89374 0.02356 0.08041 0.00228 ( 1)
  16 G   0.87161 0.04146 0.08277 0.00416 ( 1)
  17 V   0.89374 0.02356 0.08042 0.00228 ( 1)
  18 K   0.88718 0.02871 0.08129 0.00282 ( 1)
  19 D   0.89928 0.01938 0.07949 0.00186 ( 1)
  20 Y   0.87047 0.04240 0.08287 0.00426 ( 1)
  21 K   0.88718 0.02871 0.08129 0.00282 ( 1)
  22 L   0.86681 0.04559 0.08299 0.00460 ( 1)
  23 T   0.88966 0.02674 0.08098 0.00261 ( 1)
  24 Y   0.88645 0.02930 0.08138 0.00288 ( 1)
  25 Y   0.88645 0.02930 0.08138 0.00288 ( 1)
  26 T   0.88966 0.02674 0.08098 0.00261 ( 1)
  27 P   0.88380 0.03155 0.08154 0.00311 ( 1)
  28 D   0.06753 0.84624 0.00589 0.08035 ( 2)
  29 Y   0.88645 0.02930 0.08138 0.00288 ( 1)
  30 E   0.89197 0.02493 0.08067 0.00242 ( 1)
  31 T   0.87194 0.04125 0.08268 0.00414 ( 1)
  32 K   0.88718 0.02871 0.08129 0.00282 ( 1)
  33 D   0.89928 0.01938 0.07949 0.00186 ( 1)
  34 T   0.88966 0.02674 0.08098 0.00261 ( 1)
  35 D   0.89928 0.01938 0.07949 0.00186 ( 1)
  36 I   0.87441 0.03917 0.08251 0.00391 ( 1)
  37 L   0.86681 0.04559 0.08299 0.00460 ( 1)
  38 A   0.88494 0.03050 0.08155 0.00300 ( 1)
  39 A   0.88494 0.03050 0.08155 0.00300 ( 1)
  40 F   0.87308 0.04023 0.08265 0.00403 ( 1)
  41 R   0.87025 0.04262 0.08285 0.00428 ( 1)
  42 V   0.88496 0.03049 0.08155 0.00300 ( 1)
  43 T   0.88966 0.02674 0.08098 0.00261 ( 1)
  44 P   0.88442 0.03093 0.08160 0.00305 ( 1)
  45 Q   0.87904 0.03532 0.08213 0.00351 ( 1)
  46 P   0.88373 0.03162 0.08154 0.00311 ( 1)
  47 G   0.88360 0.03159 0.08169 0.00312 ( 1)
  48 V   0.89374 0.02356 0.08042 0.00228 ( 1)
  49 P   0.87690 0.03710 0.08231 0.00369 ( 1)
  50 P   0.88375 0.03159 0.08154 0.00311 ( 1)
  51 E   0.89197 0.02493 0.08067 0.00242 ( 1)
  52 E   0.89197 0.02493 0.08067 0.00242 ( 1)
  53 A   0.87116 0.04190 0.08273 0.00421 ( 1)
  54 G   0.87517 0.03791 0.08312 0.00380 ( 1)
  55 A   0.87469 0.03894 0.08249 0.00389 ( 1)
  56 A   0.87116 0.04190 0.08273 0.00421 ( 1)
  57 V   0.88496 0.03049 0.08155 0.00300 ( 1)
  58 A   0.89374 0.02356 0.08041 0.00228 ( 1)
  59 A   0.87469 0.03894 0.08249 0.00389 ( 1)
  60 E   0.89197 0.02493 0.08067 0.00242 ( 1)
  61 S   0.88326 0.03197 0.08162 0.00315 ( 1)
  62 S   0.88349 0.03174 0.08164 0.00313 ( 1)
  63 T   0.88966 0.02674 0.08098 0.00261 ( 1)
  64 G   0.89386 0.02347 0.08039 0.00227 ( 1)
  65 T   0.88135 0.03342 0.08192 0.00331 ( 1)
  66 W   0.86580 0.04646 0.08305 0.00469 ( 1)
  67 T   0.87194 0.04125 0.08268 0.00414 ( 1)
  68 T   0.88966 0.02674 0.08098 0.00261 ( 1)
  69 V   0.87118 0.04188 0.08273 0.00420 ( 1)
  70 W   0.86580 0.04646 0.08305 0.00469 ( 1)
  71 T   0.87194 0.04125 0.08268 0.00414 ( 1)
  72 D   0.89928 0.01938 0.07949 0.00186 ( 1)
  73 G   0.88360 0.03159 0.08169 0.00312 ( 1)
  74 L   0.88561 0.02997 0.08147 0.00295 ( 1)
  75 T   0.87194 0.04125 0.08268 0.00414 ( 1)
  76 S   0.87706 0.03664 0.08264 0.00366 ( 1)
  77 L   0.88561 0.02997 0.08147 0.00295 ( 1)
  78 D   0.89928 0.01938 0.07949 0.00186 ( 1)
  79 R   0.88358 0.03161 0.08169 0.00312 ( 1)
  80 Y   0.86990 0.04297 0.08281 0.00432 ( 1)
  81 K   0.88718 0.02871 0.08129 0.00282 ( 1)
  82 G   0.87121 0.04186 0.08273 0.00420 ( 1)
  83 R   0.86856 0.04404 0.08296 0.00444 ( 1)
  84 C   0.86867 0.04401 0.08289 0.00443 ( 1)
  85 Y   0.86990 0.04297 0.08281 0.00432 ( 1)
  86 G   0.00360 0.91015 0.00031 0.08594 ( 2)
  87 I   0.87441 0.03917 0.08251 0.00391 ( 1)
  88 E   0.88131 0.03346 0.08192 0.00331 ( 1)
  89 P   0.86865 0.04403 0.08289 0.00443 ( 1)
  90 V   0.89374 0.02356 0.08042 0.00228 ( 1)
  91 A   0.59259 0.32398 0.05239 0.03104 ( 1)
  92 G   0.88360 0.03159 0.08169 0.00312 ( 1)
  93 E   0.89197 0.02493 0.08067 0.00242 ( 1)
  94 E   0.89197 0.02493 0.08067 0.00242 ( 1)
  95 N   0.89563 0.02212 0.08011 0.00214 ( 1)
  96 Q   0.87904 0.03532 0.08213 0.00351 ( 1)
  97 Y   0.00016 0.79004 0.00080 0.20900 ( 2)
  98 I   0.87441 0.03917 0.08251 0.00391 ( 1)
  99 A   0.89374 0.02356 0.08041 0.00228 ( 1)
 100 Y   0.88645 0.02930 0.08138 0.00288 ( 1)
 101 V   0.88496 0.03049 0.08155 0.00300 ( 1)
 102 A   0.89374 0.02356 0.08041 0.00228 ( 1)
 103 Y   0.86990 0.04297 0.08281 0.00432 ( 1)
 104 P   0.87690 0.03710 0.08231 0.00369 ( 1)
 105 L   0.87239 0.04086 0.08265 0.00409 ( 1)
 106 D   0.88442 0.03065 0.08191 0.00303 ( 1)
 107 L   0.88561 0.02997 0.08147 0.00295 ( 1)
 108 F   0.88791 0.02813 0.08120 0.00275 ( 1)
 109 E   0.89197 0.02493 0.08067 0.00242 ( 1)
 110 E   0.89197 0.02493 0.08067 0.00242 ( 1)
 111 G   0.89386 0.02347 0.08039 0.00227 ( 1)
 112 S   0.88380 0.03143 0.08167 0.00310 ( 1)
 113 V   0.89374 0.02356 0.08042 0.00228 ( 1)
 114 T   0.88966 0.02674 0.08098 0.00261 ( 1)
 115 N   0.87876 0.03555 0.08215 0.00353 ( 1)
 116 M   0.88233 0.03263 0.08182 0.00322 ( 1)
 117 F   0.88791 0.02813 0.08120 0.00275 ( 1)
 118 T   0.88966 0.02674 0.08098 0.00261 ( 1)
 119 S   0.87332 0.03930 0.08342 0.00396 ( 1)
 120 I   0.89060 0.02631 0.08052 0.00256 ( 1)
 121 V   0.88496 0.03049 0.08155 0.00300 ( 1)
 122 G   0.89386 0.02347 0.08039 0.00227 ( 1)
 123 N   0.89563 0.02212 0.08011 0.00214 ( 1)
 124 V   0.88496 0.03049 0.08155 0.00300 ( 1)
 125 F   0.88791 0.02813 0.08120 0.00275 ( 1)
 126 G   0.87121 0.04186 0.08273 0.00420 ( 1)
 127 F   0.87279 0.04053 0.08262 0.00406 ( 1)
 128 K   0.88718 0.02871 0.08129 0.00282 ( 1)
 129 A   0.87469 0.03894 0.08249 0.00389 ( 1)
 130 L   0.86356 0.04838 0.08316 0.00490 ( 1)
 131 R   0.86814 0.04446 0.08292 0.00448 ( 1)
 132 A   0.89374 0.02356 0.08041 0.00228 ( 1)
 133 L   0.87304 0.04032 0.08261 0.00404 ( 1)
 134 R   0.88358 0.03161 0.08169 0.00312 ( 1)
 135 L   0.86372 0.04822 0.08318 0.00488 ( 1)
 136 E   0.89197 0.02493 0.08067 0.00242 ( 1)
 137 D   0.89928 0.01938 0.07949 0.00186 ( 1)
 138 L   0.86359 0.04835 0.08316 0.00490 ( 1)
 139 R   0.86988 0.04298 0.08281 0.00432 ( 1)
 140 I   0.87696 0.03662 0.08276 0.00366 ( 1)
 141 P   0.86934 0.04333 0.08296 0.00436 ( 1)
 142 V   0.60411 0.31248 0.05345 0.02996 ( 1)
 143 A   0.60403 0.31257 0.05344 0.02996 ( 1)
 144 Y   0.88645 0.02930 0.08138 0.00288 ( 1)
 145 V   0.89374 0.02356 0.08042 0.00228 ( 1)
 146 K   0.88718 0.02871 0.08129 0.00282 ( 1)
 147 T   0.88966 0.02674 0.08098 0.00261 ( 1)
 148 F   0.87279 0.04053 0.08262 0.00406 ( 1)
 149 Q   0.87904 0.03532 0.08213 0.00351 ( 1)
 150 G   0.88360 0.03159 0.08169 0.00312 ( 1)
 151 P   0.86628 0.04600 0.08308 0.00465 ( 1)
 152 P   0.88442 0.03093 0.08160 0.00305 ( 1)
 153 H   0.89001 0.02647 0.08094 0.00258 ( 1)
 154 G   0.87548 0.03815 0.08255 0.00381 ( 1)
 155 I   0.87441 0.03917 0.08251 0.00391 ( 1)
 156 Q   0.87883 0.03553 0.08211 0.00353 ( 1)
 157 V   0.89374 0.02356 0.08042 0.00228 ( 1)
 158 E   0.88131 0.03346 0.08192 0.00331 ( 1)
 159 R   0.88166 0.03317 0.08189 0.00328 ( 1)
 160 D   0.89928 0.01938 0.07949 0.00186 ( 1)
 161 K   0.88718 0.02871 0.08129 0.00282 ( 1)
 162 L   0.86681 0.04559 0.08299 0.00460 ( 1)
 163 N   0.87876 0.03555 0.08215 0.00353 ( 1)
 164 K   0.87622 0.03765 0.08238 0.00375 ( 1)
 165 Y   0.88167 0.03122 0.08398 0.00314 ( 1)
 166 G   0.89386 0.02347 0.08039 0.00227 ( 1)
 167 R   0.88358 0.03161 0.08169 0.00312 ( 1)
 168 P   0.87043 0.04225 0.08307 0.00425 ( 1)
 169 L   0.86442 0.04752 0.08325 0.00481 ( 1)
 170 L   0.86681 0.04559 0.08299 0.00460 ( 1)
 171 G   0.88360 0.03159 0.08169 0.00312 ( 1)
 172 C   0.88357 0.03162 0.08169 0.00312 ( 1)
 173 T   0.88966 0.02674 0.08098 0.00261 ( 1)
 174 I   0.89204 0.02488 0.08066 0.00242 ( 1)
 175 K   0.88718 0.02871 0.08129 0.00282 ( 1)
 176 P   0.88442 0.03093 0.08160 0.00305 ( 1)
 177 K   0.88718 0.02871 0.08129 0.00282 ( 1)
 178 L   0.86681 0.04559 0.08299 0.00460 ( 1)
 179 G   0.87517 0.03791 0.08312 0.00380 ( 1)
 180 L   0.87239 0.04086 0.08265 0.00409 ( 1)
 181 S   0.86827 0.04435 0.08291 0.00447 ( 1)
 182 A   0.89374 0.02356 0.08041 0.00228 ( 1)
 183 K   0.88718 0.02871 0.08129 0.00282 ( 1)
 184 N   0.87876 0.03555 0.08215 0.00353 ( 1)
 185 Y   0.86990 0.04297 0.08281 0.00432 ( 1)
 186 G   0.89386 0.02347 0.08039 0.00227 ( 1)
 187 R   0.88166 0.03317 0.08189 0.00328 ( 1)
 188 A   0.87180 0.04126 0.08280 0.00414 ( 1)
 189 V   0.89374 0.02356 0.08042 0.00228 ( 1)
 190 Y   0.88645 0.02930 0.08138 0.00288 ( 1)
 191 E   0.89197 0.02493 0.08067 0.00242 ( 1)
 192 C   0.88357 0.03162 0.08169 0.00312 ( 1)
 193 L   0.86937 0.04341 0.08285 0.00437 ( 1)
 194 R   0.86814 0.04446 0.08292 0.00448 ( 1)
 195 G   0.89386 0.02347 0.08039 0.00227 ( 1)
 196 G   0.88360 0.03159 0.08169 0.00312 ( 1)
 197 L   0.88561 0.02997 0.08147 0.00295 ( 1)
 198 D   0.89928 0.01938 0.07949 0.00186 ( 1)
 199 F   0.88791 0.02813 0.08120 0.00275 ( 1)
 200 T   0.87194 0.04125 0.08268 0.00414 ( 1)
 201 K   0.88718 0.02871 0.08129 0.00282 ( 1)
 202 D   0.88292 0.03214 0.08176 0.00317 ( 1)
 203 D   0.89928 0.01938 0.07949 0.00186 ( 1)
 204 E   0.88131 0.03346 0.08192 0.00331 ( 1)
 205 N   0.89563 0.02212 0.08011 0.00214 ( 1)
 206 V   0.87118 0.04188 0.08273 0.00420 ( 1)
 207 N   0.88043 0.03388 0.08232 0.00337 ( 1)
 208 S   0.86879 0.04383 0.08296 0.00442 ( 1)
 209 Q   0.87904 0.03532 0.08213 0.00351 ( 1)
 210 P   0.87690 0.03710 0.08231 0.00369 ( 1)
 211 F   0.88791 0.02813 0.08120 0.00275 ( 1)
 212 M   0.88233 0.03263 0.08182 0.00322 ( 1)
 213 R   0.88358 0.03161 0.08169 0.00312 ( 1)
 214 W   0.86580 0.04646 0.08305 0.00469 ( 1)
 215 R   0.88166 0.03317 0.08189 0.00328 ( 1)
 216 D   0.89789 0.02077 0.07936 0.00199 ( 1)
 217 R   0.88358 0.03161 0.08169 0.00312 ( 1)
 218 F   0.87279 0.04053 0.08262 0.00406 ( 1)
 219 L   0.48487 0.42784 0.04499 0.04230 ( 1)
 220 F   0.88791 0.02813 0.08120 0.00275 ( 1)
 221 C   0.88357 0.03162 0.08169 0.00312 ( 1)
 222 A   0.87469 0.03894 0.08249 0.00389 ( 1)
 223 E   0.89197 0.02493 0.08067 0.00242 ( 1)
 224 A   0.88494 0.03050 0.08155 0.00300 ( 1)
 225 I   0.57951 0.33670 0.05145 0.03234 ( 1)
 226 Y   0.88645 0.02930 0.08138 0.00288 ( 1)
 227 K   0.88718 0.02871 0.08129 0.00282 ( 1)
 228 A   0.88408 0.03136 0.08147 0.00309 ( 1)
 229 Q   0.87096 0.04197 0.08285 0.00422 ( 1)
 230 A   0.56249 0.35401 0.04963 0.03387 ( 1)
 231 E   0.89197 0.02493 0.08067 0.00242 ( 1)
 232 T   0.88966 0.02674 0.08098 0.00261 ( 1)
 233 G   0.89386 0.02347 0.08039 0.00227 ( 1)
 234 E   0.89197 0.02493 0.08067 0.00242 ( 1)
 235 I   0.87441 0.03917 0.08251 0.00391 ( 1)
 236 K   0.88718 0.02871 0.08129 0.00282 ( 1)
 237 G   0.87121 0.04186 0.08273 0.00420 ( 1)
 238 H   0.89001 0.02647 0.08094 0.00258 ( 1)
 239 Y   0.86990 0.04297 0.08281 0.00432 ( 1)
 240 L   0.86681 0.04559 0.08299 0.00460 ( 1)
 241 N   0.88767 0.03006 0.07937 0.00290 ( 1)
 242 A   0.89230 0.02499 0.08028 0.00242 ( 1)
 243 T   0.88966 0.02674 0.08098 0.00261 ( 1)
 244 A   0.87116 0.04190 0.08273 0.00421 ( 1)
 245 G   0.89386 0.02347 0.08039 0.00227 ( 1)
 246 T   0.88135 0.03342 0.08192 0.00331 ( 1)
 247 C   0.06592 0.84765 0.00576 0.08066 ( 2)
 248 E   0.89197 0.02493 0.08067 0.00242 ( 1)
 249 E   0.59380 0.32242 0.05278 0.03100 ( 1)
 250 M   0.88233 0.03263 0.08182 0.00322 ( 1)
 251 M   0.88233 0.03263 0.08182 0.00322 ( 1)
 252 K   0.88718 0.02871 0.08129 0.00282 ( 1)
 253 R   0.87241 0.04085 0.08265 0.00409 ( 1)
 254 A   0.89374 0.02356 0.08041 0.00228 ( 1)
 255 I   0.55296 0.36197 0.04991 0.03515 ( 1)
 256 F   0.88791 0.02813 0.08120 0.00275 ( 1)
 257 A   0.87469 0.03894 0.08249 0.00389 ( 1)
 258 R   0.88166 0.03317 0.08189 0.00328 ( 1)
 259 E   0.89197 0.02493 0.08067 0.00242 ( 1)
 260 L   0.86681 0.04559 0.08299 0.00460 ( 1)
 261 G   0.52964 0.38496 0.04795 0.03745 ( 1)
 262 V   0.89374 0.02356 0.08042 0.00228 ( 1)
 263 P   0.88442 0.03093 0.08160 0.00305 ( 1)
 264 I   0.87441 0.03917 0.08251 0.00391 ( 1)
 265 V   0.88496 0.03049 0.08155 0.00300 ( 1)
 266 M   0.88233 0.03263 0.08182 0.00322 ( 1)
 267 H   0.89001 0.02647 0.08094 0.00258 ( 1)
 268 D   0.89928 0.01938 0.07949 0.00186 ( 1)
 269 Y   0.86990 0.04297 0.08281 0.00432 ( 1)
 270 L   0.87239 0.04086 0.08265 0.00409 ( 1)
 271 T   0.88135 0.03342 0.08192 0.00331 ( 1)
 272 G   0.87121 0.04186 0.08273 0.00420 ( 1)
 273 G   0.88360 0.03159 0.08169 0.00312 ( 1)
 274 F   0.87279 0.04053 0.08262 0.00406 ( 1)
 275 T   0.88966 0.02674 0.08098 0.00261 ( 1)
 276 A   0.88494 0.03050 0.08155 0.00300 ( 1)
 277 N   0.89563 0.02212 0.08011 0.00214 ( 1)
 278 T   0.88824 0.02816 0.08085 0.00275 ( 1)
 279 S   0.05332 0.85936 0.00473 0.08259 ( 2)
 280 L   0.87162 0.04163 0.08257 0.00417 ( 1)
 281 A   0.87469 0.03894 0.08249 0.00389 ( 1)
 282 H   0.89001 0.02647 0.08094 0.00258 ( 1)
 283 Y   0.88645 0.02930 0.08138 0.00288 ( 1)
 284 C   0.86867 0.04401 0.08289 0.00443 ( 1)
 285 R   0.86988 0.04298 0.08281 0.00432 ( 1)
 286 D   0.89928 0.01938 0.07949 0.00186 ( 1)
 287 N   0.89563 0.02212 0.08011 0.00214 ( 1)
 288 G   0.87982 0.03382 0.08298 0.00338 ( 1)
 289 L   0.87304 0.04032 0.08261 0.00404 ( 1)
 290 L   0.88561 0.02997 0.08147 0.00295 ( 1)
 291 L   0.88561 0.02997 0.08147 0.00295 ( 1)
 292 H   0.87467 0.03894 0.08250 0.00389 ( 1)
 293 I   0.87441 0.03917 0.08251 0.00391 ( 1)
 294 H   0.87457 0.03904 0.08249 0.00390 ( 1)
 295 R   0.86814 0.04446 0.08292 0.00448 ( 1)
 296 A   0.88494 0.03050 0.08155 0.00300 ( 1)
 297 M   0.88233 0.03263 0.08182 0.00322 ( 1)
 298 H   0.89001 0.02647 0.08094 0.00258 ( 1)
 299 A   0.88494 0.03050 0.08155 0.00300 ( 1)
 300 V   0.89374 0.02356 0.08042 0.00228 ( 1)
 301 I   0.89204 0.02488 0.08066 0.00242 ( 1)
 302 D   0.89928 0.01938 0.07949 0.00186 ( 1)
 303 R   0.88166 0.03317 0.08189 0.00328 ( 1)
 304 Q   0.87032 0.04261 0.08279 0.00428 ( 1)
 305 K   0.87613 0.03773 0.08237 0.00376 ( 1)
 306 N   0.89563 0.02212 0.08011 0.00214 ( 1)
 307 H   0.89001 0.02647 0.08094 0.00258 ( 1)
 308 G   0.89386 0.02347 0.08039 0.00227 ( 1)
 309 I   0.00318 0.77738 0.01559 0.20385 ( 2)
 310 H   0.87457 0.03904 0.08249 0.00390 ( 1)
 311 F   0.88113 0.03220 0.08345 0.00323 ( 1)
 312 R   0.88358 0.03161 0.08169 0.00312 ( 1)
 313 V   0.88496 0.03049 0.08155 0.00300 ( 1)
 314 L   0.87304 0.04032 0.08261 0.00404 ( 1)
 315 A   0.89374 0.02356 0.08041 0.00228 ( 1)
 316 K   0.88718 0.02871 0.08129 0.00282 ( 1)
 317 A   0.87269 0.04037 0.08289 0.00405 ( 1)
 318 L   0.87239 0.04086 0.08265 0.00409 ( 1)
 319 R   0.88358 0.03161 0.08169 0.00312 ( 1)
 320 M   0.88233 0.03263 0.08182 0.00322 ( 1)
 321 S   0.88380 0.03143 0.08167 0.00310 ( 1)
 322 G   0.89386 0.02347 0.08039 0.00227 ( 1)
 323 G   0.88360 0.03159 0.08169 0.00312 ( 1)
 324 D   0.89928 0.01938 0.07949 0.00186 ( 1)
 325 H   0.89001 0.02647 0.08094 0.00258 ( 1)
 326 I   0.89204 0.02488 0.08066 0.00242 ( 1)
 327 H   0.87457 0.03904 0.08249 0.00390 ( 1)
 328 S   0.04780 0.86421 0.00429 0.08369 ( 2)
 329 G   0.89386 0.02347 0.08039 0.00227 ( 1)
 330 T   0.87396 0.03922 0.08288 0.00393 ( 1)
 331 V   0.88496 0.03049 0.08155 0.00300 ( 1)
 332 V   0.88496 0.03049 0.08155 0.00300 ( 1)
 333 G   0.89339 0.02394 0.08035 0.00232 ( 1)
 334 K   0.88718 0.02871 0.08129 0.00282 ( 1)
 335 L   0.88561 0.02997 0.08147 0.00295 ( 1)
 336 E   0.89197 0.02493 0.08067 0.00242 ( 1)
 337 G   0.87121 0.04186 0.08273 0.00420 ( 1)
 338 E   0.89197 0.02493 0.08067 0.00242 ( 1)
 339 R   0.88166 0.03317 0.08189 0.00328 ( 1)
 340 D   0.88292 0.03214 0.08176 0.00317 ( 1)
 341 I   0.87634 0.03724 0.08270 0.00372 ( 1)
 342 T   0.88966 0.02674 0.08098 0.00261 ( 1)
 343 L   0.86399 0.04795 0.08320 0.00486 ( 1)
 344 G   0.87475 0.03888 0.08248 0.00388 ( 1)
 345 F   0.88791 0.02813 0.08120 0.00275 ( 1)
 346 V   0.87528 0.03835 0.08254 0.00383 ( 1)
 347 D   0.89928 0.01938 0.07949 0.00186 ( 1)
 348 L   0.87239 0.04086 0.08265 0.00409 ( 1)
 349 L   0.86356 0.04838 0.08316 0.00490 ( 1)
 350 R   0.88358 0.03161 0.08169 0.00312 ( 1)
 351 D   0.89928 0.01938 0.07949 0.00186 ( 1)
 352 D   0.89928 0.01938 0.07949 0.00186 ( 1)
 353 F   0.87339 0.03993 0.08268 0.00400 ( 1)
 354 V   0.08264 0.83249 0.00704 0.07784 ( 2)
 355 E   0.44862 0.46728 0.03947 0.04463 ( 2)
 356 K   0.88718 0.02871 0.08129 0.00282 ( 1)
 357 D   0.89928 0.01938 0.07949 0.00186 ( 1)
 358 R   0.87016 0.04270 0.08284 0.00429 ( 1)
 359 S   0.89146 0.02534 0.08074 0.00247 ( 1)
 360 R   0.86814 0.04446 0.08292 0.00448 ( 1)
 361 G   0.89386 0.02347 0.08039 0.00227 ( 1)
 362 I   0.89204 0.02488 0.08066 0.00242 ( 1)
 363 Y   0.88645 0.02930 0.08138 0.00288 ( 1)
 364 F   0.87279 0.04053 0.08262 0.00406 ( 1)
 365 T   0.87194 0.04125 0.08268 0.00414 ( 1)
 366 Q   0.87904 0.03532 0.08213 0.00351 ( 1)
 367 D   0.89928 0.01938 0.07949 0.00186 ( 1)
 368 W   0.86580 0.04646 0.08305 0.00469 ( 1)
 369 V   0.87585 0.03778 0.08260 0.00377 ( 1)
 370 S   0.88380 0.03143 0.08167 0.00310 ( 1)
 371 L   0.87304 0.04032 0.08261 0.00404 ( 1)
 372 P   0.87622 0.03777 0.08225 0.00376 ( 1)
 373 G   0.89340 0.02393 0.08035 0.00232 ( 1)
 374 V   0.89374 0.02356 0.08042 0.00228 ( 1)
 375 L   0.87088 0.04247 0.08239 0.00425 ( 1)
 376 P   0.86865 0.04403 0.08289 0.00443 ( 1)
 377 V   0.88281 0.03446 0.07939 0.00334 ( 1)
 378 A   0.89374 0.02356 0.08041 0.00228 ( 1)
 379 S   0.86403 0.04797 0.08314 0.00486 ( 1)
 380 G   0.87175 0.04132 0.08278 0.00415 ( 1)
 381 G   0.89386 0.02347 0.08039 0.00227 ( 1)
 382 I   0.89204 0.02488 0.08066 0.00242 ( 1)
 383 H   0.87457 0.03904 0.08249 0.00390 ( 1)
 384 V   0.89374 0.02356 0.08042 0.00228 ( 1)
 385 W   0.86580 0.04646 0.08305 0.00469 ( 1)
 386 H   0.89001 0.02647 0.08094 0.00258 ( 1)
 387 M   0.88233 0.03263 0.08182 0.00322 ( 1)
 388 P   0.88442 0.03093 0.08160 0.00305 ( 1)
 389 A   0.89374 0.02356 0.08041 0.00228 ( 1)
 390 L   0.86356 0.04838 0.08316 0.00490 ( 1)
 391 T   0.87194 0.04125 0.08268 0.00414 ( 1)
 392 E   0.88131 0.03346 0.08192 0.00331 ( 1)
 393 I   0.87441 0.03917 0.08251 0.00391 ( 1)
 394 F   0.88791 0.02813 0.08120 0.00275 ( 1)
 395 G   0.87121 0.04186 0.08273 0.00420 ( 1)
 396 D   0.89928 0.01938 0.07949 0.00186 ( 1)
 397 D   0.89928 0.01938 0.07949 0.00186 ( 1)
 398 S   0.86811 0.04451 0.08290 0.00448 ( 1)
 399 V   0.88496 0.03049 0.08155 0.00300 ( 1)
 400 L   0.87261 0.04075 0.08256 0.00408 ( 1)
 401 Q   0.87032 0.04261 0.08279 0.00428 ( 1)
 402 F   0.87279 0.04053 0.08262 0.00406 ( 1)
 403 G   0.89386 0.02347 0.08039 0.00227 ( 1)
 404 G   0.88335 0.03184 0.08167 0.00314 ( 1)
 405 G   0.88360 0.03159 0.08169 0.00312 ( 1)
 406 T   0.88966 0.02674 0.08098 0.00261 ( 1)
 407 L   0.87239 0.04086 0.08265 0.00409 ( 1)
 408 G   0.88360 0.03159 0.08169 0.00312 ( 1)
 409 H   0.87457 0.03904 0.08249 0.00390 ( 1)
 410 P   0.88442 0.03093 0.08160 0.00305 ( 1)
 411 W   0.86580 0.04646 0.08305 0.00469 ( 1)
 412 G   0.88360 0.03159 0.08169 0.00312 ( 1)
 413 N   0.89563 0.02212 0.08011 0.00214 ( 1)
 414 A   0.88494 0.03050 0.08155 0.00300 ( 1)
 415 P   0.86865 0.04403 0.08289 0.00443 ( 1)
 416 G   0.89386 0.02347 0.08039 0.00227 ( 1)
 417 A   0.87469 0.03894 0.08249 0.00389 ( 1)
 418 V   0.88496 0.03049 0.08155 0.00300 ( 1)
 419 A   0.89374 0.02356 0.08041 0.00228 ( 1)
 420 N   0.89536 0.02239 0.08009 0.00216 ( 1)
 421 R   0.86988 0.04298 0.08281 0.00432 ( 1)
 422 V   0.88496 0.03049 0.08155 0.00300 ( 1)
 423 A   0.89374 0.02356 0.08041 0.00228 ( 1)
 424 L   0.87304 0.04032 0.08261 0.00404 ( 1)
 425 E   0.89197 0.02493 0.08067 0.00242 ( 1)
 426 A   0.88494 0.03050 0.08155 0.00300 ( 1)
 427 C   0.88357 0.03162 0.08169 0.00312 ( 1)
 428 V   0.88496 0.03049 0.08155 0.00300 ( 1)
 429 Q   0.51560 0.39825 0.04714 0.03900 ( 1)
 430 A   0.89353 0.02377 0.08040 0.00230 ( 1)
 431 R   0.88358 0.03161 0.08169 0.00312 ( 1)
 432 N   0.89563 0.02212 0.08011 0.00214 ( 1)
 433 E   0.88131 0.03346 0.08192 0.00331 ( 1)
 434 G   0.87438 0.03869 0.08304 0.00388 ( 1)
 435 R   0.88358 0.03161 0.08169 0.00312 ( 1)
 436 D   0.89928 0.01938 0.07949 0.00186 ( 1)
 437 L   0.88561 0.02997 0.08147 0.00295 ( 1)
 438 A   0.89374 0.02356 0.08041 0.00228 ( 1)
 439 S   0.00000 0.79005 0.00000 0.20995 ( 2)
 440 E   0.88883 0.02513 0.08351 0.00252 ( 1)
 441 G   0.87744 0.03564 0.08335 0.00358 ( 1)
 442 N   0.89563 0.02212 0.08011 0.00214 ( 1)
 443 E   0.89149 0.02542 0.08063 0.00247 ( 1)
 444 I   0.89204 0.02488 0.08066 0.00242 ( 1)
 445 I   0.87441 0.03917 0.08251 0.00391 ( 1)
 446 R   0.88192 0.03327 0.08153 0.00328 ( 1)
 447 E   0.88131 0.03346 0.08192 0.00331 ( 1)
 448 A   0.89151 0.02578 0.08021 0.00250 ( 1)
 449 T   0.17199 0.09982 0.70631 0.02189 ( 3)
 450 K   0.88718 0.02871 0.08129 0.00282 ( 1)
 451 W   0.86580 0.04646 0.08305 0.00469 ( 1)
 452 S   0.87521 0.03848 0.08246 0.00384 ( 1)
 453 P   0.87263 0.04005 0.08329 0.00403 ( 1)
 454 E   0.89197 0.02493 0.08067 0.00242 ( 1)
 455 L   0.87304 0.04032 0.08261 0.00404 ( 1)
 456 A   0.89374 0.02356 0.08041 0.00228 ( 1)
 457 A   0.89374 0.02356 0.08041 0.00228 ( 1)
 458 A   0.89374 0.02356 0.08041 0.00228 ( 1)
 459 C   0.88357 0.03162 0.08169 0.00312 ( 1)
 460 E   0.89197 0.02493 0.08067 0.00242 ( 1)
 461 V   0.88496 0.03049 0.08155 0.00300 ( 1)
 462 W   0.86580 0.04646 0.08305 0.00469 ( 1)
 463 K   0.87613 0.03773 0.08237 0.00376 ( 1)
 464 E   0.88131 0.03346 0.08192 0.00331 ( 1)
 465 I   0.87441 0.03917 0.08251 0.00391 ( 1)
 466 K   0.88718 0.02871 0.08129 0.00282 ( 1)
 467 F   0.88762 0.02842 0.08117 0.00278 ( 1)
 468 E   0.58970 0.32609 0.05273 0.03148 ( 1)
 469 F   0.88791 0.02813 0.08120 0.00275 ( 1)
 470 Q   0.00342 0.91016 0.00030 0.08612 ( 2)
 471 A   0.88494 0.03050 0.08155 0.00300 ( 1)
 472 M   0.88233 0.03263 0.08182 0.00322 ( 1)
 473 D   0.89928 0.01938 0.07949 0.00186 ( 1)
 474 T   0.88912 0.02728 0.08093 0.00266 ( 1)
 475 L   0.86681 0.04559 0.08299 0.00460 ( 1)

