

TREE # 1

  0  0.0000   3015.892468  x:  0.00000   0.01352   0.04651   0.01563   0.05496   0.05723   0.03017   0.03178   0.05392   0.01575   0.04148   0.02031   0.01986   0.01808   0.01639   0.05250   0.04815   0.02374   0.04934   0.03378   0.06098   0.03804   0.00960   0.02587   0.00848   0.06456   0.04423   0.04088   0.06441   0.03917   2.00000   1.09989   0.02896   0.27919   2.57308  
  1 99.0000   3015.881817  x:  0.00000   0.01352   0.04651   0.01563   0.05496   0.05723   0.03017   0.03178   0.05392   0.01575   0.04148   0.02031   0.01986   0.01808   0.01639   0.05249   0.04815   0.02374   0.04934   0.03378   0.06098   0.03804   0.00960   0.02587   0.00848   0.06456   0.04423   0.04088   0.06440   0.03917   2.00000   1.09989   0.02896   0.27919   2.57308  
  2 1710.1727   2926.359847  x:  0.00000   0.01355   0.03102   0.00001   0.03945   0.04515   0.02248   0.01613   0.03830   0.00000   0.02729   0.00457   0.00831   0.01841   0.00559   0.04114   0.03599   0.01416   0.04347   0.02796   0.04810   0.03425   0.00745   0.02702   0.00686   0.05579   0.04126   0.03635   0.05126   0.03422   2.00013   1.10045   0.02841   0.27546   2.57307  
  3 10840.3527   2926.343967  x:  0.00000   0.01355   0.03102   0.00000   0.03944   0.04515   0.02248   0.01613   0.03830   0.00000   0.02729   0.00457   0.00831   0.01841   0.00559   0.04114   0.03599   0.01415   0.04347   0.02796   0.04809   0.03425   0.00745   0.02702   0.00686   0.05579   0.04126   0.03635   0.05125   0.03422   2.00013   1.10045   0.02841   0.27546   2.57307  
  4 23180.2388   2907.907153  x:  0.00000   0.01304   0.02649   0.00000   0.03493   0.04191   0.02189   0.01161   0.03376   0.00000   0.02369   0.00000   0.00761   0.01819   0.00414   0.03887   0.03317   0.01306   0.04235   0.02698   0.04481   0.03352   0.00664   0.02713   0.00607   0.05383   0.04059   0.03525   0.04784   0.03386   2.00018   1.10070   0.02816   0.27595   2.57307  
  5 62040.2112   2872.459548  x:  0.00000   0.01228   0.01498   0.00000   0.02328   0.03464   0.01880   0.00000   0.02213   0.00000   0.01821   0.00000   0.00671   0.01869   0.00231   0.03729   0.02943   0.01103   0.03905   0.02327   0.03856   0.03041   0.00825   0.03137   0.00745   0.05024   0.03802   0.03047   0.04118   0.03413   2.00030   1.10097   0.02791   0.27571   2.57307  
  6 8781.9550   2839.495412  x:  0.00000   0.01475   0.00000   0.00000   0.00791   0.02721   0.01700   0.00000   0.00685   0.00000   0.01495   0.00000   0.00269   0.01821   0.00018   0.03763   0.02746   0.00954   0.03593   0.02135   0.03294   0.02837   0.00681   0.02854   0.00616   0.04703   0.03596   0.02655   0.03472   0.03403   2.00048   1.10095   0.02798   0.27358   2.57306  
  7 5616.3479   2838.705702  x:  0.00000   0.01481   0.00000   0.00000   0.00745   0.02701   0.01695   0.00000   0.00639   0.00000   0.01486   0.00000   0.00276   0.01820   0.00000   0.03759   0.02738   0.00944   0.03585   0.02132   0.03278   0.02834   0.00680   0.02844   0.00615   0.04692   0.03593   0.02650   0.03453   0.03404   2.00049   1.10095   0.02799   0.27343   2.57306  
  8 7957.5946   2829.092349  x:  0.00000   0.01431   0.00000   0.00000   0.00103   0.02431   0.01768   0.00000   0.00000   0.00000   0.01379   0.00000   0.00273   0.01809   0.00000   0.03695   0.02615   0.00889   0.03513   0.02120   0.03080   0.02833   0.00682   0.02813   0.00612   0.04554   0.03581   0.02649   0.03225   0.03402   2.00056   1.10083   0.02813   0.27116   2.57306  
  9 12171.8813   2828.195734  x:  0.00000   0.01434   0.00000   0.00000   0.00000   0.02415   0.01752   0.00000   0.00000   0.00000   0.01362   0.00000   0.00272   0.01807   0.00000   0.03676   0.02596   0.00909   0.03515   0.02121   0.03056   0.02835   0.00678   0.02818   0.00607   0.04540   0.03582   0.02652   0.03197   0.03404   2.00057   1.10083   0.02814   0.27091   2.57306  
 10 4013.4918   2815.883445  x:  0.00000   0.01500   0.00000   0.00000   0.00000   0.03083   0.01605   0.00000   0.00000   0.00000   0.00658   0.00000   0.00106   0.01746   0.00000   0.02460   0.01859   0.00116   0.04166   0.02142   0.02103   0.02853   0.00413   0.03348   0.00296   0.04439   0.03626   0.02418   0.02120   0.03483   2.00139   1.10234   0.02681   0.26790   2.57303  
 11 585.1468   2809.509152  x:  0.00000   0.01411   0.00000   0.00000   0.00000   0.04099   0.02165   0.00000   0.00000   0.00000   0.00186   0.00000   0.00068   0.01778   0.00000   0.01238   0.01319   0.00256   0.04101   0.01426   0.01373   0.02356   0.00386   0.03004   0.00434   0.04370   0.03315   0.01448   0.01437   0.03426   2.00213   1.10426   0.02503   0.26491   2.57300  
 12 685.7219   2808.653976  x:  0.00000   0.01390   0.00000   0.00000   0.00000   0.04244   0.02219   0.00000   0.00000   0.00000   0.00586   0.00000   0.00056   0.01771   0.00000   0.01045   0.01064   0.00266   0.03952   0.01304   0.01117   0.02198   0.00437   0.02945   0.00370   0.04237   0.03180   0.01364   0.01199   0.03421   2.00239   1.10531   0.02402   0.26515   2.57299  
 13 360.7935   2807.988623  x:  0.00000   0.01401   0.00000   0.00000   0.00000   0.04333   0.02235   0.00000   0.00000   0.00000   0.00638   0.00000   0.00054   0.01764   0.00373   0.01130   0.00942   0.00267   0.03755   0.01265   0.01008   0.02065   0.00457   0.02912   0.00319   0.04108   0.03041   0.01384   0.01099   0.03427   2.00265   1.10640   0.02296   0.26541   2.57298  
 14 338.3299   2805.218811  x:  0.00000   0.01367   0.00000   0.00000   0.00000   0.04489   0.02161   0.00000   0.00000   0.00000   0.00480   0.00000   0.00032   0.01703   0.00120   0.01458   0.00875   0.00242   0.02477   0.01332   0.00883   0.01517   0.00420   0.02774   0.00236   0.03376   0.02301   0.01632   0.00938   0.03456   2.00402   1.11250   0.01701   0.26715   2.57294  
 15 251.2358   2803.862953  x:  0.00000   0.01527   0.00000   0.00000   0.00000   0.04137   0.02174   0.00000   0.00000   0.00000   0.00513   0.00000   0.00051   0.01652   0.00080   0.01555   0.00936   0.00221   0.02075   0.01188   0.00970   0.01665   0.00155   0.02810   0.00314   0.03017   0.02193   0.01299   0.00987   0.03486   2.00488   1.11643   0.01318   0.26747   2.57291  
 16 240.7751   2802.888244  x:  0.00161   0.01517   0.00000   0.00000   0.00000   0.03787   0.02104   0.00000   0.00000   0.00000   0.00496   0.00000   0.00057   0.01576   0.00048   0.01608   0.01042   0.00205   0.01883   0.01053   0.01075   0.01760   0.00286   0.02723   0.00115   0.02785   0.02177   0.00976   0.01073   0.03465   2.00560   1.11976   0.00993   0.26740   2.57289  
 17 504.5624   2800.342789  x:  0.01295   0.01036   0.00000   0.00000   0.00000   0.02671   0.01620   0.00000   0.00000   0.00000   0.00521   0.00000   0.00033   0.01291   0.00029   0.01793   0.01350   0.00135   0.01653   0.00822   0.01298   0.01711   0.00301   0.02173   0.00269   0.02312   0.02172   0.00183   0.01314   0.03360   2.00781   1.13005  -0.00013   0.26674   2.57281  
 18 694.8791   2799.676006  x:  0.01475   0.01023   0.00000   0.00000   0.00000   0.02491   0.01588   0.00000   0.00000   0.00000   0.00522   0.00000   0.00039   0.01313   0.00003   0.01854   0.01364   0.00127   0.01655   0.00897   0.01298   0.01629   0.00303   0.02113   0.00265   0.02293   0.02149   0.00000   0.01328   0.03355   2.00816   1.13171  -0.00175   0.26627   2.57280  
 19 680.5024   2799.676006  x:  0.01475   0.01023   0.00000   0.00000   0.00000   0.02491   0.01588   0.00000   0.00000   0.00000   0.00522   0.00000   0.00039   0.01313   0.00003   0.01854   0.01364   0.00127   0.01655   0.00897   0.01298   0.01629   0.00303   0.02113   0.00265   0.02293   0.02149   0.00000   0.01328   0.03355   2.00816   1.13171  -0.00175   0.26627   2.57280  
 20 279.6929   2798.932002  x:  0.01476   0.01020   0.00000   0.00000   0.00000   0.02486   0.01585   0.00000   0.00000   0.00000   0.00518   0.00000   0.00071   0.01314   0.00000   0.01851   0.01361   0.00144   0.01658   0.00901   0.01295   0.01631   0.00302   0.02115   0.00264   0.02292   0.02151   0.00001   0.01324   0.03362   2.00816   1.13171  -0.00175   0.26625   2.57280  
 21 2525.7417   2796.306909  x:  0.01488   0.00957   0.00000   0.00000   0.00000   0.02352   0.01528   0.00000   0.00000   0.00000   0.00413   0.00000   0.00018   0.01318   0.00000   0.01777   0.01267   0.00459   0.01723   0.00991   0.01211   0.01671   0.00283   0.02178   0.00247   0.02276   0.02194   0.00013   0.01235   0.03549   2.00818   1.13176  -0.00180   0.26582   2.57280  
 22 1443.2837   2789.066580  x:  0.01529   0.00730   0.00000   0.00000   0.00000   0.01837   0.01315   0.00000   0.00000   0.00000   0.00048   0.00000   0.00028   0.01332   0.00000   0.01502   0.00918   0.00381   0.01955   0.01283   0.00900   0.01817   0.00224   0.02410   0.00197   0.02214   0.02354   0.00054   0.00903   0.04231   2.00826   1.13196  -0.00200   0.26415   2.57280  
 23 1557.2302   2784.055983  x:  0.01575   0.00463   0.00000   0.00000   0.00000   0.01154   0.01049   0.00000   0.00000   0.00000   0.00282   0.00000   0.00036   0.01350   0.00000   0.01152   0.00483   0.00308   0.02241   0.01620   0.00514   0.01997   0.00178   0.02701   0.00157   0.02133   0.02556   0.00100   0.00488   0.05097   2.00836   1.13224  -0.00226   0.26189   2.57280  
 24 4001.4520   2782.333246  x:  0.01557   0.00692   0.00000   0.00000   0.00000   0.00643   0.00994   0.00000   0.00000   0.00000   0.00301   0.00000   0.00037   0.01351   0.00000   0.01016   0.00616   0.00297   0.02333   0.01606   0.00614   0.02060   0.00411   0.02844   0.00350   0.02085   0.02659   0.00082   0.00585   0.05612   2.00847   1.13252  -0.00253   0.25953   2.57279  
 25 582.1601   2781.564138  x:  0.01532   0.00756   0.00000   0.00000   0.00000   0.00478   0.01045   0.00000   0.00000   0.00000   0.00317   0.00000   0.00038   0.01348   0.00000   0.01032   0.00724   0.00290   0.02342   0.01482   0.00727   0.02067   0.00246   0.02906   0.00175   0.02062   0.02701   0.00057   0.00700   0.05959   2.00858   1.13283  -0.00283   0.25698   2.57279  
 26 371.5316   2780.668392  x:  0.01500   0.00740   0.00000   0.00000   0.00000   0.00717   0.01159   0.00000   0.00000   0.00000   0.00333   0.00000   0.00039   0.01341   0.00000   0.01128   0.00777   0.00284   0.02317   0.01201   0.00790   0.02054   0.00137   0.03001   0.00294   0.02031   0.02770   0.00025   0.00772   0.06656   2.00888   1.13362  -0.00360   0.25041   2.57278  
 27 349.8586   2780.249787  x:  0.01495   0.00703   0.00000   0.00000   0.00000   0.00838   0.01223   0.00000   0.00000   0.00000   0.00338   0.00000   0.00039   0.01338   0.00000   0.01202   0.00782   0.00282   0.02274   0.01067   0.00807   0.02028   0.00283   0.03022   0.00192   0.02025   0.02784   0.00020   0.00790   0.06991   2.00907   1.13414  -0.00410   0.24610   2.57277  
 28 706.4705   2777.411997  x:  0.01717   0.00903   0.00000   0.00000   0.00000   0.00765   0.01357   0.00000   0.00000   0.00000   0.00352   0.00000   0.00041   0.01352   0.00000   0.01722   0.00771   0.00271   0.01474   0.01378   0.00687   0.01548   0.00288   0.02448   0.00227   0.02288   0.02383   0.00242   0.00671   0.07864   2.01098   1.13940  -0.00916   0.20250   2.57271  
 29 279.2799   2766.510814  x:  0.01475   0.00723   0.00000   0.00000   0.00000   0.00786   0.01187   0.00000   0.00000   0.00000   0.00368   0.00000   0.00042   0.01392   0.00000   0.01850   0.00772   0.00261   0.01571   0.01535   0.00918   0.01551   0.00326   0.01643   0.00277   0.02637   0.01852   0.00000   0.00761   0.08483   2.01551   1.15206  -0.02138   0.09771   2.57256  
 30 1174.0754   2766.510814  x:  0.01475   0.00723   0.00000   0.00000   0.00000   0.00786   0.01187   0.00000   0.00000   0.00000   0.00368   0.00000   0.00042   0.01392   0.00000   0.01850   0.00772   0.00261   0.01571   0.01535   0.00918   0.01551   0.00326   0.01643   0.00277   0.02637   0.01852   0.00000   0.00761   0.08483   2.01551   1.15206  -0.02138   0.09771   2.57256  
 31 35516.1481   2765.075280  x:  0.01485   0.00721   0.00000   0.00000   0.00000   0.00777   0.01182   0.00000   0.00000   0.00000   0.00338   0.00000   0.00409   0.01393   0.00000   0.01819   0.00764   0.00324   0.01611   0.01528   0.00902   0.01578   0.00324   0.01706   0.00269   0.02624   0.01891   0.00010   0.00753   0.08473   2.01551   1.15209  -0.02141   0.09745   2.57256  
 32 2052.1442   2761.803730  x:  0.01575   0.00696   0.00000   0.00000   0.00000   0.00699   0.01135   0.00000   0.00000   0.00000   0.00083   0.00000   0.00365   0.01398   0.00000   0.01529   0.00696   0.00692   0.01975   0.01464   0.00754   0.01831   0.00295   0.02283   0.00200   0.02502   0.02252   0.00100   0.00680   0.08368   2.01558   1.15243  -0.02174   0.09494   2.57256  
 33 612.9622   2760.352927  x:  0.01640   0.00680   0.00000   0.00000   0.00000   0.00645   0.01096   0.00000   0.00000   0.00000   0.00375   0.00000   0.00344   0.01403   0.00000   0.01260   0.00649   0.00874   0.02285   0.01408   0.00636   0.02050   0.00262   0.02775   0.00176   0.02385   0.02573   0.00165   0.00626   0.08262   2.01565   1.15279  -0.02208   0.09233   2.57255  
 34 1465.1087   2759.003550  x:  0.01605   0.00714   0.00000   0.00000   0.00000   0.00728   0.01100   0.00000   0.00000   0.00000   0.00329   0.00000   0.00368   0.01413   0.00000   0.01026   0.00724   0.00417   0.02491   0.01383   0.00714   0.02207   0.00256   0.03146   0.00388   0.02229   0.02865   0.00130   0.00675   0.08084   2.01579   1.15349  -0.02276   0.08708   2.57254  
 35 372.9275   2758.338719  x:  0.01562   0.00722   0.00000   0.00000   0.00000   0.00750   0.01121   0.00000   0.00000   0.00000   0.00319   0.00000   0.00376   0.01420   0.00000   0.01057   0.00744   0.00273   0.02520   0.01399   0.00771   0.02228   0.00248   0.03249   0.00159   0.02144   0.02969   0.00087   0.00707   0.07934   2.01592   1.15418  -0.02342   0.08186   2.57253  
 36 310.6713   2756.633327  x:  0.01475   0.00740   0.00000   0.00000   0.00000   0.00799   0.01167   0.00000   0.00000   0.00000   0.00332   0.00000   0.00372   0.01431   0.00000   0.01184   0.00785   0.00335   0.02485   0.01444   0.00876   0.02207   0.00264   0.03322   0.00166   0.02013   0.03099   0.00000   0.00771   0.07621   2.01621   1.15574  -0.02492   0.07017   2.57252  
 37 664.9374   2748.561741  x:  0.01687   0.00683   0.00000   0.00000   0.00000   0.00650   0.01205   0.00000   0.00000   0.00000   0.00324   0.00000   0.00378   0.01471   0.00000   0.01540   0.00645   0.00250   0.02214   0.01585   0.00735   0.02030   0.00039   0.03412   0.00271   0.01755   0.03474   0.00212   0.00715   0.06031   2.01795   1.16509  -0.03395   0.00000   2.57240  
 38 2478.2208   2748.546807  x:  0.01696   0.00681   0.00000   0.00000   0.00000   0.00644   0.01206   0.00000   0.00000   0.00000   0.00324   0.00000   0.00378   0.01472   0.00000   0.01551   0.00640   0.00246   0.02204   0.01589   0.00729   0.02024   0.00046   0.03415   0.00274   0.01747   0.03487   0.00221   0.00712   0.05971   2.01801   1.16546  -0.03430   0.00000   2.57240  
 39 942.4803   2748.485572  x:  0.01706   0.00704   0.00000   0.00000   0.00000   0.00694   0.01184   0.00000   0.00000   0.00000   0.00325   0.00000   0.00377   0.01472   0.00000   0.01477   0.00692   0.00265   0.02184   0.01577   0.00733   0.02017   0.00046   0.03385   0.00255   0.01805   0.03498   0.00231   0.00703   0.05746   2.01841   1.16768  -0.03644   0.00000   2.57237  
 40 84.7475   2748.415261  x:  0.01642   0.00680   0.00000   0.00000   0.00000   0.00635   0.01180   0.00000   0.00000   0.00000   0.00323   0.00000   0.00377   0.01465   0.00000   0.01403   0.00625   0.00268   0.02210   0.01551   0.00756   0.02038   0.00045   0.03350   0.00252   0.01856   0.03477   0.00167   0.00725   0.05592   2.01901   1.17105  -0.03968   0.00000   2.57233  
 41 95.2671   2747.975310  x:  0.01542   0.00627   0.00000   0.00000   0.00000   0.00654   0.01282   0.00000   0.00000   0.00000   0.00322   0.00000   0.00379   0.01414   0.00000   0.01480   0.00727   0.00258   0.02471   0.01480   0.00572   0.02180   0.00045   0.03298   0.00265   0.01683   0.03297   0.00067   0.00728   0.05372   2.02345   1.19602  -0.06376   0.00000   2.57203  
 42 137.2075   2747.036831  x:  0.01649   0.00761   0.00000   0.00000   0.00000   0.00702   0.01345   0.00000   0.00000   0.00000   0.00343   0.00000   0.00378   0.01381   0.00000   0.01630   0.00651   0.00282   0.02828   0.01448   0.00908   0.02354   0.00042   0.03362   0.00279   0.01393   0.03072   0.00174   0.00729   0.05121   2.03378   1.25416  -0.11980   0.00000   2.57133  
 43 1276.4239   2744.779650  x:  0.01475   0.00541   0.00000   0.00000   0.00000   0.00714   0.01151   0.00000   0.00000   0.00000   0.00382   0.00000   0.00381   0.01601   0.00000   0.02057   0.00800   0.00258   0.02659   0.01862   0.01014   0.02138   0.00034   0.04164   0.00332   0.01717   0.03603   0.00000   0.00914   0.05038   2.06011   1.40200  -0.26228   0.00000   2.56955  
 44 1576.7242   2744.779650  x:  0.01475   0.00541   0.00000   0.00000   0.00000   0.00714   0.01151   0.00000   0.00000   0.00000   0.00382   0.00000   0.00381   0.01601   0.00000   0.02057   0.00800   0.00258   0.02659   0.01862   0.01014   0.02138   0.00034   0.04164   0.00332   0.01717   0.03603   0.00000   0.00914   0.05038   2.06011   1.40200  -0.26228   0.00000   2.56955  
 45 1398.0836   2743.407708  x:  0.01487   0.00567   0.00000   0.00000   0.00000   0.00713   0.01149   0.00000   0.00000   0.00000   0.00349   0.00000   0.00347   0.01591   0.00000   0.02020   0.00790   0.00328   0.02650   0.01842   0.00992   0.02138   0.00396   0.04144   0.00314   0.01739   0.03586   0.00012   0.00895   0.05076   2.06011   1.40203  -0.26230   0.00000   2.56954  
 46 1889.8818   2741.515827  x:  0.01560   0.00712   0.00000   0.00000   0.00000   0.00709   0.01131   0.00000   0.00000   0.00000   0.00146   0.00000   0.00146   0.01525   0.00000   0.01766   0.00725   0.00603   0.02592   0.01706   0.00832   0.02136   0.00366   0.03995   0.00151   0.01891   0.03470   0.00086   0.00767   0.05341   2.06013   1.40218  -0.26243   0.00000   2.56954  
 47 527.0883   2739.968062  x:  0.01650   0.00849   0.00000   0.00000   0.00000   0.00703   0.01104   0.00000   0.00000   0.00000   0.00324   0.00000   0.00325   0.01414   0.00000   0.01298   0.00642   0.00748   0.02484   0.01465   0.00585   0.02131   0.00352   0.03709   0.00152   0.02145   0.03253   0.00175   0.00576   0.05835   2.06017   1.40249  -0.26272   0.00000   2.56953  
 48 659.1011   2739.032482  x:  0.01651   0.00787   0.00000   0.00000   0.00000   0.00703   0.01097   0.00000   0.00000   0.00000   0.00235   0.00000   0.00234   0.01351   0.00000   0.00956   0.00671   0.00529   0.02391   0.01305   0.00612   0.02127   0.00365   0.03420   0.00346   0.02308   0.03046   0.00176   0.00584   0.06312   2.06022   1.40286  -0.26307   0.00000   2.56952  
 49 439.3374   2738.594397  x:  0.01621   0.00713   0.00000   0.00000   0.00000   0.00702   0.01101   0.00000   0.00000   0.00000   0.00243   0.00000   0.00243   0.01344   0.00000   0.00933   0.00697   0.00412   0.02341   0.01277   0.00695   0.02122   0.00378   0.03219   0.00167   0.02358   0.02906   0.00146   0.00641   0.06644   2.06026   1.40320  -0.26339   0.00000   2.56952  
 50 301.2688   2738.279123  x:  0.01570   0.00657   0.00000   0.00000   0.00000   0.00702   0.01113   0.00000   0.00000   0.00000   0.00254   0.00000   0.00252   0.01375   0.00000   0.01132   0.00707   0.00513   0.02304   0.01342   0.00740   0.02115   0.00370   0.02978   0.00229   0.02356   0.02758   0.00095   0.00688   0.07074   2.06034   1.40380  -0.26394   0.00000   2.56950  
 51 216.1576   2738.209060  x:  0.01584   0.00723   0.00000   0.00000   0.00000   0.00704   0.01114   0.00000   0.00000   0.00000   0.00242   0.00000   0.00245   0.01404   0.00000   0.01186   0.00692   0.00450   0.02326   0.01406   0.00687   0.02115   0.00374   0.02952   0.00235   0.02290   0.02761   0.00109   0.00650   0.07222   2.06040   1.40422  -0.26433   0.00000   2.56949  
 52 87.2922   2738.158581  x:  0.01609   0.00700   0.00000   0.00000   0.00000   0.00705   0.01112   0.00000   0.00000   0.00000   0.00260   0.00000   0.00235   0.01426   0.00000   0.01138   0.00707   0.00473   0.02385   0.01450   0.00706   0.02119   0.00372   0.03007   0.00234   0.02164   0.02832   0.00134   0.00648   0.07392   2.06052   1.40509  -0.26514   0.00000   2.56947  
 53 54.7187   2738.149075  x:  0.01604   0.00697   0.00000   0.00000   0.00000   0.00705   0.01112   0.00000   0.00000   0.00000   0.00238   0.00000   0.00258   0.01423   0.00000   0.01135   0.00704   0.00476   0.02394   0.01444   0.00707   0.02121   0.00372   0.03028   0.00234   0.02149   0.02851   0.00130   0.00652   0.07426   2.06056   1.40540  -0.26542   0.00000   2.56947  
 54 58.4004   2738.125729  x:  0.01571   0.00705   0.00000   0.00000   0.00000   0.00704   0.01114   0.00000   0.00000   0.00000   0.00248   0.00000   0.00246   0.01399   0.00000   0.01157   0.00684   0.00471   0.02407   0.01392   0.00699   0.02125   0.00372   0.03105   0.00233   0.02150   0.02906   0.00096   0.00665   0.07510   2.06072   1.40658  -0.26653   0.00000   2.56944  
 55 54.7672   2738.091547  x:  0.01608   0.00703   0.00000   0.00000   0.00000   0.00707   0.01116   0.00000   0.00000   0.00000   0.00247   0.00000   0.00248   0.01394   0.00000   0.01200   0.00744   0.00462   0.02385   0.01380   0.00713   0.02128   0.00372   0.03195   0.00234   0.02227   0.02947   0.00133   0.00648   0.07578   2.06110   1.40938  -0.26912   0.00000   2.56938  
 56 45.6755   2737.988633  x:  0.01622   0.00670   0.00000   0.00000   0.00000   0.00707   0.01117   0.00000   0.00000   0.00000   0.00246   0.00000   0.00246   0.01452   0.00000   0.01180   0.00637   0.00455   0.02326   0.01499   0.00731   0.02129   0.00372   0.03309   0.00234   0.02365   0.02964   0.00147   0.00671   0.07634   2.06239   1.41883  -0.27790   0.00000   2.56916  
 57 109.3407   2737.636986  x:  0.01475   0.00742   0.00000   0.00000   0.00000   0.00699   0.01113   0.00000   0.00000   0.00000   0.00251   0.00000   0.00251   0.01524   0.00000   0.01071   0.00779   0.00482   0.02265   0.01655   0.00682   0.02124   0.00370   0.03383   0.00220   0.02434   0.02901   0.00000   0.00688   0.07628   2.06674   1.45081  -0.30759   0.00000   2.56841  
 58 385.5926   2735.489046  x:  0.01592   0.00657   0.00000   0.00000   0.00000   0.00683   0.01082   0.00000   0.00000   0.00000   0.00232   0.00000   0.00232   0.01285   0.00000   0.01109   0.00660   0.00458   0.02271   0.01323   0.00629   0.02061   0.00369   0.03128   0.00219   0.02033   0.02415   0.00118   0.00642   0.07280   2.09518   1.65951  -0.50129   0.00000   2.56355  
 59 1492.2693   2735.378848  x:  0.01576   0.00695   0.00000   0.00000   0.00000   0.00661   0.01096   0.00000   0.00000   0.00000   0.00235   0.00000   0.00235   0.01327   0.00000   0.01104   0.00639   0.00461   0.02279   0.01294   0.00721   0.02034   0.00368   0.02980   0.00220   0.02065   0.02588   0.00101   0.00564   0.07253   2.09667   1.67035  -0.51132   0.00000   2.56329  
 60 405.9241   2735.334771  x:  0.01584   0.00671   0.00000   0.00000   0.00000   0.00673   0.01097   0.00000   0.00000   0.00000   0.00233   0.00000   0.00233   0.01338   0.00000   0.01103   0.00650   0.00459   0.02284   0.01292   0.00666   0.02018   0.00369   0.02882   0.00215   0.02095   0.02717   0.00110   0.00612   0.07240   2.09728   1.67466  -0.51529   0.00000   2.56318  
 61 233.9483   2735.333765  x:  0.01582   0.00667   0.00000   0.00000   0.00000   0.00672   0.01090   0.00000   0.00000   0.00000   0.00233   0.00000   0.00233   0.01320   0.00000   0.01103   0.00650   0.00458   0.02283   0.01301   0.00665   0.02022   0.00369   0.02878   0.00214   0.02096   0.02723   0.00108   0.00607   0.07239   2.09731   1.67477  -0.51537   0.00000   2.56317  
 62  9.9432   2735.333700  x:  0.01583   0.00669   0.00000   0.00000   0.00000   0.00673   0.01091   0.00000   0.00000   0.00000   0.00233   0.00000   0.00233   0.01318   0.00000   0.01103   0.00650   0.00459   0.02282   0.01302   0.00666   0.02024   0.00369   0.02877   0.00215   0.02096   0.02724   0.00109   0.00609   0.07239   2.09733   1.67478  -0.51537   0.00000   2.56316  
 63  2.5743   2735.333616  x:  0.01583   0.00669   0.00000   0.00000   0.00000   0.00673   0.01094   0.00000   0.00000   0.00000   0.00233   0.00000   0.00233   0.01319   0.00000   0.01103   0.00650   0.00459   0.02279   0.01301   0.00666   0.02030   0.00369   0.02877   0.00214   0.02095   0.02725   0.00108   0.00609   0.07239   2.09742   1.67484  -0.51531   0.00000   2.56312  
 64  1.1763   2735.333088  x:  0.01583   0.00669   0.00000   0.00000   0.00000   0.00672   0.01081   0.00000   0.00000   0.00000   0.00233   0.00000   0.00233   0.01324   0.00000   0.01104   0.00650   0.00459   0.02273   0.01299   0.00666   0.02039   0.00369   0.02877   0.00214   0.02092   0.02726   0.00109   0.00609   0.07239   2.09821   1.67534  -0.51477   0.00000   2.56280  
 65  3.6967   2735.284882  x:  0.01576   0.00671   0.00000   0.00000   0.00000   0.00735   0.01088   0.00000   0.00000   0.00000   0.00231   0.00000   0.00231   0.01318   0.00000   0.01101   0.00650   0.00459   0.02170   0.01302   0.00672   0.01979   0.00365   0.02888   0.00211   0.02055   0.02739   0.00105   0.00601   0.07234   2.17263   1.72181  -0.46427   0.00000   2.53204  
 66 36.9905   2735.243588  x:  0.01577   0.00669   0.00000   0.00000   0.00000   0.00643   0.01098   0.00000   0.00000   0.00000   0.00230   0.00000   0.00229   0.01317   0.00000   0.01101   0.00655   0.00457   0.02167   0.01309   0.00664   0.01968   0.00363   0.02892   0.00208   0.02057   0.02740   0.00107   0.00613   0.07230   2.23406   1.76018  -0.42256   0.00000   2.50665  
 67 2285.1204   2735.214584  x:  0.01572   0.00669   0.00000   0.00000   0.00000   0.00671   0.01094   0.00000   0.00000   0.00000   0.00229   0.00000   0.00229   0.01328   0.00000   0.01102   0.00656   0.00456   0.02284   0.01317   0.00670   0.02028   0.00361   0.02888   0.00205   0.02105   0.02723   0.00103   0.00612   0.07226   2.27889   1.78822  -0.39211   0.00000   2.48810  
 68 1218.6773   2734.739643  x:  0.01489   0.00670   0.00000   0.00000   0.00000   0.00668   0.01109   0.00000   0.00000   0.00000   0.00204   0.00000   0.00204   0.01383   0.00000   0.01101   0.00698   0.00443   0.02218   0.01427   0.00701   0.02015   0.00300   0.02981   0.00156   0.02137   0.02729   0.00067   0.00646   0.07114   2.19215   2.72115   0.49185   0.00000   1.91178  
 69  1.1052   2734.636324  x:  0.01508   0.00669   0.00000   0.00000   0.00000   0.00668   0.01104   0.00000   0.00000   0.00000   0.00217   0.00000   0.00217   0.01333   0.00000   0.01100   0.00667   0.00452   0.02268   0.01338   0.00681   0.02020   0.00268   0.02922   0.00215   0.02091   0.02734   0.00118   0.00632   0.07137   2.16953   2.97724   0.78249   0.00000   1.76685  
 70  0.3434   2734.626671  x:  0.01518   0.00670   0.00000   0.00000   0.00000   0.00669   0.01104   0.00000   0.00000   0.00000   0.00224   0.00000   0.00224   0.01337   0.00000   0.01107   0.00665   0.00452   0.02269   0.01340   0.00677   0.02023   0.00257   0.02916   0.00191   0.02100   0.02733   0.00124   0.00624   0.07183   2.16888   3.03962   0.85653   0.00000   1.76541  
 71  0.0958   2734.622700  x:  0.01521   0.00666   0.00000   0.00000   0.00000   0.00670   0.01106   0.00000   0.00000   0.00000   0.00220   0.00000   0.00220   0.01347   0.00000   0.01101   0.00671   0.00438   0.02263   0.01353   0.00684   0.02024   0.00245   0.02927   0.00194   0.02105   0.02736   0.00111   0.00626   0.07183   2.17126   3.09699   0.91487   0.00000   1.81804  
 72  0.0528   2734.617366  x:  0.01546   0.00670   0.00000   0.00000   0.00000   0.00669   0.01105   0.00000   0.00000   0.00000   0.00220   0.00000   0.00220   0.01338   0.00000   0.01101   0.00667   0.00450   0.02263   0.01342   0.00679   0.02020   0.00229   0.02924   0.00194   0.02098   0.02737   0.00080   0.00628   0.07151   2.17258   3.14095   0.95040   0.00000   2.04383  
 73  0.0664   2734.611912  x:  0.01599   0.00667   0.00000   0.00000   0.00000   0.00669   0.01102   0.00000   0.00000   0.00000   0.00223   0.00000   0.00223   0.01341   0.00000   0.01111   0.00668   0.00439   0.02268   0.01346   0.00682   0.02023   0.00235   0.02923   0.00197   0.02094   0.02735   0.00042   0.00627   0.07183   2.16851   3.13913   0.95156   0.00000   2.38533  
 74  0.1072   2734.606233  x:  0.01637   0.00666   0.00000   0.00000   0.00000   0.00669   0.01104   0.00000   0.00000   0.00000   0.00222   0.00000   0.00222   0.01343   0.00000   0.01105   0.00668   0.00441   0.02267   0.01347   0.00682   0.02024   0.00233   0.02923   0.00195   0.02100   0.02735   0.00000   0.00626   0.07182   2.17023   3.25002   1.06412   0.00000   2.61284  
 75  0.1809   2734.606185  x:  0.01643   0.00666   0.00000   0.00000   0.00000   0.00669   0.01104   0.00000   0.00000   0.00000   0.00222   0.00000   0.00222   0.01343   0.00000   0.01105   0.00668   0.00441   0.02267   0.01347   0.00682   0.02024   0.00233   0.02923   0.00195   0.02100   0.02735   0.00000   0.00625   0.07182   2.17028   3.25366   1.06782   0.00000   2.62033  
 76 178.8165   2734.594198  x:  0.01629   0.00668   0.00000   0.00000   0.00000   0.00669   0.01106   0.00000   0.00000   0.00000   0.00220   0.00000   0.00220   0.01340   0.00000   0.01100   0.00668   0.00446   0.02265   0.01344   0.00680   0.02023   0.00242   0.02923   0.00193   0.02102   0.02737   0.00000   0.00626   0.07170   2.17215   3.73423   1.54819   0.00000   3.70586  
 77  0.9076   2734.594184  x:  0.01629   0.00668   0.00000   0.00000   0.00000   0.00669   0.01107   0.00000   0.00000   0.00000   0.00220   0.00000   0.00220   0.01340   0.00000   0.01100   0.00668   0.00446   0.02265   0.01344   0.00680   0.02023   0.00242   0.02923   0.00193   0.02102   0.02737   0.00004   0.00626   0.07170   2.17216   3.73652   1.55048   0.00000   3.71104  
 78 149.3603   2734.593220  x:  0.01627   0.00668   0.00000   0.00000   0.00000   0.00669   0.01103   0.00000   0.00000   0.00000   0.00221   0.00000   0.00222   0.01343   0.00000   0.01106   0.00668   0.00445   0.02264   0.01348   0.00681   0.02023   0.00246   0.02922   0.00195   0.02102   0.02734   0.00003   0.00626   0.07175   2.17043   3.74762   1.56297   0.00000   3.99109  
 79  0.1163   2734.592940  x:  0.01631   0.00668   0.00000   0.00000   0.00000   0.00669   0.01104   0.00000   0.00000   0.00000   0.00221   0.00000   0.00221   0.01341   0.00000   0.01105   0.00668   0.00445   0.02265   0.01345   0.00681   0.02023   0.00245   0.02923   0.00194   0.02099   0.02735   0.00000   0.00627   0.07174   2.17101   3.78347   1.59762   0.00000   4.16718  
 80  0.1405   2734.592884  x:  0.01634   0.00668   0.00000   0.00000   0.00000   0.00669   0.01105   0.00000   0.00000   0.00000   0.00221   0.00000   0.00221   0.01341   0.00000   0.01104   0.00668   0.00445   0.02265   0.01345   0.00681   0.02023   0.00244   0.02923   0.00194   0.02100   0.02736   0.00000   0.00626   0.07173   2.17117   3.80074   1.61471   0.00000   4.26749  
 81  0.1066   2734.592880  x:  0.01633   0.00668   0.00000   0.00000   0.00000   0.00669   0.01105   0.00000   0.00000   0.00000   0.00221   0.00000   0.00221   0.01341   0.00000   0.01104   0.00668   0.00445   0.02265   0.01346   0.00681   0.02023   0.00244   0.02923   0.00194   0.02101   0.02736   0.00000   0.00626   0.07173   2.17122   3.80444   1.61864   0.00000   4.28458  
 82  0.0168   2734.592878  x:  0.01633   0.00668   0.00000   0.00000   0.00000   0.00669   0.01105   0.00000   0.00000   0.00000   0.00221   0.00000   0.00221   0.01341   0.00000   0.01104   0.00668   0.00445   0.02265   0.01346   0.00681   0.02023   0.00244   0.02923   0.00194   0.02101   0.02735   0.00000   0.00626   0.07173   2.17123   3.80329   1.61759   0.00000   4.28708  
 83  0.0015   2734.592878  x:  0.01633   0.00668   0.00000   0.00000   0.00000   0.00669   0.01105   0.00000   0.00000   0.00000   0.00221   0.00000   0.00221   0.01341   0.00000   0.01104   0.00668   0.00445   0.02265   0.01346   0.00681   0.02023   0.00244   0.02923   0.00194   0.02101   0.02735   0.00000   0.00626   0.07173   2.17123   3.80329   1.61759   0.00000   4.28708  
 84  1.6233   2734.592878  x:  0.01633   0.00668   0.00000   0.00000   0.00000   0.00669   0.01105   0.00000   0.00000   0.00000   0.00221   0.00000   0.00221   0.01341   0.00000   0.01104   0.00668   0.00445   0.02265   0.01346   0.00681   0.02023   0.00244   0.02923   0.00194   0.02101   0.02735   0.00000   0.00626   0.07173   2.17123   3.80329   1.61759   0.00000   4.28708  
 85  0.5713   2734.592878  x:  0.01633   0.00668   0.00000   0.00000   0.00000   0.00669   0.01105   0.00000   0.00000   0.00000   0.00221   0.00000   0.00221   0.01341   0.00000   0.01104   0.00668   0.00445   0.02265   0.01346   0.00681   0.02023   0.00244   0.02923   0.00194   0.02101   0.02735   0.00000   0.00626   0.07173   2.17123   3.80329   1.61759   0.00000   4.28708  
 86  0.0511   2734.592878  x:  0.01633   0.00668   0.00000   0.00000   0.00000   0.00669   0.01105   0.00000   0.00000   0.00000   0.00221   0.00000   0.00221   0.01341   0.00000   0.01104   0.00668   0.00445   0.02265   0.01346   0.00681   0.02023   0.00244   0.02923   0.00194   0.02101   0.02735   0.00000   0.00626   0.07173   2.17123   3.80329   1.61759   0.00000   4.28708  
 87  0.0399   2734.592878  x:  0.01633   0.00668   0.00000   0.00000   0.00000   0.00669   0.01105   0.00000   0.00000   0.00000   0.00221   0.00000   0.00221   0.01341   0.00000   0.01104   0.00668   0.00445   0.02265   0.01346   0.00681   0.02023   0.00244   0.02923   0.00194   0.02101   0.02735   0.00000   0.00626   0.07173   2.17123   3.80329   1.61759   0.00000   4.28708  
 88  0.0333   2734.592878  x:  0.01633   0.00668   0.00000   0.00000   0.00000   0.00669   0.01105   0.00000   0.00000   0.00000   0.00221   0.00000   0.00221   0.01341   0.00000   0.01104   0.00668   0.00445   0.02265   0.01346   0.00681   0.02023   0.00244   0.02923   0.00194   0.02101   0.02736   0.00000   0.00626   0.07173   2.17123   3.80329   1.61759   0.00000   4.28708  
 89  0.0181   2734.592878  x:  0.01633   0.00668   0.00000   0.00000   0.00000   0.00669   0.01105   0.00000   0.00000   0.00000   0.00221   0.00000   0.00221   0.01341   0.00000   0.01104   0.00668   0.00445   0.02265   0.01346   0.00681   0.02023   0.00244   0.02923   0.00194   0.02101   0.02736   0.00000   0.00626   0.07173   2.17123   3.80329   1.61759   0.00000   4.28708  
 90  0.0191   2734.592878  x:  0.01633   0.00668   0.00000   0.00000   0.00000   0.00669   0.01105   0.00000   0.00000   0.00000   0.00221   0.00000   0.00221   0.01341   0.00000   0.01104   0.00668   0.00445   0.02265   0.01346   0.00681   0.02023   0.00244   0.02923   0.00194   0.02101   0.02736   0.00000   0.00626   0.07173   2.17123   3.80329   1.61759   0.00000   4.28708  
 91  0.0095   2734.592878  x:  0.01633   0.00668   0.00000   0.00000   0.00000   0.00669   0.01105   0.00000   0.00000   0.00000   0.00221   0.00000   0.00221   0.01341   0.00000   0.01104   0.00668   0.00445   0.02265   0.01346   0.00681   0.02023   0.00244   0.02923   0.00194   0.02101   0.02736   0.00000   0.00626   0.07173   2.17123   3.80329   1.61759   0.00000   4.28708  
 92  0.0123   2734.592878  x:  0.01633   0.00668   0.00000   0.00000   0.00000   0.00669   0.01105   0.00000   0.00000   0.00000   0.00221   0.00000   0.00221   0.01341   0.00000   0.01104   0.00668   0.00445   0.02265   0.01346   0.00681   0.02023   0.00244   0.02923   0.00194   0.02101   0.02736   0.00000   0.00626   0.07173   2.17123   3.80329   1.61759   0.00000   4.28708  
 93  0.0106   2734.592878  x:  0.01633   0.00668   0.00000   0.00000   0.00000   0.00669   0.01105   0.00000   0.00000   0.00000   0.00221   0.00000   0.00221   0.01341   0.00000   0.01104   0.00668   0.00445   0.02265   0.01346   0.00681   0.02023   0.00244   0.02923   0.00194   0.02101   0.02736   0.00000   0.00626   0.07173   2.17123   3.80329   1.61759   0.00000   4.28708  
 94  0.0093   2734.592878  x:  0.01633   0.00668   0.00000   0.00000   0.00000   0.00669   0.01105   0.00000   0.00000   0.00000   0.00221   0.00000   0.00221   0.01341   0.00000   0.01104   0.00668   0.00445   0.02265   0.01346   0.00681   0.02023   0.00244   0.02923   0.00194   0.02101   0.02736   0.00000   0.00626   0.07173   2.17123   3.80329   1.61759   0.00000   4.28708  
 95  0.0149   2734.592878  x:  0.01633   0.00668   0.00000   0.00000   0.00000   0.00669   0.01105   0.00000   0.00000   0.00000   0.00221   0.00000   0.00221   0.01341   0.00000   0.01104   0.00668   0.00445   0.02265   0.01346   0.00681   0.02023   0.00244   0.02923   0.00194   0.02100   0.02736   0.00000   0.00626   0.07173   2.17123   3.80330   1.61759   0.00000   4.28708  
 96  0.0211   2734.592878  x:  0.01633   0.00668   0.00000   0.00000   0.00000   0.00669   0.01105   0.00000   0.00000   0.00000   0.00221   0.00000   0.00221   0.01341   0.00000   0.01104   0.00668   0.00445   0.02265   0.01346   0.00681   0.02023   0.00244   0.02923   0.00194   0.02100   0.02736   0.00000   0.00626   0.07173   2.17123   3.80332   1.61757   0.00000   4.28708  
 97  0.1142   2734.592878  x:  0.01633   0.00668   0.00000   0.00000   0.00000   0.00669   0.01105   0.00000   0.00000   0.00000   0.00221   0.00000   0.00221   0.01341   0.00000   0.01104   0.00668   0.00445   0.02265   0.01346   0.00681   0.02023   0.00244   0.02923   0.00194   0.02100   0.02736   0.00000   0.00626   0.07173   2.17124   3.80333   1.61755   0.00000   4.28708  
 98  0.4403   2734.592878  x:  0.01633   0.00668   0.00000   0.00000   0.00000   0.00669   0.01105   0.00000   0.00000   0.00000   0.00221   0.00000   0.00221   0.01341   0.00000   0.01104   0.00668   0.00445   0.02265   0.01346   0.00681   0.02023   0.00244   0.02923   0.00194   0.02101   0.02736   0.00000   0.00626   0.07173   2.17124   3.80334   1.61755   0.00000   4.28708  
 99  0.3483   2734.592878  x:  0.01633   0.00668   0.00000   0.00000   0.00000   0.00669   0.01105   0.00000   0.00000   0.00000   0.00221   0.00000   0.00221   0.01341   0.00000   0.01104   0.00668   0.00445   0.02265   0.01346   0.00681   0.02023   0.00244   0.02923   0.00194   0.02101   0.02735   0.00000   0.00626   0.07173   2.17124   3.80334   1.61755   0.00000   4.28708  
100  0.0062   2734.592878  x:  0.01633   0.00668   0.00000   0.00000   0.00000   0.00669   0.01105   0.00000   0.00000   0.00000   0.00221   0.00000   0.00221   0.01341   0.00000   0.01104   0.00668   0.00445   0.02265   0.01346   0.00681   0.02023   0.00244   0.02923   0.00194   0.02101   0.02735   0.00000   0.00626   0.07173   2.17124   3.80334   1.61755   0.00000   4.28708  
101  0.0038   2734.592878  x:  0.01633   0.00668   0.00000   0.00000   0.00000   0.00669   0.01105   0.00000   0.00000   0.00000   0.00221   0.00000   0.00221   0.01341   0.00000   0.01104   0.00668   0.00445   0.02265   0.01346   0.00681   0.02023   0.00244   0.02923   0.00194   0.02101   0.02735   0.00000   0.00626   0.07173   2.17124   3.80334   1.61755   0.00000   4.28708  
102  0.4940   2734.592878  x:  0.01633   0.00668   0.00000   0.00000   0.00000   0.00669   0.01105   0.00000   0.00000   0.00000   0.00221   0.00000   0.00221   0.01341   0.00000   0.01104   0.00668   0.00445   0.02265   0.01346   0.00681   0.02023   0.00244   0.02923   0.00194   0.02101   0.02735   0.00000   0.00626   0.07173   2.17124   3.80334   1.61755   0.00000   4.28708  
103  0.0748   2734.592878  x:  0.01633   0.00668   0.00000   0.00000   0.00000   0.00669   0.01105   0.00000   0.00000   0.00000   0.00221   0.00000   0.00221   0.01341   0.00000   0.01104   0.00668   0.00445   0.02265   0.01346   0.00681   0.02023   0.00244   0.02923   0.00194   0.02101   0.02735   0.00000   0.00626   0.07173   2.17124   3.80334   1.61755   0.00000   4.28708  
check convergence!
