Supplemental results for CODEML (seqf: /Users/YY/Desktop/get/branch_site/modify/modify_trim_muscle_atpA.fa  treef: /Users/YY/Desktop/get/branch_site/16gene_topu.tree)


dN/dS (w) for site classes (K=4)

site class             0        1       2a       2b
proportion       0.85361  0.04068  0.10090  0.00481
background w     0.05919  1.00000  0.05919  1.00000
foreground w     0.05919  1.00000  2.57106  2.57106

Naive Empirical Bayes (NEB) probabilities for 4 classes
(amino acids refer to 1st sequence: NC_015821)

   1 M   0.87314 0.02116 0.10320 0.00250 ( 1)
   2 V   0.87502 0.01927 0.10343 0.00228 ( 1)
   3 T   0.86677 0.02753 0.10245 0.00325 ( 1)
   4 I   0.87668 0.01762 0.10362 0.00208 ( 1)
   5 R   0.86497 0.02932 0.10224 0.00347 ( 1)
   6 A   0.86115 0.03314 0.10179 0.00392 ( 1)
   7 D   0.86565 0.02864 0.10232 0.00339 ( 1)
   8 E   0.87577 0.01853 0.10351 0.00219 ( 1)
   9 I   0.87660 0.01770 0.10361 0.00209 ( 1)
  10 S   0.87395 0.02034 0.10330 0.00240 ( 1)
  11 K   0.60591 0.28838 0.07162 0.03409 ( 1)
  12 I   0.87668 0.01762 0.10362 0.00208 ( 1)
  13 I   0.86215 0.03215 0.10191 0.00380 ( 1)
  14 R   0.86928 0.02501 0.10275 0.00296 ( 1)
  15 E   0.61195 0.28234 0.07233 0.03337 ( 1)
  16 R   0.86781 0.02649 0.10257 0.00313 ( 1)
  17 I   0.87668 0.01762 0.10362 0.00208 ( 1)
  18 E   0.86791 0.02638 0.10259 0.00312 ( 1)
  19 E   0.63778 0.25652 0.07538 0.03032 ( 1)
  20 Y   0.87135 0.02294 0.10299 0.00271 ( 1)
  21 S   0.66674 0.22756 0.07881 0.02690 ( 1)
  22 R   0.87126 0.02304 0.10298 0.00272 ( 1)
  23 E   0.87577 0.01853 0.10351 0.00219 ( 1)
  24 V   0.87502 0.01927 0.10343 0.00228 ( 1)
  25 K   0.86679 0.02751 0.10245 0.00325 ( 1)
  26 I   0.65552 0.23877 0.07748 0.02822 ( 1)
  27 V   0.87502 0.01927 0.10343 0.00228 ( 1)
  28 N   0.87699 0.01731 0.10366 0.00205 ( 1)
  29 T   0.86056 0.03374 0.10172 0.00399 ( 1)
  30 G   0.87496 0.01934 0.10342 0.00229 ( 1)
  31 T   0.86056 0.03374 0.10172 0.00399 ( 1)
  32 V   0.87502 0.01927 0.10343 0.00228 ( 1)
  33 L   0.86051 0.03378 0.10171 0.00399 ( 1)
  34 Q   0.86892 0.02537 0.10271 0.00300 ( 1)
  35 V   0.87502 0.01927 0.10343 0.00228 ( 1)
  36 G   0.87138 0.02292 0.10300 0.00271 ( 1)
  37 D   0.86704 0.02725 0.10248 0.00322 ( 1)
  38 G   0.86045 0.03385 0.10171 0.00400 ( 1)
  39 I   0.87668 0.01762 0.10362 0.00208 ( 1)
  40 A   0.87649 0.01781 0.10360 0.00210 ( 1)
  41 R   0.86928 0.02501 0.10275 0.00296 ( 1)
  42 I   0.87668 0.01762 0.10362 0.00208 ( 1)
  43 H   0.87342 0.02088 0.10324 0.00247 ( 1)
  44 G   0.87496 0.01934 0.10342 0.00229 ( 1)
  45 L   0.87257 0.02173 0.10314 0.00257 ( 1)
  46 D   0.87810 0.01620 0.10379 0.00191 ( 1)
  47 E   0.87577 0.01853 0.10351 0.00219 ( 1)
  48 V   0.87502 0.01927 0.10343 0.00228 ( 1)
  49 M   0.87314 0.02116 0.10320 0.00250 ( 1)
  50 A   0.86491 0.02939 0.10223 0.00347 ( 1)
  51 G   0.87382 0.02047 0.10328 0.00242 ( 1)
  52 E   0.87577 0.01853 0.10351 0.00219 ( 1)
  53 L   0.86670 0.02760 0.10244 0.00326 ( 1)
  54 V   0.87502 0.01927 0.10343 0.00228 ( 1)
  55 E   0.87577 0.01853 0.10351 0.00219 ( 1)
  56 F   0.87402 0.02028 0.10331 0.00240 ( 1)
  57 K   0.10148 0.79282 0.01199 0.09371 ( 2)
  58 D   0.59546 0.29883 0.07038 0.03532 ( 1)
  59 G   0.87459 0.01970 0.10338 0.00233 ( 1)
  60 T   0.87367 0.02063 0.10327 0.00244 ( 1)
  61 V   0.87502 0.01927 0.10343 0.00228 ( 1)
  62 G   0.86660 0.02770 0.10243 0.00327 ( 1)
  63 I   0.87668 0.01762 0.10362 0.00208 ( 1)
  64 A   0.87649 0.01781 0.10360 0.00210 ( 1)
  65 L   0.86986 0.02444 0.10282 0.00289 ( 1)
  66 N   0.87699 0.01731 0.10366 0.00205 ( 1)
  67 L   0.86219 0.03211 0.10191 0.00380 ( 1)
  68 E   0.87577 0.01853 0.10351 0.00219 ( 1)
  69 S   0.86788 0.02642 0.10258 0.00312 ( 1)
  70 T   0.87367 0.02063 0.10327 0.00244 ( 1)
  71 N   0.87699 0.01731 0.10366 0.00205 ( 1)
  72 V   0.86238 0.03192 0.10193 0.00377 ( 1)
  73 G   0.87496 0.01934 0.10342 0.00229 ( 1)
  74 V   0.87657 0.01772 0.10361 0.00209 ( 1)
  75 V   0.87502 0.01927 0.10343 0.00228 ( 1)
  76 L   0.86670 0.02760 0.10244 0.00326 ( 1)
  77 M   0.87314 0.02116 0.10320 0.00250 ( 1)
  78 G   0.87496 0.01934 0.10342 0.00229 ( 1)
  79 D   0.87810 0.01620 0.10379 0.00191 ( 1)
  80 G   0.87382 0.02047 0.10328 0.00242 ( 1)
  81 L   0.86176 0.03254 0.10186 0.00385 ( 1)
  82 L   0.86068 0.03361 0.10173 0.00397 ( 1)
  83 I   0.87629 0.01801 0.10358 0.00213 ( 1)
  84 Q   0.86892 0.02537 0.10271 0.00300 ( 1)
  85 E   0.87577 0.01853 0.10351 0.00219 ( 1)
  86 G   0.87288 0.02142 0.10317 0.00253 ( 1)
  87 S   0.87395 0.02034 0.10330 0.00240 ( 1)
  88 S   0.87124 0.02305 0.10298 0.00273 ( 1)
  89 V   0.87502 0.01927 0.10343 0.00228 ( 1)
  90 K   0.87457 0.01973 0.10337 0.00233 ( 1)
  91 A   0.87494 0.01936 0.10342 0.00229 ( 1)
  92 T   0.87367 0.02063 0.10327 0.00244 ( 1)
  93 G   0.87288 0.02142 0.10317 0.00253 ( 1)
  94 R   0.61925 0.27504 0.07319 0.03251 ( 1)
  95 I   0.87668 0.01762 0.10362 0.00208 ( 1)
  96 A   0.87534 0.01896 0.10346 0.00224 ( 1)
  97 Q   0.86273 0.03156 0.10198 0.00373 ( 1)
  98 I   0.87629 0.01801 0.10358 0.00213 ( 1)
  99 P   0.85932 0.03498 0.10157 0.00413 ( 1)
 100 V   0.86498 0.02931 0.10224 0.00346 ( 1)
 101 S   0.87395 0.02034 0.10330 0.00240 ( 1)
 102 E   0.86791 0.02638 0.10259 0.00312 ( 1)
 103 A   0.86130 0.03300 0.10181 0.00390 ( 1)
 104 Y   0.61712 0.27718 0.07294 0.03276 ( 1)
 105 L   0.86176 0.03254 0.10186 0.00385 ( 1)
 106 G   0.87496 0.01934 0.10342 0.00229 ( 1)
 107 R   0.86928 0.02501 0.10275 0.00296 ( 1)
 108 V   0.87657 0.01772 0.10361 0.00209 ( 1)
 109 V   0.87502 0.01927 0.10343 0.00228 ( 1)
 110 N   0.87699 0.01731 0.10366 0.00205 ( 1)
 111 A   0.86115 0.03314 0.10179 0.00392 ( 1)
 112 L   0.86131 0.03298 0.10181 0.00390 ( 1)
 113 A   0.87649 0.01781 0.10360 0.00210 ( 1)
 114 K   0.87457 0.01973 0.10337 0.00233 ( 1)
 115 P   0.87171 0.02258 0.10304 0.00267 ( 1)
 116 I   0.87535 0.01895 0.10347 0.00224 ( 1)
 117 D   0.87797 0.01633 0.10377 0.00193 ( 1)
 118 G   0.87496 0.01934 0.10342 0.00229 ( 1)
 119 R   0.86631 0.02799 0.10240 0.00331 ( 1)
 120 G   0.87382 0.02047 0.10328 0.00242 ( 1)
 121 E   0.87577 0.01853 0.10351 0.00219 ( 1)
 122 I   0.87668 0.01762 0.10362 0.00208 ( 1)
 123 S   0.58907 0.30523 0.06963 0.03608 ( 1)
 124 A   0.87649 0.01781 0.10360 0.00210 ( 1)
 125 S   0.87124 0.02305 0.10298 0.00273 ( 1)
 126 E   0.87577 0.01853 0.10351 0.00219 ( 1)
 127 Y   0.87135 0.02294 0.10299 0.00271 ( 1)
 128 R   0.86007 0.03422 0.10166 0.00405 ( 1)
 129 L   0.86670 0.02760 0.10244 0.00326 ( 1)
 130 I   0.87668 0.01762 0.10362 0.00208 ( 1)
 131 E   0.87577 0.01853 0.10351 0.00219 ( 1)
 132 S   0.87124 0.02305 0.10298 0.00273 ( 1)
 133 P   0.62106 0.27324 0.07341 0.03230 ( 1)
 134 A   0.87649 0.01781 0.10360 0.00210 ( 1)
 135 P   0.86221 0.03208 0.10191 0.00379 ( 1)
 136 G   0.87496 0.01934 0.10342 0.00229 ( 1)
 137 I   0.87668 0.01762 0.10362 0.00208 ( 1)
 138 I   0.87668 0.01762 0.10362 0.00208 ( 1)
 139 S   0.86788 0.02642 0.10258 0.00312 ( 1)
 140 R   0.86497 0.02932 0.10224 0.00347 ( 1)
 141 R   0.86928 0.02501 0.10275 0.00296 ( 1)
 142 S   0.86080 0.03349 0.10175 0.00396 ( 1)
 143 V   0.87502 0.01927 0.10343 0.00228 ( 1)
 144 Y   0.86323 0.03106 0.10203 0.00367 ( 1)
 145 E   0.86791 0.02638 0.10259 0.00312 ( 1)
 146 P   0.87171 0.02258 0.10304 0.00267 ( 1)
 147 L   0.87257 0.02173 0.10314 0.00257 ( 1)
 148 Q   0.86892 0.02537 0.10271 0.00300 ( 1)
 149 T   0.86407 0.03022 0.10213 0.00357 ( 1)
 150 G   0.86392 0.03038 0.10212 0.00359 ( 1)
 151 L   0.87257 0.02173 0.10314 0.00257 ( 1)
 152 I   0.87668 0.01762 0.10362 0.00208 ( 1)
 153 A   0.87649 0.01781 0.10360 0.00210 ( 1)
 154 I   0.87668 0.01762 0.10362 0.00208 ( 1)
 155 D   0.87810 0.01620 0.10379 0.00191 ( 1)
 156 S   0.86089 0.03340 0.10176 0.00395 ( 1)
 157 M   0.87314 0.02116 0.10320 0.00250 ( 1)
 158 I   0.87629 0.01801 0.10358 0.00213 ( 1)
 159 P   0.87171 0.02258 0.10304 0.00267 ( 1)
 160 I   0.87629 0.01801 0.10358 0.00213 ( 1)
 161 G   0.86691 0.02738 0.10247 0.00324 ( 1)
 162 R   0.86928 0.02501 0.10275 0.00296 ( 1)
 163 G   0.87482 0.01947 0.10340 0.00230 ( 1)
 164 Q   0.86273 0.03156 0.10198 0.00373 ( 1)
 165 R   0.86497 0.02932 0.10224 0.00347 ( 1)
 166 E   0.87577 0.01853 0.10351 0.00219 ( 1)
 167 L   0.86670 0.02760 0.10244 0.00326 ( 1)
 168 I   0.87668 0.01762 0.10362 0.00208 ( 1)
 169 I   0.87668 0.01762 0.10362 0.00208 ( 1)
 170 G   0.86392 0.03038 0.10212 0.00359 ( 1)
 171 D   0.86630 0.02800 0.10240 0.00331 ( 1)
 172 R   0.87126 0.02304 0.10298 0.00272 ( 1)
 173 Q   0.86892 0.02537 0.10271 0.00300 ( 1)
 174 T   0.86161 0.03268 0.10184 0.00386 ( 1)
 175 G   0.87496 0.01934 0.10342 0.00229 ( 1)
 176 K   0.87457 0.01973 0.10337 0.00233 ( 1)
 177 T   0.87367 0.02063 0.10327 0.00244 ( 1)
 178 A   0.87494 0.01936 0.10342 0.00229 ( 1)
 179 V   0.87502 0.01927 0.10343 0.00228 ( 1)
 180 A   0.87494 0.01936 0.10342 0.00229 ( 1)
 181 T   0.87367 0.02063 0.10327 0.00244 ( 1)
 182 D   0.87810 0.01620 0.10379 0.00191 ( 1)
 183 T   0.86407 0.03022 0.10213 0.00357 ( 1)
 184 I   0.87668 0.01762 0.10362 0.00208 ( 1)
 185 L   0.86021 0.03409 0.10168 0.00403 ( 1)
 186 N   0.86415 0.03015 0.10214 0.00356 ( 1)
 187 Q   0.86892 0.02537 0.10271 0.00300 ( 1)
 188 Q   0.86892 0.02537 0.10271 0.00300 ( 1)
 189 G   0.86045 0.03385 0.10171 0.00400 ( 1)
 190 Q   0.86892 0.02537 0.10271 0.00300 ( 1)
 191 N   0.87654 0.01775 0.10361 0.00210 ( 1)
 192 V   0.87502 0.01927 0.10343 0.00228 ( 1)
 193 I   0.87629 0.01801 0.10358 0.00213 ( 1)
 194 C   0.86876 0.02553 0.10269 0.00302 ( 1)
 195 V   0.87657 0.01772 0.10361 0.00209 ( 1)
 196 Y   0.87135 0.02294 0.10299 0.00271 ( 1)
 197 V   0.87502 0.01927 0.10343 0.00228 ( 1)
 198 A   0.87649 0.01781 0.10360 0.00210 ( 1)
 199 I   0.87668 0.01762 0.10362 0.00208 ( 1)
 200 G   0.87496 0.01934 0.10342 0.00229 ( 1)
 201 Q   0.86892 0.02537 0.10271 0.00300 ( 1)
 202 K   0.87457 0.01973 0.10337 0.00233 ( 1)
 203 A   0.87494 0.01936 0.10342 0.00229 ( 1)
 204 S   0.87124 0.02305 0.10298 0.00273 ( 1)
 205 S   0.87124 0.02305 0.10298 0.00273 ( 1)
 206 V   0.86498 0.02931 0.10224 0.00346 ( 1)
 207 A   0.87625 0.01804 0.10357 0.00213 ( 1)
 208 Q   0.86278 0.03151 0.10198 0.00372 ( 1)
 209 V   0.87502 0.01927 0.10343 0.00228 ( 1)
 210 V   0.86498 0.02931 0.10224 0.00346 ( 1)
 211 T   0.87519 0.01910 0.10345 0.00226 ( 1)
 212 N   0.66223 0.23207 0.07827 0.02743 ( 1)
 213 L   0.54914 0.34516 0.06491 0.04080 ( 1)
 214 Q   0.86273 0.03156 0.10198 0.00373 ( 1)
 215 E   0.87577 0.01853 0.10351 0.00219 ( 1)
 216 R   0.56319 0.33110 0.06657 0.03914 ( 1)
 217 G   0.87288 0.02142 0.10317 0.00253 ( 1)
 218 A   0.86491 0.02939 0.10223 0.00347 ( 1)
 219 M   0.87314 0.02116 0.10320 0.00250 ( 1)
 220 E   0.87577 0.01853 0.10351 0.00219 ( 1)
 221 Y   0.85899 0.03531 0.10153 0.00417 ( 1)
 222 T   0.87519 0.01910 0.10345 0.00226 ( 1)
 223 I   0.87668 0.01762 0.10362 0.00208 ( 1)
 224 V   0.86498 0.02931 0.10224 0.00346 ( 1)
 225 V   0.87502 0.01927 0.10343 0.00228 ( 1)
 226 A   0.87649 0.01781 0.10360 0.00210 ( 1)
 227 E   0.87577 0.01853 0.10351 0.00219 ( 1)
 228 T   0.86407 0.03022 0.10213 0.00357 ( 1)
 229 A   0.86491 0.02939 0.10223 0.00347 ( 1)
 230 D   0.87810 0.01620 0.10379 0.00191 ( 1)
 231 S   0.87124 0.02305 0.10298 0.00273 ( 1)
 232 P   0.87171 0.02258 0.10304 0.00267 ( 1)
 233 A   0.87649 0.01781 0.10360 0.00210 ( 1)
 234 T   0.87367 0.02063 0.10327 0.00244 ( 1)
 235 L   0.86670 0.02760 0.10244 0.00326 ( 1)
 236 Q   0.86892 0.02537 0.10271 0.00300 ( 1)
 237 Y   0.87135 0.02294 0.10299 0.00271 ( 1)
 238 L   0.85946 0.03483 0.10159 0.00412 ( 1)
 239 A   0.87649 0.01781 0.10360 0.00210 ( 1)
 240 P   0.87154 0.02275 0.10302 0.00269 ( 1)
 241 Y   0.87135 0.02294 0.10299 0.00271 ( 1)
 242 T   0.87367 0.02063 0.10327 0.00244 ( 1)
 243 G   0.86114 0.03315 0.10179 0.00392 ( 1)
 244 A   0.87534 0.01896 0.10346 0.00224 ( 1)
 245 A   0.87649 0.01781 0.10360 0.00210 ( 1)
 246 L   0.86051 0.03378 0.10171 0.00399 ( 1)
 247 A   0.86491 0.02939 0.10223 0.00347 ( 1)
 248 E   0.87577 0.01853 0.10351 0.00219 ( 1)
 249 F   0.63719 0.25711 0.07532 0.03039 ( 1)
 250 F   0.87402 0.02028 0.10331 0.00240 ( 1)
 251 M   0.87314 0.02116 0.10320 0.00250 ( 1)
 252 Y   0.85947 0.03483 0.10159 0.00412 ( 1)
 253 R   0.85952 0.03478 0.10160 0.00411 ( 1)
 254 K   0.64746 0.24684 0.07653 0.02918 ( 1)
 255 R   0.86497 0.02932 0.10224 0.00347 ( 1)
 256 H   0.86199 0.03230 0.10189 0.00382 ( 1)
 257 T   0.87519 0.01910 0.10345 0.00226 ( 1)
 258 L   0.58170 0.31260 0.06876 0.03695 ( 1)
 259 I   0.87629 0.01801 0.10358 0.00213 ( 1)
 260 I   0.87668 0.01762 0.10362 0.00208 ( 1)
 261 Y   0.87135 0.02294 0.10299 0.00271 ( 1)
 262 D   0.87810 0.01620 0.10379 0.00191 ( 1)
 263 D   0.87810 0.01620 0.10379 0.00191 ( 1)
 264 P   0.85913 0.03517 0.10155 0.00416 ( 1)
 265 S   0.86240 0.03189 0.10194 0.00377 ( 1)
 266 K   0.87457 0.01973 0.10337 0.00233 ( 1)
 267 Q   0.86273 0.03156 0.10198 0.00373 ( 1)
 268 A   0.87494 0.01936 0.10342 0.00229 ( 1)
 269 Q   0.86892 0.02537 0.10271 0.00300 ( 1)
 270 A   0.87649 0.01781 0.10360 0.00210 ( 1)
 271 Y   0.87135 0.02294 0.10299 0.00271 ( 1)
 272 R   0.86497 0.02932 0.10224 0.00347 ( 1)
 273 Q   0.86892 0.02537 0.10271 0.00300 ( 1)
 274 M   0.87314 0.02116 0.10320 0.00250 ( 1)
 275 S   0.87124 0.02305 0.10298 0.00273 ( 1)
 276 L   0.87257 0.02173 0.10314 0.00257 ( 1)
 277 L   0.86769 0.02660 0.10256 0.00314 ( 1)
 278 L   0.86670 0.02760 0.10244 0.00326 ( 1)
 279 R   0.86497 0.02932 0.10224 0.00347 ( 1)
 280 R   0.87126 0.02304 0.10298 0.00272 ( 1)
 281 P   0.86221 0.03208 0.10191 0.00379 ( 1)
 282 P   0.86834 0.02595 0.10264 0.00307 ( 1)
 283 G   0.87496 0.01934 0.10342 0.00229 ( 1)
 284 R   0.85822 0.03607 0.10144 0.00426 ( 1)
 285 E   0.87577 0.01853 0.10351 0.00219 ( 1)
 286 A   0.87649 0.01781 0.10360 0.00210 ( 1)
 287 Y   0.87135 0.02294 0.10299 0.00271 ( 1)
 288 P   0.86611 0.02819 0.10237 0.00333 ( 1)
 289 G   0.86392 0.03038 0.10212 0.00359 ( 1)
 290 D   0.87810 0.01620 0.10379 0.00191 ( 1)
 291 V   0.87657 0.01772 0.10361 0.00209 ( 1)
 292 F   0.87402 0.02028 0.10331 0.00240 ( 1)
 293 Y   0.87135 0.02294 0.10299 0.00271 ( 1)
 294 L   0.86271 0.03159 0.10197 0.00373 ( 1)
 295 H   0.87342 0.02088 0.10324 0.00247 ( 1)
 296 S   0.86788 0.02642 0.10258 0.00312 ( 1)
 297 R   0.85897 0.03533 0.10153 0.00418 ( 1)
 298 L   0.87257 0.02173 0.10314 0.00257 ( 1)
 299 L   0.86176 0.03254 0.10186 0.00385 ( 1)
 300 E   0.87577 0.01853 0.10351 0.00219 ( 1)
 301 R   0.87126 0.02304 0.10298 0.00272 ( 1)
 302 A   0.87649 0.01781 0.10360 0.00210 ( 1)
 303 A   0.87649 0.01781 0.10360 0.00210 ( 1)
 304 K   0.87457 0.01973 0.10337 0.00233 ( 1)
 305 L   0.86659 0.02771 0.10243 0.00328 ( 1)
 306 G   0.87496 0.01934 0.10342 0.00229 ( 1)
 307 S   0.87124 0.02305 0.10298 0.00273 ( 1)
 308 L   0.87257 0.02173 0.10314 0.00257 ( 1)
 309 L   0.86670 0.02760 0.10244 0.00326 ( 1)
 310 G   0.87496 0.01934 0.10342 0.00229 ( 1)
 311 E   0.87577 0.01853 0.10351 0.00219 ( 1)
 312 G   0.87278 0.02151 0.10316 0.00254 ( 1)
 313 S   0.87395 0.02034 0.10330 0.00240 ( 1)
 314 M   0.87314 0.02116 0.10320 0.00250 ( 1)
 315 T   0.87519 0.01910 0.10345 0.00226 ( 1)
 316 A   0.87649 0.01781 0.10360 0.00210 ( 1)
 317 L   0.86176 0.03254 0.10186 0.00385 ( 1)
 318 P   0.87032 0.02397 0.10287 0.00283 ( 1)
 319 I   0.87629 0.01801 0.10358 0.00213 ( 1)
 320 V   0.87657 0.01772 0.10361 0.00209 ( 1)
 321 E   0.87577 0.01853 0.10351 0.00219 ( 1)
 322 T   0.87519 0.01910 0.10345 0.00226 ( 1)
 323 Q   0.86892 0.02537 0.10271 0.00300 ( 1)
 324 S   0.86113 0.03316 0.10179 0.00392 ( 1)
 325 G   0.87242 0.02187 0.10312 0.00259 ( 1)
 326 D   0.87810 0.01620 0.10379 0.00191 ( 1)
 327 V   0.87543 0.01887 0.10347 0.00223 ( 1)
 328 S   0.86100 0.03329 0.10177 0.00394 ( 1)
 329 A   0.87649 0.01781 0.10360 0.00210 ( 1)
 330 Y   0.87135 0.02294 0.10299 0.00271 ( 1)
 331 I   0.87668 0.01762 0.10362 0.00208 ( 1)
 332 P   0.87171 0.02258 0.10304 0.00267 ( 1)
 333 T   0.87519 0.01910 0.10345 0.00226 ( 1)
 334 N   0.87699 0.01731 0.10366 0.00205 ( 1)
 335 V   0.87502 0.01927 0.10343 0.00228 ( 1)
 336 I   0.87668 0.01762 0.10362 0.00208 ( 1)
 337 S   0.86125 0.03304 0.10180 0.00391 ( 1)
 338 I   0.87668 0.01762 0.10362 0.00208 ( 1)
 339 T   0.87519 0.01910 0.10345 0.00226 ( 1)
 340 D   0.87810 0.01620 0.10379 0.00191 ( 1)
 341 G   0.87288 0.02142 0.10317 0.00253 ( 1)
 342 Q   0.86887 0.02543 0.10270 0.00301 ( 1)
 343 I   0.87629 0.01801 0.10358 0.00213 ( 1)
 344 F   0.86198 0.03231 0.10189 0.00382 ( 1)
 345 L   0.86670 0.02760 0.10244 0.00326 ( 1)
 346 S   0.87124 0.02305 0.10298 0.00273 ( 1)
 347 A   0.86313 0.03117 0.10202 0.00368 ( 1)
 348 D   0.87810 0.01620 0.10379 0.00191 ( 1)
 349 L   0.86769 0.02660 0.10256 0.00314 ( 1)
 350 F   0.86198 0.03231 0.10189 0.00382 ( 1)
 351 N   0.87637 0.01793 0.10359 0.00212 ( 1)
 352 A   0.65776 0.23653 0.07775 0.02796 ( 1)
 353 G   0.86902 0.02528 0.10272 0.00299 ( 1)
 354 I   0.86240 0.03190 0.10194 0.00377 ( 1)
 355 R   0.87055 0.02375 0.10290 0.00281 ( 1)
 356 P   0.87171 0.02258 0.10304 0.00267 ( 1)
 357 A   0.87649 0.01781 0.10360 0.00210 ( 1)
 358 I   0.87668 0.01762 0.10362 0.00208 ( 1)
 359 N   0.87699 0.01731 0.10366 0.00205 ( 1)
 360 V   0.86498 0.02931 0.10224 0.00346 ( 1)
 361 G   0.87496 0.01934 0.10342 0.00229 ( 1)
 362 I   0.86215 0.03215 0.10191 0.00380 ( 1)
 363 S   0.85894 0.03535 0.10153 0.00418 ( 1)
 364 V   0.87657 0.01772 0.10361 0.00209 ( 1)
 365 S   0.86158 0.03272 0.10184 0.00387 ( 1)
 366 R   0.87126 0.02304 0.10298 0.00272 ( 1)
 367 V   0.86498 0.02931 0.10224 0.00346 ( 1)
 368 G   0.87288 0.02142 0.10317 0.00253 ( 1)
 369 S   0.87124 0.02305 0.10298 0.00273 ( 1)
 370 A   0.87494 0.01936 0.10342 0.00229 ( 1)
 371 A   0.87649 0.01781 0.10360 0.00210 ( 1)
 372 Q   0.86892 0.02537 0.10271 0.00300 ( 1)
 373 I   0.87660 0.01770 0.10361 0.00209 ( 1)
 374 K   0.87457 0.01973 0.10337 0.00233 ( 1)
 375 A   0.87649 0.01781 0.10360 0.00210 ( 1)
 376 M   0.87314 0.02116 0.10320 0.00250 ( 1)
 377 K   0.87457 0.01973 0.10337 0.00233 ( 1)
 378 Q   0.86854 0.02575 0.10266 0.00304 ( 1)
 379 V   0.87657 0.01772 0.10361 0.00209 ( 1)
 380 A   0.87649 0.01781 0.10360 0.00210 ( 1)
 381 G   0.86045 0.03385 0.10171 0.00400 ( 1)
 382 K   0.87457 0.01973 0.10337 0.00233 ( 1)
 383 L   0.86670 0.02760 0.10244 0.00326 ( 1)
 384 K   0.87457 0.01973 0.10337 0.00233 ( 1)
 385 L   0.86176 0.03254 0.10186 0.00385 ( 1)
 386 E   0.87577 0.01853 0.10351 0.00219 ( 1)
 387 L   0.86087 0.03343 0.10176 0.00395 ( 1)
 388 A   0.86491 0.02939 0.10223 0.00347 ( 1)
 389 Q   0.86892 0.02537 0.10271 0.00300 ( 1)
 390 F   0.86198 0.03231 0.10189 0.00382 ( 1)
 391 A   0.87494 0.01936 0.10342 0.00229 ( 1)
 392 E   0.87577 0.01853 0.10351 0.00219 ( 1)
 393 L   0.86670 0.02760 0.10244 0.00326 ( 1)
 394 E   0.87577 0.01853 0.10351 0.00219 ( 1)
 395 A   0.86115 0.03314 0.10179 0.00392 ( 1)
 396 F   0.87402 0.02028 0.10331 0.00240 ( 1)
 397 A   0.87494 0.01936 0.10342 0.00229 ( 1)
 398 Q   0.86892 0.02537 0.10271 0.00300 ( 1)
 399 F   0.87402 0.02028 0.10331 0.00240 ( 1)
 400 A   0.66535 0.22895 0.07864 0.02706 ( 1)
 401 S   0.87124 0.02305 0.10298 0.00273 ( 1)
 402 D   0.87810 0.01620 0.10379 0.00191 ( 1)
 403 L   0.86321 0.03109 0.10203 0.00367 ( 1)
 404 D   0.87810 0.01620 0.10379 0.00191 ( 1)
 405 K   0.87457 0.01973 0.10337 0.00233 ( 1)
 406 A   0.66456 0.22973 0.07855 0.02715 ( 1)
 407 T   0.87519 0.01910 0.10345 0.00226 ( 1)
 408 Q   0.86273 0.03156 0.10198 0.00373 ( 1)
 409 N   0.87699 0.01731 0.10366 0.00205 ( 1)
 410 Q   0.86892 0.02537 0.10271 0.00300 ( 1)
 411 L   0.86176 0.03254 0.10186 0.00385 ( 1)
 412 A   0.87494 0.01936 0.10342 0.00229 ( 1)
 413 R   0.87126 0.02304 0.10298 0.00272 ( 1)
 414 G   0.87496 0.01934 0.10342 0.00229 ( 1)
 415 Q   0.86892 0.02537 0.10271 0.00300 ( 1)
 416 R   0.86329 0.03100 0.10204 0.00366 ( 1)
 417 L   0.86670 0.02760 0.10244 0.00326 ( 1)
 418 R   0.86928 0.02501 0.10275 0.00296 ( 1)
 419 E   0.87577 0.01853 0.10351 0.00219 ( 1)
 420 L   0.86176 0.03254 0.10186 0.00385 ( 1)
 421 L   0.87257 0.02173 0.10314 0.00257 ( 1)
 422 K   0.87457 0.01973 0.10337 0.00233 ( 1)
 423 Q   0.86892 0.02537 0.10271 0.00300 ( 1)
 424 S   0.85894 0.03535 0.10153 0.00418 ( 1)
 425 Q   0.86892 0.02537 0.10271 0.00300 ( 1)
 426 S   0.85918 0.03512 0.10156 0.00415 ( 1)
 427 A   0.86161 0.03269 0.10184 0.00386 ( 1)
 428 P   0.87171 0.02258 0.10304 0.00267 ( 1)
 429 L   0.87257 0.02173 0.10314 0.00257 ( 1)
 430 A   0.86491 0.02939 0.10223 0.00347 ( 1)
 431 V   0.87502 0.01927 0.10343 0.00228 ( 1)
 432 E   0.65070 0.24360 0.07691 0.02879 ( 1)
 433 E   0.87577 0.01853 0.10351 0.00219 ( 1)
 434 Q   0.86273 0.03156 0.10198 0.00373 ( 1)
 435 I   0.87629 0.01801 0.10358 0.00213 ( 1)
 436 M   0.87314 0.02116 0.10320 0.00250 ( 1)
 437 T   0.87519 0.01910 0.10345 0.00226 ( 1)
 438 I   0.87668 0.01762 0.10362 0.00208 ( 1)
 439 Y   0.87135 0.02294 0.10299 0.00271 ( 1)
 440 T   0.86165 0.03265 0.10185 0.00386 ( 1)
 441 G   0.87288 0.02142 0.10317 0.00253 ( 1)
 442 T   0.87367 0.02063 0.10327 0.00244 ( 1)
 443 N   0.87699 0.01731 0.10366 0.00205 ( 1)
 444 G   0.87496 0.01934 0.10342 0.00229 ( 1)
 445 Y   0.87135 0.02294 0.10299 0.00271 ( 1)
 446 L   0.87236 0.02194 0.10311 0.00259 ( 1)
 447 D   0.87810 0.01620 0.10379 0.00191 ( 1)
 448 S   0.86788 0.02642 0.10258 0.00312 ( 1)
 449 L   0.86670 0.02760 0.10244 0.00326 ( 1)
 450 E   0.87577 0.01853 0.10351 0.00219 ( 1)
 451 I   0.87655 0.01775 0.10361 0.00210 ( 1)
 452 G   0.87230 0.02200 0.10310 0.00260 ( 1)
 453 Q   0.86273 0.03156 0.10198 0.00373 ( 1)
 454 V   0.87502 0.01927 0.10343 0.00228 ( 1)
 455 R   0.86393 0.03036 0.10212 0.00359 ( 1)
 456 K   0.87457 0.01973 0.10337 0.00233 ( 1)
 457 F   0.87402 0.02028 0.10331 0.00240 ( 1)
 458 L   0.87257 0.02173 0.10314 0.00257 ( 1)
 459 V   0.87657 0.01772 0.10361 0.00209 ( 1)
 460 E   0.86791 0.02638 0.10259 0.00312 ( 1)
 461 L   0.86670 0.02760 0.10244 0.00326 ( 1)
 462 R   0.86919 0.02511 0.10274 0.00297 ( 1)
 463 T   0.87519 0.01910 0.10345 0.00226 ( 1)
 464 Y   0.85899 0.03531 0.10153 0.00417 ( 1)
 465 L   0.86769 0.02660 0.10256 0.00314 ( 1)
 466 K   0.87457 0.01973 0.10337 0.00233 ( 1)
 467 T   0.87367 0.02063 0.10327 0.00244 ( 1)
 468 N   0.87699 0.01731 0.10366 0.00205 ( 1)
 469 K   0.87457 0.01973 0.10337 0.00233 ( 1)
 470 P   0.86217 0.03212 0.10191 0.00380 ( 1)
 471 Q   0.55396 0.34033 0.06548 0.04023 ( 1)
 472 F   0.87402 0.02028 0.10331 0.00240 ( 1)
 473 Q   0.59724 0.29705 0.07059 0.03511 ( 1)
 474 E   0.87577 0.01853 0.10351 0.00219 ( 1)
 475 I   0.87629 0.01801 0.10358 0.00213 ( 1)
 476 I   0.87629 0.01801 0.10358 0.00213 ( 1)
 477 S   0.87124 0.02305 0.10298 0.00273 ( 1)
 478 S   0.87124 0.02305 0.10298 0.00273 ( 1)
 479 T   0.86056 0.03374 0.10172 0.00399 ( 1)
 480 K   0.86696 0.02734 0.10247 0.00323 ( 1)
 481 T   0.63878 0.25552 0.07550 0.03020 ( 1)
 482 F   0.86215 0.03214 0.10191 0.00380 ( 1)
 483 T   0.86165 0.03265 0.10185 0.00386 ( 1)
 484 E   0.86791 0.02638 0.10259 0.00312 ( 1)
 485 E   0.87577 0.01853 0.10351 0.00219 ( 1)
 486 A   0.87494 0.01936 0.10342 0.00229 ( 1)
 487 E   0.87577 0.01853 0.10351 0.00219 ( 1)
 488 A   0.07699 0.81730 0.00910 0.09661 ( 2)
 489 L   0.87257 0.02173 0.10314 0.00257 ( 1)
 490 L   0.86176 0.03254 0.10186 0.00385 ( 1)
 491 K   0.87457 0.01973 0.10337 0.00233 ( 1)
 492 E   0.87577 0.01853 0.10351 0.00219 ( 1)
 493 A   0.87649 0.01781 0.10360 0.00210 ( 1)
 494 I   0.87668 0.01762 0.10362 0.00208 ( 1)
 495 Q   0.55141 0.34289 0.06518 0.04053 ( 1)
 496 E   0.87577 0.01853 0.10351 0.00219 ( 1)
 497 Q   0.86273 0.03156 0.10198 0.00373 ( 1)
 498 M   0.87314 0.02116 0.10320 0.00250 ( 1)
 499 E   0.87577 0.01853 0.10351 0.00219 ( 1)
 500 R   0.86928 0.02501 0.10275 0.00296 ( 1)
 501 F   0.87402 0.02028 0.10331 0.00240 ( 1)
 502 L   0.11356 0.78073 0.01342 0.09228 ( 2)
 503 L   0.62937 0.26492 0.07439 0.03131 ( 1)
 504 Q   0.86273 0.03156 0.10198 0.00373 ( 1)
 505 E   0.87577 0.01853 0.10351 0.00219 ( 1)
 506 Q   0.86892 0.02537 0.10271 0.00300 ( 1)
 507 V   0.64934 0.24495 0.07675 0.02895 ( 1)


lnL = -2805.277829

Bayes Empirical Bayes (BEB) probabilities for 4 classes (class)
(amino acids refer to 1st sequence: NC_015821)

   1 M   0.69618 0.02200 0.27212 0.00970 ( 1)
   2 V   0.69814 0.02004 0.27298 0.00884 ( 1)
   3 T   0.68958 0.02860 0.26922 0.01260 ( 1)
   4 I   0.69987 0.01832 0.27374 0.00808 ( 1)
   5 R   0.68772 0.03046 0.26841 0.01341 ( 1)
   6 A   0.68378 0.03440 0.26668 0.01514 ( 1)
   7 D   0.68842 0.02976 0.26872 0.01311 ( 1)
   8 E   0.69892 0.01927 0.27332 0.00850 ( 1)
   9 I   0.69979 0.01840 0.27370 0.00812 ( 1)
  10 S   0.69703 0.02115 0.27249 0.00933 ( 1)
  11 K   0.42197 0.29621 0.15668 0.12514 ( 1)
  12 I   0.69987 0.01832 0.27374 0.00808 ( 1)
  13 I   0.68480 0.03337 0.26713 0.01469 ( 1)
  14 R   0.69218 0.02600 0.27036 0.01146 ( 1)
  15 E   0.42726 0.29091 0.15881 0.12301 ( 1)
  16 R   0.69065 0.02752 0.26970 0.01213 ( 1)
  17 I   0.69987 0.01832 0.27374 0.00808 ( 1)
  18 E   0.69076 0.02742 0.26974 0.01208 ( 1)
  19 E   0.45025 0.26793 0.16811 0.11371 ( 1)
  20 Y   0.69433 0.02385 0.27131 0.01051 ( 1)
  21 S   0.47675 0.24143 0.17892 0.10289 ( 1)
  22 R   0.69423 0.02395 0.27126 0.01056 ( 1)
  23 E   0.69892 0.01927 0.27332 0.00850 ( 1)
  24 V   0.69814 0.02004 0.27298 0.00884 ( 1)
  25 K   0.68960 0.02858 0.26923 0.01259 ( 1)
  26 I   0.46639 0.25179 0.17469 0.10713 ( 1)
  27 V   0.69814 0.02004 0.27298 0.00884 ( 1)
  28 N   0.70019 0.01799 0.27388 0.00794 ( 1)
  29 T   0.68317 0.03501 0.26642 0.01541 ( 1)
  30 G   0.69808 0.02011 0.27295 0.00887 ( 1)
  31 T   0.68317 0.03501 0.26642 0.01541 ( 1)
  32 V   0.69814 0.02004 0.27298 0.00884 ( 1)
  33 L   0.68312 0.03505 0.26640 0.01543 ( 1)
  34 Q   0.69181 0.02637 0.27020 0.01162 ( 1)
  35 V   0.69814 0.02004 0.27298 0.00884 ( 1)
  36 G   0.69436 0.02382 0.27132 0.01050 ( 1)
  37 D   0.68986 0.02831 0.26935 0.01247 ( 1)
  38 G   0.68305 0.03512 0.26637 0.01546 ( 1)
  39 I   0.69987 0.01832 0.27374 0.00808 ( 1)
  40 A   0.69967 0.01851 0.27365 0.00817 ( 1)
  41 R   0.69218 0.02600 0.27036 0.01146 ( 1)
  42 I   0.69987 0.01832 0.27374 0.00808 ( 1)
  43 H   0.69647 0.02171 0.27225 0.00957 ( 1)
  44 G   0.69808 0.02011 0.27295 0.00887 ( 1)
  45 L   0.69559 0.02259 0.27186 0.00996 ( 1)
  46 D   0.70134 0.01684 0.27438 0.00743 ( 1)
  47 E   0.69892 0.01927 0.27332 0.00850 ( 1)
  48 V   0.69814 0.02004 0.27298 0.00884 ( 1)
  49 M   0.69618 0.02200 0.27212 0.00970 ( 1)
  50 A   0.68766 0.03052 0.26838 0.01344 ( 1)
  51 G   0.69689 0.02129 0.27243 0.00939 ( 1)
  52 E   0.69892 0.01927 0.27332 0.00850 ( 1)
  53 L   0.68951 0.02867 0.26919 0.01263 ( 1)
  54 V   0.69814 0.02004 0.27298 0.00884 ( 1)
  55 E   0.69892 0.01927 0.27332 0.00850 ( 1)
  56 F   0.69710 0.02109 0.27252 0.00930 ( 1)
  57 K   0.05195 0.66622 0.01780 0.26403 ( 2)
  58 D   0.41287 0.30530 0.15302 0.12880 ( 1)
  59 G   0.69770 0.02048 0.27278 0.00903 ( 1)
  60 T   0.69674 0.02145 0.27236 0.00946 ( 1)
  61 V   0.69814 0.02004 0.27298 0.00884 ( 1)
  62 G   0.68941 0.02878 0.26914 0.01268 ( 1)
  63 I   0.69987 0.01832 0.27374 0.00808 ( 1)
  64 A   0.69967 0.01851 0.27365 0.00817 ( 1)
  65 L   0.69278 0.02540 0.27062 0.01119 ( 1)
  66 N   0.70019 0.01799 0.27388 0.00794 ( 1)
  67 L   0.68485 0.03333 0.26715 0.01467 ( 1)
  68 E   0.69892 0.01927 0.27332 0.00850 ( 1)
  69 S   0.69073 0.02745 0.26973 0.01209 ( 1)
  70 T   0.69674 0.02145 0.27236 0.00946 ( 1)
  71 N   0.70019 0.01799 0.27388 0.00794 ( 1)
  72 V   0.68504 0.03313 0.26724 0.01459 ( 1)
  73 G   0.69808 0.02011 0.27295 0.00887 ( 1)
  74 V   0.69976 0.01842 0.27369 0.00813 ( 1)
  75 V   0.69814 0.02004 0.27298 0.00884 ( 1)
  76 L   0.68951 0.02867 0.26919 0.01263 ( 1)
  77 M   0.69618 0.02200 0.27212 0.00970 ( 1)
  78 G   0.69808 0.02011 0.27295 0.00887 ( 1)
  79 D   0.70134 0.01684 0.27438 0.00743 ( 1)
  80 G   0.69689 0.02129 0.27243 0.00939 ( 1)
  81 L   0.68440 0.03378 0.26696 0.01487 ( 1)
  82 L   0.68329 0.03488 0.26647 0.01535 ( 1)
  83 I   0.69946 0.01873 0.27356 0.00826 ( 1)
  84 Q   0.69181 0.02637 0.27020 0.01162 ( 1)
  85 E   0.69892 0.01927 0.27332 0.00850 ( 1)
  86 G   0.69591 0.02227 0.27200 0.00982 ( 1)
  87 S   0.69703 0.02115 0.27249 0.00933 ( 1)
  88 S   0.69421 0.02397 0.27125 0.01057 ( 1)
  89 V   0.69814 0.02004 0.27298 0.00884 ( 1)
  90 K   0.69767 0.02051 0.27277 0.00905 ( 1)
  91 A   0.69805 0.02013 0.27294 0.00888 ( 1)
  92 T   0.69674 0.02145 0.27236 0.00946 ( 1)
  93 G   0.69591 0.02227 0.27200 0.00982 ( 1)
  94 R   0.43369 0.28449 0.16140 0.12042 ( 1)
  95 I   0.69987 0.01832 0.27374 0.00808 ( 1)
  96 A   0.69847 0.01971 0.27312 0.00870 ( 1)
  97 Q   0.68541 0.03277 0.26740 0.01443 ( 1)
  98 I   0.69946 0.01873 0.27356 0.00826 ( 1)
  99 P   0.68189 0.03629 0.26586 0.01597 ( 1)
 100 V   0.68773 0.03045 0.26841 0.01341 ( 1)
 101 S   0.69703 0.02115 0.27249 0.00933 ( 1)
 102 E   0.69076 0.02742 0.26974 0.01208 ( 1)
 103 A   0.68393 0.03425 0.26675 0.01507 ( 1)
 104 Y   0.43181 0.28637 0.16064 0.12118 ( 1)
 105 L   0.68440 0.03378 0.26696 0.01487 ( 1)
 106 G   0.69808 0.02011 0.27295 0.00887 ( 1)
 107 R   0.69218 0.02600 0.27036 0.01146 ( 1)
 108 V   0.69976 0.01842 0.27369 0.00813 ( 1)
 109 V   0.69814 0.02004 0.27298 0.00884 ( 1)
 110 N   0.70019 0.01799 0.27388 0.00794 ( 1)
 111 A   0.68378 0.03440 0.26668 0.01514 ( 1)
 112 L   0.68394 0.03423 0.26676 0.01507 ( 1)
 113 A   0.69967 0.01851 0.27365 0.00817 ( 1)
 114 K   0.69767 0.02051 0.27277 0.00905 ( 1)
 115 P   0.69470 0.02348 0.27147 0.01035 ( 1)
 116 I   0.69848 0.01970 0.27313 0.00869 ( 1)
 117 D   0.70121 0.01698 0.27432 0.00749 ( 1)
 118 G   0.69808 0.02011 0.27295 0.00887 ( 1)
 119 R   0.68910 0.02908 0.26901 0.01281 ( 1)
 120 G   0.69689 0.02129 0.27243 0.00939 ( 1)
 121 E   0.69892 0.01927 0.27332 0.00850 ( 1)
 122 I   0.69987 0.01832 0.27374 0.00808 ( 1)
 123 S   0.40736 0.31082 0.15081 0.13101 ( 1)
 124 A   0.69967 0.01851 0.27365 0.00817 ( 1)
 125 S   0.69421 0.02397 0.27125 0.01057 ( 1)
 126 E   0.69892 0.01927 0.27332 0.00850 ( 1)
 127 Y   0.69433 0.02385 0.27131 0.01051 ( 1)
 128 R   0.68266 0.03551 0.26620 0.01563 ( 1)
 129 L   0.68951 0.02867 0.26919 0.01263 ( 1)
 130 I   0.69987 0.01832 0.27374 0.00808 ( 1)
 131 E   0.69892 0.01927 0.27332 0.00850 ( 1)
 132 S   0.69421 0.02397 0.27125 0.01057 ( 1)
 133 P   0.43530 0.28288 0.16205 0.11977 ( 1)
 134 A   0.69967 0.01851 0.27365 0.00817 ( 1)
 135 P   0.68487 0.03331 0.26716 0.01466 ( 1)
 136 G   0.69808 0.02011 0.27295 0.00887 ( 1)
 137 I   0.69987 0.01832 0.27374 0.00808 ( 1)
 138 I   0.69987 0.01832 0.27374 0.00808 ( 1)
 139 S   0.69073 0.02745 0.26973 0.01209 ( 1)
 140 R   0.68772 0.03046 0.26841 0.01341 ( 1)
 141 R   0.69218 0.02600 0.27036 0.01146 ( 1)
 142 S   0.68342 0.03476 0.26652 0.01530 ( 1)
 143 V   0.69814 0.02004 0.27298 0.00884 ( 1)
 144 Y   0.68592 0.03225 0.26762 0.01420 ( 1)
 145 E   0.69076 0.02742 0.26974 0.01208 ( 1)
 146 P   0.69470 0.02348 0.27147 0.01035 ( 1)
 147 L   0.69559 0.02259 0.27186 0.00996 ( 1)
 148 Q   0.69181 0.02637 0.27020 0.01162 ( 1)
 149 T   0.68679 0.03139 0.26800 0.01382 ( 1)
 150 G   0.68663 0.03155 0.26793 0.01389 ( 1)
 151 L   0.69559 0.02259 0.27186 0.00996 ( 1)
 152 I   0.69987 0.01832 0.27374 0.00808 ( 1)
 153 A   0.69967 0.01851 0.27365 0.00817 ( 1)
 154 I   0.69987 0.01832 0.27374 0.00808 ( 1)
 155 D   0.70134 0.01684 0.27438 0.00743 ( 1)
 156 S   0.68351 0.03467 0.26657 0.01526 ( 1)
 157 M   0.69618 0.02200 0.27212 0.00970 ( 1)
 158 I   0.69946 0.01873 0.27356 0.00826 ( 1)
 159 P   0.69470 0.02348 0.27147 0.01035 ( 1)
 160 I   0.69946 0.01873 0.27356 0.00826 ( 1)
 161 G   0.68973 0.02845 0.26929 0.01253 ( 1)
 162 R   0.69218 0.02600 0.27036 0.01146 ( 1)
 163 G   0.69793 0.02025 0.27289 0.00893 ( 1)
 164 Q   0.68541 0.03277 0.26740 0.01443 ( 1)
 165 R   0.68772 0.03046 0.26841 0.01341 ( 1)
 166 E   0.69892 0.01927 0.27332 0.00850 ( 1)
 167 L   0.68951 0.02867 0.26919 0.01263 ( 1)
 168 I   0.69987 0.01832 0.27374 0.00808 ( 1)
 169 I   0.69987 0.01832 0.27374 0.00808 ( 1)
 170 G   0.68663 0.03155 0.26793 0.01389 ( 1)
 171 D   0.68909 0.02909 0.26901 0.01281 ( 1)
 172 R   0.69423 0.02395 0.27126 0.01056 ( 1)
 173 Q   0.69181 0.02637 0.27020 0.01162 ( 1)
 174 T   0.68426 0.03392 0.26689 0.01493 ( 1)
 175 G   0.69808 0.02011 0.27295 0.00887 ( 1)
 176 K   0.69767 0.02051 0.27277 0.00905 ( 1)
 177 T   0.69674 0.02145 0.27236 0.00946 ( 1)
 178 A   0.69805 0.02013 0.27294 0.00888 ( 1)
 179 V   0.69814 0.02004 0.27298 0.00884 ( 1)
 180 A   0.69805 0.02013 0.27294 0.00888 ( 1)
 181 T   0.69674 0.02145 0.27236 0.00946 ( 1)
 182 D   0.70134 0.01684 0.27438 0.00743 ( 1)
 183 T   0.68679 0.03139 0.26800 0.01382 ( 1)
 184 I   0.69987 0.01832 0.27374 0.00808 ( 1)
 185 L   0.68280 0.03537 0.26626 0.01557 ( 1)
 186 N   0.68687 0.03131 0.26804 0.01379 ( 1)
 187 Q   0.69181 0.02637 0.27020 0.01162 ( 1)
 188 Q   0.69181 0.02637 0.27020 0.01162 ( 1)
 189 G   0.68305 0.03512 0.26637 0.01546 ( 1)
 190 Q   0.69181 0.02637 0.27020 0.01162 ( 1)
 191 N   0.69973 0.01846 0.27367 0.00814 ( 1)
 192 V   0.69814 0.02004 0.27298 0.00884 ( 1)
 193 I   0.69946 0.01873 0.27356 0.00826 ( 1)
 194 C   0.69164 0.02654 0.27013 0.01169 ( 1)
 195 V   0.69976 0.01842 0.27369 0.00813 ( 1)
 196 Y   0.69433 0.02385 0.27131 0.01051 ( 1)
 197 V   0.69814 0.02004 0.27298 0.00884 ( 1)
 198 A   0.69967 0.01851 0.27365 0.00817 ( 1)
 199 I   0.69987 0.01832 0.27374 0.00808 ( 1)
 200 G   0.69808 0.02011 0.27295 0.00887 ( 1)
 201 Q   0.69181 0.02637 0.27020 0.01162 ( 1)
 202 K   0.69767 0.02051 0.27277 0.00905 ( 1)
 203 A   0.69805 0.02013 0.27294 0.00888 ( 1)
 204 S   0.69421 0.02397 0.27125 0.01057 ( 1)
 205 S   0.69421 0.02397 0.27125 0.01057 ( 1)
 206 V   0.68773 0.03045 0.26841 0.01341 ( 1)
 207 A   0.69942 0.01876 0.27354 0.00828 ( 1)
 208 Q   0.68546 0.03272 0.26742 0.01440 ( 1)
 209 V   0.69814 0.02004 0.27298 0.00884 ( 1)
 210 V   0.68773 0.03045 0.26841 0.01341 ( 1)
 211 T   0.69832 0.01986 0.27306 0.00876 ( 1)
 212 N   0.47257 0.24561 0.17721 0.10461 ( 1)
 213 L   0.37364 0.34453 0.13740 0.14443 ( 1)
 214 Q   0.68541 0.03277 0.26740 0.01443 ( 1)
 215 E   0.69892 0.01927 0.27332 0.00850 ( 1)
 216 R   0.38537 0.33281 0.14205 0.13978 ( 1)
 217 G   0.69591 0.02227 0.27200 0.00982 ( 1)
 218 A   0.68766 0.03052 0.26838 0.01344 ( 1)
 219 M   0.69618 0.02200 0.27212 0.00970 ( 1)
 220 E   0.69892 0.01927 0.27332 0.00850 ( 1)
 221 Y   0.68155 0.03663 0.26571 0.01611 ( 1)
 222 T   0.69832 0.01986 0.27306 0.00876 ( 1)
 223 I   0.69987 0.01832 0.27374 0.00808 ( 1)
 224 V   0.68773 0.03045 0.26841 0.01341 ( 1)
 225 V   0.69814 0.02004 0.27298 0.00884 ( 1)
 226 A   0.69967 0.01851 0.27365 0.00817 ( 1)
 227 E   0.69892 0.01927 0.27332 0.00850 ( 1)
 228 T   0.68679 0.03139 0.26800 0.01382 ( 1)
 229 A   0.68766 0.03052 0.26838 0.01344 ( 1)
 230 D   0.70134 0.01684 0.27438 0.00743 ( 1)
 231 S   0.69421 0.02397 0.27125 0.01057 ( 1)
 232 P   0.69470 0.02348 0.27147 0.01035 ( 1)
 233 A   0.69967 0.01851 0.27365 0.00817 ( 1)
 234 T   0.69674 0.02145 0.27236 0.00946 ( 1)
 235 L   0.68951 0.02867 0.26919 0.01263 ( 1)
 236 Q   0.69181 0.02637 0.27020 0.01162 ( 1)
 237 Y   0.69433 0.02385 0.27131 0.01051 ( 1)
 238 L   0.68204 0.03614 0.26592 0.01590 ( 1)
 239 A   0.69967 0.01851 0.27365 0.00817 ( 1)
 240 P   0.69453 0.02365 0.27139 0.01043 ( 1)
 241 Y   0.69433 0.02385 0.27131 0.01051 ( 1)
 242 T   0.69674 0.02145 0.27236 0.00946 ( 1)
 243 G   0.68377 0.03441 0.26668 0.01514 ( 1)
 244 A   0.69847 0.01971 0.27312 0.00870 ( 1)
 245 A   0.69967 0.01851 0.27365 0.00817 ( 1)
 246 L   0.68312 0.03505 0.26640 0.01543 ( 1)
 247 A   0.68766 0.03052 0.26838 0.01344 ( 1)
 248 E   0.69892 0.01927 0.27332 0.00850 ( 1)
 249 F   0.44972 0.26846 0.16789 0.11392 ( 1)
 250 F   0.69710 0.02109 0.27252 0.00930 ( 1)
 251 M   0.69618 0.02200 0.27212 0.00970 ( 1)
 252 Y   0.68204 0.03613 0.26592 0.01590 ( 1)
 253 R   0.68209 0.03608 0.26595 0.01588 ( 1)
 254 K   0.45902 0.25916 0.17168 0.11014 ( 1)
 255 R   0.68772 0.03046 0.26841 0.01341 ( 1)
 256 H   0.68464 0.03353 0.26706 0.01476 ( 1)
 257 T   0.69832 0.01986 0.27306 0.00876 ( 1)
 258 L   0.40104 0.31714 0.14829 0.13353 ( 1)
 259 I   0.69946 0.01873 0.27356 0.00826 ( 1)
 260 I   0.69987 0.01832 0.27374 0.00808 ( 1)
 261 Y   0.69433 0.02385 0.27131 0.01051 ( 1)
 262 D   0.70134 0.01684 0.27438 0.00743 ( 1)
 263 D   0.70134 0.01684 0.27438 0.00743 ( 1)
 264 P   0.68169 0.03648 0.26577 0.01605 ( 1)
 265 S   0.68507 0.03311 0.26725 0.01458 ( 1)
 266 K   0.69767 0.02051 0.27277 0.00905 ( 1)
 267 Q   0.68541 0.03277 0.26740 0.01443 ( 1)
 268 A   0.69805 0.02013 0.27294 0.00888 ( 1)
 269 Q   0.69181 0.02637 0.27020 0.01162 ( 1)
 270 A   0.69967 0.01851 0.27365 0.00817 ( 1)
 271 Y   0.69433 0.02385 0.27131 0.01051 ( 1)
 272 R   0.68772 0.03046 0.26841 0.01341 ( 1)
 273 Q   0.69181 0.02637 0.27020 0.01162 ( 1)
 274 M   0.69618 0.02200 0.27212 0.00970 ( 1)
 275 S   0.69421 0.02397 0.27125 0.01057 ( 1)
 276 L   0.69559 0.02259 0.27186 0.00996 ( 1)
 277 L   0.69053 0.02765 0.26964 0.01218 ( 1)
 278 L   0.68951 0.02867 0.26919 0.01263 ( 1)
 279 R   0.68772 0.03046 0.26841 0.01341 ( 1)
 280 R   0.69423 0.02395 0.27126 0.01056 ( 1)
 281 P   0.68487 0.03331 0.26716 0.01466 ( 1)
 282 P   0.69121 0.02697 0.26994 0.01188 ( 1)
 283 G   0.69808 0.02011 0.27295 0.00887 ( 1)
 284 R   0.68076 0.03741 0.26537 0.01646 ( 1)
 285 E   0.69892 0.01927 0.27332 0.00850 ( 1)
 286 A   0.69967 0.01851 0.27365 0.00817 ( 1)
 287 Y   0.69433 0.02385 0.27131 0.01051 ( 1)
 288 P   0.68889 0.02928 0.26892 0.01290 ( 1)
 289 G   0.68663 0.03155 0.26793 0.01389 ( 1)
 290 D   0.70134 0.01684 0.27438 0.00743 ( 1)
 291 V   0.69976 0.01842 0.27369 0.00813 ( 1)
 292 F   0.69710 0.02109 0.27252 0.00930 ( 1)
 293 Y   0.69433 0.02385 0.27131 0.01051 ( 1)
 294 L   0.68538 0.03279 0.26739 0.01444 ( 1)
 295 H   0.69647 0.02171 0.27225 0.00957 ( 1)
 296 S   0.69073 0.02745 0.26973 0.01209 ( 1)
 297 R   0.68153 0.03665 0.26570 0.01612 ( 1)
 298 L   0.69559 0.02259 0.27186 0.00996 ( 1)
 299 L   0.68440 0.03378 0.26696 0.01487 ( 1)
 300 E   0.69892 0.01927 0.27332 0.00850 ( 1)
 301 R   0.69423 0.02395 0.27126 0.01056 ( 1)
 302 A   0.69967 0.01851 0.27365 0.00817 ( 1)
 303 A   0.69967 0.01851 0.27365 0.00817 ( 1)
 304 K   0.69767 0.02051 0.27277 0.00905 ( 1)
 305 L   0.68939 0.02879 0.26914 0.01268 ( 1)
 306 G   0.69808 0.02011 0.27295 0.00887 ( 1)
 307 S   0.69421 0.02397 0.27125 0.01057 ( 1)
 308 L   0.69559 0.02259 0.27186 0.00996 ( 1)
 309 L   0.68951 0.02867 0.26919 0.01263 ( 1)
 310 G   0.69808 0.02011 0.27295 0.00887 ( 1)
 311 E   0.69892 0.01927 0.27332 0.00850 ( 1)
 312 G   0.69582 0.02236 0.27196 0.00986 ( 1)
 313 S   0.69703 0.02115 0.27249 0.00933 ( 1)
 314 M   0.69618 0.02200 0.27212 0.00970 ( 1)
 315 T   0.69832 0.01986 0.27306 0.00876 ( 1)
 316 A   0.69967 0.01851 0.27365 0.00817 ( 1)
 317 L   0.68440 0.03378 0.26696 0.01487 ( 1)
 318 P   0.69326 0.02492 0.27084 0.01098 ( 1)
 319 I   0.69946 0.01873 0.27356 0.00826 ( 1)
 320 V   0.69976 0.01842 0.27369 0.00813 ( 1)
 321 E   0.69892 0.01927 0.27332 0.00850 ( 1)
 322 T   0.69832 0.01986 0.27306 0.00876 ( 1)
 323 Q   0.69181 0.02637 0.27020 0.01162 ( 1)
 324 S   0.68376 0.03442 0.26667 0.01515 ( 1)
 325 G   0.69544 0.02274 0.27179 0.01003 ( 1)
 326 D   0.70134 0.01684 0.27438 0.00743 ( 1)
 327 V   0.69857 0.01962 0.27316 0.00865 ( 1)
 328 S   0.68363 0.03455 0.26662 0.01521 ( 1)
 329 A   0.69967 0.01851 0.27365 0.00817 ( 1)
 330 Y   0.69433 0.02385 0.27131 0.01051 ( 1)
 331 I   0.69987 0.01832 0.27374 0.00808 ( 1)
 332 P   0.69470 0.02348 0.27147 0.01035 ( 1)
 333 T   0.69832 0.01986 0.27306 0.00876 ( 1)
 334 N   0.70019 0.01799 0.27388 0.00794 ( 1)
 335 V   0.69814 0.02004 0.27298 0.00884 ( 1)
 336 I   0.69987 0.01832 0.27374 0.00808 ( 1)
 337 S   0.68388 0.03429 0.26673 0.01509 ( 1)
 338 I   0.69987 0.01832 0.27374 0.00808 ( 1)
 339 T   0.69832 0.01986 0.27306 0.00876 ( 1)
 340 D   0.70134 0.01684 0.27438 0.00743 ( 1)
 341 G   0.69591 0.02227 0.27200 0.00982 ( 1)
 342 Q   0.69175 0.02643 0.27018 0.01164 ( 1)
 343 I   0.69946 0.01873 0.27356 0.00826 ( 1)
 344 F   0.68463 0.03354 0.26706 0.01477 ( 1)
 345 L   0.68951 0.02867 0.26919 0.01263 ( 1)
 346 S   0.69421 0.02397 0.27125 0.01057 ( 1)
 347 A   0.68582 0.03236 0.26758 0.01425 ( 1)
 348 D   0.70134 0.01684 0.27438 0.00743 ( 1)
 349 L   0.69053 0.02765 0.26964 0.01218 ( 1)
 350 F   0.68463 0.03354 0.26706 0.01477 ( 1)
 351 N   0.69954 0.01864 0.27359 0.00822 ( 1)
 352 A   0.46846 0.24973 0.17553 0.10629 ( 1)
 353 G   0.69191 0.02627 0.27025 0.01158 ( 1)
 354 I   0.68507 0.03311 0.26725 0.01458 ( 1)
 355 R   0.69349 0.02469 0.27094 0.01088 ( 1)
 356 P   0.69470 0.02348 0.27147 0.01035 ( 1)
 357 A   0.69967 0.01851 0.27365 0.00817 ( 1)
 358 I   0.69987 0.01832 0.27374 0.00808 ( 1)
 359 N   0.70019 0.01799 0.27388 0.00794 ( 1)
 360 V   0.68773 0.03045 0.26841 0.01341 ( 1)
 361 G   0.69808 0.02011 0.27295 0.00887 ( 1)
 362 I   0.68480 0.03337 0.26713 0.01469 ( 1)
 363 S   0.68151 0.03667 0.26569 0.01613 ( 1)
 364 V   0.69976 0.01842 0.27369 0.00813 ( 1)
 365 S   0.68422 0.03396 0.26688 0.01495 ( 1)
 366 R   0.69423 0.02395 0.27126 0.01056 ( 1)
 367 V   0.68773 0.03045 0.26841 0.01341 ( 1)
 368 G   0.69591 0.02227 0.27200 0.00982 ( 1)
 369 S   0.69421 0.02397 0.27125 0.01057 ( 1)
 370 A   0.69805 0.02013 0.27294 0.00888 ( 1)
 371 A   0.69967 0.01851 0.27365 0.00817 ( 1)
 372 Q   0.69181 0.02637 0.27020 0.01162 ( 1)
 373 I   0.69979 0.01840 0.27370 0.00812 ( 1)
 374 K   0.69767 0.02051 0.27277 0.00905 ( 1)
 375 A   0.69967 0.01851 0.27365 0.00817 ( 1)
 376 M   0.69618 0.02200 0.27212 0.00970 ( 1)
 377 K   0.69767 0.02051 0.27277 0.00905 ( 1)
 378 Q   0.69142 0.02676 0.27003 0.01179 ( 1)
 379 V   0.69976 0.01842 0.27369 0.00813 ( 1)
 380 A   0.69967 0.01851 0.27365 0.00817 ( 1)
 381 G   0.68305 0.03512 0.26637 0.01546 ( 1)
 382 K   0.69767 0.02051 0.27277 0.00905 ( 1)
 383 L   0.68951 0.02867 0.26919 0.01263 ( 1)
 384 K   0.69767 0.02051 0.27277 0.00905 ( 1)
 385 L   0.68440 0.03378 0.26696 0.01487 ( 1)
 386 E   0.69892 0.01927 0.27332 0.00850 ( 1)
 387 L   0.68349 0.03469 0.26656 0.01527 ( 1)
 388 A   0.68766 0.03052 0.26838 0.01344 ( 1)
 389 Q   0.69181 0.02637 0.27020 0.01162 ( 1)
 390 F   0.68463 0.03354 0.26706 0.01477 ( 1)
 391 A   0.69805 0.02013 0.27294 0.00888 ( 1)
 392 E   0.69892 0.01927 0.27332 0.00850 ( 1)
 393 L   0.68951 0.02867 0.26919 0.01263 ( 1)
 394 E   0.69892 0.01927 0.27332 0.00850 ( 1)
 395 A   0.68378 0.03440 0.26668 0.01514 ( 1)
 396 F   0.69710 0.02109 0.27252 0.00930 ( 1)
 397 A   0.69805 0.02013 0.27294 0.00888 ( 1)
 398 Q   0.69181 0.02637 0.27020 0.01162 ( 1)
 399 F   0.69710 0.02109 0.27252 0.00930 ( 1)
 400 A   0.47546 0.24272 0.17840 0.10342 ( 1)
 401 S   0.69421 0.02397 0.27125 0.01057 ( 1)
 402 D   0.70134 0.01684 0.27438 0.00743 ( 1)
 403 L   0.68590 0.03228 0.26761 0.01421 ( 1)
 404 D   0.70134 0.01684 0.27438 0.00743 ( 1)
 405 K   0.69767 0.02051 0.27277 0.00905 ( 1)
 406 A   0.47474 0.24345 0.17810 0.10372 ( 1)
 407 T   0.69832 0.01986 0.27306 0.00876 ( 1)
 408 Q   0.68541 0.03277 0.26740 0.01443 ( 1)
 409 N   0.70019 0.01799 0.27388 0.00794 ( 1)
 410 Q   0.69181 0.02637 0.27020 0.01162 ( 1)
 411 L   0.68440 0.03378 0.26696 0.01487 ( 1)
 412 A   0.69805 0.02013 0.27294 0.00888 ( 1)
 413 R   0.69423 0.02395 0.27126 0.01056 ( 1)
 414 G   0.69808 0.02011 0.27295 0.00887 ( 1)
 415 Q   0.69181 0.02637 0.27020 0.01162 ( 1)
 416 R   0.68598 0.03219 0.26765 0.01417 ( 1)
 417 L   0.68951 0.02867 0.26919 0.01263 ( 1)
 418 R   0.69218 0.02600 0.27036 0.01146 ( 1)
 419 E   0.69892 0.01927 0.27332 0.00850 ( 1)
 420 L   0.68440 0.03378 0.26696 0.01487 ( 1)
 421 L   0.69559 0.02259 0.27186 0.00996 ( 1)
 422 K   0.69767 0.02051 0.27277 0.00905 ( 1)
 423 Q   0.69181 0.02637 0.27020 0.01162 ( 1)
 424 S   0.68151 0.03667 0.26569 0.01613 ( 1)
 425 Q   0.69181 0.02637 0.27020 0.01162 ( 1)
 426 S   0.68174 0.03643 0.26579 0.01603 ( 1)
 427 A   0.68425 0.03393 0.26689 0.01493 ( 1)
 428 P   0.69470 0.02348 0.27147 0.01035 ( 1)
 429 L   0.69559 0.02259 0.27186 0.00996 ( 1)
 430 A   0.68766 0.03052 0.26838 0.01344 ( 1)
 431 V   0.69814 0.02004 0.27298 0.00884 ( 1)
 432 E   0.46198 0.25620 0.17288 0.10893 ( 1)
 433 E   0.69892 0.01927 0.27332 0.00850 ( 1)
 434 Q   0.68541 0.03277 0.26740 0.01443 ( 1)
 435 I   0.69946 0.01873 0.27356 0.00826 ( 1)
 436 M   0.69618 0.02200 0.27212 0.00970 ( 1)
 437 T   0.69832 0.01986 0.27306 0.00876 ( 1)
 438 I   0.69987 0.01832 0.27374 0.00808 ( 1)
 439 Y   0.69433 0.02385 0.27131 0.01051 ( 1)
 440 T   0.68429 0.03389 0.26691 0.01492 ( 1)
 441 G   0.69591 0.02227 0.27200 0.00982 ( 1)
 442 T   0.69674 0.02145 0.27236 0.00946 ( 1)
 443 N   0.70019 0.01799 0.27388 0.00794 ( 1)
 444 G   0.69808 0.02011 0.27295 0.00887 ( 1)
 445 Y   0.69433 0.02385 0.27131 0.01051 ( 1)
 446 L   0.69537 0.02281 0.27176 0.01006 ( 1)
 447 D   0.70134 0.01684 0.27438 0.00743 ( 1)
 448 S   0.69073 0.02745 0.26973 0.01209 ( 1)
 449 L   0.68951 0.02867 0.26919 0.01263 ( 1)
 450 E   0.69892 0.01927 0.27332 0.00850 ( 1)
 451 I   0.69973 0.01845 0.27368 0.00814 ( 1)
 452 G   0.69531 0.02287 0.27173 0.01008 ( 1)
 453 Q   0.68541 0.03277 0.26740 0.01443 ( 1)
 454 V   0.69814 0.02004 0.27298 0.00884 ( 1)
 455 R   0.68665 0.03153 0.26794 0.01388 ( 1)
 456 K   0.69767 0.02051 0.27277 0.00905 ( 1)
 457 F   0.69710 0.02109 0.27252 0.00930 ( 1)
 458 L   0.69559 0.02259 0.27186 0.00996 ( 1)
 459 V   0.69976 0.01842 0.27369 0.00813 ( 1)
 460 E   0.69076 0.02742 0.26974 0.01208 ( 1)
 461 L   0.68951 0.02867 0.26919 0.01263 ( 1)
 462 R   0.69208 0.02610 0.27032 0.01150 ( 1)
 463 T   0.69832 0.01986 0.27306 0.00876 ( 1)
 464 Y   0.68155 0.03663 0.26571 0.01611 ( 1)
 465 L   0.69053 0.02765 0.26964 0.01218 ( 1)
 466 K   0.69767 0.02051 0.27277 0.00905 ( 1)
 467 T   0.69674 0.02145 0.27236 0.00946 ( 1)
 468 N   0.70019 0.01799 0.27388 0.00794 ( 1)
 469 K   0.69767 0.02051 0.27277 0.00905 ( 1)
 470 P   0.68483 0.03335 0.26714 0.01468 ( 1)
 471 Q   0.37766 0.34052 0.13899 0.14284 ( 1)
 472 F   0.69710 0.02109 0.27252 0.00930 ( 1)
 473 Q   0.41442 0.30376 0.15364 0.12818 ( 1)
 474 E   0.69892 0.01927 0.27332 0.00850 ( 1)
 475 I   0.69946 0.01873 0.27356 0.00826 ( 1)
 476 I   0.69946 0.01873 0.27356 0.00826 ( 1)
 477 S   0.69421 0.02397 0.27125 0.01057 ( 1)
 478 S   0.69421 0.02397 0.27125 0.01057 ( 1)
 479 T   0.68317 0.03501 0.26642 0.01541 ( 1)
 480 K   0.68978 0.02840 0.26931 0.01251 ( 1)
 481 T   0.45115 0.26703 0.16848 0.11334 ( 1)
 482 F   0.68481 0.03337 0.26713 0.01469 ( 1)
 483 T   0.68429 0.03389 0.26691 0.01492 ( 1)
 484 E   0.69076 0.02742 0.26974 0.01208 ( 1)
 485 E   0.69892 0.01927 0.27332 0.00850 ( 1)
 486 A   0.69805 0.02013 0.27294 0.00888 ( 1)
 487 E   0.69892 0.01927 0.27332 0.00850 ( 1)
 488 A   0.03895 0.67922 0.01330 0.26852 ( 2)
 489 L   0.69559 0.02259 0.27186 0.00996 ( 1)
 490 L   0.68440 0.03378 0.26696 0.01487 ( 1)
 491 K   0.69767 0.02051 0.27277 0.00905 ( 1)
 492 E   0.69892 0.01927 0.27332 0.00850 ( 1)
 493 A   0.69967 0.01851 0.27365 0.00817 ( 1)
 494 I   0.69987 0.01832 0.27374 0.00808 ( 1)
 495 Q   0.37553 0.34265 0.13814 0.14368 ( 1)
 496 E   0.69892 0.01927 0.27332 0.00850 ( 1)
 497 Q   0.68541 0.03277 0.26740 0.01443 ( 1)
 498 M   0.69618 0.02200 0.27212 0.00970 ( 1)
 499 E   0.69892 0.01927 0.27332 0.00850 ( 1)
 500 R   0.69218 0.02600 0.27036 0.01146 ( 1)
 501 F   0.69710 0.02109 0.27252 0.00930 ( 1)
 502 L   0.05847 0.65970 0.02006 0.26176 ( 2)
 503 L   0.44270 0.27548 0.16505 0.11677 ( 1)
 504 Q   0.68541 0.03277 0.26740 0.01443 ( 1)
 505 E   0.69892 0.01927 0.27332 0.00850 ( 1)
 506 Q   0.69181 0.02637 0.27020 0.01162 ( 1)
 507 V   0.46074 0.25744 0.17238 0.10944 ( 1)

