

TREE # 1

  0  0.0000   3063.999292  x:  0.00000   0.01820   0.04165   0.01653   0.05105   0.05018   0.02468   0.03065   0.04926   0.01434   0.03886   0.01929   0.01839   0.01151   0.01685   0.04947   0.04301   0.02318   0.04541   0.03017   0.05646   0.03129   0.01104   0.02979   0.00631   0.05264   0.03386   0.04088   0.06245   0.03387   2.00000   1.09989   0.02896   0.27919   2.57308  
  1 99.0000   3063.984196  x:  0.00000   0.01820   0.04165   0.01653   0.05105   0.05018   0.02467   0.03065   0.04926   0.01434   0.03885   0.01929   0.01838   0.01151   0.01685   0.04947   0.04301   0.02317   0.04541   0.03017   0.05646   0.03128   0.01104   0.02979   0.00631   0.05264   0.03386   0.04088   0.06245   0.03387   2.00000   1.09989   0.02896   0.27919   2.57308  
  2 1802.5017   2993.234616  x:  0.00000   0.01835   0.03017   0.00917   0.04033   0.03945   0.01250   0.02209   0.03776   0.00275   0.02947   0.01069   0.01004   0.00000   0.01428   0.04166   0.03337   0.01923   0.04180   0.02524   0.04810   0.02510   0.01077   0.02911   0.00933   0.04329   0.02615   0.03903   0.05523   0.03170   2.00014   1.10031   0.02853   0.27750   2.57308  
  3 12986.2674   2980.333740  x:  0.00000   0.01828   0.02745   0.00849   0.03789   0.03702   0.00964   0.02062   0.03504   0.00000   0.02760   0.00956   0.00907   0.00000   0.01436   0.04018   0.03137   0.01904   0.04135   0.02465   0.04641   0.02429   0.01076   0.02893   0.00900   0.04132   0.02487   0.03873   0.05382   0.03183   2.00018   1.10048   0.02836   0.27827   2.57308  
  4 17924.5106   2944.180747  x:  0.00000   0.01839   0.01828   0.00700   0.03002   0.02918   0.00000   0.01679   0.02585   0.00000   0.02221   0.00791   0.00767   0.00000   0.01166   0.03585   0.02537   0.01692   0.03951   0.02257   0.04126   0.02177   0.00896   0.02897   0.00872   0.03528   0.02138   0.03703   0.04953   0.03068   2.00029   1.10098   0.02782   0.28126   2.57309  
  5 31670.8358   2901.639819  x:  0.00000   0.01664   0.00000   0.00347   0.01774   0.01708   0.00000   0.01646   0.00749   0.00000   0.01893   0.00944   0.00624   0.00000   0.01241   0.03125   0.02001   0.00944   0.03301   0.01727   0.03481   0.01672   0.01314   0.02816   0.01282   0.02803   0.01910   0.03095   0.04364   0.03738   2.00048   1.10121   0.02754   0.28231   2.57311  
  6 3996.3194   2891.768947  x:  0.00000   0.01710   0.00000   0.00520   0.01399   0.01344   0.00000   0.01670   0.00000   0.00000   0.01887   0.00852   0.00507   0.00000   0.01230   0.03010   0.01926   0.01109   0.03092   0.01610   0.03304   0.01535   0.01306   0.02801   0.01346   0.02625   0.01857   0.02902   0.04179   0.03787   2.00055   1.10107   0.02767   0.28051   2.57313  
  7 2266.0353   2880.725970  x:  0.00000   0.01741   0.00000   0.00041   0.00483   0.00477   0.00000   0.01708   0.00000   0.00000   0.01925   0.00567   0.00708   0.00000   0.01392   0.02781   0.01816   0.01385   0.02913   0.01800   0.02886   0.01587   0.01154   0.02745   0.01194   0.02222   0.01784   0.02737   0.03734   0.03587   2.00078   1.10062   0.02807   0.27563   2.57317  
  8 1225.4053   2876.620903  x:  0.00000   0.01684   0.00000   0.00104   0.00106   0.00124   0.00000   0.01644   0.00000   0.00000   0.01889   0.00372   0.00850   0.00000   0.01526   0.02647   0.01732   0.01225   0.02916   0.01962   0.02667   0.01666   0.01119   0.02705   0.01097   0.02013   0.01707   0.02764   0.03508   0.03474   2.00090   1.10039   0.02829   0.27265   2.57319  
  9 2193.3069   2862.659011  x:  0.00000   0.01562   0.00000   0.00168   0.00495   0.00035   0.00000   0.01294   0.00000   0.00000   0.01350   0.00135   0.01316   0.00000   0.02037   0.01699   0.00818   0.01026   0.02645   0.02339   0.01167   0.01758   0.01049   0.02500   0.00737   0.00450   0.01241   0.02546   0.02055   0.03079   2.00162   1.09999   0.02854   0.26604   2.57330  
 10 806.9178   2861.545705  x:  0.00000   0.01549   0.00000   0.00174   0.00452   0.00131   0.00000   0.01240   0.00000   0.00000   0.01272   0.00125   0.01365   0.00000   0.02101   0.01577   0.00699   0.01005   0.02613   0.02383   0.00980   0.01765   0.01041   0.02475   0.00692   0.00276   0.01177   0.02522   0.01872   0.03031   2.00172   1.09995   0.02856   0.26524   2.57332  
 11 5553.0429   2858.423242  x:  0.00000   0.01557   0.00000   0.00176   0.00436   0.00146   0.00000   0.00915   0.00000   0.00000   0.00893   0.00426   0.01299   0.00000   0.02249   0.01221   0.00333   0.00981   0.02623   0.02443   0.00576   0.01738   0.01034   0.02423   0.00558   0.00491   0.00929   0.02572   0.01422   0.02920   2.00200   1.09998   0.02847   0.26345   2.57336  
 12 971.5855   2855.039935  x:  0.00000   0.01636   0.00000   0.00165   0.00419   0.00158   0.00000   0.00458   0.00000   0.00000   0.00295   0.00310   0.01109   0.00000   0.02242   0.00943   0.00458   0.00888   0.02714   0.02357   0.00818   0.01628   0.01036   0.02428   0.00494   0.00573   0.00713   0.02683   0.01160   0.02932   2.00241   1.10048   0.02788   0.26526   2.57340  
 13 435.1494   2853.366116  x:  0.00000   0.01655   0.00000   0.00148   0.00390   0.00162   0.00000   0.00224   0.00000   0.00000   0.00434   0.00159   0.00743   0.00000   0.02169   0.00916   0.00280   0.00761   0.02905   0.02243   0.00816   0.01509   0.01008   0.02448   0.00431   0.00620   0.00592   0.02914   0.01252   0.02937   2.00274   1.10115   0.02715   0.26764   2.57344  
 14 362.9877   2852.151526  x:  0.00000   0.01640   0.00000   0.00129   0.00355   0.00152   0.00000   0.00365   0.00000   0.00000   0.00376   0.00132   0.00287   0.00000   0.02109   0.00893   0.00264   0.00636   0.03143   0.02156   0.00731   0.01398   0.00959   0.02456   0.00339   0.00583   0.00481   0.03215   0.01335   0.02900   2.00306   1.10183   0.02642   0.26919   2.57346  
 15 672.2440   2851.974910  x:  0.00000   0.01620   0.00000   0.00125   0.00346   0.00143   0.00000   0.00317   0.00000   0.00000   0.00376   0.00182   0.00212   0.00000   0.02093   0.00899   0.00307   0.00632   0.03204   0.02125   0.00696   0.01361   0.00944   0.02453   0.00333   0.00531   0.00508   0.03304   0.01348   0.02907   2.00314   1.10204   0.02621   0.26918   2.57346  
 16 322.8247   2851.670132  x:  0.00000   0.01550   0.00000   0.00120   0.00335   0.00139   0.00000   0.00313   0.00000   0.00000   0.00316   0.00154   0.00263   0.00000   0.02011   0.00916   0.00301   0.00681   0.03360   0.01965   0.00598   0.01203   0.00907   0.02444   0.00382   0.00518   0.00612   0.03571   0.01348   0.02996   2.00341   1.10281   0.02542   0.26871   2.57347  
 17 200.8472   2851.512500  x:  0.00000   0.01526   0.00000   0.00118   0.00328   0.00131   0.00000   0.00331   0.00000   0.00000   0.00356   0.00191   0.00311   0.00000   0.01967   0.00886   0.00283   0.00714   0.03443   0.01853   0.00654   0.01124   0.00899   0.02427   0.00392   0.00475   0.00551   0.03751   0.01279   0.03035   2.00365   1.10351   0.02471   0.26805   2.57348  
 18 190.8432   2851.413263  x:  0.00000   0.01544   0.00000   0.00117   0.00326   0.00134   0.00000   0.00335   0.00000   0.00000   0.00402   0.00169   0.00318   0.00000   0.01931   0.00874   0.00341   0.00705   0.03430   0.01773   0.00618   0.01155   0.00912   0.02407   0.00373   0.00498   0.00544   0.03839   0.01179   0.03040   2.00396   1.10451   0.02369   0.26750   2.57348  
 19 87.2103   2851.127461  x:  0.00000   0.01626   0.00000   0.00113   0.00317   0.00130   0.00000   0.00345   0.00000   0.00000   0.00391   0.00172   0.00286   0.00000   0.01835   0.00947   0.00277   0.00683   0.03318   0.01606   0.00663   0.01340   0.00948   0.02361   0.00323   0.00477   0.00649   0.04037   0.01058   0.03051   2.00508   1.10801   0.02015   0.26471   2.57349  
 20 177.1260   2850.299080  x:  0.00000   0.01730   0.00000   0.00111   0.00310   0.00122   0.00000   0.00314   0.00000   0.00000   0.00324   0.00204   0.00380   0.00000   0.01609   0.00985   0.00305   0.00694   0.02930   0.01368   0.00559   0.01707   0.00971   0.02321   0.00316   0.00429   0.00476   0.04427   0.01288   0.03142   2.00866   1.11925   0.00876   0.25580   2.57352  
 21 331.2813   2848.271002  x:  0.00000   0.01541   0.00000   0.00112   0.00317   0.00126   0.00000   0.00349   0.00000   0.00000   0.00380   0.00199   0.00352   0.00000   0.01257   0.00537   0.00294   0.00653   0.02296   0.01517   0.00628   0.01886   0.00776   0.02410   0.00382   0.00450   0.00638   0.04934   0.01421   0.03252   2.01695   1.14541  -0.01773   0.23582   2.57359  
 22 669.9474   2844.521102  x:  0.00000   0.01177   0.00000   0.00118   0.00335   0.00136   0.00000   0.00336   0.00000   0.00000   0.00371   0.00200   0.00347   0.00000   0.00712   0.00925   0.00307   0.00534   0.01448   0.01980   0.00672   0.01712   0.00423   0.02641   0.00455   0.00495   0.00549   0.05458   0.01244   0.03341   2.03322   1.19680  -0.06980   0.19656   2.57374  
 23 2247.1896   2840.308431  x:  0.00000   0.01567   0.00000   0.00116   0.00333   0.00131   0.00000   0.00347   0.00000   0.00000   0.00386   0.00241   0.00480   0.00000   0.00226   0.00914   0.00332   0.00318   0.01523   0.02076   0.00645   0.01486   0.00471   0.02876   0.00321   0.00464   0.00640   0.05387   0.01310   0.03293   2.04879   1.24596  -0.11959   0.15725   2.57387  
 24 2398.0975   2838.914136  x:  0.00000   0.01679   0.00000   0.00117   0.00337   0.00132   0.00000   0.00352   0.00000   0.00000   0.00394   0.00259   0.00534   0.00000   0.00319   0.00910   0.00346   0.00196   0.01554   0.01903   0.00654   0.01441   0.00236   0.03012   0.00317   0.00464   0.00683   0.05319   0.01351   0.03211   2.05457   1.26423  -0.13809   0.14260   2.57392  
 25 3738.5267   2837.022793  x:  0.00000   0.01099   0.00000   0.00114   0.00334   0.00134   0.00000   0.00345   0.00000   0.00000   0.00387   0.00262   0.00556   0.00000   0.00227   0.00893   0.00351   0.00194   0.01832   0.01406   0.00700   0.01740   0.00171   0.03482   0.00235   0.00477   0.00688   0.04972   0.01393   0.02994   2.06297   1.29076  -0.16497   0.12014   2.57400  
 26 1324.2886   2836.707158  x:  0.00000   0.01078   0.00000   0.00114   0.00335   0.00134   0.00000   0.00346   0.00000   0.00000   0.00388   0.00269   0.00584   0.00000   0.00258   0.00895   0.00357   0.00182   0.01782   0.01345   0.00701   0.01707   0.00247   0.03793   0.00153   0.00472   0.00707   0.05023   0.01410   0.02913   2.06465   1.29607  -0.17035   0.11503   2.57401  
 27 381.7998   2835.473705  x:  0.00000   0.01264   0.00000   0.00113   0.00337   0.00126   0.00000   0.00361   0.00000   0.00000   0.00401   0.00279   0.00581   0.00000   0.00291   0.00914   0.00346   0.00209   0.01921   0.01427   0.00633   0.02027   0.00275   0.05247   0.00368   0.00425   0.00672   0.05285   0.01259   0.03124   2.07241   1.32059  -0.19519   0.09042   2.57407  
 28 784.5026   2830.015477  x:  0.00000   0.01317   0.00000   0.00128   0.00385   0.00138   0.00000   0.00389   0.00000   0.00000   0.00434   0.00309   0.00668   0.00000   0.00279   0.00981   0.00386   0.00217   0.01980   0.01794   0.00691   0.02269   0.00233   0.05504   0.00272   0.00462   0.00738   0.06017   0.01385   0.03296   2.09841   1.40335  -0.27906   0.00000   2.57425  
 29 408.9580   2827.391327  x:  0.00000   0.01430   0.00000   0.00124   0.00363   0.00130   0.00000   0.00381   0.00000   0.00000   0.00424   0.00302   0.00654   0.00000   0.00298   0.00942   0.00369   0.00283   0.01957   0.01851   0.00630   0.02157   0.00135   0.05620   0.00059   0.00429   0.00716   0.05608   0.01314   0.03687   2.15408   1.50680  -0.38170   0.02170   2.57395  
 30 16.2884   2819.427669  x:  0.00000   0.01096   0.00000   0.00091   0.00248   0.00109   0.00000   0.00347   0.00000   0.00000   0.00377   0.00253   0.00455   0.00000   0.00271   0.00816   0.00277   0.00158   0.01856   0.01282   0.00506   0.01857   0.00272   0.04531   0.00152   0.00375   0.00568   0.03388   0.01048   0.04883   2.40527   1.95431  -0.82244   0.08839   2.57192  
 31 62.5965   2816.620654  x:  0.00000   0.01289   0.00000   0.00094   0.00235   0.00117   0.00000   0.00351   0.00000   0.00000   0.00384   0.00234   0.00403   0.00000   0.00299   0.00807   0.00287   0.00249   0.01599   0.00648   0.00570   0.01401   0.00240   0.04382   0.00202   0.00420   0.00613   0.03068   0.01160   0.04259   2.55552   2.08006  -0.94878   0.10414   2.57232  
 32  6.3491   2809.681422  x:  0.00000   0.01285   0.00000   0.00136   0.00293   0.00171   0.00000   0.00408   0.00000   0.00000   0.00448   0.00220   0.00269   0.00000   0.00405   0.01006   0.00357   0.00314   0.02274   0.00738   0.00825   0.01051   0.00346   0.03478   0.00177   0.00645   0.00670   0.01783   0.01459   0.05553   3.21823   1.82021  -0.68574   0.05516   2.57081  
 33  3.5685   2809.446480  x:  0.00535   0.01285   0.00000   0.00139   0.00298   0.00175   0.00000   0.00414   0.00000   0.00000   0.00453   0.00218   0.00257   0.00000   0.00415   0.01023   0.00363   0.00320   0.02334   0.00746   0.00847   0.01020   0.00355   0.03398   0.00175   0.00664   0.00675   0.01671   0.01485   0.05667   3.27650   1.79737  -0.66263   0.05085   2.57068  
 34 1174.0496   2807.377766  x:  0.00878   0.01456   0.00000   0.00142   0.00226   0.00177   0.00000   0.00408   0.00000   0.00000   0.00431   0.00207   0.00213   0.00000   0.00470   0.01042   0.00389   0.00415   0.02400   0.01189   0.00884   0.00594   0.00368   0.02847   0.00189   0.00657   0.00667   0.01262   0.01509   0.05254   2.95032   1.96349  -0.82954   0.06690   2.57112  
 35  1.1659   2806.265482  x:  0.01287   0.01599   0.00000   0.00152   0.00182   0.00181   0.00000   0.00413   0.00000   0.00000   0.00423   0.00209   0.00193   0.00000   0.00522   0.01041   0.00405   0.00483   0.02454   0.01244   0.00891   0.00913   0.00382   0.02796   0.00189   0.00652   0.00655   0.00822   0.01532   0.05400   2.45041   2.00417  -0.87011   0.05798   2.57104  
 36  1.3795   2805.835135  x:  0.01387   0.01783   0.00000   0.00188   0.00241   0.00184   0.00000   0.00409   0.00000   0.00000   0.00403   0.00217   0.00222   0.00000   0.00562   0.01030   0.00412   0.00547   0.02420   0.01254   0.00862   0.00889   0.00383   0.03125   0.00212   0.00630   0.00625   0.00745   0.01488   0.05189   2.57930   2.01745  -0.88423   0.05036   2.57133  
 37  0.1767   2805.613401  x:  0.01331   0.01868   0.00000   0.00221   0.00273   0.00195   0.00000   0.00421   0.00000   0.00000   0.00416   0.00217   0.00217   0.00000   0.00600   0.01059   0.00431   0.00604   0.02440   0.01190   0.00892   0.00914   0.00398   0.03103   0.00227   0.00646   0.00633   0.00836   0.01545   0.05072   2.58583   2.09274  -0.95985   0.06267   2.57152  
 38  0.1746   2805.431828  x:  0.01522   0.01921   0.00000   0.00229   0.00224   0.00199   0.00000   0.00425   0.00000   0.00000   0.00421   0.00206   0.00187   0.00000   0.00631   0.01059   0.00432   0.00656   0.02388   0.01030   0.00888   0.00795   0.00414   0.03005   0.00225   0.00635   0.00620   0.00634   0.01537   0.05109   2.52821   2.12209  -0.98885   0.06112   2.57140  
 39  0.1539   2805.386038  x:  0.01581   0.01914   0.00000   0.00225   0.00191   0.00199   0.00000   0.00423   0.00000   0.00000   0.00422   0.00209   0.00210   0.00000   0.00646   0.01055   0.00433   0.00685   0.02364   0.01040   0.00884   0.00830   0.00421   0.02928   0.00225   0.00621   0.00626   0.00573   0.01538   0.05057   2.59370   2.12780  -0.99463   0.06084   2.57144  
 40  0.1718   2805.318707  x:  0.01696   0.01843   0.00000   0.00232   0.00216   0.00205   0.00000   0.00418   0.00000   0.00000   0.00420   0.00211   0.00217   0.00000   0.00669   0.01048   0.00424   0.00763   0.02293   0.01069   0.00888   0.00863   0.00436   0.02995   0.00217   0.00625   0.00635   0.00443   0.01524   0.05196   2.56357   2.12728  -0.99378   0.06008   2.57129  
 41  0.0195   2805.300654  x:  0.01739   0.01840   0.00000   0.00225   0.00201   0.00207   0.00000   0.00416   0.00000   0.00000   0.00415   0.00205   0.00194   0.00000   0.00663   0.01045   0.00416   0.00800   0.02316   0.01069   0.00888   0.00854   0.00438   0.03018   0.00214   0.00625   0.00626   0.00400   0.01513   0.05176   2.58905   2.11569  -0.98227   0.06030   2.57131  
 42  0.0205   2805.284931  x:  0.01795   0.01848   0.00000   0.00219   0.00205   0.00209   0.00000   0.00418   0.00000   0.00000   0.00417   0.00208   0.00212   0.00000   0.00651   0.01049   0.00415   0.00830   0.02351   0.01050   0.00889   0.00828   0.00436   0.02977   0.00209   0.00627   0.00631   0.00345   0.01518   0.05154   2.57217   2.09911  -0.96575   0.05991   2.57131  
 43  0.0306   2805.280032  x:  0.01793   0.01855   0.00000   0.00215   0.00215   0.00209   0.00000   0.00419   0.00000   0.00000   0.00421   0.00208   0.00208   0.00000   0.00637   0.01049   0.00417   0.00836   0.02343   0.01060   0.00889   0.00843   0.00429   0.02962   0.00210   0.00627   0.00634   0.00348   0.01528   0.05149   2.57985   2.08542  -0.95210   0.05905   2.57131  
 44  0.0170   2805.278630  x:  0.01789   0.01860   0.00000   0.00213   0.00211   0.00209   0.00000   0.00420   0.00000   0.00000   0.00421   0.00209   0.00210   0.00000   0.00632   0.01050   0.00420   0.00838   0.02336   0.01062   0.00891   0.00845   0.00424   0.02989   0.00211   0.00627   0.00634   0.00354   0.01529   0.05155   2.57383   2.08185  -0.94852   0.05892   2.57130  
 45  0.0108   2805.278081  x:  0.01790   0.01860   0.00000   0.00214   0.00211   0.00209   0.00000   0.00418   0.00000   0.00000   0.00417   0.00209   0.00209   0.00000   0.00629   0.01048   0.00421   0.00839   0.02331   0.01056   0.00891   0.00845   0.00420   0.02981   0.00212   0.00626   0.00630   0.00353   0.01523   0.05158   2.57365   2.08466  -0.95128   0.05903   2.57128  
 46  0.0029   2805.277874  x:  0.01793   0.01859   0.00000   0.00216   0.00210   0.00209   0.00000   0.00419   0.00000   0.00000   0.00420   0.00209   0.00209   0.00000   0.00629   0.01050   0.00421   0.00840   0.02333   0.01056   0.00889   0.00844   0.00417   0.02980   0.00212   0.00626   0.00632   0.00350   0.01526   0.05161   2.57478   2.08776  -0.95433   0.05917   2.57126  
 47  0.0029   2805.277836  x:  0.01794   0.01857   0.00000   0.00216   0.00211   0.00209   0.00000   0.00419   0.00000   0.00000   0.00419   0.00209   0.00209   0.00000   0.00628   0.01050   0.00421   0.00840   0.02335   0.01058   0.00889   0.00844   0.00416   0.02981   0.00211   0.00626   0.00632   0.00349   0.01525   0.05160   2.57461   2.08860  -0.95514   0.05920   2.57125  
 48  0.0009   2805.277831  x:  0.01794   0.01858   0.00000   0.00216   0.00211   0.00209   0.00000   0.00419   0.00000   0.00000   0.00419   0.00209   0.00209   0.00000   0.00628   0.01049   0.00421   0.00841   0.02334   0.01058   0.00890   0.00844   0.00416   0.02981   0.00211   0.00627   0.00632   0.00349   0.01526   0.05160   2.57448   2.08867  -0.95517   0.05918   2.57123  
 49  0.0001   2805.277830  x:  0.01794   0.01858   0.00000   0.00216   0.00211   0.00209   0.00000   0.00419   0.00000   0.00000   0.00419   0.00209   0.00209   0.00000   0.00628   0.01049   0.00421   0.00840   0.02334   0.01058   0.00890   0.00844   0.00416   0.02981   0.00211   0.00627   0.00632   0.00349   0.01526   0.05159   2.57456   2.08869  -0.95516   0.05920   2.57122  
 50  0.0001   2805.277829  x:  0.01794   0.01857   0.00000   0.00216   0.00211   0.00208   0.00000   0.00419   0.00000   0.00000   0.00419   0.00209   0.00209   0.00000   0.00628   0.01049   0.00421   0.00841   0.02334   0.01058   0.00890   0.00844   0.00416   0.02981   0.00211   0.00627   0.00632   0.00349   0.01525   0.05159   2.57458   2.08868  -0.95502   0.05920   2.57117  
 51  0.0001   2805.277829  x:  0.01794   0.01858   0.00000   0.00216   0.00211   0.00208   0.00000   0.00419   0.00000   0.00000   0.00419   0.00209   0.00209   0.00000   0.00628   0.01049   0.00421   0.00841   0.02334   0.01058   0.00890   0.00844   0.00416   0.02981   0.00211   0.00627   0.00632   0.00349   0.01526   0.05159   2.57454   2.08868  -0.95502   0.05919   2.57116  
 52  0.0000   2805.277829  x:  0.01794   0.01858   0.00000   0.00216   0.00211   0.00208   0.00000   0.00419   0.00000   0.00000   0.00419   0.00209   0.00209   0.00000   0.00628   0.01049   0.00421   0.00841   0.02334   0.01058   0.00890   0.00844   0.00416   0.02981   0.00211   0.00627   0.00632   0.00349   0.01526   0.05159   2.57455   2.08871  -0.95499   0.05919   2.57114  
 53  0.0000   2805.277829  x:  0.01794   0.01858   0.00000   0.00216   0.00211   0.00208   0.00000   0.00419   0.00000   0.00000   0.00419   0.00209   0.00209   0.00000   0.00628   0.01049   0.00421   0.00841   0.02334   0.01058   0.00890   0.00844   0.00416   0.02981   0.00211   0.00627   0.00632   0.00349   0.01526   0.05159   2.57455   2.08871  -0.95499   0.05919   2.57114  
 54  0.0000   2805.277829  x:  0.01794   0.01858   0.00000   0.00216   0.00211   0.00208   0.00000   0.00419   0.00000   0.00000   0.00419   0.00209   0.00209   0.00000   0.00628   0.01049   0.00421   0.00841   0.02334   0.01058   0.00890   0.00844   0.00416   0.02981   0.00211   0.00627   0.00632   0.00349   0.01526   0.05159   2.57456   2.08881  -0.95490   0.05919   2.57106  
 55  0.0000   2805.277829  x:  0.01794   0.01858   0.00000   0.00216   0.00211   0.00208   0.00000   0.00419   0.00000   0.00000   0.00419   0.00209   0.00209   0.00000   0.00628   0.01049   0.00421   0.00841   0.02334   0.01058   0.00890   0.00844   0.00416   0.02981   0.00211   0.00627   0.00632   0.00349   0.01526   0.05159   2.57456   2.08881  -0.95490   0.05919   2.57106  
 56  0.0001   2805.277829  x:  0.01794   0.01858   0.00000   0.00216   0.00211   0.00208   0.00000   0.00419   0.00000   0.00000   0.00419   0.00209   0.00209   0.00000   0.00628   0.01049   0.00421   0.00841   0.02334   0.01058   0.00890   0.00844   0.00416   0.02981   0.00211   0.00627   0.00632   0.00349   0.01526   0.05159   2.57456   2.08881  -0.95490   0.05919   2.57106  
check convergence!
