Supplemental results for CODEML (seqf: /Users/YY/Desktop/get/branch_site/modify/modify_trim_muscle_ndhA.fa  treef: /Users/YY/Desktop/get/branch_site/16gene_topu.tree)


dN/dS (w) for site classes (K=4)

site class             0        1       2a       2b
proportion       0.84608  0.15392  0.00000  0.00000
background w     0.02773  1.00000  0.02773  1.00000
foreground w     0.02773  1.00000  1.00000  1.00000

Naive Empirical Bayes (NEB) probabilities for 4 classes
(amino acids refer to 1st sequence: KM035850)

   1 M   0.93368 0.06632 0.00000 0.00000 ( 1)
   2 I   0.94631 0.05369 0.00000 0.00000 ( 1)
   3 I   0.94631 0.05369 0.00000 0.00000 ( 1)
   4 D   0.92984 0.07016 0.00000 0.00000 ( 1)
   5 T   0.27500 0.72500 0.00000 0.00000 ( 2)
   6 T   0.93261 0.06739 0.00000 0.00000 ( 1)
   7 E   0.92219 0.07781 0.00000 0.00000 ( 1)
   8 V   0.30218 0.69782 0.00000 0.00000 ( 2)
   9 Q   0.90012 0.09988 0.00000 0.00000 ( 1)
  10 A   0.93454 0.06546 0.00000 0.00000 ( 1)
  11 I   0.88631 0.11369 0.00000 0.00000 ( 1)
  12 N   0.92956 0.07044 0.00000 0.00000 ( 1)
  13 S   0.28478 0.71522 0.00000 0.00000 ( 2)
  14 F   0.95095 0.04905 0.00000 0.00000 ( 1)
  15 F   0.34656 0.65344 0.00000 0.00000 ( 2)
  16 R   0.91709 0.08291 0.00000 0.00000 ( 1)
  17 L   0.19264 0.80736 0.00000 0.00000 ( 2)
  18 E   0.24571 0.75429 0.00000 0.00000 ( 2)
  19 S   0.87719 0.12281 0.00000 0.00000 ( 1)
  20 L   0.92621 0.07379 0.00000 0.00000 ( 1)
  21 K   0.92189 0.07811 0.00000 0.00000 ( 1)
  22 E   0.88416 0.11584 0.00000 0.00000 ( 1)
  23 V   0.93995 0.06005 0.00000 0.00000 ( 1)
  24 Y   0.92241 0.07759 0.00000 0.00000 ( 1)
  25 E   0.00016 0.99984 0.00000 0.00000 ( 2)
  26 I   0.88631 0.11369 0.00000 0.00000 ( 1)
  27 I   0.94631 0.05369 0.00000 0.00000 ( 1)
  28 W   0.87758 0.12242 0.00000 0.00000 ( 1)
  29 M   0.28391 0.71609 0.00000 0.00000 ( 2)
  30 L   0.93933 0.06067 0.00000 0.00000 ( 1)
  31 V   0.17447 0.82553 0.00000 0.00000 ( 2)
  32 P   0.92431 0.07569 0.00000 0.00000 ( 1)
  33 I   0.94446 0.05554 0.00000 0.00000 ( 1)
  34 F   0.34039 0.65961 0.00000 0.00000 ( 2)
  35 T   0.93430 0.06570 0.00000 0.00000 ( 1)
  36 P   0.25489 0.74511 0.00000 0.00000 ( 2)
  37 V   0.30269 0.69731 0.00000 0.00000 ( 2)
  38 L   0.92621 0.07379 0.00000 0.00000 ( 1)
  39 G   0.91374 0.08626 0.00000 0.00000 ( 1)
  40 I   0.88631 0.11369 0.00000 0.00000 ( 1)
  41 T   0.93261 0.06739 0.00000 0.00000 ( 1)
  42 I   0.94631 0.05369 0.00000 0.00000 ( 1)
  43 G   0.92120 0.07880 0.00000 0.00000 ( 1)
  44 V   0.93995 0.06005 0.00000 0.00000 ( 1)
  45 L   0.90680 0.09320 0.00000 0.00000 ( 1)
  46 V   0.93995 0.06005 0.00000 0.00000 ( 1)
  47 I   0.93884 0.06116 0.00000 0.00000 ( 1)
  48 V   0.94166 0.05834 0.00000 0.00000 ( 1)
  49 W   0.87758 0.12242 0.00000 0.00000 ( 1)
  50 L   0.92263 0.07737 0.00000 0.00000 ( 1)
  51 E   0.92033 0.07967 0.00000 0.00000 ( 1)
  52 R   0.91709 0.08291 0.00000 0.00000 ( 1)
  53 E   0.92219 0.07781 0.00000 0.00000 ( 1)
  54 I   0.94631 0.05369 0.00000 0.00000 ( 1)
  55 S   0.92794 0.07206 0.00000 0.00000 ( 1)
  56 A   0.88833 0.11167 0.00000 0.00000 ( 1)
  57 G   0.87327 0.12673 0.00000 0.00000 ( 1)
  58 I   0.32494 0.67506 0.00000 0.00000 ( 2)
  59 Q   0.90012 0.09988 0.00000 0.00000 ( 1)
  60 Q   0.89620 0.10380 0.00000 0.00000 ( 1)
  61 R   0.91064 0.08936 0.00000 0.00000 ( 1)
  62 I   0.94446 0.05554 0.00000 0.00000 ( 1)
  63 G   0.88900 0.11100 0.00000 0.00000 ( 1)
  64 P   0.92222 0.07778 0.00000 0.00000 ( 1)
  65 E   0.92219 0.07781 0.00000 0.00000 ( 1)
  66 Y   0.87474 0.12526 0.00000 0.00000 ( 1)
  67 A   0.88630 0.11370 0.00000 0.00000 ( 1)
  68 G   0.87944 0.12056 0.00000 0.00000 ( 1)
  69 P   0.92431 0.07569 0.00000 0.00000 ( 1)
  70 L   0.89634 0.10366 0.00000 0.00000 ( 1)
  71 G   0.91374 0.08626 0.00000 0.00000 ( 1)
  72 I   0.94446 0.05554 0.00000 0.00000 ( 1)
  73 L   0.68853 0.31147 0.00000 0.00000 ( 1)
  74 Q   0.90012 0.09988 0.00000 0.00000 ( 1)
  75 A   0.93454 0.06546 0.00000 0.00000 ( 1)
  76 L   0.92621 0.07379 0.00000 0.00000 ( 1)
  77 A   0.93285 0.06715 0.00000 0.00000 ( 1)
  78 D   0.92984 0.07016 0.00000 0.00000 ( 1)
  79 G   0.92120 0.07880 0.00000 0.00000 ( 1)
  80 T   0.93261 0.06739 0.00000 0.00000 ( 1)
  81 K   0.92189 0.07811 0.00000 0.00000 ( 1)
  82 L   0.92621 0.07379 0.00000 0.00000 ( 1)
  83 L   0.93933 0.06067 0.00000 0.00000 ( 1)
  84 F   0.90317 0.09683 0.00000 0.00000 ( 1)
  85 K   0.92189 0.07811 0.00000 0.00000 ( 1)
  86 E   0.88238 0.11762 0.00000 0.00000 ( 1)
  87 N   0.92956 0.07044 0.00000 0.00000 ( 1)
  88 L   0.93933 0.06067 0.00000 0.00000 ( 1)
  89 L   0.93933 0.06067 0.00000 0.00000 ( 1)
  90 P   0.91731 0.08269 0.00000 0.00000 ( 1)
  91 S   0.92173 0.07827 0.00000 0.00000 ( 1)
  92 R   0.91709 0.08291 0.00000 0.00000 ( 1)
  93 G   0.91374 0.08626 0.00000 0.00000 ( 1)
  94 D   0.92715 0.07285 0.00000 0.00000 ( 1)
  95 T   0.28533 0.71467 0.00000 0.00000 ( 2)
  96 R   0.91064 0.08936 0.00000 0.00000 ( 1)
  97 L   0.92263 0.07737 0.00000 0.00000 ( 1)
  98 F   0.90317 0.09683 0.00000 0.00000 ( 1)
  99 S   0.92723 0.07277 0.00000 0.00000 ( 1)
 100 I   0.89582 0.10418 0.00000 0.00000 ( 1)
 101 G   0.91374 0.08626 0.00000 0.00000 ( 1)
 102 P   0.92269 0.07731 0.00000 0.00000 ( 1)
 103 S   0.87719 0.12281 0.00000 0.00000 ( 1)
 104 I   0.94631 0.05369 0.00000 0.00000 ( 1)
 105 A   0.93285 0.06715 0.00000 0.00000 ( 1)
 106 V   0.88382 0.11618 0.00000 0.00000 ( 1)
 107 T   0.27795 0.72205 0.00000 0.00000 ( 2)
 108 S   0.92173 0.07827 0.00000 0.00000 ( 1)
 109 I   0.94446 0.05554 0.00000 0.00000 ( 1)
 110 L   0.90698 0.09302 0.00000 0.00000 ( 1)
 111 L   0.90680 0.09320 0.00000 0.00000 ( 1)
 112 S   0.92723 0.07277 0.00000 0.00000 ( 1)
 113 S   0.00936 0.99064 0.00000 0.00000 ( 2)
 114 L   0.92621 0.07379 0.00000 0.00000 ( 1)
 115 V   0.93995 0.06005 0.00000 0.00000 ( 1)
 116 I   0.94446 0.05554 0.00000 0.00000 ( 1)
 117 P   0.92292 0.07708 0.00000 0.00000 ( 1)
 118 F   0.95095 0.04905 0.00000 0.00000 ( 1)
 119 G   0.91222 0.08778 0.00000 0.00000 ( 1)
 120 Y   0.92241 0.07759 0.00000 0.00000 ( 1)
 121 R   0.15444 0.84556 0.00000 0.00000 ( 2)
 122 L   0.93933 0.06067 0.00000 0.00000 ( 1)
 123 V   0.94166 0.05834 0.00000 0.00000 ( 1)
 124 L   0.90793 0.09207 0.00000 0.00000 ( 1)
 125 A   0.00563 0.99437 0.00000 0.00000 ( 2)
 126 D   0.92984 0.07016 0.00000 0.00000 ( 1)
 127 L   0.00020 0.99980 0.00000 0.00000 ( 2)
 128 S   0.00950 0.99050 0.00000 0.00000 ( 2)
 129 I   0.94446 0.05554 0.00000 0.00000 ( 1)
 130 G   0.92120 0.07880 0.00000 0.00000 ( 1)
 131 V   0.94166 0.05834 0.00000 0.00000 ( 1)
 132 F   0.95095 0.04905 0.00000 0.00000 ( 1)
 133 L   0.92621 0.07379 0.00000 0.00000 ( 1)
 134 W   0.87758 0.12242 0.00000 0.00000 ( 1)
 135 I   0.94446 0.05554 0.00000 0.00000 ( 1)
 136 A   0.87714 0.12286 0.00000 0.00000 ( 1)
 137 I   0.94446 0.05554 0.00000 0.00000 ( 1)
 138 S   0.92173 0.07827 0.00000 0.00000 ( 1)
 139 S   0.92723 0.07277 0.00000 0.00000 ( 1)
 140 I   0.94446 0.05554 0.00000 0.00000 ( 1)
 141 A   0.93454 0.06546 0.00000 0.00000 ( 1)
 142 P   0.87237 0.12763 0.00000 0.00000 ( 1)
 143 V   0.88387 0.11613 0.00000 0.00000 ( 1)
 144 G   0.87201 0.12799 0.00000 0.00000 ( 1)
 145 L   0.93933 0.06067 0.00000 0.00000 ( 1)
 146 L   0.93599 0.06401 0.00000 0.00000 ( 1)
 147 M   0.93368 0.06632 0.00000 0.00000 ( 1)
 148 S   0.92173 0.07827 0.00000 0.00000 ( 1)
 149 G   0.92120 0.07880 0.00000 0.00000 ( 1)
 150 Y   0.92241 0.07759 0.00000 0.00000 ( 1)
 151 G   0.91374 0.08626 0.00000 0.00000 ( 1)
 152 S   0.92173 0.07827 0.00000 0.00000 ( 1)
 153 N   0.92956 0.07044 0.00000 0.00000 ( 1)
 154 N   0.92956 0.07044 0.00000 0.00000 ( 1)
 155 K   0.92189 0.07811 0.00000 0.00000 ( 1)
 156 Y   0.92241 0.07759 0.00000 0.00000 ( 1)
 157 S   0.89682 0.10318 0.00000 0.00000 ( 1)
 158 F   0.95095 0.04905 0.00000 0.00000 ( 1)
 159 L   0.92621 0.07379 0.00000 0.00000 ( 1)
 160 G   0.92120 0.07880 0.00000 0.00000 ( 1)
 161 G   0.92120 0.07880 0.00000 0.00000 ( 1)
 162 L   0.92621 0.07379 0.00000 0.00000 ( 1)
 163 R   0.86694 0.13306 0.00000 0.00000 ( 1)
 164 A   0.93454 0.06546 0.00000 0.00000 ( 1)
 165 A   0.93454 0.06546 0.00000 0.00000 ( 1)
 166 A   0.93454 0.06546 0.00000 0.00000 ( 1)
 167 Q   0.90012 0.09988 0.00000 0.00000 ( 1)
 168 S   0.92173 0.07827 0.00000 0.00000 ( 1)
 169 I   0.94446 0.05554 0.00000 0.00000 ( 1)
 170 S   0.92723 0.07277 0.00000 0.00000 ( 1)
 171 Y   0.92241 0.07759 0.00000 0.00000 ( 1)
 172 E   0.92219 0.07781 0.00000 0.00000 ( 1)
 173 I   0.94631 0.05369 0.00000 0.00000 ( 1)
 174 P   0.92269 0.07731 0.00000 0.00000 ( 1)
 175 L   0.92621 0.07379 0.00000 0.00000 ( 1)
 176 T   0.93430 0.06570 0.00000 0.00000 ( 1)
 177 L   0.90680 0.09320 0.00000 0.00000 ( 1)
 178 C   0.92341 0.07659 0.00000 0.00000 ( 1)
 179 V   0.88663 0.11337 0.00000 0.00000 ( 1)
 180 L   0.92621 0.07379 0.00000 0.00000 ( 1)
 181 S   0.92173 0.07827 0.00000 0.00000 ( 1)
 182 I   0.94631 0.05369 0.00000 0.00000 ( 1)
 183 S   0.93460 0.06540 0.00000 0.00000 ( 1)
 184 L   0.90680 0.09320 0.00000 0.00000 ( 1)
 185 S   0.93460 0.06540 0.00000 0.00000 ( 1)
 186 N   0.88288 0.11712 0.00000 0.00000 ( 1)
 187 S   0.92723 0.07277 0.00000 0.00000 ( 1)
 188 S   0.24749 0.75251 0.00000 0.00000 ( 2)
 189 S   0.92723 0.07277 0.00000 0.00000 ( 1)
 190 T   0.93261 0.06739 0.00000 0.00000 ( 1)
 191 V   0.94166 0.05834 0.00000 0.00000 ( 1)
 192 D   0.92984 0.07016 0.00000 0.00000 ( 1)
 193 I   0.94631 0.05369 0.00000 0.00000 ( 1)
 194 V   0.94166 0.05834 0.00000 0.00000 ( 1)
 195 E   0.92219 0.07781 0.00000 0.00000 ( 1)
 196 A   0.88090 0.11910 0.00000 0.00000 ( 1)
 197 Q   0.87014 0.12986 0.00000 0.00000 ( 1)
 198 S   0.92173 0.07827 0.00000 0.00000 ( 1)
 199 K   0.92189 0.07811 0.00000 0.00000 ( 1)
 200 Y   0.92241 0.07759 0.00000 0.00000 ( 1)
 201 G   0.91937 0.08063 0.00000 0.00000 ( 1)
 202 F   0.95095 0.04905 0.00000 0.00000 ( 1)
 203 W   0.87758 0.12242 0.00000 0.00000 ( 1)
 204 G   0.88070 0.11930 0.00000 0.00000 ( 1)
 205 W   0.87758 0.12242 0.00000 0.00000 ( 1)
 206 N   0.92956 0.07044 0.00000 0.00000 ( 1)
 207 L   0.89944 0.10056 0.00000 0.00000 ( 1)
 208 W   0.87758 0.12242 0.00000 0.00000 ( 1)
 209 R   0.91064 0.08936 0.00000 0.00000 ( 1)
 210 Q   0.90012 0.09988 0.00000 0.00000 ( 1)
 211 P   0.92352 0.07648 0.00000 0.00000 ( 1)
 212 I   0.32395 0.67605 0.00000 0.00000 ( 2)
 213 G   0.87320 0.12680 0.00000 0.00000 ( 1)
 214 F   0.95095 0.04905 0.00000 0.00000 ( 1)
 215 I   0.20627 0.79373 0.00000 0.00000 ( 2)
 216 V   0.30866 0.69134 0.00000 0.00000 ( 2)
 217 F   0.95095 0.04905 0.00000 0.00000 ( 1)
 218 L   0.21320 0.78680 0.00000 0.00000 ( 2)
 219 I   0.94446 0.05554 0.00000 0.00000 ( 1)
 220 S   0.87694 0.12306 0.00000 0.00000 ( 1)
 221 S   0.87719 0.12281 0.00000 0.00000 ( 1)
 222 L   0.92621 0.07379 0.00000 0.00000 ( 1)
 223 A   0.87714 0.12286 0.00000 0.00000 ( 1)
 224 E   0.88238 0.11762 0.00000 0.00000 ( 1)
 225 C   0.92341 0.07659 0.00000 0.00000 ( 1)
 226 E   0.92219 0.07781 0.00000 0.00000 ( 1)
 227 R   0.91709 0.08291 0.00000 0.00000 ( 1)
 228 L   0.92621 0.07379 0.00000 0.00000 ( 1)
 229 P   0.91777 0.08223 0.00000 0.00000 ( 1)
 230 F   0.95095 0.04905 0.00000 0.00000 ( 1)
 231 D   0.92984 0.07016 0.00000 0.00000 ( 1)
 232 L   0.92621 0.07379 0.00000 0.00000 ( 1)
 233 P   0.92269 0.07731 0.00000 0.00000 ( 1)
 234 E   0.92219 0.07781 0.00000 0.00000 ( 1)
 235 A   0.93285 0.06715 0.00000 0.00000 ( 1)
 236 E   0.92219 0.07781 0.00000 0.00000 ( 1)
 237 E   0.92219 0.07781 0.00000 0.00000 ( 1)
 238 E   0.92219 0.07781 0.00000 0.00000 ( 1)
 239 L   0.89634 0.10366 0.00000 0.00000 ( 1)
 240 V   0.93995 0.06005 0.00000 0.00000 ( 1)
 241 A   0.93236 0.06764 0.00000 0.00000 ( 1)
 242 G   0.92120 0.07880 0.00000 0.00000 ( 1)
 243 Y   0.92241 0.07759 0.00000 0.00000 ( 1)
 244 Q   0.90012 0.09988 0.00000 0.00000 ( 1)
 245 T   0.87703 0.12297 0.00000 0.00000 ( 1)
 246 E   0.92219 0.07781 0.00000 0.00000 ( 1)
 247 Y   0.92241 0.07759 0.00000 0.00000 ( 1)
 248 S   0.92173 0.07827 0.00000 0.00000 ( 1)
 249 G   0.92120 0.07880 0.00000 0.00000 ( 1)
 250 I   0.93998 0.06002 0.00000 0.00000 ( 1)
 251 K   0.92189 0.07811 0.00000 0.00000 ( 1)
 252 F   0.95095 0.04905 0.00000 0.00000 ( 1)
 253 G   0.92120 0.07880 0.00000 0.00000 ( 1)
 254 L   0.92621 0.07379 0.00000 0.00000 ( 1)
 255 F   0.95095 0.04905 0.00000 0.00000 ( 1)
 256 Y   0.87159 0.12841 0.00000 0.00000 ( 1)
 257 V   0.94166 0.05834 0.00000 0.00000 ( 1)
 258 A   0.92538 0.07462 0.00000 0.00000 ( 1)
 259 S   0.87883 0.12117 0.00000 0.00000 ( 1)
 260 Y   0.92241 0.07759 0.00000 0.00000 ( 1)
 261 L   0.86767 0.13233 0.00000 0.00000 ( 1)
 262 N   0.92956 0.07044 0.00000 0.00000 ( 1)
 263 L   0.92621 0.07379 0.00000 0.00000 ( 1)
 264 L   0.90687 0.09313 0.00000 0.00000 ( 1)
 265 V   0.94166 0.05834 0.00000 0.00000 ( 1)
 266 S   0.93460 0.06540 0.00000 0.00000 ( 1)
 267 S   0.92173 0.07827 0.00000 0.00000 ( 1)
 268 L   0.92621 0.07379 0.00000 0.00000 ( 1)
 269 F   0.95095 0.04905 0.00000 0.00000 ( 1)
 270 V   0.93995 0.06005 0.00000 0.00000 ( 1)
 271 T   0.87971 0.12029 0.00000 0.00000 ( 1)
 272 V   0.94166 0.05834 0.00000 0.00000 ( 1)
 273 L   0.93933 0.06067 0.00000 0.00000 ( 1)
 274 Y   0.87159 0.12841 0.00000 0.00000 ( 1)
 275 L   0.90066 0.09934 0.00000 0.00000 ( 1)
 276 G   0.87327 0.12673 0.00000 0.00000 ( 1)
 277 G   0.92042 0.07958 0.00000 0.00000 ( 1)
 278 W   0.87758 0.12242 0.00000 0.00000 ( 1)
 279 N   0.92956 0.07044 0.00000 0.00000 ( 1)
 280 L   0.93933 0.06067 0.00000 0.00000 ( 1)
 281 S   0.93460 0.06540 0.00000 0.00000 ( 1)
 282 L   0.93933 0.06067 0.00000 0.00000 ( 1)
 283 P   0.88322 0.11678 0.00000 0.00000 ( 1)
 284 Y   0.00520 0.99480 0.00000 0.00000 ( 2)
 285 I   0.94631 0.05369 0.00000 0.00000 ( 1)
 286 A   0.00571 0.99429 0.00000 0.00000 ( 2)
 287 V   0.01066 0.98934 0.00000 0.00000 ( 2)
 288 P   0.92431 0.07569 0.00000 0.00000 ( 1)
 289 Y   0.00000 1.00000 0.00000 0.00000 ( 2)
 290 F   0.95095 0.04905 0.00000 0.00000 ( 1)
 291 F   0.95095 0.04905 0.00000 0.00000 ( 1)
 292 E   0.92219 0.07781 0.00000 0.00000 ( 1)
 293 I   0.94407 0.05593 0.00000 0.00000 ( 1)
 294 N   0.92956 0.07044 0.00000 0.00000 ( 1)
 295 K   0.92189 0.07811 0.00000 0.00000 ( 1)
 296 A   0.00581 0.99419 0.00000 0.00000 ( 2)
 297 G   0.92045 0.07955 0.00000 0.00000 ( 1)
 298 R   0.91709 0.08291 0.00000 0.00000 ( 1)
 299 V   0.88094 0.11906 0.00000 0.00000 ( 1)
 300 F   0.95095 0.04905 0.00000 0.00000 ( 1)
 301 G   0.91374 0.08626 0.00000 0.00000 ( 1)
 302 T   0.93261 0.06739 0.00000 0.00000 ( 1)
 303 I   0.94631 0.05369 0.00000 0.00000 ( 1)
 304 I   0.94446 0.05554 0.00000 0.00000 ( 1)
 305 G   0.23860 0.76140 0.00000 0.00000 ( 2)
 306 I   0.88631 0.11369 0.00000 0.00000 ( 1)
 307 F   0.95095 0.04905 0.00000 0.00000 ( 1)
 308 I   0.94446 0.05554 0.00000 0.00000 ( 1)
 309 T   0.93261 0.06739 0.00000 0.00000 ( 1)
 310 L   0.92452 0.07548 0.00000 0.00000 ( 1)
 311 A   0.93454 0.06546 0.00000 0.00000 ( 1)
 312 K   0.92189 0.07811 0.00000 0.00000 ( 1)
 313 T   0.93430 0.06570 0.00000 0.00000 ( 1)
 314 Y   0.24814 0.75186 0.00000 0.00000 ( 2)
 315 L   0.89432 0.10568 0.00000 0.00000 ( 1)
 316 F   0.20121 0.79879 0.00000 0.00000 ( 2)
 317 L   0.92621 0.07379 0.00000 0.00000 ( 1)
 318 F   0.90317 0.09683 0.00000 0.00000 ( 1)
 319 I   0.94446 0.05554 0.00000 0.00000 ( 1)
 320 A   0.26443 0.73557 0.00000 0.00000 ( 2)
 321 I   0.88631 0.11369 0.00000 0.00000 ( 1)
 322 T   0.93261 0.06739 0.00000 0.00000 ( 1)
 323 T   0.93261 0.06739 0.00000 0.00000 ( 1)
 324 R   0.91709 0.08291 0.00000 0.00000 ( 1)
 325 W   0.87758 0.12242 0.00000 0.00000 ( 1)
 326 T   0.93430 0.06570 0.00000 0.00000 ( 1)
 327 L   0.92621 0.07379 0.00000 0.00000 ( 1)
 328 P   0.92269 0.07731 0.00000 0.00000 ( 1)
 329 R   0.88143 0.11857 0.00000 0.00000 ( 1)
 330 L   0.90680 0.09320 0.00000 0.00000 ( 1)
 331 R   0.91709 0.08291 0.00000 0.00000 ( 1)
 332 M   0.93368 0.06632 0.00000 0.00000 ( 1)
 333 D   0.88310 0.11690 0.00000 0.00000 ( 1)
 334 Q   0.90012 0.09988 0.00000 0.00000 ( 1)
 335 L   0.88988 0.11012 0.00000 0.00000 ( 1)
 336 L   0.92621 0.07379 0.00000 0.00000 ( 1)
 337 N   0.92956 0.07044 0.00000 0.00000 ( 1)
 338 L   0.93933 0.06067 0.00000 0.00000 ( 1)
 339 G   0.87327 0.12673 0.00000 0.00000 ( 1)
 340 W   0.87758 0.12242 0.00000 0.00000 ( 1)
 341 K   0.92189 0.07811 0.00000 0.00000 ( 1)
 342 F   0.95095 0.04905 0.00000 0.00000 ( 1)
 343 L   0.93933 0.06067 0.00000 0.00000 ( 1)
 344 L   0.92621 0.07379 0.00000 0.00000 ( 1)
 345 P   0.91585 0.08415 0.00000 0.00000 ( 1)
 346 I   0.94542 0.05458 0.00000 0.00000 ( 1)
 347 S   0.93460 0.06540 0.00000 0.00000 ( 1)
 348 L   0.88348 0.11652 0.00000 0.00000 ( 1)
 349 G   0.87104 0.12896 0.00000 0.00000 ( 1)
 350 N   0.92956 0.07044 0.00000 0.00000 ( 1)
 351 L   0.90680 0.09320 0.00000 0.00000 ( 1)
 352 L   0.92621 0.07379 0.00000 0.00000 ( 1)
 353 L   0.92621 0.07379 0.00000 0.00000 ( 1)
 354 T   0.93261 0.06739 0.00000 0.00000 ( 1)
 355 T   0.93430 0.06570 0.00000 0.00000 ( 1)
 356 S   0.27713 0.72287 0.00000 0.00000 ( 2)
 357 S   0.16760 0.83240 0.00000 0.00000 ( 2)
 358 Q   0.90012 0.09988 0.00000 0.00000 ( 1)
 359 L   0.93846 0.06154 0.00000 0.00000 ( 1)
 360 L   0.93933 0.06067 0.00000 0.00000 ( 1)
 361 S   0.92173 0.07827 0.00000 0.00000 ( 1)
 362 L   0.86767 0.13233 0.00000 0.00000 ( 1)


lnL = -2196.257856

Bayes Empirical Bayes (BEB) probabilities for 4 classes (class)
(amino acids refer to 1st sequence: KM035850)

   1 M   0.82652 0.05528 0.11101 0.00719 ( 1)
   2 I   0.83733 0.04501 0.11182 0.00583 ( 1)
   3 I   0.83733 0.04501 0.11182 0.00583 ( 1)
   4 D   0.82325 0.05841 0.11073 0.00760 ( 1)
   5 T   0.37706 0.50441 0.05210 0.06642 ( 2)
   6 T   0.82561 0.05616 0.11093 0.00731 ( 1)
   7 E   0.81679 0.06461 0.11017 0.00843 ( 1)
   8 V   0.40488 0.47687 0.05566 0.06259 ( 2)
   9 Q   0.79832 0.08244 0.10844 0.01080 ( 1)
  10 A   0.82725 0.05459 0.11106 0.00710 ( 1)
  11 I   0.78687 0.09356 0.10729 0.01229 ( 1)
  12 N   0.82302 0.05863 0.11071 0.00763 ( 1)
  13 S   0.38719 0.49435 0.05342 0.06504 ( 2)
  14 F   0.84135 0.04122 0.11210 0.00533 ( 1)
  15 F   0.44802 0.43420 0.06109 0.05670 ( 1)
  16 R   0.81250 0.06874 0.10978 0.00897 ( 1)
  17 L   0.28501 0.59549 0.04012 0.07938 ( 2)
  18 E   0.34573 0.53541 0.04807 0.07079 ( 2)
  19 S   0.77933 0.10089 0.10651 0.01327 ( 1)
  20 L   0.82019 0.06136 0.11046 0.00799 ( 1)
  21 K   0.81654 0.06485 0.11015 0.00846 ( 1)
  22 E   0.78505 0.09528 0.10714 0.01252 ( 1)
  23 V   0.83187 0.05020 0.11142 0.00652 ( 1)
  24 Y   0.81698 0.06443 0.11019 0.00840 ( 1)
  25 E   0.00099 0.87917 0.00014 0.11970 ( 2)
  26 I   0.78687 0.09356 0.10729 0.01229 ( 1)
  27 I   0.83733 0.04501 0.11182 0.00583 ( 1)
  28 W   0.77965 0.10058 0.10654 0.01323 ( 1)
  29 M   0.38631 0.49520 0.05332 0.06517 ( 2)
  30 L   0.83134 0.05069 0.11139 0.00658 ( 1)
  31 V   0.26289 0.61730 0.03722 0.08259 ( 2)
  32 P   0.81858 0.06289 0.11033 0.00820 ( 1)
  33 I   0.83574 0.04652 0.11171 0.00603 ( 1)
  34 F   0.44221 0.44000 0.06032 0.05747 ( 1)
  35 T   0.82704 0.05479 0.11105 0.00712 ( 1)
  36 P   0.35570 0.52551 0.04938 0.06941 ( 2)
  37 V   0.40537 0.47638 0.05572 0.06253 ( 2)
  38 L   0.82019 0.06136 0.11046 0.00799 ( 1)
  39 G   0.80969 0.07145 0.10953 0.00933 ( 1)
  40 I   0.78687 0.09356 0.10729 0.01229 ( 1)
  41 T   0.82561 0.05616 0.11093 0.00731 ( 1)
  42 I   0.83733 0.04501 0.11182 0.00583 ( 1)
  43 G   0.81596 0.06541 0.11010 0.00853 ( 1)
  44 V   0.83187 0.05020 0.11142 0.00652 ( 1)
  45 L   0.80389 0.07705 0.10898 0.01008 ( 1)
  46 V   0.83187 0.05020 0.11142 0.00652 ( 1)
  47 I   0.83115 0.05111 0.11112 0.00663 ( 1)
  48 V   0.83333 0.04881 0.11153 0.00633 ( 1)
  49 W   0.77965 0.10058 0.10654 0.01323 ( 1)
  50 L   0.81725 0.06429 0.11008 0.00838 ( 1)
  51 E   0.81528 0.06612 0.10997 0.00862 ( 1)
  52 R   0.81250 0.06874 0.10978 0.00897 ( 1)
  53 E   0.81679 0.06461 0.11017 0.00843 ( 1)
  54 I   0.83733 0.04501 0.11182 0.00583 ( 1)
  55 S   0.82187 0.05997 0.11036 0.00780 ( 1)
  56 A   0.78837 0.09192 0.10764 0.01208 ( 1)
  57 G   0.77610 0.10404 0.10617 0.01369 ( 1)
  58 I   0.42735 0.45466 0.05849 0.05951 ( 2)
  59 Q   0.79832 0.08244 0.10844 0.01080 ( 1)
  60 Q   0.79515 0.08561 0.10802 0.01122 ( 1)
  61 R   0.80710 0.07395 0.10929 0.00967 ( 1)
  62 I   0.83574 0.04652 0.11171 0.00603 ( 1)
  63 G   0.78874 0.09135 0.10788 0.01202 ( 1)
  64 P   0.81688 0.06459 0.11011 0.00842 ( 1)
  65 E   0.81679 0.06461 0.11017 0.00843 ( 1)
  66 Y   0.77726 0.10285 0.10636 0.01354 ( 1)
  67 A   0.78668 0.09355 0.10748 0.01230 ( 1)
  68 G   0.78107 0.09907 0.10682 0.01304 ( 1)
  69 P   0.81858 0.06289 0.11033 0.00820 ( 1)
  70 L   0.79518 0.08549 0.10813 0.01121 ( 1)
  71 G   0.80969 0.07145 0.10953 0.00933 ( 1)
  72 I   0.83574 0.04652 0.11171 0.00603 ( 1)
  73 L   0.62245 0.25943 0.08431 0.03381 ( 1)
  74 Q   0.79832 0.08244 0.10844 0.01080 ( 1)
  75 A   0.82725 0.05459 0.11106 0.00710 ( 1)
  76 L   0.82019 0.06136 0.11046 0.00799 ( 1)
  77 A   0.82581 0.05596 0.11094 0.00728 ( 1)
  78 D   0.82325 0.05841 0.11073 0.00760 ( 1)
  79 G   0.81596 0.06541 0.11010 0.00853 ( 1)
  80 T   0.82561 0.05616 0.11093 0.00731 ( 1)
  81 K   0.81654 0.06485 0.11015 0.00846 ( 1)
  82 L   0.82019 0.06136 0.11046 0.00799 ( 1)
  83 L   0.83134 0.05069 0.11139 0.00658 ( 1)
  84 F   0.80087 0.07998 0.10869 0.01047 ( 1)
  85 K   0.81654 0.06485 0.11015 0.00846 ( 1)
  86 E   0.78362 0.09672 0.10696 0.01271 ( 1)
  87 N   0.82302 0.05863 0.11071 0.00763 ( 1)
  88 L   0.83134 0.05069 0.11139 0.00658 ( 1)
  89 L   0.83134 0.05069 0.11139 0.00658 ( 1)
  90 P   0.81285 0.06857 0.10964 0.00894 ( 1)
  91 S   0.81641 0.06499 0.11013 0.00848 ( 1)
  92 R   0.81250 0.06874 0.10978 0.00897 ( 1)
  93 G   0.80969 0.07145 0.10953 0.00933 ( 1)
  94 D   0.82106 0.06060 0.11045 0.00789 ( 1)
  95 T   0.38776 0.49378 0.05350 0.06496 ( 2)
  96 R   0.80710 0.07395 0.10929 0.00967 ( 1)
  97 L   0.81725 0.06429 0.11008 0.00838 ( 1)
  98 F   0.80087 0.07998 0.10869 0.01047 ( 1)
  99 S   0.82105 0.06052 0.11055 0.00788 ( 1)
 100 I   0.79453 0.08590 0.10829 0.01128 ( 1)
 101 G   0.80969 0.07145 0.10953 0.00933 ( 1)
 102 P   0.81722 0.06420 0.11021 0.00837 ( 1)
 103 S   0.77933 0.10089 0.10651 0.01327 ( 1)
 104 I   0.83733 0.04501 0.11182 0.00583 ( 1)
 105 A   0.82581 0.05596 0.11094 0.00728 ( 1)
 106 V   0.78475 0.09555 0.10714 0.01256 ( 1)
 107 T   0.38012 0.50135 0.05251 0.06601 ( 2)
 108 S   0.81641 0.06499 0.11013 0.00848 ( 1)
 109 I   0.83574 0.04652 0.11171 0.00603 ( 1)
 110 L   0.80403 0.07691 0.10899 0.01006 ( 1)
 111 L   0.80389 0.07705 0.10898 0.01008 ( 1)
 112 S   0.82105 0.06052 0.11055 0.00788 ( 1)
 113 S   0.02984 0.85145 0.00427 0.11444 ( 2)
 114 L   0.82019 0.06136 0.11046 0.00799 ( 1)
 115 V   0.83187 0.05020 0.11142 0.00652 ( 1)
 116 I   0.83574 0.04652 0.11171 0.00603 ( 1)
 117 P   0.81745 0.06402 0.11019 0.00834 ( 1)
 118 F   0.84135 0.04122 0.11210 0.00533 ( 1)
 119 G   0.80846 0.07268 0.10937 0.00950 ( 1)
 120 Y   0.81698 0.06443 0.11019 0.00840 ( 1)
 121 R   0.23767 0.64227 0.03383 0.08623 ( 2)
 122 L   0.83134 0.05069 0.11139 0.00658 ( 1)
 123 V   0.83333 0.04881 0.11153 0.00633 ( 1)
 124 L   0.80478 0.07617 0.10909 0.00997 ( 1)
 125 A   0.01841 0.86167 0.00268 0.11725 ( 2)
 126 D   0.82325 0.05841 0.11073 0.00760 ( 1)
 127 L   0.00127 0.87979 0.00018 0.11876 ( 2)
 128 S   0.03025 0.85084 0.00434 0.11457 ( 2)
 129 I   0.83574 0.04652 0.11171 0.00603 ( 1)
 130 G   0.81596 0.06541 0.11010 0.00853 ( 1)
 131 V   0.83333 0.04881 0.11153 0.00633 ( 1)
 132 F   0.84135 0.04122 0.11210 0.00533 ( 1)
 133 L   0.82019 0.06136 0.11046 0.00799 ( 1)
 134 W   0.77965 0.10058 0.10654 0.01323 ( 1)
 135 I   0.83574 0.04652 0.11171 0.00603 ( 1)
 136 A   0.77929 0.10093 0.10651 0.01327 ( 1)
 137 I   0.83574 0.04652 0.11171 0.00603 ( 1)
 138 S   0.81641 0.06499 0.11013 0.00848 ( 1)
 139 S   0.82105 0.06052 0.11055 0.00788 ( 1)
 140 I   0.83574 0.04652 0.11171 0.00603 ( 1)
 141 A   0.82725 0.05459 0.11106 0.00710 ( 1)
 142 P   0.77536 0.10476 0.10609 0.01379 ( 1)
 143 V   0.78485 0.09552 0.10708 0.01255 ( 1)
 144 G   0.77504 0.10505 0.10608 0.01383 ( 1)
 145 L   0.83134 0.05069 0.11139 0.00658 ( 1)
 146 L   0.82861 0.05342 0.11103 0.00694 ( 1)
 147 M   0.82652 0.05528 0.11101 0.00719 ( 1)
 148 S   0.81641 0.06499 0.11013 0.00848 ( 1)
 149 G   0.81596 0.06541 0.11010 0.00853 ( 1)
 150 Y   0.81698 0.06443 0.11019 0.00840 ( 1)
 151 G   0.80969 0.07145 0.10953 0.00933 ( 1)
 152 S   0.81641 0.06499 0.11013 0.00848 ( 1)
 153 N   0.82302 0.05863 0.11071 0.00763 ( 1)
 154 N   0.82302 0.05863 0.11071 0.00763 ( 1)
 155 K   0.81654 0.06485 0.11015 0.00846 ( 1)
 156 Y   0.81698 0.06443 0.11019 0.00840 ( 1)
 157 S   0.79517 0.08506 0.10859 0.01118 ( 1)
 158 F   0.84135 0.04122 0.11210 0.00533 ( 1)
 159 L   0.82019 0.06136 0.11046 0.00799 ( 1)
 160 G   0.81596 0.06541 0.11010 0.00853 ( 1)
 161 G   0.81596 0.06541 0.11010 0.00853 ( 1)
 162 L   0.82019 0.06136 0.11046 0.00799 ( 1)
 163 R   0.77088 0.10912 0.10563 0.01438 ( 1)
 164 A   0.82725 0.05459 0.11106 0.00710 ( 1)
 165 A   0.82725 0.05459 0.11106 0.00710 ( 1)
 166 A   0.82725 0.05459 0.11106 0.00710 ( 1)
 167 Q   0.79832 0.08244 0.10844 0.01080 ( 1)
 168 S   0.81641 0.06499 0.11013 0.00848 ( 1)
 169 I   0.83574 0.04652 0.11171 0.00603 ( 1)
 170 S   0.82105 0.06052 0.11055 0.00788 ( 1)
 171 Y   0.81698 0.06443 0.11019 0.00840 ( 1)
 172 E   0.81679 0.06461 0.11017 0.00843 ( 1)
 173 I   0.83733 0.04501 0.11182 0.00583 ( 1)
 174 P   0.81722 0.06420 0.11021 0.00837 ( 1)
 175 L   0.82019 0.06136 0.11046 0.00799 ( 1)
 176 T   0.82704 0.05479 0.11105 0.00712 ( 1)
 177 L   0.80389 0.07705 0.10898 0.01008 ( 1)
 178 C   0.81782 0.06362 0.11026 0.00829 ( 1)
 179 V   0.78708 0.09329 0.10737 0.01226 ( 1)
 180 L   0.82019 0.06136 0.11046 0.00799 ( 1)
 181 S   0.81641 0.06499 0.11013 0.00848 ( 1)
 182 I   0.83733 0.04501 0.11182 0.00583 ( 1)
 183 S   0.82730 0.05455 0.11106 0.00709 ( 1)
 184 L   0.80389 0.07705 0.10898 0.01008 ( 1)
 185 S   0.82730 0.05455 0.11106 0.00709 ( 1)
 186 N   0.78403 0.09631 0.10700 0.01266 ( 1)
 187 S   0.82105 0.06052 0.11055 0.00788 ( 1)
 188 S   0.34766 0.53348 0.04833 0.07053 ( 2)
 189 S   0.82105 0.06052 0.11055 0.00788 ( 1)
 190 T   0.82561 0.05616 0.11093 0.00731 ( 1)
 191 V   0.83333 0.04881 0.11153 0.00633 ( 1)
 192 D   0.82325 0.05841 0.11073 0.00760 ( 1)
 193 I   0.83733 0.04501 0.11182 0.00583 ( 1)
 194 V   0.83333 0.04881 0.11153 0.00633 ( 1)
 195 E   0.81679 0.06461 0.11017 0.00843 ( 1)
 196 A   0.78238 0.09790 0.10685 0.01287 ( 1)
 197 Q   0.77352 0.10655 0.10590 0.01403 ( 1)
 198 S   0.81641 0.06499 0.11013 0.00848 ( 1)
 199 K   0.81654 0.06485 0.11015 0.00846 ( 1)
 200 Y   0.81698 0.06443 0.11019 0.00840 ( 1)
 201 G   0.81447 0.06690 0.10991 0.00873 ( 1)
 202 F   0.84135 0.04122 0.11210 0.00533 ( 1)
 203 W   0.77965 0.10058 0.10654 0.01323 ( 1)
 204 G   0.78208 0.09806 0.10696 0.01290 ( 1)
 205 W   0.77965 0.10058 0.10654 0.01323 ( 1)
 206 N   0.82302 0.05863 0.11071 0.00763 ( 1)
 207 L   0.79766 0.08300 0.10845 0.01088 ( 1)
 208 W   0.77965 0.10058 0.10654 0.01323 ( 1)
 209 R   0.80710 0.07395 0.10929 0.00967 ( 1)
 210 Q   0.79832 0.08244 0.10844 0.01080 ( 1)
 211 P   0.81794 0.06353 0.11025 0.00828 ( 1)
 212 I   0.42639 0.45562 0.05836 0.05963 ( 2)
 213 G   0.77604 0.10410 0.10616 0.01370 ( 1)
 214 F   0.84135 0.04122 0.11210 0.00533 ( 1)
 215 I   0.30093 0.57937 0.04241 0.07729 ( 2)
 216 V   0.41133 0.47049 0.05648 0.06171 ( 2)
 217 F   0.84135 0.04122 0.11210 0.00533 ( 1)
 218 L   0.30916 0.57158 0.04331 0.07594 ( 2)
 219 I   0.83574 0.04652 0.11171 0.00603 ( 1)
 220 S   0.77913 0.10109 0.10649 0.01330 ( 1)
 221 S   0.77933 0.10089 0.10651 0.01327 ( 1)
 222 L   0.82019 0.06136 0.11046 0.00799 ( 1)
 223 A   0.77929 0.10093 0.10651 0.01327 ( 1)
 224 E   0.78362 0.09672 0.10696 0.01271 ( 1)
 225 C   0.81782 0.06362 0.11026 0.00829 ( 1)
 226 E   0.81679 0.06461 0.11017 0.00843 ( 1)
 227 R   0.81250 0.06874 0.10978 0.00897 ( 1)
 228 L   0.82019 0.06136 0.11046 0.00799 ( 1)
 229 P   0.81326 0.06821 0.10964 0.00889 ( 1)
 230 F   0.84135 0.04122 0.11210 0.00533 ( 1)
 231 D   0.82325 0.05841 0.11073 0.00760 ( 1)
 232 L   0.82019 0.06136 0.11046 0.00799 ( 1)
 233 P   0.81722 0.06420 0.11021 0.00837 ( 1)
 234 E   0.81679 0.06461 0.11017 0.00843 ( 1)
 235 A   0.82581 0.05596 0.11094 0.00728 ( 1)
 236 E   0.81679 0.06461 0.11017 0.00843 ( 1)
 237 E   0.81679 0.06461 0.11017 0.00843 ( 1)
 238 E   0.81679 0.06461 0.11017 0.00843 ( 1)
 239 L   0.79518 0.08549 0.10813 0.01121 ( 1)
 240 V   0.83187 0.05020 0.11142 0.00652 ( 1)
 241 A   0.82541 0.05636 0.11089 0.00733 ( 1)
 242 G   0.81596 0.06541 0.11010 0.00853 ( 1)
 243 Y   0.81698 0.06443 0.11019 0.00840 ( 1)
 244 Q   0.79832 0.08244 0.10844 0.01080 ( 1)
 245 T   0.77920 0.10102 0.10650 0.01329 ( 1)
 246 E   0.81679 0.06461 0.11017 0.00843 ( 1)
 247 Y   0.81698 0.06443 0.11019 0.00840 ( 1)
 248 S   0.81641 0.06499 0.11013 0.00848 ( 1)
 249 G   0.81596 0.06541 0.11010 0.00853 ( 1)
 250 I   0.83214 0.05020 0.11115 0.00650 ( 1)
 251 K   0.81654 0.06485 0.11015 0.00846 ( 1)
 252 F   0.84135 0.04122 0.11210 0.00533 ( 1)
 253 G   0.81596 0.06541 0.11010 0.00853 ( 1)
 254 L   0.82019 0.06136 0.11046 0.00799 ( 1)
 255 F   0.84135 0.04122 0.11210 0.00533 ( 1)
 256 Y   0.77471 0.10539 0.10602 0.01387 ( 1)
 257 V   0.83333 0.04881 0.11153 0.00633 ( 1)
 258 A   0.81829 0.06194 0.11163 0.00814 ( 1)
 259 S   0.78117 0.09963 0.10615 0.01305 ( 1)
 260 Y   0.81698 0.06443 0.11019 0.00840 ( 1)
 261 L   0.77149 0.10853 0.10568 0.01430 ( 1)
 262 N   0.82302 0.05863 0.11071 0.00763 ( 1)
 263 L   0.82019 0.06136 0.11046 0.00799 ( 1)
 264 L   0.80395 0.07700 0.10898 0.01007 ( 1)
 265 V   0.83333 0.04881 0.11153 0.00633 ( 1)
 266 S   0.82730 0.05455 0.11106 0.00709 ( 1)
 267 S   0.81641 0.06499 0.11013 0.00848 ( 1)
 268 L   0.82019 0.06136 0.11046 0.00799 ( 1)
 269 F   0.84135 0.04122 0.11210 0.00533 ( 1)
 270 V   0.83187 0.05020 0.11142 0.00652 ( 1)
 271 T   0.78141 0.09886 0.10673 0.01300 ( 1)
 272 V   0.83333 0.04881 0.11153 0.00633 ( 1)
 273 L   0.83134 0.05069 0.11139 0.00658 ( 1)
 274 Y   0.77471 0.10539 0.10602 0.01387 ( 1)
 275 L   0.79864 0.08202 0.10858 0.01075 ( 1)
 276 G   0.77610 0.10404 0.10617 0.01369 ( 1)
 277 G   0.81533 0.06604 0.11002 0.00861 ( 1)
 278 W   0.77965 0.10058 0.10654 0.01323 ( 1)
 279 N   0.82302 0.05863 0.11071 0.00763 ( 1)
 280 L   0.83134 0.05069 0.11139 0.00658 ( 1)
 281 S   0.82730 0.05455 0.11106 0.00709 ( 1)
 282 L   0.83134 0.05069 0.11139 0.00658 ( 1)
 283 P   0.78414 0.09603 0.10720 0.01263 ( 1)
 284 Y   0.01706 0.86293 0.00249 0.11753 ( 2)
 285 I   0.83733 0.04501 0.11182 0.00583 ( 1)
 286 A   0.01863 0.86144 0.00271 0.11721 ( 2)
 287 V   0.03374 0.84778 0.00481 0.11368 ( 2)
 288 P   0.81858 0.06289 0.11033 0.00820 ( 1)
 289 Y   0.00001 0.88095 0.00000 0.11904 ( 2)
 290 F   0.84135 0.04122 0.11210 0.00533 ( 1)
 291 F   0.84135 0.04122 0.11210 0.00533 ( 1)
 292 E   0.81679 0.06461 0.11017 0.00843 ( 1)
 293 I   0.83550 0.04685 0.11159 0.00607 ( 1)
 294 N   0.82302 0.05863 0.11071 0.00763 ( 1)
 295 K   0.81654 0.06485 0.11015 0.00846 ( 1)
 296 A   0.01895 0.86117 0.00276 0.11712 ( 2)
 297 G   0.81535 0.06602 0.11002 0.00861 ( 1)
 298 R   0.81250 0.06874 0.10978 0.00897 ( 1)
 299 V   0.78242 0.09788 0.10683 0.01287 ( 1)
 300 F   0.84135 0.04122 0.11210 0.00533 ( 1)
 301 G   0.80969 0.07145 0.10953 0.00933 ( 1)
 302 T   0.82561 0.05616 0.11093 0.00731 ( 1)
 303 I   0.83733 0.04501 0.11182 0.00583 ( 1)
 304 I   0.83574 0.04652 0.11171 0.00603 ( 1)
 305 G   0.33793 0.54318 0.04703 0.07186 ( 2)
 306 I   0.78687 0.09356 0.10729 0.01229 ( 1)
 307 F   0.84135 0.04122 0.11210 0.00533 ( 1)
 308 I   0.83574 0.04652 0.11171 0.00603 ( 1)
 309 T   0.82561 0.05616 0.11093 0.00731 ( 1)
 310 L   0.81880 0.06274 0.11028 0.00817 ( 1)
 311 A   0.82725 0.05459 0.11106 0.00710 ( 1)
 312 K   0.81654 0.06485 0.11015 0.00846 ( 1)
 313 T   0.82704 0.05479 0.11105 0.00712 ( 1)
 314 Y   0.34837 0.53278 0.04842 0.07043 ( 2)
 315 L   0.79354 0.08712 0.10791 0.01142 ( 1)
 316 F   0.29520 0.58545 0.04145 0.07790 ( 2)
 317 L   0.82019 0.06136 0.11046 0.00799 ( 1)
 318 F   0.80087 0.07998 0.10869 0.01047 ( 1)
 319 I   0.83574 0.04652 0.11171 0.00603 ( 1)
 320 A   0.36600 0.51553 0.05058 0.06789 ( 2)
 321 I   0.78687 0.09356 0.10729 0.01229 ( 1)
 322 T   0.82561 0.05616 0.11093 0.00731 ( 1)
 323 T   0.82561 0.05616 0.11093 0.00731 ( 1)
 324 R   0.81250 0.06874 0.10978 0.00897 ( 1)
 325 W   0.77965 0.10058 0.10654 0.01323 ( 1)
 326 T   0.82704 0.05479 0.11105 0.00712 ( 1)
 327 L   0.82019 0.06136 0.11046 0.00799 ( 1)
 328 P   0.81722 0.06420 0.11021 0.00837 ( 1)
 329 R   0.78283 0.09748 0.10687 0.01281 ( 1)
 330 L   0.80389 0.07705 0.10898 0.01008 ( 1)
 331 R   0.81250 0.06874 0.10978 0.00897 ( 1)
 332 M   0.82652 0.05528 0.11101 0.00719 ( 1)
 333 D   0.78421 0.09614 0.10702 0.01263 ( 1)
 334 Q   0.79832 0.08244 0.10844 0.01080 ( 1)
 335 L   0.78961 0.09067 0.10781 0.01192 ( 1)
 336 L   0.82019 0.06136 0.11046 0.00799 ( 1)
 337 N   0.82302 0.05863 0.11071 0.00763 ( 1)
 338 L   0.83134 0.05069 0.11139 0.00658 ( 1)
 339 G   0.77610 0.10404 0.10617 0.01369 ( 1)
 340 W   0.77965 0.10058 0.10654 0.01323 ( 1)
 341 K   0.81654 0.06485 0.11015 0.00846 ( 1)
 342 F   0.84135 0.04122 0.11210 0.00533 ( 1)
 343 L   0.83134 0.05069 0.11139 0.00658 ( 1)
 344 L   0.82019 0.06136 0.11046 0.00799 ( 1)
 345 P   0.81170 0.06976 0.10944 0.00909 ( 1)
 346 I   0.83660 0.04574 0.11173 0.00593 ( 1)
 347 S   0.82730 0.05455 0.11106 0.00709 ( 1)
 348 L   0.78445 0.09583 0.10713 0.01260 ( 1)
 349 G   0.77427 0.10583 0.10598 0.01393 ( 1)
 350 N   0.82302 0.05863 0.11071 0.00763 ( 1)
 351 L   0.80389 0.07705 0.10898 0.01008 ( 1)
 352 L   0.82019 0.06136 0.11046 0.00799 ( 1)
 353 L   0.82019 0.06136 0.11046 0.00799 ( 1)
 354 T   0.82561 0.05616 0.11093 0.00731 ( 1)
 355 T   0.82704 0.05479 0.11105 0.00712 ( 1)
 356 S   0.37929 0.50225 0.05236 0.06610 ( 2)
 357 S   0.25436 0.62577 0.03607 0.08381 ( 2)
 358 Q   0.79832 0.08244 0.10844 0.01080 ( 1)
 359 L   0.83062 0.05141 0.11130 0.00667 ( 1)
 360 L   0.83134 0.05069 0.11139 0.00658 ( 1)
 361 S   0.81641 0.06499 0.11013 0.00848 ( 1)
 362 L   0.77149 0.10853 0.10568 0.01430 ( 1)

