

TREE # 1

  0  0.0000   2413.162290  x:  0.00000   0.01240   0.05225   0.01872   0.05843   0.05987   0.03023   0.03528   0.05823   0.01694   0.04719   0.02189   0.02055   0.01605   0.01891   0.05257   0.05747   0.02820   0.04834   0.03483   0.06292   0.03624   0.01530   0.03406   0.00594   0.06604   0.04999   0.04088   0.07871   0.04755   2.00000   1.09989   0.02896   0.27919   2.57308  
  1 99.0000   2413.153240  x:  0.00000   0.01240   0.05225   0.01872   0.05843   0.05987   0.03023   0.03528   0.05823   0.01694   0.04719   0.02189   0.02055   0.01605   0.01891   0.05257   0.05747   0.02820   0.04834   0.03483   0.06292   0.03624   0.01530   0.03406   0.00594   0.06604   0.04999   0.04088   0.07871   0.04756   2.00000   1.09989   0.02896   0.27919   2.57308  
  2 1330.6618   2385.414939  x:  0.00000   0.00714   0.04705   0.01645   0.05251   0.05395   0.02508   0.03016   0.05224   0.01089   0.04292   0.01585   0.01452   0.01467   0.01670   0.04659   0.05509   0.02691   0.04503   0.03238   0.05759   0.03332   0.01431   0.03352   0.00000   0.06203   0.04936   0.03916   0.07560   0.04642   2.00005   1.10007   0.02879   0.27762   2.57308  
  3 8088.7277   2349.505974  x:  0.00000   0.00000   0.03970   0.01412   0.04396   0.04539   0.01815   0.02310   0.04358   0.00216   0.03718   0.00712   0.00583   0.01345   0.01446   0.03797   0.05205   0.02555   0.04073   0.02954   0.05010   0.02973   0.01341   0.03314   0.00000   0.05653   0.04856   0.03702   0.07130   0.04584   2.00013   1.10042   0.02844   0.27680   2.57307  
  4 157517.6434   2341.401717  x:  0.00000   0.00000   0.03795   0.01361   0.04185   0.04327   0.01679   0.02156   0.04144   0.00000   0.03590   0.00497   0.00368   0.01298   0.01393   0.03584   0.05134   0.02512   0.03977   0.02892   0.04841   0.02894   0.01298   0.03301   0.00000   0.05528   0.04831   0.03648   0.07021   0.04567   2.00015   1.10050   0.02836   0.27659   2.57307  
  5 190806.0939   2329.700396  x:  0.00000   0.00000   0.03523   0.01277   0.03821   0.03963   0.01605   0.01991   0.03776   0.00000   0.03413   0.00128   0.00000   0.01320   0.01317   0.03219   0.05008   0.02455   0.03824   0.02769   0.04501   0.02765   0.01395   0.03370   0.00000   0.05326   0.04801   0.03539   0.06911   0.04525   2.00019   1.10048   0.02839   0.27480   2.57307  
  6 10284.7254   2326.136861  x:  0.00000   0.00000   0.03436   0.01270   0.03695   0.03837   0.01571   0.01941   0.03649   0.00000   0.03355   0.00000   0.00000   0.01328   0.01314   0.03093   0.04971   0.02460   0.03776   0.02740   0.04354   0.02727   0.01382   0.03337   0.00000   0.05262   0.04798   0.03517   0.06899   0.04538   2.00020   1.10046   0.02842   0.27393   2.57307  
  7 9921.1637   2255.124071  x:  0.00000   0.00000   0.01490   0.01218   0.00598   0.00740   0.00234   0.00780   0.00535   0.00000   0.02201   0.00000   0.00000   0.00665   0.01161   0.00000   0.04525   0.02423   0.03018   0.02765   0.00460   0.02340   0.00798   0.03938   0.00000   0.03990   0.04780   0.03521   0.06825   0.04136   2.00044   1.10029   0.02875   0.25522   2.57304  
  8 9894.4450   2246.885236  x:  0.00000   0.00000   0.01188   0.01050   0.00061   0.00206   0.00441   0.00433   0.00000   0.00000   0.01946   0.00000   0.00000   0.00692   0.00992   0.00000   0.04520   0.02355   0.02905   0.02833   0.00208   0.02274   0.00703   0.03927   0.00000   0.03762   0.04808   0.03665   0.06752   0.04120   2.00045   1.10065   0.02842   0.25400   2.57304  
  9 1486.4464   2246.077732  x:  0.00000   0.00024   0.01155   0.01033   0.00000   0.00146   0.00459   0.00399   0.00000   0.00000   0.01918   0.00000   0.00000   0.00695   0.00975   0.00000   0.04519   0.02347   0.02893   0.02840   0.00187   0.02267   0.00694   0.03926   0.00000   0.03737   0.04810   0.03680   0.06744   0.04119   2.00045   1.10069   0.02838   0.25386   2.57304  
 10 14883.6671   2245.063100  x:  0.00000   0.00031   0.01091   0.01001   0.00000   0.00000   0.00455   0.00427   0.00000   0.00000   0.01873   0.00000   0.00000   0.00699   0.00945   0.00000   0.04515   0.02315   0.02871   0.02848   0.00169   0.02253   0.00695   0.03907   0.00000   0.03685   0.04808   0.03701   0.06714   0.04122   2.00046   1.10079   0.02828   0.25373   2.57303  
 11 1378.1374   2242.469650  x:  0.00000   0.00000   0.00827   0.01122   0.00000   0.00000   0.00423   0.00337   0.00000   0.00000   0.01804   0.00000   0.00000   0.00565   0.01107   0.00000   0.04391   0.02045   0.02739   0.02724   0.00228   0.02153   0.00800   0.03825   0.00000   0.03333   0.04674   0.03606   0.06405   0.04128   2.00054   1.10164   0.02747   0.25248   2.57302  
 12 403.8076   2242.469650  x:  0.00000   0.00000   0.00827   0.01122   0.00000   0.00000   0.00423   0.00337   0.00000   0.00000   0.01804   0.00000   0.00000   0.00565   0.01107   0.00000   0.04391   0.02045   0.02739   0.02724   0.00228   0.02153   0.00800   0.03825   0.00000   0.03333   0.04674   0.03606   0.06405   0.04128   2.00054   1.10164   0.02747   0.25248   2.57302  
 13 555.5597   2235.624360  x:  0.00000   0.02003   0.00246   0.00683   0.00000   0.00000   0.00116   0.00230   0.00000   0.00000   0.01327   0.00000   0.00000   0.00625   0.00671   0.00000   0.04035   0.01796   0.02315   0.02309   0.00439   0.01739   0.00680   0.04130   0.00000   0.02845   0.04510   0.03169   0.05941   0.05388   2.00066   1.10188   0.02724   0.25012   2.57302  
 14 999.8708   2230.672675  x:  0.00000   0.02293   0.00104   0.00447   0.00000   0.00000   0.00871   0.00358   0.00000   0.00000   0.00960   0.00000   0.00000   0.00625   0.00443   0.00000   0.03716   0.01609   0.01955   0.01959   0.00000   0.01408   0.00625   0.04375   0.00000   0.02409   0.04368   0.02773   0.05529   0.06293   2.00077   1.10212   0.02701   0.24784   2.57301  
 15 1038.0374   2227.230720  x:  0.00000   0.02283   0.00845   0.00419   0.00000   0.00000   0.00960   0.00330   0.00000   0.00000   0.00564   0.00000   0.00000   0.00605   0.00424   0.00000   0.03246   0.01384   0.01468   0.01493   0.00000   0.00997   0.00591   0.04709   0.00000   0.01777   0.04162   0.02191   0.04905   0.07491   2.00096   1.10251   0.02664   0.24422   2.57300  
 16 1172.7094   2222.391299  x:  0.00000   0.01617   0.00414   0.00730   0.00000   0.00000   0.00527   0.00248   0.00000   0.00000   0.00783   0.00000   0.00000   0.00579   0.00724   0.00000   0.02606   0.01234   0.01003   0.01027   0.00000   0.00794   0.00616   0.05129   0.00000   0.01014   0.03884   0.01434   0.03970   0.09009   2.00127   1.10317   0.02600   0.23824   2.57299  
 17 776.5166   2220.085348  x:  0.00000   0.01056   0.00276   0.00470   0.00000   0.00000   0.00177   0.00425   0.00000   0.00000   0.00659   0.00000   0.00000   0.00597   0.00471   0.00000   0.02303   0.01270   0.01131   0.01136   0.00000   0.00996   0.00580   0.05358   0.00000   0.01050   0.03733   0.01244   0.03383   0.09952   2.00151   1.10371   0.02548   0.23349   2.57298  
 18 534.1397   2218.595475  x:  0.00000   0.00778   0.00304   0.00511   0.00000   0.00000   0.00231   0.00143   0.00000   0.00000   0.00777   0.00000   0.00000   0.00611   0.00511   0.00000   0.02200   0.01361   0.01328   0.01329   0.00000   0.01131   0.00587   0.05501   0.00000   0.01289   0.03646   0.01370   0.02976   0.10696   2.00176   1.10426   0.02495   0.22871   2.57297  
 19 451.9306   2217.774998  x:  0.00000   0.00604   0.00371   0.00680   0.00000   0.00000   0.00270   0.00369   0.00000   0.00000   0.00936   0.00000   0.00000   0.00610   0.00675   0.00000   0.02224   0.01443   0.01458   0.01464   0.00000   0.01168   0.00620   0.05587   0.00000   0.01486   0.03604   0.01587   0.02725   0.11297   2.00201   1.10483   0.02440   0.22385   2.57296  
 20 622.8266   2216.845650  x:  0.00000   0.00230   0.00324   0.00669   0.00000   0.00000   0.00199   0.00343   0.00000   0.00000   0.00881   0.00000   0.00000   0.00570   0.00665   0.00000   0.02540   0.01475   0.01399   0.01421   0.00000   0.01031   0.00664   0.05553   0.00000   0.01478   0.03675   0.01851   0.02881   0.11682   2.00239   1.10568   0.02358   0.21656   2.57294  
 21 227.0161   2215.969603  x:  0.00000   0.00000   0.00297   0.00662   0.00000   0.00000   0.00158   0.00327   0.00000   0.00000   0.00851   0.00000   0.00000   0.00547   0.00659   0.00000   0.02737   0.01495   0.01364   0.01396   0.00146   0.00957   0.00690   0.05528   0.00000   0.01468   0.03721   0.02006   0.02982   0.11920   2.00263   1.10623   0.02304   0.21181   2.57293  
 22 3454.2397   2214.634942  x:  0.00000   0.00000   0.00438   0.00604   0.00000   0.00000   0.00263   0.00345   0.00000   0.00000   0.01101   0.00000   0.00000   0.00797   0.00594   0.00000   0.03136   0.01487   0.01340   0.01316   0.00223   0.01569   0.00525   0.05231   0.00000   0.01144   0.03977   0.01747   0.03193   0.12017   2.00358   1.10846   0.02089   0.19285   2.57289  
 23 255.6687   2212.449685  x:  0.00000   0.00000   0.00453   0.00709   0.00000   0.00000   0.00365   0.00357   0.00000   0.00000   0.00890   0.00000   0.00000   0.00438   0.00731   0.00000   0.03069   0.01399   0.01459   0.01411   0.00297   0.01756   0.00844   0.04778   0.00000   0.01317   0.04279   0.00979   0.03222   0.11580   2.00525   1.11249   0.01700   0.15858   2.57281  
 24 389.2864   2205.716399  x:  0.01733   0.00000   0.00455   0.00876   0.00000   0.00000   0.00530   0.00384   0.00000   0.00000   0.00493   0.00000   0.00000   0.00473   0.00911   0.00000   0.02235   0.01209   0.01585   0.01523   0.00481   0.01709   0.01055   0.03848   0.00000   0.01618   0.04815   0.00000   0.02944   0.10113   2.00976   1.12343   0.00644   0.06571   2.57260  
 25 1449.5407   2205.716399  x:  0.01733   0.00000   0.00455   0.00876   0.00000   0.00000   0.00530   0.00384   0.00000   0.00000   0.00493   0.00000   0.00000   0.00473   0.00911   0.00000   0.02235   0.01209   0.01585   0.01523   0.00481   0.01709   0.01055   0.03848   0.00000   0.01618   0.04815   0.00000   0.02944   0.10113   2.00976   1.12343   0.00644   0.06571   2.57260  
 26 2203.0464   2203.592702  x:  0.01773   0.00000   0.00256   0.00685   0.00000   0.00000   0.00229   0.00251   0.00000   0.00000   0.01050   0.00000   0.00000   0.00663   0.00700   0.00000   0.02392   0.01384   0.01567   0.01530   0.00255   0.01533   0.00828   0.04074   0.00000   0.01616   0.04707   0.00040   0.02991   0.10127   2.00982   1.12364   0.00623   0.06422   2.57260  
 27 466.2329   2202.900189  x:  0.01803   0.00000   0.00359   0.00540   0.00000   0.00000   0.00369   0.00385   0.00000   0.00000   0.01129   0.00000   0.00000   0.00662   0.00528   0.00000   0.02577   0.01533   0.01547   0.01539   0.00342   0.01320   0.00595   0.04378   0.00000   0.01606   0.04552   0.00070   0.03054   0.10149   2.00992   1.12399   0.00590   0.06184   2.57259  
 28 266.2119   2202.115148  x:  0.01816   0.00000   0.00313   0.00597   0.00000   0.00000   0.00258   0.00258   0.00000   0.00000   0.00887   0.00000   0.00000   0.00533   0.00589   0.00000   0.02883   0.01687   0.01522   0.01553   0.00333   0.01014   0.00494   0.04975   0.00000   0.01577   0.04230   0.00083   0.03170   0.10200   2.01015   1.12482   0.00509   0.05611   2.57257  
 29 246.6379   2201.627681  x:  0.01805   0.00000   0.00256   0.00639   0.00000   0.00000   0.00316   0.00374   0.00000   0.00000   0.00847   0.00000   0.00000   0.00643   0.00640   0.00000   0.03069   0.01718   0.01518   0.01557   0.00226   0.01034   0.00728   0.05459   0.00000   0.01559   0.03956   0.00072   0.03255   0.10253   2.01041   1.12575   0.00420   0.04973   2.57256  
 30 275.2655   2201.214143  x:  0.01786   0.00000   0.00355   0.00656   0.00000   0.00000   0.00266   0.00300   0.00000   0.00000   0.00912   0.00000   0.00000   0.00719   0.00661   0.00000   0.03162   0.01661   0.01532   0.01559   0.00404   0.01230   0.00870   0.05864   0.00000   0.01563   0.03730   0.00053   0.03314   0.10313   2.01071   1.12685   0.00313   0.04221   2.57254  
 31 375.0551   2200.526922  x:  0.01771   0.00000   0.00310   0.00632   0.00000   0.00000   0.00389   0.00207   0.00000   0.00000   0.00952   0.00000   0.00000   0.00539   0.00627   0.00000   0.03070   0.01422   0.01585   0.01558   0.00288   0.01594   0.00703   0.06260   0.00000   0.01624   0.03566   0.00038   0.03339   0.10432   2.01132   1.12905   0.00101   0.02730   2.57250  
 32 294.2276   2200.115351  x:  0.01774   0.00000   0.00283   0.00639   0.00000   0.00000   0.00250   0.00378   0.00000   0.00000   0.00926   0.00000   0.00000   0.00493   0.00634   0.00000   0.02950   0.01309   0.01609   0.01556   0.00281   0.01713   0.00578   0.06412   0.00000   0.01654   0.03548   0.00041   0.03331   0.10512   2.01176   1.13062  -0.00050   0.01674   2.57247  
 33 603.2296   2199.246419  x:  0.01799   0.00000   0.00295   0.00637   0.00000   0.00000   0.00271   0.00334   0.00000   0.00000   0.00863   0.00000   0.00000   0.00668   0.00637   0.00000   0.02716   0.01332   0.01606   0.01553   0.00282   0.01598   0.00548   0.06438   0.00000   0.01660   0.03682   0.00066   0.03279   0.10625   2.01247   1.13316  -0.00294   0.00000   2.57241  
 34 497.5401   2198.981780  x:  0.01793   0.00000   0.00298   0.00597   0.00000   0.00000   0.00289   0.00311   0.00000   0.00000   0.00931   0.00000   0.00000   0.00564   0.00592   0.00000   0.02484   0.01439   0.01569   0.01540   0.00323   0.01367   0.00728   0.06368   0.00000   0.01622   0.03874   0.00060   0.03199   0.10762   2.01353   1.13683  -0.00647   0.00000   2.57234  
 35 164.9964   2198.813002  x:  0.01741   0.00000   0.00411   0.00671   0.00000   0.00000   0.00307   0.00303   0.00000   0.00000   0.00991   0.00000   0.00000   0.00569   0.00671   0.00000   0.02665   0.01524   0.01520   0.01530   0.00273   0.01296   0.00728   0.06092   0.00000   0.01554   0.03948   0.00008   0.03166   0.10798   2.01444   1.13984  -0.00936   0.00000   2.57227  
 36 80.6858   2198.700458  x:  0.01733   0.00000   0.00363   0.00672   0.00000   0.00000   0.00324   0.00297   0.00000   0.00000   0.00985   0.00000   0.00000   0.00586   0.00672   0.00000   0.02771   0.01551   0.01506   0.01529   0.00306   0.01282   0.00730   0.05950   0.00000   0.01532   0.03964   0.00000   0.03160   0.10800   2.01484   1.14116  -0.01062   0.00000   2.57224  
 37 212.0486   2198.633601  x:  0.01772   0.00000   0.00392   0.00605   0.00000   0.00000   0.00293   0.00277   0.00000   0.00000   0.00923   0.00000   0.00000   0.00600   0.00600   0.00000   0.02873   0.01561   0.01514   0.01533   0.00279   0.01278   0.00771   0.05789   0.00000   0.01542   0.03942   0.00039   0.03176   0.10772   2.01528   1.14252  -0.01192   0.00000   2.57221  
 38 115.2808   2198.605828  x:  0.01819   0.00000   0.00396   0.00623   0.00000   0.00000   0.00304   0.00278   0.00000   0.00000   0.00946   0.00000   0.00000   0.00598   0.00625   0.00000   0.02863   0.01558   0.01554   0.01542   0.00286   0.01235   0.00780   0.05696   0.00000   0.01608   0.03849   0.00086   0.03224   0.10681   2.01562   1.14348  -0.01282   0.00000   2.57218  
 39 34.9105   2198.583622  x:  0.01765   0.00000   0.00395   0.00618   0.00000   0.00000   0.00302   0.00274   0.00000   0.00000   0.00938   0.00000   0.00000   0.00609   0.00606   0.00000   0.02809   0.01574   0.01552   0.01543   0.00284   0.01210   0.00778   0.05629   0.00000   0.01619   0.03744   0.00032   0.03269   0.10536   2.01607   1.14464  -0.01391   0.00000   2.57214  
 40 33.8548   2198.565864  x:  0.01786   0.00000   0.00394   0.00598   0.00000   0.00000   0.00303   0.00274   0.00000   0.00000   0.00936   0.00000   0.00000   0.00606   0.00628   0.00000   0.02775   0.01598   0.01502   0.01527   0.00282   0.01224   0.00770   0.05615   0.00000   0.01548   0.03709   0.00054   0.03272   0.10361   2.01667   1.14610  -0.01528   0.00000   2.57209  
 41 28.3961   2198.550826  x:  0.01796   0.00000   0.00393   0.00645   0.00000   0.00000   0.00303   0.00274   0.00000   0.00000   0.00938   0.00000   0.00000   0.00604   0.00587   0.00000   0.02780   0.01591   0.01499   0.01523   0.00282   0.01224   0.00772   0.05631   0.00000   0.01530   0.03732   0.00063   0.03246   0.10202   2.01733   1.14771  -0.01678   0.00000   2.57204  
 42 40.2954   2198.523190  x:  0.01780   0.00000   0.00394   0.00610   0.00000   0.00000   0.00303   0.00273   0.00000   0.00000   0.00941   0.00000   0.00000   0.00601   0.00612   0.00000   0.02820   0.01560   0.01536   0.01530   0.00284   0.01210   0.00780   0.05679   0.00000   0.01567   0.03812   0.00047   0.03183   0.09933   2.01871   1.15103  -0.01987   0.00000   2.57192  
 43 75.3338   2198.455783  x:  0.01777   0.00000   0.00386   0.00619   0.00000   0.00000   0.00296   0.00281   0.00000   0.00000   0.00930   0.00000   0.00000   0.00565   0.00611   0.00000   0.02840   0.01694   0.01455   0.01538   0.00281   0.01303   0.00779   0.05697   0.00000   0.01704   0.03854   0.00044   0.03250   0.09876   2.02347   1.16219  -0.03024   0.00000   2.57150  
 44 26.4013   2198.078126  x:  0.01733   0.00000   0.00376   0.00592   0.00000   0.00000   0.00278   0.00311   0.00000   0.00000   0.00997   0.00000   0.00000   0.00435   0.00587   0.00000   0.02958   0.01468   0.01535   0.01491   0.00282   0.01296   0.00804   0.05666   0.00000   0.01506   0.03725   0.00000   0.03566   0.09950   2.05255   1.23001  -0.09321   0.00000   2.56897  
 45 250.0244   2198.006298  x:  0.01734   0.00000   0.00372   0.00587   0.00000   0.00000   0.00274   0.00315   0.00000   0.00000   0.01003   0.00000   0.00000   0.00418   0.00579   0.00000   0.02967   0.01441   0.01465   0.01503   0.00281   0.01283   0.00805   0.05632   0.00000   0.01540   0.03525   0.00001   0.03253   0.10003   2.05777   1.24169  -0.10401   0.00000   2.56851  
 46 132.4843   2198.003779  x:  0.01734   0.00000   0.00371   0.00588   0.00000   0.00000   0.00273   0.00316   0.00000   0.00000   0.01001   0.00000   0.00000   0.00416   0.00580   0.00000   0.02965   0.01465   0.01498   0.01491   0.00281   0.01293   0.00803   0.05630   0.00000   0.01532   0.03515   0.00002   0.03234   0.10005   2.05804   1.24211  -0.10437   0.00000   2.56848  
 47 16.5228   2197.989446  x:  0.01734   0.00000   0.00371   0.00588   0.00000   0.00000   0.00273   0.00316   0.00000   0.00000   0.01000   0.00000   0.00000   0.00416   0.00580   0.00000   0.02964   0.01469   0.01502   0.01486   0.00281   0.01294   0.00802   0.05630   0.00000   0.01532   0.03514   0.00002   0.03231   0.10006   2.05893   1.24223  -0.10430   0.00346   2.56838  
 48  8.2093   2197.988976  x:  0.01735   0.00000   0.00371   0.00588   0.00000   0.00000   0.00273   0.00316   0.00000   0.00000   0.01000   0.00000   0.00000   0.00415   0.00580   0.00000   0.02963   0.01472   0.01505   0.01506   0.00281   0.01296   0.00802   0.05630   0.00000   0.01528   0.03514   0.00002   0.03231   0.10006   2.05919   1.24226  -0.10426   0.00350   2.56835  
 49  2.7676   2197.598294  x:  0.01737   0.00000   0.00347   0.00590   0.00000   0.00000   0.00274   0.00310   0.00000   0.00000   0.00979   0.00000   0.00000   0.00456   0.00583   0.00000   0.02912   0.01472   0.01496   0.01489   0.00282   0.01266   0.00764   0.05474   0.00000   0.01523   0.03594   0.00008   0.03182   0.10036   2.41847   1.27470  -0.05284   0.00257   2.52534  
 50  5.5807   2197.006990  x:  0.01732   0.00000   0.00228   0.00602   0.00000   0.00000   0.00281   0.00283   0.00000   0.00000   0.00881   0.00000   0.00000   0.00596   0.00598   0.00000   0.02735   0.01507   0.01479   0.01490   0.00296   0.01169   0.00597   0.04778   0.00000   0.01492   0.03905   0.00023   0.02968   0.10109   2.31963   1.61001   0.14870   0.01187   2.24750  
 51  0.4461   2196.629113  x:  0.01763   0.00000   0.00382   0.00596   0.00000   0.00000   0.00283   0.00290   0.00000   0.00000   0.00835   0.00000   0.00000   0.00673   0.00594   0.00000   0.02556   0.01479   0.01500   0.01494   0.00292   0.01172   0.00566   0.05092   0.00000   0.01543   0.04034   0.00054   0.03082   0.10137   2.26988   2.18293   0.53869   0.02679   1.72662  
 52  0.4827   2196.415459  x:  0.01754   0.00000   0.00295   0.00577   0.00000   0.00000   0.00320   0.00298   0.00000   0.00000   0.00882   0.00000   0.00000   0.00629   0.00572   0.00000   0.02696   0.01461   0.01470   0.01479   0.00310   0.01207   0.00664   0.05202   0.00000   0.01540   0.03895   0.00036   0.03116   0.10070   2.32382   2.70130   0.92399   0.03322   1.17898  
 53  0.4627   2196.367421  x:  0.01751   0.00000   0.00295   0.00591   0.00000   0.00000   0.00301   0.00293   0.00000   0.00000   0.00883   0.00000   0.00000   0.00597   0.00587   0.00000   0.02683   0.01475   0.01466   0.01479   0.00301   0.01190   0.00645   0.05086   0.00000   0.01526   0.03879   0.00025   0.03072   0.10081   2.32736   2.81870   1.03480   0.03186   1.00000  
 54  0.2647   2196.347611  x:  0.01759   0.00000   0.00300   0.00595   0.00000   0.00000   0.00281   0.00291   0.00000   0.00000   0.00879   0.00000   0.00000   0.00573   0.00592   0.00000   0.02679   0.01483   0.01487   0.01488   0.00290   0.01190   0.00611   0.05043   0.00000   0.01521   0.03876   0.00017   0.03055   0.10113   2.31031   2.84765   1.11491   0.02832   1.00000  
 55  0.0544   2196.323931  x:  0.01780   0.00000   0.00294   0.00594   0.00000   0.00000   0.00295   0.00292   0.00000   0.00000   0.00880   0.00000   0.00000   0.00576   0.00590   0.00000   0.02685   0.01481   0.01475   0.01485   0.00295   0.01181   0.00624   0.05074   0.00000   0.01526   0.03872   0.00000   0.03070   0.10092   2.30569   3.11023   1.41123   0.02811   1.00000  
 56  0.1179   2196.323924  x:  0.01777   0.00000   0.00294   0.00594   0.00000   0.00000   0.00295   0.00292   0.00000   0.00000   0.00880   0.00000   0.00000   0.00576   0.00590   0.00000   0.02685   0.01481   0.01475   0.01485   0.00295   0.01181   0.00624   0.05074   0.00000   0.01526   0.03872   0.00000   0.03070   0.10092   2.30569   3.11042   1.41143   0.02811   1.00000  
 57  0.8526   2196.323906  x:  0.01766   0.00000   0.00294   0.00594   0.00000   0.00000   0.00295   0.00292   0.00000   0.00000   0.00880   0.00000   0.00000   0.00576   0.00590   0.00000   0.02685   0.01481   0.01475   0.01485   0.00295   0.01181   0.00624   0.05074   0.00000   0.01526   0.03872   0.00007   0.03070   0.10092   2.30569   3.11138   1.41243   0.02811   1.00000  
 58  8.1086   2196.308198  x:  0.01780   0.00000   0.00294   0.00593   0.00000   0.00000   0.00297   0.00293   0.00000   0.00000   0.00881   0.00000   0.00000   0.00581   0.00588   0.00000   0.02688   0.01478   0.01475   0.01484   0.00297   0.01187   0.00629   0.05086   0.00000   0.01526   0.03870   0.00000   0.03073   0.10088   2.30843   3.41242   1.72044   0.02791   1.00000  
 59  2.6725   2196.262967  x:  0.01746   0.00000   0.00299   0.00585   0.00000   0.00000   0.00296   0.00292   0.00000   0.00000   0.00881   0.00000   0.00000   0.00604   0.00582   0.00000   0.02681   0.01475   0.01479   0.01483   0.00297   0.01205   0.00637   0.05098   0.00000   0.01527   0.03899   0.00026   0.03079   0.10104   2.32741   6.48109   4.77748   0.02732   1.00000  
 60  1.2950   2196.259944  x:  0.01759   0.00000   0.00298   0.00594   0.00000   0.00000   0.00292   0.00293   0.00000   0.00000   0.00881   0.00000   0.00000   0.00589   0.00590   0.00000   0.02683   0.01480   0.01480   0.01486   0.00296   0.01191   0.00627   0.05076   0.00000   0.01525   0.03884   0.00019   0.03069   0.10101   2.31272   6.64481   4.94127   0.02780   1.00000  
 61  0.2036   2196.259377  x:  0.01765   0.00000   0.00298   0.00590   0.00000   0.00000   0.00295   0.00293   0.00000   0.00000   0.00881   0.00000   0.00000   0.00583   0.00587   0.00000   0.02689   0.01479   0.01480   0.01485   0.00295   0.01191   0.00627   0.05085   0.00000   0.01526   0.03873   0.00016   0.03072   0.10094   2.31058   7.05099   5.34617   0.02761   1.00000  
 62  0.2099   2196.258517  x:  0.01749   0.00000   0.00300   0.00592   0.00000   0.00000   0.00290   0.00293   0.00000   0.00000   0.00879   0.00000   0.00000   0.00589   0.00588   0.00000   0.02686   0.01478   0.01481   0.01485   0.00297   0.01195   0.00628   0.05087   0.00000   0.01525   0.03882   0.00029   0.03073   0.10102   2.31247   8.09755   6.39019   0.02805   1.00000  
 63  0.3758   2196.258126  x:  0.01746   0.00000   0.00298   0.00592   0.00000   0.00000   0.00295   0.00293   0.00000   0.00000   0.00882   0.00000   0.00000   0.00587   0.00588   0.00000   0.02684   0.01479   0.01479   0.01485   0.00295   0.01191   0.00626   0.05079   0.00000   0.01526   0.03882   0.00032   0.03070   0.10099   2.31311   8.80174   7.09801   0.02769   1.00000  
 64  0.5436   2196.257985  x:  0.01746   0.00000   0.00298   0.00592   0.00000   0.00000   0.00292   0.00293   0.00000   0.00000   0.00880   0.00000   0.00000   0.00588   0.00588   0.00000   0.02687   0.01479   0.01480   0.01485   0.00296   0.01192   0.00629   0.05083   0.00000   0.01525   0.03878   0.00034   0.03071   0.10097   2.31205   9.63154   7.92784   0.02767   1.00000  
 65  0.4868   2196.257910  x:  0.01737   0.00000   0.00298   0.00592   0.00000   0.00000   0.00294   0.00293   0.00000   0.00000   0.00881   0.00000   0.00000   0.00588   0.00588   0.00000   0.02685   0.01479   0.01480   0.01485   0.00296   0.01193   0.00626   0.05081   0.00000   0.01525   0.03882   0.00042   0.03071   0.10100   2.31273  10.44109   8.73644   0.02780   1.00000  
 66  0.5154   2196.257879  x:  0.01733   0.00000   0.00298   0.00592   0.00000   0.00000   0.00293   0.00293   0.00000   0.00000   0.00881   0.00000   0.00000   0.00587   0.00588   0.00000   0.02686   0.01479   0.01480   0.01485   0.00296   0.01191   0.00628   0.05082   0.00000   0.01526   0.03880   0.00047   0.03071   0.10098   2.31258  11.34771   9.64379   0.02769   1.00000  
 67  0.5079   2196.257866  x:  0.01728   0.00000   0.00298   0.00592   0.00000   0.00000   0.00293   0.00293   0.00000   0.00000   0.00881   0.00000   0.00000   0.00588   0.00588   0.00000   0.02686   0.01479   0.01480   0.01485   0.00296   0.01193   0.00627   0.05081   0.00000   0.01525   0.03880   0.00052   0.03071   0.10099   2.31249  12.15069  10.44624   0.02776   1.00000  
 68  0.5043   2196.257860  x:  0.01722   0.00000   0.00298   0.00592   0.00000   0.00000   0.00293   0.00293   0.00000   0.00000   0.00881   0.00000   0.00000   0.00587   0.00588   0.00000   0.02685   0.01479   0.01480   0.01485   0.00296   0.01192   0.00627   0.05082   0.00000   0.01526   0.03881   0.00058   0.03071   0.10099   2.31266  13.08276  11.37858   0.02773   1.00000  
 69  0.5167   2196.257858  x:  0.01719   0.00000   0.00298   0.00592   0.00000   0.00000   0.00293   0.00293   0.00000   0.00000   0.00881   0.00000   0.00000   0.00587   0.00588   0.00000   0.02686   0.01479   0.01480   0.01485   0.00296   0.01192   0.00627   0.05081   0.00000   0.01525   0.03880   0.00061   0.03071   0.10098   2.31255  13.64553  11.94131   0.02773   1.00000  
 70  0.4974   2196.257857  x:  0.01709   0.00000   0.00298   0.00592   0.00000   0.00000   0.00293   0.00293   0.00000   0.00000   0.00881   0.00000   0.00000   0.00588   0.00588   0.00000   0.02685   0.01479   0.01480   0.01485   0.00296   0.01192   0.00627   0.05082   0.00000   0.01525   0.03881   0.00071   0.03071   0.10099   2.31256  15.21999  13.51565   0.02775   1.00000  
 71  0.6561   2196.257857  x:  0.01707   0.00000   0.00298   0.00592   0.00000   0.00000   0.00293   0.00293   0.00000   0.00000   0.00881   0.00000   0.00000   0.00587   0.00588   0.00000   0.02686   0.01479   0.01480   0.01485   0.00296   0.01192   0.00627   0.05082   0.00000   0.01525   0.03881   0.00073   0.03071   0.10099   2.31257  15.61737  13.91310   0.02774   1.00000  
 72  0.5154   2196.257857  x:  0.01702   0.00000   0.00298   0.00592   0.00000   0.00000   0.00293   0.00293   0.00000   0.00000   0.00881   0.00000   0.00000   0.00587   0.00588   0.00000   0.02686   0.01479   0.01480   0.01485   0.00296   0.01192   0.00627   0.05081   0.00000   0.01525   0.03881   0.00078   0.03071   0.10099   2.31257  16.43942  14.73520   0.02773   1.00000  
 73  0.6688   2196.257856  x:  0.01678   0.00000   0.00298   0.00592   0.00000   0.00000   0.00293   0.00293   0.00000   0.00000   0.00881   0.00000   0.00000   0.00587   0.00588   0.00000   0.02686   0.01479   0.01480   0.01485   0.00296   0.01192   0.00627   0.05082   0.00000   0.01525   0.03881   0.00102   0.03071   0.10099   2.31257  20.35536  18.65109   0.02774   1.00000  
 74  0.9298   2196.257856  x:  0.01654   0.00000   0.00298   0.00592   0.00000   0.00000   0.00293   0.00293   0.00000   0.00000   0.00881   0.00000   0.00000   0.00587   0.00588   0.00000   0.02686   0.01479   0.01480   0.01485   0.00296   0.01192   0.00627   0.05082   0.00000   0.01525   0.03881   0.00125   0.03071   0.10099   2.31257  24.23314  22.52888   0.02774   1.00000  
 75  3.9589   2196.257856  x:  0.01654   0.00000   0.00298   0.00592   0.00000   0.00000   0.00293   0.00293   0.00000   0.00000   0.00881   0.00000   0.00000   0.00587   0.00588   0.00000   0.02686   0.01479   0.01480   0.01485   0.00296   0.01192   0.00627   0.05082   0.00000   0.01525   0.03881   0.00125   0.03071   0.10099   2.31257  24.22935  22.52509   0.02774   1.00000  
 76  5.4828   2196.257856  x:  0.01605   0.00000   0.00298   0.00592   0.00000   0.00000   0.00293   0.00293   0.00000   0.00000   0.00881   0.00000   0.00000   0.00587   0.00588   0.00000   0.02686   0.01479   0.01480   0.01485   0.00296   0.01192   0.00627   0.05081   0.00000   0.01525   0.03881   0.00174   0.03071   0.10099   2.31266  32.25453  30.55035   0.02773   1.00000  
 77 27.8389   2196.257856  x:  0.01640   0.00000   0.00298   0.00592   0.00000   0.00000   0.00293   0.00293   0.00000   0.00000   0.00881   0.00000   0.00000   0.00587   0.00588   0.00000   0.02686   0.01479   0.01480   0.01485   0.00296   0.01192   0.00627   0.05081   0.00000   0.01525   0.03880   0.00139   0.03071   0.10098   2.31264  26.53638  24.83219   0.02773   1.00000  
 78 45.7998   2196.257856  x:  0.01668   0.00000   0.00298   0.00592   0.00000   0.00000   0.00293   0.00293   0.00000   0.00000   0.00881   0.00000   0.00000   0.00587   0.00588   0.00000   0.02685   0.01479   0.01480   0.01485   0.00296   0.01192   0.00627   0.05081   0.00000   0.01525   0.03880   0.00112   0.03071   0.10098   2.31263  21.97122  20.26701   0.02773   1.00000  
 79 37.7065   2196.257856  x:  0.01677   0.00000   0.00298   0.00592   0.00000   0.00000   0.00293   0.00293   0.00000   0.00000   0.00881   0.00000   0.00000   0.00587   0.00588   0.00000   0.02685   0.01479   0.01480   0.01485   0.00296   0.01192   0.00627   0.05081   0.00000   0.01525   0.03880   0.00102   0.03071   0.10098   2.31262  20.44301  18.73881   0.02773   1.00000  
 80 31.3218   2196.257856  x:  0.01680   0.00000   0.00298   0.00592   0.00000   0.00000   0.00293   0.00293   0.00000   0.00000   0.00881   0.00000   0.00000   0.00587   0.00588   0.00000   0.02685   0.01479   0.01480   0.01485   0.00296   0.01192   0.00627   0.05081   0.00000   0.01525   0.03880   0.00100   0.03071   0.10098   2.31262  20.02906  18.32485   0.02773   1.00000  
 81 29.0417   2196.257856  x:  0.01680   0.00000   0.00298   0.00592   0.00000   0.00000   0.00293   0.00293   0.00000   0.00000   0.00881   0.00000   0.00000   0.00587   0.00588   0.00000   0.02685   0.01479   0.01480   0.01485   0.00296   0.01192   0.00627   0.05081   0.00000   0.01525   0.03880   0.00099   0.03071   0.10098   2.31262  19.91691  18.21271   0.02773   1.00000  
 82 28.8731   2196.257856  x:  0.01680   0.00000   0.00298   0.00592   0.00000   0.00000   0.00293   0.00293   0.00000   0.00000   0.00881   0.00000   0.00000   0.00587   0.00588   0.00000   0.02685   0.01479   0.01480   0.01485   0.00296   0.01192   0.00627   0.05081   0.00000   0.01525   0.03880   0.00099   0.03071   0.10098   2.31262  19.91691  18.21270   0.02773   1.00000  
 83 30.5702   2196.257856  x:  0.01680   0.00000   0.00298   0.00592   0.00000   0.00000   0.00293   0.00293   0.00000   0.00000   0.00881   0.00000   0.00000   0.00587   0.00588   0.00000   0.02685   0.01479   0.01480   0.01485   0.00296   0.01192   0.00627   0.05081   0.00000   0.01525   0.03880   0.00099   0.03071   0.10098   2.31261  19.91599  18.21179   0.02773   1.00000  
 84  0.0118   2196.257856  x:  0.01680   0.00000   0.00298   0.00592   0.00000   0.00000   0.00293   0.00293   0.00000   0.00000   0.00881   0.00000   0.00000   0.00587   0.00588   0.00000   0.02685   0.01479   0.01480   0.01485   0.00296   0.01192   0.00627   0.05081   0.00000   0.01525   0.03880   0.00099   0.03071   0.10098   2.31259  19.91555  18.21134   0.02773   1.00000  
 85  0.0030   2196.257856  x:  0.01680   0.00000   0.00298   0.00592   0.00000   0.00000   0.00293   0.00293   0.00000   0.00000   0.00881   0.00000   0.00000   0.00587   0.00588   0.00000   0.02685   0.01479   0.01480   0.01485   0.00296   0.01192   0.00627   0.05081   0.00000   0.01525   0.03880   0.00099   0.03071   0.10098   2.31259  19.91555  18.21134   0.02773   1.00000  
 86  0.0037   2196.257856  x:  0.01680   0.00000   0.00298   0.00592   0.00000   0.00000   0.00293   0.00293   0.00000   0.00000   0.00881   0.00000   0.00000   0.00587   0.00588   0.00000   0.02685   0.01479   0.01480   0.01485   0.00296   0.01192   0.00627   0.05081   0.00000   0.01525   0.03880   0.00099   0.03071   0.10098   2.31259  19.91555  18.21134   0.02773   1.00000  
 87  0.0034   2196.257856  x:  0.01680   0.00000   0.00298   0.00592   0.00000   0.00000   0.00293   0.00293   0.00000   0.00000   0.00881   0.00000   0.00000   0.00587   0.00588   0.00000   0.02685   0.01479   0.01480   0.01485   0.00296   0.01192   0.00627   0.05081   0.00000   0.01525   0.03880   0.00099   0.03071   0.10098   2.31259  19.91555  18.21134   0.02773   1.00000  
 88  0.0046   2196.257856  x:  0.01680   0.00000   0.00298   0.00592   0.00000   0.00000   0.00293   0.00293   0.00000   0.00000   0.00881   0.00000   0.00000   0.00587   0.00588   0.00000   0.02685   0.01479   0.01480   0.01485   0.00296   0.01192   0.00627   0.05081   0.00000   0.01525   0.03880   0.00099   0.03071   0.10098   2.31259  19.91555  18.21134   0.02773   1.00000  
 89  0.2702   2196.257856  x:  0.01680   0.00000   0.00298   0.00592   0.00000   0.00000   0.00293   0.00293   0.00000   0.00000   0.00881   0.00000   0.00000   0.00587   0.00588   0.00000   0.02685   0.01479   0.01480   0.01485   0.00296   0.01192   0.00627   0.05081   0.00000   0.01525   0.03880   0.00099   0.03071   0.10098   2.31259  19.91555  18.21134   0.02773   1.00000  
check convergence!
