Supplemental results for CODEML (seqf: /Users/YY/Desktop/get/branch_site/modify/modify_trim_muscle_cemA.fa  treef: /Users/YY/Desktop/get/branch_site/16gene_topu.tree)


dN/dS (w) for site classes (K=4)

site class             0        1       2a       2b
proportion       0.75458  0.09402  0.13462  0.01677
background w     0.20769  1.00000  0.20769  1.00000
foreground w     0.20769  1.00000  1.00000  1.00000

Naive Empirical Bayes (NEB) probabilities for 4 classes
(amino acids refer to 1st sequence: NC_029850)

   1 M   0.81383 0.03477 0.14519 0.00620 ( 1)
   2 S   0.60685 0.24175 0.10826 0.04313 ( 1)
   3 K   0.80700 0.04160 0.14397 0.00742 ( 1)
   4 K   0.79610 0.05251 0.14203 0.00937 ( 1)
   5 K   0.80700 0.04160 0.14397 0.00742 ( 1)
   6 A   0.78912 0.05948 0.14078 0.01061 ( 1)
   7 F   0.79662 0.05199 0.14212 0.00927 ( 1)
   8 N   0.63151 0.21709 0.11266 0.03873 ( 1)
   9 P   0.65709 0.19151 0.11723 0.03417 ( 1)
  10 L   0.70103 0.14757 0.12507 0.02633 ( 1)
  11 L   0.80272 0.04589 0.14321 0.00819 ( 1)
  12 Y   0.81289 0.03572 0.14502 0.00637 ( 1)
  13 L   0.81490 0.03371 0.14538 0.00601 ( 1)
  14 A   0.78912 0.05948 0.14078 0.01061 ( 1)
  15 S   0.80770 0.04091 0.14409 0.00730 ( 1)
  16 I   0.12277 0.72584 0.02190 0.12949 ( 2)
  17 V   0.79985 0.04876 0.14270 0.00870 ( 1)
  18 F   0.47322 0.37538 0.08442 0.06697 ( 1)
  19 L   0.79595 0.05266 0.14200 0.00939 ( 1)
  20 P   0.77228 0.07633 0.13778 0.01362 ( 1)
  21 W   0.77808 0.07052 0.13881 0.01258 ( 1)
  22 W   0.60040 0.24820 0.10711 0.04428 ( 1)
  23 I   0.81959 0.02902 0.14622 0.00518 ( 1)
  24 S   0.80770 0.04091 0.14409 0.00730 ( 1)
  25 L   0.78243 0.06618 0.13959 0.01181 ( 1)
  26 S   0.78268 0.06592 0.13963 0.01176 ( 1)
  27 F   0.82355 0.02506 0.14692 0.00447 ( 1)
  28 N   0.72290 0.12571 0.12897 0.02243 ( 1)
  29 K   0.80700 0.04160 0.14397 0.00742 ( 1)
  30 S   0.81119 0.03742 0.14472 0.00668 ( 1)
  31 L   0.59360 0.25501 0.10590 0.04549 ( 1)
  32 E   0.79995 0.04866 0.14271 0.00868 ( 1)
  33 S   0.80770 0.04091 0.14409 0.00730 ( 1)
  34 W   0.77808 0.07052 0.13881 0.01258 ( 1)
  35 V   0.81531 0.03330 0.14545 0.00594 ( 1)
  36 T   0.80994 0.03866 0.14450 0.00690 ( 1)
  37 Y   0.69697 0.15163 0.12434 0.02705 ( 1)
  38 W   0.59235 0.25625 0.10568 0.04572 ( 1)
  39 W   0.77808 0.07052 0.13881 0.01258 ( 1)
  40 N   0.82131 0.02730 0.14652 0.00487 ( 1)
  41 T   0.80994 0.03866 0.14450 0.00690 ( 1)
  42 R   0.78499 0.06361 0.14004 0.01135 ( 1)
  43 Q   0.64935 0.19926 0.11584 0.03555 ( 1)
  44 S   0.80619 0.04242 0.14383 0.00757 ( 1)
  45 E   0.65267 0.19594 0.11644 0.03496 ( 1)
  46 I   0.72342 0.12519 0.12906 0.02233 ( 1)
  47 F   0.82355 0.02506 0.14692 0.00447 ( 1)
  48 L   0.63835 0.21026 0.11388 0.03751 ( 1)
  49 N   0.72290 0.12571 0.12897 0.02243 ( 1)
  50 D   0.70856 0.14005 0.12641 0.02498 ( 1)
  51 I   0.71723 0.13137 0.12796 0.02344 ( 1)
  52 Q   0.79737 0.05123 0.14225 0.00914 ( 1)
  53 E   0.79995 0.04866 0.14271 0.00868 ( 1)
  54 K   0.65786 0.19075 0.11736 0.03403 ( 1)
  55 N   0.46096 0.38765 0.08224 0.06916 ( 1)
  56 I   0.81959 0.02902 0.14622 0.00518 ( 1)
  57 I   0.05142 0.79719 0.00917 0.14222 ( 2)
  58 E   0.65744 0.19117 0.11729 0.03410 ( 1)
  59 K   0.69216 0.15645 0.12348 0.02791 ( 1)
  60 F   0.64780 0.20081 0.11557 0.03582 ( 1)
  61 I   0.80569 0.04292 0.14374 0.00766 ( 1)
  62 E   0.79995 0.04866 0.14271 0.00868 ( 1)
  63 L   0.79719 0.05141 0.14222 0.00917 ( 1)
  64 E   0.78906 0.05954 0.14077 0.01062 ( 1)
  65 E   0.65551 0.19310 0.11694 0.03445 ( 1)
  66 I   0.78803 0.06058 0.14059 0.01081 ( 1)
  67 F   0.71012 0.13849 0.12669 0.02471 ( 1)
  68 L   0.67729 0.17132 0.12083 0.03056 ( 1)
  69 L   0.79595 0.05266 0.14200 0.00939 ( 1)
  70 E   0.78911 0.05949 0.14078 0.01061 ( 1)
  71 E   0.79995 0.04866 0.14271 0.00868 ( 1)
  72 M   0.81383 0.03477 0.14519 0.00620 ( 1)
  73 I   0.78803 0.06058 0.14059 0.01081 ( 1)
  74 K   0.79662 0.05199 0.14212 0.00927 ( 1)
  75 E   0.79995 0.04866 0.14271 0.00868 ( 1)
  76 Y   0.59348 0.25513 0.10588 0.04552 ( 1)
  77 S   0.77454 0.07407 0.13818 0.01321 ( 1)
  78 E   0.78904 0.05956 0.14077 0.01063 ( 1)
  79 T   0.79554 0.05307 0.14193 0.00947 ( 1)
  80 H   0.81547 0.03314 0.14548 0.00591 ( 1)
  81 L   0.78980 0.05881 0.14090 0.01049 ( 1)
  82 Q   0.79737 0.05123 0.14225 0.00914 ( 1)
  83 N   0.79411 0.05450 0.14167 0.00972 ( 1)
  84 L   0.81490 0.03371 0.14538 0.00601 ( 1)
  85 R   0.79675 0.05185 0.14214 0.00925 ( 1)
  86 I   0.80689 0.04172 0.14395 0.00744 ( 1)
  87 G   0.78325 0.06535 0.13973 0.01166 ( 1)
  88 I   0.78803 0.06058 0.14059 0.01081 ( 1)
  89 H   0.61496 0.23364 0.10971 0.04168 ( 1)
  90 K   0.80700 0.04160 0.14397 0.00742 ( 1)
  91 E   0.79995 0.04866 0.14271 0.00868 ( 1)
  92 T   0.78053 0.06807 0.13925 0.01214 ( 1)
  93 L   0.78016 0.06845 0.13918 0.01221 ( 1)
  94 Q   0.79737 0.05123 0.14225 0.00914 ( 1)
  95 L   0.80272 0.04589 0.14321 0.00819 ( 1)
  96 I   0.78820 0.06041 0.14062 0.01078 ( 1)
  97 K   0.79662 0.05199 0.14212 0.00927 ( 1)
  98 I   0.80689 0.04172 0.14395 0.00744 ( 1)
  99 H   0.78660 0.06200 0.14033 0.01106 ( 1)
 100 N   0.81281 0.03580 0.14501 0.00639 ( 1)
 101 E   0.78911 0.05949 0.14078 0.01061 ( 1)
 102 D   0.81665 0.03196 0.14569 0.00570 ( 1)
 103 H   0.69075 0.15785 0.12323 0.02816 ( 1)
 104 I   0.79568 0.05293 0.14195 0.00944 ( 1)
 105 H   0.81547 0.03314 0.14548 0.00591 ( 1)
 106 T   0.78053 0.06807 0.13925 0.01214 ( 1)
 107 I   0.81959 0.02902 0.14622 0.00518 ( 1)
 108 L   0.64401 0.20460 0.11489 0.03650 ( 1)
 109 H   0.78660 0.06200 0.14033 0.01106 ( 1)
 110 F   0.64066 0.20795 0.11430 0.03710 ( 1)
 111 L   0.58708 0.26153 0.10474 0.04666 ( 1)
 112 T   0.64056 0.20804 0.11428 0.03712 ( 1)
 113 N   0.82131 0.02730 0.14652 0.00487 ( 1)
 114 I   0.80689 0.04172 0.14395 0.00744 ( 1)
 115 I   0.79279 0.05581 0.14144 0.00996 ( 1)
 116 C   0.80645 0.04216 0.14387 0.00752 ( 1)
 117 F   0.79662 0.05199 0.14212 0.00927 ( 1)
 118 V   0.81531 0.03330 0.14545 0.00594 ( 1)
 119 I   0.81959 0.02902 0.14622 0.00518 ( 1)
 120 L   0.78980 0.05881 0.14090 0.01049 ( 1)
 121 S   0.80289 0.04571 0.14324 0.00816 ( 1)
 122 G   0.79884 0.04976 0.14252 0.00888 ( 1)
 123 Y   0.70189 0.14671 0.12522 0.02617 ( 1)
 124 S   0.80352 0.04509 0.14335 0.00804 ( 1)
 125 I   0.16471 0.68389 0.02938 0.12201 ( 2)
 126 L   0.63743 0.21117 0.11372 0.03767 ( 1)
 127 G   0.65354 0.19506 0.11659 0.03480 ( 1)
 128 N   0.82131 0.02730 0.14652 0.00487 ( 1)
 129 K   0.65996 0.18865 0.11774 0.03366 ( 1)
 130 E   0.79923 0.04938 0.14258 0.00881 ( 1)
 131 L   0.81490 0.03371 0.14538 0.00601 ( 1)
 132 V   0.81531 0.03330 0.14545 0.00594 ( 1)
 133 I   0.81959 0.02902 0.14622 0.00518 ( 1)
 134 L   0.81490 0.03371 0.14538 0.00601 ( 1)
 135 N   0.79411 0.05450 0.14167 0.00972 ( 1)
 136 S   0.67792 0.17068 0.12094 0.03045 ( 1)
 137 W   0.77808 0.07052 0.13881 0.01258 ( 1)
 138 A   0.80245 0.04616 0.14316 0.00823 ( 1)
 139 Q   0.78680 0.06180 0.14037 0.01103 ( 1)
 140 E   0.79995 0.04866 0.14271 0.00868 ( 1)
 141 F   0.79662 0.05199 0.14212 0.00927 ( 1)
 142 L   0.62789 0.22072 0.11202 0.03938 ( 1)
 143 Y   0.81289 0.03572 0.14502 0.00637 ( 1)
 144 N   0.79411 0.05450 0.14167 0.00972 ( 1)
 145 L   0.80272 0.04589 0.14321 0.00819 ( 1)
 146 S   0.81119 0.03742 0.14472 0.00668 ( 1)
 147 D   0.78798 0.06063 0.14058 0.01082 ( 1)
 148 T   0.79554 0.05307 0.14193 0.00947 ( 1)
 149 I   0.80689 0.04172 0.14395 0.00744 ( 1)
 150 K   0.80432 0.04429 0.14349 0.00790 ( 1)
 151 A   0.80033 0.04827 0.14278 0.00861 ( 1)
 152 F   0.82355 0.02506 0.14692 0.00447 ( 1)
 153 S   0.58820 0.26041 0.10494 0.04646 ( 1)
 154 I   0.81959 0.02902 0.14622 0.00518 ( 1)
 155 L   0.81490 0.03371 0.14538 0.00601 ( 1)
 156 L   0.80272 0.04589 0.14321 0.00819 ( 1)
 157 L   0.80272 0.04589 0.14321 0.00819 ( 1)
 158 T   0.79554 0.05307 0.14193 0.00947 ( 1)
 159 D   0.81665 0.03196 0.14569 0.00570 ( 1)
 160 L   0.67349 0.17511 0.12015 0.03124 ( 1)
 161 C   0.67987 0.16874 0.12129 0.03010 ( 1)
 162 I   0.78830 0.06030 0.14064 0.01076 ( 1)
 163 G   0.78325 0.06535 0.13973 0.01166 ( 1)
 164 F   0.79662 0.05199 0.14212 0.00927 ( 1)
 165 H   0.81547 0.03314 0.14548 0.00591 ( 1)
 166 S   0.77365 0.07495 0.13802 0.01337 ( 1)
 167 P   0.58435 0.26426 0.10425 0.04714 ( 1)
 168 H   0.68894 0.15966 0.12291 0.02848 ( 1)
 169 G   0.79884 0.04976 0.14252 0.00888 ( 1)
 170 W   0.77808 0.07052 0.13881 0.01258 ( 1)
 171 E   0.65267 0.19594 0.11644 0.03496 ( 1)
 172 L   0.78980 0.05881 0.14090 0.01049 ( 1)
 173 M   0.81383 0.03477 0.14519 0.00620 ( 1)
 174 I   0.81959 0.02902 0.14622 0.00518 ( 1)
 175 G   0.77137 0.07723 0.13762 0.01378 ( 1)
 176 F   0.73162 0.11699 0.13052 0.02087 ( 1)
 177 V   0.78045 0.06816 0.13923 0.01216 ( 1)
 178 Y   0.77898 0.06962 0.13897 0.01242 ( 1)
 179 K   0.80700 0.04160 0.14397 0.00742 ( 1)
 180 D   0.81665 0.03196 0.14569 0.00570 ( 1)
 181 F   0.82355 0.02506 0.14692 0.00447 ( 1)
 182 G   0.78325 0.06535 0.13973 0.01166 ( 1)
 183 F   0.82355 0.02506 0.14692 0.00447 ( 1)
 184 A   0.67083 0.17778 0.11968 0.03172 ( 1)
 185 H   0.81547 0.03314 0.14548 0.00591 ( 1)
 186 N   0.82131 0.02730 0.14652 0.00487 ( 1)
 187 D   0.81665 0.03196 0.14569 0.00570 ( 1)
 188 Q   0.79737 0.05123 0.14225 0.00914 ( 1)
 189 I   0.81959 0.02902 0.14622 0.00518 ( 1)
 190 I   0.67221 0.17640 0.11992 0.03147 ( 1)
 191 S   0.80770 0.04091 0.14409 0.00730 ( 1)
 192 G   0.65524 0.19337 0.11690 0.03450 ( 1)
 193 L   0.81490 0.03371 0.14538 0.00601 ( 1)
 194 V   0.81489 0.03371 0.14538 0.00601 ( 1)
 195 S   0.67514 0.17347 0.12045 0.03095 ( 1)
 196 T   0.69006 0.15854 0.12311 0.02828 ( 1)
 197 F   0.82355 0.02506 0.14692 0.00447 ( 1)
 198 P   0.78769 0.06092 0.14053 0.01087 ( 1)
 199 V   0.78394 0.06467 0.13986 0.01154 ( 1)
 200 I   0.81959 0.02902 0.14622 0.00518 ( 1)
 201 L   0.78980 0.05881 0.14090 0.01049 ( 1)
 202 D   0.81665 0.03196 0.14569 0.00570 ( 1)
 203 T   0.80994 0.03866 0.14450 0.00690 ( 1)
 204 L   0.63428 0.21433 0.11316 0.03824 ( 1)
 205 F   0.82355 0.02506 0.14692 0.00447 ( 1)
 206 K   0.80700 0.04160 0.14397 0.00742 ( 1)
 207 F   0.82355 0.02506 0.14692 0.00447 ( 1)
 208 W   0.00400 0.84460 0.00071 0.15068 ( 2)
 209 I   0.71996 0.12865 0.12844 0.02295 ( 1)
 210 F   0.82355 0.02506 0.14692 0.00447 ( 1)
 211 R   0.79675 0.05185 0.14214 0.00925 ( 1)
 212 Y   0.81289 0.03572 0.14502 0.00637 ( 1)
 213 L   0.80272 0.04589 0.14321 0.00819 ( 1)
 214 N   0.82131 0.02730 0.14652 0.00487 ( 1)
 215 R   0.64513 0.20348 0.11509 0.03630 ( 1)
 216 V   0.81531 0.03330 0.14545 0.00594 ( 1)
 217 S   0.80770 0.04091 0.14409 0.00730 ( 1)
 218 P   0.77503 0.07358 0.13827 0.01313 ( 1)
 219 S   0.78268 0.06592 0.13963 0.01176 ( 1)
 220 L   0.81490 0.03371 0.14538 0.00601 ( 1)
 221 V   0.80046 0.04814 0.14280 0.00859 ( 1)
 222 V   0.78454 0.06407 0.13996 0.01143 ( 1)
 223 I   0.81959 0.02902 0.14622 0.00518 ( 1)
 224 Y   0.81289 0.03572 0.14502 0.00637 ( 1)
 225 H   0.81547 0.03314 0.14548 0.00591 ( 1)
 226 S   0.78268 0.06592 0.13963 0.01176 ( 1)
 227 M   0.81383 0.03477 0.14519 0.00620 ( 1)
 228 N   0.82131 0.02730 0.14652 0.00487 ( 1)
 229 D   0.70944 0.13917 0.12656 0.02483 ( 1)


lnL = -1642.759580

