

TREE # 1

  0  0.0000   1662.277215  x:  0.00272   0.01184   0.02168   0.01182   0.00808   0.01673   0.00537   0.00968   0.01329   0.00361   0.01528   0.00515   0.00454   0.00478   0.01373   0.01849   0.01463   0.01330   0.02853   0.02396   0.01323   0.02990   0.00000   0.04896   0.01300   0.02242   0.09478   0.03303   0.04287   0.09612   2.00000   1.09989   0.02896   0.27919  
  1 99.0000   1659.599487  x:  0.00274   0.01178   0.02163   0.01176   0.00782   0.01653   0.00510   0.00954   0.01311   0.00334   0.01517   0.00488   0.00428   0.00460   0.01371   0.01842   0.01453   0.01322   0.02852   0.02392   0.01315   0.02988   0.00668   0.04902   0.01298   0.02237   0.09480   0.03304   0.04283   0.09617   1.99999   1.09990   0.02896   0.27917  
  2 5436.7517   1654.154104  x:  0.00288   0.01108   0.02101   0.01105   0.00453   0.01417   0.00176   0.00783   0.01095   0.00000   0.01385   0.00156   0.00097   0.00236   0.01351   0.01756   0.01331   0.01222   0.02845   0.02337   0.01184   0.02946   0.00669   0.04960   0.01189   0.02175   0.09504   0.03319   0.04239   0.09673   1.99989   1.09993   0.02893   0.27892  
  3 610.2690   1653.188335  x:  0.00284   0.01116   0.02092   0.01114   0.00358   0.01376   0.00080   0.00798   0.01075   0.00000   0.01381   0.00060   0.00000   0.00210   0.01370   0.01756   0.01331   0.01226   0.02842   0.02333   0.01179   0.02942   0.00669   0.04967   0.01185   0.02167   0.09507   0.03315   0.04228   0.09682   1.99987   1.09994   0.02892   0.27887  
  4 1706.7341   1652.761546  x:  0.00283   0.01115   0.02090   0.01112   0.00299   0.01362   0.00021   0.00796   0.01073   0.00000   0.01381   0.00000   0.00000   0.00202   0.01371   0.01758   0.01332   0.01226   0.02840   0.02332   0.01180   0.02942   0.00669   0.04969   0.01185   0.02165   0.09507   0.03313   0.04222   0.09686   1.99985   1.09994   0.02891   0.27885  
  5 7333.2692   1652.659305  x:  0.00283   0.01114   0.02090   0.01112   0.00279   0.01358   0.00000   0.00796   0.01072   0.00000   0.01381   0.00000   0.00000   0.00200   0.01372   0.01758   0.01332   0.01226   0.02839   0.02332   0.01179   0.02941   0.00669   0.04969   0.01184   0.02165   0.09507   0.03313   0.04221   0.09687   1.99985   1.09995   0.02891   0.27884  
  6 118027.0985   1651.956086  x:  0.00285   0.01114   0.02081   0.01092   0.00000   0.01352   0.00000   0.00781   0.01006   0.00000   0.01387   0.00000   0.00000   0.00175   0.01372   0.01747   0.01361   0.01281   0.02857   0.02331   0.01180   0.02948   0.00669   0.05001   0.01195   0.02161   0.09521   0.03316   0.04246   0.09697   1.99978   1.09998   0.02887   0.27873  
  7 816.1748   1651.362631  x:  0.00256   0.01021   0.02039   0.01205   0.00000   0.01191   0.00000   0.00768   0.00930   0.00000   0.01451   0.00000   0.00000   0.00000   0.01438   0.01826   0.01425   0.01039   0.02945   0.02334   0.01195   0.03019   0.00667   0.05339   0.01234   0.02107   0.09708   0.03286   0.04485   0.09878   1.99800   1.10078   0.02797   0.27603  
  8 33.7506   1649.936695  x:  0.00230   0.01112   0.01930   0.00923   0.00000   0.00353   0.00000   0.00590   0.00977   0.00000   0.01333   0.00000   0.00000   0.00000   0.01542   0.01929   0.01227   0.01203   0.02807   0.02280   0.01065   0.02980   0.00668   0.05627   0.01063   0.01961   0.09990   0.03260   0.04386   0.10265   1.99468   1.10223   0.02636   0.27070  
  9 101.7717   1649.218512  x:  0.00114   0.00853   0.01619   0.00884   0.00000   0.00453   0.00000   0.00536   0.00609   0.00000   0.01318   0.00000   0.00000   0.00000   0.01533   0.02052   0.01295   0.01225   0.02432   0.02178   0.01045   0.02802   0.00669   0.05700   0.00960   0.01701   0.10168   0.03144   0.03390   0.10828   1.99232   1.10311   0.02543   0.26613  
 10 102.3098   1649.020539  x:  0.00247   0.01036   0.01620   0.00982   0.00000   0.00421   0.00000   0.00531   0.00584   0.00000   0.01308   0.00000   0.00000   0.00000   0.01347   0.01895   0.01384   0.01166   0.02562   0.02237   0.01028   0.02834   0.00668   0.05801   0.00945   0.01782   0.10262   0.03277   0.02977   0.11227   1.99047   1.10376   0.02477   0.26239  
 11 67.2820   1648.862731  x:  0.00285   0.00910   0.01639   0.00871   0.00000   0.00463   0.00000   0.00637   0.00717   0.00000   0.01263   0.00000   0.00000   0.00000   0.01482   0.01720   0.01331   0.01186   0.02722   0.02324   0.00988   0.02931   0.00669   0.05945   0.00830   0.01851   0.10379   0.03315   0.02849   0.11768   1.98739   1.10482   0.02368   0.25620  
 12 64.3547   1648.671290  x:  0.00216   0.01018   0.01643   0.01022   0.00000   0.00539   0.00000   0.00476   0.00741   0.00000   0.01235   0.00000   0.00000   0.00000   0.01586   0.01725   0.01151   0.01262   0.02692   0.02425   0.01009   0.03039   0.00669   0.05931   0.00696   0.01883   0.10455   0.03246   0.02968   0.12412   1.98246   1.10645   0.02202   0.24625  
 13 79.7225   1648.424140  x:  0.00213   0.01068   0.01624   0.00954   0.00000   0.00538   0.00000   0.00682   0.00607   0.00000   0.01158   0.00000   0.00000   0.00000   0.01366   0.01786   0.01020   0.01207   0.02537   0.02477   0.00969   0.03090   0.00670   0.05687   0.00673   0.01911   0.10437   0.03242   0.03264   0.13050   1.97514   1.10880   0.01967   0.23154  
 14 129.2114   1648.135092  x:  0.00336   0.01029   0.01609   0.01008   0.00000   0.00509   0.00000   0.00619   0.00579   0.00000   0.01019   0.00000   0.00000   0.00000   0.01544   0.01625   0.01278   0.01134   0.02518   0.02296   0.00746   0.02931   0.00670   0.05264   0.00805   0.01858   0.10237   0.03365   0.03460   0.13255   1.96589   1.11160   0.01691   0.21354  
 15 108.7699   1647.851960  x:  0.00331   0.01027   0.01698   0.00992   0.00000   0.00493   0.00000   0.00619   0.00453   0.00000   0.01157   0.00000   0.00000   0.00000   0.01611   0.01425   0.01043   0.01089   0.02789   0.02049   0.00902   0.02769   0.00669   0.05205   0.00842   0.01712   0.10015   0.03360   0.03410   0.12938   1.95575   1.11453   0.01404   0.19535  
 16 110.2033   1647.577069  x:  0.00232   0.01037   0.01610   0.01067   0.00000   0.00518   0.00000   0.00659   0.00505   0.00000   0.00934   0.00000   0.00000   0.00000   0.01509   0.01517   0.01003   0.01162   0.02921   0.02041   0.00715   0.02706   0.00670   0.05660   0.00707   0.01711   0.09919   0.03262   0.03321   0.12357   1.94434   1.11773   0.01089   0.17707  
 17 127.6853   1647.473807  x:  0.00306   0.01095   0.01570   0.00993   0.00000   0.00537   0.00000   0.00641   0.00437   0.00000   0.00959   0.00000   0.00000   0.00000   0.01613   0.01454   0.00997   0.01091   0.02726   0.02234   0.00702   0.02838   0.00670   0.05837   0.00617   0.01795   0.09950   0.03335   0.03270   0.12038   1.93922   1.11900   0.00965   0.17092  
 18 75.0700   1647.450024  x:  0.00339   0.01046   0.01531   0.01052   0.00000   0.00523   0.00000   0.00649   0.00457   0.00000   0.00938   0.00000   0.00000   0.00000   0.01583   0.01368   0.00972   0.01130   0.02660   0.02237   0.00726   0.02909   0.00669   0.05859   0.00627   0.01756   0.10030   0.03368   0.03279   0.11971   1.93728   1.11936   0.00930   0.17038  
 19 24.5766   1647.374203  x:  0.00357   0.01075   0.01583   0.01032   0.00000   0.00548   0.00000   0.00647   0.00444   0.00000   0.00986   0.00000   0.00000   0.00000   0.01558   0.01359   0.00968   0.01143   0.02693   0.02115   0.00573   0.03087   0.00670   0.05828   0.00586   0.01627   0.10479   0.03386   0.03298   0.11854   1.92822   1.12076   0.00798   0.17209  
 20 23.9042   1647.309889  x:  0.00352   0.01103   0.01580   0.00983   0.00000   0.00567   0.00000   0.00628   0.00401   0.00000   0.00832   0.00000   0.00000   0.00000   0.01583   0.01365   0.00945   0.01128   0.02764   0.02094   0.00614   0.03111   0.00669   0.05794   0.00664   0.01642   0.10802   0.03382   0.03309   0.11779   1.91996   1.12198   0.00684   0.17437  
 21 84.5786   1647.211615  x:  0.00350   0.01055   0.01472   0.01005   0.00000   0.00563   0.00000   0.00614   0.00356   0.00000   0.00875   0.00000   0.00000   0.00000   0.01543   0.01266   0.00916   0.01168   0.02841   0.02179   0.00587   0.02822   0.00671   0.05782   0.00598   0.01801   0.11083   0.03380   0.03399   0.11722   1.90592   1.12400   0.00494   0.17912  
 22 76.3044   1647.152245  x:  0.00405   0.01090   0.01496   0.00972   0.00000   0.00586   0.00000   0.00612   0.00362   0.00000   0.00831   0.00000   0.00000   0.00000   0.01525   0.01233   0.00969   0.01168   0.02812   0.02148   0.00661   0.02688   0.00671   0.05912   0.00482   0.01709   0.11032   0.03435   0.03477   0.11766   1.89631   1.12544   0.00357   0.18223  
 23 66.6036   1647.040138  x:  0.00501   0.01115   0.01547   0.00934   0.00000   0.00627   0.00000   0.00589   0.00350   0.00000   0.00821   0.00000   0.00000   0.00000   0.01526   0.01211   0.00866   0.01201   0.02737   0.02086   0.00548   0.02616   0.00670   0.06217   0.00634   0.01625   0.10680   0.03531   0.03543   0.11889   1.87658   1.12846   0.00067   0.18858  
 24 121.2023   1646.955352  x:  0.00470   0.01052   0.01552   0.00951   0.00000   0.00604   0.00000   0.00572   0.00284   0.00000   0.00774   0.00000   0.00000   0.00000   0.01490   0.01167   0.00890   0.01225   0.02785   0.02034   0.00529   0.02815   0.00670   0.06239   0.00558   0.01696   0.10271   0.03500   0.03530   0.11916   1.86104   1.13087  -0.00164   0.19346  
 25 107.4861   1646.921162  x:  0.00445   0.01106   0.01386   0.00908   0.00000   0.00616   0.00000   0.00567   0.00301   0.00000   0.00781   0.00000   0.00000   0.00000   0.01487   0.01130   0.00895   0.01199   0.02837   0.02036   0.00518   0.02885   0.00670   0.06234   0.00551   0.01651   0.10156   0.03474   0.03539   0.11925   1.85378   1.13214  -0.00290   0.19476  
 26 69.9223   1646.780909  x:  0.00538   0.01045   0.01322   0.00958   0.00000   0.00599   0.00000   0.00570   0.00276   0.00000   0.00756   0.00000   0.00000   0.00000   0.01509   0.01261   0.00833   0.01203   0.03002   0.02327   0.00484   0.02922   0.00671   0.06092   0.00511   0.01421   0.10035   0.03568   0.03489   0.11878   1.81802   1.13905  -0.00982   0.19668  
 27 58.9333   1645.524401  x:  0.00000   0.01159   0.01777   0.01056   0.00000   0.00475   0.00000   0.00665   0.00400   0.00000   0.00561   0.00000   0.00000   0.00000   0.01589   0.00745   0.00698   0.00671   0.02646   0.02684   0.00274   0.02743   0.00666   0.05573   0.00490   0.01197   0.09788   0.03028   0.03066   0.11480   1.29938   1.24082  -0.11216   0.21276  
 28 376.9205   1645.048002  x:  0.00174   0.01128   0.01619   0.01118   0.00000   0.00473   0.00000   0.00682   0.00431   0.00000   0.00563   0.00000   0.00000   0.00000   0.01689   0.00951   0.00553   0.00600   0.02584   0.02381   0.00331   0.02745   0.00666   0.05507   0.00367   0.01432   0.09781   0.03202   0.02991   0.11412   1.17574   1.26519  -0.13667   0.21590  
 29 1817.0291   1644.403931  x:  0.00209   0.01017   0.01689   0.00937   0.00000   0.00511   0.00000   0.00510   0.00428   0.00000   0.00638   0.00000   0.00000   0.00000   0.01404   0.00951   0.00708   0.00751   0.02727   0.02531   0.00352   0.02853   0.00666   0.05614   0.00459   0.01393   0.09917   0.03236   0.03165   0.11635   1.01771   1.30039  -0.17143   0.20358  
 30 39.9368   1643.611632  x:  0.00254   0.00914   0.01624   0.00852   0.00000   0.00489   0.00000   0.00402   0.00430   0.00000   0.00690   0.00000   0.00000   0.00000   0.01268   0.01024   0.00747   0.00750   0.02730   0.02436   0.00386   0.02881   0.00666   0.05685   0.00450   0.01433   0.09980   0.03280   0.03198   0.11588   1.06821   1.63329  -0.50401   0.23983  
 31  2.2201   1643.213129  x:  0.00249   0.01042   0.01482   0.01003   0.00000   0.00459   0.00000   0.00593   0.00374   0.00000   0.00808   0.00000   0.00000   0.00000   0.01540   0.01164   0.00888   0.00925   0.02686   0.02247   0.00479   0.02903   0.00663   0.06041   0.00526   0.01452   0.10239   0.03272   0.03255   0.11645   1.08912   1.64065  -0.51160   0.23325  
 32  0.1017   1642.870999  x:  0.00334   0.00915   0.01483   0.00916   0.00000   0.00447   0.00000   0.00465   0.00412   0.00000   0.00872   0.00000   0.00000   0.00000   0.01380   0.01285   0.00917   0.00896   0.02735   0.02166   0.00555   0.02954   0.00659   0.06125   0.00564   0.01576   0.10324   0.03356   0.03355   0.11566   1.16858   1.56198  -0.43279   0.20866  
 33  1.0073   1642.829443  x:  0.00355   0.00911   0.01491   0.00914   0.00000   0.00458   0.00000   0.00447   0.00454   0.00000   0.00895   0.00000   0.00000   0.00000   0.01376   0.01353   0.00914   0.00921   0.02765   0.02188   0.00565   0.02999   0.00648   0.06209   0.00543   0.01645   0.10286   0.03366   0.03349   0.11355   1.12954   1.60370  -0.47446   0.20663  
 34  0.0552   1642.820867  x:  0.00352   0.00921   0.01478   0.00904   0.00000   0.00448   0.00000   0.00454   0.00452   0.00000   0.00911   0.00000   0.00000   0.00000   0.01361   0.01386   0.00908   0.00888   0.02726   0.02190   0.00589   0.02973   0.00634   0.06177   0.00545   0.01623   0.10321   0.03364   0.03335   0.11483   1.12162   1.61349  -0.48424   0.20717  
 35  0.0104   1642.802905  x:  0.00386   0.00909   0.01480   0.00923   0.00000   0.00456   0.00000   0.00464   0.00470   0.00000   0.00904   0.00000   0.00000   0.00000   0.01385   0.01438   0.00887   0.00927   0.02741   0.02198   0.00604   0.02942   0.00583   0.06101   0.00527   0.01644   0.10295   0.03406   0.03331   0.11547   1.13331   1.61142  -0.48201   0.21097  
 36  0.0042   1642.770820  x:  0.00365   0.00932   0.01467   0.00915   0.00000   0.00467   0.00000   0.00447   0.00449   0.00000   0.00904   0.00000   0.00000   0.00000   0.01388   0.01462   0.00888   0.00893   0.02748   0.02179   0.00594   0.02947   0.00479   0.06160   0.00540   0.01643   0.10328   0.03399   0.03354   0.11368   1.13775   1.59647  -0.46668   0.20730  
 37  0.0089   1642.761637  x:  0.00341   0.00909   0.01482   0.00912   0.00000   0.00441   0.00000   0.00456   0.00445   0.00000   0.00896   0.00000   0.00000   0.00000   0.01376   0.01405   0.00890   0.00908   0.02748   0.02191   0.00579   0.02984   0.00456   0.06192   0.00535   0.01642   0.10304   0.03381   0.03346   0.11438   1.13096   1.60108  -0.47120   0.20669  
 38  0.0081   1642.759851  x:  0.00343   0.00912   0.01486   0.00915   0.00000   0.00456   0.00000   0.00456   0.00446   0.00000   0.00897   0.00000   0.00000   0.00000   0.01370   0.01377   0.00902   0.00902   0.02746   0.02188   0.00578   0.02984   0.00457   0.06177   0.00545   0.01636   0.10291   0.03385   0.03342   0.11433   1.12928   1.60496  -0.47507   0.20761  
 39  0.0070   1642.759616  x:  0.00342   0.00916   0.01484   0.00911   0.00000   0.00454   0.00000   0.00451   0.00448   0.00000   0.00898   0.00000   0.00000   0.00000   0.01374   0.01374   0.00905   0.00907   0.02743   0.02188   0.00578   0.02977   0.00456   0.06168   0.00545   0.01632   0.10298   0.03385   0.03339   0.11437   1.12986   1.60624  -0.47634   0.20773  
 40  0.0022   1642.759582  x:  0.00341   0.00915   0.01483   0.00911   0.00000   0.00453   0.00000   0.00453   0.00450   0.00000   0.00899   0.00000   0.00000   0.00000   0.01372   0.01375   0.00906   0.00907   0.02745   0.02188   0.00578   0.02975   0.00456   0.06167   0.00546   0.01631   0.10299   0.03386   0.03341   0.11434   1.13031   1.60643  -0.47652   0.20773  
 41  0.0005   1642.759580  x:  0.00339   0.00915   0.01483   0.00911   0.00000   0.00454   0.00000   0.00453   0.00450   0.00000   0.00899   0.00000   0.00000   0.00000   0.01372   0.01375   0.00906   0.00907   0.02745   0.02188   0.00578   0.02976   0.00456   0.06169   0.00546   0.01631   0.10299   0.03387   0.03341   0.11435   1.13029   1.60633  -0.47642   0.20769  
 42  0.0002   1642.759580  x:  0.00339   0.00915   0.01483   0.00911   0.00000   0.00454   0.00000   0.00453   0.00450   0.00000   0.00899   0.00000   0.00000   0.00000   0.01372   0.01375   0.00906   0.00907   0.02745   0.02188   0.00578   0.02976   0.00456   0.06169   0.00546   0.01631   0.10299   0.03387   0.03341   0.11435   1.13027   1.60629  -0.47637   0.20769  
 43  0.0001   1642.759580  x:  0.00338   0.00915   0.01483   0.00911   0.00000   0.00454   0.00000   0.00453   0.00450   0.00000   0.00899   0.00000   0.00000   0.00000   0.01372   0.01375   0.00906   0.00907   0.02745   0.02188   0.00578   0.02976   0.00456   0.06169   0.00546   0.01631   0.10299   0.03388   0.03341   0.11435   1.13027   1.60628  -0.47637   0.20769  
 44  0.0000   1642.759580  x:  0.00338   0.00915   0.01483   0.00911   0.00000   0.00454   0.00000   0.00453   0.00450   0.00000   0.00899   0.00000   0.00000   0.00000   0.01372   0.01375   0.00906   0.00907   0.02745   0.02188   0.00578   0.02976   0.00456   0.06169   0.00546   0.01631   0.10299   0.03388   0.03341   0.11435   1.13027   1.60628  -0.47636   0.20769  
 45  0.0000   1642.759580  x:  0.00337   0.00915   0.01483   0.00911   0.00000   0.00454   0.00000   0.00453   0.00450   0.00000   0.00899   0.00000   0.00000   0.00000   0.01372   0.01375   0.00906   0.00907   0.02745   0.02188   0.00578   0.02976   0.00456   0.06169   0.00546   0.01631   0.10299   0.03388   0.03341   0.11435   1.13027   1.60628  -0.47636   0.20769  
 46  0.0000   1642.759580  x:  0.00337   0.00915   0.01483   0.00911   0.00000   0.00454   0.00000   0.00453   0.00450   0.00000   0.00899   0.00000   0.00000   0.00000   0.01372   0.01375   0.00906   0.00907   0.02745   0.02188   0.00578   0.02976   0.00456   0.06169   0.00546   0.01631   0.10299   0.03389   0.03341   0.11435   1.13027   1.60628  -0.47636   0.20769  
 47  0.0000   1642.759580  x:  0.00337   0.00915   0.01483   0.00911   0.00000   0.00454   0.00000   0.00453   0.00450   0.00000   0.00899   0.00000   0.00000   0.00000   0.01372   0.01375   0.00906   0.00907   0.02745   0.02188   0.00578   0.02976   0.00456   0.06169   0.00546   0.01631   0.10299   0.03389   0.03341   0.11435   1.13027   1.60628  -0.47636   0.20769  
 48  0.0001   1642.759580  x:  0.00337   0.00915   0.01483   0.00911   0.00000   0.00454   0.00000   0.00453   0.00450   0.00000   0.00899   0.00000   0.00000   0.00000   0.01372   0.01375   0.00906   0.00907   0.02745   0.02188   0.00578   0.02976   0.00456   0.06169   0.00546   0.01631   0.10299   0.03389   0.03341   0.11435   1.13027   1.60628  -0.47636   0.20769  
check convergence!
