

TREE # 1

  0  0.0000    343.147425  x:  0.00137   0.01886   0.01770   0.00092   0.01880   0.01685   0.02463   0.00998   0.01702   0.00495   0.01281   0.00640   0.00601   0.00359   0.02012   0.01599   0.03010   0.02120   0.02735   0.02431   0.03118   0.06325   0.00000   0.01018   0.01328   0.04618   0.02974   0.04226   0.05119   0.03836   2.00000   1.09989   0.02896   0.27919  
  1 99.0000    343.146845  x:  0.00137   0.01886   0.01770   0.00092   0.01880   0.01685   0.02463   0.00998   0.01702   0.00495   0.01280   0.00640   0.00601   0.00359   0.02012   0.01599   0.03010   0.02120   0.02735   0.02431   0.03118   0.06325   0.00000   0.01018   0.01328   0.04618   0.02974   0.04226   0.05119   0.03836   2.00000   1.09989   0.02896   0.27919  
  2 185.5597    342.535514  x:  0.00137   0.01893   0.01678   0.00000   0.01787   0.01593   0.02449   0.00906   0.01611   0.00403   0.01189   0.00548   0.00509   0.00267   0.02015   0.01506   0.02984   0.02119   0.02716   0.02420   0.03091   0.06324   0.00000   0.00925   0.01352   0.04571   0.03003   0.04225   0.05106   0.03842   1.99999   1.09993   0.02892   0.27891  
  3 23011.1563    340.827905  x:  0.00155   0.01971   0.01412   0.00000   0.01529   0.01326   0.02368   0.00638   0.01343   0.00134   0.00920   0.00279   0.00241   0.00000   0.02050   0.01239   0.02849   0.02120   0.02611   0.02360   0.02956   0.06345   0.00000   0.00654   0.01339   0.04379   0.03250   0.04243   0.05064   0.03897   1.99993   1.10002   0.02883   0.27741  
  4 2893.8095    340.033805  x:  0.00146   0.01900   0.01285   0.00000   0.01446   0.01201   0.02346   0.00506   0.01209   0.00000   0.00786   0.00146   0.00108   0.00000   0.02023   0.01110   0.02755   0.02103   0.02555   0.02345   0.02854   0.06387   0.00000   0.00516   0.01374   0.04198   0.03240   0.04234   0.05036   0.03945   1.99984   1.09998   0.02886   0.27486  
  5 358.0831    339.472044  x:  0.00143   0.01953   0.01183   0.00000   0.01389   0.01100   0.02350   0.00399   0.01100   0.00000   0.00677   0.00036   0.00000   0.00000   0.02034   0.01006   0.02744   0.02105   0.02556   0.02345   0.02836   0.06402   0.00000   0.00402   0.01398   0.04091   0.03232   0.04230   0.05020   0.03945   1.99976   1.09994   0.02888   0.27251  
  6 763.0543    339.310528  x:  0.00144   0.01949   0.01149   0.00000   0.01371   0.01067   0.02348   0.00363   0.01064   0.00000   0.00641   0.00000   0.00000   0.00000   0.02035   0.00972   0.02748   0.02105   0.02557   0.02344   0.02839   0.06401   0.00000   0.00365   0.01405   0.04075   0.03245   0.04232   0.05017   0.03942   1.99974   1.09994   0.02888   0.27175  
  7 1648.2496    337.938842  x:  0.00143   0.01986   0.00824   0.00000   0.01209   0.00747   0.02303   0.00016   0.00712   0.00000   0.00288   0.00000   0.00000   0.00000   0.02008   0.00640   0.02689   0.02084   0.02487   0.02317   0.02802   0.06375   0.00000   0.00000   0.01472   0.04109   0.03294   0.04230   0.05022   0.03965   1.99948   1.09994   0.02884   0.26460  
  8 1926.6837    337.886772  x:  0.00143   0.01985   0.00809   0.00000   0.01202   0.00733   0.02305   0.00000   0.00697   0.00000   0.00272   0.00000   0.00000   0.00000   0.02014   0.00625   0.02686   0.02086   0.02488   0.02317   0.02798   0.06376   0.00000   0.00000   0.01474   0.04111   0.03295   0.04230   0.05021   0.03967   1.99947   1.09995   0.02883   0.26432  
  9 1595.8384    337.124046  x:  0.00148   0.01999   0.00560   0.00000   0.01083   0.00489   0.02314   0.00000   0.00426   0.00000   0.00000   0.00000   0.00000   0.00000   0.01979   0.00372   0.02672   0.02078   0.02518   0.02318   0.02742   0.06417   0.00000   0.00000   0.01501   0.04089   0.03342   0.04235   0.04997   0.03984   1.99931   1.10019   0.02855   0.26020  
 10 1090.5473    336.194472  x:  0.00145   0.02010   0.00195   0.00000   0.00906   0.00131   0.02279   0.00000   0.00029   0.00000   0.00000   0.00000   0.00000   0.00000   0.01995   0.00000   0.02654   0.02067   0.02484   0.02297   0.02721   0.06453   0.00000   0.00000   0.01539   0.04026   0.03381   0.04232   0.04970   0.03992   1.99907   1.10058   0.02811   0.25442  
 11 4016.6004    336.140278  x:  0.00146   0.02011   0.00169   0.00000   0.00892   0.00105   0.02282   0.00000   0.00000   0.00000   0.00000   0.00000   0.00000   0.00000   0.01993   0.00000   0.02649   0.02071   0.02481   0.02298   0.02721   0.06448   0.00000   0.00000   0.01541   0.04021   0.03384   0.04233   0.04972   0.03992   1.99906   1.10061   0.02807   0.25404  
 12 1877.7855    335.979973  x:  0.00146   0.02013   0.00064   0.00000   0.00828   0.00000   0.02277   0.00000   0.00000   0.00000   0.00000   0.00000   0.00000   0.00000   0.01998   0.00000   0.02640   0.02051   0.02490   0.02296   0.02707   0.06421   0.00000   0.00000   0.01549   0.04003   0.03394   0.04232   0.04982   0.03997   1.99900   1.10072   0.02795   0.25272  
 13 807.1432    335.915310  x:  0.00145   0.02015   0.00000   0.00000   0.00785   0.00000   0.02269   0.00000   0.00000   0.00000   0.00000   0.00000   0.00000   0.00000   0.01997   0.00000   0.02643   0.02058   0.02491   0.02292   0.02699   0.06421   0.00000   0.00000   0.01553   0.03999   0.03397   0.04232   0.04980   0.04000   1.99897   1.10078   0.02789   0.25205  
 14 575.6603    335.360333  x:  0.00162   0.02032   0.00000   0.00000   0.00000   0.00000   0.02313   0.00000   0.00000   0.00000   0.00000   0.00000   0.00000   0.00000   0.02008   0.00000   0.02622   0.02007   0.02414   0.02304   0.02683   0.06556   0.00000   0.00000   0.01609   0.03989   0.03464   0.04248   0.04901   0.04015   1.99852   1.10174   0.02682   0.24183  
 15 566.3358    334.830415  x:  0.00045   0.02103   0.00000   0.00000   0.00000   0.00000   0.01714   0.00000   0.00000   0.00000   0.00000   0.00000   0.00000   0.00000   0.01998   0.00000   0.01218   0.02137   0.03172   0.02365   0.03613   0.07605   0.00000   0.00000   0.01806   0.03971   0.03668   0.04130   0.04994   0.04097   1.99564   1.10969   0.01819   0.18288  
 16 73.6140    333.244093  x:  0.00101   0.02196   0.00000   0.00000   0.00000   0.00000   0.01764   0.00000   0.00000   0.00000   0.00000   0.00000   0.00000   0.00000   0.02096   0.00000   0.01384   0.02123   0.03246   0.02347   0.04538   0.09343   0.00000   0.00000   0.01935   0.03667   0.03844   0.04186   0.07385   0.06049   1.98706   1.13750  -0.01168   0.02315  
 17 64.9110    332.978817  x:  0.00245   0.02169   0.00000   0.00000   0.00000   0.00000   0.01673   0.00000   0.00000   0.00000   0.00000   0.00000   0.00000   0.00000   0.02090   0.00000   0.01203   0.02108   0.03165   0.02514   0.04094   0.08896   0.00000   0.00000   0.01867   0.03724   0.03769   0.04331   0.06692   0.04875   1.98444   1.14513  -0.02011   0.00000  
 18 22.1653    332.978817  x:  0.00245   0.02169   0.00000   0.00000   0.00000   0.00000   0.01673   0.00000   0.00000   0.00000   0.00000   0.00000   0.00000   0.00000   0.02090   0.00000   0.01203   0.02108   0.03165   0.02514   0.04094   0.08896   0.00000   0.00000   0.01867   0.03724   0.03769   0.04331   0.06692   0.04875   1.98444   1.14513  -0.02011   0.00000  
 19 10.7710    332.324708  x:  0.00304   0.02270   0.00000   0.00000   0.00000   0.00000   0.02332   0.00000   0.00000   0.00000   0.00000   0.00000   0.00000   0.00000   0.02240   0.00000   0.03335   0.02198   0.02396   0.02196   0.02952   0.08324   0.00000   0.00000   0.02338   0.02669   0.04241   0.04391   0.06006   0.04619   1.98384   1.14574  -0.02096   0.00305  
 20 53.8862    332.087022  x:  0.00330   0.02271   0.00000   0.00000   0.00000   0.00000   0.02159   0.00000   0.00000   0.00000   0.00000   0.00000   0.00000   0.00000   0.02241   0.00000   0.02847   0.02198   0.01968   0.02123   0.01932   0.07654   0.00000   0.00000   0.02320   0.01836   0.04530   0.04416   0.05242   0.04394   1.98299   1.14671  -0.02225   0.00634  
 21 27.9892    332.016193  x:  0.00272   0.02211   0.00000   0.00000   0.00000   0.00000   0.02286   0.00000   0.00000   0.00000   0.00000   0.00000   0.00000   0.00000   0.02182   0.00000   0.02780   0.02136   0.02115   0.02069   0.02009   0.06790   0.00000   0.00000   0.02344   0.02089   0.04661   0.04358   0.04389   0.04179   1.98164   1.14864  -0.02470   0.00880  
 22 12.4849    332.004414  x:  0.00271   0.02237   0.00000   0.00000   0.00000   0.00000   0.02181   0.00000   0.00000   0.00000   0.00000   0.00000   0.00000   0.00000   0.02206   0.00000   0.02822   0.02172   0.02039   0.02138   0.02189   0.06498   0.00000   0.00000   0.02277   0.01970   0.04557   0.04357   0.04372   0.04235   1.98042   1.15060  -0.02711   0.00946  
 23  5.3267    331.981697  x:  0.00264   0.02227   0.00000   0.00000   0.00000   0.00000   0.02170   0.00000   0.00000   0.00000   0.00000   0.00000   0.00000   0.00000   0.02194   0.00000   0.02848   0.02148   0.02091   0.02073   0.01998   0.06032   0.00000   0.00000   0.02268   0.02064   0.04280   0.04351   0.04631   0.04399   1.97580   1.15814  -0.03638   0.01085  
 24  6.1428    331.753840  x:  0.00162   0.01950   0.00000   0.00000   0.00000   0.00000   0.03225   0.00000   0.00000   0.00000   0.00000   0.00000   0.00000   0.00000   0.01954   0.00000   0.02337   0.01938   0.01837   0.02058   0.02308   0.05465   0.00000   0.00000   0.02757   0.01622   0.04389   0.04248   0.05203   0.04056   1.91467   1.25819  -0.15920   0.02528  
 25 13.4563    330.659707  x:  0.00291   0.02677   0.00000   0.00000   0.00000   0.00000   0.02803   0.00000   0.00000   0.00000   0.00000   0.00000   0.00000   0.00000   0.02661   0.00000   0.02232   0.02663   0.01875   0.02323   0.01962   0.05066   0.00000   0.00000   0.02321   0.01982   0.05208   0.04376   0.05231   0.02869   1.64433   1.69980  -0.70149   0.09149  
 26 230.2032    330.163763  x:  0.00157   0.01946   0.00000   0.00000   0.00000   0.00000   0.02024   0.00000   0.00000   0.00000   0.00000   0.00000   0.00000   0.00000   0.01924   0.00000   0.02497   0.01852   0.02020   0.01804   0.01888   0.05398   0.00000   0.00000   0.02139   0.01670   0.04998   0.04243   0.04211   0.03698   1.52107   1.90068  -0.94829   0.11441  
 27 365.6495    330.021076  x:  0.00000   0.02009   0.00000   0.00000   0.00000   0.00000   0.02197   0.00000   0.00000   0.00000   0.00000   0.00000   0.00000   0.00000   0.02011   0.00000   0.02416   0.02026   0.01641   0.02080   0.01673   0.05529   0.00000   0.00000   0.02259   0.01767   0.04348   0.04086   0.03479   0.04025   1.48644   1.95670  -1.01725   0.11056  
 28 96.6984    329.926886  x:  0.00116   0.02206   0.00000   0.00000   0.00000   0.00000   0.02219   0.00000   0.00000   0.00000   0.00000   0.00000   0.00000   0.00000   0.02159   0.00000   0.02394   0.02081   0.01993   0.01860   0.01587   0.05382   0.00000   0.00000   0.02206   0.01439   0.04077   0.04201   0.03087   0.03848   1.46125   1.99689  -1.06695   0.09974  
 29 70.8727    329.850230  x:  0.00188   0.02129   0.00000   0.00000   0.00000   0.00000   0.01933   0.00000   0.00000   0.00000   0.00000   0.00000   0.00000   0.00000   0.02062   0.00000   0.02439   0.01952   0.01715   0.01787   0.01483   0.05053   0.00000   0.00000   0.02111   0.01554   0.04361   0.04274   0.03006   0.03562   1.44074   2.02888  -1.10676   0.08727  
 30 68.8170    329.841803  x:  0.00118   0.02091   0.00000   0.00000   0.00000   0.00000   0.01917   0.00000   0.00000   0.00000   0.00000   0.00000   0.00000   0.00000   0.02055   0.00000   0.02453   0.02007   0.01805   0.01910   0.01443   0.04986   0.00000   0.00000   0.02108   0.01526   0.04533   0.04203   0.03018   0.03657   1.43808   2.03242  -1.11137   0.08555  
 31 12.9090    329.839682  x:  0.00109   0.02133   0.00000   0.00000   0.00000   0.00000   0.01931   0.00000   0.00000   0.00000   0.00000   0.00000   0.00000   0.00000   0.02094   0.00000   0.02432   0.02031   0.01788   0.01849   0.01458   0.04968   0.00000   0.00000   0.02112   0.01533   0.04614   0.04195   0.03018   0.03755   1.43704   2.03307  -1.11252   0.08517  
 32  3.2388    329.835356  x:  0.00211   0.02191   0.00000   0.00000   0.00000   0.00000   0.01964   0.00000   0.00000   0.00000   0.00000   0.00000   0.00000   0.00000   0.02094   0.00000   0.02422   0.01961   0.01795   0.01923   0.01458   0.04965   0.00000   0.00000   0.02126   0.01546   0.04652   0.04297   0.03014   0.03833   1.43289   2.03324  -1.11492   0.08488  
 33  1.3854    329.643648  x:  0.00533   0.01913   0.00000   0.00000   0.00000   0.00000   0.01972   0.00000   0.00000   0.00000   0.00000   0.00000   0.00000   0.00000   0.01796   0.00000   0.02328   0.02652   0.01893   0.01879   0.01663   0.05385   0.00000   0.00000   0.02294   0.01701   0.04415   0.04617   0.03387   0.03894   1.23739   2.03313  -1.22040   0.07435  
 34  9.0639    329.501342  x:  0.00210   0.02113   0.00000   0.00000   0.00000   0.00000   0.02007   0.00000   0.00000   0.00000   0.00000   0.00000   0.00000   0.00000   0.02179   0.00000   0.02306   0.02129   0.01952   0.01968   0.01774   0.05714   0.00000   0.00000   0.02132   0.01757   0.04207   0.04294   0.03712   0.03765   1.09677   2.03293  -1.29638   0.06678  
 35 192.7806    329.500285  x:  0.00192   0.02179   0.00000   0.00000   0.00000   0.00000   0.02011   0.00000   0.00000   0.00000   0.00000   0.00000   0.00000   0.00000   0.02111   0.00000   0.02308   0.02130   0.01952   0.01968   0.01773   0.05717   0.00000   0.00000   0.02120   0.01756   0.04206   0.04276   0.03716   0.03760   1.09596   2.03293  -1.29712   0.06673  
 36  2.7760    329.348921  x:  0.00000   0.02243   0.00000   0.00000   0.00000   0.00000   0.01683   0.00000   0.00000   0.00000   0.00000   0.00000   0.00000   0.00000   0.02137   0.00000   0.02069   0.01880   0.02086   0.02011   0.01984   0.06260   0.00000   0.00000   0.02492   0.01937   0.03961   0.04083   0.04050   0.03824   1.26224   2.03945  -1.57875   0.07190  
 37  0.5593    329.348921  x:  0.00000   0.02243   0.00000   0.00000   0.00000   0.00000   0.01683   0.00000   0.00000   0.00000   0.00000   0.00000   0.00000   0.00000   0.02137   0.00000   0.02069   0.01880   0.02086   0.02011   0.01984   0.06260   0.00000   0.00000   0.02492   0.01937   0.03961   0.04083   0.04050   0.03824   1.26224   2.03945  -1.57875   0.07190  
 38 156.6274    329.305983  x:  0.00083   0.02054   0.00000   0.00000   0.00000   0.00000   0.02049   0.00000   0.00000   0.00000   0.00000   0.00000   0.00000   0.00000   0.02017   0.00000   0.01969   0.01993   0.02016   0.01982   0.01981   0.06231   0.00000   0.00000   0.02117   0.01932   0.04034   0.04165   0.04067   0.03857   1.26218   2.03945  -1.57889   0.07288  
 39 13.9931    329.302897  x:  0.00088   0.02027   0.00000   0.00000   0.00000   0.00000   0.01956   0.00000   0.00000   0.00000   0.00000   0.00000   0.00000   0.00000   0.02010   0.00000   0.01971   0.01976   0.02014   0.01983   0.01983   0.06204   0.00000   0.00000   0.02006   0.01949   0.04074   0.04170   0.04079   0.03873   1.26211   2.03946  -1.57907   0.07385  
 40  3.4504    329.301448  x:  0.00081   0.02041   0.00000   0.00000   0.00000   0.00000   0.01975   0.00000   0.00000   0.00000   0.00000   0.00000   0.00000   0.00000   0.02017   0.00000   0.01974   0.01978   0.02017   0.01983   0.01982   0.06153   0.00000   0.00000   0.02041   0.01954   0.04113   0.04163   0.04092   0.03887   1.26193   2.03950  -1.57956   0.07576  
 41  1.6568    329.301262  x:  0.00084   0.02034   0.00000   0.00000   0.00000   0.00000   0.01970   0.00000   0.00000   0.00000   0.00000   0.00000   0.00000   0.00000   0.02011   0.00000   0.01971   0.01980   0.02015   0.01984   0.01982   0.06157   0.00000   0.00000   0.02042   0.01932   0.04079   0.04167   0.04080   0.03875   1.26178   2.03954  -1.58002   0.07605  
 42  0.5916    329.300988  x:  0.00082   0.02039   0.00000   0.00000   0.00000   0.00000   0.01976   0.00000   0.00000   0.00000   0.00000   0.00000   0.00000   0.00000   0.02017   0.00000   0.01974   0.01976   0.02016   0.01981   0.01982   0.06173   0.00000   0.00000   0.02034   0.01966   0.04043   0.04164   0.04068   0.03863   1.26137   2.03967  -1.58130   0.07625  
 43  0.7970    329.290040  x:  0.00000   0.02147   0.00000   0.00000   0.00000   0.00000   0.01987   0.00000   0.00000   0.00000   0.00000   0.00000   0.00000   0.00000   0.02040   0.00000   0.01967   0.02024   0.02039   0.02020   0.01970   0.06741   0.00000   0.00000   0.01978   0.01888   0.04107   0.04082   0.04103   0.03993   1.23377   2.04867  -1.66955   0.07782  
 44  2.1169    329.268316  x:  0.00140   0.01942   0.00000   0.00000   0.00000   0.00000   0.01941   0.00000   0.00000   0.00000   0.00000   0.00000   0.00000   0.00000   0.01976   0.00000   0.01971   0.01929   0.01989   0.01943   0.01982   0.06932   0.00000   0.00000   0.02119   0.01961   0.04185   0.04222   0.04100   0.03997   1.19602   2.06097  -1.79055   0.07854  
 45 69.8110    329.204337  x:  0.00101   0.02076   0.00000   0.00000   0.00000   0.00000   0.01941   0.00000   0.00000   0.00000   0.00000   0.00000   0.00000   0.00000   0.02060   0.00000   0.01971   0.02001   0.02036   0.02012   0.01973   0.06313   0.00000   0.00000   0.02014   0.01906   0.04155   0.04182   0.04005   0.03700   1.08643   2.09672  -2.14328   0.07811  
 46 145.0753    329.200031  x:  0.00026   0.02050   0.00000   0.00000   0.00000   0.00000   0.01943   0.00000   0.00000   0.00000   0.00000   0.00000   0.00000   0.00000   0.01996   0.00000   0.01956   0.01959   0.02007   0.01966   0.01955   0.06230   0.00000   0.00000   0.02018   0.01907   0.04077   0.04107   0.04028   0.03830   1.07932   2.09909  -2.16738   0.07798  
 47 39.2729    329.199361  x:  0.00048   0.02052   0.00000   0.00000   0.00000   0.00000   0.01941   0.00000   0.00000   0.00000   0.00000   0.00000   0.00000   0.00000   0.02019   0.00000   0.01963   0.01977   0.02017   0.01985   0.01964   0.06211   0.00000   0.00000   0.02018   0.01909   0.04045   0.04129   0.04035   0.03899   1.07861   2.09938  -2.17128   0.07796  
 48  5.5554    329.196792  x:  0.00092   0.02133   0.00000   0.00000   0.00000   0.00000   0.01947   0.00000   0.00000   0.00000   0.00000   0.00000   0.00000   0.00000   0.02003   0.00000   0.01940   0.01923   0.02022   0.01937   0.01916   0.06196   0.00000   0.00000   0.02001   0.01892   0.04048   0.04173   0.03972   0.03933   1.08208   2.09932  -2.18790   0.07805  
 49  1.5422    329.154021  x:  0.00013   0.02055   0.00000   0.00000   0.00000   0.00000   0.01904   0.00000   0.00000   0.00000   0.00000   0.00000   0.00000   0.00000   0.01926   0.00000   0.01978   0.02032   0.01951   0.02011   0.01952   0.06037   0.00000   0.00000   0.02021   0.01928   0.04135   0.04092   0.03416   0.04010   1.14325   2.09749  -2.46100   0.07967  
 50 35.2057    329.119282  x:  0.00000   0.02018   0.00000   0.00000   0.00000   0.00000   0.01914   0.00000   0.00000   0.00000   0.00000   0.00000   0.00000   0.00000   0.01984   0.00000   0.01957   0.01979   0.01984   0.01983   0.01957   0.05970   0.00000   0.00000   0.02005   0.01904   0.04084   0.04079   0.03542   0.03947   1.17288   2.09652  -2.59264   0.08049  
 51 262.4146    329.110853  x:  0.00034   0.02099   0.00000   0.00000   0.00000   0.00000   0.01879   0.00000   0.00000   0.00000   0.00000   0.00000   0.00000   0.00000   0.01837   0.00000   0.01988   0.02061   0.01905   0.02017   0.01934   0.05942   0.00000   0.00000   0.02015   0.01942   0.04042   0.04112   0.03683   0.03901   1.18506   2.09601  -2.64700   0.08084  
 52 119.5978    329.110430  x:  0.00033   0.02093   0.00000   0.00000   0.00000   0.00000   0.01872   0.00000   0.00000   0.00000   0.00000   0.00000   0.00000   0.00000   0.01861   0.00000   0.01983   0.02084   0.01880   0.01997   0.01904   0.05942   0.00000   0.00000   0.02017   0.01942   0.04042   0.04111   0.03685   0.03900   1.18537   2.09492  -2.65107   0.08084  
 53  1.0028    329.042512  x:  0.00040   0.01968   0.00000   0.00000   0.00000   0.00000   0.01830   0.00000   0.00000   0.00000   0.00000   0.00000   0.00000   0.00000   0.01829   0.00000   0.01899   0.02269   0.02374   0.01659   0.01852   0.05991   0.00000   0.00000   0.02049   0.01968   0.03995   0.04108   0.03887   0.03783   1.23204   1.89563  -3.34839   0.08036  
 54 10.4541    328.876230  x:  0.00069   0.01815   0.00000   0.00000   0.00000   0.00000   0.02006   0.00000   0.00000   0.00000   0.00000   0.00000   0.00000   0.00000   0.02176   0.00000   0.01831   0.01627   0.02078   0.01954   0.01861   0.06109   0.00000   0.00000   0.02016   0.01876   0.03885   0.04112   0.04371   0.03509   1.34299   1.42092  -5.00834   0.07920  
 55 1179.2277    328.872441  x:  0.00073   0.01844   0.00000   0.00000   0.00000   0.00000   0.02010   0.00000   0.00000   0.00000   0.00000   0.00000   0.00000   0.00000   0.02203   0.00000   0.01867   0.01628   0.02017   0.01868   0.01981   0.06111   0.00000   0.00000   0.02004   0.01853   0.03882   0.04115   0.04380   0.03504   1.34549   1.40997  -5.04634   0.07917  
 56 101.8681    328.871693  x:  0.00073   0.01851   0.00000   0.00000   0.00000   0.00000   0.02000   0.00000   0.00000   0.00000   0.00000   0.00000   0.00000   0.00000   0.02204   0.00000   0.01804   0.01636   0.02009   0.01873   0.02002   0.06111   0.00000   0.00000   0.02010   0.01861   0.03882   0.04116   0.04381   0.03505   1.34547   1.40593  -5.05568   0.07915  
 57  1.5596    328.493192  x:  0.00116   0.02084   0.00000   0.00000   0.00000   0.00000   0.01940   0.00000   0.00000   0.00000   0.00000   0.00000   0.00000   0.00000   0.02103   0.00000   0.01989   0.02394   0.02086   0.01959   0.01895   0.05840   0.00000   0.00000   0.01990   0.01913   0.04134   0.04066   0.04464   0.03937   1.32097  -0.93007  -10.37896   0.06950  
 58 29.0496    328.383227  x:  0.00088   0.02004   0.00000   0.00000   0.00000   0.00000   0.01922   0.00000   0.00000   0.00000   0.00000   0.00000   0.00000   0.00000   0.01907   0.00000   0.01912   0.02048   0.01937   0.01906   0.01907   0.06038   0.00000   0.00000   0.01997   0.01906   0.03980   0.04039   0.03983   0.03785   1.23295  -1.59174  -12.10769   0.08088  
 59  1.3731    328.360188  x:  0.00114   0.01977   0.00000   0.00000   0.00000   0.00000   0.01958   0.00000   0.00000   0.00000   0.00000   0.00000   0.00000   0.00000   0.01965   0.00000   0.01905   0.01822   0.01969   0.01919   0.01947   0.06052   0.00000   0.00000   0.02014   0.01904   0.03987   0.04039   0.03898   0.03728   1.20941  -2.22009  -13.50441   0.07530  
 60  1.0376    328.348255  x:  0.00132   0.02012   0.00000   0.00000   0.00000   0.00000   0.01973   0.00000   0.00000   0.00000   0.00000   0.00000   0.00000   0.00000   0.02015   0.00000   0.01971   0.02007   0.01996   0.01979   0.01935   0.06037   0.00000   0.00000   0.01993   0.01896   0.04030   0.04021   0.04012   0.03798   1.22417  -3.06924  -15.46630   0.07546  
 61  0.8214    328.341463  x:  0.00140   0.01993   0.00000   0.00000   0.00000   0.00000   0.01937   0.00000   0.00000   0.00000   0.00000   0.00000   0.00000   0.00000   0.01953   0.00000   0.01917   0.01897   0.01951   0.01924   0.01927   0.06015   0.00000   0.00000   0.02004   0.01903   0.03985   0.04000   0.03948   0.03760   1.22143  -4.01690  -17.71187   0.07704  
 62  1.0369    328.339174  x:  0.00169   0.01993   0.00000   0.00000   0.00000   0.00000   0.01966   0.00000   0.00000   0.00000   0.00000   0.00000   0.00000   0.00000   0.01983   0.00000   0.01931   0.01939   0.01994   0.01937   0.01940   0.06055   0.00000   0.00000   0.02007   0.01903   0.04010   0.03989   0.03981   0.03762   1.22657  -4.92787  -19.80270   0.07579  
 63  0.9369    328.338197  x:  0.00179   0.02001   0.00000   0.00000   0.00000   0.00000   0.01948   0.00000   0.00000   0.00000   0.00000   0.00000   0.00000   0.00000   0.01971   0.00000   0.01931   0.01925   0.01961   0.01939   0.01928   0.06008   0.00000   0.00000   0.01999   0.01901   0.03999   0.03964   0.03962   0.03772   1.22253  -5.85852  -21.98859   0.07661  
 64  0.9685    328.337823  x:  0.00201   0.01991   0.00000   0.00000   0.00000   0.00000   0.01956   0.00000   0.00000   0.00000   0.00000   0.00000   0.00000   0.00000   0.01974   0.00000   0.01928   0.01927   0.01981   0.01934   0.01937   0.06054   0.00000   0.00000   0.02008   0.01903   0.04001   0.03951   0.03970   0.03762   1.22389  -6.79648  -24.15962   0.07618  
 65  0.9473    328.337676  x:  0.00215   0.01999   0.00000   0.00000   0.00000   0.00000   0.01954   0.00000   0.00000   0.00000   0.00000   0.00000   0.00000   0.00000   0.01975   0.00000   0.01930   0.01929   0.01971   0.01938   0.01931   0.06016   0.00000   0.00000   0.02000   0.01901   0.04003   0.03933   0.03969   0.03767   1.22373  -7.65966  -26.17459   0.07634  
 66  0.9334    328.337614  x:  0.00232   0.01994   0.00000   0.00000   0.00000   0.00000   0.01952   0.00000   0.00000   0.00000   0.00000   0.00000   0.00000   0.00000   0.01973   0.00000   0.01929   0.01927   0.01974   0.01936   0.01934   0.06043   0.00000   0.00000   0.02005   0.01903   0.04000   0.03916   0.03967   0.03767   1.22361  -8.60853  -28.38091   0.07634  
 67  0.9489    328.337590  x:  0.00249   0.01997   0.00000   0.00000   0.00000   0.00000   0.01955   0.00000   0.00000   0.00000   0.00000   0.00000   0.00000   0.00000   0.01974   0.00000   0.01929   0.01929   0.01974   0.01936   0.01933   0.06025   0.00000   0.00000   0.02002   0.01902   0.04002   0.03901   0.03969   0.03764   1.22374  -9.49749  -30.45003   0.07628  
 68  0.9438    328.337581  x:  0.00262   0.01996   0.00000   0.00000   0.00000   0.00000   0.01953   0.00000   0.00000   0.00000   0.00000   0.00000   0.00000   0.00000   0.01974   0.00000   0.01929   0.01927   0.01973   0.01937   0.01933   0.06035   0.00000   0.00000   0.02004   0.01902   0.04001   0.03886   0.03968   0.03768   1.22368  -10.32306  -32.37181   0.07634  
 69  0.8684    328.337576  x:  0.00279   0.01996   0.00000   0.00000   0.00000   0.00000   0.01954   0.00000   0.00000   0.00000   0.00000   0.00000   0.00000   0.00000   0.01974   0.00000   0.01929   0.01928   0.01974   0.01936   0.01933   0.06030   0.00000   0.00000   0.02003   0.01902   0.04001   0.03871   0.03968   0.03765   1.22367  -11.24221  -34.51057   0.07630  
 70  0.8972    328.337575  x:  0.00292   0.01996   0.00000   0.00000   0.00000   0.00000   0.01953   0.00000   0.00000   0.00000   0.00000   0.00000   0.00000   0.00000   0.01974   0.00000   0.01929   0.01928   0.01973   0.01937   0.01933   0.06033   0.00000   0.00000   0.02003   0.01902   0.04002   0.03856   0.03968   0.03767   1.22372  -12.08087  -36.46271   0.07632  
 71  0.8891    328.337574  x:  0.00308   0.01996   0.00000   0.00000   0.00000   0.00000   0.01954   0.00000   0.00000   0.00000   0.00000   0.00000   0.00000   0.00000   0.01974   0.00000   0.01929   0.01928   0.01974   0.01937   0.01933   0.06031   0.00000   0.00000   0.02003   0.01902   0.04001   0.03841   0.03968   0.03765   1.22366  -13.00592  -38.61548   0.07631  
 72  0.8868    328.337574  x:  0.00321   0.01996   0.00000   0.00000   0.00000   0.00000   0.01954   0.00000   0.00000   0.00000   0.00000   0.00000   0.00000   0.00000   0.01974   0.00000   0.01929   0.01928   0.01974   0.01937   0.01933   0.06032   0.00000   0.00000   0.02003   0.01902   0.04002   0.03828   0.03968   0.03767   1.22371  -13.83968  -40.55601   0.07632  
 73  0.8856    328.337573  x:  0.00336   0.01996   0.00000   0.00000   0.00000   0.00000   0.01954   0.00000   0.00000   0.00000   0.00000   0.00000   0.00000   0.00000   0.01974   0.00000   0.01929   0.01928   0.01974   0.01937   0.01933   0.06032   0.00000   0.00000   0.02003   0.01902   0.04001   0.03813   0.03968   0.03766   1.22367  -14.78581  -42.75796   0.07631  
 74  0.8883    328.337573  x:  0.00348   0.01996   0.00000   0.00000   0.00000   0.00000   0.01954   0.00000   0.00000   0.00000   0.00000   0.00000   0.00000   0.00000   0.01974   0.00000   0.01929   0.01928   0.01974   0.01937   0.01933   0.06032   0.00000   0.00000   0.02003   0.01902   0.04001   0.03801   0.03968   0.03766   1.22370  -15.56886  -44.58040   0.07631  
 75  0.8655    328.337573  x:  0.00364   0.01996   0.00000   0.00000   0.00000   0.00000   0.01954   0.00000   0.00000   0.00000   0.00000   0.00000   0.00000   0.00000   0.01974   0.00000   0.01929   0.01928   0.01974   0.01937   0.01933   0.06032   0.00000   0.00000   0.02003   0.01902   0.04001   0.03785   0.03968   0.03766   1.22368  -16.58826  -46.95289   0.07631  
 76  0.8826    328.337573  x:  0.00373   0.01996   0.00000   0.00000   0.00000   0.00000   0.01954   0.00000   0.00000   0.00000   0.00000   0.00000   0.00000   0.00000   0.01974   0.00000   0.01929   0.01928   0.01974   0.01937   0.01933   0.06032   0.00000   0.00000   0.02003   0.01902   0.04001   0.03776   0.03968   0.03766   1.22369  -17.23684  -48.46237   0.07631  
 77  0.8095    328.337573  x:  0.00391   0.01996   0.00000   0.00000   0.00000   0.00000   0.01954   0.00000   0.00000   0.00000   0.00000   0.00000   0.00000   0.00000   0.01974   0.00000   0.01929   0.01928   0.01974   0.01937   0.01933   0.06032   0.00000   0.00000   0.02003   0.01902   0.04001   0.03758   0.03968   0.03766   1.22369  -18.44094  -51.26471   0.07631  
 78  0.8427    328.337573  x:  0.00395   0.01996   0.00000   0.00000   0.00000   0.00000   0.01954   0.00000   0.00000   0.00000   0.00000   0.00000   0.00000   0.00000   0.01974   0.00000   0.01929   0.01928   0.01974   0.01937   0.01933   0.06032   0.00000   0.00000   0.02003   0.01902   0.04001   0.03754   0.03968   0.03766   1.22369  -18.75291  -51.99079   0.07631  
 79  0.5282    328.337573  x:  0.00427   0.01996   0.00000   0.00000   0.00000   0.00000   0.01954   0.00000   0.00000   0.00000   0.00000   0.00000   0.00000   0.00000   0.01974   0.00000   0.01929   0.01928   0.01974   0.01937   0.01933   0.06032   0.00000   0.00000   0.02003   0.01902   0.04001   0.03721   0.03968   0.03766   1.22369  -21.10059  -57.45466   0.07631  
 80  0.7434    328.337573  x:  0.00424   0.01996   0.00000   0.00000   0.00000   0.00000   0.01954   0.00000   0.00000   0.00000   0.00000   0.00000   0.00000   0.00000   0.01974   0.00000   0.01929   0.01928   0.01974   0.01937   0.01933   0.06032   0.00000   0.00000   0.02003   0.01902   0.04001   0.03725   0.03968   0.03766   1.22369  -20.84594  -56.86200   0.07631  
 81  1.6126    328.337573  x:  0.00419   0.01996   0.00000   0.00000   0.00000   0.00000   0.01954   0.00000   0.00000   0.00000   0.00000   0.00000   0.00000   0.00000   0.01974   0.00000   0.01929   0.01928   0.01974   0.01937   0.01933   0.06032   0.00000   0.00000   0.02003   0.01902   0.04001   0.03730   0.03968   0.03766   1.22369  -20.50110  -56.05945   0.07631  
 82  2.2772    328.337573  x:  0.00417   0.01996   0.00000   0.00000   0.00000   0.00000   0.01954   0.00000   0.00000   0.00000   0.00000   0.00000   0.00000   0.00000   0.01974   0.00000   0.01929   0.01928   0.01974   0.01937   0.01933   0.06032   0.00000   0.00000   0.02003   0.01902   0.04001   0.03731   0.03968   0.03766   1.22369  -20.39690  -55.81693   0.07631  
 83  0.3647    328.337573  x:  0.00420   0.01996   0.00000   0.00000   0.00000   0.00000   0.01954   0.00000   0.00000   0.00000   0.00000   0.00000   0.00000   0.00000   0.01974   0.00000   0.01929   0.01928   0.01974   0.01937   0.01933   0.06032   0.00000   0.00000   0.02003   0.01902   0.04001   0.03728   0.03968   0.03766   1.22369  -20.61298  -56.31983   0.07631  
 84  0.6106    328.337573  x:  0.00420   0.01996   0.00000   0.00000   0.00000   0.00000   0.01954   0.00000   0.00000   0.00000   0.00000   0.00000   0.00000   0.00000   0.01974   0.00000   0.01929   0.01928   0.01974   0.01937   0.01933   0.06032   0.00000   0.00000   0.02003   0.01902   0.04001   0.03728   0.03968   0.03766   1.22369  -20.61537  -56.32539   0.07631  
 85  0.2418    328.337573  x:  0.00420   0.01996   0.00000   0.00000   0.00000   0.00000   0.01954   0.00000   0.00000   0.00000   0.00000   0.00000   0.00000   0.00000   0.01974   0.00000   0.01929   0.01928   0.01974   0.01937   0.01933   0.06032   0.00000   0.00000   0.02003   0.01902   0.04001   0.03728   0.03968   0.03766   1.22369  -20.61537  -56.32539   0.07631  
 86  0.0125    328.337573  x:  0.00420   0.01996   0.00000   0.00000   0.00000   0.00000   0.01954   0.00000   0.00000   0.00000   0.00000   0.00000   0.00000   0.00000   0.01974   0.00000   0.01929   0.01928   0.01974   0.01937   0.01933   0.06032   0.00000   0.00000   0.02003   0.01902   0.04001   0.03728   0.03968   0.03766   1.22369  -20.61537  -56.32539   0.07631  
check convergence!
