

TREE # 1

  0  0.0000    193.707243  x:  0.00000   0.00682   0.03553   0.01082   0.03945   0.03900   0.01905   0.02265   0.03863   0.01124   0.02905   0.01452   0.01363   0.00939   0.01098   0.05173   0.03207   0.01489   0.04531   0.03493   0.04131   0.02088   0.00731   0.01126   0.00528   0.03968   0.02366   0.04088   0.04333   0.02438   2.00000   1.09989   0.02896   0.27919   2.57308  
  1 99.0000    193.704421  x:  0.00000   0.00682   0.03553   0.01081   0.03945   0.03900   0.01904   0.02265   0.03862   0.01124   0.02905   0.01452   0.01363   0.00939   0.01097   0.05173   0.03207   0.01488   0.04530   0.03493   0.04130   0.02087   0.00731   0.01125   0.00528   0.03967   0.02366   0.04088   0.04333   0.02438   2.00000   1.09989   0.02896   0.27919   2.57308  
  2 158.8875    189.409963  x:  0.00000   0.00171   0.03055   0.00576   0.03421   0.03376   0.01310   0.01739   0.03338   0.00597   0.02379   0.00925   0.00836   0.00426   0.00584   0.04761   0.02682   0.00962   0.04164   0.03430   0.03615   0.01561   0.00204   0.00598   0.00000   0.03443   0.01840   0.03555   0.03830   0.03764   1.99988   1.09943   0.02945   0.26814   2.57307  
  3 568.3079    187.896633  x:  0.00000   0.00000   0.02896   0.00411   0.03236   0.03190   0.01062   0.01553   0.03152   0.00411   0.02194   0.00739   0.00650   0.00254   0.00412   0.04588   0.02496   0.00777   0.04038   0.03424   0.03438   0.01376   0.00018   0.00412   0.00000   0.03257   0.01654   0.03346   0.03653   0.03686   1.99970   1.09890   0.03002   0.25763   2.57307  
  4 274.9253    187.759894  x:  0.00000   0.00000   0.02881   0.00395   0.03218   0.03173   0.01036   0.01535   0.03135   0.00393   0.02176   0.00721   0.00632   0.00237   0.00395   0.04585   0.02479   0.00759   0.04039   0.03424   0.03421   0.01358   0.00000   0.00394   0.00000   0.03239   0.01636   0.03356   0.03636   0.03687   1.99968   1.09886   0.03007   0.25659   2.57307  
  5 1371.8244    185.987704  x:  0.00000   0.00000   0.02665   0.00175   0.02978   0.02932   0.00599   0.01291   0.02894   0.00146   0.01933   0.00475   0.00386   0.00000   0.00158   0.04911   0.02236   0.00514   0.04245   0.03436   0.03193   0.01113   0.00000   0.00147   0.00000   0.02998   0.01392   0.03217   0.03412   0.03709   1.99947   1.09865   0.03030   0.24323   2.57306  
  6 1042.6967    184.919400  x:  0.00000   0.00000   0.02528   0.00028   0.02845   0.02799   0.00138   0.01151   0.02760   0.00000   0.01795   0.00331   0.00241   0.00000   0.00001   0.05028   0.02100   0.00369   0.04127   0.03412   0.03072   0.00971   0.00000   0.00001   0.00000   0.02865   0.01252   0.03218   0.03299   0.03716   1.99941   1.09939   0.02954   0.23689   2.57307  
  7 363.0786    184.919400  x:  0.00000   0.00000   0.02528   0.00028   0.02845   0.02799   0.00138   0.01151   0.02760   0.00000   0.01795   0.00331   0.00241   0.00000   0.00001   0.05028   0.02100   0.00369   0.04127   0.03412   0.03072   0.00971   0.00000   0.00001   0.00000   0.02865   0.01252   0.03218   0.03299   0.03716   1.99941   1.09939   0.02954   0.23689   2.57307  
  8 282578.6112    184.917704  x:  0.00000   0.00000   0.02528   0.00027   0.02845   0.02799   0.00138   0.01150   0.02760   0.00000   0.01794   0.00331   0.00241   0.00000   0.00000   0.05028   0.02099   0.00369   0.04127   0.03412   0.03072   0.00971   0.00000   0.00001   0.00000   0.02865   0.01252   0.03218   0.03299   0.03716   1.99941   1.09939   0.02954   0.23689   2.57307  
  9 143.6969    184.913808  x:  0.00000   0.00000   0.02527   0.00027   0.02844   0.02798   0.00137   0.01150   0.02759   0.00000   0.01794   0.00330   0.00240   0.00000   0.00000   0.05027   0.02099   0.00368   0.04126   0.03412   0.03072   0.00971   0.00000   0.00000   0.00000   0.02864   0.01251   0.03219   0.03298   0.03715   1.99940   1.09939   0.02954   0.23686   2.57307  
 10 124.7800    184.682322  x:  0.00000   0.00000   0.02500   0.00000   0.02809   0.02762   0.00070   0.01114   0.02723   0.00000   0.01758   0.00294   0.00204   0.00000   0.00000   0.04996   0.02063   0.00333   0.04125   0.03408   0.03036   0.00935   0.00000   0.00000   0.00000   0.02828   0.01215   0.03184   0.03263   0.03723   1.99935   1.09932   0.02962   0.23413   2.57307  
 11 441.8446    184.478146  x:  0.00000   0.00000   0.02474   0.00000   0.02775   0.02728   0.00000   0.01080   0.02690   0.00000   0.01724   0.00261   0.00170   0.00000   0.00000   0.05012   0.02029   0.00299   0.04148   0.03409   0.03002   0.00901   0.00000   0.00000   0.00000   0.02794   0.01181   0.03201   0.03230   0.03732   1.99930   1.09928   0.02966   0.23161   2.57307  
 12 1142.0730    183.620714  x:  0.00000   0.00000   0.02353   0.00000   0.02615   0.02568   0.00000   0.00913   0.02528   0.00000   0.01559   0.00091   0.00000   0.00000   0.00000   0.05420   0.01866   0.00131   0.03935   0.03486   0.02842   0.00733   0.00000   0.00000   0.00000   0.02633   0.01015   0.03105   0.03077   0.03498   1.99909   1.09990   0.02903   0.22016   2.57307  
 13 328.3215    183.250067  x:  0.00000   0.00000   0.02299   0.00000   0.02542   0.02495   0.00000   0.00828   0.02456   0.00000   0.01479   0.00000   0.00000   0.00000   0.00000   0.05492   0.01789   0.00040   0.03779   0.03377   0.02772   0.00647   0.00000   0.00000   0.00000   0.02562   0.00931   0.03117   0.03016   0.03635   1.99909   1.10174   0.02709   0.21762   2.57311  
 14 64.5778    183.103170  x:  0.00000   0.00000   0.02275   0.00000   0.02511   0.02464   0.00000   0.00791   0.02424   0.00000   0.01445   0.00000   0.00000   0.00000   0.00000   0.05489   0.01755   0.00000   0.03770   0.03377   0.02742   0.00609   0.00000   0.00000   0.00000   0.02531   0.00895   0.03115   0.02990   0.03639   1.99910   1.10263   0.02616   0.21687   2.57312  
 15 252.8866    181.002893  x:  0.00000   0.00000   0.01880   0.00000   0.02011   0.01963   0.00000   0.00189   0.01921   0.00000   0.00886   0.00000   0.00000   0.00000   0.00000   0.05451   0.01214   0.00000   0.03395   0.04390   0.02261   0.00000   0.00000   0.00000   0.00000   0.02036   0.00304   0.03035   0.02582   0.04300   1.99928   1.11945   0.00844   0.20040   2.57345  
 16 431.0167    180.337029  x:  0.00000   0.00000   0.01737   0.00000   0.01856   0.01808   0.00000   0.00000   0.01765   0.00000   0.00711   0.00000   0.00000   0.00000   0.00000   0.05410   0.01045   0.00000   0.03372   0.04390   0.02112   0.00000   0.00000   0.00000   0.00000   0.01882   0.00119   0.03018   0.02458   0.04307   1.99931   1.12684   0.00062   0.19160   2.57360  
 17 150.4389    179.827937  x:  0.00000   0.00000   0.01608   0.00000   0.01728   0.01681   0.00000   0.00000   0.01637   0.00000   0.00589   0.00000   0.00000   0.00000   0.00000   0.05353   0.00923   0.00000   0.03345   0.04384   0.01983   0.00000   0.00000   0.00000   0.00000   0.01754   0.00000   0.02996   0.02326   0.04311   1.99930   1.13335  -0.00638   0.18245   2.57377  
 18 488.9916    177.552809  x:  0.00000   0.00000   0.00987   0.00000   0.01110   0.01067   0.00000   0.00000   0.01019   0.00000   0.00000   0.00000   0.00000   0.00000   0.00000   0.05079   0.00331   0.00000   0.03213   0.04357   0.01361   0.00000   0.00000   0.00000   0.00000   0.01133   0.00000   0.02887   0.01691   0.04333   1.99923   1.16502  -0.04037   0.13807   2.57460  
 19 2621543.1492    176.471283  x:  0.00000   0.00000   0.00400   0.00000   0.00578   0.00547   0.00000   0.00000   0.00518   0.00000   0.00000   0.00000   0.00000   0.00000   0.00000   0.05342   0.00000   0.00000   0.03348   0.04389   0.00765   0.00000   0.00000   0.00000   0.00000   0.00598   0.00000   0.02992   0.00843   0.04322   1.99861   1.13927  -0.01268   0.17759   2.57391  
 20 35.2026    175.981178  x:  0.00000   0.00000   0.00346   0.00000   0.00167   0.00063   0.00000   0.00000   0.00000   0.00000   0.00000   0.00000   0.00000   0.00000   0.00000   0.05150   0.00000   0.00000   0.03254   0.04371   0.00651   0.00000   0.00000   0.00000   0.00000   0.00230   0.00000   0.02917   0.01926   0.04324   1.99862   1.15066  -0.02483   0.15773   2.57417  
 21  2.7422    175.867704  x:  0.00000   0.00000   0.00301   0.00000   0.00108   0.00000   0.00000   0.00000   0.00000   0.00000   0.00000   0.00000   0.00000   0.00000   0.00000   0.05127   0.00000   0.00000   0.03243   0.04369   0.00604   0.00000   0.00000   0.00000   0.00000   0.00173   0.00000   0.02908   0.01927   0.04325   1.99863   1.15206  -0.02631   0.15545   2.57420  
 22 51.6854    175.660319  x:  0.00000   0.00000   0.00208   0.00000   0.00000   0.00000   0.00000   0.00000   0.00000   0.00000   0.00000   0.00000   0.00000   0.00000   0.00000   0.05068   0.00000   0.00000   0.03213   0.04364   0.00511   0.00000   0.00000   0.00000   0.00000   0.00068   0.00000   0.02884   0.01887   0.04326   1.99862   1.15584  -0.03030   0.14942   2.57428  
 23 1496.7480    175.660319  x:  0.00000   0.00000   0.00208   0.00000   0.00000   0.00000   0.00000   0.00000   0.00000   0.00000   0.00000   0.00000   0.00000   0.00000   0.00000   0.05068   0.00000   0.00000   0.03213   0.04364   0.00511   0.00000   0.00000   0.00000   0.00000   0.00068   0.00000   0.02884   0.01887   0.04326   1.99862   1.15584  -0.03030   0.14942   2.57428  
 24 26.2652    175.561989  x:  0.00000   0.00000   0.00140   0.00000   0.00000   0.00000   0.00000   0.00000   0.00000   0.00000   0.00000   0.00000   0.00000   0.00000   0.00000   0.05041   0.00000   0.00000   0.03209   0.04344   0.00444   0.00000   0.00000   0.00000   0.00000   0.00000   0.00000   0.02887   0.01821   0.04307   1.99863   1.15587  -0.03033   0.14928   2.57428  
 25 70.0641    175.398615  x:  0.00000   0.00000   0.00000   0.00000   0.00000   0.00000   0.00000   0.00000   0.00000   0.00000   0.00000   0.00000   0.00000   0.00000   0.00000   0.04971   0.00000   0.00000   0.03200   0.04287   0.00304   0.00000   0.00000   0.00000   0.00000   0.00000   0.00000   0.02905   0.01682   0.04251   1.99866   1.15591  -0.03037   0.14891   2.57428  
 26 5643.2470    175.153333  x:  0.00000   0.00000   0.00000   0.00000   0.00000   0.00000   0.00000   0.00000   0.00000   0.00000   0.00000   0.00000   0.00000   0.00000   0.00000   0.04818   0.00000   0.00000   0.03225   0.04219   0.00000   0.00000   0.00000   0.00000   0.00000   0.00000   0.00000   0.02762   0.01384   0.04185   1.99868   1.15601  -0.03047   0.14681   2.57428  
 27 75.6860    174.583476  x:  0.00000   0.00000   0.00000   0.00000   0.00000   0.00000   0.00000   0.00000   0.00000   0.00000   0.00000   0.00000   0.00000   0.00000   0.00000   0.04505   0.00000   0.00000   0.03201   0.04163   0.00000   0.00000   0.00000   0.00000   0.00000   0.00000   0.00000   0.02827   0.00000   0.04140   1.99880   1.15651  -0.03097   0.13840   2.57428  
 28 143.3609    174.151719  x:  0.00000   0.00000   0.00000   0.00000   0.00000   0.00000   0.00000   0.00000   0.00000   0.00000   0.00000   0.00000   0.00000   0.00000   0.00000   0.05443   0.00000   0.00000   0.02643   0.02401   0.00000   0.00000   0.00000   0.00000   0.00000   0.00000   0.00000   0.02757   0.00000   0.02251   2.00139   1.16366  -0.03812   0.06938   2.57428  
 29 34.1512    173.818601  x:  0.00000   0.00000   0.00000   0.00000   0.00000   0.00000   0.00000   0.00000   0.00000   0.00000   0.00000   0.00000   0.00000   0.00000   0.00000   0.05956   0.00000   0.00000   0.04397   0.01657   0.00000   0.00000   0.00000   0.00000   0.00000   0.00000   0.00000   0.03091   0.00000   0.02169   2.00605   1.17577  -0.05023   0.00000   2.57428  
 30 17.2833    173.765345  x:  0.00000   0.00000   0.00000   0.00000   0.00000   0.00000   0.00000   0.00000   0.00000   0.00000   0.00000   0.00000   0.00000   0.00000   0.00000   0.05477   0.00000   0.00000   0.04041   0.01332   0.00000   0.00000   0.00000   0.00000   0.00000   0.00000   0.00000   0.03004   0.00000   0.02679   2.01063   1.18286  -0.05732   0.00000   2.57428  
 31  1.2217    173.301974  x:  0.00000   0.00000   0.00000   0.00000   0.00000   0.00000   0.00000   0.00000   0.00000   0.00000   0.00000   0.00000   0.00000   0.00000   0.00000   0.02428   0.00000   0.00000   0.04553   0.01635   0.00000   0.00000   0.00000   0.00000   0.00000   0.00000   0.00000   0.02968   0.00000   0.02830   2.04929   1.24787  -0.12234   0.00000   2.57428  
 32 31.0827    172.247858  x:  0.00000   0.00000   0.00000   0.00000   0.00000   0.00000   0.00000   0.00000   0.00000   0.00000   0.00000   0.00000   0.00000   0.00000   0.00000   0.02302   0.00000   0.00000   0.04631   0.00938   0.00000   0.00000   0.00000   0.00000   0.00000   0.00000   0.00000   0.03178   0.00000   0.01417   2.36136   1.90505  -0.77951   0.00000   2.57428  
 33  5.3547    171.026117  x:  0.00000   0.00000   0.00000   0.00000   0.00000   0.00000   0.00000   0.00000   0.00000   0.00000   0.00000   0.00000   0.00000   0.00000   0.00000   0.03824   0.00000   0.00000   0.04128   0.02458   0.00000   0.00000   0.00000   0.00000   0.00000   0.00000   0.00000   0.04519   0.00000   0.03434   3.11468   2.57524  -1.44970   0.00000   2.57428  
 34  1.6926    170.682118  x:  0.00000   0.00000   0.00000   0.00000   0.00000   0.00000   0.00000   0.00000   0.00000   0.00000   0.00000   0.00000   0.00000   0.00000   0.00000   0.02986   0.00000   0.00000   0.02577   0.02697   0.00000   0.00000   0.00000   0.00000   0.00000   0.00000   0.00000   0.02583   0.00000   0.03267   3.38401   2.74134  -1.61580   0.00000   2.57428  
 35  0.5043    170.676252  x:  0.00421   0.00000   0.00000   0.00000   0.00000   0.00000   0.00000   0.00000   0.00000   0.00000   0.00000   0.00000   0.00000   0.00000   0.00000   0.02892   0.00000   0.00000   0.02406   0.02724   0.00000   0.00000   0.00000   0.00000   0.00000   0.00000   0.00000   0.02370   0.00000   0.03248   3.41404   2.75996  -1.63442   0.00000   2.57428  
 36 26.4363    170.599284  x:  0.01595   0.00000   0.00000   0.00000   0.00000   0.00000   0.00000   0.00000   0.00000   0.00000   0.00000   0.00000   0.00000   0.00000   0.00000   0.02230   0.00000   0.00000   0.02886   0.02986   0.00000   0.00000   0.00000   0.00000   0.00000   0.00000   0.00000   0.01239   0.00000   0.02909   3.67968   3.01368  -1.88814   0.00000   2.57428  
 37  0.3737    170.536799  x:  0.02708   0.00000   0.00000   0.00000   0.00000   0.00000   0.00000   0.00000   0.00000   0.00000   0.00000   0.00000   0.00000   0.00000   0.00000   0.02897   0.00000   0.00000   0.02865   0.03195   0.00000   0.00000   0.00000   0.00000   0.00000   0.00000   0.00000   0.00000   0.00000   0.02430   4.05603   3.33901  -2.21348   0.00000   2.57428  
 38  0.4699    170.536799  x:  0.02708   0.00000   0.00000   0.00000   0.00000   0.00000   0.00000   0.00000   0.00000   0.00000   0.00000   0.00000   0.00000   0.00000   0.00000   0.02897   0.00000   0.00000   0.02865   0.03195   0.00000   0.00000   0.00000   0.00000   0.00000   0.00000   0.00000   0.00000   0.00000   0.02430   4.05603   3.33901  -2.21348   0.00000   2.57428  
 39  0.2549    170.517300  x:  0.02731   0.00000   0.00000   0.00000   0.00000   0.00000   0.00000   0.00000   0.00000   0.00000   0.00000   0.00000   0.00000   0.00000   0.00000   0.02710   0.00000   0.00000   0.02770   0.02794   0.00000   0.00000   0.00000   0.00000   0.00000   0.00000   0.00000   0.00010   0.00000   0.02760   4.05605   3.33904  -2.21351   0.00000   2.57428  
 40  6.9134    170.516953  x:  0.02722   0.00000   0.00000   0.00000   0.00000   0.00000   0.00000   0.00000   0.00000   0.00000   0.00000   0.00000   0.00000   0.00000   0.00000   0.02707   0.00000   0.00000   0.02767   0.02747   0.00000   0.00000   0.00000   0.00000   0.00000   0.00000   0.00000   0.00000   0.00000   0.02717   4.05608   3.33907  -2.21354   0.00000   2.57428  
 41  0.9819    170.516943  x:  0.02731   0.00000   0.00000   0.00000   0.00000   0.00000   0.00000   0.00000   0.00000   0.00000   0.00000   0.00000   0.00000   0.00000   0.00000   0.02708   0.00000   0.00000   0.02767   0.02745   0.00000   0.00000   0.00000   0.00000   0.00000   0.00000   0.00000   0.00003   0.00000   0.02714   4.05610   3.33910  -2.21357   0.00000   2.57428  
 42  0.1627    170.516937  x:  0.02733   0.00000   0.00000   0.00000   0.00000   0.00000   0.00000   0.00000   0.00000   0.00000   0.00000   0.00000   0.00000   0.00000   0.00000   0.02708   0.00000   0.00000   0.02767   0.02745   0.00000   0.00000   0.00000   0.00000   0.00000   0.00000   0.00000   0.00000   0.00000   0.02714   4.05614   3.33915  -2.21362   0.00000   2.57428  
 43  0.0964    170.516810  x:  0.02740   0.00000   0.00000   0.00000   0.00000   0.00000   0.00000   0.00000   0.00000   0.00000   0.00000   0.00000   0.00000   0.00000   0.00000   0.02746   0.00000   0.00000   0.02780   0.02733   0.00000   0.00000   0.00000   0.00000   0.00000   0.00000   0.00000   0.00000   0.00000   0.02724   4.05800   3.34143  -2.21589   0.00000   2.57428  
 44  0.6427    170.475689  x:  0.02650   0.00000   0.00000   0.00000   0.00000   0.00000   0.00000   0.00000   0.00000   0.00000   0.00000   0.00000   0.00000   0.00000   0.00000   0.02634   0.00000   0.00000   0.02890   0.02703   0.00000   0.00000   0.00000   0.00000   0.00000   0.00000   0.00000   0.00000   0.00000   0.02436   4.78952   4.23925  -3.11374   0.00000   2.57429  
 45  4.4839    170.474115  x:  0.02647   0.00000   0.00000   0.00000   0.00000   0.00000   0.00000   0.00000   0.00000   0.00000   0.00000   0.00000   0.00000   0.00000   0.00000   0.02682   0.00000   0.00000   0.02741   0.02711   0.00000   0.00000   0.00000   0.00000   0.00000   0.00000   0.00000   0.00000   0.00000   0.02423   4.81159   4.26634  -3.14083   0.00000   2.57429  
 46 52.4778    170.469124  x:  0.02602   0.00000   0.00000   0.00000   0.00000   0.00000   0.00000   0.00000   0.00000   0.00000   0.00000   0.00000   0.00000   0.00000   0.00000   0.02684   0.00000   0.00000   0.02719   0.02701   0.00000   0.00000   0.00000   0.00000   0.00000   0.00000   0.00000   0.00000   0.00000   0.02672   4.89209   4.37282  -3.24732   0.00000   2.57429  
 47  0.1773    170.468570  x:  0.02599   0.00000   0.00000   0.00000   0.00000   0.00000   0.00000   0.00000   0.00000   0.00000   0.00000   0.00000   0.00000   0.00000   0.00000   0.02684   0.00000   0.00000   0.02717   0.02700   0.00000   0.00000   0.00000   0.00000   0.00000   0.00000   0.00000   0.00092   0.00000   0.02685   4.89640   4.37853  -3.25303   0.00000   2.57429  
 48 12.3795    170.467622  x:  0.02546   0.00000   0.00000   0.00000   0.00000   0.00000   0.00000   0.00000   0.00000   0.00000   0.00000   0.00000   0.00000   0.00000   0.00000   0.02645   0.00000   0.00000   0.02726   0.02714   0.00000   0.00000   0.00000   0.00000   0.00000   0.00000   0.00000   0.00139   0.00000   0.02657   5.05993   4.61306  -3.48757   0.00000   2.57429  
 49  0.1196    170.467373  x:  0.02556   0.00000   0.00000   0.00000   0.00000   0.00000   0.00000   0.00000   0.00000   0.00000   0.00000   0.00000   0.00000   0.00000   0.00000   0.02694   0.00000   0.00000   0.02716   0.02685   0.00000   0.00000   0.00000   0.00000   0.00000   0.00000   0.00000   0.00130   0.00000   0.02656   5.06549   4.66799  -3.54250   0.00000   2.57430  
 50  0.0267    170.465559  x:  0.02527   0.00000   0.00000   0.00000   0.00000   0.00000   0.00000   0.00000   0.00000   0.00000   0.00000   0.00000   0.00000   0.00000   0.00000   0.02687   0.00000   0.00000   0.02734   0.02703   0.00000   0.00000   0.00000   0.00000   0.00000   0.00000   0.00000   0.00162   0.00000   0.02661   4.97141   4.88997  -3.76450   0.00000   2.57430  
 51  0.0410    170.463765  x:  0.02456   0.00000   0.00000   0.00000   0.00000   0.00000   0.00000   0.00000   0.00000   0.00000   0.00000   0.00000   0.00000   0.00000   0.00000   0.02667   0.00000   0.00000   0.02729   0.02712   0.00000   0.00000   0.00000   0.00000   0.00000   0.00000   0.00000   0.00238   0.00000   0.02668   4.70550   5.42061  -4.29520   0.00000   2.57433  
 52  0.6195    170.463332  x:  0.02389   0.00000   0.00000   0.00000   0.00000   0.00000   0.00000   0.00000   0.00000   0.00000   0.00000   0.00000   0.00000   0.00000   0.00000   0.02681   0.00000   0.00000   0.02729   0.02707   0.00000   0.00000   0.00000   0.00000   0.00000   0.00000   0.00000   0.00304   0.00000   0.02661   4.83128   5.88193  -4.75654   0.00000   2.57434  
 53  0.2182    170.463135  x:  0.02322   0.00000   0.00000   0.00000   0.00000   0.00000   0.00000   0.00000   0.00000   0.00000   0.00000   0.00000   0.00000   0.00000   0.00000   0.02667   0.00000   0.00000   0.02731   0.02711   0.00000   0.00000   0.00000   0.00000   0.00000   0.00000   0.00000   0.00370   0.00000   0.02668   4.74876   6.33582  -5.21047   0.00000   2.57435  
 54  0.2668    170.463059  x:  0.02251   0.00000   0.00000   0.00000   0.00000   0.00000   0.00000   0.00000   0.00000   0.00000   0.00000   0.00000   0.00000   0.00000   0.00000   0.02678   0.00000   0.00000   0.02729   0.02709   0.00000   0.00000   0.00000   0.00000   0.00000   0.00000   0.00000   0.00443   0.00000   0.02664   4.79601   6.84548  -5.72018   0.00000   2.57437  
 55  0.2573    170.463031  x:  0.02189   0.00000   0.00000   0.00000   0.00000   0.00000   0.00000   0.00000   0.00000   0.00000   0.00000   0.00000   0.00000   0.00000   0.00000   0.02670   0.00000   0.00000   0.02731   0.02710   0.00000   0.00000   0.00000   0.00000   0.00000   0.00000   0.00000   0.00504   0.00000   0.02666   4.76677   7.26726  -6.14199   0.00000   2.57438  
 56  0.2555    170.463019  x:  0.02111   0.00000   0.00000   0.00000   0.00000   0.00000   0.00000   0.00000   0.00000   0.00000   0.00000   0.00000   0.00000   0.00000   0.00000   0.02675   0.00000   0.00000   0.02729   0.02710   0.00000   0.00000   0.00000   0.00000   0.00000   0.00000   0.00000   0.00582   0.00000   0.02665   4.78375   7.81338  -6.68815   0.00000   2.57440  
 57  0.2569    170.463015  x:  0.02052   0.00000   0.00000   0.00000   0.00000   0.00000   0.00000   0.00000   0.00000   0.00000   0.00000   0.00000   0.00000   0.00000   0.00000   0.02671   0.00000   0.00000   0.02730   0.02709   0.00000   0.00000   0.00000   0.00000   0.00000   0.00000   0.00000   0.00641   0.00000   0.02666   4.77287   8.21944  -7.09425   0.00000   2.57441  
 58  0.2513    170.463014  x:  0.01983   0.00000   0.00000   0.00000   0.00000   0.00000   0.00000   0.00000   0.00000   0.00000   0.00000   0.00000   0.00000   0.00000   0.00000   0.02674   0.00000   0.00000   0.02730   0.02710   0.00000   0.00000   0.00000   0.00000   0.00000   0.00000   0.00000   0.00711   0.00000   0.02665   4.77916   8.70388  -7.57872   0.00000   2.57443  
 59  0.2370    170.463013  x:  0.01923   0.00000   0.00000   0.00000   0.00000   0.00000   0.00000   0.00000   0.00000   0.00000   0.00000   0.00000   0.00000   0.00000   0.00000   0.02672   0.00000   0.00000   0.02730   0.02709   0.00000   0.00000   0.00000   0.00000   0.00000   0.00000   0.00000   0.00770   0.00000   0.02666   4.77522   9.11332  -7.98820   0.00000   2.57444  
 60  0.2473    170.463013  x:  0.01855   0.00000   0.00000   0.00000   0.00000   0.00000   0.00000   0.00000   0.00000   0.00000   0.00000   0.00000   0.00000   0.00000   0.00000   0.02673   0.00000   0.00000   0.02730   0.02710   0.00000   0.00000   0.00000   0.00000   0.00000   0.00000   0.00000   0.00838   0.00000   0.02666   4.77749   9.58905  -8.46396   0.00000   2.57445  
 61  0.2425    170.463013  x:  0.01796   0.00000   0.00000   0.00000   0.00000   0.00000   0.00000   0.00000   0.00000   0.00000   0.00000   0.00000   0.00000   0.00000   0.00000   0.02672   0.00000   0.00000   0.02730   0.02710   0.00000   0.00000   0.00000   0.00000   0.00000   0.00000   0.00000   0.00897   0.00000   0.02666   4.77608   9.99870  -8.87364   0.00000   2.57447  
 62  0.2438    170.463012  x:  0.01732   0.00000   0.00000   0.00000   0.00000   0.00000   0.00000   0.00000   0.00000   0.00000   0.00000   0.00000   0.00000   0.00000   0.00000   0.02673   0.00000   0.00000   0.02730   0.02710   0.00000   0.00000   0.00000   0.00000   0.00000   0.00000   0.00000   0.00961   0.00000   0.02666   4.77689  10.44588  -9.32086   0.00000   2.57448  
 63  0.2362    170.463012  x:  0.01671   0.00000   0.00000   0.00000   0.00000   0.00000   0.00000   0.00000   0.00000   0.00000   0.00000   0.00000   0.00000   0.00000   0.00000   0.02673   0.00000   0.00000   0.02730   0.02710   0.00000   0.00000   0.00000   0.00000   0.00000   0.00000   0.00000   0.01022   0.00000   0.02666   4.77639  10.86604  -9.74105   0.00000   2.57449  
 64  0.2383    170.463012  x:  0.01620   0.00000   0.00000   0.00000   0.00000   0.00000   0.00000   0.00000   0.00000   0.00000   0.00000   0.00000   0.00000   0.00000   0.00000   0.02673   0.00000   0.00000   0.02730   0.02710   0.00000   0.00000   0.00000   0.00000   0.00000   0.00000   0.00000   0.01073   0.00000   0.02666   4.77668  11.22010  -10.09514   0.00000   2.57450  
 65  0.2127    170.463012  x:  0.01554   0.00000   0.00000   0.00000   0.00000   0.00000   0.00000   0.00000   0.00000   0.00000   0.00000   0.00000   0.00000   0.00000   0.00000   0.02673   0.00000   0.00000   0.02730   0.02710   0.00000   0.00000   0.00000   0.00000   0.00000   0.00000   0.00000   0.01139   0.00000   0.02666   4.77649  11.67708  -10.55216   0.00000   2.57452  
 66  0.2184    170.463012  x:  0.01528   0.00000   0.00000   0.00000   0.00000   0.00000   0.00000   0.00000   0.00000   0.00000   0.00000   0.00000   0.00000   0.00000   0.00000   0.02673   0.00000   0.00000   0.02730   0.02710   0.00000   0.00000   0.00000   0.00000   0.00000   0.00000   0.00000   0.01165   0.00000   0.02666   4.77660  11.86346  -10.73856   0.00000   2.57452  
 67  0.1515    170.463012  x:  0.01430   0.00000   0.00000   0.00000   0.00000   0.00000   0.00000   0.00000   0.00000   0.00000   0.00000   0.00000   0.00000   0.00000   0.00000   0.02673   0.00000   0.00000   0.02730   0.02710   0.00000   0.00000   0.00000   0.00000   0.00000   0.00000   0.00000   0.01263   0.00000   0.02666   4.77653  12.54097  -11.41611   0.00000   2.57454  
 68  0.1801    170.463012  x:  0.01431   0.00000   0.00000   0.00000   0.00000   0.00000   0.00000   0.00000   0.00000   0.00000   0.00000   0.00000   0.00000   0.00000   0.00000   0.02673   0.00000   0.00000   0.02730   0.02710   0.00000   0.00000   0.00000   0.00000   0.00000   0.00000   0.00000   0.01262   0.00000   0.02666   4.77657  12.53199  -11.40714   0.00000   2.57454  
 69  0.0128    170.463012  x:  0.01431   0.00000   0.00000   0.00000   0.00000   0.00000   0.00000   0.00000   0.00000   0.00000   0.00000   0.00000   0.00000   0.00000   0.00000   0.02673   0.00000   0.00000   0.02730   0.02710   0.00000   0.00000   0.00000   0.00000   0.00000   0.00000   0.00000   0.01262   0.00000   0.02666   4.77657  12.53196  -11.40710   0.00000   2.57454  
 70  0.0135    170.463012  x:  0.01431   0.00000   0.00000   0.00000   0.00000   0.00000   0.00000   0.00000   0.00000   0.00000   0.00000   0.00000   0.00000   0.00000   0.00000   0.02673   0.00000   0.00000   0.02730   0.02710   0.00000   0.00000   0.00000   0.00000   0.00000   0.00000   0.00000   0.01262   0.00000   0.02666   4.77657  12.53203  -11.40718   0.00000   2.57454  
 71  0.0278    170.463012  x:  0.01431   0.00000   0.00000   0.00000   0.00000   0.00000   0.00000   0.00000   0.00000   0.00000   0.00000   0.00000   0.00000   0.00000   0.00000   0.02673   0.00000   0.00000   0.02730   0.02710   0.00000   0.00000   0.00000   0.00000   0.00000   0.00000   0.00000   0.01262   0.00000   0.02666   4.77657  12.53203  -11.40718   0.00000   2.57454  
 72  0.0005    170.463012  x:  0.01431   0.00000   0.00000   0.00000   0.00000   0.00000   0.00000   0.00000   0.00000   0.00000   0.00000   0.00000   0.00000   0.00000   0.00000   0.02673   0.00000   0.00000   0.02730   0.02710   0.00000   0.00000   0.00000   0.00000   0.00000   0.00000   0.00000   0.01262   0.00000   0.02666   4.77657  12.53203  -11.40718   0.00000   2.57454  