

TREE # 1

  0  0.0000    899.962251  x:  0.00000   0.01796   0.05923   0.01972   0.06945   0.06839   0.03360   0.03978   0.06776   0.02017   0.05303   0.02576   0.02414   0.01652   0.01953   0.06356   0.05898   0.02633   0.05582   0.03918   0.07217   0.04561   0.01669   0.02942   0.01139   0.07645   0.05683   0.04088   0.08418   0.04575   2.00000   1.09989   0.02896   0.27919   2.57308  
  1 99.0000    899.959817  x:  0.00000   0.01796   0.05923   0.01972   0.06945   0.06839   0.03360   0.03977   0.06776   0.02016   0.05303   0.02576   0.02414   0.01652   0.01953   0.06356   0.05898   0.02633   0.05582   0.03918   0.07217   0.04561   0.01669   0.02942   0.01139   0.07645   0.05683   0.04088   0.08418   0.04575   2.00000   1.09989   0.02896   0.27919   2.57308  
  2 511.1324    867.079261  x:  0.00000   0.01104   0.04292   0.00325   0.05316   0.05210   0.01548   0.02333   0.05141   0.00367   0.04039   0.00927   0.00764   0.00000   0.00302   0.05022   0.04582   0.00984   0.04896   0.03255   0.05779   0.04400   0.01628   0.02949   0.01093   0.06772   0.05676   0.02918   0.07465   0.04431   2.00045   1.10093   0.02793   0.26712   2.57308  
  3 3647.7278    861.400016  x:  0.00000   0.00974   0.03995   0.00024   0.05019   0.04912   0.01217   0.02033   0.04843   0.00066   0.03808   0.00626   0.00464   0.00000   0.00000   0.04777   0.04341   0.00683   0.04770   0.03132   0.05516   0.04370   0.01620   0.02952   0.01084   0.06612   0.05675   0.02703   0.07291   0.04403   2.00054   1.10111   0.02775   0.26486   2.57307  
  4 12143098.3307    860.982264  x:  0.00000   0.00973   0.03971   0.00000   0.04995   0.04889   0.01192   0.02009   0.04819   0.00042   0.03791   0.00602   0.00440   0.00000   0.00000   0.04759   0.04323   0.00659   0.04760   0.03124   0.05497   0.04367   0.01620   0.02951   0.01083   0.06599   0.05675   0.02691   0.07276   0.04401   2.00054   1.10112   0.02775   0.26461   2.57307  
  5 19702.6827    860.324918  x:  0.00000   0.00966   0.03930   0.00000   0.04954   0.04847   0.01146   0.01967   0.04777   0.00000   0.03769   0.00560   0.00398   0.00000   0.00000   0.04731   0.04297   0.00617   0.04748   0.03116   0.05463   0.04367   0.01608   0.02951   0.01086   0.06580   0.05674   0.02672   0.07257   0.04398   2.00055   1.10113   0.02774   0.26418   2.57307  
  6 19521.3373    854.742655  x:  0.00000   0.00871   0.03538   0.00000   0.04562   0.04455   0.00706   0.01572   0.04384   0.00000   0.03609   0.00163   0.00000   0.00000   0.00000   0.04510   0.04102   0.00221   0.04677   0.03055   0.05133   0.04414   0.01668   0.02958   0.01069   0.06441   0.05669   0.02480   0.07135   0.04363   2.00066   1.10119   0.02768   0.26016   2.57308  
  7 13999.3090    852.679371  x:  0.00000   0.00858   0.03380   0.00000   0.04401   0.04294   0.00502   0.01410   0.04223   0.00000   0.03550   0.00000   0.00000   0.00000   0.00000   0.04447   0.04045   0.00058   0.04635   0.02968   0.04999   0.04354   0.01654   0.02953   0.01048   0.06405   0.05685   0.02399   0.07114   0.04346   2.00070   1.10129   0.02757   0.25881   2.57308  
  8 3857.1465    851.992861  x:  0.00000   0.00859   0.03325   0.00000   0.04343   0.04237   0.00424   0.01352   0.04166   0.00000   0.03520   0.00000   0.00000   0.00000   0.00000   0.04422   0.04020   0.00000   0.04612   0.02951   0.04950   0.04348   0.01654   0.02958   0.01065   0.06389   0.05687   0.02371   0.07101   0.04344   2.00071   1.10134   0.02752   0.25832   2.57309  
  9 5537.6355    848.715178  x:  0.00000   0.00869   0.03036   0.00000   0.04043   0.03936   0.00000   0.01052   0.03870   0.00000   0.03357   0.00000   0.00000   0.00000   0.00000   0.04283   0.03878   0.00000   0.04500   0.02907   0.04693   0.04356   0.01627   0.02958   0.01036   0.06291   0.05676   0.02238   0.07018   0.04317   2.00078   1.10159   0.02723   0.25580   2.57310  
 10 12621.3448    839.663959  x:  0.00000   0.00947   0.02027   0.00000   0.02983   0.02876   0.00000   0.00000   0.02833   0.00000   0.03172   0.00000   0.00000   0.00000   0.00000   0.03746   0.03424   0.00000   0.04837   0.02588   0.03699   0.04349   0.01595   0.02658   0.01135   0.05925   0.05763   0.01790   0.06744   0.04314   2.00101   1.10243   0.02619   0.24754   2.57319  
 11 1594.4934    824.859907  x:  0.00000   0.01212   0.00000   0.00000   0.00854   0.00746   0.00000   0.00000   0.00753   0.00000   0.02994   0.00000   0.00000   0.00000   0.00000   0.02823   0.02720   0.00000   0.05282   0.02143   0.01679   0.04224   0.01428   0.03213   0.01120   0.05332   0.05891   0.00975   0.06397   0.04105   2.00142   1.10419   0.02407   0.23384   2.57335  
 12 3944.8848    820.649001  x:  0.00000   0.01305   0.00000   0.00000   0.00108   0.00000   0.00000   0.00000   0.00026   0.00000   0.02905   0.00000   0.00000   0.00000   0.00000   0.02627   0.02583   0.00000   0.05173   0.02071   0.00953   0.04195   0.01383   0.03200   0.01125   0.05206   0.05916   0.00673   0.06395   0.04063   2.00155   1.10477   0.02338   0.22938   2.57340  
 13 3352.4327    820.529017  x:  0.00000   0.01309   0.00000   0.00000   0.00081   0.00000   0.00000   0.00000   0.00000   0.00000   0.02901   0.00000   0.00000   0.00000   0.00000   0.02621   0.02578   0.00000   0.05170   0.02068   0.00926   0.04195   0.01381   0.03200   0.01126   0.05201   0.05917   0.00662   0.06395   0.04061   2.00156   1.10480   0.02336   0.22922   2.57340  
 14 69954.3348    820.247559  x:  0.00000   0.01329   0.00000   0.00000   0.00000   0.00000   0.00000   0.00000   0.00000   0.00000   0.02888   0.00000   0.00000   0.00000   0.00000   0.02606   0.02563   0.00000   0.05168   0.02073   0.00837   0.04188   0.01373   0.03200   0.01126   0.05189   0.05927   0.00609   0.06399   0.04056   2.00157   1.10487   0.02327   0.22869   2.57341  
 15 2265.2015    818.646176  x:  0.00000   0.01516   0.00000   0.00000   0.00000   0.00000   0.00000   0.00000   0.00000   0.00000   0.02939   0.00000   0.00000   0.00000   0.00000   0.02358   0.02473   0.00000   0.05056   0.02012   0.00000   0.04218   0.01299   0.03191   0.01129   0.05131   0.05931   0.00220   0.06436   0.04014   2.00172   1.10572   0.02232   0.22454   2.57345  
 16 974.4310    818.276480  x:  0.00000   0.01612   0.00000   0.00000   0.00000   0.00000   0.00000   0.00000   0.00000   0.00000   0.02924   0.00000   0.00000   0.00000   0.00000   0.02308   0.02418   0.00000   0.05012   0.01975   0.00000   0.04251   0.01258   0.03190   0.01129   0.05084   0.05964   0.00000   0.06462   0.03993   2.00181   1.10624   0.02174   0.22252   2.57347  
 17 518.4085    815.284013  x:  0.00000   0.03718   0.00000   0.00000   0.00000   0.00000   0.00000   0.00000   0.00000   0.00000   0.02540   0.00000   0.00000   0.00000   0.00000   0.01196   0.01011   0.00000   0.04046   0.01214   0.00000   0.04922   0.00388   0.03164   0.01133   0.03882   0.06770   0.00000   0.07308   0.03540   2.00366   1.11757   0.00887   0.17816   2.57410  
 18 13894.6586    813.245217  x:  0.00000   0.04046   0.00000   0.00000   0.00000   0.00000   0.00000   0.00000   0.00000   0.00000   0.00618   0.00000   0.00000   0.00000   0.00000   0.01056   0.01997   0.00000   0.04298   0.01064   0.00000   0.04546   0.00293   0.03193   0.01158   0.03389   0.06569   0.00000   0.06419   0.03350   2.00553   1.13413  -0.00882   0.15151   2.57452  
 19 65.6605    810.708709  x:  0.00000   0.04260   0.00000   0.00000   0.00000   0.00000   0.00000   0.00000   0.00000   0.00000   0.00264   0.00000   0.00000   0.00000   0.00000   0.03137   0.00813   0.00000   0.03907   0.00989   0.00000   0.03959   0.00239   0.03163   0.01162   0.02753   0.06616   0.00000   0.03455   0.03099   2.00931   1.17029  -0.04678   0.10479   2.57512  
 20 129.7417    809.924351  x:  0.00000   0.04403   0.00000   0.00000   0.00000   0.00000   0.00000   0.00000   0.00000   0.00000   0.00507   0.00000   0.00000   0.00000   0.00000   0.03457   0.01184   0.00000   0.03594   0.01036   0.00000   0.03903   0.00197   0.03156   0.01170   0.01714   0.07251   0.00000   0.02741   0.03001   2.01098   1.18607  -0.06319   0.08552   2.57530  
 21 153.7619    804.462434  x:  0.00000   0.04925   0.00000   0.00000   0.00000   0.00000   0.00000   0.00000   0.00000   0.00000   0.00382   0.00000   0.00000   0.00000   0.00000   0.03065   0.01407   0.00000   0.03092   0.01654   0.00000   0.03840   0.00149   0.03173   0.01012   0.02210   0.10174   0.00000   0.01647   0.02685   2.01873   1.26037  -0.14018   0.00000   2.57601  
 22 200.1072    802.307953  x:  0.00000   0.03999   0.00000   0.00000   0.00000   0.00000   0.00000   0.00000   0.00000   0.00000   0.00167   0.00000   0.00000   0.00000   0.00000   0.01429   0.00842   0.00000   0.03476   0.02219   0.00000   0.04500   0.00324   0.02985   0.00773   0.01336   0.09934   0.00000   0.01406   0.03251   2.02050   1.25446  -0.13269   0.00000   2.57559  
 23 10.6510    798.157118  x:  0.00000   0.02993   0.00000   0.00000   0.00000   0.00000   0.00000   0.00000   0.00000   0.00000   0.00310   0.00000   0.00000   0.00000   0.00000   0.00650   0.00762   0.00000   0.01580   0.01536   0.00000   0.04077   0.00384   0.02614   0.00754   0.02369   0.09231   0.00000   0.00755   0.04611   2.07607   1.32313  -0.19971   0.00000   2.57595  
 24  5.6626    796.522415  x:  0.00000   0.03116   0.00000   0.00000   0.00000   0.00000   0.00000   0.00000   0.00000   0.00000   0.00254   0.00000   0.00000   0.00000   0.00000   0.00391   0.00585   0.00000   0.00845   0.01868   0.00000   0.03230   0.00267   0.02500   0.00862   0.02014   0.08773   0.00000   0.01035   0.04692   2.10953   1.44822  -0.32753   0.00000   2.57696  
 25 172.8103    795.740398  x:  0.00000   0.03436   0.00000   0.00000   0.00000   0.00000   0.00000   0.00000   0.00000   0.00000   0.00270   0.00000   0.00000   0.00000   0.00000   0.00224   0.00426   0.00000   0.01255   0.01976   0.00000   0.02565   0.00222   0.02534   0.00854   0.01848   0.08150   0.00000   0.00913   0.04664   2.13567   1.53416  -0.41229   0.00000   2.57646  
 26 35.6668    794.904292  x:  0.00000   0.03920   0.00000   0.00000   0.00000   0.00000   0.00000   0.00000   0.00000   0.00000   0.00235   0.00000   0.00000   0.00000   0.00000   0.00505   0.00518   0.00000   0.01269   0.01788   0.00000   0.02326   0.00228   0.02619   0.00760   0.01628   0.08741   0.00000   0.00719   0.04527   2.17846   1.68074  -0.55869   0.00000   2.57625  
 27 52.5153    793.452682  x:  0.00000   0.02466   0.00000   0.00000   0.00000   0.00000   0.00000   0.00000   0.00000   0.00000   0.00206   0.00000   0.00000   0.00000   0.00000   0.00485   0.00461   0.00000   0.01503   0.01286   0.00000   0.02748   0.00150   0.02715   0.00177   0.01932   0.12366   0.00000   0.00991   0.04847   2.25762   1.75873  -0.63076   0.00000   2.57447  
 28 10.1616    788.092634  x:  0.00000   0.02123   0.00000   0.00000   0.00000   0.00000   0.00000   0.00000   0.00000   0.00000   0.00498   0.00000   0.00000   0.00000   0.00000   0.00799   0.00816   0.00000   0.02311   0.02370   0.00000   0.01515   0.00723   0.03566   0.00470   0.03524   0.12860   0.00000   0.02096   0.05619   2.98944   1.88898  -0.74447   0.00000   2.57133  
 29  3.7716    788.030590  x:  0.00000   0.02117   0.00000   0.00000   0.00000   0.00000   0.00000   0.00000   0.00000   0.00000   0.00503   0.00000   0.00000   0.00000   0.00000   0.00804   0.00823   0.00000   0.02325   0.02390   0.00000   0.01493   0.00734   0.03582   0.00475   0.03553   0.12866   0.00000   0.02116   0.05633   3.00311   1.89147  -0.74665   0.00344   2.57127  
 30 161.1538    786.246905  x:  0.00000   0.02183   0.00000   0.00000   0.00000   0.00000   0.00000   0.00000   0.00000   0.00000   0.00622   0.00000   0.00000   0.00000   0.00000   0.00730   0.00754   0.00000   0.02245   0.02267   0.00000   0.02226   0.00969   0.03725   0.00000   0.03609   0.11452   0.00000   0.02137   0.05049   3.19084   1.97570  -0.83307   0.00621   2.57298  
 31  3.4808    785.720483  x:  0.00000   0.01474   0.00000   0.00000   0.00000   0.00000   0.00000   0.00000   0.00000   0.00000   0.00613   0.00000   0.00000   0.00000   0.00000   0.00695   0.00693   0.00000   0.02280   0.01781   0.00000   0.02641   0.01009   0.03836   0.00705   0.03466   0.11769   0.00000   0.02169   0.05040   3.26682   2.02692  -0.87979   0.00806   2.57178  
 32  0.9641    784.523693  x:  0.00000   0.01022   0.00000   0.00000   0.00000   0.00000   0.00000   0.00000   0.00000   0.00000   0.00683   0.00000   0.00000   0.00000   0.00000   0.00751   0.00664   0.00000   0.02277   0.00972   0.00000   0.02449   0.01142   0.03088   0.00515   0.03291   0.08067   0.00000   0.02309   0.05059   3.38580   2.07462  -0.92323   0.00686   2.57096  
 33  1.1537    784.512587  x:  0.00000   0.01008   0.00000   0.00000   0.00000   0.00000   0.00000   0.00000   0.00000   0.00000   0.00685   0.00000   0.00000   0.00000   0.00000   0.00753   0.00663   0.00000   0.02277   0.00946   0.00000   0.02443   0.01147   0.03064   0.00509   0.03286   0.07947   0.00132   0.02313   0.05060   3.38965   2.07617  -0.92465   0.00682   2.57094  
 34 61.7504    784.328699  x:  0.00000   0.01197   0.00000   0.00000   0.00000   0.00000   0.00000   0.00000   0.00000   0.00000   0.00689   0.00000   0.00000   0.00000   0.00000   0.00739   0.00691   0.00000   0.02282   0.00889   0.00000   0.02484   0.01177   0.03106   0.00536   0.03282   0.07974   0.00000   0.02342   0.05100   3.39635   2.08552  -0.93361   0.00728   2.57081  
 35  0.3163    784.328699  x:  0.00000   0.01197   0.00000   0.00000   0.00000   0.00000   0.00000   0.00000   0.00000   0.00000   0.00689   0.00000   0.00000   0.00000   0.00000   0.00739   0.00691   0.00000   0.02282   0.00889   0.00000   0.02484   0.01177   0.03106   0.00536   0.03282   0.07974   0.00000   0.02342   0.05100   3.39635   2.08552  -0.93361   0.00728   2.57081  
 36  3.2916    781.060984  x:  0.00017   0.02058   0.00000   0.00000   0.00000   0.00000   0.00000   0.00000   0.00000   0.00000   0.01256   0.00000   0.00000   0.00000   0.00000   0.01098   0.01221   0.00000   0.02629   0.02916   0.00000   0.04062   0.00744   0.03434   0.00362   0.03160   0.07476   0.00017   0.03465   0.07442   3.39635   2.08591  -0.93400   0.00536   2.57081  
 37 214.2823    781.009680  x:  0.00000   0.02059   0.00000   0.00000   0.00000   0.00000   0.00000   0.00000   0.00000   0.00000   0.01253   0.00000   0.00000   0.00000   0.00000   0.01096   0.01218   0.00000   0.02632   0.02919   0.00000   0.04074   0.00747   0.03438   0.00365   0.03159   0.07469   0.00000   0.03473   0.07467   3.39635   2.08592  -0.93401   0.00543   2.57081  
 38 197.5390    780.668403  x:  0.00000   0.02145   0.00000   0.00000   0.00000   0.00000   0.00000   0.00000   0.00000   0.00000   0.01098   0.00000   0.00000   0.00000   0.00000   0.01006   0.01069   0.00000   0.02693   0.02798   0.00000   0.04406   0.00398   0.03536   0.00398   0.03144   0.07221   0.00000   0.03642   0.08231   3.39637   2.08616  -0.93425   0.00546   2.57081  
 39 207.6723    780.498825  x:  0.00000   0.02256   0.00000   0.00000   0.00000   0.00000   0.00000   0.00000   0.00000   0.00000   0.01035   0.00000   0.00000   0.00000   0.00000   0.01011   0.01024   0.00000   0.02686   0.02496   0.00000   0.04551   0.00489   0.03568   0.00321   0.03125   0.07018   0.00000   0.03626   0.08645   3.39639   2.08643  -0.93452   0.00246   2.57081  
 40 79.6357    780.318388  x:  0.00000   0.02425   0.00000   0.00000   0.00000   0.00000   0.00000   0.00000   0.00000   0.00000   0.01137   0.00000   0.00000   0.00000   0.00000   0.01132   0.01149   0.00000   0.02566   0.01863   0.00000   0.04534   0.00498   0.03506   0.00230   0.03088   0.06704   0.00000   0.03357   0.08891   3.39645   2.08692  -0.93501   0.00375   2.57081  
 41 49.2837    780.274485  x:  0.00000   0.02432   0.00000   0.00000   0.00000   0.00000   0.00000   0.00000   0.00000   0.00000   0.01140   0.00000   0.00000   0.00000   0.00000   0.01117   0.01147   0.00000   0.02531   0.01708   0.00000   0.04467   0.00494   0.03473   0.00416   0.03103   0.06604   0.00000   0.03247   0.08890   3.39648   2.08717  -0.93526   0.00345   2.57081  
 42 40.2162    780.221833  x:  0.00000   0.02290   0.00000   0.00000   0.00000   0.00000   0.00000   0.00000   0.00000   0.00000   0.01006   0.00000   0.00000   0.00000   0.00000   0.00952   0.00989   0.00000   0.02508   0.01638   0.00000   0.04244   0.00496   0.03415   0.00380   0.03072   0.06396   0.00000   0.03081   0.08771   3.39655   2.08779  -0.93588   0.00323   2.57081  
 43 22.7650    780.211105  x:  0.00000   0.02152   0.00000   0.00000   0.00000   0.00000   0.00000   0.00000   0.00000   0.00000   0.00984   0.00000   0.00000   0.00000   0.00000   0.01037   0.00998   0.00000   0.02528   0.01623   0.00000   0.04158   0.00485   0.03425   0.00385   0.03049   0.06260   0.00000   0.03118   0.08759   3.39660   2.08835  -0.93644   0.00304   2.57081  
 44 10.7779    780.206812  x:  0.00000   0.02127   0.00000   0.00000   0.00000   0.00000   0.00000   0.00000   0.00000   0.00000   0.01037   0.00000   0.00000   0.00000   0.00000   0.00990   0.01025   0.00000   0.02530   0.01621   0.00000   0.04133   0.00483   0.03436   0.00391   0.03027   0.06150   0.00000   0.03155   0.08756   3.39667   2.08903  -0.93712   0.00296   2.57081  
 45  7.0186    780.199600  x:  0.00000   0.02221   0.00000   0.00000   0.00000   0.00000   0.00000   0.00000   0.00000   0.00000   0.01010   0.00000   0.00000   0.00000   0.00000   0.01007   0.01010   0.00000   0.02509   0.01661   0.00000   0.04137   0.00488   0.03443   0.00414   0.02986   0.05938   0.00000   0.03180   0.08718   3.39685   2.09111  -0.93920   0.00308   2.57081  
 46  7.3301    780.161286  x:  0.00000   0.02099   0.00000   0.00000   0.00000   0.00000   0.00000   0.00000   0.00000   0.00000   0.01020   0.00000   0.00000   0.00000   0.00000   0.01006   0.01026   0.00000   0.02669   0.01690   0.00000   0.04491   0.00492   0.03380   0.00424   0.02988   0.05740   0.00000   0.02989   0.08612   3.39836   2.10834  -0.95644   0.00339   2.57081  
 47  7.3936    779.770864  x:  0.00000   0.01835   0.00000   0.00000   0.00000   0.00000   0.00000   0.00000   0.00000   0.00000   0.00989   0.00000   0.00000   0.00000   0.00000   0.00971   0.00803   0.00000   0.02150   0.01409   0.00000   0.05096   0.00528   0.03393   0.00402   0.03055   0.05847   0.00000   0.03600   0.08189   3.41372   2.28425  -1.13234   0.00671   2.57081  
 48 72.2941    779.285454  x:  0.00000   0.01953   0.00000   0.00000   0.00000   0.00000   0.00000   0.00000   0.00000   0.00000   0.00594   0.00000   0.00000   0.00000   0.00000   0.00806   0.01279   0.00000   0.02446   0.01443   0.00000   0.04769   0.00559   0.03516   0.00392   0.03080   0.06042   0.00000   0.03627   0.08526   3.43314   2.50621  -1.35430   0.01100   2.57081  
 49 669.2603    778.859732  x:  0.00000   0.02094   0.00000   0.00000   0.00000   0.00000   0.00000   0.00000   0.00000   0.00000   0.00970   0.00000   0.00000   0.00000   0.00000   0.00956   0.00905   0.00000   0.02779   0.01645   0.00000   0.04233   0.00578   0.03590   0.00388   0.03078   0.06193   0.00000   0.03340   0.09155   3.45114   2.71154  -1.55963   0.01488   2.57081  
 50 1619.7511    778.828555  x:  0.00000   0.02011   0.00000   0.00000   0.00000   0.00000   0.00000   0.00000   0.00000   0.00000   0.00971   0.00000   0.00000   0.00000   0.00000   0.00959   0.00962   0.00000   0.02526   0.01764   0.00000   0.04209   0.00573   0.03461   0.00394   0.03029   0.06178   0.00000   0.03201   0.09337   3.45244   2.72573  -1.57382   0.01493   2.57081  
 51 78.3435    778.827885  x:  0.00000   0.02014   0.00000   0.00000   0.00000   0.00000   0.00000   0.00000   0.00000   0.00000   0.00971   0.00000   0.00000   0.00000   0.00000   0.00959   0.00960   0.00000   0.02539   0.01761   0.00000   0.04206   0.00573   0.03405   0.00396   0.03010   0.06181   0.00000   0.03217   0.09342   3.45254   2.72597  -1.57406   0.01492   2.57081  
 52  2.0276    778.676841  x:  0.00000   0.01795   0.00000   0.00000   0.00000   0.00000   0.00000   0.00000   0.00000   0.00000   0.00937   0.00000   0.00000   0.00000   0.00000   0.00912   0.00888   0.00000   0.02603   0.01752   0.00000   0.04346   0.00642   0.03683   0.00530   0.02376   0.06180   0.00000   0.03316   0.09859   3.53820   2.71337  -1.56146   0.01466   2.57080  
 53  0.2521    778.401437  x:  0.00000   0.01447   0.00000   0.00000   0.00000   0.00000   0.00000   0.00000   0.00000   0.00000   0.00879   0.00000   0.00000   0.00000   0.00000   0.00826   0.00781   0.00000   0.02707   0.01831   0.00000   0.04470   0.00778   0.03625   0.00547   0.03067   0.05808   0.00000   0.03701   0.10986   3.70682   2.68849  -1.53659   0.01434   2.57080  
 54 223.4628    778.342670  x:  0.00000   0.01742   0.00000   0.00000   0.00000   0.00000   0.00000   0.00000   0.00000   0.00000   0.00880   0.00000   0.00000   0.00000   0.00000   0.00865   0.00887   0.00000   0.02685   0.01736   0.00000   0.04509   0.00847   0.03647   0.00567   0.03097   0.05777   0.00000   0.03754   0.11514   3.75785   2.67094  -1.51902   0.01408   2.57079  
 55  0.0762    778.332703  x:  0.00000   0.01692   0.00000   0.00000   0.00000   0.00000   0.00000   0.00000   0.00000   0.00000   0.00872   0.00000   0.00000   0.00000   0.00000   0.00877   0.00864   0.00000   0.02697   0.01761   0.00000   0.04425   0.00910   0.03653   0.00572   0.03050   0.05910   0.00000   0.03695   0.11751   3.75296   2.65504  -1.50309   0.01371   2.57078  
 56  0.0173    778.331576  x:  0.00000   0.01677   0.00000   0.00000   0.00000   0.00000   0.00000   0.00000   0.00000   0.00000   0.00888   0.00000   0.00000   0.00000   0.00000   0.00863   0.00877   0.00000   0.02697   0.01769   0.00000   0.04457   0.00935   0.03650   0.00568   0.03042   0.05882   0.00000   0.03698   0.11741   3.75182   2.65632  -1.50434   0.01378   2.57076  
 57  0.0016    778.331293  x:  0.00000   0.01685   0.00000   0.00000   0.00000   0.00000   0.00000   0.00000   0.00000   0.00000   0.00885   0.00000   0.00000   0.00000   0.00000   0.00869   0.00865   0.00000   0.02697   0.01769   0.00000   0.04457   0.00947   0.03649   0.00563   0.03043   0.05868   0.00000   0.03696   0.11717   3.75037   2.65767  -1.50566   0.01382   2.57075  
 58  0.0022    778.331245  x:  0.00000   0.01684   0.00000   0.00000   0.00000   0.00000   0.00000   0.00000   0.00000   0.00000   0.00883   0.00000   0.00000   0.00000   0.00000   0.00870   0.00869   0.00000   0.02697   0.01766   0.00000   0.04451   0.00950   0.03650   0.00562   0.03046   0.05876   0.00000   0.03698   0.11702   3.75004   2.65754  -1.50550   0.01381   2.57074  
 59  0.0004    778.331242  x:  0.00000   0.01684   0.00000   0.00000   0.00000   0.00000   0.00000   0.00000   0.00000   0.00000   0.00883   0.00000   0.00000   0.00000   0.00000   0.00869   0.00869   0.00000   0.02696   0.01766   0.00000   0.04450   0.00951   0.03650   0.00562   0.03046   0.05877   0.00000   0.03698   0.11701   3.75005   2.65763  -1.50556   0.01380   2.57073  
 60  0.0001    778.331242  x:  0.00000   0.01684   0.00000   0.00000   0.00000   0.00000   0.00000   0.00000   0.00000   0.00000   0.00883   0.00000   0.00000   0.00000   0.00000   0.00869   0.00869   0.00000   0.02695   0.01765   0.00000   0.04451   0.00951   0.03650   0.00563   0.03046   0.05876   0.00000   0.03699   0.11701   3.75017   2.65796  -1.50585   0.01380   2.57071  
 61  0.0003    778.331241  x:  0.00000   0.01684   0.00000   0.00000   0.00000   0.00000   0.00000   0.00000   0.00000   0.00000   0.00883   0.00000   0.00000   0.00000   0.00000   0.00869   0.00869   0.00000   0.02696   0.01766   0.00000   0.04451   0.00951   0.03650   0.00563   0.03046   0.05877   0.00000   0.03698   0.11701   3.75018   2.65814  -1.50599   0.01380   2.57069  
 62  0.0002    778.331241  x:  0.00000   0.01684   0.00000   0.00000   0.00000   0.00000   0.00000   0.00000   0.00000   0.00000   0.00883   0.00000   0.00000   0.00000   0.00000   0.00869   0.00869   0.00000   0.02696   0.01766   0.00000   0.04451   0.00951   0.03650   0.00563   0.03046   0.05877   0.00000   0.03698   0.11701   3.75020   2.65816  -1.50597   0.01380   2.57068  
 63  0.0000    778.331241  x:  0.00000   0.01684   0.00000   0.00000   0.00000   0.00000   0.00000   0.00000   0.00000   0.00000   0.00883   0.00000   0.00000   0.00000   0.00000   0.00869   0.00869   0.00000   0.02696   0.01766   0.00000   0.04451   0.00951   0.03650   0.00563   0.03046   0.05877   0.00000   0.03698   0.11701   3.75019   2.65818  -1.50596   0.01380   2.57066  
 64  0.0000    778.331241  x:  0.00000   0.01684   0.00000   0.00000   0.00000   0.00000   0.00000   0.00000   0.00000   0.00000   0.00883   0.00000   0.00000   0.00000   0.00000   0.00869   0.00869   0.00000   0.02696   0.01766   0.00000   0.04451   0.00951   0.03650   0.00563   0.03046   0.05877   0.00000   0.03698   0.11701   3.75020   2.65819  -1.50595   0.01380   2.57066  
 65  0.0000    778.331241  x:  0.00000   0.01684   0.00000   0.00000   0.00000   0.00000   0.00000   0.00000   0.00000   0.00000   0.00883   0.00000   0.00000   0.00000   0.00000   0.00869   0.00869   0.00000   0.02696   0.01766   0.00000   0.04451   0.00951   0.03650   0.00563   0.03046   0.05877   0.00000   0.03698   0.11701   3.75020   2.65824  -1.50590   0.01380   2.57061  
 66  0.0000    778.331241  x:  0.00000   0.01684   0.00000   0.00000   0.00000   0.00000   0.00000   0.00000   0.00000   0.00000   0.00883   0.00000   0.00000   0.00000   0.00000   0.00869   0.00869   0.00000   0.02696   0.01766   0.00000   0.04451   0.00951   0.03650   0.00563   0.03046   0.05877   0.00000   0.03698   0.11701   3.75021   2.65893  -1.50523   0.01380   2.57005  
 67  0.0001    778.331241  x:  0.00000   0.01684   0.00000   0.00000   0.00000   0.00000   0.00000   0.00000   0.00000   0.00000   0.00883   0.00000   0.00000   0.00000   0.00000   0.00869   0.00869   0.00000   0.02696   0.01766   0.00000   0.04451   0.00951   0.03650   0.00563   0.03046   0.05877   0.00000   0.03698   0.11701   3.75021   2.66346  -1.50071   0.01380   2.56626  
 68  0.0009    778.331236  x:  0.00000   0.01685   0.00000   0.00000   0.00000   0.00000   0.00000   0.00000   0.00000   0.00000   0.00883   0.00000   0.00000   0.00000   0.00000   0.00869   0.00868   0.00000   0.02696   0.01767   0.00000   0.04453   0.00951   0.03650   0.00562   0.03046   0.05882   0.00000   0.03701   0.11701   3.75021   3.06851  -1.09629   0.01380   2.22786  
 69  0.3623    778.331212  x:  0.00000   0.01685   0.00000   0.00000   0.00000   0.00000   0.00000   0.00000   0.00000   0.00000   0.00883   0.00000   0.00000   0.00000   0.00000   0.00869   0.00869   0.00000   0.02696   0.01766   0.00000   0.04452   0.00951   0.03650   0.00562   0.03046   0.05879   0.00000   0.03700   0.11701   3.75007   4.46828   0.30382   0.01380   1.05734  
 70  0.2875    778.331212  x:  0.00000   0.01684   0.00000   0.00000   0.00000   0.00000   0.00000   0.00000   0.00000   0.00000   0.00883   0.00000   0.00000   0.00000   0.00000   0.00869   0.00869   0.00000   0.02696   0.01766   0.00000   0.04452   0.00951   0.03650   0.00562   0.03046   0.05879   0.00000   0.03700   0.11701   3.75008   4.53684   0.37243   0.01380   1.00000  
 71  0.7887    778.331209  x:  0.00000   0.01684   0.00000   0.00000   0.00000   0.00000   0.00000   0.00000   0.00000   0.00000   0.00883   0.00000   0.00000   0.00000   0.00000   0.00869   0.00869   0.00000   0.02696   0.01765   0.00000   0.04451   0.00951   0.03650   0.00563   0.03046   0.05876   0.00000   0.03698   0.11701   3.75024   5.27081   1.10681   0.01380   1.00000  
 72  0.7426    778.331208  x:  0.00000   0.01684   0.00000   0.00000   0.00000   0.00000   0.00000   0.00000   0.00000   0.00000   0.00883   0.00000   0.00000   0.00000   0.00000   0.00869   0.00869   0.00000   0.02696   0.01766   0.00000   0.04451   0.00951   0.03650   0.00562   0.03046   0.05877   0.00000   0.03699   0.11701   3.75022   6.52261   2.35838   0.01380   1.00000  
 73  0.3372    778.331208  x:  0.00000   0.01684   0.00000   0.00000   0.00000   0.00000   0.00000   0.00000   0.00000   0.00000   0.00883   0.00000   0.00000   0.00000   0.00000   0.00869   0.00869   0.00000   0.02696   0.01765   0.00000   0.04451   0.00951   0.03650   0.00563   0.03046   0.05876   0.00000   0.03698   0.11701   3.75021   7.30849   3.14442   0.01380   1.00000  
 74  0.5358    778.331208  x:  0.00000   0.01684   0.00000   0.00000   0.00000   0.00000   0.00000   0.00000   0.00000   0.00000   0.00883   0.00000   0.00000   0.00000   0.00000   0.00869   0.00869   0.00000   0.02696   0.01766   0.00000   0.04451   0.00951   0.03650   0.00563   0.03046   0.05877   0.00000   0.03699   0.11701   3.75018   8.41060   4.24644   0.01380   1.00000  
 75  0.4976    778.331208  x:  0.00000   0.01684   0.00000   0.00000   0.00000   0.00000   0.00000   0.00000   0.00000   0.00000   0.00883   0.00000   0.00000   0.00000   0.00000   0.00869   0.00869   0.00000   0.02696   0.01766   0.00000   0.04451   0.00951   0.03650   0.00563   0.03046   0.05876   0.00000   0.03698   0.11701   3.75020   9.59280   5.42870   0.01380   1.00000  
 76  0.6561    778.331208  x:  0.00000   0.01684   0.00000   0.00000   0.00000   0.00000   0.00000   0.00000   0.00000   0.00000   0.00883   0.00000   0.00000   0.00000   0.00000   0.00869   0.00869   0.00000   0.02696   0.01766   0.00000   0.04451   0.00951   0.03650   0.00563   0.03046   0.05877   0.00000   0.03698   0.11701   3.75021  11.50452   7.34039   0.01380   1.00000  
 77  0.8809    778.331208  x:  0.00000   0.01684   0.00000   0.00000   0.00000   0.00000   0.00000   0.00000   0.00000   0.00000   0.00883   0.00000   0.00000   0.00000   0.00000   0.00869   0.00869   0.00000   0.02696   0.01766   0.00000   0.04451   0.00951   0.03650   0.00563   0.03046   0.05877   0.00000   0.03698   0.11701   3.75020  17.63470  13.47056   0.01380   1.00000  
 78  2.8603    778.331208  x:  0.00000   0.01684   0.00000   0.00000   0.00000   0.00000   0.00000   0.00000   0.00000   0.00000   0.00883   0.00000   0.00000   0.00000   0.00000   0.00869   0.00869   0.00000   0.02696   0.01766   0.00000   0.04451   0.00951   0.03650   0.00563   0.03046   0.05877   0.00000   0.03698   0.11701   3.75020  15.06110  10.89697   0.01380   1.00000  
 79  8.6565    778.331208  x:  0.00000   0.01684   0.00000   0.00000   0.00000   0.00000   0.00000   0.00000   0.00000   0.00000   0.00883   0.00000   0.00000   0.00000   0.00000   0.00869   0.00869   0.00000   0.02696   0.01766   0.00000   0.04451   0.00951   0.03650   0.00563   0.03046   0.05877   0.00000   0.03698   0.11701   3.75020  12.48750   8.32337   0.01380   1.00000  
 80 19.9183    778.331208  x:  0.00000   0.01684   0.00000   0.00000   0.00000   0.00000   0.00000   0.00000   0.00000   0.00000   0.00883   0.00000   0.00000   0.00000   0.00000   0.00869   0.00869   0.00000   0.02696   0.01766   0.00000   0.04451   0.00951   0.03650   0.00563   0.03046   0.05877   0.00000   0.03698   0.11701   3.75020  12.48750   8.32337   0.01380   1.00000  
 81 16.2386    778.331208  x:  0.00000   0.01684   0.00000   0.00000   0.00000   0.00000   0.00000   0.00000   0.00000   0.00000   0.00883   0.00000   0.00000   0.00000   0.00000   0.00869   0.00869   0.00000   0.02696   0.01766   0.00000   0.04451   0.00951   0.03650   0.00563   0.03046   0.05877   0.00000   0.03698   0.11701   3.75020  12.48750   8.32337   0.01380   1.00000  
 82  0.0216    778.331208  x:  0.00000   0.01684   0.00000   0.00000   0.00000   0.00000   0.00000   0.00000   0.00000   0.00000   0.00883   0.00000   0.00000   0.00000   0.00000   0.00869   0.00869   0.00000   0.02696   0.01766   0.00000   0.04451   0.00951   0.03650   0.00563   0.03046   0.05877   0.00000   0.03698   0.11701   3.75020  12.48750   8.32337   0.01380   1.00000  
 83  0.0022    778.331208  x:  0.00000   0.01684   0.00000   0.00000   0.00000   0.00000   0.00000   0.00000   0.00000   0.00000   0.00883   0.00000   0.00000   0.00000   0.00000   0.00869   0.00869   0.00000   0.02696   0.01766   0.00000   0.04451   0.00951   0.03650   0.00563   0.03046   0.05877   0.00000   0.03698   0.11701   3.75020  12.48750   8.32337   0.01380   1.00000  
 84  0.0015    778.331208  x:  0.00000   0.01684   0.00000   0.00000   0.00000   0.00000   0.00000   0.00000   0.00000   0.00000   0.00883   0.00000   0.00000   0.00000   0.00000   0.00869   0.00869   0.00000   0.02696   0.01766   0.00000   0.04451   0.00951   0.03650   0.00563   0.03046   0.05877   0.00000   0.03698   0.11701   3.75020  12.48750   8.32337   0.01380   1.00000  