Supplemental results for CODEML (seqf: /Users/YY/Desktop/get/branch_site/modify/modify_trim_muscle_psbB.fa  treef: /Users/YY/Desktop/get/branch_site/16gene_topu.tree)


dN/dS (w) for site classes (K=4)

site class             0        1       2a       2b
proportion       0.96221  0.03779  0.00000  0.00000
background w     0.02349  1.00000  0.02349  1.00000
foreground w     0.02349  1.00000  1.00000  1.00000

Naive Empirical Bayes (NEB) probabilities for 4 classes
(amino acids refer to 1st sequence: KM035851)

   1 M   0.98150 0.01850 0.00000 0.00000 ( 1)
   2 G   0.98540 0.01460 0.00000 0.00000 ( 1)
   3 L   0.97366 0.02634 0.00000 0.00000 ( 1)
   4 P   0.98178 0.01822 0.00000 0.00000 ( 1)
   5 W   0.97278 0.02722 0.00000 0.00000 ( 1)
   6 Y   0.98191 0.01809 0.00000 0.00000 ( 1)
   7 R   0.98142 0.01858 0.00000 0.00000 ( 1)
   8 V   0.98634 0.01366 0.00000 0.00000 ( 1)
   9 H   0.98202 0.01798 0.00000 0.00000 ( 1)
  10 T   0.97658 0.02342 0.00000 0.00000 ( 1)
  11 V   0.98634 0.01366 0.00000 0.00000 ( 1)
  12 V   0.97930 0.02070 0.00000 0.00000 ( 1)
  13 L   0.97366 0.02634 0.00000 0.00000 ( 1)
  14 N   0.98458 0.01542 0.00000 0.00000 ( 1)
  15 D   0.98706 0.01293 0.00000 0.00000 ( 1)
  16 P   0.97054 0.02946 0.00000 0.00000 ( 1)
  17 G   0.98540 0.01460 0.00000 0.00000 ( 1)
  18 R   0.97121 0.02879 0.00000 0.00000 ( 1)
  19 L   0.97366 0.02634 0.00000 0.00000 ( 1)
  20 L   0.98058 0.01942 0.00000 0.00000 ( 1)
  21 S   0.57217 0.42782 0.00000 0.00000 ( 1)
  22 V   0.97336 0.02664 0.00000 0.00000 ( 1)
  23 H   0.98202 0.01798 0.00000 0.00000 ( 1)
  24 I   0.98192 0.01808 0.00000 0.00000 ( 1)
  25 M   0.98150 0.01850 0.00000 0.00000 ( 1)
  26 H   0.98202 0.01798 0.00000 0.00000 ( 1)
  27 T   0.97825 0.02175 0.00000 0.00000 ( 1)
  28 A   0.98611 0.01389 0.00000 0.00000 ( 1)
  29 L   0.96962 0.03038 0.00000 0.00000 ( 1)
  30 V   0.98634 0.01366 0.00000 0.00000 ( 1)
  31 A   0.98599 0.01401 0.00000 0.00000 ( 1)
  32 G   0.98540 0.01460 0.00000 0.00000 ( 1)
  33 W   0.97278 0.02722 0.00000 0.00000 ( 1)
  34 A   0.97633 0.02367 0.00000 0.00000 ( 1)
  35 G   0.98540 0.01460 0.00000 0.00000 ( 1)
  36 S   0.97216 0.02784 0.00000 0.00000 ( 1)
  37 M   0.98150 0.01850 0.00000 0.00000 ( 1)
  38 A   0.98655 0.01345 0.00000 0.00000 ( 1)
  39 L   0.97263 0.02737 0.00000 0.00000 ( 1)
  40 Y   0.98191 0.01809 0.00000 0.00000 ( 1)
  41 E   0.98133 0.01866 0.00000 0.00000 ( 1)
  42 L   0.97523 0.02477 0.00000 0.00000 ( 1)
  43 A   0.98027 0.01973 0.00000 0.00000 ( 1)
  44 V   0.98634 0.01366 0.00000 0.00000 ( 1)
  45 F   0.98521 0.01479 0.00000 0.00000 ( 1)
  46 D   0.98706 0.01293 0.00000 0.00000 ( 1)
  47 P   0.97191 0.02809 0.00000 0.00000 ( 1)
  48 S   0.98283 0.01717 0.00000 0.00000 ( 1)
  49 D   0.97574 0.02426 0.00000 0.00000 ( 1)
  50 P   0.98178 0.01822 0.00000 0.00000 ( 1)
  51 V   0.98634 0.01366 0.00000 0.00000 ( 1)
  52 L   0.98336 0.01664 0.00000 0.00000 ( 1)
  53 D   0.98706 0.01293 0.00000 0.00000 ( 1)
  54 P   0.97610 0.02390 0.00000 0.00000 ( 1)
  55 M   0.98150 0.01850 0.00000 0.00000 ( 1)
  56 W   0.97278 0.02722 0.00000 0.00000 ( 1)
  57 R   0.97811 0.02189 0.00000 0.00000 ( 1)
  58 Q   0.97118 0.02882 0.00000 0.00000 ( 1)
  59 G   0.98540 0.01460 0.00000 0.00000 ( 1)
  60 M   0.98150 0.01850 0.00000 0.00000 ( 1)
  61 F   0.97439 0.02560 0.00000 0.00000 ( 1)
  62 V   0.98634 0.01366 0.00000 0.00000 ( 1)
  63 I   0.98192 0.01808 0.00000 0.00000 ( 1)
  64 P   0.97054 0.02946 0.00000 0.00000 ( 1)
  65 F   0.97439 0.02560 0.00000 0.00000 ( 1)
  66 M   0.98150 0.01850 0.00000 0.00000 ( 1)
  67 T   0.98393 0.01607 0.00000 0.00000 ( 1)
  68 R   0.98142 0.01858 0.00000 0.00000 ( 1)
  69 L   0.97523 0.02477 0.00000 0.00000 ( 1)
  70 G   0.97821 0.02179 0.00000 0.00000 ( 1)
  71 I   0.98192 0.01808 0.00000 0.00000 ( 1)
  72 T   0.97240 0.02760 0.00000 0.00000 ( 1)
  73 S   0.59918 0.40082 0.00000 0.00000 ( 1)
  74 S   0.97296 0.02704 0.00000 0.00000 ( 1)
  75 W   0.97278 0.02722 0.00000 0.00000 ( 1)
  76 G   0.97272 0.02728 0.00000 0.00000 ( 1)
  77 G   0.98540 0.01460 0.00000 0.00000 ( 1)
  78 W   0.97278 0.02722 0.00000 0.00000 ( 1)
  79 S   0.98506 0.01494 0.00000 0.00000 ( 1)
  80 I   0.97568 0.02432 0.00000 0.00000 ( 1)
  81 T   0.97816 0.02184 0.00000 0.00000 ( 1)
  82 G   0.97821 0.02179 0.00000 0.00000 ( 1)
  83 G   0.97487 0.02513 0.00000 0.00000 ( 1)
  84 A   0.98655 0.01345 0.00000 0.00000 ( 1)
  85 T   0.26752 0.73248 0.00000 0.00000 ( 2)
  86 P   0.45183 0.54817 0.00000 0.00000 ( 2)
  87 N   0.98458 0.01542 0.00000 0.00000 ( 1)
  88 P   0.97211 0.02789 0.00000 0.00000 ( 1)
  89 G   0.98540 0.01460 0.00000 0.00000 ( 1)
  90 I   0.98641 0.01359 0.00000 0.00000 ( 1)
  91 W   0.97278 0.02722 0.00000 0.00000 ( 1)
  92 S   0.98506 0.01494 0.00000 0.00000 ( 1)
  93 Y   0.97062 0.02938 0.00000 0.00000 ( 1)
  94 E   0.98088 0.01912 0.00000 0.00000 ( 1)
  95 G   0.98514 0.01486 0.00000 0.00000 ( 1)
  96 V   0.97553 0.02447 0.00000 0.00000 ( 1)
  97 A   0.45769 0.54231 0.00000 0.00000 ( 2)
  98 G   0.97480 0.02520 0.00000 0.00000 ( 1)
  99 A   0.98017 0.01983 0.00000 0.00000 ( 1)
 100 H   0.98202 0.01798 0.00000 0.00000 ( 1)
 101 I   0.98641 0.01359 0.00000 0.00000 ( 1)
 102 V   0.47805 0.52195 0.00000 0.00000 ( 2)
 103 F   0.98521 0.01479 0.00000 0.00000 ( 1)
 104 S   0.98283 0.01717 0.00000 0.00000 ( 1)
 105 G   0.97272 0.02728 0.00000 0.00000 ( 1)
 106 L   0.97366 0.02634 0.00000 0.00000 ( 1)
 107 C   0.97166 0.02834 0.00000 0.00000 ( 1)
 108 F   0.97439 0.02560 0.00000 0.00000 ( 1)
 109 L   0.97366 0.02634 0.00000 0.00000 ( 1)
 110 A   0.98027 0.01973 0.00000 0.00000 ( 1)
 111 A   0.98655 0.01345 0.00000 0.00000 ( 1)
 112 I   0.97402 0.02598 0.00000 0.00000 ( 1)
 113 W   0.97278 0.02722 0.00000 0.00000 ( 1)
 114 H   0.97170 0.02830 0.00000 0.00000 ( 1)
 115 W   0.97278 0.02722 0.00000 0.00000 ( 1)
 116 V   0.02149 0.97851 0.00000 0.00000 ( 2)
 117 Y   0.98191 0.01809 0.00000 0.00000 ( 1)
 118 W   0.97278 0.02722 0.00000 0.00000 ( 1)
 119 D   0.98706 0.01293 0.00000 0.00000 ( 1)
 120 L   0.97255 0.02745 0.00000 0.00000 ( 1)
 121 E   0.54618 0.45382 0.00000 0.00000 ( 1)
 122 I   0.97481 0.02519 0.00000 0.00000 ( 1)
 123 F   0.98521 0.01479 0.00000 0.00000 ( 1)
 124 C   0.98268 0.01732 0.00000 0.00000 ( 1)
 125 D   0.98706 0.01293 0.00000 0.00000 ( 1)
 126 E   0.98133 0.01866 0.00000 0.00000 ( 1)
 127 R   0.98142 0.01858 0.00000 0.00000 ( 1)
 128 T   0.97825 0.02175 0.00000 0.00000 ( 1)
 129 G   0.97821 0.02179 0.00000 0.00000 ( 1)
 130 K   0.97845 0.02155 0.00000 0.00000 ( 1)
 131 P   0.98084 0.01916 0.00000 0.00000 ( 1)
 132 S   0.98283 0.01717 0.00000 0.00000 ( 1)
 133 L   0.97523 0.02477 0.00000 0.00000 ( 1)
 134 D   0.98706 0.01293 0.00000 0.00000 ( 1)
 135 L   0.97367 0.02632 0.00000 0.00000 ( 1)
 136 P   0.97054 0.02946 0.00000 0.00000 ( 1)
 137 K   0.97485 0.02515 0.00000 0.00000 ( 1)
 138 I   0.97668 0.02331 0.00000 0.00000 ( 1)
 139 F   0.98252 0.01748 0.00000 0.00000 ( 1)
 140 G   0.97821 0.02179 0.00000 0.00000 ( 1)
 141 I   0.98641 0.01359 0.00000 0.00000 ( 1)
 142 H   0.98202 0.01798 0.00000 0.00000 ( 1)
 143 L   0.97523 0.02477 0.00000 0.00000 ( 1)
 144 F   0.98521 0.01479 0.00000 0.00000 ( 1)
 145 L   0.97144 0.02855 0.00000 0.00000 ( 1)
 146 A   0.97566 0.02434 0.00000 0.00000 ( 1)
 147 G   0.97480 0.02520 0.00000 0.00000 ( 1)
 148 L   0.47937 0.52063 0.00000 0.00000 ( 2)
 149 A   0.98655 0.01345 0.00000 0.00000 ( 1)
 150 C   0.97254 0.02746 0.00000 0.00000 ( 1)
 151 F   0.98521 0.01479 0.00000 0.00000 ( 1)
 152 G   0.98540 0.01460 0.00000 0.00000 ( 1)
 153 F   0.98521 0.01479 0.00000 0.00000 ( 1)
 154 G   0.98540 0.01460 0.00000 0.00000 ( 1)
 155 A   0.98027 0.01973 0.00000 0.00000 ( 1)
 156 F   0.98521 0.01479 0.00000 0.00000 ( 1)
 157 H   0.98202 0.01798 0.00000 0.00000 ( 1)
 158 V   0.98010 0.01990 0.00000 0.00000 ( 1)
 159 T   0.97825 0.02175 0.00000 0.00000 ( 1)
 160 G   0.97272 0.02728 0.00000 0.00000 ( 1)
 161 L   0.97366 0.02634 0.00000 0.00000 ( 1)
 162 Y   0.98191 0.01809 0.00000 0.00000 ( 1)
 163 G   0.98540 0.01460 0.00000 0.00000 ( 1)
 164 P   0.98094 0.01905 0.00000 0.00000 ( 1)
 165 G   0.97821 0.02179 0.00000 0.00000 ( 1)
 166 I   0.98192 0.01808 0.00000 0.00000 ( 1)
 167 W   0.97278 0.02722 0.00000 0.00000 ( 1)
 168 V   0.97553 0.02447 0.00000 0.00000 ( 1)
 169 S   0.97114 0.02886 0.00000 0.00000 ( 1)
 170 D   0.98706 0.01293 0.00000 0.00000 ( 1)
 171 P   0.98178 0.01822 0.00000 0.00000 ( 1)
 172 Y   0.98191 0.01809 0.00000 0.00000 ( 1)
 173 G   0.97821 0.02179 0.00000 0.00000 ( 1)
 174 L   0.97262 0.02737 0.00000 0.00000 ( 1)
 175 T   0.97399 0.02601 0.00000 0.00000 ( 1)
 176 G   0.97821 0.02179 0.00000 0.00000 ( 1)
 177 K   0.97845 0.02155 0.00000 0.00000 ( 1)
 178 V   0.97967 0.02033 0.00000 0.00000 ( 1)
 179 Q   0.97377 0.02623 0.00000 0.00000 ( 1)
 180 S   0.97525 0.02475 0.00000 0.00000 ( 1)
 181 V   0.98010 0.01990 0.00000 0.00000 ( 1)
 182 N   0.98458 0.01542 0.00000 0.00000 ( 1)
 183 P   0.97610 0.02390 0.00000 0.00000 ( 1)
 184 A   0.97595 0.02405 0.00000 0.00000 ( 1)
 185 W   0.97278 0.02722 0.00000 0.00000 ( 1)
 186 G   0.97272 0.02728 0.00000 0.00000 ( 1)
 187 V   0.49821 0.50179 0.00000 0.00000 ( 2)
 188 E   0.98088 0.01912 0.00000 0.00000 ( 1)
 189 G   0.98540 0.01460 0.00000 0.00000 ( 1)
 190 F   0.98521 0.01479 0.00000 0.00000 ( 1)
 191 D   0.98706 0.01293 0.00000 0.00000 ( 1)
 192 P   0.98178 0.01822 0.00000 0.00000 ( 1)
 193 F   0.98521 0.01479 0.00000 0.00000 ( 1)
 194 V   0.98634 0.01366 0.00000 0.00000 ( 1)
 195 P   0.97227 0.02772 0.00000 0.00000 ( 1)
 196 G   0.97788 0.02212 0.00000 0.00000 ( 1)
 197 G   0.97821 0.02179 0.00000 0.00000 ( 1)
 198 I   0.98192 0.01808 0.00000 0.00000 ( 1)
 199 A   0.98353 0.01647 0.00000 0.00000 ( 1)
 200 S   0.98283 0.01717 0.00000 0.00000 ( 1)
 201 H   0.98202 0.01798 0.00000 0.00000 ( 1)
 202 H   0.98202 0.01798 0.00000 0.00000 ( 1)
 203 I   0.98641 0.01359 0.00000 0.00000 ( 1)
 204 A   0.98027 0.01973 0.00000 0.00000 ( 1)
 205 A   0.98011 0.01989 0.00000 0.00000 ( 1)
 206 G   0.98540 0.01460 0.00000 0.00000 ( 1)
 207 T   0.97825 0.02175 0.00000 0.00000 ( 1)
 208 L   0.97366 0.02634 0.00000 0.00000 ( 1)
 209 G   0.97272 0.02728 0.00000 0.00000 ( 1)
 210 I   0.98192 0.01808 0.00000 0.00000 ( 1)
 211 L   0.97368 0.02632 0.00000 0.00000 ( 1)
 212 A   0.97576 0.02424 0.00000 0.00000 ( 1)
 213 G   0.98540 0.01460 0.00000 0.00000 ( 1)
 214 L   0.97262 0.02737 0.00000 0.00000 ( 1)
 215 F   0.97439 0.02560 0.00000 0.00000 ( 1)
 216 H   0.98202 0.01798 0.00000 0.00000 ( 1)
 217 L   0.98336 0.01664 0.00000 0.00000 ( 1)
 218 S   0.97791 0.02209 0.00000 0.00000 ( 1)
 219 V   0.97336 0.02664 0.00000 0.00000 ( 1)
 220 R   0.97035 0.02965 0.00000 0.00000 ( 1)
 221 P   0.97267 0.02733 0.00000 0.00000 ( 1)
 222 P   0.97054 0.02946 0.00000 0.00000 ( 1)
 223 Q   0.97377 0.02623 0.00000 0.00000 ( 1)
 224 R   0.98142 0.01858 0.00000 0.00000 ( 1)
 225 L   0.97262 0.02737 0.00000 0.00000 ( 1)
 226 Y   0.97062 0.02938 0.00000 0.00000 ( 1)
 227 K   0.97845 0.02155 0.00000 0.00000 ( 1)
 228 G   0.97518 0.02481 0.00000 0.00000 ( 1)
 229 L   0.97514 0.02486 0.00000 0.00000 ( 1)
 230 R   0.98142 0.01858 0.00000 0.00000 ( 1)
 231 M   0.98150 0.01850 0.00000 0.00000 ( 1)
 232 G   0.97287 0.02713 0.00000 0.00000 ( 1)
 233 N   0.98458 0.01542 0.00000 0.00000 ( 1)
 234 I   0.98641 0.01359 0.00000 0.00000 ( 1)
 235 E   0.98133 0.01866 0.00000 0.00000 ( 1)
 236 T   0.98432 0.01568 0.00000 0.00000 ( 1)
 237 V   0.97862 0.02138 0.00000 0.00000 ( 1)
 238 L   0.98336 0.01664 0.00000 0.00000 ( 1)
 239 S   0.97114 0.02886 0.00000 0.00000 ( 1)
 240 S   0.98506 0.01494 0.00000 0.00000 ( 1)
 241 S   0.98485 0.01515 0.00000 0.00000 ( 1)
 242 I   0.98641 0.01359 0.00000 0.00000 ( 1)
 243 A   0.97566 0.02434 0.00000 0.00000 ( 1)
 244 A   0.98655 0.01345 0.00000 0.00000 ( 1)
 245 V   0.47979 0.52021 0.00000 0.00000 ( 2)
 246 F   0.98521 0.01479 0.00000 0.00000 ( 1)
 247 F   0.98521 0.01479 0.00000 0.00000 ( 1)
 248 A   0.97996 0.02004 0.00000 0.00000 ( 1)
 249 A   0.98655 0.01345 0.00000 0.00000 ( 1)
 250 F   0.98521 0.01479 0.00000 0.00000 ( 1)
 251 V   0.98634 0.01366 0.00000 0.00000 ( 1)
 252 V   0.98634 0.01366 0.00000 0.00000 ( 1)
 253 A   0.97347 0.02653 0.00000 0.00000 ( 1)
 254 G   0.97821 0.02179 0.00000 0.00000 ( 1)
 255 T   0.98432 0.01568 0.00000 0.00000 ( 1)
 256 M   0.98150 0.01850 0.00000 0.00000 ( 1)
 257 W   0.97278 0.02722 0.00000 0.00000 ( 1)
 258 Y   0.98191 0.01809 0.00000 0.00000 ( 1)
 259 G   0.98540 0.01460 0.00000 0.00000 ( 1)
 260 S   0.97476 0.02524 0.00000 0.00000 ( 1)
 261 A   0.98027 0.01973 0.00000 0.00000 ( 1)
 262 T   0.98432 0.01568 0.00000 0.00000 ( 1)
 263 T   0.97214 0.02786 0.00000 0.00000 ( 1)
 264 P   0.97400 0.02600 0.00000 0.00000 ( 1)
 265 I   0.97402 0.02598 0.00000 0.00000 ( 1)
 266 E   0.98123 0.01877 0.00000 0.00000 ( 1)
 267 L   0.97523 0.02477 0.00000 0.00000 ( 1)
 268 F   0.98521 0.01479 0.00000 0.00000 ( 1)
 269 G   0.97480 0.02520 0.00000 0.00000 ( 1)
 270 P   0.98178 0.01822 0.00000 0.00000 ( 1)
 271 T   0.98432 0.01568 0.00000 0.00000 ( 1)
 272 R   0.98142 0.01858 0.00000 0.00000 ( 1)
 273 Y   0.98191 0.01809 0.00000 0.00000 ( 1)
 274 Q   0.97377 0.02623 0.00000 0.00000 ( 1)
 275 W   0.97278 0.02722 0.00000 0.00000 ( 1)
 276 D   0.98706 0.01293 0.00000 0.00000 ( 1)
 277 Q   0.97113 0.02887 0.00000 0.00000 ( 1)
 278 G   0.97627 0.02373 0.00000 0.00000 ( 1)
 279 Y   0.97062 0.02938 0.00000 0.00000 ( 1)
 280 F   0.97450 0.02550 0.00000 0.00000 ( 1)
 281 Q   0.97113 0.02887 0.00000 0.00000 ( 1)
 282 Q   0.97377 0.02623 0.00000 0.00000 ( 1)
 283 E   0.97765 0.02235 0.00000 0.00000 ( 1)
 284 I   0.98200 0.01800 0.00000 0.00000 ( 1)
 285 Y   0.98191 0.01809 0.00000 0.00000 ( 1)
 286 R   0.97067 0.02933 0.00000 0.00000 ( 1)
 287 R   0.97811 0.02189 0.00000 0.00000 ( 1)
 288 V   0.98634 0.01366 0.00000 0.00000 ( 1)
 289 S   0.98506 0.01494 0.00000 0.00000 ( 1)
 290 A   0.98655 0.01345 0.00000 0.00000 ( 1)
 291 G   0.97480 0.02520 0.00000 0.00000 ( 1)
 292 L   0.97262 0.02737 0.00000 0.00000 ( 1)
 293 A   0.45769 0.54231 0.00000 0.00000 ( 2)
 294 E   0.98133 0.01866 0.00000 0.00000 ( 1)
 295 N   0.98458 0.01542 0.00000 0.00000 ( 1)
 296 Q   0.46561 0.53439 0.00000 0.00000 ( 2)
 297 S   0.98506 0.01494 0.00000 0.00000 ( 1)
 298 L   0.97523 0.02477 0.00000 0.00000 ( 1)
 299 S   0.97476 0.02524 0.00000 0.00000 ( 1)
 300 K   0.54276 0.45724 0.00000 0.00000 ( 1)
 301 A   0.98655 0.01345 0.00000 0.00000 ( 1)
 302 W   0.97278 0.02722 0.00000 0.00000 ( 1)
 303 S   0.98283 0.01717 0.00000 0.00000 ( 1)
 304 K   0.97845 0.02155 0.00000 0.00000 ( 1)
 305 I   0.98641 0.01359 0.00000 0.00000 ( 1)
 306 P   0.98130 0.01870 0.00000 0.00000 ( 1)
 307 E   0.98133 0.01866 0.00000 0.00000 ( 1)
 308 K   0.97845 0.02155 0.00000 0.00000 ( 1)
 309 L   0.97523 0.02477 0.00000 0.00000 ( 1)
 310 A   0.98633 0.01367 0.00000 0.00000 ( 1)
 311 F   0.98521 0.01479 0.00000 0.00000 ( 1)
 312 Y   0.98191 0.01809 0.00000 0.00000 ( 1)
 313 D   0.98706 0.01293 0.00000 0.00000 ( 1)
 314 Y   0.97062 0.02938 0.00000 0.00000 ( 1)
 315 I   0.97436 0.02564 0.00000 0.00000 ( 1)
 316 G   0.97272 0.02728 0.00000 0.00000 ( 1)
 317 N   0.98458 0.01542 0.00000 0.00000 ( 1)
 318 N   0.98458 0.01542 0.00000 0.00000 ( 1)
 319 P   0.97227 0.02772 0.00000 0.00000 ( 1)
 320 A   0.98027 0.01973 0.00000 0.00000 ( 1)
 321 K   0.97777 0.02222 0.00000 0.00000 ( 1)
 322 G   0.97480 0.02520 0.00000 0.00000 ( 1)
 323 G   0.97821 0.02179 0.00000 0.00000 ( 1)
 324 L   0.97523 0.02477 0.00000 0.00000 ( 1)
 325 F   0.97439 0.02560 0.00000 0.00000 ( 1)
 326 R   0.97633 0.02367 0.00000 0.00000 ( 1)
 327 A   0.97640 0.02360 0.00000 0.00000 ( 1)
 328 G   0.97758 0.02242 0.00000 0.00000 ( 1)
 329 S   0.97398 0.02601 0.00000 0.00000 ( 1)
 330 M   0.98150 0.01850 0.00000 0.00000 ( 1)
 331 D   0.98706 0.01293 0.00000 0.00000 ( 1)
 332 N   0.98458 0.01542 0.00000 0.00000 ( 1)
 333 G   0.97480 0.02520 0.00000 0.00000 ( 1)
 334 D   0.98706 0.01293 0.00000 0.00000 ( 1)
 335 G   0.97821 0.02179 0.00000 0.00000 ( 1)
 336 I   0.98192 0.01808 0.00000 0.00000 ( 1)
 337 A   0.97566 0.02434 0.00000 0.00000 ( 1)
 338 V   0.98634 0.01366 0.00000 0.00000 ( 1)
 339 G   0.97821 0.02179 0.00000 0.00000 ( 1)
 340 W   0.97278 0.02722 0.00000 0.00000 ( 1)
 341 L   0.97523 0.02477 0.00000 0.00000 ( 1)
 342 G   0.97809 0.02191 0.00000 0.00000 ( 1)
 343 H   0.98202 0.01798 0.00000 0.00000 ( 1)
 344 P   0.98178 0.01822 0.00000 0.00000 ( 1)
 345 I   0.97402 0.02598 0.00000 0.00000 ( 1)
 346 F   0.98521 0.01479 0.00000 0.00000 ( 1)
 347 R   0.97811 0.02189 0.00000 0.00000 ( 1)
 348 D   0.98706 0.01293 0.00000 0.00000 ( 1)
 349 K   0.97845 0.02155 0.00000 0.00000 ( 1)
 350 E   0.98088 0.01912 0.00000 0.00000 ( 1)
 351 G   0.97507 0.02493 0.00000 0.00000 ( 1)
 352 R   0.98142 0.01858 0.00000 0.00000 ( 1)
 353 E   0.98133 0.01866 0.00000 0.00000 ( 1)
 354 L   0.98336 0.01664 0.00000 0.00000 ( 1)
 355 F   0.98521 0.01479 0.00000 0.00000 ( 1)
 356 V   0.98010 0.01990 0.00000 0.00000 ( 1)
 357 R   0.98142 0.01858 0.00000 0.00000 ( 1)
 358 R   0.98142 0.01858 0.00000 0.00000 ( 1)
 359 M   0.98150 0.01850 0.00000 0.00000 ( 1)
 360 P   0.98178 0.01822 0.00000 0.00000 ( 1)
 361 T   0.97202 0.02798 0.00000 0.00000 ( 1)
 362 F   0.98521 0.01479 0.00000 0.00000 ( 1)
 363 F   0.98521 0.01479 0.00000 0.00000 ( 1)
 364 E   0.98133 0.01866 0.00000 0.00000 ( 1)
 365 T   0.97202 0.02798 0.00000 0.00000 ( 1)
 366 F   0.97439 0.02560 0.00000 0.00000 ( 1)
 367 P   0.97237 0.02763 0.00000 0.00000 ( 1)
 368 V   0.97336 0.02664 0.00000 0.00000 ( 1)
 369 V   0.97553 0.02447 0.00000 0.00000 ( 1)
 370 L   0.97368 0.02632 0.00000 0.00000 ( 1)
 371 V   0.97967 0.02033 0.00000 0.00000 ( 1)
 372 D   0.98706 0.01293 0.00000 0.00000 ( 1)
 373 G   0.97343 0.02657 0.00000 0.00000 ( 1)
 374 D   0.97586 0.02414 0.00000 0.00000 ( 1)
 375 G   0.97821 0.02179 0.00000 0.00000 ( 1)
 376 I   0.98641 0.01359 0.00000 0.00000 ( 1)
 377 V   0.98634 0.01366 0.00000 0.00000 ( 1)
 378 R   0.97811 0.02189 0.00000 0.00000 ( 1)
 379 A   0.97503 0.02497 0.00000 0.00000 ( 1)
 380 D   0.98706 0.01293 0.00000 0.00000 ( 1)
 381 V   0.98634 0.01366 0.00000 0.00000 ( 1)
 382 P   0.98178 0.01822 0.00000 0.00000 ( 1)
 383 F   0.98521 0.01479 0.00000 0.00000 ( 1)
 384 R   0.97067 0.02933 0.00000 0.00000 ( 1)
 385 R   0.97546 0.02454 0.00000 0.00000 ( 1)
 386 A   0.98027 0.01973 0.00000 0.00000 ( 1)
 387 E   0.98133 0.01866 0.00000 0.00000 ( 1)
 388 S   0.97216 0.02784 0.00000 0.00000 ( 1)
 389 K   0.97485 0.02515 0.00000 0.00000 ( 1)
 390 Y   0.98191 0.01809 0.00000 0.00000 ( 1)
 391 S   0.98506 0.01494 0.00000 0.00000 ( 1)
 392 V   0.97336 0.02664 0.00000 0.00000 ( 1)
 393 E   0.98133 0.01866 0.00000 0.00000 ( 1)
 394 Q   0.97377 0.02623 0.00000 0.00000 ( 1)
 395 V   0.98010 0.01990 0.00000 0.00000 ( 1)
 396 G   0.98441 0.01559 0.00000 0.00000 ( 1)
 397 V   0.98010 0.01990 0.00000 0.00000 ( 1)
 398 T   0.98432 0.01568 0.00000 0.00000 ( 1)
 399 V   0.98634 0.01366 0.00000 0.00000 ( 1)
 400 E   0.97765 0.02235 0.00000 0.00000 ( 1)
 401 F   0.97439 0.02560 0.00000 0.00000 ( 1)
 402 Y   0.97062 0.02938 0.00000 0.00000 ( 1)
 403 G   0.98540 0.01460 0.00000 0.00000 ( 1)
 404 G   0.97272 0.02728 0.00000 0.00000 ( 1)
 405 E   0.98133 0.01866 0.00000 0.00000 ( 1)
 406 L   0.97144 0.02855 0.00000 0.00000 ( 1)
 407 N   0.46222 0.53778 0.00000 0.00000 ( 2)
 408 G   0.97821 0.02179 0.00000 0.00000 ( 1)
 409 V   0.97336 0.02664 0.00000 0.00000 ( 1)
 410 S   0.60472 0.39528 0.00000 0.00000 ( 1)
 411 Y   0.98191 0.01809 0.00000 0.00000 ( 1)
 412 S   0.98506 0.01494 0.00000 0.00000 ( 1)
 413 D   0.98706 0.01293 0.00000 0.00000 ( 1)
 414 P   0.98160 0.01840 0.00000 0.00000 ( 1)
 415 A   0.98655 0.01345 0.00000 0.00000 ( 1)
 416 T   0.98432 0.01568 0.00000 0.00000 ( 1)
 417 V   0.97553 0.02447 0.00000 0.00000 ( 1)
 418 K   0.97845 0.02155 0.00000 0.00000 ( 1)
 419 K   0.97845 0.02155 0.00000 0.00000 ( 1)
 420 Y   0.98191 0.01809 0.00000 0.00000 ( 1)
 421 A   0.98655 0.01345 0.00000 0.00000 ( 1)
 422 R   0.97811 0.02189 0.00000 0.00000 ( 1)
 423 R   0.97034 0.02965 0.00000 0.00000 ( 1)
 424 A   0.98430 0.01570 0.00000 0.00000 ( 1)
 425 Q   0.97377 0.02623 0.00000 0.00000 ( 1)
 426 L   0.97370 0.02630 0.00000 0.00000 ( 1)
 427 G   0.98540 0.01460 0.00000 0.00000 ( 1)
 428 E   0.98123 0.01877 0.00000 0.00000 ( 1)
 429 I   0.98641 0.01359 0.00000 0.00000 ( 1)
 430 F   0.98521 0.01479 0.00000 0.00000 ( 1)
 431 E   0.98133 0.01866 0.00000 0.00000 ( 1)
 432 L   0.97523 0.02477 0.00000 0.00000 ( 1)
 433 D   0.98706 0.01293 0.00000 0.00000 ( 1)
 434 R   0.98142 0.01858 0.00000 0.00000 ( 1)
 435 A   0.98655 0.01345 0.00000 0.00000 ( 1)
 436 T   0.98432 0.01568 0.00000 0.00000 ( 1)
 437 L   0.97366 0.02634 0.00000 0.00000 ( 1)
 438 K   0.97845 0.02155 0.00000 0.00000 ( 1)
 439 S   0.97193 0.02807 0.00000 0.00000 ( 1)
 440 D   0.98706 0.01293 0.00000 0.00000 ( 1)
 441 G   0.98540 0.01460 0.00000 0.00000 ( 1)
 442 V   0.98634 0.01366 0.00000 0.00000 ( 1)
 443 F   0.98521 0.01479 0.00000 0.00000 ( 1)
 444 R   0.98142 0.01858 0.00000 0.00000 ( 1)
 445 S   0.97376 0.02624 0.00000 0.00000 ( 1)
 446 S   0.98409 0.01591 0.00000 0.00000 ( 1)
 447 P   0.97590 0.02410 0.00000 0.00000 ( 1)
 448 R   0.97546 0.02454 0.00000 0.00000 ( 1)
 449 G   0.98540 0.01460 0.00000 0.00000 ( 1)
 450 W   0.97278 0.02722 0.00000 0.00000 ( 1)
 451 F   0.98521 0.01479 0.00000 0.00000 ( 1)
 452 T   0.98345 0.01655 0.00000 0.00000 ( 1)
 453 F   0.98521 0.01479 0.00000 0.00000 ( 1)
 454 G   0.97811 0.02189 0.00000 0.00000 ( 1)
 455 H   0.98202 0.01798 0.00000 0.00000 ( 1)
 456 A   0.98655 0.01345 0.00000 0.00000 ( 1)
 457 S   0.98283 0.01717 0.00000 0.00000 ( 1)
 458 F   0.98521 0.01479 0.00000 0.00000 ( 1)
 459 A   0.98655 0.01345 0.00000 0.00000 ( 1)
 460 L   0.97366 0.02634 0.00000 0.00000 ( 1)
 461 L   0.97144 0.02855 0.00000 0.00000 ( 1)
 462 F   0.97439 0.02560 0.00000 0.00000 ( 1)
 463 F   0.97439 0.02560 0.00000 0.00000 ( 1)
 464 F   0.98521 0.01479 0.00000 0.00000 ( 1)
 465 G   0.97821 0.02179 0.00000 0.00000 ( 1)
 466 H   0.98202 0.01798 0.00000 0.00000 ( 1)
 467 I   0.98592 0.01408 0.00000 0.00000 ( 1)
 468 W   0.97278 0.02722 0.00000 0.00000 ( 1)
 469 H   0.98202 0.01798 0.00000 0.00000 ( 1)
 470 G   0.98540 0.01460 0.00000 0.00000 ( 1)
 471 A   0.98655 0.01345 0.00000 0.00000 ( 1)
 472 R   0.97811 0.02189 0.00000 0.00000 ( 1)
 473 T   0.97202 0.02798 0.00000 0.00000 ( 1)
 474 L   0.96962 0.03038 0.00000 0.00000 ( 1)
 475 F   0.97439 0.02560 0.00000 0.00000 ( 1)
 476 R   0.97811 0.02189 0.00000 0.00000 ( 1)
 477 D   0.98706 0.01293 0.00000 0.00000 ( 1)
 478 V   0.98634 0.01366 0.00000 0.00000 ( 1)
 479 F   0.98521 0.01479 0.00000 0.00000 ( 1)
 480 A   0.98555 0.01445 0.00000 0.00000 ( 1)
 481 G   0.98540 0.01460 0.00000 0.00000 ( 1)
 482 I   0.98641 0.01359 0.00000 0.00000 ( 1)
 483 D   0.97574 0.02426 0.00000 0.00000 ( 1)
 484 P   0.97610 0.02390 0.00000 0.00000 ( 1)
 485 D   0.98706 0.01293 0.00000 0.00000 ( 1)
 486 L   0.97366 0.02634 0.00000 0.00000 ( 1)
 487 D   0.98706 0.01293 0.00000 0.00000 ( 1)
 488 A   0.98655 0.01345 0.00000 0.00000 ( 1)
 489 Q   0.97377 0.02623 0.00000 0.00000 ( 1)
 490 V   0.98010 0.01990 0.00000 0.00000 ( 1)
 491 E   0.98133 0.01866 0.00000 0.00000 ( 1)
 492 F   0.98521 0.01479 0.00000 0.00000 ( 1)
 493 G   0.97821 0.02179 0.00000 0.00000 ( 1)
 494 A   0.98027 0.01973 0.00000 0.00000 ( 1)
 495 F   0.97465 0.02535 0.00000 0.00000 ( 1)
 496 Q   0.97377 0.02623 0.00000 0.00000 ( 1)
 497 K   0.97845 0.02155 0.00000 0.00000 ( 1)
 498 L   0.97262 0.02737 0.00000 0.00000 ( 1)
 499 G   0.97788 0.02212 0.00000 0.00000 ( 1)
 500 D   0.98706 0.01293 0.00000 0.00000 ( 1)
 501 P   0.98178 0.01822 0.00000 0.00000 ( 1)
 502 T   0.98432 0.01568 0.00000 0.00000 ( 1)
 503 T   0.97825 0.02175 0.00000 0.00000 ( 1)
 504 R   0.97811 0.02189 0.00000 0.00000 ( 1)
 505 R   0.97811 0.02189 0.00000 0.00000 ( 1)
 506 Q   0.97113 0.02887 0.00000 0.00000 ( 1)
 507 T   0.97825 0.02175 0.00000 0.00000 ( 1)
 508 V   0.46188 0.53812 0.00000 0.00000 ( 2)


lnL = -2832.979322

Bayes Empirical Bayes (BEB) probabilities for 4 classes (class)
(amino acids refer to 1st sequence: KM035851)

   1 M   0.93253 0.01688 0.04961 0.00098 ( 1)
   2 G   0.93661 0.01342 0.04920 0.00077 ( 1)
   3 L   0.92469 0.02378 0.05013 0.00139 ( 1)
   4 P   0.93282 0.01663 0.04959 0.00096 ( 1)
   5 W   0.92382 0.02456 0.05018 0.00144 ( 1)
   6 Y   0.93295 0.01652 0.04957 0.00096 ( 1)
   7 R   0.93245 0.01695 0.04962 0.00098 ( 1)
   8 V   0.93761 0.01258 0.04908 0.00072 ( 1)
   9 H   0.93306 0.01642 0.04956 0.00095 ( 1)
  10 T   0.92859 0.02125 0.04894 0.00122 ( 1)
  11 V   0.93761 0.01258 0.04908 0.00072 ( 1)
  12 V   0.93039 0.01883 0.04969 0.00109 ( 1)
  13 L   0.92469 0.02378 0.05013 0.00139 ( 1)
  14 N   0.93573 0.01415 0.04930 0.00081 ( 1)
  15 D   0.93840 0.01193 0.04898 0.00068 ( 1)
  16 P   0.92165 0.02651 0.05027 0.00156 ( 1)
  17 G   0.93661 0.01342 0.04920 0.00077 ( 1)
  18 R   0.92230 0.02593 0.05024 0.00153 ( 1)
  19 L   0.92469 0.02378 0.05013 0.00139 ( 1)
  20 L   0.93198 0.01770 0.04929 0.00102 ( 1)
  21 S   0.71022 0.23925 0.03700 0.01353 ( 1)
  22 V   0.92440 0.02405 0.05015 0.00141 ( 1)
  23 H   0.93306 0.01642 0.04956 0.00095 ( 1)
  24 I   0.93296 0.01651 0.04957 0.00096 ( 1)
  25 M   0.93253 0.01688 0.04961 0.00098 ( 1)
  26 H   0.93306 0.01642 0.04956 0.00095 ( 1)
  27 T   0.92923 0.01975 0.04987 0.00115 ( 1)
  28 A   0.93745 0.01279 0.04903 0.00073 ( 1)
  29 L   0.92076 0.02732 0.05031 0.00161 ( 1)
  30 V   0.93761 0.01258 0.04908 0.00072 ( 1)
  31 A   0.93734 0.01290 0.04903 0.00074 ( 1)
  32 G   0.93661 0.01342 0.04920 0.00077 ( 1)
  33 W   0.92382 0.02456 0.05018 0.00144 ( 1)
  34 A   0.92779 0.02146 0.04951 0.00125 ( 1)
  35 G   0.93661 0.01342 0.04920 0.00077 ( 1)
  36 S   0.92322 0.02510 0.05020 0.00147 ( 1)
  37 M   0.93253 0.01688 0.04961 0.00098 ( 1)
  38 A   0.93784 0.01239 0.04905 0.00071 ( 1)
  39 L   0.92368 0.02469 0.05018 0.00145 ( 1)
  40 Y   0.93295 0.01652 0.04957 0.00096 ( 1)
  41 E   0.93236 0.01703 0.04963 0.00099 ( 1)
  42 L   0.92623 0.02241 0.05005 0.00131 ( 1)
  43 A   0.93127 0.01797 0.04971 0.00104 ( 1)
  44 V   0.93761 0.01258 0.04908 0.00072 ( 1)
  45 F   0.93641 0.01358 0.04923 0.00078 ( 1)
  46 D   0.93840 0.01193 0.04898 0.00068 ( 1)
  47 P   0.92285 0.02531 0.05034 0.00149 ( 1)
  48 S   0.93390 0.01570 0.04949 0.00091 ( 1)
  49 D   0.92674 0.02196 0.05002 0.00128 ( 1)
  50 P   0.93282 0.01663 0.04959 0.00096 ( 1)
  51 V   0.93761 0.01258 0.04908 0.00072 ( 1)
  52 L   0.93445 0.01523 0.04943 0.00088 ( 1)
  53 D   0.93840 0.01193 0.04898 0.00068 ( 1)
  54 P   0.92709 0.02165 0.05000 0.00127 ( 1)
  55 M   0.93253 0.01688 0.04961 0.00098 ( 1)
  56 W   0.92382 0.02456 0.05018 0.00144 ( 1)
  57 R   0.92909 0.01988 0.04987 0.00116 ( 1)
  58 Q   0.92226 0.02596 0.05025 0.00153 ( 1)
  59 G   0.93661 0.01342 0.04920 0.00077 ( 1)
  60 M   0.93253 0.01688 0.04961 0.00098 ( 1)
  61 F   0.92541 0.02314 0.05010 0.00136 ( 1)
  62 V   0.93761 0.01258 0.04908 0.00072 ( 1)
  63 I   0.93296 0.01651 0.04957 0.00096 ( 1)
  64 P   0.92165 0.02651 0.05027 0.00156 ( 1)
  65 F   0.92541 0.02314 0.05010 0.00136 ( 1)
  66 M   0.93253 0.01688 0.04961 0.00098 ( 1)
  67 T   0.93511 0.01473 0.04931 0.00085 ( 1)
  68 R   0.93245 0.01695 0.04962 0.00098 ( 1)
  69 L   0.92623 0.02241 0.05005 0.00131 ( 1)
  70 G   0.92919 0.01979 0.04987 0.00115 ( 1)
  71 I   0.93296 0.01651 0.04957 0.00096 ( 1)
  72 T   0.92342 0.02489 0.05023 0.00146 ( 1)
  73 S   0.72930 0.22052 0.03775 0.01243 ( 1)
  74 S   0.92393 0.02440 0.05024 0.00143 ( 1)
  75 W   0.92382 0.02456 0.05018 0.00144 ( 1)
  76 G   0.92377 0.02461 0.05018 0.00144 ( 1)
  77 G   0.93661 0.01342 0.04920 0.00077 ( 1)
  78 W   0.92382 0.02456 0.05018 0.00144 ( 1)
  79 S   0.93624 0.01372 0.04925 0.00079 ( 1)
  80 I   0.92650 0.02201 0.05020 0.00129 ( 1)
  81 T   0.92915 0.01983 0.04986 0.00116 ( 1)
  82 G   0.92919 0.01979 0.04987 0.00115 ( 1)
  83 G   0.92587 0.02272 0.05008 0.00133 ( 1)
  84 A   0.93784 0.01239 0.04905 0.00071 ( 1)
  85 T   0.43905 0.50973 0.02275 0.02847 ( 2)
  86 P   0.61627 0.33199 0.03276 0.01898 ( 1)
  87 N   0.93573 0.01415 0.04930 0.00081 ( 1)
  88 P   0.92319 0.02514 0.05019 0.00148 ( 1)
  89 G   0.93661 0.01342 0.04920 0.00077 ( 1)
  90 I   0.93769 0.01251 0.04907 0.00072 ( 1)
  91 W   0.92382 0.02456 0.05018 0.00144 ( 1)
  92 S   0.93624 0.01372 0.04925 0.00079 ( 1)
  93 Y   0.92173 0.02645 0.05027 0.00156 ( 1)
  94 E   0.93195 0.01743 0.04960 0.00101 ( 1)
  95 G   0.93637 0.01365 0.04919 0.00078 ( 1)
  96 V   0.92652 0.02215 0.05003 0.00130 ( 1)
  97 A   0.62127 0.32710 0.03295 0.01868 ( 1)
  98 G   0.92580 0.02279 0.05007 0.00133 ( 1)
  99 A   0.93119 0.01806 0.04971 0.00105 ( 1)
 100 H   0.93306 0.01642 0.04956 0.00095 ( 1)
 101 I   0.93769 0.01251 0.04907 0.00072 ( 1)
 102 V   0.63819 0.31038 0.03374 0.01769 ( 1)
 103 F   0.93641 0.01358 0.04923 0.00078 ( 1)
 104 S   0.93390 0.01570 0.04949 0.00091 ( 1)
 105 G   0.92377 0.02461 0.05018 0.00144 ( 1)
 106 L   0.92469 0.02378 0.05013 0.00139 ( 1)
 107 C   0.92274 0.02553 0.05022 0.00150 ( 1)
 108 F   0.92541 0.02314 0.05010 0.00136 ( 1)
 109 L   0.92469 0.02378 0.05013 0.00139 ( 1)
 110 A   0.93127 0.01797 0.04971 0.00104 ( 1)
 111 A   0.93784 0.01239 0.04905 0.00071 ( 1)
 112 I   0.92504 0.02347 0.05012 0.00138 ( 1)
 113 W   0.92382 0.02456 0.05018 0.00144 ( 1)
 114 H   0.92277 0.02550 0.05022 0.00150 ( 1)
 115 W   0.92382 0.02456 0.05018 0.00144 ( 1)
 116 V   0.09044 0.85795 0.00462 0.04698 ( 2)
 117 Y   0.93295 0.01652 0.04957 0.00096 ( 1)
 118 W   0.92382 0.02456 0.05018 0.00144 ( 1)
 119 D   0.93840 0.01193 0.04898 0.00068 ( 1)
 120 L   0.92361 0.02476 0.05018 0.00145 ( 1)
 121 E   0.69129 0.25796 0.03613 0.01462 ( 1)
 122 I   0.92573 0.02278 0.05016 0.00134 ( 1)
 123 F   0.93641 0.01358 0.04923 0.00078 ( 1)
 124 C   0.93375 0.01584 0.04950 0.00092 ( 1)
 125 D   0.93840 0.01193 0.04898 0.00068 ( 1)
 126 E   0.93236 0.01703 0.04963 0.00099 ( 1)
 127 R   0.93245 0.01695 0.04962 0.00098 ( 1)
 128 T   0.92923 0.01975 0.04987 0.00115 ( 1)
 129 G   0.92919 0.01979 0.04987 0.00115 ( 1)
 130 K   0.92943 0.01958 0.04985 0.00114 ( 1)
 131 P   0.93136 0.01746 0.05017 0.00102 ( 1)
 132 S   0.93390 0.01570 0.04949 0.00091 ( 1)
 133 L   0.92623 0.02241 0.05005 0.00131 ( 1)
 134 D   0.93840 0.01193 0.04898 0.00068 ( 1)
 135 L   0.92470 0.02377 0.05013 0.00139 ( 1)
 136 P   0.92165 0.02651 0.05027 0.00156 ( 1)
 137 K   0.92585 0.02274 0.05007 0.00133 ( 1)
 138 I   0.92832 0.02115 0.04931 0.00122 ( 1)
 139 F   0.93259 0.01596 0.05051 0.00094 ( 1)
 140 G   0.92919 0.01979 0.04987 0.00115 ( 1)
 141 I   0.93769 0.01251 0.04907 0.00072 ( 1)
 142 H   0.93306 0.01642 0.04956 0.00095 ( 1)
 143 L   0.92623 0.02241 0.05005 0.00131 ( 1)
 144 F   0.93641 0.01358 0.04923 0.00078 ( 1)
 145 L   0.92253 0.02573 0.05023 0.00151 ( 1)
 146 A   0.92665 0.02203 0.05003 0.00129 ( 1)
 147 G   0.92580 0.02279 0.05007 0.00133 ( 1)
 148 L   0.63922 0.30932 0.03382 0.01764 ( 1)
 149 A   0.93784 0.01239 0.04905 0.00071 ( 1)
 150 C   0.92351 0.02476 0.05027 0.00146 ( 1)
 151 F   0.93641 0.01358 0.04923 0.00078 ( 1)
 152 G   0.93661 0.01342 0.04920 0.00077 ( 1)
 153 F   0.93641 0.01358 0.04923 0.00078 ( 1)
 154 G   0.93661 0.01342 0.04920 0.00077 ( 1)
 155 A   0.93127 0.01797 0.04971 0.00104 ( 1)
 156 F   0.93641 0.01358 0.04923 0.00078 ( 1)
 157 H   0.93306 0.01642 0.04956 0.00095 ( 1)
 158 V   0.93110 0.01812 0.04973 0.00105 ( 1)
 159 T   0.92923 0.01975 0.04987 0.00115 ( 1)
 160 G   0.92377 0.02461 0.05018 0.00144 ( 1)
 161 L   0.92469 0.02378 0.05013 0.00139 ( 1)
 162 Y   0.93295 0.01652 0.04957 0.00096 ( 1)
 163 G   0.93661 0.01342 0.04920 0.00077 ( 1)
 164 P   0.93208 0.01737 0.04954 0.00101 ( 1)
 165 G   0.92919 0.01979 0.04987 0.00115 ( 1)
 166 I   0.93296 0.01651 0.04957 0.00096 ( 1)
 167 W   0.92382 0.02456 0.05018 0.00144 ( 1)
 168 V   0.92652 0.02215 0.05003 0.00130 ( 1)
 169 S   0.92223 0.02599 0.05025 0.00153 ( 1)
 170 D   0.93840 0.01193 0.04898 0.00068 ( 1)
 171 P   0.93282 0.01663 0.04959 0.00096 ( 1)
 172 Y   0.93295 0.01652 0.04957 0.00096 ( 1)
 173 G   0.92919 0.01979 0.04987 0.00115 ( 1)
 174 L   0.92368 0.02469 0.05018 0.00145 ( 1)
 175 T   0.92501 0.02350 0.05012 0.00138 ( 1)
 176 G   0.92919 0.01979 0.04987 0.00115 ( 1)
 177 K   0.92943 0.01958 0.04985 0.00114 ( 1)
 178 V   0.93072 0.01850 0.04971 0.00107 ( 1)
 179 Q   0.92479 0.02369 0.05013 0.00139 ( 1)
 180 S   0.92584 0.02239 0.05046 0.00132 ( 1)
 181 V   0.93110 0.01812 0.04973 0.00105 ( 1)
 182 N   0.93573 0.01415 0.04930 0.00081 ( 1)
 183 P   0.92709 0.02165 0.05000 0.00127 ( 1)
 184 A   0.92691 0.02177 0.05004 0.00127 ( 1)
 185 W   0.92382 0.02456 0.05018 0.00144 ( 1)
 186 G   0.92377 0.02461 0.05018 0.00144 ( 1)
 187 V   0.65466 0.29442 0.03425 0.01667 ( 1)
 188 E   0.93195 0.01743 0.04960 0.00101 ( 1)
 189 G   0.93661 0.01342 0.04920 0.00077 ( 1)
 190 F   0.93641 0.01358 0.04923 0.00078 ( 1)
 191 D   0.93840 0.01193 0.04898 0.00068 ( 1)
 192 P   0.93282 0.01663 0.04959 0.00096 ( 1)
 193 F   0.93641 0.01358 0.04923 0.00078 ( 1)
 194 V   0.93761 0.01258 0.04908 0.00072 ( 1)
 195 P   0.92333 0.02500 0.05020 0.00147 ( 1)
 196 G   0.92890 0.02008 0.04985 0.00117 ( 1)
 197 G   0.92919 0.01979 0.04987 0.00115 ( 1)
 198 I   0.93296 0.01651 0.04957 0.00096 ( 1)
 199 A   0.93514 0.01509 0.04890 0.00086 ( 1)
 200 S   0.93390 0.01570 0.04949 0.00091 ( 1)
 201 H   0.93306 0.01642 0.04956 0.00095 ( 1)
 202 H   0.93306 0.01642 0.04956 0.00095 ( 1)
 203 I   0.93769 0.01251 0.04907 0.00072 ( 1)
 204 A   0.93127 0.01797 0.04971 0.00104 ( 1)
 205 A   0.93113 0.01812 0.04971 0.00105 ( 1)
 206 G   0.93661 0.01342 0.04920 0.00077 ( 1)
 207 T   0.92923 0.01975 0.04987 0.00115 ( 1)
 208 L   0.92469 0.02378 0.05013 0.00139 ( 1)
 209 G   0.92377 0.02461 0.05018 0.00144 ( 1)
 210 I   0.93296 0.01651 0.04957 0.00096 ( 1)
 211 L   0.92470 0.02377 0.05013 0.00139 ( 1)
 212 A   0.92674 0.02194 0.05003 0.00128 ( 1)
 213 G   0.93661 0.01342 0.04920 0.00077 ( 1)
 214 L   0.92368 0.02469 0.05018 0.00145 ( 1)
 215 F   0.92541 0.02314 0.05010 0.00136 ( 1)
 216 H   0.93306 0.01642 0.04956 0.00095 ( 1)
 217 L   0.93445 0.01523 0.04943 0.00088 ( 1)
 218 S   0.92989 0.02007 0.04889 0.00115 ( 1)
 219 V   0.92440 0.02405 0.05015 0.00141 ( 1)
 220 R   0.92147 0.02668 0.05028 0.00157 ( 1)
 221 P   0.92368 0.02465 0.05022 0.00145 ( 1)
 222 P   0.92165 0.02651 0.05027 0.00156 ( 1)
 223 Q   0.92479 0.02369 0.05013 0.00139 ( 1)
 224 R   0.93245 0.01695 0.04962 0.00098 ( 1)
 225 L   0.92368 0.02469 0.05018 0.00145 ( 1)
 226 Y   0.92173 0.02645 0.05027 0.00156 ( 1)
 227 K   0.92943 0.01958 0.04985 0.00114 ( 1)
 228 G   0.92614 0.02245 0.05009 0.00131 ( 1)
 229 L   0.92615 0.02249 0.05005 0.00132 ( 1)
 230 R   0.93245 0.01695 0.04962 0.00098 ( 1)
 231 M   0.93253 0.01688 0.04961 0.00098 ( 1)
 232 G   0.92390 0.02448 0.05019 0.00144 ( 1)
 233 N   0.93573 0.01415 0.04930 0.00081 ( 1)
 234 I   0.93769 0.01251 0.04907 0.00072 ( 1)
 235 E   0.93236 0.01703 0.04963 0.00099 ( 1)
 236 T   0.93546 0.01438 0.04933 0.00083 ( 1)
 237 V   0.93074 0.01945 0.04869 0.00111 ( 1)
 238 L   0.93445 0.01523 0.04943 0.00088 ( 1)
 239 S   0.92223 0.02599 0.05025 0.00153 ( 1)
 240 S   0.93624 0.01372 0.04925 0.00079 ( 1)
 241 S   0.93606 0.01391 0.04924 0.00080 ( 1)
 242 I   0.93769 0.01251 0.04907 0.00072 ( 1)
 243 A   0.92665 0.02203 0.05003 0.00129 ( 1)
 244 A   0.93784 0.01239 0.04905 0.00071 ( 1)
 245 V   0.63944 0.30892 0.03397 0.01767 ( 1)
 246 F   0.93641 0.01358 0.04923 0.00078 ( 1)
 247 F   0.93641 0.01358 0.04923 0.00078 ( 1)
 248 A   0.93100 0.01825 0.04970 0.00106 ( 1)
 249 A   0.93784 0.01239 0.04905 0.00071 ( 1)
 250 F   0.93641 0.01358 0.04923 0.00078 ( 1)
 251 V   0.93761 0.01258 0.04908 0.00072 ( 1)
 252 V   0.93761 0.01258 0.04908 0.00072 ( 1)
 253 A   0.92450 0.02395 0.05014 0.00140 ( 1)
 254 G   0.92919 0.01979 0.04987 0.00115 ( 1)
 255 T   0.93546 0.01438 0.04933 0.00083 ( 1)
 256 M   0.93253 0.01688 0.04961 0.00098 ( 1)
 257 W   0.92382 0.02456 0.05018 0.00144 ( 1)
 258 Y   0.93295 0.01652 0.04957 0.00096 ( 1)
 259 G   0.93661 0.01342 0.04920 0.00077 ( 1)
 260 S   0.92577 0.02282 0.05008 0.00134 ( 1)
 261 A   0.93127 0.01797 0.04971 0.00104 ( 1)
 262 T   0.93546 0.01438 0.04933 0.00083 ( 1)
 263 T   0.92319 0.02512 0.05022 0.00148 ( 1)
 264 P   0.92485 0.02348 0.05029 0.00138 ( 1)
 265 I   0.92504 0.02347 0.05012 0.00138 ( 1)
 266 E   0.93227 0.01712 0.04962 0.00099 ( 1)
 267 L   0.92623 0.02241 0.05005 0.00131 ( 1)
 268 F   0.93641 0.01358 0.04923 0.00078 ( 1)
 269 G   0.92580 0.02279 0.05007 0.00133 ( 1)
 270 P   0.93282 0.01663 0.04959 0.00096 ( 1)
 271 T   0.93546 0.01438 0.04933 0.00083 ( 1)
 272 R   0.93245 0.01695 0.04962 0.00098 ( 1)
 273 Y   0.93295 0.01652 0.04957 0.00096 ( 1)
 274 Q   0.92479 0.02369 0.05013 0.00139 ( 1)
 275 W   0.92382 0.02456 0.05018 0.00144 ( 1)
 276 D   0.93840 0.01193 0.04898 0.00068 ( 1)
 277 Q   0.92222 0.02600 0.05025 0.00153 ( 1)
 278 G   0.92710 0.02149 0.05015 0.00126 ( 1)
 279 Y   0.92173 0.02645 0.05027 0.00156 ( 1)
 280 F   0.92550 0.02305 0.05010 0.00135 ( 1)
 281 Q   0.92222 0.02600 0.05025 0.00153 ( 1)
 282 Q   0.92479 0.02369 0.05013 0.00139 ( 1)
 283 E   0.92863 0.02028 0.04991 0.00118 ( 1)
 284 I   0.93303 0.01644 0.04958 0.00095 ( 1)
 285 Y   0.93295 0.01652 0.04957 0.00096 ( 1)
 286 R   0.92178 0.02640 0.05027 0.00155 ( 1)
 287 R   0.92909 0.01988 0.04987 0.00116 ( 1)
 288 V   0.93761 0.01258 0.04908 0.00072 ( 1)
 289 S   0.93624 0.01372 0.04925 0.00079 ( 1)
 290 A   0.93784 0.01239 0.04905 0.00071 ( 1)
 291 G   0.92580 0.02279 0.05007 0.00133 ( 1)
 292 L   0.92368 0.02469 0.05018 0.00145 ( 1)
 293 A   0.62127 0.32710 0.03295 0.01868 ( 1)
 294 E   0.93236 0.01703 0.04963 0.00099 ( 1)
 295 N   0.93573 0.01415 0.04930 0.00081 ( 1)
 296 Q   0.62788 0.32051 0.03330 0.01830 ( 1)
 297 S   0.93624 0.01372 0.04925 0.00079 ( 1)
 298 L   0.92623 0.02241 0.05005 0.00131 ( 1)
 299 S   0.92577 0.02282 0.05008 0.00134 ( 1)
 300 K   0.68852 0.26038 0.03627 0.01483 ( 1)
 301 A   0.93784 0.01239 0.04905 0.00071 ( 1)
 302 W   0.92382 0.02456 0.05018 0.00144 ( 1)
 303 S   0.93390 0.01570 0.04949 0.00091 ( 1)
 304 K   0.92943 0.01958 0.04985 0.00114 ( 1)
 305 I   0.93769 0.01251 0.04907 0.00072 ( 1)
 306 P   0.93239 0.01706 0.04956 0.00099 ( 1)
 307 E   0.93236 0.01703 0.04963 0.00099 ( 1)
 308 K   0.92943 0.01958 0.04985 0.00114 ( 1)
 309 L   0.92623 0.02241 0.05005 0.00131 ( 1)
 310 A   0.93765 0.01259 0.04904 0.00072 ( 1)
 311 F   0.93641 0.01358 0.04923 0.00078 ( 1)
 312 Y   0.93295 0.01652 0.04957 0.00096 ( 1)
 313 D   0.93840 0.01193 0.04898 0.00068 ( 1)
 314 Y   0.92173 0.02645 0.05027 0.00156 ( 1)
 315 I   0.92534 0.02317 0.05013 0.00136 ( 1)
 316 G   0.92377 0.02461 0.05018 0.00144 ( 1)
 317 N   0.93573 0.01415 0.04930 0.00081 ( 1)
 318 N   0.93573 0.01415 0.04930 0.00081 ( 1)
 319 P   0.92333 0.02500 0.05020 0.00147 ( 1)
 320 A   0.93127 0.01797 0.04971 0.00104 ( 1)
 321 K   0.92844 0.02017 0.05021 0.00118 ( 1)
 322 G   0.92580 0.02279 0.05007 0.00133 ( 1)
 323 G   0.92919 0.01979 0.04987 0.00115 ( 1)
 324 L   0.92623 0.02241 0.05005 0.00131 ( 1)
 325 F   0.92541 0.02314 0.05010 0.00136 ( 1)
 326 R   0.92722 0.02144 0.05008 0.00125 ( 1)
 327 A   0.92731 0.02138 0.05007 0.00125 ( 1)
 328 G   0.92805 0.02033 0.05043 0.00119 ( 1)
 329 S   0.92483 0.02350 0.05030 0.00138 ( 1)
 330 M   0.93253 0.01688 0.04961 0.00098 ( 1)
 331 D   0.93840 0.01193 0.04898 0.00068 ( 1)
 332 N   0.93573 0.01415 0.04930 0.00081 ( 1)
 333 G   0.92580 0.02279 0.05007 0.00133 ( 1)
 334 D   0.93840 0.01193 0.04898 0.00068 ( 1)
 335 G   0.92919 0.01979 0.04987 0.00115 ( 1)
 336 I   0.93296 0.01651 0.04957 0.00096 ( 1)
 337 A   0.92665 0.02203 0.05003 0.00129 ( 1)
 338 V   0.93761 0.01258 0.04908 0.00072 ( 1)
 339 G   0.92919 0.01979 0.04987 0.00115 ( 1)
 340 W   0.92382 0.02456 0.05018 0.00144 ( 1)
 341 L   0.92623 0.02241 0.05005 0.00131 ( 1)
 342 G   0.92909 0.01989 0.04986 0.00116 ( 1)
 343 H   0.93306 0.01642 0.04956 0.00095 ( 1)
 344 P   0.93282 0.01663 0.04959 0.00096 ( 1)
 345 I   0.92504 0.02347 0.05012 0.00138 ( 1)
 346 F   0.93641 0.01358 0.04923 0.00078 ( 1)
 347 R   0.92909 0.01988 0.04987 0.00116 ( 1)
 348 D   0.93840 0.01193 0.04898 0.00068 ( 1)
 349 K   0.92943 0.01958 0.04985 0.00114 ( 1)
 350 E   0.93195 0.01743 0.04960 0.00101 ( 1)
 351 G   0.92604 0.02255 0.05009 0.00132 ( 1)
 352 R   0.93245 0.01695 0.04962 0.00098 ( 1)
 353 E   0.93236 0.01703 0.04963 0.00099 ( 1)
 354 L   0.93445 0.01523 0.04943 0.00088 ( 1)
 355 F   0.93641 0.01358 0.04923 0.00078 ( 1)
 356 V   0.93110 0.01812 0.04973 0.00105 ( 1)
 357 R   0.93245 0.01695 0.04962 0.00098 ( 1)
 358 R   0.93245 0.01695 0.04962 0.00098 ( 1)
 359 M   0.93253 0.01688 0.04961 0.00098 ( 1)
 360 P   0.93282 0.01663 0.04959 0.00096 ( 1)
 361 T   0.92308 0.02523 0.05021 0.00148 ( 1)
 362 F   0.93641 0.01358 0.04923 0.00078 ( 1)
 363 F   0.93641 0.01358 0.04923 0.00078 ( 1)
 364 E   0.93236 0.01703 0.04963 0.00099 ( 1)
 365 T   0.92308 0.02523 0.05021 0.00148 ( 1)
 366 F   0.92541 0.02314 0.05010 0.00136 ( 1)
 367 P   0.92342 0.02491 0.05020 0.00146 ( 1)
 368 V   0.92440 0.02405 0.05015 0.00141 ( 1)
 369 V   0.92652 0.02215 0.05003 0.00130 ( 1)
 370 L   0.92470 0.02377 0.05013 0.00139 ( 1)
 371 V   0.93072 0.01850 0.04971 0.00107 ( 1)
 372 D   0.93840 0.01193 0.04898 0.00068 ( 1)
 373 G   0.92439 0.02398 0.05021 0.00141 ( 1)
 374 D   0.92684 0.02186 0.05003 0.00128 ( 1)
 375 G   0.92919 0.01979 0.04987 0.00115 ( 1)
 376 I   0.93769 0.01251 0.04907 0.00072 ( 1)
 377 V   0.93761 0.01258 0.04908 0.00072 ( 1)
 378 R   0.92909 0.01988 0.04987 0.00116 ( 1)
 379 A   0.92610 0.02258 0.05000 0.00132 ( 1)
 380 D   0.93840 0.01193 0.04898 0.00068 ( 1)
 381 V   0.93761 0.01258 0.04908 0.00072 ( 1)
 382 P   0.93282 0.01663 0.04959 0.00096 ( 1)
 383 F   0.93641 0.01358 0.04923 0.00078 ( 1)
 384 R   0.92178 0.02640 0.05027 0.00155 ( 1)
 385 R   0.92645 0.02221 0.05004 0.00130 ( 1)
 386 A   0.93127 0.01797 0.04971 0.00104 ( 1)
 387 E   0.93236 0.01703 0.04963 0.00099 ( 1)
 388 S   0.92322 0.02510 0.05020 0.00147 ( 1)
 389 K   0.92585 0.02274 0.05007 0.00133 ( 1)
 390 Y   0.93295 0.01652 0.04957 0.00096 ( 1)
 391 S   0.93624 0.01372 0.04925 0.00079 ( 1)
 392 V   0.92440 0.02405 0.05015 0.00141 ( 1)
 393 E   0.93236 0.01703 0.04963 0.00099 ( 1)
 394 Q   0.92479 0.02369 0.05013 0.00139 ( 1)
 395 V   0.93110 0.01812 0.04973 0.00105 ( 1)
 396 G   0.93572 0.01430 0.04915 0.00082 ( 1)
 397 V   0.93110 0.01812 0.04973 0.00105 ( 1)
 398 T   0.93546 0.01438 0.04933 0.00083 ( 1)
 399 V   0.93761 0.01258 0.04908 0.00072 ( 1)
 400 E   0.92863 0.02028 0.04991 0.00118 ( 1)
 401 F   0.92541 0.02314 0.05010 0.00136 ( 1)
 402 Y   0.92173 0.02645 0.05027 0.00156 ( 1)
 403 G   0.93661 0.01342 0.04920 0.00077 ( 1)
 404 G   0.92377 0.02461 0.05018 0.00144 ( 1)
 405 E   0.93236 0.01703 0.04963 0.00099 ( 1)
 406 L   0.92253 0.02573 0.05023 0.00151 ( 1)
 407 N   0.62505 0.32331 0.03317 0.01847 ( 1)
 408 G   0.92919 0.01979 0.04987 0.00115 ( 1)
 409 V   0.92440 0.02405 0.05015 0.00141 ( 1)
 410 S   0.73308 0.21674 0.03796 0.01222 ( 1)
 411 Y   0.93295 0.01652 0.04957 0.00096 ( 1)
 412 S   0.93624 0.01372 0.04925 0.00079 ( 1)
 413 D   0.93840 0.01193 0.04898 0.00068 ( 1)
 414 P   0.93266 0.01679 0.04958 0.00097 ( 1)
 415 A   0.93784 0.01239 0.04905 0.00071 ( 1)
 416 T   0.93546 0.01438 0.04933 0.00083 ( 1)
 417 V   0.92652 0.02215 0.05003 0.00130 ( 1)
 418 K   0.92943 0.01958 0.04985 0.00114 ( 1)
 419 K   0.92943 0.01958 0.04985 0.00114 ( 1)
 420 Y   0.93295 0.01652 0.04957 0.00096 ( 1)
 421 A   0.93784 0.01239 0.04905 0.00071 ( 1)
 422 R   0.92909 0.01988 0.04987 0.00116 ( 1)
 423 R   0.92146 0.02669 0.05028 0.00157 ( 1)
 424 A   0.93583 0.01440 0.04894 0.00082 ( 1)
 425 Q   0.92479 0.02369 0.05013 0.00139 ( 1)
 426 L   0.92472 0.02375 0.05013 0.00139 ( 1)
 427 G   0.93661 0.01342 0.04920 0.00077 ( 1)
 428 E   0.93227 0.01712 0.04962 0.00099 ( 1)
 429 I   0.93769 0.01251 0.04907 0.00072 ( 1)
 430 F   0.93641 0.01358 0.04923 0.00078 ( 1)
 431 E   0.93236 0.01703 0.04963 0.00099 ( 1)
 432 L   0.92623 0.02241 0.05005 0.00131 ( 1)
 433 D   0.93840 0.01193 0.04898 0.00068 ( 1)
 434 R   0.93245 0.01695 0.04962 0.00098 ( 1)
 435 A   0.93784 0.01239 0.04905 0.00071 ( 1)
 436 T   0.93546 0.01438 0.04933 0.00083 ( 1)
 437 L   0.92469 0.02378 0.05013 0.00139 ( 1)
 438 K   0.92943 0.01958 0.04985 0.00114 ( 1)
 439 S   0.92293 0.02530 0.05029 0.00149 ( 1)
 440 D   0.93840 0.01193 0.04898 0.00068 ( 1)
 441 G   0.93661 0.01342 0.04920 0.00077 ( 1)
 442 V   0.93761 0.01258 0.04908 0.00072 ( 1)
 443 F   0.93641 0.01358 0.04923 0.00078 ( 1)
 444 R   0.93245 0.01695 0.04962 0.00098 ( 1)
 445 S   0.92478 0.02370 0.05013 0.00139 ( 1)
 446 S   0.93538 0.01458 0.04920 0.00084 ( 1)
 447 P   0.92691 0.02182 0.04999 0.00128 ( 1)
 448 R   0.92645 0.02221 0.05004 0.00130 ( 1)
 449 G   0.93661 0.01342 0.04920 0.00077 ( 1)
 450 W   0.92382 0.02456 0.05018 0.00144 ( 1)
 451 F   0.93641 0.01358 0.04923 0.00078 ( 1)
 452 T   0.93468 0.01516 0.04929 0.00087 ( 1)
 453 F   0.93641 0.01358 0.04923 0.00078 ( 1)
 454 G   0.92910 0.01988 0.04986 0.00116 ( 1)
 455 H   0.93306 0.01642 0.04956 0.00095 ( 1)
 456 A   0.93784 0.01239 0.04905 0.00071 ( 1)
 457 S   0.93390 0.01570 0.04949 0.00091 ( 1)
 458 F   0.93641 0.01358 0.04923 0.00078 ( 1)
 459 A   0.93784 0.01239 0.04905 0.00071 ( 1)
 460 L   0.92469 0.02378 0.05013 0.00139 ( 1)
 461 L   0.92253 0.02573 0.05023 0.00151 ( 1)
 462 F   0.92541 0.02314 0.05010 0.00136 ( 1)
 463 F   0.92541 0.02314 0.05010 0.00136 ( 1)
 464 F   0.93641 0.01358 0.04923 0.00078 ( 1)
 465 G   0.92919 0.01979 0.04987 0.00115 ( 1)
 466 H   0.93306 0.01642 0.04956 0.00095 ( 1)
 467 I   0.93725 0.01296 0.04905 0.00074 ( 1)
 468 W   0.92382 0.02456 0.05018 0.00144 ( 1)
 469 H   0.93306 0.01642 0.04956 0.00095 ( 1)
 470 G   0.93661 0.01342 0.04920 0.00077 ( 1)
 471 A   0.93784 0.01239 0.04905 0.00071 ( 1)
 472 R   0.92909 0.01988 0.04987 0.00116 ( 1)
 473 T   0.92308 0.02523 0.05021 0.00148 ( 1)
 474 L   0.92076 0.02732 0.05031 0.00161 ( 1)
 475 F   0.92541 0.02314 0.05010 0.00136 ( 1)
 476 R   0.92909 0.01988 0.04987 0.00116 ( 1)
 477 D   0.93840 0.01193 0.04898 0.00068 ( 1)
 478 V   0.93761 0.01258 0.04908 0.00072 ( 1)
 479 F   0.93641 0.01358 0.04923 0.00078 ( 1)
 480 A   0.93695 0.01329 0.04900 0.00076 ( 1)
 481 G   0.93661 0.01342 0.04920 0.00077 ( 1)
 482 I   0.93769 0.01251 0.04907 0.00072 ( 1)
 483 D   0.92674 0.02196 0.05002 0.00128 ( 1)
 484 P   0.92709 0.02165 0.05000 0.00127 ( 1)
 485 D   0.93840 0.01193 0.04898 0.00068 ( 1)
 486 L   0.92469 0.02378 0.05013 0.00139 ( 1)
 487 D   0.93840 0.01193 0.04898 0.00068 ( 1)
 488 A   0.93784 0.01239 0.04905 0.00071 ( 1)
 489 Q   0.92479 0.02369 0.05013 0.00139 ( 1)
 490 V   0.93110 0.01812 0.04973 0.00105 ( 1)
 491 E   0.93236 0.01703 0.04963 0.00099 ( 1)
 492 F   0.93641 0.01358 0.04923 0.00078 ( 1)
 493 G   0.92919 0.01979 0.04987 0.00115 ( 1)
 494 A   0.93127 0.01797 0.04971 0.00104 ( 1)
 495 F   0.92563 0.02292 0.05011 0.00134 ( 1)
 496 Q   0.92479 0.02369 0.05013 0.00139 ( 1)
 497 K   0.92943 0.01958 0.04985 0.00114 ( 1)
 498 L   0.92368 0.02469 0.05018 0.00145 ( 1)
 499 G   0.92890 0.02008 0.04985 0.00117 ( 1)
 500 D   0.93840 0.01193 0.04898 0.00068 ( 1)
 501 P   0.93282 0.01663 0.04959 0.00096 ( 1)
 502 T   0.93546 0.01438 0.04933 0.00083 ( 1)
 503 T   0.92923 0.01975 0.04987 0.00115 ( 1)
 504 R   0.92909 0.01988 0.04987 0.00116 ( 1)
 505 R   0.92909 0.01988 0.04987 0.00116 ( 1)
 506 Q   0.92222 0.02600 0.05025 0.00153 ( 1)
 507 T   0.92923 0.01975 0.04987 0.00115 ( 1)
 508 V   0.62476 0.32360 0.03316 0.01849 ( 1)

