

TREE # 1

  0  0.0000   3122.789670  x:  0.00000   0.01821   0.04400   0.01520   0.05038   0.04952   0.02645   0.02900   0.04952   0.01639   0.03818   0.01856   0.01845   0.01297   0.01581   0.04991   0.04746   0.02450   0.04232   0.02757   0.05182   0.03374   0.01241   0.02746   0.00689   0.05750   0.04052   0.04088   0.06141   0.03654   2.00000   1.09989   0.02896   0.27919   2.57308  
  1 99.0000   3122.772504  x:  0.00000   0.01821   0.04400   0.01520   0.05037   0.04951   0.02644   0.02900   0.04951   0.01638   0.03818   0.01856   0.01844   0.01297   0.01581   0.04991   0.04745   0.02450   0.04232   0.02757   0.05182   0.03374   0.01241   0.02746   0.00689   0.05750   0.04052   0.04088   0.06141   0.03654   2.00000   1.09989   0.02896   0.27919   2.57308  
  2 1778.4502   3025.327577  x:  0.00000   0.01972   0.02726   0.00457   0.03198   0.03113   0.01382   0.01049   0.03112   0.01060   0.02177   0.00000   0.00593   0.00459   0.01089   0.03786   0.03692   0.02083   0.03300   0.01787   0.03362   0.02903   0.01129   0.02636   0.01313   0.04558   0.03713   0.03935   0.04933   0.02927   2.00044   1.10085   0.02801   0.27662   2.57307  
  3 7477.3087   2984.317438  x:  0.00000   0.01926   0.01831   0.00443   0.02155   0.02071   0.00961   0.00000   0.02070   0.01002   0.01327   0.00000   0.00353   0.00537   0.01047   0.03225   0.03232   0.02009   0.02926   0.01462   0.02330   0.02761   0.01096   0.02601   0.01413   0.03987   0.03596   0.03866   0.04347   0.03112   2.00070   1.10154   0.02732   0.27816   2.57306  
  4 9430.8119   2931.306132  x:  0.00000   0.01860   0.00326   0.00278   0.00241   0.00158   0.00651   0.00000   0.00158   0.00808   0.00000   0.00000   0.00796   0.00174   0.00832   0.02334   0.02518   0.01801   0.02351   0.01074   0.00438   0.02484   0.00901   0.02593   0.01314   0.03058   0.03362   0.03652   0.03363   0.03040   2.00116   1.10275   0.02609   0.28142   2.57306  
  5 18811.0007   2926.793017  x:  0.00000   0.01855   0.00200   0.00266   0.00083   0.00000   0.00619   0.00000   0.00001   0.00793   0.00001   0.00000   0.00820   0.00151   0.00816   0.02259   0.02458   0.01785   0.02302   0.01039   0.00282   0.02462   0.00887   0.02591   0.01311   0.02980   0.03343   0.03636   0.03281   0.03038   2.00120   1.10285   0.02599   0.28168   2.57306  
  6 15552.0457   2926.785833  x:  0.00000   0.01855   0.00200   0.00266   0.00083   0.00000   0.00619   0.00000   0.00000   0.00793   0.00001   0.00000   0.00820   0.00151   0.00816   0.02259   0.02458   0.01785   0.02302   0.01039   0.00282   0.02462   0.00887   0.02591   0.01311   0.02979   0.03343   0.03636   0.03281   0.03038   2.00120   1.10285   0.02599   0.28168   2.57306  
  7 6666.3397   2925.371313  x:  0.00000   0.01854   0.00206   0.00274   0.00000   0.00000   0.00615   0.00000   0.00000   0.00770   0.00001   0.00000   0.00814   0.00143   0.00810   0.02227   0.02432   0.01776   0.02281   0.01029   0.00200   0.02451   0.00880   0.02590   0.01308   0.02944   0.03334   0.03627   0.03242   0.03033   2.00122   1.10290   0.02594   0.28181   2.57305  
  8 19027.7375   2923.699909  x:  0.00000   0.01856   0.00192   0.00273   0.00000   0.00000   0.00654   0.00000   0.00000   0.00747   0.00001   0.00000   0.00769   0.00141   0.00803   0.02188   0.02399   0.01758   0.02256   0.01041   0.00000   0.02431   0.00865   0.02590   0.01281   0.02886   0.03316   0.03602   0.03174   0.03011   2.00126   1.10301   0.02583   0.28211   2.57305  
  9 1533.1136   2918.381746  x:  0.00000   0.01867   0.00442   0.00053   0.00000   0.00000   0.00354   0.00000   0.00000   0.00877   0.00001   0.00000   0.00668   0.00054   0.00768   0.01713   0.02012   0.01598   0.01975   0.01029   0.00000   0.02222   0.00747   0.02584   0.00973   0.02134   0.03112   0.03296   0.02271   0.02852   2.00194   1.10474   0.02410   0.28733   2.57304  
 10 1036.5293   2917.601762  x:  0.00000   0.01876   0.00469   0.00107   0.00000   0.00000   0.00278   0.00000   0.00000   0.00877   0.00000   0.00000   0.00672   0.00052   0.00733   0.01647   0.01954   0.01561   0.01929   0.01003   0.00000   0.02181   0.00719   0.02586   0.00922   0.02025   0.03074   0.03243   0.02138   0.02793   2.00205   1.10499   0.02384   0.28786   2.57304  
 11 2267.5707   2917.601762  x:  0.00000   0.01876   0.00469   0.00107   0.00000   0.00000   0.00278   0.00000   0.00000   0.00877   0.00000   0.00000   0.00672   0.00052   0.00733   0.01647   0.01954   0.01561   0.01929   0.01003   0.00000   0.02181   0.00719   0.02586   0.00922   0.02025   0.03074   0.03243   0.02138   0.02793   2.00205   1.10499   0.02384   0.28786   2.57304  
 12 303.3538   2912.298761  x:  0.00000   0.01876   0.00468   0.00108   0.00000   0.00000   0.00278   0.00000   0.00000   0.00876   0.00219   0.00000   0.00671   0.00054   0.00733   0.01647   0.01954   0.01561   0.01928   0.01003   0.00000   0.02181   0.00719   0.02586   0.00922   0.02025   0.03074   0.03243   0.02137   0.02794   2.00205   1.10499   0.02384   0.28786   2.57304  
 13 222222.9807   2907.747501  x:  0.00000   0.01803   0.00229   0.00525   0.00000   0.00000   0.00499   0.00000   0.00000   0.00648   0.00219   0.00000   0.00368   0.01247   0.00556   0.01495   0.01802   0.01421   0.01781   0.00843   0.00000   0.02056   0.00533   0.02647   0.00585   0.01876   0.02964   0.03131   0.01983   0.03239   2.00214   1.10515   0.02369   0.28680   2.57304  
 14 1655.1091   2902.830429  x:  0.00000   0.01719   0.00115   0.00355   0.00000   0.00000   0.00474   0.00000   0.00000   0.00414   0.00219   0.00000   0.00074   0.01184   0.00389   0.01312   0.01617   0.01259   0.01602   0.00680   0.00000   0.01905   0.00354   0.02723   0.00178   0.01690   0.02826   0.02986   0.01789   0.03727   2.00228   1.10537   0.02348   0.28533   2.57303  
 15 945.6149   2901.608884  x:  0.00000   0.01682   0.00151   0.00303   0.00000   0.00000   0.00472   0.00000   0.00000   0.00338   0.00219   0.00000   0.00178   0.01178   0.00340   0.01232   0.01534   0.01189   0.01522   0.00619   0.00000   0.01837   0.00298   0.02756   0.00062   0.01605   0.02763   0.02918   0.01700   0.03945   2.00235   1.10548   0.02337   0.28462   2.57303  
 16 1683.1381   2899.660416  x:  0.00000   0.01592   0.00225   0.00201   0.00000   0.00000   0.00468   0.00000   0.00000   0.00215   0.00219   0.00000   0.00255   0.01161   0.00272   0.01036   0.01326   0.01019   0.01321   0.00489   0.00000   0.01666   0.00214   0.02843   0.00247   0.01393   0.02601   0.02739   0.01472   0.04494   2.00253   1.10577   0.02309   0.28270   2.57302  
 17 1814.0437   2897.929351  x:  0.00000   0.01505   0.00232   0.00256   0.00000   0.00000   0.00468   0.00000   0.00000   0.00489   0.00219   0.00000   0.00269   0.01097   0.00420   0.00868   0.01122   0.00880   0.01125   0.00487   0.00000   0.01490   0.00384   0.02939   0.00258   0.01173   0.02412   0.02524   0.01228   0.05104   2.00277   1.10618   0.02270   0.28009   2.57302  
 18 1092.4923   2897.094520  x:  0.00000   0.01476   0.00174   0.00423   0.00000   0.00000   0.00489   0.00000   0.00000   0.00368   0.00219   0.00000   0.00299   0.00989   0.00446   0.01015   0.01156   0.01020   0.01160   0.00785   0.00000   0.01426   0.00443   0.02998   0.00275   0.01172   0.02272   0.02355   0.01154   0.05583   2.00313   1.10678   0.02212   0.27633   2.57300  
 19 332.8348   2896.518657  x:  0.00000   0.01492   0.00376   0.00419   0.00000   0.00000   0.00510   0.00000   0.00000   0.00457   0.00219   0.00000   0.00242   0.00986   0.00409   0.01166   0.01289   0.01158   0.01291   0.00771   0.00000   0.01456   0.00405   0.03030   0.00267   0.01294   0.02190   0.02245   0.01222   0.06011   2.00365   1.10763   0.02129   0.27095   2.57299  
 20 329.8725   2895.652378  x:  0.00000   0.01548   0.00180   0.00313   0.00000   0.00000   0.00496   0.00000   0.00000   0.00535   0.00219   0.00000   0.00327   0.00994   0.00443   0.01278   0.01456   0.01255   0.01453   0.00598   0.00000   0.01561   0.00415   0.03045   0.00301   0.01468   0.02162   0.02184   0.01385   0.06489   2.00451   1.10908   0.01990   0.26189   2.57296  
 21 499.8482   2893.061282  x:  0.00000   0.01800   0.00321   0.00404   0.00000   0.00000   0.00366   0.00000   0.00000   0.00236   0.00219   0.00000   0.00289   0.00963   0.00703   0.01035   0.01585   0.01005   0.01575   0.00588   0.00000   0.01988   0.00782   0.02933   0.00288   0.01706   0.02550   0.02502   0.01866   0.07298   2.00833   1.11556   0.01364   0.22127   2.57283  
 22 438.8844   2882.171812  x:  0.00000   0.02376   0.00214   0.00559   0.00000   0.00000   0.00843   0.00000   0.00000   0.00685   0.00219   0.00000   0.00410   0.00697   0.00122   0.00462   0.01606   0.00472   0.01580   0.01460   0.00000   0.03012   0.00533   0.02496   0.00382   0.02071   0.03962   0.03806   0.02945   0.09292   2.02361   1.14165  -0.01156   0.05756   2.57232  
 23 2404.8638   2875.531753  x:  0.00000   0.02530   0.00207   0.00550   0.00000   0.00000   0.00984   0.00000   0.00000   0.00777   0.00219   0.00000   0.00432   0.00648   0.00213   0.00420   0.01552   0.00442   0.01524   0.01674   0.00000   0.03294   0.00340   0.02381   0.00401   0.02120   0.04426   0.04246   0.03228   0.09886   2.02895   1.15081  -0.02041   0.00000   2.57214  
 24 19617.9862   2869.728286  x:  0.00000   0.02003   0.00220   0.00586   0.00000   0.00000   0.00696   0.00000   0.00000   0.00498   0.00219   0.00000   0.00351   0.00775   0.00305   0.00288   0.01848   0.00324   0.01821   0.01138   0.00000   0.02346   0.00527   0.02658   0.00332   0.02096   0.02762   0.02669   0.02320   0.07875   2.00975   1.11776   0.01151   0.00000   2.57279  
 25 8060.8274   2866.008795  x:  0.00000   0.01892   0.00230   0.00632   0.00000   0.00000   0.00595   0.00000   0.00000   0.00385   0.00219   0.00000   0.00304   0.00813   0.00366   0.00734   0.01508   0.00439   0.01473   0.00749   0.00000   0.02009   0.00529   0.02430   0.00294   0.01905   0.02115   0.02077   0.01936   0.06934   1.99509   1.09239   0.03601   0.00000   2.57329  
 26 1196.9572   2865.167588  x:  0.00000   0.01860   0.00233   0.00587   0.00000   0.00000   0.00536   0.00000   0.00000   0.00373   0.00219   0.00000   0.00295   0.00853   0.00379   0.00575   0.01457   0.00757   0.01428   0.00712   0.00000   0.01931   0.00530   0.02490   0.00286   0.01830   0.02079   0.02055   0.01836   0.06785   1.99199   1.08712   0.04110   0.00000   2.57339  
 27 865.3497   2863.930834  x:  0.00000   0.01727   0.00239   0.00296   0.00000   0.00000   0.00388   0.00000   0.00000   0.00406   0.00219   0.00000   0.00288   0.01020   0.00437   0.00661   0.01589   0.00753   0.01599   0.00873   0.00000   0.01740   0.00526   0.03087   0.00279   0.01607   0.02365   0.02368   0.01569   0.06746   1.98876   1.08210   0.04594   0.00000   2.57350  
 28 286.5548   2863.703493  x:  0.00000   0.01691   0.00238   0.00372   0.00000   0.00000   0.00556   0.00000   0.00000   0.00382   0.00219   0.00000   0.00286   0.00951   0.00453   0.00674   0.01634   0.00762   0.01647   0.00775   0.00000   0.01701   0.00534   0.03298   0.00277   0.01557   0.02453   0.02469   0.01501   0.06738   1.98836   1.08178   0.04624   0.00000   2.57351  
 29 168.1908   2863.628472  x:  0.00000   0.01688   0.00231   0.00476   0.00000   0.00000   0.00483   0.00000   0.00000   0.00396   0.00219   0.00000   0.00290   0.00916   0.00448   0.00675   0.01634   0.00757   0.01637   0.00731   0.00000   0.01709   0.00472   0.03391   0.00281   0.01569   0.02466   0.02496   0.01494   0.06735   1.98858   1.08270   0.04535   0.00000   2.57349  
 30 72.1777   2863.159805  x:  0.00598   0.01769   0.00234   0.00419   0.00000   0.00000   0.00538   0.00000   0.00000   0.00394   0.00219   0.00000   0.00286   0.00934   0.00461   0.00675   0.01503   0.00752   0.01427   0.00794   0.00000   0.01865   0.00463   0.03760   0.00277   0.01746   0.02336   0.02444   0.01601   0.06678   1.99216   1.09430   0.03408   0.00000   2.57332  
 31 86.4903   2859.693195  x:  0.02808   0.02203   0.00239   0.00328   0.00000   0.00000   0.00628   0.00000   0.00000   0.00402   0.00219   0.00000   0.00266   0.00976   0.00497   0.00671   0.01194   0.00749   0.01503   0.00880   0.00000   0.02439   0.00279   0.04378   0.00259   0.01208   0.04108   0.00000   0.01839   0.06387   2.02577   1.20179  -0.07036   0.00000   2.57174  
 32 320.7960   2857.255314  x:  0.04236   0.01812   0.00238   0.00296   0.00000   0.00000   0.00604   0.00000   0.00000   0.00374   0.00219   0.00000   0.00261   0.00995   0.00508   0.00665   0.01694   0.00754   0.01196   0.00802   0.00000   0.01967   0.00358   0.03811   0.00250   0.01486   0.05029   0.00000   0.01462   0.06399   2.05212   1.28542  -0.15160   0.00000   2.57051  
 33 1051.1283   2852.556264  x:  0.04555   0.01414   0.00233   0.00330   0.00000   0.00000   0.00545   0.00000   0.00000   0.00337   0.00219   0.00000   0.00256   0.00983   0.00534   0.00658   0.00901   0.00754   0.02337   0.00685   0.00000   0.01307   0.00430   0.03152   0.00247   0.01492   0.04549   0.00000   0.01381   0.06435   2.09898   1.43387  -0.29578   0.00000   2.56830  
 34 1121.4377   2844.985409  x:  0.03503   0.01653   0.00232   0.00337   0.00000   0.00000   0.00491   0.00000   0.00000   0.00315   0.00219   0.00000   0.00242   0.00989   0.00591   0.00648   0.01607   0.00748   0.02301   0.00601   0.00000   0.01599   0.00367   0.02857   0.00242   0.00617   0.03022   0.00000   0.01079   0.06371   2.17051   1.66048  -0.51583   0.00000   2.56491  
 35 3414.3749   2841.265073  x:  0.02120   0.01692   0.00232   0.00299   0.00000   0.00000   0.00505   0.00000   0.00000   0.00297   0.00219   0.00000   0.00233   0.01005   0.00635   0.00642   0.01556   0.00732   0.01839   0.00612   0.00000   0.01616   0.00354   0.03269   0.00232   0.01207   0.02632   0.00000   0.00856   0.06270   2.21084   1.78827  -0.63991   0.00000   2.56299  
 36 4936.6750   2840.804912  x:  0.01912   0.01511   0.00232   0.00305   0.00000   0.00000   0.00509   0.00000   0.00000   0.00296   0.00219   0.00000   0.00233   0.01001   0.00641   0.00643   0.01596   0.00731   0.01677   0.00629   0.00000   0.01438   0.00350   0.03384   0.00232   0.01173   0.02582   0.00000   0.01208   0.06252   2.21622   1.80497  -0.65611   0.00000   2.56273  
 37 980.4385   2840.802705  x:  0.01910   0.01482   0.00232   0.00305   0.00000   0.00000   0.00509   0.00000   0.00000   0.00296   0.00219   0.00000   0.00233   0.01001   0.00641   0.00643   0.01594   0.00731   0.01677   0.00630   0.00000   0.01460   0.00351   0.03383   0.00232   0.01172   0.02582   0.00000   0.01206   0.06252   2.21643   1.80505  -0.65615   0.00000   2.56272  
 38 10.7420   2840.475500  x:  0.01910   0.01464   0.00232   0.00304   0.00000   0.00000   0.00509   0.00000   0.00000   0.00296   0.00219   0.00000   0.00233   0.01001   0.00641   0.00644   0.01592   0.00732   0.01678   0.00630   0.00000   0.01473   0.00351   0.03383   0.00232   0.01172   0.02582   0.00583   0.01205   0.06252   2.21683   1.80511  -0.65614   0.00000   2.56269  
 39 123.2645   2838.135250  x:  0.01947   0.01588   0.00230   0.00315   0.00000   0.00000   0.00470   0.00000   0.00000   0.00299   0.00219   0.00000   0.00233   0.00927   0.00540   0.00684   0.01515   0.00757   0.01626   0.00589   0.00000   0.01595   0.00485   0.03561   0.00233   0.01193   0.02434   0.00501   0.01308   0.06150   3.27616   1.85408  -0.51225   0.00000   2.47540  
 40  5.9748   2835.059716  x:  0.01956   0.01662   0.00191   0.00293   0.00000   0.00000   0.00481   0.00000   0.00000   0.00491   0.00219   0.00000   0.00220   0.00416   0.00498   0.00858   0.01237   0.00901   0.01007   0.00730   0.00000   0.01699   0.00327   0.02874   0.00221   0.01355   0.02473   0.00431   0.01436   0.06639   3.31868   2.58541  -0.04559   0.00000   1.92892  
 41  0.8160   2834.868082  x:  0.01957   0.01669   0.00187   0.00291   0.00000   0.00000   0.00482   0.00000   0.00000   0.00510   0.00219   0.00000   0.00219   0.00366   0.00494   0.00876   0.01209   0.00915   0.00946   0.00744   0.00000   0.01709   0.00311   0.02807   0.00219   0.01371   0.02476   0.00424   0.01449   0.06687   3.32287   2.65734   0.00032   0.00724   1.87516  
 42 778.1920   2834.030077  x:  0.01976   0.01584   0.00181   0.00239   0.00000   0.00000   0.00490   0.00000   0.00000   0.00529   0.00219   0.00000   0.00209   0.00154   0.00502   0.00939   0.01187   0.00965   0.01236   0.00709   0.00000   0.01598   0.00324   0.02754   0.00211   0.01369   0.02261   0.00405   0.01411   0.06538   3.31679   2.96283   0.22609   0.01023   1.59728  
 43  0.7609   2833.660437  x:  0.02021   0.01535   0.00199   0.00145   0.00000   0.00000   0.00460   0.00000   0.00000   0.00500   0.00219   0.00000   0.00199   0.00223   0.00526   0.00968   0.01190   0.00981   0.01280   0.00657   0.00000   0.01523   0.00386   0.02950   0.00201   0.01337   0.02259   0.00372   0.01364   0.06120   3.26662   3.12311   0.34223   0.01210   1.42529  
 44  0.5519   2833.435726  x:  0.02051   0.01514   0.00215   0.00230   0.00000   0.00000   0.00406   0.00000   0.00000   0.00466   0.00219   0.00000   0.00201   0.00207   0.00538   0.00996   0.01244   0.00999   0.01288   0.00596   0.00000   0.01489   0.00429   0.03079   0.00202   0.01322   0.02374   0.00352   0.01330   0.05800   3.21042   3.29732   0.47002   0.01358   1.22085  
 45  0.6835   2833.291873  x:  0.02098   0.01572   0.00213   0.00222   0.00000   0.00000   0.00411   0.00000   0.00000   0.00455   0.00219   0.00000   0.00211   0.00196   0.00537   0.01021   0.01283   0.01023   0.01317   0.00642   0.00000   0.01558   0.00415   0.03078   0.00207   0.01332   0.02389   0.00301   0.01353   0.05758   3.16878   3.48012   0.59483   0.01546   1.00000  
 46  0.4788   2833.169176  x:  0.02074   0.01563   0.00208   0.00203   0.00000   0.00000   0.00416   0.00000   0.00000   0.00420   0.00219   0.00000   0.00220   0.00197   0.00505   0.01083   0.01367   0.01084   0.01304   0.00670   0.00000   0.01555   0.00399   0.02851   0.00210   0.01314   0.02356   0.00327   0.01326   0.05864   3.09899   3.90697   0.89632   0.01815   1.00000  
 47  0.4310   2833.106635  x:  0.02145   0.01606   0.00207   0.00202   0.00000   0.00000   0.00434   0.00000   0.00000   0.00402   0.00219   0.00000   0.00217   0.00192   0.00485   0.01113   0.01296   0.01109   0.01270   0.00668   0.00000   0.01617   0.00370   0.02999   0.00206   0.01302   0.02311   0.00245   0.01355   0.05895   3.07539   4.19697   1.08835   0.02073   1.00000  
 48  0.4033   2833.059758  x:  0.02187   0.01575   0.00210   0.00218   0.00000   0.00000   0.00428   0.00000   0.00000   0.00413   0.00219   0.00000   0.00219   0.00227   0.00450   0.01129   0.01279   0.01121   0.01315   0.00656   0.00000   0.01579   0.00382   0.03015   0.00209   0.01313   0.02388   0.00199   0.01360   0.05972   3.10941   4.45797   1.28515   0.02256   1.00000  
 49  0.2323   2833.040302  x:  0.02188   0.01546   0.00210   0.00214   0.00000   0.00000   0.00424   0.00000   0.00000   0.00417   0.00219   0.00000   0.00214   0.00209   0.00428   0.01134   0.01276   0.01121   0.01277   0.00637   0.00000   0.01535   0.00405   0.03015   0.00205   0.01308   0.02371   0.00199   0.01342   0.05930   3.12873   4.62542   1.41156   0.02312   1.00000  
 50  0.2247   2833.031654  x:  0.02190   0.01556   0.00210   0.00218   0.00000   0.00000   0.00423   0.00000   0.00000   0.00426   0.00219   0.00000   0.00212   0.00215   0.00417   0.01121   0.01284   0.01108   0.01289   0.00642   0.00000   0.01543   0.00399   0.03003   0.00205   0.01306   0.02305   0.00197   0.01337   0.05892   3.12737   4.72563   1.48985   0.02347   1.00000  
 51  0.1003   2833.021449  x:  0.02224   0.01573   0.00206   0.00213   0.00000   0.00000   0.00431   0.00000   0.00000   0.00436   0.00219   0.00000   0.00210   0.00207   0.00410   0.01096   0.01297   0.01083   0.01292   0.00648   0.00000   0.01566   0.00403   0.03005   0.00205   0.01318   0.02345   0.00165   0.01340   0.05908   3.10896   4.88752   1.62068   0.02411   1.00000  
 52  0.1196   2833.014947  x:  0.02241   0.01550   0.00207   0.00214   0.00000   0.00000   0.00420   0.00000   0.00000   0.00428   0.00218   0.00000   0.00211   0.00211   0.00416   0.01074   0.01286   0.01064   0.01291   0.00654   0.00000   0.01544   0.00396   0.03015   0.00206   0.01309   0.02355   0.00145   0.01331   0.05890   3.09656   5.03948   1.75045   0.02455   1.00000  
 53  0.0861   2833.011141  x:  0.02242   0.01558   0.00209   0.00214   0.00000   0.00000   0.00424   0.00000   0.00000   0.00421   0.00218   0.00000   0.00213   0.00212   0.00424   0.01066   0.01276   0.01061   0.01289   0.00639   0.00000   0.01550   0.00405   0.02994   0.00207   0.01301   0.02343   0.00143   0.01336   0.05913   3.09963   5.18068   1.87379   0.02497   1.00000  
 54  0.1104   2833.007651  x:  0.02259   0.01555   0.00209   0.00213   0.00000   0.00000   0.00431   0.00000   0.00000   0.00421   0.00218   0.00000   0.00215   0.00209   0.00430   0.01067   0.01290   0.01067   0.01287   0.00640   0.00000   0.01542   0.00393   0.02996   0.00208   0.01301   0.02342   0.00125   0.01339   0.05915   3.12317   5.36645   2.04079   0.02533   1.00000  
 55  0.1351   2833.004466  x:  0.02266   0.01564   0.00207   0.00213   0.00000   0.00000   0.00419   0.00000   0.00000   0.00426   0.00218   0.00000   0.00214   0.00209   0.00435   0.01072   0.01281   0.01073   0.01290   0.00648   0.00000   0.01556   0.00396   0.02991   0.00206   0.01303   0.02346   0.00120   0.01337   0.05895   3.13282   5.58702   2.24784   0.02551   1.00000  
 56  0.1268   2833.000044  x:  0.02262   0.01553   0.00208   0.00217   0.00000   0.00000   0.00433   0.00000   0.00000   0.00431   0.00218   0.00000   0.00208   0.00214   0.00442   0.01078   0.01287   0.01076   0.01292   0.00647   0.00000   0.01549   0.00404   0.02998   0.00203   0.01305   0.02349   0.00124   0.01327   0.05885   3.11447   5.93889   2.60351   0.02529   1.00000  
 57  0.1243   2832.991619  x:  0.02238   0.01556   0.00199   0.00215   0.00000   0.00000   0.00420   0.00000   0.00000   0.00434   0.00217   0.00000   0.00211   0.00209   0.00440   0.01088   0.01284   0.01077   0.01281   0.00641   0.00000   0.01542   0.00396   0.03002   0.00205   0.01310   0.02335   0.00146   0.01337   0.05949   3.09664   6.57654   3.28624   0.02451   1.00000  
 58  0.2065   2832.983909  x:  0.02223   0.01563   0.00215   0.00214   0.00000   0.00000   0.00425   0.00000   0.00000   0.00429   0.00217   0.00000   0.00210   0.00209   0.00432   0.01084   0.01280   0.01070   0.01287   0.00649   0.00000   0.01552   0.00396   0.02995   0.00207   0.01313   0.02346   0.00164   0.01345   0.05919   3.11318   7.30639   4.07384   0.02333   1.00000  
 59  0.4541   2832.981883  x:  0.02223   0.01560   0.00206   0.00214   0.00000   0.00000   0.00428   0.00000   0.00000   0.00425   0.00217   0.00000   0.00214   0.00211   0.00430   0.01081   0.01287   0.01070   0.01291   0.00646   0.00000   0.01553   0.00399   0.03003   0.00208   0.01309   0.02348   0.00166   0.01340   0.05898   3.11959   7.76142   4.53502   0.02327   1.00000  
 60  0.4880   2832.980512  x:  0.02229   0.01559   0.00208   0.00214   0.00000   0.00000   0.00423   0.00000   0.00000   0.00426   0.00216   0.00000   0.00211   0.00209   0.00429   0.01078   0.01288   0.01075   0.01289   0.00644   0.00000   0.01553   0.00398   0.03006   0.00205   0.01304   0.02347   0.00159   0.01335   0.05923   3.11932   8.69885   5.46034   0.02362   1.00000  
 61  0.4247   2832.979884  x:  0.02232   0.01561   0.00208   0.00215   0.00000   0.00000   0.00427   0.00000   0.00000   0.00426   0.00215   0.00000   0.00213   0.00211   0.00430   0.01076   0.01284   0.01075   0.01289   0.00647   0.00000   0.01553   0.00398   0.03001   0.00206   0.01306   0.02347   0.00155   0.01339   0.05907   3.11767   9.41649   6.18256   0.02338   1.00000  
 62  0.4671   2832.979590  x:  0.02239   0.01559   0.00209   0.00214   0.00000   0.00000   0.00425   0.00000   0.00000   0.00427   0.00215   0.00000   0.00213   0.00210   0.00430   0.01077   0.01287   0.01077   0.01290   0.00645   0.00000   0.01551   0.00399   0.03003   0.00206   0.01308   0.02347   0.00149   0.01340   0.05910   3.11503  10.43944   7.20264   0.02354   1.00000  
 63  0.5017   2832.979438  x:  0.02244   0.01560   0.00208   0.00214   0.00000   0.00000   0.00426   0.00000   0.00000   0.00426   0.00214   0.00000   0.00213   0.00210   0.00430   0.01076   0.01285   0.01075   0.01288   0.00646   0.00000   0.01553   0.00398   0.03003   0.00206   0.01308   0.02346   0.00144   0.01339   0.05912   3.11760  11.33001   8.09275   0.02343   1.00000  
 64  0.4812   2832.979356  x:  0.02248   0.01560   0.00208   0.00214   0.00000   0.00000   0.00426   0.00000   0.00000   0.00426   0.00213   0.00000   0.00213   0.00210   0.00430   0.01079   0.01286   0.01074   0.01290   0.00646   0.00000   0.01552   0.00398   0.03002   0.00206   0.01308   0.02347   0.00140   0.01338   0.05909   3.11648  12.33230   9.09562   0.02352   1.00000  
 65  0.5570   2832.979332  x:  0.02252   0.01560   0.00208   0.00214   0.00000   0.00000   0.00426   0.00000   0.00000   0.00426   0.00213   0.00000   0.00213   0.00210   0.00430   0.01079   0.01286   0.01073   0.01289   0.00646   0.00000   0.01552   0.00398   0.03002   0.00206   0.01308   0.02347   0.00136   0.01339   0.05911   3.11755  13.02468   9.78715   0.02349   1.00000  
 66  0.4899   2832.979326  x:  0.02254   0.01560   0.00208   0.00214   0.00000   0.00000   0.00426   0.00000   0.00000   0.00426   0.00213   0.00000   0.00213   0.00210   0.00430   0.01079   0.01286   0.01074   0.01289   0.00646   0.00000   0.01552   0.00398   0.03002   0.00206   0.01308   0.02347   0.00134   0.01339   0.05910   3.11689  13.47886  10.24135   0.02351   1.00000  
 67  0.2884   2832.979323  x:  0.02256   0.01560   0.00208   0.00214   0.00000   0.00000   0.00426   0.00000   0.00000   0.00426   0.00212   0.00000   0.00213   0.00210   0.00430   0.01078   0.01286   0.01074   0.01289   0.00646   0.00000   0.01552   0.00398   0.03002   0.00206   0.01307   0.02347   0.00132   0.01339   0.05911   3.11714  13.83486  10.59756   0.02349   1.00000  
 68  0.1913   2832.979323  x:  0.02256   0.01560   0.00208   0.00214   0.00000   0.00000   0.00426   0.00000   0.00000   0.00426   0.00212   0.00000   0.00213   0.00210   0.00430   0.01078   0.01286   0.01074   0.01289   0.00646   0.00000   0.01552   0.00398   0.03002   0.00206   0.01308   0.02347   0.00132   0.01339   0.05910   3.11710  13.80560  10.56831   0.02349   1.00000  
 69  0.0804   2832.979323  x:  0.02255   0.01560   0.00208   0.00214   0.00000   0.00000   0.00426   0.00000   0.00000   0.00426   0.00212   0.00000   0.00213   0.00210   0.00430   0.01078   0.01286   0.01074   0.01289   0.00646   0.00000   0.01552   0.00398   0.03002   0.00206   0.01308   0.02347   0.00132   0.01339   0.05910   3.11709  13.79911  10.56183   0.02349   1.00000  
 70  0.0444   2832.979323  x:  0.02255   0.01560   0.00208   0.00214   0.00000   0.00000   0.00426   0.00000   0.00000   0.00426   0.00212   0.00000   0.00213   0.00210   0.00430   0.01078   0.01286   0.01074   0.01289   0.00646   0.00000   0.01552   0.00398   0.03002   0.00206   0.01308   0.02347   0.00132   0.01339   0.05910   3.11709  13.79665  10.55937   0.02349   1.00000  
 71  0.0331   2832.979323  x:  0.02255   0.01560   0.00208   0.00214   0.00000   0.00000   0.00426   0.00000   0.00000   0.00426   0.00212   0.00000   0.00213   0.00210   0.00430   0.01078   0.01286   0.01074   0.01289   0.00646   0.00000   0.01552   0.00398   0.03002   0.00206   0.01308   0.02347   0.00132   0.01339   0.05910   3.11709  13.79530  10.55802   0.02349   1.00000  
 72  0.0290   2832.979323  x:  0.02255   0.01560   0.00208   0.00214   0.00000   0.00000   0.00426   0.00000   0.00000   0.00426   0.00212   0.00000   0.00213   0.00210   0.00430   0.01078   0.01286   0.01074   0.01289   0.00646   0.00000   0.01552   0.00398   0.03002   0.00206   0.01308   0.02347   0.00132   0.01339   0.05910   3.11709  13.79396  10.55668   0.02349   1.00000  
 73  0.0219   2832.979323  x:  0.02255   0.01560   0.00208   0.00214   0.00000   0.00000   0.00426   0.00000   0.00000   0.00426   0.00212   0.00000   0.00213   0.00210   0.00430   0.01078   0.01286   0.01074   0.01289   0.00646   0.00000   0.01552   0.00398   0.03002   0.00206   0.01308   0.02347   0.00132   0.01339   0.05910   3.11708  13.79261  10.55534   0.02349   1.00000  
 74  0.0179   2832.979323  x:  0.02255   0.01560   0.00208   0.00214   0.00000   0.00000   0.00426   0.00000   0.00000   0.00426   0.00212   0.00000   0.00213   0.00210   0.00430   0.01078   0.01286   0.01074   0.01289   0.00646   0.00000   0.01552   0.00398   0.03002   0.00206   0.01308   0.02347   0.00132   0.01339   0.05910   3.11708  13.79261  10.55534   0.02349   1.00000  
 75  0.0286   2832.979323  x:  0.02255   0.01560   0.00208   0.00214   0.00000   0.00000   0.00426   0.00000   0.00000   0.00426   0.00212   0.00000   0.00213   0.00210   0.00430   0.01078   0.01286   0.01074   0.01289   0.00646   0.00000   0.01552   0.00398   0.03002   0.00206   0.01308   0.02347   0.00132   0.01339   0.05910   3.11708  13.79192  10.55464   0.02349   1.00000  
 76  0.1020   2832.979323  x:  0.02255   0.01560   0.00208   0.00214   0.00000   0.00000   0.00426   0.00000   0.00000   0.00426   0.00212   0.00000   0.00213   0.00210   0.00430   0.01078   0.01286   0.01074   0.01289   0.00646   0.00000   0.01552   0.00398   0.03002   0.00206   0.01308   0.02347   0.00132   0.01339   0.05910   3.11708  13.79174  10.55447   0.02349   1.00000  
 77  0.0044   2832.979323  x:  0.02255   0.01560   0.00208   0.00214   0.00000   0.00000   0.00426   0.00000   0.00000   0.00426   0.00212   0.00000   0.00213   0.00210   0.00430   0.01078   0.01286   0.01074   0.01289   0.00646   0.00000   0.01552   0.00398   0.03002   0.00206   0.01308   0.02347   0.00132   0.01339   0.05910   3.11708  13.79157  10.55430   0.02349   1.00000  
 78  0.0044   2832.979323  x:  0.02255   0.01560   0.00208   0.00214   0.00000   0.00000   0.00426   0.00000   0.00000   0.00426   0.00212   0.00000   0.00213   0.00210   0.00430   0.01078   0.01286   0.01074   0.01289   0.00646   0.00000   0.01552   0.00398   0.03002   0.00206   0.01308   0.02347   0.00132   0.01339   0.05910   3.11708  13.79135  10.55409   0.02349   1.00000  
 79  0.0044   2832.979323  x:  0.02255   0.01560   0.00208   0.00214   0.00000   0.00000   0.00426   0.00000   0.00000   0.00426   0.00212   0.00000   0.00213   0.00210   0.00430   0.01078   0.01286   0.01074   0.01289   0.00646   0.00000   0.01552   0.00398   0.03002   0.00206   0.01308   0.02347   0.00132   0.01339   0.05910   3.11707  13.79114  10.55387   0.02349   1.00000  
 80  0.0045   2832.979323  x:  0.02255   0.01560   0.00208   0.00214   0.00000   0.00000   0.00426   0.00000   0.00000   0.00426   0.00212   0.00000   0.00213   0.00210   0.00430   0.01078   0.01286   0.01074   0.01289   0.00646   0.00000   0.01552   0.00398   0.03002   0.00206   0.01308   0.02347   0.00132   0.01339   0.05910   3.11707  13.79093  10.55366   0.02349   1.00000  
 81  0.0045   2832.979323  x:  0.02255   0.01560   0.00208   0.00214   0.00000   0.00000   0.00426   0.00000   0.00000   0.00426   0.00212   0.00000   0.00213   0.00210   0.00430   0.01078   0.01286   0.01074   0.01289   0.00646   0.00000   0.01552   0.00398   0.03002   0.00206   0.01308   0.02347   0.00132   0.01339   0.05910   3.11707  13.79079  10.55352   0.02349   1.00000  
 82  0.0045   2832.979323  x:  0.02255   0.01560   0.00208   0.00214   0.00000   0.00000   0.00426   0.00000   0.00000   0.00426   0.00212   0.00000   0.00213   0.00210   0.00430   0.01078   0.01286   0.01074   0.01289   0.00646   0.00000   0.01552   0.00398   0.03002   0.00206   0.01308   0.02347   0.00132   0.01339   0.05910   3.11707  13.79055  10.55329   0.02349   1.00000  
 83  0.0047   2832.979323  x:  0.02255   0.01560   0.00208   0.00214   0.00000   0.00000   0.00426   0.00000   0.00000   0.00426   0.00212   0.00000   0.00213   0.00210   0.00430   0.01078   0.01286   0.01074   0.01289   0.00646   0.00000   0.01552   0.00398   0.03002   0.00206   0.01308   0.02347   0.00132   0.01339   0.05910   3.11707  13.79032  10.55305   0.02349   1.00000  
 84  0.0049   2832.979323  x:  0.02255   0.01560   0.00208   0.00214   0.00000   0.00000   0.00426   0.00000   0.00000   0.00426   0.00212   0.00000   0.00213   0.00210   0.00430   0.01078   0.01286   0.01074   0.01289   0.00646   0.00000   0.01552   0.00398   0.03002   0.00206   0.01308   0.02347   0.00132   0.01339   0.05910   3.11707  13.79008  10.55281   0.02349   1.00000  
 85  0.0049   2832.979323  x:  0.02255   0.01560   0.00208   0.00214   0.00000   0.00000   0.00426   0.00000   0.00000   0.00426   0.00212   0.00000   0.00213   0.00210   0.00430   0.01078   0.01286   0.01074   0.01289   0.00646   0.00000   0.01552   0.00398   0.03002   0.00206   0.01308   0.02347   0.00132   0.01339   0.05910   3.11706  13.78984  10.55258   0.02349   1.00000  
 86  0.0049   2832.979323  x:  0.02255   0.01560   0.00208   0.00214   0.00000   0.00000   0.00426   0.00000   0.00000   0.00426   0.00212   0.00000   0.00213   0.00210   0.00430   0.01078   0.01286   0.01074   0.01289   0.00646   0.00000   0.01552   0.00398   0.03002   0.00206   0.01308   0.02347   0.00132   0.01339   0.05910   3.11706  13.78969  10.55243   0.02349   1.00000  
 87  0.0050   2832.979323  x:  0.02255   0.01560   0.00208   0.00214   0.00000   0.00000   0.00426   0.00000   0.00000   0.00426   0.00212   0.00000   0.00213   0.00210   0.00430   0.01078   0.01286   0.01074   0.01289   0.00646   0.00000   0.01552   0.00398   0.03002   0.00206   0.01308   0.02347   0.00132   0.01339   0.05910   3.11706  13.78947  10.55221   0.02349   1.00000  
 88  0.0053   2832.979323  x:  0.02255   0.01560   0.00208   0.00214   0.00000   0.00000   0.00426   0.00000   0.00000   0.00426   0.00212   0.00000   0.00213   0.00210   0.00430   0.01078   0.01286   0.01074   0.01289   0.00646   0.00000   0.01552   0.00398   0.03002   0.00206   0.01308   0.02347   0.00132   0.01339   0.05910   3.11706  13.78919  10.55193   0.02350   1.00000  
 89  0.0055   2832.979323  x:  0.02255   0.01560   0.00208   0.00214   0.00000   0.00000   0.00426   0.00000   0.00000   0.00426   0.00212   0.00000   0.00213   0.00210   0.00430   0.01078   0.01286   0.01074   0.01289   0.00646   0.00000   0.01552   0.00398   0.03002   0.00206   0.01308   0.02347   0.00132   0.01339   0.05910   3.11706  13.78890  10.55165   0.02350   1.00000  
 90  0.0058   2832.979323  x:  0.02255   0.01560   0.00208   0.00214   0.00000   0.00000   0.00426   0.00000   0.00000   0.00426   0.00212   0.00000   0.00213   0.00210   0.00430   0.01078   0.01286   0.01074   0.01289   0.00646   0.00000   0.01552   0.00398   0.03002   0.00206   0.01308   0.02347   0.00132   0.01339   0.05910   3.11706  13.78865  10.55140   0.02350   1.00000  
 91  0.0061   2832.979323  x:  0.02255   0.01560   0.00208   0.00214   0.00000   0.00000   0.00426   0.00000   0.00000   0.00426   0.00212   0.00000   0.00213   0.00210   0.00430   0.01078   0.01286   0.01074   0.01289   0.00646   0.00000   0.01552   0.00398   0.03002   0.00206   0.01308   0.02347   0.00132   0.01339   0.05910   3.11705  13.78842  10.55117   0.02350   1.00000  
 92  0.0065   2832.979323  x:  0.02255   0.01560   0.00208   0.00214   0.00000   0.00000   0.00426   0.00000   0.00000   0.00426   0.00212   0.00000   0.00213   0.00210   0.00430   0.01078   0.01286   0.01074   0.01289   0.00646   0.00000   0.01552   0.00398   0.03002   0.00206   0.01308   0.02347   0.00132   0.01339   0.05910   3.11705  13.78807  10.55082   0.02350   1.00000  
 93  0.0071   2832.979323  x:  0.02255   0.01560   0.00208   0.00214   0.00000   0.00000   0.00426   0.00000   0.00000   0.00426   0.00212   0.00000   0.00213   0.00210   0.00430   0.01078   0.01286   0.01074   0.01289   0.00646   0.00000   0.01552   0.00398   0.03002   0.00206   0.01308   0.02347   0.00132   0.01339   0.05910   3.11705  13.78771  10.55046   0.02350   1.00000  
 94  0.0078   2832.979323  x:  0.02255   0.01560   0.00208   0.00214   0.00000   0.00000   0.00426   0.00000   0.00000   0.00426   0.00212   0.00000   0.00213   0.00210   0.00430   0.01078   0.01286   0.01074   0.01289   0.00646   0.00000   0.01552   0.00398   0.03002   0.00206   0.01308   0.02347   0.00132   0.01339   0.05910   3.11705  13.78734  10.55009   0.02350   1.00000  
 95  0.0083   2832.979323  x:  0.02255   0.01560   0.00208   0.00214   0.00000   0.00000   0.00426   0.00000   0.00000   0.00426   0.00212   0.00000   0.00213   0.00210   0.00430   0.01078   0.01286   0.01074   0.01289   0.00646   0.00000   0.01552   0.00398   0.03002   0.00206   0.01308   0.02347   0.00132   0.01339   0.05910   3.11705  13.78699  10.54974   0.02350   1.00000  
 96  0.0092   2832.979323  x:  0.02255   0.01560   0.00208   0.00214   0.00000   0.00000   0.00426   0.00000   0.00000   0.00426   0.00212   0.00000   0.00213   0.00210   0.00430   0.01078   0.01286   0.01074   0.01289   0.00646   0.00000   0.01552   0.00398   0.03002   0.00206   0.01308   0.02347   0.00132   0.01339   0.05910   3.11704  13.78650  10.54925   0.02350   1.00000  
 97  0.0102   2832.979323  x:  0.02255   0.01560   0.00208   0.00214   0.00000   0.00000   0.00426   0.00000   0.00000   0.00426   0.00212   0.00000   0.00213   0.00210   0.00430   0.01078   0.01286   0.01074   0.01289   0.00646   0.00000   0.01552   0.00398   0.03002   0.00206   0.01308   0.02347   0.00132   0.01339   0.05910   3.11704  13.78601  10.54877   0.02350   1.00000  
 98  0.0111   2832.979323  x:  0.02255   0.01560   0.00208   0.00214   0.00000   0.00000   0.00426   0.00000   0.00000   0.00426   0.00212   0.00000   0.00213   0.00210   0.00430   0.01078   0.01286   0.01074   0.01289   0.00646   0.00000   0.01552   0.00398   0.03002   0.00206   0.01308   0.02347   0.00132   0.01339   0.05910   3.11704  13.78552  10.54828   0.02350   1.00000  
 99  0.0124   2832.979323  x:  0.02255   0.01560   0.00208   0.00214   0.00000   0.00000   0.00426   0.00000   0.00000   0.00426   0.00212   0.00000   0.00213   0.00210   0.00430   0.01078   0.01286   0.01074   0.01289   0.00646   0.00000   0.01552   0.00398   0.03002   0.00206   0.01308   0.02347   0.00132   0.01339   0.05910   3.11704  13.78490  10.54766   0.02350   1.00000  
100  0.0139   2832.979323  x:  0.02255   0.01560   0.00208   0.00214   0.00000   0.00000   0.00426   0.00000   0.00000   0.00426   0.00212   0.00000   0.00213   0.00210   0.00430   0.01078   0.01286   0.01074   0.01289   0.00646   0.00000   0.01552   0.00398   0.03002   0.00206   0.01308   0.02347   0.00132   0.01339   0.05910   3.11704  13.78422  10.54698   0.02350   1.00000  
101  0.0155   2832.979323  x:  0.02256   0.01560   0.00208   0.00214   0.00000   0.00000   0.00426   0.00000   0.00000   0.00426   0.00212   0.00000   0.00213   0.00210   0.00430   0.01078   0.01286   0.01074   0.01289   0.00646   0.00000   0.01552   0.00398   0.03002   0.00206   0.01308   0.02347   0.00132   0.01339   0.05910   3.11704  13.78353  10.54629   0.02350   1.00000  
102  0.0170   2832.979323  x:  0.02256   0.01560   0.00208   0.00214   0.00000   0.00000   0.00426   0.00000   0.00000   0.00426   0.00212   0.00000   0.00213   0.00210   0.00430   0.01078   0.01286   0.01074   0.01289   0.00646   0.00000   0.01552   0.00398   0.03002   0.00206   0.01308   0.02347   0.00132   0.01339   0.05910   3.11703  13.78268  10.54545   0.02350   1.00000  
103  0.0188   2832.979323  x:  0.02256   0.01560   0.00208   0.00214   0.00000   0.00000   0.00426   0.00000   0.00000   0.00426   0.00212   0.00000   0.00213   0.00210   0.00430   0.01078   0.01286   0.01074   0.01289   0.00646   0.00000   0.01552   0.00398   0.03002   0.00206   0.01308   0.02347   0.00132   0.01339   0.05910   3.11703  13.78184  10.54461   0.02350   1.00000  
104  0.0207   2832.979323  x:  0.02256   0.01560   0.00208   0.00214   0.00000   0.00000   0.00426   0.00000   0.00000   0.00426   0.00212   0.00000   0.00213   0.00210   0.00430   0.01078   0.01286   0.01074   0.01289   0.00646   0.00000   0.01552   0.00398   0.03002   0.00206   0.01308   0.02347   0.00132   0.01339   0.05910   3.11703  13.78089  10.54366   0.02350   1.00000  
105  0.0228   2832.979323  x:  0.02256   0.01560   0.00208   0.00214   0.00000   0.00000   0.00426   0.00000   0.00000   0.00426   0.00212   0.00000   0.00213   0.00210   0.00430   0.01078   0.01286   0.01074   0.01289   0.00646   0.00000   0.01552   0.00398   0.03002   0.00206   0.01308   0.02347   0.00132   0.01339   0.05910   3.11703  13.77995  10.54273   0.02350   1.00000  
106  0.0248   2832.979323  x:  0.02256   0.01560   0.00208   0.00214   0.00000   0.00000   0.00426   0.00000   0.00000   0.00426   0.00212   0.00000   0.00213   0.00210   0.00430   0.01078   0.01286   0.01074   0.01289   0.00646   0.00000   0.01552   0.00398   0.03002   0.00206   0.01308   0.02347   0.00132   0.01339   0.05910   3.11703  13.77889  10.54167   0.02350   1.00000  
107  0.0271   2832.979323  x:  0.02256   0.01560   0.00208   0.00214   0.00000   0.00000   0.00426   0.00000   0.00000   0.00426   0.00212   0.00000   0.00213   0.00210   0.00430   0.01078   0.01286   0.01074   0.01289   0.00646   0.00000   0.01552   0.00398   0.03002   0.00206   0.01308   0.02347   0.00132   0.01339   0.05910   3.11703  13.77781  10.54058   0.02350   1.00000  
108  0.0293   2832.979323  x:  0.02256   0.01560   0.00208   0.00214   0.00000   0.00000   0.00426   0.00000   0.00000   0.00426   0.00212   0.00000   0.00213   0.00210   0.00430   0.01078   0.01286   0.01074   0.01289   0.00646   0.00000   0.01552   0.00398   0.03002   0.00206   0.01308   0.02347   0.00132   0.01339   0.05910   3.11703  13.77672  10.53949   0.02350   1.00000  
109  0.0319   2832.979323  x:  0.02256   0.01560   0.00208   0.00214   0.00000   0.00000   0.00426   0.00000   0.00000   0.00426   0.00212   0.00000   0.00213   0.00210   0.00430   0.01078   0.01286   0.01074   0.01289   0.00646   0.00000   0.01552   0.00398   0.03002   0.00206   0.01308   0.02347   0.00132   0.01339   0.05910   3.11703  13.77563  10.53841   0.02350   1.00000  
110  0.0338   2832.979323  x:  0.02256   0.01560   0.00208   0.00214   0.00000   0.00000   0.00426   0.00000   0.00000   0.00426   0.00212   0.00000   0.00213   0.00210   0.00430   0.01078   0.01286   0.01074   0.01289   0.00646   0.00000   0.01552   0.00398   0.03002   0.00206   0.01308   0.02347   0.00132   0.01339   0.05910   3.11703  13.77413  10.53691   0.02350   1.00000  
111  0.0357   2832.979323  x:  0.02256   0.01560   0.00208   0.00214   0.00000   0.00000   0.00426   0.00000   0.00000   0.00426   0.00212   0.00000   0.00213   0.00210   0.00430   0.01078   0.01286   0.01074   0.01289   0.00646   0.00000   0.01552   0.00398   0.03002   0.00206   0.01308   0.02347   0.00132   0.01339   0.05910   3.11703  13.77263  10.53541   0.02350   1.00000  
112  0.0377   2832.979323  x:  0.02255   0.01560   0.00208   0.00214   0.00000   0.00000   0.00426   0.00000   0.00000   0.00426   0.00212   0.00000   0.00213   0.00210   0.00430   0.01078   0.01286   0.01074   0.01289   0.00646   0.00000   0.01552   0.00398   0.03002   0.00206   0.01308   0.02347   0.00132   0.01339   0.05910   3.11703  13.77177  10.53455   0.02350   1.00000  
113  0.0386   2832.979323  x:  0.02255   0.01560   0.00208   0.00214   0.00000   0.00000   0.00426   0.00000   0.00000   0.00426   0.00212   0.00000   0.00213   0.00210   0.00430   0.01078   0.01286   0.01074   0.01289   0.00646   0.00000   0.01552   0.00398   0.03002   0.00206   0.01308   0.02347   0.00132   0.01339   0.05910   3.11703  13.77054  10.53332   0.02350   1.00000  
114  0.0407   2832.979323  x:  0.02255   0.01560   0.00208   0.00214   0.00000   0.00000   0.00426   0.00000   0.00000   0.00426   0.00213   0.00000   0.00213   0.00210   0.00430   0.01078   0.01286   0.01074   0.01289   0.00646   0.00000   0.01552   0.00398   0.03002   0.00206   0.01308   0.02347   0.00132   0.01339   0.05910   3.11703  13.76932  10.53210   0.02350   1.00000  
115  0.0424   2832.979323  x:  0.02255   0.01560   0.00208   0.00214   0.00000   0.00000   0.00426   0.00000   0.00000   0.00426   0.00213   0.00000   0.00213   0.00210   0.00430   0.01078   0.01286   0.01074   0.01289   0.00646   0.00000   0.01552   0.00398   0.03002   0.00206   0.01308   0.02347   0.00132   0.01339   0.05910   3.11703  13.76849  10.53127   0.02350   1.00000  
116  0.0433   2832.979323  x:  0.02255   0.01560   0.00208   0.00214   0.00000   0.00000   0.00426   0.00000   0.00000   0.00426   0.00213   0.00000   0.00213   0.00210   0.00430   0.01078   0.01286   0.01074   0.01289   0.00646   0.00000   0.01552   0.00398   0.03002   0.00206   0.01308   0.02347   0.00132   0.01339   0.05910   3.11703  13.76722  10.53000   0.02350   1.00000  
117  0.0453   2832.979323  x:  0.02255   0.01560   0.00208   0.00214   0.00000   0.00000   0.00426   0.00000   0.00000   0.00426   0.00213   0.00000   0.00213   0.00210   0.00430   0.01078   0.01286   0.01074   0.01289   0.00646   0.00000   0.01552   0.00398   0.03002   0.00206   0.01308   0.02347   0.00132   0.01339   0.05910   3.11703  13.76635  10.52913   0.02350   1.00000  
118  0.0453   2832.979323  x:  0.02255   0.01560   0.00208   0.00214   0.00000   0.00000   0.00426   0.00000   0.00000   0.00426   0.00213   0.00000   0.00213   0.00210   0.00430   0.01078   0.01286   0.01074   0.01289   0.00646   0.00000   0.01552   0.00398   0.03002   0.00206   0.01308   0.02347   0.00132   0.01339   0.05910   3.11703  13.76548  10.52827   0.02350   1.00000  
119  0.0452   2832.979323  x:  0.02255   0.01560   0.00208   0.00214   0.00000   0.00000   0.00426   0.00000   0.00000   0.00426   0.00213   0.00000   0.00213   0.00210   0.00430   0.01078   0.01286   0.01074   0.01289   0.00646   0.00000   0.01552   0.00398   0.03002   0.00206   0.01308   0.02347   0.00132   0.01339   0.05910   3.11703  13.76462  10.52740   0.02350   1.00000  
120  0.0458   2832.979323  x:  0.02255   0.01560   0.00208   0.00214   0.00000   0.00000   0.00426   0.00000   0.00000   0.00426   0.00213   0.00000   0.00213   0.00210   0.00430   0.01078   0.01286   0.01074   0.01289   0.00646   0.00000   0.01552   0.00398   0.03002   0.00206   0.01308   0.02347   0.00132   0.01339   0.05910   3.11703  13.76375  10.52654   0.02350   1.00000  
121  0.0481   2832.979323  x:  0.02255   0.01560   0.00208   0.00214   0.00000   0.00000   0.00426   0.00000   0.00000   0.00426   0.00213   0.00000   0.00213   0.00210   0.00430   0.01078   0.01286   0.01074   0.01289   0.00646   0.00000   0.01552   0.00398   0.03002   0.00206   0.01308   0.02347   0.00132   0.01339   0.05910   3.11703  13.76354  10.52632   0.02350   1.00000  
122  0.0458   2832.979323  x:  0.02255   0.01560   0.00208   0.00214   0.00000   0.00000   0.00426   0.00000   0.00000   0.00426   0.00213   0.00000   0.00213   0.00210   0.00430   0.01078   0.01286   0.01074   0.01289   0.00646   0.00000   0.01552   0.00398   0.03002   0.00206   0.01308   0.02347   0.00132   0.01339   0.05910   3.11703  13.76354  10.52632   0.02350   1.00000  
123  0.0411   2832.979323  x:  0.02255   0.01560   0.00208   0.00214   0.00000   0.00000   0.00426   0.00000   0.00000   0.00426   0.00213   0.00000   0.00213   0.00210   0.00430   0.01078   0.01286   0.01074   0.01289   0.00646   0.00000   0.01552   0.00398   0.03002   0.00206   0.01308   0.02347   0.00132   0.01339   0.05910   3.11703  13.76354  10.52632   0.02350   1.00000  
124  0.3378   2832.979322  x:  0.02255   0.01560   0.00208   0.00214   0.00000   0.00000   0.00426   0.00000   0.00000   0.00426   0.00213   0.00000   0.00213   0.00210   0.00430   0.01078   0.01286   0.01074   0.01289   0.00646   0.00000   0.01552   0.00398   0.03002   0.00206   0.01308   0.02347   0.00132   0.01339   0.05910   3.11703  13.76354  10.52632   0.02350   1.00000  
125  0.0616   2832.979322  x:  0.02255   0.01560   0.00208   0.00214   0.00000   0.00000   0.00426   0.00000   0.00000   0.00426   0.00213   0.00000   0.00213   0.00210   0.00430   0.01078   0.01286   0.01074   0.01289   0.00646   0.00000   0.01552   0.00398   0.03002   0.00206   0.01308   0.02347   0.00132   0.01339   0.05910   3.11703  13.76354  10.52632   0.02350   1.00000  
126  0.0532   2832.979322  x:  0.02255   0.01560   0.00208   0.00214   0.00000   0.00000   0.00426   0.00000   0.00000   0.00426   0.00213   0.00000   0.00213   0.00210   0.00430   0.01078   0.01286   0.01074   0.01289   0.00646   0.00000   0.01552   0.00398   0.03002   0.00206   0.01308   0.02347   0.00132   0.01339   0.05910   3.11703  13.76354  10.52632   0.02350   1.00000  
127  0.0279   2832.979322  x:  0.02255   0.01560   0.00208   0.00214   0.00000   0.00000   0.00426   0.00000   0.00000   0.00426   0.00213   0.00000   0.00213   0.00210   0.00430   0.01078   0.01286   0.01074   0.01289   0.00646   0.00000   0.01552   0.00398   0.03002   0.00206   0.01308   0.02347   0.00132   0.01339   0.05910   3.11703  13.76354  10.52632   0.02349   1.00000  
128  0.0240   2832.979322  x:  0.02255   0.01560   0.00208   0.00214   0.00000   0.00000   0.00426   0.00000   0.00000   0.00426   0.00213   0.00000   0.00213   0.00210   0.00430   0.01078   0.01286   0.01074   0.01289   0.00646   0.00000   0.01552   0.00398   0.03002   0.00206   0.01308   0.02347   0.00132   0.01339   0.05911   3.11703  13.76354  10.52632   0.02349   1.00000  
129  0.0112   2832.979322  x:  0.02255   0.01560   0.00208   0.00214   0.00000   0.00000   0.00426   0.00000   0.00000   0.00426   0.00213   0.00000   0.00213   0.00210   0.00430   0.01078   0.01286   0.01074   0.01289   0.00646   0.00000   0.01552   0.00398   0.03002   0.00206   0.01308   0.02347   0.00132   0.01339   0.05911   3.11703  13.76354  10.52632   0.02349   1.00000  
130  0.0134   2832.979322  x:  0.02255   0.01560   0.00208   0.00214   0.00000   0.00000   0.00426   0.00000   0.00000   0.00426   0.00213   0.00000   0.00213   0.00210   0.00430   0.01078   0.01286   0.01074   0.01289   0.00646   0.00000   0.01552   0.00398   0.03002   0.00206   0.01308   0.02347   0.00132   0.01339   0.05911   3.11702  13.76354  10.52632   0.02349   1.00000  
131  0.0290   2832.979322  x:  0.02255   0.01560   0.00208   0.00214   0.00000   0.00000   0.00426   0.00000   0.00000   0.00426   0.00213   0.00000   0.00213   0.00210   0.00430   0.01078   0.01286   0.01074   0.01289   0.00646   0.00000   0.01552   0.00398   0.03002   0.00206   0.01308   0.02347   0.00132   0.01339   0.05911   3.11702  13.76354  10.52632   0.02349   1.00000  
132  0.0208   2832.979322  x:  0.02255   0.01560   0.00208   0.00214   0.00000   0.00000   0.00426   0.00000   0.00000   0.00426   0.00213   0.00000   0.00213   0.00210   0.00430   0.01078   0.01286   0.01074   0.01289   0.00646   0.00000   0.01552   0.00398   0.03002   0.00206   0.01308   0.02347   0.00132   0.01339   0.05911   3.11702  13.76354  10.52632   0.02349   1.00000  
133  0.0115   2832.979322  x:  0.02255   0.01560   0.00208   0.00214   0.00000   0.00000   0.00426   0.00000   0.00000   0.00426   0.00213   0.00000   0.00213   0.00210   0.00430   0.01078   0.01286   0.01074   0.01289   0.00646   0.00000   0.01552   0.00398   0.03002   0.00206   0.01308   0.02347   0.00132   0.01339   0.05911   3.11702  13.76354  10.52632   0.02349   1.00000  
check convergence!
