

TREE # 1

  0  0.0000    425.377488  x:  0.00000   0.01829   0.05795   0.01871   0.06727   0.06639   0.03267   0.03863   0.06588   0.01917   0.04956   0.02477   0.02325   0.01584   0.01898   0.05933   0.05477   0.02545   0.05234   0.03313   0.06999   0.03976   0.01247   0.01915   0.00901   0.07182   0.04450   0.04088   0.07358   0.02157   2.00000   1.09989   0.02896   0.27919  
  1 99.0000    425.376057  x:  0.00000   0.01829   0.05795   0.01871   0.06727   0.06639   0.03267   0.03863   0.06588   0.01917   0.04955   0.02476   0.02325   0.01584   0.01898   0.05933   0.05477   0.02545   0.05234   0.03312   0.06999   0.03976   0.01247   0.01915   0.00901   0.07182   0.04450   0.04088   0.07358   0.02157   2.00000   1.09989   0.02896   0.27919  
  2 343.0281    409.775906  x:  0.00000   0.01447   0.04912   0.00971   0.05833   0.05746   0.02312   0.02964   0.05694   0.01014   0.04058   0.01574   0.01423   0.00681   0.00995   0.05037   0.04581   0.01643   0.04524   0.02427   0.06112   0.03305   0.00348   0.01014   0.00000   0.06444   0.03763   0.03213   0.06479   0.03021   2.00016   1.09950   0.02938   0.27029  
  3 15839.4136    403.832579  x:  0.00000   0.01669   0.04578   0.00623   0.05487   0.05399   0.01929   0.02616   0.05347   0.00664   0.03710   0.01225   0.01074   0.00331   0.00645   0.04690   0.04234   0.01294   0.04211   0.02095   0.05772   0.03025   0.00000   0.00664   0.00000   0.06128   0.03466   0.02893   0.06150   0.03099   2.00027   1.09888   0.03002   0.26159  
  4 2286.7232    398.513345  x:  0.00000   0.01549   0.04259   0.00294   0.05160   0.05072   0.01562   0.02286   0.05020   0.00334   0.03382   0.00895   0.00743   0.00000   0.00314   0.04362   0.03906   0.00964   0.03978   0.01775   0.05451   0.02891   0.00000   0.00333   0.00000   0.05852   0.03282   0.02599   0.05844   0.03000   2.00037   1.09819   0.03074   0.25217  
  5 5108.1341    394.217108  x:  0.00000   0.01544   0.03970   0.00000   0.04870   0.04782   0.01233   0.01993   0.04728   0.00038   0.03089   0.00600   0.00448   0.00000   0.00018   0.04071   0.03614   0.00669   0.03901   0.01487   0.05165   0.02947   0.00000   0.00037   0.00000   0.05670   0.03283   0.02343   0.05576   0.03032   2.00046   1.09761   0.03135   0.24435  
  6 6329.1922    393.966304  x:  0.00000   0.01544   0.03953   0.00000   0.04852   0.04764   0.01213   0.01975   0.04711   0.00020   0.03071   0.00582   0.00430   0.00000   0.00000   0.04053   0.03596   0.00651   0.03895   0.01469   0.05148   0.02953   0.00000   0.00019   0.00000   0.05657   0.03283   0.02328   0.05559   0.03034   2.00047   1.09757   0.03138   0.24387  
  7 132703.3020    393.725195  x:  0.00000   0.01543   0.03936   0.00000   0.04834   0.04746   0.01192   0.01956   0.04692   0.00002   0.03053   0.00563   0.00412   0.00000   0.00000   0.04034   0.03578   0.00633   0.03894   0.01452   0.05130   0.02955   0.00000   0.00000   0.00000   0.05645   0.03287   0.02311   0.05542   0.03036   2.00047   1.09754   0.03142   0.24336  
  8 8470.1284    393.707922  x:  0.00000   0.01543   0.03934   0.00000   0.04832   0.04744   0.01191   0.01955   0.04691   0.00000   0.03052   0.00562   0.00410   0.00000   0.00000   0.04033   0.03577   0.00631   0.03894   0.01450   0.05128   0.02955   0.00000   0.00000   0.00000   0.05644   0.03287   0.02310   0.05541   0.03036   2.00047   1.09754   0.03142   0.24333  
  9 12363.3924    388.909919  x:  0.00000   0.01541   0.03546   0.00000   0.04429   0.04340   0.00724   0.01547   0.04287   0.00000   0.02645   0.00152   0.00000   0.00000   0.00000   0.03628   0.03171   0.00224   0.03660   0.01048   0.04728   0.03030   0.00000   0.00000   0.00000   0.05482   0.03392   0.01939   0.05158   0.03078   2.00059   1.09688   0.03210   0.23351  
 10 6364.8222    387.240314  x:  0.00000   0.01541   0.03402   0.00000   0.04281   0.04192   0.00551   0.01397   0.04138   0.00000   0.02496   0.00000   0.00000   0.00000   0.00000   0.03479   0.03022   0.00073   0.03614   0.00899   0.04580   0.03058   0.00000   0.00000   0.00000   0.05392   0.03412   0.01801   0.05016   0.03092   2.00063   1.09664   0.03235   0.23000  
 11 20465.9077    386.470021  x:  0.00000   0.01540   0.03333   0.00000   0.04209   0.04120   0.00465   0.01324   0.04066   0.00000   0.02423   0.00000   0.00000   0.00000   0.00000   0.03407   0.02949   0.00000   0.03593   0.00827   0.04509   0.03073   0.00000   0.00000   0.00000   0.05326   0.03421   0.01735   0.04948   0.03100   2.00065   1.09653   0.03245   0.22822  
 12 7893.3929    382.824350  x:  0.00000   0.01540   0.02975   0.00000   0.03831   0.03742   0.00000   0.00945   0.03688   0.00000   0.02043   0.00000   0.00000   0.00000   0.00000   0.03028   0.02571   0.00000   0.03506   0.00460   0.04132   0.03131   0.00000   0.00000   0.00000   0.05234   0.03472   0.01379   0.04584   0.03134   2.00077   1.09611   0.03289   0.21906  
 13 1525.9255    378.656148  x:  0.00000   0.01539   0.02526   0.00000   0.03355   0.03265   0.00000   0.00466   0.03211   0.00000   0.01564   0.00000   0.00000   0.00000   0.00000   0.02551   0.02093   0.00000   0.03397   0.00000   0.03658   0.03203   0.00000   0.00000   0.00000   0.05131   0.03537   0.00929   0.04124   0.03176   2.00092   1.09558   0.03344   0.20738  
 14 485028.8428    374.903669  x:  0.00000   0.01540   0.02093   0.00000   0.02891   0.02801   0.00000   0.00000   0.02747   0.00000   0.01097   0.00000   0.00000   0.00000   0.00000   0.02086   0.01627   0.00000   0.03285   0.00000   0.03195   0.03276   0.00000   0.00000   0.00000   0.05028   0.03603   0.00492   0.03676   0.03219   2.00107   1.09503   0.03397   0.19564  
 15 32168.0042    371.022299  x:  0.00000   0.01541   0.01589   0.00000   0.02367   0.02276   0.00000   0.00000   0.02222   0.00000   0.00570   0.00000   0.00000   0.00000   0.00000   0.01560   0.01101   0.00000   0.03156   0.00000   0.02674   0.03361   0.00000   0.00000   0.00000   0.04909   0.03679   0.00000   0.03171   0.03267   2.00124   1.09440   0.03458   0.18221  
 16 204328.3611    367.188999  x:  0.00000   0.01543   0.01044   0.00000   0.01799   0.01708   0.00000   0.00000   0.01654   0.00000   0.00000   0.00000   0.00000   0.00000   0.00000   0.00991   0.00533   0.00000   0.03007   0.00000   0.02110   0.03457   0.00000   0.00000   0.00000   0.04775   0.03764   0.00000   0.02627   0.03323   2.00143   1.09369   0.03527   0.16713  
 17 21874.2323    363.970142  x:  0.00000   0.01545   0.00534   0.00000   0.01268   0.01176   0.00000   0.00000   0.01122   0.00000   0.00000   0.00000   0.00000   0.00000   0.00000   0.00459   0.00000   0.00000   0.02865   0.00000   0.01581   0.03549   0.00000   0.00000   0.00000   0.04647   0.03845   0.00000   0.02114   0.03375   2.00161   1.09301   0.03593   0.15285  
 18 234096.7899    361.521681  x:  0.00000   0.01546   0.00094   0.00000   0.00810   0.00718   0.00000   0.00000   0.00664   0.00000   0.00000   0.00000   0.00000   0.00000   0.00000   0.00000   0.00000   0.00000   0.02738   0.00000   0.01125   0.03630   0.00000   0.00000   0.00000   0.04533   0.03917   0.00000   0.01673   0.03421   2.00176   1.09241   0.03651   0.14034  
 19 112285.4616    361.072004  x:  0.00000   0.01546   0.00000   0.00000   0.00712   0.00620   0.00000   0.00000   0.00566   0.00000   0.00000   0.00000   0.00000   0.00000   0.00000   0.00000   0.00000   0.00000   0.02713   0.00000   0.01028   0.03646   0.00000   0.00000   0.00000   0.04510   0.03931   0.00000   0.01579   0.03430   2.00179   1.09230   0.03662   0.13778  
 20 17315.3375    358.879008  x:  0.00000   0.01546   0.00000   0.00000   0.00148   0.00055   0.00000   0.00000   0.00000   0.00000   0.00000   0.00000   0.00000   0.00000   0.00000   0.00000   0.00000   0.00000   0.02591   0.00000   0.00464   0.03729   0.00000   0.00000   0.00000   0.04395   0.04006   0.00000   0.01032   0.03479   2.00197   1.09177   0.03713   0.12440  
 21 3479.9182    358.709657  x:  0.00000   0.01546   0.00000   0.00000   0.00094   0.00000   0.00000   0.00000   0.00000   0.00000   0.00000   0.00000   0.00000   0.00000   0.00000   0.00000   0.00000   0.00000   0.02581   0.00000   0.00410   0.03736   0.00000   0.00000   0.00000   0.04385   0.04013   0.00000   0.00980   0.03484   2.00198   1.09173   0.03717   0.12325  
 22 3989.2825    358.489697  x:  0.00000   0.01546   0.00000   0.00000   0.00000   0.00000   0.00000   0.00000   0.00000   0.00000   0.00000   0.00000   0.00000   0.00000   0.00000   0.00000   0.00000   0.00000   0.02568   0.00000   0.00317   0.03745   0.00000   0.00000   0.00000   0.04372   0.04022   0.00000   0.00889   0.03490   2.00201   1.09169   0.03721   0.12158  
 23 1458.7823    357.989626  x:  0.00000   0.01546   0.00000   0.00000   0.00000   0.00000   0.00000   0.00000   0.00000   0.00000   0.00000   0.00000   0.00000   0.00000   0.00000   0.00000   0.00000   0.00000   0.02538   0.00000   0.00000   0.03768   0.00000   0.00000   0.00000   0.04340   0.04044   0.00000   0.00580   0.03505   2.00208   1.09167   0.03722   0.11738  
 24 642.0998    357.513454  x:  0.00000   0.01546   0.00000   0.00000   0.00000   0.00000   0.00000   0.00000   0.00000   0.00000   0.00000   0.00000   0.00000   0.00000   0.00000   0.00000   0.00000   0.00000   0.02507   0.00000   0.00000   0.03793   0.00000   0.00000   0.00000   0.04302   0.04069   0.00000   0.00000   0.03522   2.00218   1.09181   0.03707   0.11239  
 25 353.6270    355.730493  x:  0.00000   0.01462   0.00000   0.00000   0.00000   0.00000   0.00000   0.00000   0.00000   0.00000   0.00000   0.00000   0.00000   0.00000   0.00000   0.00000   0.00000   0.00000   0.03120   0.00000   0.00000   0.03146   0.00000   0.00000   0.00000   0.01034   0.03259   0.00000   0.00000   0.03662   2.01094   1.13914  -0.01015   0.08531  
 26  7.8382    353.929590  x:  0.00000   0.01366   0.00000   0.00000   0.00000   0.00000   0.00000   0.00000   0.00000   0.00000   0.00000   0.00000   0.00000   0.00000   0.00000   0.00000   0.00000   0.00000   0.02904   0.00000   0.00000   0.02499   0.00000   0.00000   0.00000   0.01128   0.02513   0.00000   0.00000   0.03965   2.02388   1.20049  -0.07164   0.00000  
 27 16.4195    351.610609  x:  0.00000   0.01134   0.00000   0.00000   0.00000   0.00000   0.00000   0.00000   0.00000   0.00000   0.00000   0.00000   0.00000   0.00000   0.00000   0.00000   0.00000   0.00000   0.01612   0.00000   0.00000   0.00831   0.00000   0.00000   0.00000   0.01230   0.00978   0.00000   0.00000   0.04972   2.13767   1.75025  -0.62194   0.00000  
 28 17.3331    351.508883  x:  0.00000   0.01139   0.00000   0.00000   0.00000   0.00000   0.00000   0.00000   0.00000   0.00000   0.00000   0.00000   0.00000   0.00000   0.00000   0.00000   0.00000   0.00000   0.01177   0.00000   0.00000   0.01080   0.00000   0.00000   0.00000   0.01180   0.00833   0.00000   0.00000   0.04799   2.14571   1.76007  -0.63167   0.00000  
 29  1.7333    351.459086  x:  0.00000   0.01130   0.00000   0.00000   0.00000   0.00000   0.00000   0.00000   0.00000   0.00000   0.00000   0.00000   0.00000   0.00000   0.00000   0.00000   0.00000   0.00000   0.00942   0.00000   0.00000   0.00999   0.00000   0.00000   0.00000   0.01164   0.01019   0.00000   0.00000   0.04649   2.15816   1.76250  -0.63410   0.00000  
 30  1.0503    350.433217  x:  0.00000   0.00704   0.00000   0.00000   0.00000   0.00000   0.00000   0.00000   0.00000   0.00000   0.00000   0.00000   0.00000   0.00000   0.00000   0.00000   0.00000   0.00000   0.01216   0.00000   0.00000   0.01298   0.00000   0.00000   0.00000   0.01930   0.01262   0.00000   0.00000   0.02370   2.65775   2.00600  -0.88138   0.00000  
 31  1.9734    349.935061  x:  0.00000   0.01859   0.00000   0.00000   0.00000   0.00000   0.00000   0.00000   0.00000   0.00000   0.00000   0.00000   0.00000   0.00000   0.00000   0.00000   0.00000   0.00000   0.01309   0.00000   0.00000   0.01325   0.00000   0.00000   0.00000   0.02246   0.01324   0.00000   0.00000   0.01987   3.18205   2.23198  -1.10198   0.00000  
 32  1.5677    349.518347  x:  0.00000   0.01820   0.00000   0.00000   0.00000   0.00000   0.00000   0.00000   0.00000   0.00000   0.00000   0.00000   0.00000   0.00000   0.00000   0.00000   0.00000   0.00000   0.01466   0.00000   0.00000   0.01524   0.00000   0.00000   0.00000   0.02185   0.01509   0.00000   0.00000   0.03581   3.70938   2.54486  -1.41517   0.00000  
 33  1.4934    349.043751  x:  0.00000   0.01524   0.00000   0.00000   0.00000   0.00000   0.00000   0.00000   0.00000   0.00000   0.00000   0.00000   0.00000   0.00000   0.00000   0.00000   0.00000   0.00000   0.01423   0.00000   0.00000   0.01238   0.00000   0.00000   0.00000   0.01038   0.01301   0.00000   0.00000   0.03142   4.30259   2.85935  -1.73154   0.00000  
 34  1.0929    348.840293  x:  0.00000   0.01226   0.00000   0.00000   0.00000   0.00000   0.00000   0.00000   0.00000   0.00000   0.00000   0.00000   0.00000   0.00000   0.00000   0.00000   0.00000   0.00000   0.01224   0.00000   0.00000   0.01213   0.00000   0.00000   0.00000   0.01526   0.01193   0.00000   0.00000   0.02550   4.96635   3.26704  -2.14164   0.00000  
 35  0.5887    348.767451  x:  0.00000   0.01183   0.00000   0.00000   0.00000   0.00000   0.00000   0.00000   0.00000   0.00000   0.00000   0.00000   0.00000   0.00000   0.00000   0.00000   0.00000   0.00000   0.01382   0.00000   0.00000   0.01410   0.00000   0.00000   0.00000   0.01265   0.01402   0.00000   0.00000   0.02515   5.61045   3.59088  -2.46635   0.00000  
 36  0.4801    348.732666  x:  0.00000   0.01348   0.00000   0.00000   0.00000   0.00000   0.00000   0.00000   0.00000   0.00000   0.00000   0.00000   0.00000   0.00000   0.00000   0.00000   0.00000   0.00000   0.01307   0.00000   0.00000   0.01292   0.00000   0.00000   0.00000   0.01297   0.01312   0.00000   0.00000   0.02766   6.10917   3.87902  -2.75395   0.00000  
 37  0.3434    348.725840  x:  0.00000   0.01303   0.00000   0.00000   0.00000   0.00000   0.00000   0.00000   0.00000   0.00000   0.00000   0.00000   0.00000   0.00000   0.00000   0.00000   0.00000   0.00000   0.01300   0.00000   0.00000   0.01284   0.00000   0.00000   0.00000   0.01316   0.01299   0.00000   0.00000   0.02611   6.41029   4.06882  -2.94434   0.00000  
 38  0.2396    348.724509  x:  0.00000   0.01304   0.00000   0.00000   0.00000   0.00000   0.00000   0.00000   0.00000   0.00000   0.00000   0.00000   0.00000   0.00000   0.00000   0.00000   0.00000   0.00000   0.01325   0.00000   0.00000   0.01312   0.00000   0.00000   0.00000   0.01331   0.01321   0.00000   0.00000   0.02661   6.50796   4.15103  -3.02669   0.00000  
 39  0.0863    348.722071  x:  0.00000   0.01292   0.00000   0.00000   0.00000   0.00000   0.00000   0.00000   0.00000   0.00000   0.00000   0.00000   0.00000   0.00000   0.00000   0.00000   0.00000   0.00000   0.01317   0.00000   0.00000   0.01279   0.00000   0.00000   0.00000   0.01281   0.01284   0.00000   0.00000   0.02682   6.58403   4.34102  -3.21701   0.00000  
 40  0.0478    348.709425  x:  0.00000   0.01309   0.00000   0.00000   0.00000   0.00000   0.00000   0.00000   0.00000   0.00000   0.00000   0.00000   0.00000   0.00000   0.00000   0.00000   0.00000   0.00000   0.01328   0.00000   0.00000   0.01313   0.00000   0.00000   0.00000   0.01384   0.01292   0.00000   0.00000   0.02614   6.03692   4.92526  -3.80207   0.00000  
 41  0.1239    348.706672  x:  0.00000   0.01309   0.00000   0.00000   0.00000   0.00000   0.00000   0.00000   0.00000   0.00000   0.00000   0.00000   0.00000   0.00000   0.00000   0.00000   0.00000   0.00000   0.01327   0.00000   0.00000   0.01307   0.00000   0.00000   0.00000   0.01304   0.01306   0.00000   0.00000   0.02661   5.91450   5.19379  -4.07097   0.00000  
 42  0.2495    348.705434  x:  0.00000   0.01302   0.00000   0.00000   0.00000   0.00000   0.00000   0.00000   0.00000   0.00000   0.00000   0.00000   0.00000   0.00000   0.00000   0.00000   0.00000   0.00000   0.01308   0.00000   0.00000   0.01292   0.00000   0.00000   0.00000   0.01325   0.01319   0.00000   0.00000   0.02643   6.04552   5.75089  -4.62896   0.00000  
 43  0.1930    348.705011  x:  0.00000   0.01310   0.00000   0.00000   0.00000   0.00000   0.00000   0.00000   0.00000   0.00000   0.00000   0.00000   0.00000   0.00000   0.00000   0.00000   0.00000   0.00000   0.01318   0.00000   0.00000   0.01302   0.00000   0.00000   0.00000   0.01315   0.01319   0.00000   0.00000   0.02655   5.93992   6.08782  -4.96637   0.00000  
 44  0.2295    348.704773  x:  0.00000   0.01306   0.00000   0.00000   0.00000   0.00000   0.00000   0.00000   0.00000   0.00000   0.00000   0.00000   0.00000   0.00000   0.00000   0.00000   0.00000   0.00000   0.01320   0.00000   0.00000   0.01301   0.00000   0.00000   0.00000   0.01318   0.01308   0.00000   0.00000   0.02649   6.01186   6.65655  -5.53599   0.00000  
 45  0.2468    348.704707  x:  0.00000   0.01308   0.00000   0.00000   0.00000   0.00000   0.00000   0.00000   0.00000   0.00000   0.00000   0.00000   0.00000   0.00000   0.00000   0.00000   0.00000   0.00000   0.01320   0.00000   0.00000   0.01303   0.00000   0.00000   0.00000   0.01318   0.01311   0.00000   0.00000   0.02652   5.96386   7.00337  -5.88333   0.00000  
 46  0.2242    348.704670  x:  0.00000   0.01307   0.00000   0.00000   0.00000   0.00000   0.00000   0.00000   0.00000   0.00000   0.00000   0.00000   0.00000   0.00000   0.00000   0.00000   0.00000   0.00000   0.01318   0.00000   0.00000   0.01301   0.00000   0.00000   0.00000   0.01317   0.01313   0.00000   0.00000   0.02650   5.99409   7.57753  -6.45838   0.00000  
 47  0.2502    348.704659  x:  0.00000   0.01308   0.00000   0.00000   0.00000   0.00000   0.00000   0.00000   0.00000   0.00000   0.00000   0.00000   0.00000   0.00000   0.00000   0.00000   0.00000   0.00000   0.01318   0.00000   0.00000   0.01302   0.00000   0.00000   0.00000   0.01318   0.01312   0.00000   0.00000   0.02651   5.97402   7.94706  -6.82846   0.00000  
 48  0.2370    348.704654  x:  0.00000   0.01307   0.00000   0.00000   0.00000   0.00000   0.00000   0.00000   0.00000   0.00000   0.00000   0.00000   0.00000   0.00000   0.00000   0.00000   0.00000   0.00000   0.01319   0.00000   0.00000   0.01302   0.00000   0.00000   0.00000   0.01317   0.01312   0.00000   0.00000   0.02651   5.98659   8.45914  -7.34132   0.00000  
 49  0.2395    348.704652  x:  0.00000   0.01308   0.00000   0.00000   0.00000   0.00000   0.00000   0.00000   0.00000   0.00000   0.00000   0.00000   0.00000   0.00000   0.00000   0.00000   0.00000   0.00000   0.01318   0.00000   0.00000   0.01302   0.00000   0.00000   0.00000   0.01318   0.01312   0.00000   0.00000   0.02651   5.97882   8.83671  -7.71948   0.00000  
 50  0.2403    348.704651  x:  0.00000   0.01307   0.00000   0.00000   0.00000   0.00000   0.00000   0.00000   0.00000   0.00000   0.00000   0.00000   0.00000   0.00000   0.00000   0.00000   0.00000   0.00000   0.01318   0.00000   0.00000   0.01302   0.00000   0.00000   0.00000   0.01317   0.01312   0.00000   0.00000   0.02651   5.98315   9.37037  -8.25395   0.00000  
 51  0.2476    348.704651  x:  0.00000   0.01308   0.00000   0.00000   0.00000   0.00000   0.00000   0.00000   0.00000   0.00000   0.00000   0.00000   0.00000   0.00000   0.00000   0.00000   0.00000   0.00000   0.01318   0.00000   0.00000   0.01302   0.00000   0.00000   0.00000   0.01318   0.01312   0.00000   0.00000   0.02651   5.98050   9.72760  -8.61172   0.00000  
 52  0.2389    348.704651  x:  0.00000   0.01307   0.00000   0.00000   0.00000   0.00000   0.00000   0.00000   0.00000   0.00000   0.00000   0.00000   0.00000   0.00000   0.00000   0.00000   0.00000   0.00000   0.01319   0.00000   0.00000   0.01302   0.00000   0.00000   0.00000   0.01317   0.01312   0.00000   0.00000   0.02651   5.98198  10.32448  -9.20952   0.00000  
 53  0.2497    348.704651  x:  0.00000   0.01308   0.00000   0.00000   0.00000   0.00000   0.00000   0.00000   0.00000   0.00000   0.00000   0.00000   0.00000   0.00000   0.00000   0.00000   0.00000   0.00000   0.01318   0.00000   0.00000   0.01302   0.00000   0.00000   0.00000   0.01318   0.01312   0.00000   0.00000   0.02651   5.98108  10.63695  -9.52246   0.00000  
 54  0.2336    348.704651  x:  0.00000   0.01308   0.00000   0.00000   0.00000   0.00000   0.00000   0.00000   0.00000   0.00000   0.00000   0.00000   0.00000   0.00000   0.00000   0.00000   0.00000   0.00000   0.01318   0.00000   0.00000   0.01302   0.00000   0.00000   0.00000   0.01318   0.01312   0.00000   0.00000   0.02651   5.98153  11.41358  -10.30029   0.00000  
 55  0.2514    348.704651  x:  0.00000   0.01308   0.00000   0.00000   0.00000   0.00000   0.00000   0.00000   0.00000   0.00000   0.00000   0.00000   0.00000   0.00000   0.00000   0.00000   0.00000   0.00000   0.01318   0.00000   0.00000   0.01302   0.00000   0.00000   0.00000   0.01318   0.01312   0.00000   0.00000   0.02651   5.98127  11.63281  -10.51985   0.00000  
 56  0.2090    348.704651  x:  0.00000   0.01308   0.00000   0.00000   0.00000   0.00000   0.00000   0.00000   0.00000   0.00000   0.00000   0.00000   0.00000   0.00000   0.00000   0.00000   0.00000   0.00000   0.01319   0.00000   0.00000   0.01302   0.00000   0.00000   0.00000   0.01318   0.01312   0.00000   0.00000   0.02651   5.98127  12.97582  -11.86490   0.00000  
 57  0.2376    348.704651  x:  0.00000   0.01308   0.00000   0.00000   0.00000   0.00000   0.00000   0.00000   0.00000   0.00000   0.00000   0.00000   0.00000   0.00000   0.00000   0.00000   0.00000   0.00000   0.01318   0.00000   0.00000   0.01302   0.00000   0.00000   0.00000   0.01318   0.01312   0.00000   0.00000   0.02651   5.98131  13.21210  -12.10155   0.00000  
 58  0.2090    348.704651  x:  0.00000   0.01308   0.00000   0.00000   0.00000   0.00000   0.00000   0.00000   0.00000   0.00000   0.00000   0.00000   0.00000   0.00000   0.00000   0.00000   0.00000   0.00000   0.01318   0.00000   0.00000   0.01302   0.00000   0.00000   0.00000   0.01318   0.01312   0.00000   0.00000   0.02651   5.98128  13.38071  -12.27042   0.00000  
 59  0.0960    348.704651  x:  0.00000   0.01308   0.00000   0.00000   0.00000   0.00000   0.00000   0.00000   0.00000   0.00000   0.00000   0.00000   0.00000   0.00000   0.00000   0.00000   0.00000   0.00000   0.01318   0.00000   0.00000   0.01302   0.00000   0.00000   0.00000   0.01318   0.01312   0.00000   0.00000   0.02651   5.98126  13.77377  -12.66408   0.00000  
 60  0.5612    348.704651  x:  0.00000   0.01308   0.00000   0.00000   0.00000   0.00000   0.00000   0.00000   0.00000   0.00000   0.00000   0.00000   0.00000   0.00000   0.00000   0.00000   0.00000   0.00000   0.01318   0.00000   0.00000   0.01302   0.00000   0.00000   0.00000   0.01318   0.01312   0.00000   0.00000   0.02651   5.98131  13.89625  -12.78675   0.00000  
 61  0.0661    348.704651  x:  0.00000   0.01308   0.00000   0.00000   0.00000   0.00000   0.00000   0.00000   0.00000   0.00000   0.00000   0.00000   0.00000   0.00000   0.00000   0.00000   0.00000   0.00000   0.01318   0.00000   0.00000   0.01302   0.00000   0.00000   0.00000   0.01318   0.01312   0.00000   0.00000   0.02651   5.98128  15.71707  -14.61034   0.00000  
 62  0.3221    348.704651  x:  0.00000   0.01308   0.00000   0.00000   0.00000   0.00000   0.00000   0.00000   0.00000   0.00000   0.00000   0.00000   0.00000   0.00000   0.00000   0.00000   0.00000   0.00000   0.01318   0.00000   0.00000   0.01302   0.00000   0.00000   0.00000   0.01318   0.01312   0.00000   0.00000   0.02651   5.98131  15.18518  -14.07765   0.00000  
 63  0.4705    348.704651  x:  0.00000   0.01308   0.00000   0.00000   0.00000   0.00000   0.00000   0.00000   0.00000   0.00000   0.00000   0.00000   0.00000   0.00000   0.00000   0.00000   0.00000   0.00000   0.01318   0.00000   0.00000   0.01302   0.00000   0.00000   0.00000   0.01318   0.01312   0.00000   0.00000   0.02651   5.98131  15.18518  -14.07765   0.00000  
 64 11.5079    348.704651  x:  0.00000   0.01308   0.00000   0.00000   0.00000   0.00000   0.00000   0.00000   0.00000   0.00000   0.00000   0.00000   0.00000   0.00000   0.00000   0.00000   0.00000   0.00000   0.01318   0.00000   0.00000   0.01302   0.00000   0.00000   0.00000   0.01318   0.01312   0.00000   0.00000   0.02651   5.98131  15.18518  -14.07765   0.00000  
 65  0.1442    348.704651  x:  0.00000   0.01308   0.00000   0.00000   0.00000   0.00000   0.00000   0.00000   0.00000   0.00000   0.00000   0.00000   0.00000   0.00000   0.00000   0.00000   0.00000   0.00000   0.01318   0.00000   0.00000   0.01302   0.00000   0.00000   0.00000   0.01318   0.01312   0.00000   0.00000   0.02651   5.98131  15.18518  -14.07765   0.00000  
 66  0.0114    348.704651  x:  0.00000   0.01308   0.00000   0.00000   0.00000   0.00000   0.00000   0.00000   0.00000   0.00000   0.00000   0.00000   0.00000   0.00000   0.00000   0.00000   0.00000   0.00000   0.01318   0.00000   0.00000   0.01302   0.00000   0.00000   0.00000   0.01318   0.01312   0.00000   0.00000   0.02651   5.98131  15.18518  -14.07765   0.00000  
check convergence!
