Supplemental results for CODEML (seqf: /Users/YY/Desktop/get/branch_site/modify/modify_trim_muscle_ndhE.fa  treef: /Users/YY/Desktop/get/branch_site/16gene_topu.tree)


dN/dS (w) for site classes (K=4)

site class             0        1       2a       2b
proportion       0.74810  0.09791  0.13616  0.01782
background w     0.04714  1.00000  0.04714  1.00000
foreground w     0.04714  1.00000  2.57332  2.57332

Naive Empirical Bayes (NEB) probabilities for 4 classes
(amino acids refer to 1st sequence: NC_015113)

   1 M   0.81110 0.03492 0.14763 0.00635 ( 1)
   2 M   0.43817 0.40785 0.07975 0.07423 ( 1)
   3 L   0.26133 0.58469 0.04756 0.10642 ( 2)
   4 E   0.79382 0.05219 0.14448 0.00950 ( 1)
   5 H   0.80528 0.04073 0.14657 0.00741 ( 1)
   6 V   0.80000 0.04602 0.14561 0.00838 ( 1)
   7 L   0.82050 0.02552 0.14934 0.00465 ( 1)
   8 V   0.82471 0.02130 0.15011 0.00388 ( 1)
   9 L   0.78405 0.06196 0.14271 0.01128 ( 1)
  10 S   0.81615 0.02986 0.14855 0.00544 ( 1)
  11 A   0.76454 0.08148 0.13916 0.01483 ( 1)
  12 F   0.03808 0.80794 0.00693 0.14705 ( 2)
  13 L   0.79662 0.04940 0.14499 0.00899 ( 1)
  14 F   0.82367 0.02235 0.14992 0.00407 ( 1)
  15 S   0.81383 0.03219 0.14812 0.00586 ( 1)
  16 V   0.82471 0.02130 0.15011 0.00388 ( 1)
  17 G   0.80987 0.03614 0.14741 0.00658 ( 1)
  18 L   0.82050 0.02552 0.14934 0.00465 ( 1)
  19 Y   0.80795 0.03807 0.14706 0.00693 ( 1)
  20 G   0.78371 0.06231 0.14264 0.01134 ( 1)
  21 L   0.78405 0.06196 0.14271 0.01128 ( 1)
  22 I   0.82560 0.02042 0.15027 0.00372 ( 1)
  23 T   0.77583 0.07019 0.14121 0.01278 ( 1)
  24 S   0.81615 0.02986 0.14855 0.00544 ( 1)
  25 R   0.76616 0.07985 0.13945 0.01453 ( 1)
  26 N   0.81862 0.02739 0.14900 0.00499 ( 1)
  27 M   0.81110 0.03492 0.14763 0.00635 ( 1)
  28 V   0.82471 0.02130 0.15011 0.00388 ( 1)
  29 R   0.29009 0.55592 0.05280 0.10118 ( 2)
  30 A   0.76830 0.07771 0.13984 0.01414 ( 1)
  31 L   0.82050 0.02552 0.14934 0.00465 ( 1)
  32 M   0.81110 0.03492 0.14763 0.00635 ( 1)
  33 C   0.80389 0.04212 0.14632 0.00767 ( 1)
  34 L   0.82050 0.02552 0.14934 0.00465 ( 1)
  35 E   0.79382 0.05219 0.14448 0.00950 ( 1)
  36 L   0.82050 0.02552 0.14934 0.00465 ( 1)
  37 I   0.82560 0.02042 0.15027 0.00372 ( 1)
  38 L   0.78405 0.06196 0.14271 0.01128 ( 1)
  39 N   0.81862 0.02739 0.14900 0.00499 ( 1)
  40 A   0.79362 0.05240 0.14445 0.00954 ( 1)
  41 V   0.82471 0.02130 0.15011 0.00388 ( 1)
  42 N   0.81862 0.02739 0.14900 0.00499 ( 1)
  43 I   0.80473 0.04129 0.14647 0.00751 ( 1)
  44 N   0.81570 0.03031 0.14847 0.00552 ( 1)
  45 F   0.82367 0.02235 0.14992 0.00407 ( 1)
  46 V   0.80000 0.04602 0.14561 0.00838 ( 1)
  47 T   0.36378 0.48224 0.06621 0.08777 ( 2)
  48 F   0.82367 0.02235 0.14992 0.00407 ( 1)
  49 S   0.81244 0.03358 0.14787 0.00611 ( 1)
  50 D   0.81610 0.02991 0.14854 0.00544 ( 1)
  51 F   0.82367 0.02235 0.14992 0.00407 ( 1)
  52 F   0.82367 0.02235 0.14992 0.00407 ( 1)
  53 D   0.81610 0.02991 0.14854 0.00544 ( 1)
  54 S   0.81615 0.02986 0.14855 0.00544 ( 1)
  55 R   0.79612 0.04989 0.14490 0.00908 ( 1)
  56 Q   0.77764 0.06837 0.14154 0.01244 ( 1)
  57 L   0.35876 0.48725 0.06530 0.08869 ( 2)
  58 K   0.79728 0.04874 0.14511 0.00887 ( 1)
  59 G   0.78371 0.06231 0.14264 0.01134 ( 1)
  60 S   0.28957 0.55645 0.05270 0.10128 ( 2)
  61 I   0.82560 0.02042 0.15027 0.00372 ( 1)
  62 F   0.29725 0.54877 0.05410 0.09988 ( 2)
  63 S   0.80146 0.04455 0.14587 0.00811 ( 1)
  64 I   0.82560 0.02042 0.15027 0.00372 ( 1)
  65 F   0.82367 0.02235 0.14992 0.00407 ( 1)
  66 V   0.82471 0.02130 0.15011 0.00388 ( 1)
  67 I   0.80565 0.04036 0.14664 0.00735 ( 1)
  68 A   0.81854 0.02747 0.14898 0.00500 ( 1)
  69 I   0.82560 0.02042 0.15027 0.00372 ( 1)
  70 A   0.79362 0.05240 0.14445 0.00954 ( 1)
  71 A   0.76454 0.08148 0.13916 0.01483 ( 1)
  72 A   0.81854 0.02747 0.14898 0.00500 ( 1)
  73 E   0.79382 0.05219 0.14448 0.00950 ( 1)
  74 A   0.78773 0.05829 0.14338 0.01061 ( 1)
  75 A   0.81854 0.02747 0.14898 0.00500 ( 1)
  76 I   0.82560 0.02042 0.15027 0.00372 ( 1)
  77 G   0.78222 0.06379 0.14237 0.01161 ( 1)
  78 L   0.77537 0.07064 0.14113 0.01286 ( 1)
  79 A   0.81854 0.02747 0.14898 0.00500 ( 1)
  80 I   0.82560 0.02042 0.15027 0.00372 ( 1)
  81 V   0.82471 0.02130 0.15011 0.00388 ( 1)
  82 S   0.78350 0.06252 0.14261 0.01138 ( 1)
  83 S   0.78350 0.06252 0.14261 0.01138 ( 1)
  84 I   0.82560 0.02042 0.15027 0.00372 ( 1)
  85 Y   0.42420 0.42181 0.07721 0.07677 ( 1)
  86 R   0.79612 0.04989 0.14490 0.00908 ( 1)
  87 N   0.77795 0.06806 0.14160 0.01239 ( 1)
  88 R   0.34636 0.49965 0.06304 0.09094 ( 2)
  89 K   0.79728 0.04874 0.14511 0.00887 ( 1)
  90 S   0.78350 0.06252 0.14261 0.01138 ( 1)
  91 T   0.82158 0.02444 0.14954 0.00445 ( 1)
  92 R   0.36423 0.48179 0.06629 0.08769 ( 2)
  93 I   0.77248 0.07354 0.14060 0.01338 ( 1)
  94 N   0.81862 0.02739 0.14900 0.00499 ( 1)
  95 Q   0.77764 0.06837 0.14154 0.01244 ( 1)
  96 Y   0.43182 0.41420 0.07859 0.07539 ( 1)
  97 N   0.80996 0.03606 0.14742 0.00656 ( 1)
  98 L   0.78405 0.06196 0.14271 0.01128 ( 1)
  99 L   0.78405 0.06196 0.14271 0.01128 ( 1)
 100 N   0.81862 0.02739 0.14900 0.00499 ( 1)
 101 K   0.78422 0.06179 0.14274 0.01125 ( 1)


lnL =  -596.535150

Bayes Empirical Bayes (BEB) probabilities for 4 classes (class)
(amino acids refer to 1st sequence: NC_015113)

   1 M   0.63362 0.02742 0.32403 0.01492 ( 1)
   2 M   0.38839 0.27265 0.18991 0.14905 ( 1)
   3 L   0.26491 0.39613 0.12435 0.21461 ( 2)
   4 E   0.62049 0.04055 0.31688 0.02208 ( 1)
   5 H   0.62917 0.03187 0.32161 0.01735 ( 1)
   6 V   0.62516 0.03588 0.31942 0.01954 ( 1)
   7 L   0.64085 0.02019 0.32797 0.01098 ( 1)
   8 V   0.64412 0.01692 0.32975 0.00920 ( 1)
   9 L   0.61315 0.04789 0.31288 0.02608 ( 1)
  10 S   0.63750 0.02354 0.32615 0.01281 ( 1)
  11 A   0.59866 0.06238 0.30498 0.03398 ( 1)
  12 F   0.07922 0.58182 0.03139 0.30757 ( 2)
  13 L   0.62260 0.03844 0.31803 0.02093 ( 1)
  14 F   0.64331 0.01773 0.32931 0.00964 ( 1)
  15 S   0.63571 0.02533 0.32517 0.01378 ( 1)
  16 V   0.64412 0.01692 0.32975 0.00920 ( 1)
  17 G   0.63268 0.02836 0.32352 0.01544 ( 1)
  18 L   0.64085 0.02019 0.32797 0.01098 ( 1)
  19 Y   0.63121 0.02983 0.32272 0.01624 ( 1)
  20 G   0.61289 0.04815 0.31274 0.02622 ( 1)
  21 L   0.61315 0.04789 0.31288 0.02608 ( 1)
  22 I   0.64481 0.01623 0.33013 0.00883 ( 1)
  23 T   0.60702 0.05402 0.30954 0.02942 ( 1)
  24 S   0.63750 0.02354 0.32615 0.01281 ( 1)
  25 R   0.59986 0.06118 0.30564 0.03333 ( 1)
  26 N   0.63941 0.02164 0.32718 0.01177 ( 1)
  27 M   0.63362 0.02742 0.32403 0.01492 ( 1)
  28 V   0.64412 0.01692 0.32975 0.00920 ( 1)
  29 R   0.28607 0.37497 0.13541 0.20356 ( 2)
  30 A   0.60144 0.05960 0.30650 0.03246 ( 1)
  31 L   0.64085 0.02019 0.32797 0.01098 ( 1)
  32 M   0.63362 0.02742 0.32403 0.01492 ( 1)
  33 C   0.62812 0.03293 0.32104 0.01792 ( 1)
  34 L   0.64085 0.02019 0.32797 0.01098 ( 1)
  35 E   0.62049 0.04055 0.31688 0.02208 ( 1)
  36 L   0.64085 0.02019 0.32797 0.01098 ( 1)
  37 I   0.64481 0.01623 0.33013 0.00883 ( 1)
  38 L   0.61315 0.04789 0.31288 0.02608 ( 1)
  39 N   0.63941 0.02164 0.32718 0.01177 ( 1)
  40 A   0.62033 0.04071 0.31680 0.02216 ( 1)
  41 V   0.64412 0.01692 0.32975 0.00920 ( 1)
  42 N   0.63941 0.02164 0.32718 0.01177 ( 1)
  43 I   0.62875 0.03229 0.32138 0.01758 ( 1)
  44 N   0.63715 0.02389 0.32596 0.01300 ( 1)
  45 F   0.64331 0.01773 0.32931 0.00964 ( 1)
  46 V   0.62516 0.03588 0.31942 0.01954 ( 1)
  47 T   0.33808 0.32296 0.16292 0.17604 ( 1)
  48 F   0.64331 0.01773 0.32931 0.00964 ( 1)
  49 S   0.63464 0.02640 0.32459 0.01437 ( 1)
  50 D   0.63746 0.02358 0.32613 0.01283 ( 1)
  51 F   0.64331 0.01773 0.32931 0.00964 ( 1)
  52 F   0.64331 0.01773 0.32931 0.00964 ( 1)
  53 D   0.63746 0.02358 0.32613 0.01283 ( 1)
  54 S   0.63750 0.02354 0.32615 0.01281 ( 1)
  55 R   0.62222 0.03882 0.31783 0.02113 ( 1)
  56 Q   0.60837 0.05267 0.31028 0.02869 ( 1)
  57 L   0.33462 0.32642 0.16108 0.17788 ( 1)
  58 K   0.62310 0.03794 0.31830 0.02066 ( 1)
  59 G   0.61289 0.04815 0.31274 0.02622 ( 1)
  60 S   0.28569 0.37535 0.13520 0.20376 ( 2)
  61 I   0.64481 0.01623 0.33013 0.00883 ( 1)
  62 F   0.29125 0.36979 0.13812 0.20084 ( 2)
  63 S   0.62627 0.03477 0.32003 0.01893 ( 1)
  64 I   0.64481 0.01623 0.33013 0.00883 ( 1)
  65 F   0.64331 0.01773 0.32931 0.00964 ( 1)
  66 V   0.64412 0.01692 0.32975 0.00920 ( 1)
  67 I   0.62945 0.03159 0.32177 0.01719 ( 1)
  68 A   0.63934 0.02170 0.32715 0.01181 ( 1)
  69 I   0.64481 0.01623 0.33013 0.00883 ( 1)
  70 A   0.62033 0.04071 0.31680 0.02216 ( 1)
  71 A   0.59866 0.06238 0.30498 0.03398 ( 1)
  72 A   0.63934 0.02170 0.32715 0.01181 ( 1)
  73 E   0.62049 0.04055 0.31688 0.02208 ( 1)
  74 A   0.61590 0.04513 0.31439 0.02458 ( 1)
  75 A   0.63934 0.02170 0.32715 0.01181 ( 1)
  76 I   0.64481 0.01623 0.33013 0.00883 ( 1)
  77 G   0.61178 0.04926 0.31214 0.02682 ( 1)
  78 L   0.60668 0.05436 0.30936 0.02961 ( 1)
  79 A   0.63934 0.02170 0.32715 0.01181 ( 1)
  80 I   0.64481 0.01623 0.33013 0.00883 ( 1)
  81 V   0.64412 0.01692 0.32975 0.00920 ( 1)
  82 S   0.61273 0.04830 0.31266 0.02631 ( 1)
  83 S   0.61273 0.04830 0.31266 0.02631 ( 1)
  84 I   0.64481 0.01623 0.33013 0.00883 ( 1)
  85 Y   0.37906 0.28198 0.18489 0.15407 ( 1)
  86 R   0.62222 0.03882 0.31783 0.02113 ( 1)
  87 N   0.60859 0.05245 0.31040 0.02856 ( 1)
  88 R   0.32602 0.33502 0.15651 0.18245 ( 2)
  89 K   0.62310 0.03794 0.31830 0.02066 ( 1)
  90 S   0.61273 0.04830 0.31266 0.02631 ( 1)
  91 T   0.64169 0.01935 0.32843 0.01053 ( 1)
  92 R   0.33839 0.32265 0.16309 0.17587 ( 1)
  93 I   0.60453 0.05651 0.30818 0.03078 ( 1)
  94 N   0.63941 0.02164 0.32718 0.01177 ( 1)
  95 Q   0.60837 0.05267 0.31028 0.02869 ( 1)
  96 Y   0.38415 0.27689 0.18763 0.15133 ( 1)
  97 N   0.63274 0.02830 0.32355 0.01540 ( 1)
  98 L   0.61315 0.04789 0.31288 0.02608 ( 1)
  99 L   0.61315 0.04789 0.31288 0.02608 ( 1)
 100 N   0.63941 0.02164 0.32718 0.01177 ( 1)
 101 K   0.61328 0.04776 0.31295 0.02601 ( 1)

