

TREE # 1

  0  0.0000    638.291497  x:  0.00000   0.03019   0.03243   0.01071   0.03746   0.04338   0.01870   0.02157   0.03687   0.01073   0.02773   0.01386   0.02550   0.00848   0.01629   0.03998   0.03055   0.02072   0.02683   0.01841   0.03672   0.03044   0.01357   0.03015   0.00435   0.05696   0.03540   0.04088   0.06585   0.04659   2.00000   1.09989   0.02896   0.27919   2.57308  
  1 99.0000    638.286037  x:  0.00000   0.03019   0.03243   0.01070   0.03746   0.04338   0.01869   0.02157   0.03686   0.01072   0.02773   0.01386   0.02550   0.00848   0.01629   0.03998   0.03055   0.02072   0.02682   0.01841   0.03671   0.03044   0.01358   0.03015   0.00435   0.05696   0.03540   0.04088   0.06584   0.04659   2.00000   1.09989   0.02896   0.27919   2.57308  
  2 350.2994    631.776724  x:  0.00000   0.03198   0.02804   0.00628   0.03306   0.04015   0.01393   0.01716   0.03246   0.00629   0.02331   0.00942   0.02525   0.00407   0.01498   0.03683   0.02614   0.01872   0.02241   0.01401   0.03243   0.02885   0.01466   0.03116   0.00000   0.05536   0.03398   0.03991   0.06476   0.04926   2.00002   1.10000   0.02886   0.27684   2.57308  
  3 697995.3254    626.086157  x:  0.00000   0.03354   0.02399   0.00220   0.02900   0.03722   0.00956   0.01309   0.02838   0.00219   0.01923   0.00533   0.02498   0.00000   0.01487   0.03401   0.02207   0.01773   0.01833   0.00996   0.02849   0.02760   0.01467   0.03211   0.00000   0.05384   0.03271   0.03623   0.06374   0.05239   2.00003   1.10002   0.02882   0.27402   2.57308  
  4 6151.8404    623.278684  x:  0.00000   0.03412   0.02183   0.00001   0.02682   0.03587   0.00723   0.01091   0.02621   0.00000   0.01705   0.00314   0.02486   0.00000   0.01433   0.03277   0.01990   0.01740   0.01616   0.00780   0.02642   0.02699   0.01587   0.03235   0.00000   0.05313   0.03220   0.03439   0.06322   0.05353   2.00002   1.09999   0.02883   0.27242   2.57308  
  5 7523.2882    623.267119  x:  0.00000   0.03413   0.02182   0.00000   0.02682   0.03587   0.00721   0.01091   0.02620   0.00000   0.01704   0.00313   0.02485   0.00000   0.01433   0.03276   0.01989   0.01740   0.01615   0.00779   0.02641   0.02699   0.01588   0.03235   0.00000   0.05312   0.03220   0.03439   0.06322   0.05354   2.00002   1.09999   0.02883   0.27241   2.57308  
  6 7870.2332    619.864664  x:  0.00000   0.03517   0.01873   0.00000   0.02369   0.03439   0.00386   0.00778   0.02308   0.00000   0.01392   0.00000   0.02469   0.00000   0.01437   0.03144   0.01677   0.01665   0.01303   0.00470   0.02347   0.02592   0.01666   0.03298   0.00000   0.05229   0.03151   0.03344   0.06258   0.05532   2.00000   1.09991   0.02887   0.26992   2.57308  
  7 21112.8924    616.420723  x:  0.00000   0.03562   0.01528   0.00000   0.02021   0.03294   0.00000   0.00428   0.01961   0.00000   0.01043   0.00000   0.02457   0.00000   0.01334   0.03008   0.01329   0.01646   0.00955   0.00124   0.02019   0.02555   0.01698   0.03352   0.00000   0.05146   0.03075   0.03245   0.06201   0.05755   1.99997   1.09981   0.02893   0.26706   2.57308  
  8 8198.4792    615.335039  x:  0.00000   0.03608   0.01404   0.00000   0.01898   0.03251   0.00000   0.00302   0.01838   0.00000   0.00920   0.00000   0.02452   0.00000   0.01319   0.02967   0.01205   0.01605   0.00832   0.00000   0.01903   0.02547   0.01717   0.03354   0.00000   0.05121   0.03064   0.03192   0.06184   0.05795   1.99996   1.09977   0.02895   0.26596   2.57308  
  9 4739.6244    612.957538  x:  0.00000   0.03717   0.01104   0.00000   0.01600   0.03148   0.00000   0.00000   0.01540   0.00000   0.00621   0.00000   0.02436   0.00000   0.01288   0.02877   0.00905   0.01607   0.00532   0.00000   0.01626   0.02415   0.01775   0.03407   0.00000   0.05058   0.03027   0.03083   0.06134   0.05884   1.99995   1.09969   0.02901   0.26321   2.57309  
 10 5769.6046    609.261165  x:  0.00000   0.03708   0.00577   0.00000   0.01072   0.02995   0.00000   0.00000   0.01009   0.00000   0.00088   0.00000   0.02438   0.00000   0.01219   0.02760   0.00369   0.01446   0.00000   0.00000   0.01136   0.02220   0.01836   0.03419   0.00000   0.04962   0.02940   0.02923   0.06043   0.06098   1.99996   1.09959   0.02910   0.25865   2.57308  
 11 3253.2346    608.744746  x:  0.00000   0.03730   0.00490   0.00000   0.00985   0.02972   0.00000   0.00000   0.00921   0.00000   0.00000   0.00000   0.02433   0.00000   0.01211   0.02741   0.00281   0.01440   0.00000   0.00000   0.01055   0.02218   0.01845   0.03419   0.00000   0.04947   0.02931   0.02907   0.06030   0.06129   1.99996   1.09958   0.02911   0.25797   2.57308  
 12 4732.9224    607.410004  x:  0.00000   0.03755   0.00222   0.00000   0.00707   0.02931   0.00000   0.00000   0.00644   0.00000   0.00000   0.00000   0.02458   0.00000   0.01187   0.02680   0.00000   0.01402   0.00000   0.00000   0.00796   0.02206   0.01867   0.03518   0.00000   0.04923   0.02944   0.02846   0.06032   0.06167   1.99997   1.09955   0.02914   0.25581   2.57307  
 13 1768.6117    606.494331  x:  0.00000   0.03783   0.00000   0.00000   0.00475   0.02898   0.00000   0.00000   0.00413   0.00000   0.00000   0.00000   0.02437   0.00000   0.01174   0.02638   0.00000   0.01384   0.00000   0.00000   0.00582   0.02169   0.01886   0.03514   0.00000   0.04903   0.02924   0.02806   0.06031   0.06214   1.99997   1.09953   0.02917   0.25392   2.57307  
 14 2499.3002    605.219843  x:  0.00000   0.03836   0.00000   0.00000   0.00061   0.02794   0.00000   0.00000   0.00000   0.00000   0.00000   0.00000   0.02575   0.00000   0.01163   0.02628   0.00000   0.01379   0.00000   0.00000   0.00198   0.02128   0.01913   0.03480   0.00000   0.04834   0.02895   0.02764   0.05916   0.06287   1.99998   1.09952   0.02918   0.25066   2.57306  
 15 1317.3171    605.089316  x:  0.00000   0.03836   0.00000   0.00000   0.00000   0.02778   0.00000   0.00000   0.00000   0.00000   0.00000   0.00000   0.02566   0.00000   0.01161   0.02628   0.00000   0.01375   0.00000   0.00000   0.00140   0.02128   0.01914   0.03486   0.00000   0.04824   0.02895   0.02760   0.05894   0.06291   1.99998   1.09953   0.02917   0.25024   2.57306  
 16 670.0691    604.926767  x:  0.00000   0.03839   0.00000   0.00000   0.00000   0.02771   0.00000   0.00000   0.00000   0.00000   0.00000   0.00000   0.02567   0.00000   0.01159   0.02598   0.00000   0.01372   0.00000   0.00000   0.00000   0.02126   0.01918   0.03488   0.00000   0.04822   0.02888   0.02757   0.05900   0.06297   1.99998   1.09957   0.02913   0.24949   2.57306  
 17 369.1915    604.288139  x:  0.00000   0.03731   0.00000   0.00000   0.00000   0.01302   0.00000   0.00000   0.00000   0.00000   0.00000   0.00000   0.02554   0.00000   0.01203   0.03034   0.00000   0.01474   0.00000   0.00000   0.00000   0.01824   0.02001   0.03179   0.00000   0.04269   0.04236   0.02849   0.07509   0.06757   2.00032   1.10577   0.02296   0.21361   2.57302  
 18 41.9838    601.560771  x:  0.00000   0.04027   0.00000   0.00000   0.00000   0.02736   0.00000   0.00000   0.00000   0.00000   0.00000   0.00000   0.02572   0.00000   0.01213   0.05499   0.00000   0.01623   0.00000   0.00000   0.00000   0.00974   0.02683   0.03047   0.00000   0.02212   0.05510   0.02001   0.09991   0.08414   2.00234   1.14278  -0.01379   0.00000   2.57279  
 19 73.7390    600.725806  x:  0.00000   0.03779   0.00000   0.00000   0.00000   0.02533   0.00000   0.00000   0.00000   0.00000   0.00000   0.00000   0.02538   0.00000   0.01208   0.03601   0.00000   0.01522   0.00000   0.00000   0.00000   0.01435   0.02209   0.03058   0.00000   0.01303   0.04906   0.02618   0.08574   0.07207   2.00108   1.12098   0.00788   0.00000   2.57294  
 20 95.8933    599.775351  x:  0.00000   0.03972   0.00000   0.00000   0.00000   0.02799   0.00000   0.00000   0.00000   0.00000   0.00000   0.00000   0.02474   0.00000   0.01060   0.01362   0.00000   0.01347   0.00000   0.00000   0.00000   0.01086   0.02066   0.02884   0.00000   0.01500   0.05692   0.02740   0.06411   0.07212   2.00008   1.10612   0.02268   0.00000   2.57305  
 21 40.6801    598.808449  x:  0.00000   0.04731   0.00000   0.00000   0.00000   0.01760   0.00000   0.00000   0.00000   0.00000   0.00000   0.00000   0.02346   0.00000   0.00740   0.01232   0.00000   0.00821   0.00000   0.00000   0.00000   0.00818   0.02151   0.03622   0.00000   0.01457   0.03178   0.02124   0.05767   0.06698   1.99980   1.10348   0.02532   0.00000   2.57313  
 22 17.0848    598.723692  x:  0.00772   0.04769   0.00000   0.00000   0.00000   0.01656   0.00000   0.00000   0.00000   0.00000   0.00000   0.00000   0.02335   0.00000   0.00733   0.01209   0.00000   0.00793   0.00000   0.00000   0.00000   0.00798   0.02152   0.03676   0.00000   0.01457   0.02958   0.02076   0.05696   0.06623   2.00001   1.10590   0.02289   0.00000   2.57313  
 23 21.5283    598.255218  x:  0.00871   0.04375   0.00000   0.00000   0.00000   0.01075   0.00000   0.00000   0.00000   0.00000   0.00000   0.00000   0.02282   0.00000   0.01083   0.00845   0.00000   0.01047   0.00000   0.00000   0.00000   0.00937   0.02037   0.03640   0.00000   0.01529   0.02251   0.01768   0.05168   0.05838   2.00497   1.15852  -0.02957   0.00000   2.57314  
 24 10.5332    597.945975  x:  0.00946   0.04637   0.00000   0.00000   0.00000   0.01089   0.00000   0.00000   0.00000   0.00000   0.00000   0.00000   0.02242   0.00000   0.01038   0.00671   0.00000   0.00869   0.00000   0.00000   0.00000   0.01437   0.02144   0.03796   0.00000   0.01513   0.02218   0.01762   0.04842   0.07197   2.01211   1.20667  -0.07838   0.00000   2.57336  
 25  6.2545    597.643534  x:  0.00000   0.04673   0.00000   0.00000   0.00000   0.00915   0.00000   0.00000   0.00000   0.00000   0.00000   0.00000   0.02274   0.00000   0.01064   0.00938   0.00000   0.00883   0.00000   0.00000   0.00000   0.01267   0.02166   0.03785   0.00000   0.01568   0.02362   0.02654   0.04548   0.07364   2.02524   1.27365  -0.14586   0.00000   2.57341  
 26  3.8679    597.508623  x:  0.00000   0.04704   0.00000   0.00000   0.00000   0.01017   0.00000   0.00000   0.00000   0.00000   0.00000   0.00000   0.02262   0.00000   0.00791   0.00915   0.00000   0.01037   0.00000   0.00000   0.00000   0.01371   0.02027   0.03691   0.00000   0.01718   0.02271   0.02924   0.05000   0.07087   2.04722   1.30610  -0.17864   0.00000   2.57355  
 27  0.9175    597.466664  x:  0.00000   0.04716   0.00000   0.00000   0.00000   0.01048   0.00000   0.00000   0.00000   0.00000   0.00000   0.00000   0.02258   0.00000   0.00742   0.00912   0.00000   0.01068   0.00000   0.00000   0.00000   0.01391   0.01999   0.03672   0.00000   0.01757   0.02248   0.02994   0.05113   0.07031   2.05322   1.31339  -0.18600   0.01106   2.57358  
 28 10.4102    597.322863  x:  0.00000   0.04908   0.00000   0.00000   0.00000   0.01323   0.00000   0.00000   0.00000   0.00000   0.00000   0.00000   0.02237   0.00000   0.01064   0.00944   0.00000   0.00951   0.00000   0.00000   0.00000   0.01301   0.02063   0.03766   0.00000   0.01917   0.02197   0.03414   0.05656   0.07101   2.08715   1.33010  -0.20261   0.01528   2.57344  
 29  1.1346    597.062713  x:  0.00000   0.05160   0.00000   0.00000   0.00000   0.01471   0.00000   0.00000   0.00000   0.00000   0.00000   0.00000   0.02298   0.00000   0.01131   0.01177   0.00000   0.00955   0.00000   0.00000   0.00000   0.01707   0.02222   0.03546   0.00000   0.02316   0.02233   0.02496   0.05403   0.06794   2.15496   1.30389  -0.17515   0.01086   2.57306  
 30  0.7132    597.049492  x:  0.00440   0.05202   0.00000   0.00000   0.00000   0.01499   0.00000   0.00000   0.00000   0.00000   0.00000   0.00000   0.02309   0.00000   0.01144   0.01221   0.00000   0.00958   0.00000   0.00000   0.00000   0.01781   0.02253   0.03509   0.00000   0.02391   0.02239   0.02326   0.05353   0.06745   2.16774   1.29885  -0.16989   0.01001   2.57299  
 31 20.0648    596.946763  x:  0.00519   0.04878   0.00000   0.00000   0.00000   0.01590   0.00000   0.00000   0.00000   0.00000   0.00000   0.00000   0.02383   0.00000   0.01184   0.01287   0.00000   0.01251   0.00000   0.00000   0.00000   0.01699   0.02361   0.03922   0.00000   0.02539   0.02142   0.02258   0.05077   0.07468   2.19285   1.27769  -0.15005   0.00733   2.57350  
 32  0.5946    596.852812  x:  0.00500   0.04358   0.00000   0.00000   0.00000   0.01541   0.00000   0.00000   0.00000   0.00000   0.00000   0.00000   0.02619   0.00000   0.01175   0.01161   0.00000   0.01150   0.00000   0.00000   0.00000   0.01659   0.02216   0.04107   0.00000   0.02767   0.02575   0.02284   0.04993   0.07269   2.19601   1.30167  -0.17408   0.01119   2.57353  
 33  0.2397    596.704964  x:  0.00218   0.04827   0.00000   0.00000   0.00000   0.01250   0.00000   0.00000   0.00000   0.00000   0.00000   0.00000   0.02417   0.00000   0.01233   0.01062   0.00000   0.01259   0.00000   0.00000   0.00000   0.01413   0.01992   0.03579   0.00000   0.03118   0.02720   0.02488   0.04800   0.07664   2.14480   1.32232  -0.19453   0.01405   2.57344  
 34  0.1488    596.672001  x:  0.00000   0.04630   0.00000   0.00000   0.00000   0.01163   0.00000   0.00000   0.00000   0.00000   0.00000   0.00000   0.02405   0.00000   0.01204   0.01052   0.00000   0.01204   0.00000   0.00000   0.00000   0.01352   0.02204   0.03433   0.00000   0.03205   0.02604   0.02669   0.04818   0.07671   2.12549   1.33325  -0.20568   0.01545   2.57347  
 35  0.1723    596.638827  x:  0.00129   0.04934   0.00000   0.00000   0.00000   0.01120   0.00000   0.00000   0.00000   0.00000   0.00000   0.00000   0.02462   0.00000   0.01219   0.01040   0.00000   0.01260   0.00000   0.00000   0.00000   0.01346   0.02396   0.03682   0.00000   0.03341   0.02655   0.02521   0.05090   0.07518   2.10635   1.35602  -0.22824   0.01974   2.57337  
 36  0.1460    596.610823  x:  0.00300   0.04810   0.00000   0.00000   0.00000   0.01089   0.00000   0.00000   0.00000   0.00000   0.00000   0.00000   0.02518   0.00000   0.01220   0.01110   0.00000   0.01176   0.00000   0.00000   0.00000   0.01385   0.02218   0.03744   0.00000   0.03523   0.02418   0.02373   0.05260   0.07551   2.09596   1.37424  -0.24647   0.02219   2.57341  
 37  0.1898    596.574969  x:  0.00108   0.04769   0.00000   0.00000   0.00000   0.01218   0.00000   0.00000   0.00000   0.00000   0.00000   0.00000   0.02339   0.00000   0.01182   0.01138   0.00000   0.01148   0.00000   0.00000   0.00000   0.01332   0.02299   0.03760   0.00000   0.03734   0.02348   0.02509   0.04898   0.07315   2.10953   1.42692  -0.29912   0.02994   2.57338  
 38  0.0950    596.565391  x:  0.00000   0.04807   0.00000   0.00000   0.00000   0.01232   0.00000   0.00000   0.00000   0.00000   0.00000   0.00000   0.02464   0.00000   0.01177   0.01141   0.00000   0.01162   0.00000   0.00000   0.00000   0.01311   0.02294   0.03663   0.00000   0.03754   0.02354   0.02604   0.04858   0.07330   2.11489   1.44744  -0.31965   0.03299   2.57336  
 39  0.0593    596.565391  x:  0.00000   0.04807   0.00000   0.00000   0.00000   0.01232   0.00000   0.00000   0.00000   0.00000   0.00000   0.00000   0.02464   0.00000   0.01177   0.01141   0.00000   0.01162   0.00000   0.00000   0.00000   0.01311   0.02294   0.03663   0.00000   0.03754   0.02354   0.02604   0.04858   0.07330   2.11489   1.44744  -0.31965   0.03299   2.57336  
 40  0.0921    596.560163  x:  0.00003   0.04795   0.00000   0.00000   0.00000   0.01168   0.00000   0.00000   0.00000   0.00000   0.00000   0.00000   0.02433   0.00000   0.01206   0.01202   0.00000   0.01196   0.00000   0.00000   0.00000   0.01350   0.02267   0.03654   0.00000   0.03683   0.02407   0.02612   0.04876   0.07356   2.11489   1.44749  -0.31971   0.03280   2.57336  
 41  6.9760    596.558344  x:  0.00011   0.04777   0.00000   0.00000   0.00000   0.01190   0.00000   0.00000   0.00000   0.00000   0.00000   0.00000   0.02411   0.00000   0.01196   0.01176   0.00000   0.01182   0.00000   0.00000   0.00000   0.01356   0.02242   0.03644   0.00000   0.03604   0.02444   0.02622   0.04898   0.07394   2.11489   1.44758  -0.31979   0.03250   2.57336  
 42  3.8798    596.557973  x:  0.00003   0.04763   0.00000   0.00000   0.00000   0.01188   0.00000   0.00000   0.00000   0.00000   0.00000   0.00000   0.02421   0.00000   0.01194   0.01182   0.00000   0.01183   0.00000   0.00000   0.00000   0.01339   0.02247   0.03641   0.00000   0.03584   0.02424   0.02615   0.04909   0.07424   2.11489   1.44769  -0.31990   0.03220   2.57336  
 43  1.4155    596.557837  x:  0.00006   0.04758   0.00000   0.00000   0.00000   0.01186   0.00000   0.00000   0.00000   0.00000   0.00000   0.00000   0.02423   0.00000   0.01198   0.01176   0.00000   0.01183   0.00000   0.00000   0.00000   0.01352   0.02254   0.03641   0.00000   0.03591   0.02417   0.02618   0.04912   0.07443   2.11489   1.44781  -0.32003   0.03197   2.57336  
 44  0.9885    596.557757  x:  0.00007   0.04759   0.00000   0.00000   0.00000   0.01190   0.00000   0.00000   0.00000   0.00000   0.00000   0.00000   0.02420   0.00000   0.01194   0.01182   0.00000   0.01183   0.00000   0.00000   0.00000   0.01350   0.02251   0.03642   0.00000   0.03603   0.02424   0.02621   0.04910   0.07454   2.11488   1.44797  -0.32018   0.03178   2.57336  
 45  0.8218    596.557719  x:  0.00004   0.04762   0.00000   0.00000   0.00000   0.01186   0.00000   0.00000   0.00000   0.00000   0.00000   0.00000   0.02419   0.00000   0.01198   0.01177   0.00000   0.01183   0.00000   0.00000   0.00000   0.01345   0.02247   0.03644   0.00000   0.03606   0.02428   0.02619   0.04908   0.07456   2.11488   1.44811  -0.32032   0.03172   2.57336  
 46  0.6192    596.557664  x:  0.00000   0.04765   0.00000   0.00000   0.00000   0.01186   0.00000   0.00000   0.00000   0.00000   0.00000   0.00000   0.02419   0.00000   0.01197   0.01177   0.00000   0.01183   0.00000   0.00000   0.00000   0.01346   0.02247   0.03644   0.00000   0.03605   0.02428   0.02619   0.04906   0.07454   2.11487   1.44826  -0.32048   0.03170   2.57336  
 47  0.8531    596.557294  x:  0.00000   0.04784   0.00000   0.00000   0.00000   0.01185   0.00000   0.00000   0.00000   0.00000   0.00000   0.00000   0.02418   0.00000   0.01196   0.01175   0.00000   0.01184   0.00000   0.00000   0.00000   0.01344   0.02253   0.03642   0.00000   0.03593   0.02423   0.02658   0.04891   0.07429   2.11482   1.45026  -0.32248   0.03163   2.57336  
 48  8.2020    596.554951  x:  0.00000   0.04704   0.00000   0.00000   0.00000   0.01207   0.00000   0.00000   0.00000   0.00000   0.00000   0.00000   0.02402   0.00000   0.01200   0.01173   0.00000   0.01154   0.00000   0.00000   0.00000   0.01389   0.02229   0.03611   0.00000   0.03614   0.02439   0.02674   0.04911   0.07351   2.11444   1.46341  -0.33562   0.03286   2.57336  
 49  5.2449    596.553878  x:  0.00000   0.04688   0.00000   0.00000   0.00000   0.01207   0.00000   0.00000   0.00000   0.00000   0.00000   0.00000   0.02393   0.00000   0.01168   0.01155   0.00000   0.01189   0.00000   0.00000   0.00000   0.01404   0.02229   0.03612   0.00000   0.03618   0.02446   0.02670   0.04911   0.07345   2.11426   1.46943  -0.34164   0.03365   2.57336  
 50 25.3903    596.547853  x:  0.00000   0.04726   0.00000   0.00000   0.00000   0.01214   0.00000   0.00000   0.00000   0.00000   0.00000   0.00000   0.02353   0.00000   0.01169   0.01156   0.00000   0.01157   0.00000   0.00000   0.00000   0.01411   0.02274   0.03669   0.00000   0.03600   0.02463   0.02669   0.04852   0.07468   2.11327   1.50295  -0.37516   0.03917   2.57336  
 51 27.1029    596.544441  x:  0.00000   0.04747   0.00000   0.00000   0.00000   0.01228   0.00000   0.00000   0.00000   0.00000   0.00000   0.00000   0.02404   0.00000   0.01191   0.01155   0.00000   0.01180   0.00000   0.00000   0.00000   0.01406   0.02192   0.03609   0.00000   0.03592   0.02429   0.02669   0.04834   0.07481   2.11269   1.52196  -0.39417   0.04198   2.57336  
 52 37.0225    596.541471  x:  0.00000   0.04734   0.00000   0.00000   0.00000   0.01170   0.00000   0.00000   0.00000   0.00000   0.00000   0.00000   0.02407   0.00000   0.01146   0.01154   0.00000   0.01143   0.00000   0.00000   0.00000   0.01383   0.02177   0.03552   0.00000   0.03581   0.02405   0.02645   0.04830   0.07434   2.11218   1.53844  -0.41065   0.04406   2.57336  
 53 48.3339    596.537491  x:  0.00000   0.04677   0.00000   0.00000   0.00000   0.01169   0.00000   0.00000   0.00000   0.00000   0.00000   0.00000   0.02363   0.00000   0.01177   0.01156   0.00000   0.01168   0.00000   0.00000   0.00000   0.01320   0.02226   0.03518   0.00000   0.03551   0.02387   0.02586   0.04830   0.07320   2.11148   1.56068  -0.43289   0.04654   2.57336  
 54 65.7911    596.536902  x:  0.00000   0.04651   0.00000   0.00000   0.00000   0.01163   0.00000   0.00000   0.00000   0.00000   0.00000   0.00000   0.02383   0.00000   0.01177   0.01157   0.00000   0.01167   0.00000   0.00000   0.00000   0.01315   0.02212   0.03573   0.00000   0.03541   0.02385   0.02585   0.04830   0.07292   2.11135   1.56401  -0.43622   0.04687   2.57336  
 55 10.5316    596.536899  x:  0.00000   0.04651   0.00000   0.00000   0.00000   0.01163   0.00000   0.00000   0.00000   0.00000   0.00000   0.00000   0.02381   0.00000   0.01177   0.01157   0.00000   0.01167   0.00000   0.00000   0.00000   0.01315   0.02211   0.03573   0.00000   0.03542   0.02383   0.02585   0.04830   0.07292   2.11134   1.56403  -0.43623   0.04687   2.57336  
 56  0.1386    596.536885  x:  0.00000   0.04645   0.00000   0.00000   0.00000   0.01163   0.00000   0.00000   0.00000   0.00000   0.00000   0.00000   0.02382   0.00000   0.01176   0.01157   0.00000   0.01167   0.00000   0.00000   0.00000   0.01315   0.02210   0.03571   0.00000   0.03540   0.02383   0.02585   0.04818   0.07293   2.11102   1.56411  -0.43631   0.04688   2.57336  
 57  0.0565    596.535548  x:  0.00000   0.04659   0.00000   0.00000   0.00000   0.01165   0.00000   0.00000   0.00000   0.00000   0.00000   0.00000   0.02381   0.00000   0.01175   0.01159   0.00000   0.01165   0.00000   0.00000   0.00000   0.01316   0.02209   0.03570   0.00000   0.03537   0.02378   0.02577   0.04814   0.07294   2.07741   1.57224  -0.44443   0.04689   2.57336  
 58  0.5362    596.535169  x:  0.00000   0.04669   0.00000   0.00000   0.00000   0.01166   0.00000   0.00000   0.00000   0.00000   0.00000   0.00000   0.02380   0.00000   0.01173   0.01159   0.00000   0.01163   0.00000   0.00000   0.00000   0.01319   0.02207   0.03568   0.00000   0.03533   0.02375   0.02569   0.04802   0.07293   2.08738   1.57788  -0.45006   0.04676   2.57335  
 59  0.0122    596.535150  x:  0.00000   0.04670   0.00000   0.00000   0.00000   0.01166   0.00000   0.00000   0.00000   0.00000   0.00000   0.00000   0.02378   0.00000   0.01173   0.01157   0.00000   0.01162   0.00000   0.00000   0.00000   0.01321   0.02206   0.03567   0.00000   0.03531   0.02375   0.02566   0.04798   0.07285   2.08673   1.58068  -0.45284   0.04715   2.57334  
 60  0.0042    596.535150  x:  0.00000   0.04670   0.00000   0.00000   0.00000   0.01166   0.00000   0.00000   0.00000   0.00000   0.00000   0.00000   0.02378   0.00000   0.01173   0.01157   0.00000   0.01162   0.00000   0.00000   0.00000   0.01321   0.02206   0.03567   0.00000   0.03531   0.02375   0.02565   0.04798   0.07285   2.08663   1.58069  -0.45283   0.04714   2.57333  
 61  0.0001    596.535150  x:  0.00000   0.04670   0.00000   0.00000   0.00000   0.01166   0.00000   0.00000   0.00000   0.00000   0.00000   0.00000   0.02378   0.00000   0.01173   0.01157   0.00000   0.01162   0.00000   0.00000   0.00000   0.01321   0.02206   0.03567   0.00000   0.03531   0.02375   0.02565   0.04798   0.07285   2.08664   1.58068  -0.45281   0.04714   2.57333  
 62  0.0000    596.535150  x:  0.00000   0.04670   0.00000   0.00000   0.00000   0.01166   0.00000   0.00000   0.00000   0.00000   0.00000   0.00000   0.02378   0.00000   0.01173   0.01157   0.00000   0.01162   0.00000   0.00000   0.00000   0.01321   0.02206   0.03567   0.00000   0.03531   0.02375   0.02565   0.04798   0.07285   2.08664   1.58068  -0.45280   0.04714   2.57332  