Supplemental results for CODEML (seqf: /Users/YY/Desktop/get/branch_site/modify/modify_trim_muscle_ndhG.fa  treef: /Users/YY/Desktop/get/branch_site/16gene_topu.tree)


dN/dS (w) for site classes (K=4)

site class             0        1       2a       2b
proportion       0.69126  0.13504  0.14531  0.02839
background w     0.13455  1.00000  0.13455  1.00000
foreground w     0.13455  1.00000  1.00000  1.00000

Naive Empirical Bayes (NEB) probabilities for 4 classes
(amino acids refer to 1st sequence: NC_015804)

   1 M   0.76134 0.06497 0.16003 0.01366 ( 1)
   2 D   0.75240 0.07391 0.15816 0.01554 ( 1)
   3 L   0.73769 0.08862 0.15506 0.01863 ( 1)
   4 P   0.73031 0.09599 0.15351 0.02018 ( 1)
   5 G   0.73020 0.09611 0.15349 0.02020 ( 1)
   6 P   0.74009 0.08622 0.15557 0.01812 ( 1)
   7 I   0.76359 0.06272 0.16051 0.01318 ( 1)
   8 H   0.74406 0.08225 0.15640 0.01729 ( 1)
   9 D   0.75240 0.07391 0.15816 0.01554 ( 1)
  10 F   0.77157 0.05474 0.16219 0.01151 ( 1)
  11 L   0.76886 0.05745 0.16162 0.01208 ( 1)
  12 L   0.73769 0.08862 0.15506 0.01863 ( 1)
  13 V   0.39003 0.43627 0.08199 0.09171 ( 2)
  14 F   0.77157 0.05474 0.16219 0.01151 ( 1)
  15 L   0.70762 0.11869 0.14874 0.02495 ( 1)
  16 G   0.73020 0.09611 0.15349 0.02020 ( 1)
  17 S   0.39411 0.43220 0.08284 0.09085 ( 2)
  18 G   0.74724 0.07907 0.15707 0.01662 ( 1)
  19 L   0.76886 0.05745 0.16162 0.01208 ( 1)
  20 L   0.51063 0.31567 0.10734 0.06636 ( 1)
  21 L   0.73769 0.08862 0.15506 0.01863 ( 1)
  22 G   0.73020 0.09611 0.15349 0.02020 ( 1)
  23 G   0.74724 0.07907 0.15707 0.01662 ( 1)
  24 L   0.70795 0.11836 0.14881 0.02488 ( 1)
  25 G   0.73020 0.09611 0.15349 0.02020 ( 1)
  26 V   0.72554 0.10077 0.15251 0.02118 ( 1)
  27 V   0.48001 0.34630 0.10090 0.07279 ( 1)
  28 L   0.73769 0.08862 0.15506 0.01863 ( 1)
  29 L   0.71819 0.10812 0.15097 0.02273 ( 1)
  30 P   0.71323 0.11308 0.14992 0.02377 ( 1)
  31 N   0.75162 0.07469 0.15799 0.01570 ( 1)
  32 P   0.10901 0.71730 0.02291 0.15078 ( 2)
  33 I   0.77420 0.05211 0.16274 0.01095 ( 1)
  34 Y   0.74426 0.08205 0.15645 0.01725 ( 1)
  35 S   0.76392 0.06239 0.16058 0.01311 ( 1)
  36 A   0.71663 0.10968 0.15064 0.02305 ( 1)
  37 F   0.77157 0.05474 0.16219 0.01151 ( 1)
  38 S   0.74087 0.08543 0.15573 0.01796 ( 1)
  39 L   0.72635 0.09996 0.15268 0.02101 ( 1)
  40 G   0.73020 0.09611 0.15349 0.02020 ( 1)
  41 L   0.72434 0.10196 0.15226 0.02143 ( 1)
  42 V   0.77151 0.05480 0.16217 0.01152 ( 1)
  43 L   0.76886 0.05745 0.16162 0.01208 ( 1)
  44 V   0.54315 0.28316 0.11417 0.05952 ( 1)
  45 C   0.74461 0.08170 0.15652 0.01717 ( 1)
  46 T   0.74873 0.07758 0.15738 0.01631 ( 1)
  47 S   0.71729 0.10902 0.15078 0.02292 ( 1)
  48 L   0.73769 0.08862 0.15506 0.01863 ( 1)
  49 F   0.09338 0.73293 0.01963 0.15406 ( 2)
  50 Y   0.74426 0.08205 0.15645 0.01725 ( 1)
  51 I   0.77420 0.05211 0.16274 0.01095 ( 1)
  52 L   0.72320 0.10310 0.15202 0.02167 ( 1)
  53 S   0.73977 0.08654 0.15550 0.01819 ( 1)
  54 N   0.71342 0.11289 0.14996 0.02373 ( 1)
  55 S   0.71933 0.10698 0.15121 0.02249 ( 1)
  56 H   0.74406 0.08225 0.15640 0.01729 ( 1)
  57 F   0.77157 0.05474 0.16219 0.01151 ( 1)
  58 V   0.75313 0.07318 0.15831 0.01538 ( 1)
  59 A   0.76822 0.05808 0.16148 0.01221 ( 1)
  60 A   0.76822 0.05808 0.16148 0.01221 ( 1)
  61 A   0.72326 0.10305 0.15203 0.02166 ( 1)
  62 Q   0.71415 0.11216 0.15012 0.02358 ( 1)
  63 L   0.76886 0.05745 0.16162 0.01208 ( 1)
  64 L   0.76886 0.05745 0.16162 0.01208 ( 1)
  65 I   0.77420 0.05211 0.16274 0.01095 ( 1)
  66 Y   0.70698 0.11933 0.14861 0.02508 ( 1)
  67 V   0.45606 0.37025 0.09586 0.07783 ( 1)
  68 G   0.71809 0.10822 0.15094 0.02275 ( 1)
  69 A   0.73553 0.09078 0.15461 0.01908 ( 1)
  70 I   0.76359 0.06272 0.16051 0.01318 ( 1)
  71 N   0.75162 0.07469 0.15799 0.01570 ( 1)
  72 V   0.77151 0.05480 0.16217 0.01152 ( 1)
  73 L   0.73769 0.08862 0.15506 0.01863 ( 1)
  74 I   0.72780 0.09851 0.15299 0.02071 ( 1)
  75 I   0.54891 0.27740 0.11538 0.05831 ( 1)
  76 F   0.77157 0.05474 0.16219 0.01151 ( 1)
  77 A   0.76714 0.05916 0.16126 0.01244 ( 1)
  78 V   0.73512 0.09119 0.15452 0.01917 ( 1)
  79 M   0.76134 0.06497 0.16003 0.01366 ( 1)
  80 F   0.72801 0.09830 0.15303 0.02066 ( 1)
  81 M   0.76134 0.06497 0.16003 0.01366 ( 1)
  82 N   0.75162 0.07469 0.15799 0.01570 ( 1)
  83 G   0.74724 0.07907 0.15707 0.01662 ( 1)
  84 S   0.71471 0.11160 0.15023 0.02346 ( 1)
  85 E   0.73603 0.09028 0.15471 0.01898 ( 1)
  86 Y   0.74404 0.08227 0.15640 0.01729 ( 1)
  87 Y   0.70698 0.11933 0.14861 0.02508 ( 1)
  88 K   0.73520 0.09110 0.15454 0.01915 ( 1)
  89 D   0.47744 0.34886 0.10036 0.07333 ( 1)
  90 F   0.53945 0.28686 0.11339 0.06030 ( 1)
  91 H   0.74406 0.08225 0.15640 0.01729 ( 1)
  92 L   0.76886 0.05745 0.16162 0.01208 ( 1)
  93 W   0.70828 0.11802 0.14888 0.02481 ( 1)
  94 T   0.71601 0.11030 0.15051 0.02318 ( 1)
  95 V   0.77151 0.05480 0.16217 0.01152 ( 1)
  96 G   0.71259 0.11371 0.14979 0.02390 ( 1)
  97 D   0.72938 0.09693 0.15332 0.02037 ( 1)
  98 G   0.72397 0.10233 0.15218 0.02151 ( 1)
  99 V   0.77151 0.05480 0.16217 0.01152 ( 1)
 100 T   0.72683 0.09948 0.15278 0.02091 ( 1)
 101 S   0.71948 0.10683 0.15124 0.02246 ( 1)
 102 I   0.14317 0.68314 0.03009 0.14360 ( 2)
 103 V   0.54118 0.28513 0.11376 0.05994 ( 1)
 104 C   0.74461 0.08170 0.15652 0.01717 ( 1)
 105 T   0.74873 0.07758 0.15738 0.01631 ( 1)
 106 S   0.74837 0.07794 0.15731 0.01638 ( 1)
 107 I   0.77420 0.05211 0.16274 0.01095 ( 1)
 108 F   0.77157 0.05474 0.16219 0.01151 ( 1)
 109 V   0.77151 0.05480 0.16217 0.01152 ( 1)
 110 S   0.74172 0.08459 0.15591 0.01778 ( 1)
 111 L   0.72320 0.10310 0.15202 0.02167 ( 1)
 112 I   0.77420 0.05211 0.16274 0.01095 ( 1)
 113 T   0.76691 0.05940 0.16121 0.01249 ( 1)
 114 T   0.76691 0.05940 0.16121 0.01249 ( 1)
 115 I   0.77420 0.05211 0.16274 0.01095 ( 1)
 116 P   0.43630 0.39001 0.09171 0.08198 ( 1)
 117 D   0.46456 0.36174 0.09765 0.07604 ( 1)
 118 T   0.72250 0.10381 0.15187 0.02182 ( 1)
 119 S   0.74172 0.08459 0.15591 0.01778 ( 1)
 120 W   0.70828 0.11802 0.14888 0.02481 ( 1)
 121 Y   0.71341 0.11290 0.14996 0.02373 ( 1)
 122 G   0.71259 0.11371 0.14979 0.02390 ( 1)
 123 I   0.52109 0.30522 0.10953 0.06416 ( 1)
 124 I   0.77420 0.05211 0.16274 0.01095 ( 1)
 125 W   0.70828 0.11802 0.14888 0.02481 ( 1)
 126 T   0.76691 0.05940 0.16121 0.01249 ( 1)
 127 T   0.74873 0.07758 0.15738 0.01631 ( 1)
 128 K   0.73520 0.09110 0.15454 0.01915 ( 1)
 129 S   0.44704 0.37927 0.09397 0.07972 ( 1)
 130 N   0.71589 0.11041 0.15048 0.02321 ( 1)
 131 Q   0.70710 0.11920 0.14864 0.02506 ( 1)
 132 I   0.55018 0.27613 0.11565 0.05804 ( 1)
 133 V   0.48968 0.33663 0.10293 0.07076 ( 1)
 134 E   0.72485 0.10145 0.15237 0.02133 ( 1)
 135 Q   0.71812 0.10819 0.15095 0.02274 ( 1)
 136 D   0.75240 0.07391 0.15816 0.01554 ( 1)
 137 F   0.01629 0.81002 0.00342 0.17027 ( 2)
 138 I   0.12492 0.70138 0.02626 0.14743 ( 2)
 139 S   0.46158 0.36472 0.09703 0.07667 ( 1)
 140 N   0.75162 0.07469 0.15799 0.01570 ( 1)
 141 S   0.74837 0.07794 0.15731 0.01638 ( 1)
 142 Q   0.71812 0.10819 0.15095 0.02274 ( 1)
 143 Q   0.71812 0.10819 0.15095 0.02274 ( 1)
 144 I   0.77420 0.05211 0.16274 0.01095 ( 1)
 145 G   0.71376 0.11254 0.15004 0.02366 ( 1)
 146 I   0.77420 0.05211 0.16274 0.01095 ( 1)
 147 H   0.74406 0.08225 0.15640 0.01729 ( 1)
 148 L   0.73769 0.08862 0.15506 0.01863 ( 1)
 149 S   0.74172 0.08459 0.15591 0.01778 ( 1)
 150 T   0.74873 0.07758 0.15738 0.01631 ( 1)
 151 D   0.47231 0.35400 0.09928 0.07441 ( 1)
 152 F   0.76199 0.06432 0.16017 0.01352 ( 1)
 153 F   0.77157 0.05474 0.16219 0.01151 ( 1)
 154 L   0.50591 0.32040 0.10634 0.06735 ( 1)
 155 P   0.74009 0.08622 0.15557 0.01812 ( 1)
 156 F   0.77157 0.05474 0.16219 0.01151 ( 1)
 157 E   0.73603 0.09028 0.15471 0.01898 ( 1)
 158 L   0.39661 0.42969 0.08337 0.09032 ( 2)
 159 I   0.77420 0.05211 0.16274 0.01095 ( 1)
 160 S   0.74172 0.08459 0.15591 0.01778 ( 1)
 161 I   0.76359 0.06272 0.16051 0.01318 ( 1)
 162 I   0.77420 0.05211 0.16274 0.01095 ( 1)
 163 L   0.76702 0.05929 0.16123 0.01246 ( 1)
 164 L   0.73769 0.08862 0.15506 0.01863 ( 1)
 165 V   0.77151 0.05480 0.16217 0.01152 ( 1)
 166 A   0.39981 0.42650 0.08404 0.08965 ( 2)
 167 L   0.73769 0.08862 0.15506 0.01863 ( 1)
 168 I   0.76359 0.06272 0.16051 0.01318 ( 1)
 169 G   0.74724 0.07907 0.15707 0.01662 ( 1)
 170 A   0.72766 0.09865 0.15296 0.02074 ( 1)
 171 I   0.77420 0.05211 0.16274 0.01095 ( 1)
 172 A   0.52865 0.29766 0.11112 0.06257 ( 1)
 173 V   0.48040 0.34590 0.10098 0.07271 ( 1)
 174 A   0.76822 0.05808 0.16148 0.01221 ( 1)
 175 R   0.73703 0.08928 0.15493 0.01877 ( 1)
 176 Q   0.71812 0.10819 0.15095 0.02274 ( 1)


lnL = -1096.571481

