

TREE # 1

  0  0.0000   1129.011040  x:  0.00243   0.01570   0.01608   0.01455   0.01574   0.01682   0.00798   0.00950   0.01608   0.00883   0.01781   0.00653   0.00605   0.00425   0.00463   0.01965   0.02776   0.03475   0.01729   0.01656   0.02118   0.04762   0.00346   0.02645   0.00000   0.03536   0.03514   0.04331   0.02353   0.10074   2.00000   1.09989   0.02896   0.27919  
  1 99.0000   1129.009113  x:  0.00243   0.01570   0.01608   0.01455   0.01574   0.01682   0.00798   0.00950   0.01608   0.00882   0.01781   0.00652   0.00605   0.00425   0.00463   0.01965   0.02776   0.03475   0.01729   0.01656   0.02118   0.04762   0.00346   0.02645   0.00000   0.03536   0.03514   0.04331   0.02353   0.10074   2.00000   1.09989   0.02896   0.27919  
  2 619.6083   1121.589694  x:  0.00228   0.01572   0.01262   0.01429   0.01230   0.01349   0.00445   0.00600   0.01260   0.00868   0.01602   0.00303   0.00255   0.00075   0.00113   0.01768   0.02685   0.03482   0.01556   0.01608   0.01914   0.04768   0.00000   0.02625   0.00000   0.03396   0.03519   0.04317   0.02131   0.10145   2.00013   1.09995   0.02890   0.27878  
  3 43857.7914   1120.128235  x:  0.00225   0.01573   0.01188   0.01423   0.01156   0.01278   0.00369   0.00526   0.01186   0.00862   0.01565   0.00228   0.00181   0.00000   0.00039   0.01727   0.02666   0.03484   0.01520   0.01597   0.01872   0.04769   0.00000   0.02621   0.00000   0.03367   0.03520   0.04313   0.02085   0.10160   2.00016   1.09997   0.02888   0.27870  
  4 2479930.4602   1119.495307  x:  0.00228   0.01579   0.01155   0.01419   0.01119   0.01242   0.00329   0.00488   0.01148   0.00870   0.01558   0.00190   0.00143   0.00000   0.00000   0.01719   0.02652   0.03493   0.01513   0.01580   0.01861   0.04778   0.00000   0.02622   0.00000   0.03351   0.03532   0.04317   0.02073   0.10180   2.00018   1.09997   0.02889   0.27851  
  5 1518.1478   1117.346283  x:  0.00225   0.01552   0.01032   0.01415   0.00978   0.01105   0.00179   0.00346   0.01007   0.00852   0.01518   0.00048   0.00000   0.00000   0.00000   0.01677   0.02614   0.03510   0.01474   0.01576   0.01813   0.04799   0.00000   0.02619   0.00000   0.03298   0.03549   0.04313   0.02026   0.10248   2.00024   1.09996   0.02890   0.27766  
  6 6800.3174   1116.705983  x:  0.00222   0.01560   0.00991   0.01412   0.00931   0.01060   0.00129   0.00298   0.00960   0.00854   0.01502   0.00000   0.00000   0.00000   0.00000   0.01660   0.02608   0.03508   0.01458   0.01578   0.01796   0.04800   0.00000   0.02616   0.00000   0.03284   0.03546   0.04310   0.02009   0.10264   2.00026   1.09995   0.02890   0.27737  
  7 11296.0074   1115.302875  x:  0.00225   0.01544   0.00889   0.01397   0.00812   0.00946   0.00000   0.00178   0.00841   0.00846   0.01464   0.00000   0.00000   0.00000   0.00000   0.01614   0.02610   0.03501   0.01423   0.01525   0.01751   0.04783   0.00000   0.02612   0.00000   0.03267   0.03535   0.04313   0.01956   0.10261   2.00032   1.09994   0.02891   0.27665  
  8 4756.1109   1113.623404  x:  0.00238   0.01550   0.00733   0.01408   0.00635   0.00775   0.00000   0.00000   0.00665   0.00842   0.01432   0.00000   0.00000   0.00000   0.00000   0.01564   0.02573   0.03544   0.01394   0.01531   0.01693   0.04780   0.00000   0.02619   0.00000   0.03247   0.03579   0.04326   0.01874   0.10212   2.00039   1.09994   0.02892   0.27573  
  9 1949.7118   1108.863845  x:  0.00163   0.01540   0.00165   0.01229   0.00000   0.00168   0.00000   0.00000   0.00035   0.00828   0.01341   0.00000   0.00000   0.00000   0.00000   0.01486   0.02457   0.03577   0.01293   0.01513   0.01582   0.04878   0.00000   0.02580   0.00000   0.03098   0.03610   0.04251   0.01700   0.10219   2.00063   1.09994   0.02892   0.27289  
 10 2470.5396   1108.662403  x:  0.00161   0.01540   0.00133   0.01232   0.00000   0.00134   0.00000   0.00000   0.00000   0.00827   0.01335   0.00000   0.00000   0.00000   0.00000   0.01481   0.02454   0.03576   0.01287   0.01509   0.01577   0.04883   0.00000   0.02578   0.00000   0.03090   0.03608   0.04249   0.01694   0.10225   2.00065   1.09994   0.02892   0.27274  
 11 4256.7522   1108.116181  x:  0.00184   0.01540   0.00004   0.01213   0.00000   0.00000   0.00000   0.00000   0.00000   0.00825   0.01316   0.00000   0.00000   0.00000   0.00000   0.01453   0.02465   0.03583   0.01274   0.01515   0.01555   0.04874   0.00000   0.02586   0.00000   0.03072   0.03609   0.04273   0.01684   0.10272   2.00070   1.09994   0.02892   0.27222  
 12 1684.9453   1108.108944  x:  0.00184   0.01540   0.00000   0.01213   0.00000   0.00000   0.00000   0.00000   0.00000   0.00825   0.01316   0.00000   0.00000   0.00000   0.00000   0.01452   0.02465   0.03584   0.01274   0.01514   0.01554   0.04873   0.00000   0.02586   0.00000   0.03073   0.03609   0.04272   0.01683   0.10273   2.00070   1.09994   0.02892   0.27221  
 13 444.5994   1107.274241  x:  0.00337   0.01572   0.00000   0.01155   0.00000   0.00000   0.00000   0.00000   0.00000   0.00777   0.01615   0.00000   0.00000   0.00000   0.00000   0.01731   0.01998   0.03298   0.01502   0.01494   0.01269   0.04530   0.00000   0.02245   0.00000   0.02843   0.03413   0.04426   0.00595   0.10486   2.00363   1.10131   0.02763   0.26118  
 14 55.7332   1105.375139  x:  0.00221   0.01593   0.00000   0.00935   0.00000   0.00000   0.00000   0.00000   0.00000   0.00781   0.01262   0.00000   0.00000   0.00000   0.00000   0.01562   0.01376   0.03202   0.00987   0.01312   0.00409   0.04387   0.00000   0.02382   0.00000   0.01853   0.03446   0.04310   0.00878   0.09530   2.01610   1.10735   0.02187   0.21778  
 15 64.3291   1104.326387  x:  0.00151   0.01583   0.00000   0.00787   0.00000   0.00000   0.00000   0.00000   0.00000   0.00803   0.00758   0.00000   0.00000   0.00000   0.00000   0.01123   0.01275   0.03295   0.00521   0.01195   0.00876   0.04542   0.00000   0.02427   0.00000   0.01363   0.03595   0.04240   0.00591   0.08963   2.02485   1.11159   0.01782   0.18753  
 16 402.0816   1103.823640  x:  0.00128   0.01595   0.00000   0.00731   0.00000   0.00000   0.00000   0.00000   0.00000   0.00803   0.00456   0.00000   0.00000   0.00000   0.00000   0.00740   0.01426   0.03283   0.00713   0.01146   0.00752   0.05203   0.00000   0.02306   0.00000   0.01545   0.03631   0.04216   0.00406   0.08748   2.02949   1.11384   0.01566   0.17212  
 17 190.0625   1103.694099  x:  0.00137   0.01600   0.00000   0.00718   0.00000   0.00000   0.00000   0.00000   0.00000   0.00800   0.00620   0.00000   0.00000   0.00000   0.00000   0.00587   0.01491   0.03289   0.00565   0.01136   0.00700   0.05439   0.00000   0.02254   0.00000   0.01654   0.03628   0.04225   0.00354   0.08710   2.03105   1.11460   0.01493   0.16709  
 18 140.0512   1103.623206  x:  0.00155   0.01606   0.00000   0.00714   0.00000   0.00000   0.00000   0.00000   0.00000   0.00793   0.00564   0.00000   0.00000   0.00000   0.00000   0.00715   0.01511   0.03355   0.00442   0.01132   0.00665   0.05490   0.00000   0.02199   0.00000   0.01787   0.03616   0.04243   0.00338   0.08754   2.03271   1.11538   0.01416   0.16217  
 19 43.4843   1102.934658  x:  0.00270   0.01706   0.00000   0.00739   0.00000   0.00000   0.00000   0.00000   0.00000   0.00638   0.00562   0.00000   0.00000   0.00000   0.00000   0.00599   0.01207   0.03725   0.00495   0.01089   0.00773   0.05558   0.00000   0.01827   0.00000   0.01980   0.03187   0.04357   0.00568   0.09029   2.05163   1.12424   0.00536   0.10872  
 20 97.6347   1102.491226  x:  0.00275   0.01789   0.00000   0.00769   0.00000   0.00000   0.00000   0.00000   0.00000   0.00525   0.00646   0.00000   0.00000   0.00000   0.00000   0.00767   0.01494   0.03765   0.00563   0.01077   0.00734   0.05758   0.00000   0.02112   0.00000   0.01740   0.03152   0.04361   0.00478   0.09153   2.06452   1.13023  -0.00059   0.07399  
 21 345.9159   1102.407510  x:  0.00272   0.01794   0.00000   0.00778   0.00000   0.00000   0.00000   0.00000   0.00000   0.00514   0.00629   0.00000   0.00000   0.00000   0.00000   0.00740   0.01403   0.03401   0.00542   0.01076   0.00760   0.05725   0.00000   0.02204   0.00000   0.01862   0.03430   0.04358   0.00502   0.09257   2.06822   1.13166  -0.00201   0.06783  
 22 42.8168   1102.351416  x:  0.00297   0.01785   0.00000   0.00798   0.00000   0.00000   0.00000   0.00000   0.00000   0.00524   0.00623   0.00000   0.00000   0.00000   0.00000   0.00733   0.01521   0.03331   0.00531   0.01086   0.00740   0.05699   0.00000   0.01962   0.00000   0.01754   0.03610   0.04382   0.00540   0.09298   2.07349   1.13315  -0.00352   0.06701  
 23 13.2911   1101.276703  x:  0.00416   0.01543   0.00000   0.01295   0.00000   0.00000   0.00000   0.00000   0.00000   0.00844   0.00434   0.00000   0.00000   0.00000   0.00000   0.00444   0.01469   0.03347   0.00356   0.01277   0.00623   0.05862   0.00000   0.02256   0.00000   0.01455   0.03178   0.04502   0.00436   0.10705   2.19520   1.16615  -0.03679   0.06888  
 24 42.7323   1100.834927  x:  0.00473   0.01793   0.00000   0.01372   0.00000   0.00000   0.00000   0.00000   0.00000   0.00452   0.00401   0.00000   0.00000   0.00000   0.00000   0.00402   0.01460   0.03337   0.00317   0.01151   0.00590   0.06142   0.00000   0.02309   0.00000   0.01321   0.03304   0.04556   0.00429   0.11270   2.26268   1.18107  -0.05161   0.08989  
 25 15.9363   1098.804039  x:  0.00293   0.01599   0.00000   0.00984   0.00000   0.00000   0.00000   0.00000   0.00000   0.00786   0.00654   0.00000   0.00000   0.00000   0.00000   0.00805   0.01224   0.03523   0.00559   0.00970   0.00634   0.07404   0.00000   0.02239   0.00000   0.01280   0.03737   0.04366   0.00365   0.13005   2.97563   1.32152  -0.19235   0.13383  
 26 10.2204   1097.347419  x:  0.00299   0.02140   0.00000   0.01097   0.00000   0.00000   0.00000   0.00000   0.00000   0.00815   0.00567   0.00000   0.00000   0.00000   0.00000   0.00639   0.01667   0.03228   0.00540   0.01005   0.00705   0.05366   0.00000   0.02352   0.00000   0.01769   0.03318   0.04359   0.00421   0.11317   3.52730   1.41915  -0.29001   0.15423  
 27  9.7568   1097.165546  x:  0.00311   0.01876   0.00000   0.01174   0.00000   0.00000   0.00000   0.00000   0.00000   0.00668   0.00574   0.00000   0.00000   0.00000   0.00000   0.00639   0.01611   0.03516   0.00568   0.01332   0.00700   0.05241   0.00000   0.02335   0.00000   0.01823   0.03562   0.04364   0.00361   0.11092   3.61726   1.41643  -0.28671   0.15273  
 28  1.1403   1096.968801  x:  0.00228   0.01515   0.00000   0.01080   0.00000   0.00000   0.00000   0.00000   0.00000   0.00548   0.00571   0.00000   0.00000   0.00000   0.00000   0.00617   0.01754   0.03372   0.00575   0.01266   0.00698   0.05048   0.00000   0.02342   0.00000   0.01878   0.03388   0.04261   0.00418   0.11740   3.72629   1.35832  -0.22898   0.13946  
 29  0.5894   1096.735850  x:  0.00410   0.01716   0.00000   0.01191   0.00000   0.00000   0.00000   0.00000   0.00000   0.00578   0.00585   0.00000   0.00000   0.00000   0.00000   0.00592   0.01813   0.03800   0.00628   0.01087   0.00650   0.04854   0.00000   0.02431   0.00000   0.01926   0.03741   0.04410   0.00367   0.12701   3.85422   1.29074  -0.16122   0.12303  
 30  0.6256   1096.664446  x:  0.00304   0.01914   0.00000   0.01117   0.00000   0.00000   0.00000   0.00000   0.00000   0.00590   0.00589   0.00000   0.00000   0.00000   0.00000   0.00591   0.01842   0.03736   0.00627   0.01264   0.00630   0.04933   0.00000   0.02421   0.00000   0.01898   0.03672   0.04293   0.00383   0.13231   3.89253   1.29492  -0.16526   0.12205  
 31  0.3921   1096.616021  x:  0.00285   0.01864   0.00000   0.01141   0.00000   0.00000   0.00000   0.00000   0.00000   0.00574   0.00587   0.00000   0.00000   0.00000   0.00000   0.00576   0.01839   0.03764   0.00619   0.01215   0.00597   0.04863   0.00000   0.02417   0.00000   0.01875   0.03692   0.04268   0.00359   0.13493   3.92973   1.39495  -0.26537   0.13718  
 32  0.4041   1096.580362  x:  0.00296   0.01821   0.00000   0.01245   0.00000   0.00000   0.00000   0.00000   0.00000   0.00595   0.00615   0.00000   0.00000   0.00000   0.00000   0.00616   0.01834   0.03628   0.00603   0.01205   0.00595   0.05024   0.00000   0.02452   0.00000   0.01834   0.03687   0.04287   0.00363   0.13641   4.07558   1.38150  -0.25201   0.13445  
 33  0.1471   1096.572907  x:  0.00295   0.01815   0.00000   0.01211   0.00000   0.00000   0.00000   0.00000   0.00000   0.00605   0.00603   0.00000   0.00000   0.00000   0.00000   0.00591   0.01818   0.03632   0.00589   0.01199   0.00610   0.04964   0.00000   0.02445   0.00000   0.01809   0.03687   0.04287   0.00364   0.13578   4.16063   1.38133  -0.25183   0.13284  
 34  0.0831   1096.571553  x:  0.00301   0.01821   0.00000   0.01207   0.00000   0.00000   0.00000   0.00000   0.00000   0.00596   0.00596   0.00000   0.00000   0.00000   0.00000   0.00598   0.01807   0.03646   0.00595   0.01205   0.00611   0.04991   0.00000   0.02439   0.00000   0.01825   0.03681   0.04296   0.00362   0.13566   4.18661   1.38211  -0.25260   0.13442  
 35  0.0224   1096.571486  x:  0.00297   0.01823   0.00000   0.01206   0.00000   0.00000   0.00000   0.00000   0.00000   0.00598   0.00598   0.00000   0.00000   0.00000   0.00000   0.00598   0.01807   0.03645   0.00597   0.01204   0.00608   0.04984   0.00000   0.02439   0.00000   0.01823   0.03680   0.04293   0.00361   0.13559   4.18929   1.38132  -0.25180   0.13454  
 36  0.0030   1096.571482  x:  0.00297   0.01823   0.00000   0.01205   0.00000   0.00000   0.00000   0.00000   0.00000   0.00598   0.00598   0.00000   0.00000   0.00000   0.00000   0.00598   0.01808   0.03646   0.00597   0.01203   0.00608   0.04986   0.00000   0.02439   0.00000   0.01823   0.03681   0.04293   0.00362   0.13558   4.18945   1.38128  -0.25175   0.13458  
 37  0.0003   1096.571481  x:  0.00296   0.01823   0.00000   0.01205   0.00000   0.00000   0.00000   0.00000   0.00000   0.00598   0.00599   0.00000   0.00000   0.00000   0.00000   0.00598   0.01807   0.03647   0.00597   0.01203   0.00608   0.04986   0.00000   0.02439   0.00000   0.01823   0.03681   0.04294   0.00362   0.13559   4.18946   1.38123  -0.25170   0.13456  
 38  0.0001   1096.571481  x:  0.00296   0.01823   0.00000   0.01205   0.00000   0.00000   0.00000   0.00000   0.00000   0.00598   0.00599   0.00000   0.00000   0.00000   0.00000   0.00598   0.01807   0.03647   0.00597   0.01203   0.00608   0.04986   0.00000   0.02439   0.00000   0.01823   0.03681   0.04295   0.00362   0.13559   4.18945   1.38123  -0.25170   0.13455  
 39  0.0000   1096.571481  x:  0.00296   0.01823   0.00000   0.01205   0.00000   0.00000   0.00000   0.00000   0.00000   0.00598   0.00599   0.00000   0.00000   0.00000   0.00000   0.00598   0.01807   0.03647   0.00597   0.01203   0.00608   0.04986   0.00000   0.02439   0.00000   0.01823   0.03681   0.04295   0.00362   0.13559   4.18945   1.38123  -0.25170   0.13455  
 40  0.0000   1096.571481  x:  0.00296   0.01823   0.00000   0.01205   0.00000   0.00000   0.00000   0.00000   0.00000   0.00598   0.00599   0.00000   0.00000   0.00000   0.00000   0.00598   0.01807   0.03647   0.00597   0.01203   0.00608   0.04986   0.00000   0.02439   0.00000   0.01823   0.03681   0.04295   0.00362   0.13559   4.18945   1.38123  -0.25170   0.13455  