

TREE # 1

  0  0.0000    369.655260  x:  0.00581   0.02802   0.00000   0.00283   0.01449   0.03998   0.00575   0.00678   0.01146   0.00398   0.03747   0.00472   0.00437   0.00302   0.00339   0.01059   0.01101   0.03235   0.05084   0.02578   0.01148   0.01950   0.00349   0.00314   0.00189   0.02730   0.00667   0.04669   0.03977   0.04924   2.00000   1.09989   0.02896   0.27919   2.57308  
  1 99.0000    369.654413  x:  0.00581   0.02802   0.00000   0.00283   0.01449   0.03998   0.00574   0.00678   0.01146   0.00398   0.03747   0.00472   0.00437   0.00302   0.00339   0.01059   0.01101   0.03235   0.05084   0.02578   0.01148   0.01950   0.00349   0.00314   0.00189   0.02730   0.00667   0.04669   0.03977   0.04924   2.00000   1.09989   0.02896   0.27919   2.57308  
  2 244.8473    367.717380  x:  0.00606   0.02663   0.00000   0.00101   0.01264   0.03979   0.00378   0.00491   0.00963   0.00216   0.03756   0.00285   0.00250   0.00116   0.00152   0.00873   0.00913   0.03314   0.05126   0.02876   0.00963   0.01901   0.00159   0.00124   0.00000   0.02599   0.00478   0.04694   0.03965   0.04991   1.99995   1.09990   0.02895   0.27867   2.57308  
  3 2396.9336    366.641247  x:  0.00654   0.02320   0.00000   0.00086   0.01185   0.03982   0.00197   0.00374   0.00884   0.00137   0.03834   0.00168   0.00133   0.00009   0.00034   0.00755   0.00813   0.03481   0.05333   0.02713   0.00859   0.01951   0.00044   0.00000   0.00000   0.02314   0.00368   0.04743   0.03987   0.05269   1.99974   1.09976   0.02911   0.27545   2.57307  
  4 142.7156    366.571279  x:  0.00652   0.02320   0.00000   0.00088   0.01180   0.03982   0.00180   0.00365   0.00879   0.00131   0.03835   0.00159   0.00124   0.00000   0.00025   0.00746   0.00805   0.03478   0.05340   0.02715   0.00851   0.01948   0.00034   0.00000   0.00000   0.02316   0.00360   0.04741   0.03987   0.05277   1.99972   1.09974   0.02913   0.27509   2.57307  
  5 132.7740    366.401708  x:  0.00651   0.02320   0.00000   0.00095   0.01168   0.03981   0.00136   0.00341   0.00866   0.00118   0.03835   0.00135   0.00100   0.00000   0.00000   0.00722   0.00786   0.03477   0.05348   0.02720   0.00832   0.01948   0.00011   0.00000   0.00000   0.02315   0.00338   0.04740   0.03987   0.05288   1.99965   1.09970   0.02917   0.27416   2.57307  
  6 4633.4286    366.334163  x:  0.00652   0.02321   0.00000   0.00098   0.01162   0.03981   0.00117   0.00330   0.00860   0.00113   0.03835   0.00124   0.00089   0.00000   0.00000   0.00711   0.00778   0.03475   0.05353   0.02723   0.00823   0.01953   0.00000   0.00000   0.00000   0.02315   0.00328   0.04740   0.03988   0.05294   1.99963   1.09968   0.02919   0.27375   2.57307  
  7 10589.7366    365.844387  x:  0.00721   0.02388   0.00000   0.00098   0.01107   0.03983   0.00031   0.00241   0.00809   0.00062   0.03804   0.00036   0.00000   0.00000   0.00000   0.00621   0.00709   0.03508   0.05407   0.02724   0.00750   0.01903   0.00000   0.00000   0.00000   0.02309   0.00250   0.04810   0.04000   0.05346   1.99946   1.09948   0.02943   0.26972   2.57306  
  8 392.7730    365.666254  x:  0.00718   0.02387   0.00000   0.00092   0.01083   0.03984   0.00011   0.00206   0.00788   0.00041   0.03800   0.00000   0.00000   0.00000   0.00000   0.00585   0.00682   0.03512   0.05417   0.02731   0.00721   0.01903   0.00000   0.00000   0.00000   0.02307   0.00220   0.04808   0.04002   0.05354   1.99940   1.09939   0.02953   0.26805   2.57305  
  9 662.3894    365.577455  x:  0.00719   0.02385   0.00000   0.00089   0.01070   0.03984   0.00000   0.00186   0.00775   0.00029   0.03802   0.00000   0.00000   0.00000   0.00000   0.00565   0.00666   0.03511   0.05420   0.02734   0.00704   0.01902   0.00000   0.00000   0.00000   0.02306   0.00202   0.04808   0.04002   0.05359   1.99937   1.09934   0.02958   0.26713   2.57305  
 10 16466.2482    365.393123  x:  0.00717   0.02386   0.00000   0.00077   0.01037   0.03983   0.00000   0.00143   0.00747   0.00000   0.03805   0.00000   0.00000   0.00000   0.00000   0.00522   0.00631   0.03516   0.05424   0.02741   0.00668   0.01902   0.00000   0.00000   0.00000   0.02304   0.00164   0.04806   0.04001   0.05372   1.99930   1.09926   0.02968   0.26538   2.57305  
 11 5684.4402    364.826022  x:  0.00713   0.02380   0.00000   0.00035   0.00928   0.03982   0.00000   0.00000   0.00650   0.00000   0.03800   0.00000   0.00000   0.00000   0.00000   0.00378   0.00512   0.03521   0.05448   0.02764   0.00548   0.01900   0.00000   0.00000   0.00000   0.02298   0.00034   0.04803   0.04002   0.05407   1.99906   1.09897   0.03002   0.25964   2.57302  
 12 40697.2795    364.703118  x:  0.00711   0.02381   0.00000   0.00021   0.00899   0.03981   0.00000   0.00000   0.00628   0.00000   0.03807   0.00000   0.00000   0.00000   0.00000   0.00341   0.00481   0.03525   0.05459   0.02769   0.00517   0.01899   0.00000   0.00000   0.00000   0.02296   0.00000   0.04801   0.04002   0.05409   1.99901   1.09891   0.03009   0.25834   2.57302  
 13 3350.3966    364.552956  x:  0.00710   0.02379   0.00000   0.00000   0.00856   0.03980   0.00000   0.00000   0.00597   0.00000   0.03807   0.00000   0.00000   0.00000   0.00000   0.00289   0.00436   0.03528   0.05462   0.02776   0.00472   0.01899   0.00000   0.00000   0.00000   0.02297   0.00000   0.04800   0.04001   0.05423   1.99894   1.09882   0.03020   0.25657   2.57301  
 14 5516.3725    363.774470  x:  0.00682   0.02421   0.00000   0.00000   0.00602   0.04000   0.00000   0.00000   0.00430   0.00000   0.03804   0.00000   0.00000   0.00000   0.00000   0.00000   0.00173   0.03513   0.05467   0.02812   0.00219   0.01893   0.00000   0.00000   0.00000   0.02202   0.00000   0.04773   0.04031   0.05493   1.99857   1.09840   0.03071   0.24771   2.57298  
 15 2387.7316    363.381436  x:  0.00679   0.02416   0.00000   0.00000   0.00431   0.04005   0.00000   0.00000   0.00320   0.00000   0.03811   0.00000   0.00000   0.00000   0.00000   0.00000   0.00000   0.03523   0.05485   0.02832   0.00055   0.01892   0.00000   0.00000   0.00000   0.02203   0.00000   0.04770   0.04042   0.05522   1.99835   1.09816   0.03100   0.24272   2.57296  
 16 2087.4507    363.282279  x:  0.00677   0.02417   0.00000   0.00000   0.00374   0.03994   0.00000   0.00000   0.00283   0.00000   0.03808   0.00000   0.00000   0.00000   0.00000   0.00000   0.00000   0.03525   0.05494   0.02838   0.00000   0.01891   0.00000   0.00000   0.00000   0.02199   0.00000   0.04768   0.04026   0.05531   1.99828   1.09809   0.03108   0.24125   2.57295  
 17 2111.7385    362.864711  x:  0.00672   0.02416   0.00000   0.00000   0.00009   0.04009   0.00000   0.00000   0.00000   0.00000   0.03821   0.00000   0.00000   0.00000   0.00000   0.00000   0.00000   0.03538   0.05506   0.02861   0.00000   0.01889   0.00000   0.00000   0.00000   0.02196   0.00000   0.04764   0.04039   0.05571   1.99800   1.09781   0.03141   0.23532   2.57293  
 18 409.4526    362.858642  x:  0.00672   0.02416   0.00000   0.00000   0.00000   0.04007   0.00000   0.00000   0.00000   0.00000   0.03821   0.00000   0.00000   0.00000   0.00000   0.00000   0.00000   0.03538   0.05506   0.02861   0.00000   0.01889   0.00000   0.00000   0.00000   0.02196   0.00000   0.04763   0.04040   0.05571   1.99799   1.09780   0.03142   0.23522   2.57293  
 19 394.7750    361.988223  x:  0.00663   0.02172   0.00000   0.00000   0.00000   0.04756   0.00000   0.00000   0.00000   0.00000   0.03929   0.00000   0.00000   0.00000   0.00000   0.00000   0.00000   0.03703   0.06075   0.03425   0.00000   0.01826   0.00000   0.00000   0.00000   0.02115   0.00000   0.04766   0.03760   0.06289   1.98268   1.09541   0.03513   0.06624   2.57240  
 20 38.1084    361.691001  x:  0.00924   0.01598   0.00000   0.00000   0.00000   0.04008   0.00000   0.00000   0.00000   0.00000   0.04093   0.00000   0.00000   0.00000   0.00000   0.00000   0.00000   0.03089   0.04963   0.03201   0.00000   0.01446   0.00000   0.00000   0.00000   0.01789   0.00000   0.05021   0.03594   0.05460   1.82389   1.11746   0.01296   0.04252   2.57245  
 21  1.3122    361.257248  x:  0.00764   0.01415   0.00000   0.00000   0.00000   0.03492   0.00000   0.00000   0.00000   0.00000   0.02830   0.00000   0.00000   0.00000   0.00000   0.00000   0.00000   0.03307   0.05523   0.03458   0.00000   0.01598   0.00000   0.00000   0.00000   0.01408   0.00000   0.04862   0.03408   0.05228   1.34695   1.15702  -0.02499   0.04511   2.57172  
 22  2.0600    361.160462  x:  0.00643   0.01624   0.00000   0.00000   0.00000   0.03226   0.00000   0.00000   0.00000   0.00000   0.03245   0.00000   0.00000   0.00000   0.00000   0.00000   0.00000   0.03710   0.05082   0.03482   0.00000   0.01579   0.00000   0.00000   0.00000   0.01402   0.00000   0.04742   0.03144   0.05532   1.20855   1.17890  -0.04634   0.04689   2.57147  
 23  3.0915    361.075514  x:  0.00623   0.01563   0.00000   0.00000   0.00000   0.03295   0.00000   0.00000   0.00000   0.00000   0.03470   0.00000   0.00000   0.00000   0.00000   0.00000   0.00000   0.03630   0.05455   0.03489   0.00000   0.01598   0.00000   0.00000   0.00000   0.01715   0.00000   0.04721   0.03552   0.05218   1.07753   1.25509  -0.12280   0.06356   2.57158  
 24  0.8508    361.034536  x:  0.00585   0.01687   0.00000   0.00000   0.00000   0.03410   0.00000   0.00000   0.00000   0.00000   0.03405   0.00000   0.00000   0.00000   0.00000   0.00000   0.00000   0.03537   0.05160   0.03522   0.00000   0.01693   0.00000   0.00000   0.00000   0.01673   0.00000   0.04682   0.03764   0.05486   1.08002   1.33874  -0.20670   0.08335   2.57168  
 25  0.5133    361.025485  x:  0.00578   0.01784   0.00000   0.00000   0.00000   0.03400   0.00000   0.00000   0.00000   0.00000   0.03455   0.00000   0.00000   0.00000   0.00000   0.00000   0.00000   0.03577   0.05260   0.03470   0.00000   0.01765   0.00000   0.00000   0.00000   0.01697   0.00000   0.04674   0.03769   0.05327   1.09948   1.36280  -0.23088   0.08237   2.57173  
 26  0.2534    361.019280  x:  0.00565   0.01721   0.00000   0.00000   0.00000   0.03454   0.00000   0.00000   0.00000   0.00000   0.03569   0.00000   0.00000   0.00000   0.00000   0.00000   0.00000   0.03602   0.05378   0.03553   0.00000   0.01714   0.00000   0.00000   0.00000   0.01709   0.00000   0.04663   0.03679   0.05401   1.11815   1.37771  -0.24575   0.08618   2.57171  
 27  0.1963    361.017664  x:  0.00566   0.01715   0.00000   0.00000   0.00000   0.03512   0.00000   0.00000   0.00000   0.00000   0.03551   0.00000   0.00000   0.00000   0.00000   0.00000   0.00000   0.03592   0.05336   0.03556   0.00000   0.01718   0.00000   0.00000   0.00000   0.01755   0.00000   0.04665   0.03667   0.05486   1.11785   1.37836  -0.24642   0.08398   2.57172  
 28  0.0137    361.017123  x:  0.00572   0.01730   0.00000   0.00000   0.00000   0.03560   0.00000   0.00000   0.00000   0.00000   0.03579   0.00000   0.00000   0.00000   0.00000   0.00000   0.00000   0.03562   0.05330   0.03559   0.00000   0.01712   0.00000   0.00000   0.00000   0.01728   0.00000   0.04670   0.03658   0.05468   1.11507   1.37760  -0.24570   0.08350   2.57174  
 29  0.0091    361.016846  x:  0.00581   0.01730   0.00000   0.00000   0.00000   0.03560   0.00000   0.00000   0.00000   0.00000   0.03578   0.00000   0.00000   0.00000   0.00000   0.00000   0.00000   0.03558   0.05295   0.03545   0.00000   0.01711   0.00000   0.00000   0.00000   0.01739   0.00000   0.04679   0.03619   0.05442   1.11580   1.37938  -0.24750   0.08412   2.57175  
 30  0.0079    361.016822  x:  0.00575   0.01730   0.00000   0.00000   0.00000   0.03559   0.00000   0.00000   0.00000   0.00000   0.03576   0.00000   0.00000   0.00000   0.00000   0.00000   0.00000   0.03560   0.05290   0.03538   0.00000   0.01703   0.00000   0.00000   0.00000   0.01737   0.00000   0.04674   0.03619   0.05441   1.11559   1.38063  -0.24874   0.08413   2.57174  
 31  0.0048    361.016812  x:  0.00577   0.01727   0.00000   0.00000   0.00000   0.03554   0.00000   0.00000   0.00000   0.00000   0.03579   0.00000   0.00000   0.00000   0.00000   0.00000   0.00000   0.03559   0.05287   0.03537   0.00000   0.01705   0.00000   0.00000   0.00000   0.01734   0.00000   0.04676   0.03618   0.05444   1.11504   1.38163  -0.24974   0.08412   2.57174  
 32  0.0030    361.016812  x:  0.00577   0.01727   0.00000   0.00000   0.00000   0.03554   0.00000   0.00000   0.00000   0.00000   0.03580   0.00000   0.00000   0.00000   0.00000   0.00000   0.00000   0.03560   0.05287   0.03537   0.00000   0.01705   0.00000   0.00000   0.00000   0.01734   0.00000   0.04676   0.03619   0.05444   1.11516   1.38153  -0.24964   0.08411   2.57174  
 33  0.0004    361.016812  x:  0.00577   0.01727   0.00000   0.00000   0.00000   0.03554   0.00000   0.00000   0.00000   0.00000   0.03580   0.00000   0.00000   0.00000   0.00000   0.00000   0.00000   0.03560   0.05287   0.03537   0.00000   0.01705   0.00000   0.00000   0.00000   0.01734   0.00000   0.04676   0.03619   0.05444   1.11520   1.38149  -0.24960   0.08411   2.57174  
 34  0.0001    361.016812  x:  0.00577   0.01727   0.00000   0.00000   0.00000   0.03554   0.00000   0.00000   0.00000   0.00000   0.03580   0.00000   0.00000   0.00000   0.00000   0.00000   0.00000   0.03560   0.05287   0.03537   0.00000   0.01705   0.00000   0.00000   0.00000   0.01734   0.00000   0.04677   0.03619   0.05444   1.11519   1.38150  -0.24960   0.08411   2.57174  
 35  0.0000    361.016812  x:  0.00577   0.01727   0.00000   0.00000   0.00000   0.03554   0.00000   0.00000   0.00000   0.00000   0.03580   0.00000   0.00000   0.00000   0.00000   0.00000   0.00000   0.03560   0.05287   0.03537   0.00000   0.01705   0.00000   0.00000   0.00000   0.01734   0.00000   0.04677   0.03619   0.05444   1.11519   1.38150  -0.24960   0.08411   2.57174  
 36  0.0000    361.016812  x:  0.00577   0.01727   0.00000   0.00000   0.00000   0.03554   0.00000   0.00000   0.00000   0.00000   0.03580   0.00000   0.00000   0.00000   0.00000   0.00000   0.00000   0.03560   0.05287   0.03537   0.00000   0.01705   0.00000   0.00000   0.00000   0.01734   0.00000   0.04677   0.03619   0.05444   1.11519   1.38150  -0.24960   0.08411   2.57174  
 37  0.0000    361.016812  x:  0.00577   0.01727   0.00000   0.00000   0.00000   0.03554   0.00000   0.00000   0.00000   0.00000   0.03580   0.00000   0.00000   0.00000   0.00000   0.00000   0.00000   0.03560   0.05287   0.03537   0.00000   0.01705   0.00000   0.00000   0.00000   0.01734   0.00000   0.04677   0.03619   0.05444   1.11519   1.38150  -0.24960   0.08411   2.57174  
 38  0.0000    361.016812  x:  0.00577   0.01727   0.00000   0.00000   0.00000   0.03554   0.00000   0.00000   0.00000   0.00000   0.03580   0.00000   0.00000   0.00000   0.00000   0.00000   0.00000   0.03560   0.05287   0.03537   0.00000   0.01705   0.00000   0.00000   0.00000   0.01734   0.00000   0.04677   0.03619   0.05444   1.11519   1.38150  -0.24960   0.08411   2.57174  