Supplemental results for CODEML (seqf: /Users/YY/Desktop/get/branch_site/modify/modify_trim_muscle_rps8.fa  treef: /Users/YY/Desktop/get/branch_site/16gene_topu.tree)


dN/dS (w) for site classes (K=4)

site class             0        1       2a       2b
proportion       0.78146  0.07806  0.12772  0.01276
background w     0.12150  1.00000  0.12150  1.00000
foreground w     0.12150  1.00000  2.57314  2.57314

Naive Empirical Bayes (NEB) probabilities for 4 classes
(amino acids refer to 1st sequence: NC_015804)

   1 M   0.83813 0.02139 0.13698 0.00350 ( 1)
   2 G   0.83050 0.02902 0.13574 0.00474 ( 1)
   3 R   0.81950 0.04002 0.13394 0.00654 ( 1)
   4 D   0.83630 0.02322 0.13668 0.00380 ( 1)
   5 I   0.69815 0.16137 0.11411 0.02637 ( 1)
   6 I   0.83733 0.02219 0.13685 0.00363 ( 1)
   7 A   0.82557 0.03395 0.13493 0.00555 ( 1)
   8 D   0.80858 0.05093 0.13216 0.00832 ( 1)
   9 I   0.83759 0.02193 0.13690 0.00358 ( 1)
  10 I   0.83759 0.02193 0.13690 0.00358 ( 1)
  11 T   0.82916 0.03036 0.13552 0.00496 ( 1)
  12 S   0.81640 0.04312 0.13343 0.00705 ( 1)
  13 I   0.83759 0.02193 0.13690 0.00358 ( 1)
  14 R   0.80663 0.05288 0.13184 0.00864 ( 1)
  15 N   0.84218 0.01734 0.13765 0.00283 ( 1)
  16 A   0.82437 0.03515 0.13474 0.00574 ( 1)
  17 D   0.83630 0.02322 0.13668 0.00380 ( 1)
  18 M   0.83813 0.02139 0.13698 0.00350 ( 1)
  19 D   0.69452 0.16500 0.11351 0.02697 ( 1)
  20 R   0.83570 0.02382 0.13659 0.00389 ( 1)
  21 K   0.83897 0.02055 0.13712 0.00336 ( 1)
  22 R   0.81950 0.04002 0.13394 0.00654 ( 1)
  23 V   0.55880 0.30072 0.09133 0.04915 ( 1)
  24 V   0.83352 0.02600 0.13623 0.00425 ( 1)
  25 R   0.80663 0.05288 0.13184 0.00864 ( 1)
  26 I   0.83759 0.02193 0.13690 0.00358 ( 1)
  27 A   0.62942 0.23010 0.10287 0.03761 ( 1)
  28 Y   0.61097 0.24855 0.09986 0.04062 ( 1)
  29 T   0.83536 0.02416 0.13653 0.00395 ( 1)
  30 N   0.84218 0.01734 0.13765 0.00283 ( 1)
  31 I   0.80732 0.05220 0.13195 0.00853 ( 1)
  32 T   0.83433 0.02519 0.13636 0.00412 ( 1)
  33 E   0.83243 0.02709 0.13605 0.00443 ( 1)
  34 N   0.84218 0.01734 0.13765 0.00283 ( 1)
  35 I   0.69899 0.16053 0.11424 0.02624 ( 1)
  36 V   0.83352 0.02600 0.13623 0.00425 ( 1)
  37 K   0.83897 0.02055 0.13712 0.00336 ( 1)
  38 I   0.83759 0.02193 0.13690 0.00358 ( 1)
  39 L   0.82724 0.03228 0.13520 0.00528 ( 1)
  40 L   0.81783 0.04169 0.13367 0.00681 ( 1)
  41 R   0.80663 0.05288 0.13184 0.00864 ( 1)
  42 E   0.83094 0.02858 0.13581 0.00467 ( 1)
  43 G   0.82968 0.02984 0.13560 0.00488 ( 1)
  44 F   0.83143 0.02809 0.13589 0.00459 ( 1)
  45 I   0.80952 0.05000 0.13231 0.00817 ( 1)
  46 E   0.83243 0.02709 0.13605 0.00443 ( 1)
  47 N   0.81679 0.04273 0.13350 0.00698 ( 1)
  48 V   0.80716 0.05236 0.13192 0.00856 ( 1)
  49 R   0.83688 0.02264 0.13678 0.00370 ( 1)
  50 K   0.83897 0.02055 0.13712 0.00336 ( 1)
  51 H   0.82842 0.03110 0.13540 0.00508 ( 1)
  52 K   0.70651 0.15301 0.11547 0.02501 ( 1)
  53 E   0.83243 0.02709 0.13605 0.00443 ( 1)
  54 S   0.53664 0.32288 0.08771 0.05277 ( 1)
  55 K   0.83897 0.02055 0.13712 0.00336 ( 1)
  56 K   0.83897 0.02055 0.13712 0.00336 ( 1)
  57 Y   0.00000 0.85952 0.00000 0.14048 ( 2)
  58 F   0.83143 0.02809 0.13589 0.00459 ( 1)
  59 L   0.80447 0.05505 0.13148 0.00900 ( 1)
  60 V   0.83352 0.02600 0.13623 0.00425 ( 1)
  61 L   0.81783 0.04169 0.13367 0.00681 ( 1)
  62 T   0.80081 0.05871 0.13089 0.00960 ( 1)
  63 L   0.81847 0.04105 0.13377 0.00671 ( 1)
  64 R   0.79687 0.06265 0.13024 0.01024 ( 1)
  65 H   0.82842 0.03110 0.13540 0.00508 ( 1)
  66 R   0.83688 0.02264 0.13678 0.00370 ( 1)
  67 K   0.61257 0.24694 0.10012 0.04036 ( 1)
  68 N   0.84218 0.01734 0.13765 0.00283 ( 1)
  69 R   0.64376 0.21576 0.10522 0.03526 ( 1)
  70 K   0.83897 0.02055 0.13712 0.00336 ( 1)
  71 D   0.73271 0.12681 0.11975 0.02073 ( 1)
  72 I   0.29421 0.56531 0.04808 0.09240 ( 2)
  73 K   0.34318 0.51634 0.05609 0.08439 ( 2)
  74 F   0.83143 0.02809 0.13589 0.00459 ( 1)
  75 L   0.81783 0.04169 0.13367 0.00681 ( 1)
  76 N   0.84218 0.01734 0.13765 0.00283 ( 1)
  77 L   0.81783 0.04169 0.13367 0.00681 ( 1)
  78 K   0.83897 0.02055 0.13712 0.00336 ( 1)
  79 R   0.51851 0.34101 0.08475 0.05573 ( 1)
  80 I   0.80842 0.05110 0.13213 0.00835 ( 1)
  81 S   0.83452 0.02500 0.13639 0.00409 ( 1)
  82 R   0.79553 0.06399 0.13002 0.01046 ( 1)
  83 S   0.57482 0.28470 0.09395 0.04653 ( 1)
  84 G   0.83050 0.02902 0.13574 0.00474 ( 1)
  85 L   0.80877 0.05075 0.13219 0.00830 ( 1)
  86 R   0.80663 0.05288 0.13184 0.00864 ( 1)
  87 I   0.80668 0.05284 0.13184 0.00864 ( 1)
  88 Y   0.82446 0.03506 0.13475 0.00573 ( 1)
  89 S   0.79463 0.06488 0.12988 0.01060 ( 1)
  90 N   0.81679 0.04273 0.13350 0.00698 ( 1)
  91 Y   0.51629 0.34323 0.08438 0.05610 ( 1)
  92 Q   0.82162 0.03790 0.13429 0.00619 ( 1)
  93 R   0.55787 0.30165 0.09118 0.04930 ( 1)
  94 I   0.83733 0.02219 0.13685 0.00363 ( 1)
  95 P   0.81676 0.04276 0.13349 0.00699 ( 1)
  96 R   0.70226 0.15726 0.11478 0.02570 ( 1)
  97 I   0.83733 0.02219 0.13685 0.00363 ( 1)
  98 L   0.81773 0.04179 0.13365 0.00683 ( 1)
  99 G   0.83050 0.02902 0.13574 0.00474 ( 1)
 100 G   0.80499 0.05453 0.13157 0.00891 ( 1)
 101 M   0.83813 0.02139 0.13698 0.00350 ( 1)
 102 G   0.82636 0.03316 0.13506 0.00542 ( 1)
 103 I   0.83733 0.02219 0.13685 0.00363 ( 1)
 104 V   0.83168 0.02784 0.13593 0.00455 ( 1)
 105 I   0.83733 0.02219 0.13685 0.00363 ( 1)
 106 I   0.68789 0.17163 0.11243 0.02805 ( 1)
 107 S   0.81640 0.04312 0.13343 0.00705 ( 1)
 108 T   0.83536 0.02416 0.13653 0.00395 ( 1)
 109 S   0.81398 0.04553 0.13304 0.00744 ( 1)
 110 R   0.80796 0.05156 0.13205 0.00843 ( 1)
 111 G   0.83050 0.02902 0.13574 0.00474 ( 1)
 112 I   0.83759 0.02193 0.13690 0.00358 ( 1)
 113 M   0.83813 0.02139 0.13698 0.00350 ( 1)
 114 T   0.83351 0.02601 0.13623 0.00425 ( 1)
 115 D   0.80858 0.05093 0.13216 0.00832 ( 1)
 116 R   0.80663 0.05288 0.13184 0.00864 ( 1)
 117 E   0.81366 0.04586 0.13299 0.00750 ( 1)
 118 A   0.82557 0.03395 0.13493 0.00555 ( 1)
 119 R   0.55835 0.30117 0.09126 0.04922 ( 1)
 120 L   0.81886 0.04066 0.13383 0.00665 ( 1)
 121 E   0.83243 0.02709 0.13605 0.00443 ( 1)
 122 R   0.59817 0.26135 0.09777 0.04272 ( 1)
 123 I   0.83733 0.02219 0.13685 0.00363 ( 1)
 124 G   0.82944 0.03008 0.13556 0.00492 ( 1)
 125 G   0.82636 0.03316 0.13506 0.00542 ( 1)
 126 E   0.83243 0.02709 0.13605 0.00443 ( 1)
 127 V   0.67750 0.18202 0.11073 0.02975 ( 1)
 128 L   0.80447 0.05505 0.13148 0.00900 ( 1)
 129 C   0.82383 0.03569 0.13465 0.00583 ( 1)
 130 Y   0.82446 0.03506 0.13475 0.00573 ( 1)
 131 I   0.83759 0.02193 0.13690 0.00358 ( 1)
 132 W   0.80236 0.05716 0.13114 0.00934 ( 1)


lnL =  -916.161125

Bayes Empirical Bayes (BEB) probabilities for 4 classes (class)
(amino acids refer to 1st sequence: NC_015804)

   1 M   0.65044 0.02241 0.31533 0.01182 ( 1)
   2 G   0.64247 0.03038 0.31112 0.01603 ( 1)
   3 R   0.63111 0.04173 0.30513 0.02203 ( 1)
   4 D   0.64853 0.02432 0.31432 0.01284 ( 1)
   5 I   0.49038 0.18247 0.23050 0.09665 ( 1)
   6 I   0.64961 0.02323 0.31489 0.01226 ( 1)
   7 A   0.63736 0.03549 0.30842 0.01873 ( 1)
   8 D   0.62002 0.05282 0.29928 0.02788 ( 1)
   9 I   0.64989 0.02296 0.31504 0.01212 ( 1)
  10 I   0.64989 0.02296 0.31504 0.01212 ( 1)
  11 T   0.64108 0.03177 0.31039 0.01677 ( 1)
  12 S   0.62794 0.04490 0.30346 0.02370 ( 1)
  13 I   0.64989 0.02296 0.31504 0.01212 ( 1)
  14 R   0.61806 0.05478 0.29825 0.02891 ( 1)
  15 N   0.65471 0.01814 0.31758 0.00957 ( 1)
  16 A   0.63612 0.03673 0.30777 0.01938 ( 1)
  17 D   0.64853 0.02432 0.31432 0.01284 ( 1)
  18 M   0.65044 0.02241 0.31533 0.01182 ( 1)
  19 D   0.48737 0.18548 0.22892 0.09824 ( 1)
  20 R   0.64791 0.02494 0.31399 0.01316 ( 1)
  21 K   0.65133 0.02151 0.31580 0.01135 ( 1)
  22 R   0.63111 0.04173 0.30513 0.02203 ( 1)
  23 V   0.39025 0.28259 0.17831 0.14884 ( 1)
  24 V   0.64562 0.02722 0.31279 0.01437 ( 1)
  25 R   0.61806 0.05478 0.29825 0.02891 ( 1)
  26 I   0.64989 0.02296 0.31504 0.01212 ( 1)
  27 A   0.43780 0.23505 0.20294 0.12421 ( 1)
  28 Y   0.42489 0.24796 0.19622 0.13093 ( 1)
  29 T   0.64754 0.02531 0.31380 0.01336 ( 1)
  30 N   0.65471 0.01814 0.31758 0.00957 ( 1)
  31 I   0.61875 0.05409 0.29861 0.02855 ( 1)
  32 T   0.64647 0.02638 0.31323 0.01392 ( 1)
  33 E   0.64448 0.02837 0.31218 0.01497 ( 1)
  34 N   0.65471 0.01814 0.31758 0.00957 ( 1)
  35 I   0.49109 0.18176 0.23088 0.09627 ( 1)
  36 V   0.64562 0.02722 0.31279 0.01437 ( 1)
  37 K   0.65133 0.02151 0.31580 0.01135 ( 1)
  38 I   0.64989 0.02296 0.31504 0.01212 ( 1)
  39 L   0.63908 0.03376 0.30934 0.01782 ( 1)
  40 L   0.62940 0.04345 0.30423 0.02293 ( 1)
  41 R   0.61806 0.05478 0.29825 0.02891 ( 1)
  42 E   0.64293 0.02992 0.31136 0.01579 ( 1)
  43 G   0.64162 0.03123 0.31067 0.01648 ( 1)
  44 F   0.64343 0.02941 0.31163 0.01552 ( 1)
  45 I   0.62096 0.05188 0.29978 0.02738 ( 1)
  46 E   0.64448 0.02837 0.31218 0.01497 ( 1)
  47 N   0.62834 0.04450 0.30367 0.02349 ( 1)
  48 V   0.61859 0.05426 0.29852 0.02863 ( 1)
  49 R   0.64914 0.02371 0.31464 0.01251 ( 1)
  50 K   0.65133 0.02151 0.31580 0.01135 ( 1)
  51 H   0.64031 0.03254 0.30998 0.01717 ( 1)
  52 K   0.49740 0.17544 0.23421 0.09295 ( 1)
  53 E   0.64448 0.02837 0.31218 0.01497 ( 1)
  54 S   0.37617 0.29667 0.17109 0.15606 ( 1)
  55 K   0.65133 0.02151 0.31580 0.01135 ( 1)
  56 K   0.65133 0.02151 0.31580 0.01135 ( 1)
  57 Y   0.00000 0.67285 0.00000 0.32715 ( 2)
  58 F   0.64343 0.02941 0.31163 0.01552 ( 1)
  59 L   0.61589 0.05695 0.29710 0.03005 ( 1)
  60 V   0.64562 0.02722 0.31279 0.01437 ( 1)
  61 L   0.62940 0.04345 0.30423 0.02293 ( 1)
  62 T   0.61224 0.06060 0.29518 0.03198 ( 1)
  63 L   0.63006 0.04279 0.30457 0.02258 ( 1)
  64 R   0.60834 0.06450 0.29312 0.03404 ( 1)
  65 H   0.64031 0.03254 0.30998 0.01717 ( 1)
  66 R   0.64914 0.02371 0.31464 0.01251 ( 1)
  67 K   0.42600 0.24685 0.19680 0.13036 ( 1)
  68 N   0.65471 0.01814 0.31758 0.00957 ( 1)
  69 R   0.44814 0.22470 0.20834 0.11881 ( 1)
  70 K   0.65133 0.02151 0.31580 0.01135 ( 1)
  71 D   0.52057 0.15228 0.24643 0.08072 ( 1)
  72 I   0.23658 0.43627 0.10114 0.22601 ( 2)
  73 K   0.26423 0.40861 0.11435 0.21280 ( 2)
  74 F   0.64343 0.02941 0.31163 0.01552 ( 1)
  75 L   0.62940 0.04345 0.30423 0.02293 ( 1)
  76 N   0.65471 0.01814 0.31758 0.00957 ( 1)
  77 L   0.62940 0.04345 0.30423 0.02293 ( 1)
  78 K   0.65133 0.02151 0.31580 0.01135 ( 1)
  79 R   0.36486 0.30798 0.16532 0.16184 ( 1)
  80 I   0.61987 0.05297 0.29920 0.02796 ( 1)
  81 S   0.64667 0.02618 0.31334 0.01382 ( 1)
  82 R   0.60701 0.06583 0.29242 0.03474 ( 1)
  83 S   0.40064 0.27221 0.18366 0.14349 ( 1)
  84 G   0.64247 0.03038 0.31112 0.01603 ( 1)
  85 L   0.62020 0.05264 0.29938 0.02778 ( 1)
  86 R   0.61806 0.05478 0.29825 0.02891 ( 1)
  87 I   0.61810 0.05474 0.29827 0.02889 ( 1)
  88 Y   0.63621 0.03664 0.30782 0.01934 ( 1)
  89 S   0.60613 0.06671 0.29196 0.03520 ( 1)
  90 N   0.62834 0.04450 0.30367 0.02349 ( 1)
  91 Y   0.36349 0.30935 0.16462 0.16254 ( 1)
  92 Q   0.63328 0.03956 0.30627 0.02088 ( 1)
  93 R   0.38965 0.28319 0.17801 0.14915 ( 1)
  94 I   0.64961 0.02323 0.31489 0.01226 ( 1)
  95 P   0.62831 0.04454 0.30365 0.02351 ( 1)
  96 R   0.49380 0.17905 0.23231 0.09485 ( 1)
  97 I   0.64961 0.02323 0.31489 0.01226 ( 1)
  98 L   0.62930 0.04355 0.30417 0.02298 ( 1)
  99 G   0.64247 0.03038 0.31112 0.01603 ( 1)
 100 G   0.61641 0.05643 0.29738 0.02978 ( 1)
 101 M   0.65044 0.02241 0.31533 0.01182 ( 1)
 102 G   0.63818 0.03467 0.30886 0.01830 ( 1)
 103 I   0.64961 0.02323 0.31489 0.01226 ( 1)
 104 V   0.64370 0.02915 0.31177 0.01538 ( 1)
 105 I   0.64961 0.02323 0.31489 0.01226 ( 1)
 106 I   0.48198 0.19086 0.22609 0.10107 ( 1)
 107 S   0.62794 0.04490 0.30346 0.02370 ( 1)
 108 T   0.64754 0.02531 0.31380 0.01336 ( 1)
 109 S   0.62548 0.04736 0.30216 0.02500 ( 1)
 110 R   0.61941 0.05344 0.29896 0.02820 ( 1)
 111 G   0.64247 0.03038 0.31112 0.01603 ( 1)
 112 I   0.64989 0.02296 0.31504 0.01212 ( 1)
 113 M   0.65044 0.02241 0.31533 0.01182 ( 1)
 114 T   0.64561 0.02724 0.31278 0.01438 ( 1)
 115 D   0.62002 0.05282 0.29928 0.02788 ( 1)
 116 R   0.61806 0.05478 0.29825 0.02891 ( 1)
 117 E   0.62516 0.04769 0.30199 0.02517 ( 1)
 118 A   0.63736 0.03549 0.30842 0.01873 ( 1)
 119 R   0.38996 0.28288 0.17817 0.14899 ( 1)
 120 L   0.63045 0.04240 0.30478 0.02237 ( 1)
 121 E   0.64448 0.02837 0.31218 0.01497 ( 1)
 122 R   0.41617 0.25667 0.19170 0.13545 ( 1)
 123 I   0.64961 0.02323 0.31489 0.01226 ( 1)
 124 G   0.64137 0.03147 0.31054 0.01661 ( 1)
 125 G   0.63818 0.03467 0.30886 0.01830 ( 1)
 126 E   0.64448 0.02837 0.31218 0.01497 ( 1)
 127 V   0.47369 0.19916 0.22173 0.10543 ( 1)
 128 L   0.61589 0.05695 0.29710 0.03005 ( 1)
 129 C   0.63556 0.03728 0.30748 0.01968 ( 1)
 130 Y   0.63621 0.03664 0.30782 0.01934 ( 1)
 131 I   0.64989 0.02296 0.31504 0.01212 ( 1)
 132 W   0.61378 0.05906 0.29599 0.03117 ( 1)

