

TREE # 1

  0  0.0000    942.269601  x:  0.00238   0.02729   0.01630   0.00877   0.02142   0.02269   0.00906   0.01276   0.01936   0.00989   0.03026   0.01000   0.02200   0.00787   0.01819   0.02506   0.02541   0.00982   0.03216   0.04883   0.02468   0.04796   0.00000   0.03165   0.01419   0.02826   0.04980   0.04326   0.07153   0.03655   2.00000   1.09989   0.02896   0.27919   2.57308  
  1 99.0000    942.268464  x:  0.00238   0.02729   0.01630   0.00877   0.02142   0.02269   0.00906   0.01276   0.01936   0.00989   0.03026   0.01000   0.02200   0.00787   0.01819   0.02506   0.02540   0.00982   0.03216   0.04883   0.02468   0.04796   0.00000   0.03165   0.01419   0.02826   0.04980   0.04326   0.07153   0.03655   2.00000   1.09989   0.02896   0.27919   2.57308  
  2 413.0693    932.821787  x:  0.00139   0.02752   0.00898   0.00000   0.01251   0.01816   0.00004   0.01308   0.01042   0.00316   0.03021   0.00324   0.02169   0.00554   0.01805   0.02090   0.02113   0.00089   0.03110   0.04914   0.02127   0.04788   0.00000   0.03158   0.01134   0.02343   0.04941   0.04227   0.07120   0.03623   2.00002   1.10019   0.02866   0.27757   2.57308  
  3 2685.5490    932.791737  x:  0.00139   0.02752   0.00896   0.00000   0.01248   0.01814   0.00000   0.01308   0.01039   0.00314   0.03021   0.00322   0.02169   0.00553   0.01805   0.02088   0.02111   0.00086   0.03110   0.04915   0.02126   0.04788   0.00000   0.03158   0.01132   0.02341   0.04941   0.04227   0.07120   0.03623   2.00002   1.10019   0.02866   0.27756   2.57308  
  4 17573.8983    932.282786  x:  0.00108   0.02744   0.00827   0.00000   0.01163   0.01803   0.00000   0.01316   0.00955   0.00315   0.03003   0.00323   0.02157   0.00543   0.01810   0.02056   0.02078   0.00000   0.03102   0.04913   0.02091   0.04789   0.00000   0.03164   0.01146   0.02300   0.04935   0.04196   0.07115   0.03616   2.00003   1.10021   0.02864   0.27734   2.57308  
  5 964.3155    928.589129  x:  0.00171   0.02722   0.00028   0.00000   0.00193   0.01919   0.00000   0.01352   0.00000   0.00416   0.02853   0.00426   0.02042   0.00473   0.01764   0.01911   0.01921   0.00000   0.03055   0.04924   0.01857   0.04830   0.00000   0.03261   0.01103   0.02039   0.04871   0.04259   0.07045   0.03587   2.00014   1.10050   0.02835   0.27515   2.57308  
  6 1178.8574    928.506290  x:  0.00171   0.02722   0.00000   0.00000   0.00159   0.01922   0.00000   0.01351   0.00000   0.00419   0.02850   0.00429   0.02040   0.00467   0.01764   0.01908   0.01918   0.00000   0.03053   0.04925   0.01851   0.04832   0.00000   0.03265   0.01102   0.02033   0.04870   0.04258   0.07043   0.03587   2.00014   1.10051   0.02833   0.27508   2.57308  
  7 5194.1524    928.255677  x:  0.00166   0.02727   0.00000   0.00000   0.00000   0.01943   0.00000   0.01333   0.00000   0.00431   0.02841   0.00444   0.02045   0.00447   0.01761   0.01899   0.01907   0.00000   0.03048   0.04926   0.01821   0.04841   0.00000   0.03282   0.01097   0.02000   0.04858   0.04254   0.07028   0.03585   2.00016   1.10056   0.02828   0.27475   2.57308  
  8 4788.7997    927.323026  x:  0.00272   0.02777   0.00000   0.00000   0.00000   0.01595   0.00000   0.01225   0.00000   0.00790   0.03255   0.00788   0.01890   0.00000   0.02018   0.01815   0.01791   0.00000   0.03007   0.04592   0.01063   0.04865   0.00000   0.02885   0.01215   0.01619   0.04732   0.04358   0.06466   0.03922   2.00121   1.10311   0.02568   0.26107   2.57308  
  9 63.9101    925.825342  x:  0.00052   0.03208   0.00000   0.00000   0.00000   0.00557   0.00000   0.00280   0.00000   0.01106   0.03083   0.01044   0.01199   0.00000   0.01735   0.01287   0.01318   0.00000   0.02794   0.05082   0.01254   0.05126   0.00000   0.03077   0.01041   0.01807   0.05108   0.04133   0.06131   0.04531   2.00292   1.10849   0.02021   0.23383   2.57309  
 10 80.5426    925.183227  x:  0.00043   0.03152   0.00000   0.00000   0.00000   0.00645   0.00000   0.00030   0.00000   0.01190   0.02728   0.01075   0.01651   0.00000   0.01984   0.00719   0.00803   0.00000   0.02646   0.05490   0.01358   0.05116   0.00000   0.02554   0.01040   0.02061   0.05676   0.04121   0.06405   0.04971   2.00384   1.11268   0.01597   0.21410   2.57309  
 11 106.5961    924.884902  x:  0.00039   0.03109   0.00000   0.00000   0.00000   0.00594   0.00000   0.00000   0.00000   0.01188   0.02526   0.01083   0.01750   0.00324   0.02047   0.00744   0.00773   0.00000   0.02605   0.05600   0.01345   0.05052   0.00000   0.02412   0.01037   0.02032   0.05866   0.04116   0.06573   0.05060   2.00415   1.11433   0.01430   0.20644   2.57309  
 12 166.5006    924.140895  x:  0.00124   0.02860   0.00000   0.00000   0.00000   0.00000   0.00000   0.00000   0.00000   0.01234   0.01825   0.01119   0.02376   0.00588   0.02203   0.00963   0.00931   0.00000   0.02513   0.05998   0.01232   0.04876   0.00000   0.02262   0.01071   0.01824   0.06455   0.04198   0.07239   0.05210   2.00518   1.12034   0.00822   0.17765   2.57309  
 13 295.4640    924.140895  x:  0.00124   0.02860   0.00000   0.00000   0.00000   0.00000   0.00000   0.00000   0.00000   0.01234   0.01825   0.01119   0.02376   0.00588   0.02203   0.00963   0.00931   0.00000   0.02513   0.05998   0.01232   0.04876   0.00000   0.02262   0.01071   0.01824   0.06455   0.04198   0.07239   0.05210   2.00518   1.12034   0.00822   0.17765   2.57309  
 14 257.0377    920.477277  x:  0.00307   0.02949   0.00000   0.00000   0.00000   0.00305   0.00000   0.00000   0.00000   0.00116   0.02217   0.00000   0.02426   0.01018   0.01925   0.00799   0.00787   0.00000   0.02494   0.05970   0.00871   0.04959   0.00000   0.02877   0.01428   0.01216   0.06212   0.04381   0.07202   0.04981   2.00513   1.12068   0.00788   0.17523   2.57309  
 15 228.7010    920.217088  x:  0.00321   0.02958   0.00000   0.00000   0.00000   0.00263   0.00000   0.00000   0.00000   0.00000   0.02244   0.00000   0.02430   0.01029   0.01903   0.00792   0.00781   0.00000   0.02492   0.05968   0.00841   0.04966   0.00000   0.02921   0.01445   0.01165   0.06188   0.04395   0.07198   0.04960   2.00512   1.12071   0.00785   0.17498   2.57309  
 16 682.6967    919.871380  x:  0.00369   0.03226   0.00000   0.00000   0.00000   0.00149   0.00000   0.00000   0.00000   0.00000   0.02290   0.00000   0.02419   0.01346   0.01815   0.01156   0.01061   0.00000   0.02444   0.05860   0.00684   0.05188   0.00000   0.03404   0.01155   0.01534   0.05486   0.04443   0.06982   0.04448   2.00488   1.12213   0.00643   0.16561   2.57309  
 17 52.2727    919.552173  x:  0.00339   0.03360   0.00000   0.00000   0.00000   0.00137   0.00000   0.00000   0.00000   0.00000   0.02192   0.00000   0.02407   0.01245   0.01897   0.00795   0.00704   0.00000   0.02439   0.05759   0.00620   0.05449   0.00000   0.03576   0.01048   0.01856   0.04770   0.04413   0.06713   0.04050   2.00453   1.12424   0.00432   0.15190   2.57309  
 18 72.7270    919.155240  x:  0.00283   0.03239   0.00000   0.00000   0.00000   0.00274   0.00000   0.00000   0.00000   0.00000   0.02137   0.00000   0.02407   0.00855   0.02001   0.00728   0.01091   0.00000   0.02478   0.05667   0.00641   0.05736   0.00000   0.03390   0.01490   0.01775   0.04151   0.04357   0.06344   0.03934   2.00380   1.12855   0.00001   0.12462   2.57309  
 19 79.9422    918.550517  x:  0.00271   0.03046   0.00000   0.00000   0.00000   0.00292   0.00000   0.00000   0.00000   0.00000   0.02164   0.00000   0.02417   0.01018   0.02010   0.01195   0.00768   0.00000   0.02511   0.05614   0.00849   0.05918   0.00000   0.02932   0.01463   0.01411   0.03955   0.04345   0.06018   0.04066   2.00255   1.13577  -0.00721   0.07996   2.57309  
 20 167.8663    918.271155  x:  0.00307   0.03039   0.00000   0.00000   0.00000   0.00267   0.00000   0.00000   0.00000   0.00000   0.02188   0.00000   0.02407   0.01161   0.01925   0.00862   0.00990   0.00000   0.02474   0.05637   0.00823   0.05828   0.00000   0.02970   0.01175   0.01424   0.04294   0.04381   0.06080   0.04166   2.00185   1.13958  -0.01102   0.05799   2.57309  
 21 133.5861    918.211048  x:  0.00297   0.03064   0.00000   0.00000   0.00000   0.00282   0.00000   0.00000   0.00000   0.00000   0.02155   0.00000   0.02389   0.01015   0.01909   0.00946   0.00918   0.00000   0.02444   0.05660   0.00682   0.05721   0.00000   0.03170   0.01269   0.01577   0.04483   0.04372   0.06202   0.04195   2.00156   1.14083  -0.01227   0.05284   2.57309  
 22 38.8294    918.201783  x:  0.00260   0.03162   0.00000   0.00000   0.00000   0.00265   0.00000   0.00000   0.00000   0.00000   0.02153   0.00000   0.02391   0.01036   0.01968   0.00942   0.00920   0.00000   0.02465   0.05674   0.00762   0.05601   0.00000   0.03203   0.01317   0.01560   0.04426   0.04335   0.06324   0.04208   2.00111   1.14213  -0.01356   0.05248   2.57309  
 23  5.6056    918.185959  x:  0.00293   0.03185   0.00000   0.00000   0.00000   0.00275   0.00000   0.00000   0.00000   0.00000   0.02165   0.00000   0.02397   0.01032   0.01940   0.00943   0.00921   0.00000   0.02465   0.05690   0.00693   0.05404   0.00000   0.03077   0.01324   0.01556   0.04309   0.04367   0.06531   0.04130   1.99985   1.14563  -0.01706   0.05260   2.57309  
 24  8.9351    918.129326  x:  0.00353   0.03069   0.00000   0.00000   0.00000   0.00261   0.00000   0.00000   0.00000   0.00000   0.02145   0.00000   0.02350   0.00992   0.01705   0.00938   0.00905   0.00000   0.02347   0.05637   0.00990   0.05246   0.00000   0.03041   0.01421   0.01554   0.04329   0.04428   0.06696   0.03761   1.99422   1.16115  -0.03259   0.05471   2.57309  
 25 15.0174    917.961293  x:  0.00281   0.02729   0.00000   0.00000   0.00000   0.00109   0.00000   0.00000   0.00000   0.00000   0.02170   0.00000   0.02358   0.01188   0.02029   0.00915   0.00909   0.00000   0.02400   0.05482   0.01018   0.05162   0.00000   0.03008   0.01591   0.01494   0.04520   0.04355   0.06823   0.03105   1.97689   1.20882  -0.08025   0.06192   2.57309  
 26 82.9637    916.884036  x:  0.00296   0.02982   0.00000   0.00000   0.00000   0.00000   0.00000   0.00000   0.00000   0.00000   0.02377   0.00000   0.02446   0.00900   0.01977   0.00938   0.00876   0.00000   0.02606   0.05100   0.00884   0.05371   0.00000   0.03145   0.01314   0.01081   0.04494   0.04369   0.06734   0.03029   1.90206   1.41452  -0.28596   0.09427   2.57309  
 27 250.4016    916.650169  x:  0.00212   0.02861   0.00000   0.00000   0.00000   0.00000   0.00000   0.00000   0.00000   0.00000   0.01990   0.00000   0.02257   0.01139   0.01831   0.00871   0.00864   0.00000   0.02242   0.05237   0.00673   0.05354   0.00000   0.03267   0.01396   0.00934   0.04282   0.04286   0.06563   0.03287   1.86337   1.52072  -0.39216   0.11107   2.57309  
 28 626.5995    916.617771  x:  0.00230   0.02730   0.00000   0.00000   0.00000   0.00000   0.00000   0.00000   0.00000   0.00000   0.02180   0.00000   0.02255   0.01138   0.01856   0.00855   0.00853   0.00000   0.02194   0.05456   0.00701   0.05235   0.00000   0.03326   0.01390   0.00996   0.04203   0.04304   0.06429   0.03361   1.85650   1.53937  -0.41081   0.11403   2.57309  
 29 110.1137    916.611754  x:  0.00239   0.02713   0.00000   0.00000   0.00000   0.00000   0.00000   0.00000   0.00000   0.00000   0.02125   0.00000   0.02275   0.01119   0.01858   0.00862   0.00856   0.00000   0.02247   0.05576   0.00705   0.05160   0.00000   0.03353   0.01363   0.00968   0.04201   0.04312   0.06355   0.03331   1.85687   1.53810  -0.40954   0.11384   2.57309  
 30 10.4583    916.610918  x:  0.00230   0.02753   0.00000   0.00000   0.00000   0.00000   0.00000   0.00000   0.00000   0.00000   0.02134   0.00000   0.02271   0.01123   0.01850   0.00861   0.00855   0.00000   0.02239   0.05594   0.00695   0.05143   0.00000   0.03332   0.01376   0.00969   0.04218   0.04303   0.06319   0.03312   1.85653   1.53870  -0.41014   0.11393   2.57309  
 31  2.9561    916.608944  x:  0.00273   0.02773   0.00000   0.00000   0.00000   0.00000   0.00000   0.00000   0.00000   0.00000   0.02124   0.00000   0.02275   0.01126   0.01874   0.00858   0.00853   0.00000   0.02230   0.05553   0.00697   0.05104   0.00000   0.03330   0.01389   0.00974   0.04225   0.04347   0.06279   0.03322   1.85497   1.54026  -0.41170   0.11414   2.57309  
 32  1.2531    916.591017  x:  0.00211   0.02724   0.00000   0.00000   0.00000   0.00000   0.00000   0.00000   0.00000   0.00000   0.02147   0.00000   0.02268   0.01110   0.01815   0.00848   0.00848   0.00000   0.02252   0.05342   0.00664   0.04903   0.00000   0.03363   0.01355   0.00950   0.04225   0.04284   0.06149   0.03379   1.84509   1.54227  -0.41370   0.11414   2.57309  
 33  5.2002    916.340814  x:  0.00291   0.02864   0.00000   0.00000   0.00000   0.00000   0.00000   0.00000   0.00000   0.00000   0.02280   0.00000   0.02289   0.00848   0.01792   0.00807   0.00799   0.00000   0.02077   0.05483   0.00531   0.05030   0.00000   0.03418   0.01178   0.00632   0.04494   0.04362   0.06347   0.03631   1.70973   1.56890  -0.44034   0.11337   2.57309  
 34 26.1723    916.272511  x:  0.00346   0.02917   0.00000   0.00000   0.00000   0.00000   0.00000   0.00000   0.00000   0.00000   0.02314   0.00000   0.02368   0.00892   0.01604   0.00756   0.00768   0.00000   0.02372   0.05506   0.00491   0.05133   0.00000   0.03399   0.01277   0.00678   0.04576   0.04416   0.06407   0.03762   1.66299   1.59572  -0.46716   0.11609   2.57309  
 35 334.9098    916.272273  x:  0.00348   0.02917   0.00000   0.00000   0.00000   0.00000   0.00000   0.00000   0.00000   0.00000   0.02316   0.00000   0.02341   0.00891   0.01606   0.00757   0.00768   0.00000   0.02381   0.05507   0.00491   0.05133   0.00000   0.03399   0.01275   0.00677   0.04576   0.04419   0.06407   0.03762   1.66324   1.59573  -0.46718   0.11609   2.57309  
 36  0.6831    916.193459  x:  0.00382   0.03001   0.00000   0.00000   0.00000   0.00000   0.00000   0.00000   0.00000   0.00000   0.02346   0.00000   0.02374   0.00774   0.01515   0.00729   0.00740   0.00000   0.02395   0.05501   0.00407   0.05152   0.00000   0.03452   0.01214   0.00675   0.04685   0.04451   0.06433   0.03921   1.79425   1.64449  -0.51594   0.12129   2.57309  
 37  1.5947    916.173595  x:  0.00385   0.03064   0.00000   0.00000   0.00000   0.00000   0.00000   0.00000   0.00000   0.00000   0.02322   0.00000   0.02339   0.00720   0.01530   0.00757   0.00746   0.00000   0.02328   0.05501   0.00394   0.05157   0.00000   0.03504   0.01159   0.00778   0.04693   0.04451   0.06416   0.03985   1.76957   1.66461  -0.53606   0.12103   2.57310  
 38  0.0708    916.163503  x:  0.00391   0.03114   0.00000   0.00000   0.00000   0.00000   0.00000   0.00000   0.00000   0.00000   0.02334   0.00000   0.02331   0.00778   0.01535   0.00780   0.00756   0.00000   0.02299   0.05479   0.00419   0.05155   0.00000   0.03502   0.01182   0.00756   0.04684   0.04456   0.06374   0.04040   1.77092   1.69324  -0.56470   0.12032   2.57310  
 39  0.0545    916.161409  x:  0.00380   0.03103   0.00000   0.00000   0.00000   0.00000   0.00000   0.00000   0.00000   0.00000   0.02324   0.00000   0.02330   0.00767   0.01548   0.00764   0.00759   0.00000   0.02299   0.05467   0.00389   0.05132   0.00000   0.03499   0.01182   0.00743   0.04685   0.04445   0.06374   0.04022   1.76472   1.71133  -0.58279   0.12130   2.57310  
 40  0.0266    916.161176  x:  0.00375   0.03094   0.00000   0.00000   0.00000   0.00000   0.00000   0.00000   0.00000   0.00000   0.02320   0.00000   0.02329   0.00761   0.01539   0.00764   0.00755   0.00000   0.02302   0.05466   0.00404   0.05121   0.00000   0.03491   0.01184   0.00741   0.04688   0.04440   0.06380   0.04008   1.76461   1.71541  -0.58687   0.12159   2.57310  
 41  0.0075    916.161127  x:  0.00374   0.03088   0.00000   0.00000   0.00000   0.00000   0.00000   0.00000   0.00000   0.00000   0.02319   0.00000   0.02329   0.00764   0.01539   0.00766   0.00755   0.00000   0.02305   0.05467   0.00404   0.05121   0.00000   0.03490   0.01181   0.00744   0.04690   0.04440   0.06386   0.03999   1.76558   1.71607  -0.58754   0.12152   2.57311  
 42  0.0015    916.161125  x:  0.00374   0.03087   0.00000   0.00000   0.00000   0.00000   0.00000   0.00000   0.00000   0.00000   0.02320   0.00000   0.02329   0.00764   0.01540   0.00766   0.00756   0.00000   0.02305   0.05467   0.00405   0.05122   0.00000   0.03490   0.01182   0.00744   0.04690   0.04441   0.06387   0.03997   1.76566   1.71609  -0.58756   0.12150   2.57311  
 43  0.0001    916.161125  x:  0.00374   0.03087   0.00000   0.00000   0.00000   0.00000   0.00000   0.00000   0.00000   0.00000   0.02320   0.00000   0.02329   0.00764   0.01540   0.00766   0.00756   0.00000   0.02304   0.05467   0.00405   0.05122   0.00000   0.03490   0.01182   0.00744   0.04689   0.04442   0.06387   0.03997   1.76560   1.71612  -0.58759   0.12150   2.57311  
 44  0.0001    916.161125  x:  0.00373   0.03087   0.00000   0.00000   0.00000   0.00000   0.00000   0.00000   0.00000   0.00000   0.02320   0.00000   0.02329   0.00764   0.01540   0.00766   0.00756   0.00000   0.02304   0.05467   0.00405   0.05122   0.00000   0.03490   0.01182   0.00744   0.04689   0.04442   0.06387   0.03997   1.76560   1.71611  -0.58759   0.12150   2.57311  
 45  0.0000    916.161125  x:  0.00373   0.03087   0.00000   0.00000   0.00000   0.00000   0.00000   0.00000   0.00000   0.00000   0.02320   0.00000   0.02329   0.00764   0.01540   0.00766   0.00756   0.00000   0.02304   0.05467   0.00405   0.05122   0.00000   0.03490   0.01182   0.00744   0.04689   0.04442   0.06387   0.03997   1.76560   1.71611  -0.58759   0.12150   2.57312  
 46  0.0000    916.161125  x:  0.00368   0.03087   0.00000   0.00000   0.00000   0.00000   0.00000   0.00000   0.00000   0.00000   0.02320   0.00000   0.02329   0.00764   0.01540   0.00766   0.00756   0.00000   0.02304   0.05467   0.00405   0.05122   0.00000   0.03490   0.01182   0.00744   0.04689   0.04447   0.06387   0.03997   1.76560   1.71609  -0.58761   0.12150   2.57314  