Supplemental results for CODEML (seqf: /Users/YY/Desktop/get/branch_site/modify/modify_trim_muscle_rbcL.fa  treef: /Users/YY/Desktop/get/branch_site/16gene_topu.tree)


dN/dS (w) for site classes (K=4)

site class             0        1       2a       2b
proportion       0.84985  0.09585  0.04880  0.00550
background w     0.00000  1.00000  0.00000  1.00000
foreground w     0.00000  1.00000  1.00000  1.00000

Naive Empirical Bayes (NEB) probabilities for 4 classes
(amino acids refer to 1st sequence: NC_033344)

   1 M   0.89463 0.05211 0.05026 0.00299 ( 1)
   2 S   0.87997 0.06635 0.04986 0.00381 ( 1)
   3 P   0.88694 0.05957 0.05007 0.00342 ( 1)
   4 Q   0.89000 0.05660 0.05015 0.00325 ( 1)
   5 T   0.89326 0.05344 0.05023 0.00307 ( 1)
   6 E   0.89354 0.05316 0.05025 0.00305 ( 1)
   7 T   0.90478 0.04233 0.05046 0.00243 ( 1)
   8 K   0.90138 0.04559 0.05041 0.00262 ( 1)
   9 A   0.00002 0.94568 0.00000 0.05430 ( 2)
  10 G   0.91043 0.03691 0.05054 0.00212 ( 1)
  11 V   0.91030 0.03705 0.05053 0.00213 ( 1)
  12 G   0.89643 0.05038 0.05030 0.00289 ( 1)
  13 F   0.88104 0.06532 0.04989 0.00375 ( 1)
  14 K   0.90138 0.04559 0.05041 0.00262 ( 1)
  15 A   0.91028 0.03706 0.05053 0.00213 ( 1)
  16 G   0.87942 0.06688 0.04986 0.00384 ( 1)
  17 V   0.91030 0.03705 0.05053 0.00213 ( 1)
  18 K   0.90138 0.04559 0.05041 0.00262 ( 1)
  19 D   0.91752 0.03017 0.05057 0.00173 ( 1)
  20 Y   0.87780 0.06846 0.04982 0.00393 ( 1)
  21 K   0.90138 0.04559 0.05041 0.00262 ( 1)
  22 L   0.87235 0.07379 0.04962 0.00424 ( 1)
  23 T   0.90478 0.04233 0.05046 0.00243 ( 1)
  24 Y   0.90038 0.04656 0.05039 0.00267 ( 1)
  25 Y   0.90038 0.04656 0.05039 0.00267 ( 1)
  26 T   0.90478 0.04233 0.05046 0.00243 ( 1)
  27 P   0.89653 0.05031 0.05027 0.00289 ( 1)
  28 D   0.00000 0.94570 0.00000 0.05430 ( 2)
  29 Y   0.90038 0.04656 0.05039 0.00267 ( 1)
  30 E   0.90791 0.03932 0.05051 0.00226 ( 1)
  31 T   0.87981 0.06652 0.04986 0.00382 ( 1)
  32 K   0.90138 0.04559 0.05041 0.00262 ( 1)
  33 D   0.91752 0.03017 0.05057 0.00173 ( 1)
  34 T   0.90478 0.04233 0.05046 0.00243 ( 1)
  35 D   0.91752 0.03017 0.05057 0.00173 ( 1)
  36 I   0.88338 0.06304 0.04996 0.00362 ( 1)
  37 L   0.87235 0.07379 0.04962 0.00424 ( 1)
  38 A   0.89830 0.04857 0.05034 0.00279 ( 1)
  39 A   0.89830 0.04857 0.05034 0.00279 ( 1)
  40 F   0.88153 0.06482 0.04992 0.00372 ( 1)
  41 R   0.87751 0.06874 0.04980 0.00395 ( 1)
  42 V   0.89833 0.04854 0.05034 0.00279 ( 1)
  43 T   0.90478 0.04233 0.05046 0.00243 ( 1)
  44 P   0.89756 0.04928 0.05033 0.00283 ( 1)
  45 Q   0.89000 0.05660 0.05015 0.00325 ( 1)
  46 P   0.89642 0.05042 0.05026 0.00289 ( 1)
  47 G   0.89643 0.05038 0.05030 0.00289 ( 1)
  48 V   0.91030 0.03705 0.05053 0.00213 ( 1)
  49 P   0.88694 0.05957 0.05007 0.00342 ( 1)
  50 P   0.89646 0.05038 0.05027 0.00289 ( 1)
  51 E   0.90791 0.03932 0.05051 0.00226 ( 1)
  52 E   0.90791 0.03932 0.05051 0.00226 ( 1)
  53 A   0.87869 0.06761 0.04982 0.00388 ( 1)
  54 G   0.88532 0.06098 0.05020 0.00350 ( 1)
  55 A   0.88378 0.06265 0.04997 0.00360 ( 1)
  56 A   0.87869 0.06761 0.04982 0.00388 ( 1)
  57 V   0.89833 0.04854 0.05034 0.00279 ( 1)
  58 A   0.91028 0.03706 0.05053 0.00213 ( 1)
  59 A   0.88378 0.06265 0.04997 0.00360 ( 1)
  60 E   0.90791 0.03932 0.05051 0.00226 ( 1)
  61 S   0.89580 0.05101 0.05026 0.00293 ( 1)
  62 S   0.89619 0.05062 0.05028 0.00291 ( 1)
  63 T   0.90478 0.04233 0.05046 0.00243 ( 1)
  64 G   0.91043 0.03691 0.05054 0.00212 ( 1)
  65 T   0.89326 0.05344 0.05023 0.00307 ( 1)
  66 W   0.87087 0.07524 0.04957 0.00432 ( 1)
  67 T   0.87981 0.06652 0.04986 0.00382 ( 1)
  68 T   0.90478 0.04233 0.05046 0.00243 ( 1)
  69 V   0.87872 0.06757 0.04982 0.00388 ( 1)
  70 W   0.87087 0.07524 0.04957 0.00432 ( 1)
  71 T   0.87981 0.06652 0.04986 0.00382 ( 1)
  72 D   0.91752 0.03017 0.05057 0.00173 ( 1)
  73 G   0.89643 0.05038 0.05030 0.00289 ( 1)
  74 L   0.89921 0.04769 0.05036 0.00274 ( 1)
  75 T   0.87981 0.06652 0.04986 0.00382 ( 1)
  76 S   0.88762 0.05882 0.05018 0.00338 ( 1)
  77 L   0.89921 0.04769 0.05036 0.00274 ( 1)
  78 D   0.91752 0.03017 0.05057 0.00173 ( 1)
  79 R   0.89639 0.05041 0.05030 0.00289 ( 1)
  80 Y   0.87685 0.06940 0.04976 0.00398 ( 1)
  81 K   0.90138 0.04559 0.05041 0.00262 ( 1)
  82 G   0.87876 0.06754 0.04982 0.00388 ( 1)
  83 R   0.87499 0.07120 0.04972 0.00409 ( 1)
  84 C   0.87506 0.07115 0.04971 0.00409 ( 1)
  85 Y   0.87685 0.06940 0.04976 0.00398 ( 1)
  86 G   0.00000 0.94570 0.00000 0.05430 ( 2)
  87 I   0.88338 0.06304 0.04996 0.00362 ( 1)
  88 E   0.89320 0.05350 0.05023 0.00307 ( 1)
  89 P   0.87503 0.07118 0.04971 0.00409 ( 1)
  90 V   0.91030 0.03705 0.05053 0.00213 ( 1)
  91 A   0.00002 0.94568 0.00000 0.05430 ( 2)
  92 G   0.89643 0.05038 0.05030 0.00289 ( 1)
  93 E   0.90791 0.03932 0.05051 0.00226 ( 1)
  94 E   0.90791 0.03932 0.05051 0.00226 ( 1)
  95 N   0.91276 0.03468 0.05056 0.00199 ( 1)
  96 Q   0.89000 0.05660 0.05015 0.00325 ( 1)
  97 Y   0.00000 0.94570 0.00000 0.05430 ( 2)
  98 I   0.88338 0.06304 0.04996 0.00362 ( 1)
  99 A   0.91028 0.03706 0.05053 0.00213 ( 1)
 100 Y   0.90038 0.04656 0.05039 0.00267 ( 1)
 101 V   0.89833 0.04854 0.05034 0.00279 ( 1)
 102 A   0.91028 0.03706 0.05053 0.00213 ( 1)
 103 Y   0.87685 0.06940 0.04976 0.00398 ( 1)
 104 P   0.88694 0.05957 0.05007 0.00342 ( 1)
 105 L   0.88048 0.06586 0.04988 0.00378 ( 1)
 106 D   0.89798 0.04880 0.05042 0.00280 ( 1)
 107 L   0.89921 0.04769 0.05036 0.00274 ( 1)
 108 F   0.90238 0.04463 0.05043 0.00256 ( 1)
 109 E   0.90791 0.03932 0.05051 0.00226 ( 1)
 110 E   0.90791 0.03932 0.05051 0.00226 ( 1)
 111 G   0.91043 0.03691 0.05054 0.00212 ( 1)
 112 S   0.89669 0.05012 0.05031 0.00288 ( 1)
 113 V   0.91030 0.03705 0.05053 0.00213 ( 1)
 114 T   0.90478 0.04233 0.05046 0.00243 ( 1)
 115 N   0.88960 0.05699 0.05014 0.00327 ( 1)
 116 M   0.89463 0.05211 0.05026 0.00299 ( 1)
 117 F   0.90238 0.04463 0.05043 0.00256 ( 1)
 118 T   0.90478 0.04233 0.05046 0.00243 ( 1)
 119 S   0.88287 0.06333 0.05016 0.00364 ( 1)
 120 I   0.90564 0.04159 0.05038 0.00239 ( 1)
 121 V   0.89833 0.04854 0.05034 0.00279 ( 1)
 122 G   0.91043 0.03691 0.05054 0.00212 ( 1)
 123 N   0.91276 0.03468 0.05056 0.00199 ( 1)
 124 V   0.89833 0.04854 0.05034 0.00279 ( 1)
 125 F   0.90238 0.04463 0.05043 0.00256 ( 1)
 126 G   0.87876 0.06754 0.04982 0.00388 ( 1)
 127 F   0.88104 0.06532 0.04989 0.00375 ( 1)
 128 K   0.90138 0.04559 0.05041 0.00262 ( 1)
 129 A   0.88378 0.06265 0.04997 0.00360 ( 1)
 130 L   0.86758 0.07846 0.04945 0.00451 ( 1)
 131 R   0.87428 0.07191 0.04968 0.00413 ( 1)
 132 A   0.91028 0.03706 0.05053 0.00213 ( 1)
 133 L   0.88141 0.06495 0.04991 0.00373 ( 1)
 134 R   0.89639 0.05041 0.05030 0.00289 ( 1)
 135 L   0.86785 0.07819 0.04947 0.00449 ( 1)
 136 E   0.90791 0.03932 0.05051 0.00226 ( 1)
 137 D   0.91752 0.03017 0.05057 0.00173 ( 1)
 138 L   0.86763 0.07841 0.04946 0.00450 ( 1)
 139 R   0.87683 0.06942 0.04976 0.00399 ( 1)
 140 I   0.88761 0.05881 0.05020 0.00338 ( 1)
 141 P   0.87619 0.07002 0.04977 0.00402 ( 1)
 142 V   0.00002 0.94568 0.00000 0.05430 ( 2)
 143 A   0.00002 0.94568 0.00000 0.05430 ( 2)
 144 Y   0.90038 0.04656 0.05039 0.00267 ( 1)
 145 V   0.91030 0.03705 0.05053 0.00213 ( 1)
 146 K   0.90138 0.04559 0.05041 0.00262 ( 1)
 147 T   0.90478 0.04233 0.05046 0.00243 ( 1)
 148 F   0.88104 0.06532 0.04989 0.00375 ( 1)
 149 Q   0.89000 0.05660 0.05015 0.00325 ( 1)
 150 G   0.89643 0.05038 0.05030 0.00289 ( 1)
 151 P   0.87164 0.07448 0.04961 0.00428 ( 1)
 152 P   0.89756 0.04928 0.05033 0.00283 ( 1)
 153 H   0.90525 0.04187 0.05047 0.00240 ( 1)
 154 G   0.88508 0.06135 0.05005 0.00352 ( 1)
 155 I   0.88338 0.06304 0.04996 0.00362 ( 1)
 156 Q   0.88966 0.05694 0.05013 0.00327 ( 1)
 157 V   0.91030 0.03705 0.05053 0.00213 ( 1)
 158 E   0.89320 0.05350 0.05023 0.00307 ( 1)
 159 R   0.89369 0.05302 0.05024 0.00304 ( 1)
 160 D   0.91752 0.03017 0.05057 0.00173 ( 1)
 161 K   0.90138 0.04559 0.05041 0.00262 ( 1)
 162 L   0.87235 0.07379 0.04962 0.00424 ( 1)
 163 N   0.88960 0.05699 0.05014 0.00327 ( 1)
 164 K   0.88599 0.06050 0.05004 0.00347 ( 1)
 165 Y   0.89636 0.04990 0.05087 0.00287 ( 1)
 166 G   0.91043 0.03691 0.05054 0.00212 ( 1)
 167 R   0.89639 0.05041 0.05030 0.00289 ( 1)
 168 P   0.87799 0.06822 0.04987 0.00392 ( 1)
 169 L   0.86900 0.07704 0.04954 0.00442 ( 1)
 170 L   0.87235 0.07379 0.04962 0.00424 ( 1)
 171 G   0.89643 0.05038 0.05030 0.00289 ( 1)
 172 C   0.89637 0.05043 0.05030 0.00290 ( 1)
 173 T   0.90478 0.04233 0.05046 0.00243 ( 1)
 174 I   0.90800 0.03924 0.05051 0.00225 ( 1)
 175 K   0.90138 0.04559 0.05041 0.00262 ( 1)
 176 P   0.89756 0.04928 0.05033 0.00283 ( 1)
 177 K   0.90138 0.04559 0.05041 0.00262 ( 1)
 178 L   0.87235 0.07379 0.04962 0.00424 ( 1)
 179 G   0.88532 0.06098 0.05020 0.00350 ( 1)
 180 L   0.88048 0.06586 0.04988 0.00378 ( 1)
 181 S   0.87447 0.07172 0.04969 0.00412 ( 1)
 182 A   0.91028 0.03706 0.05053 0.00213 ( 1)
 183 K   0.90138 0.04559 0.05041 0.00262 ( 1)
 184 N   0.88960 0.05699 0.05014 0.00327 ( 1)
 185 Y   0.87685 0.06940 0.04976 0.00398 ( 1)
 186 G   0.91043 0.03691 0.05054 0.00212 ( 1)
 187 R   0.89369 0.05302 0.05024 0.00304 ( 1)
 188 A   0.87975 0.06655 0.04988 0.00382 ( 1)
 189 V   0.91030 0.03705 0.05053 0.00213 ( 1)
 190 Y   0.90038 0.04656 0.05039 0.00267 ( 1)
 191 E   0.90791 0.03932 0.05051 0.00226 ( 1)
 192 C   0.89637 0.05043 0.05030 0.00290 ( 1)
 193 L   0.87609 0.07014 0.04974 0.00403 ( 1)
 194 R   0.87428 0.07191 0.04968 0.00413 ( 1)
 195 G   0.91043 0.03691 0.05054 0.00212 ( 1)
 196 G   0.89643 0.05038 0.05030 0.00289 ( 1)
 197 L   0.89921 0.04769 0.05036 0.00274 ( 1)
 198 D   0.91752 0.03017 0.05057 0.00173 ( 1)
 199 F   0.90238 0.04463 0.05043 0.00256 ( 1)
 200 T   0.87981 0.06652 0.04986 0.00382 ( 1)
 201 K   0.90138 0.04559 0.05041 0.00262 ( 1)
 202 D   0.89547 0.05130 0.05028 0.00295 ( 1)
 203 D   0.91752 0.03017 0.05057 0.00173 ( 1)
 204 E   0.89320 0.05350 0.05023 0.00307 ( 1)
 205 N   0.91276 0.03468 0.05056 0.00199 ( 1)
 206 V   0.87872 0.06757 0.04982 0.00388 ( 1)
 207 N   0.89239 0.05421 0.05029 0.00311 ( 1)
 208 S   0.87534 0.07085 0.04974 0.00407 ( 1)
 209 Q   0.89000 0.05660 0.05015 0.00325 ( 1)
 210 P   0.88694 0.05957 0.05007 0.00342 ( 1)
 211 F   0.90238 0.04463 0.05043 0.00256 ( 1)
 212 M   0.89463 0.05211 0.05026 0.00299 ( 1)
 213 R   0.89639 0.05041 0.05030 0.00289 ( 1)
 214 W   0.87087 0.07524 0.04957 0.00432 ( 1)
 215 R   0.89369 0.05302 0.05024 0.00304 ( 1)
 216 D   0.91528 0.03241 0.05045 0.00186 ( 1)
 217 R   0.89639 0.05041 0.05030 0.00289 ( 1)
 218 F   0.88104 0.06532 0.04989 0.00375 ( 1)
 219 L   0.00001 0.94569 0.00000 0.05430 ( 2)
 220 F   0.90238 0.04463 0.05043 0.00256 ( 1)
 221 C   0.89637 0.05043 0.05030 0.00290 ( 1)
 222 A   0.88378 0.06265 0.04997 0.00360 ( 1)
 223 E   0.90791 0.03932 0.05051 0.00226 ( 1)
 224 A   0.89830 0.04857 0.05034 0.00279 ( 1)
 225 I   0.00002 0.94568 0.00000 0.05430 ( 2)
 226 Y   0.90038 0.04656 0.05039 0.00267 ( 1)
 227 K   0.90138 0.04559 0.05041 0.00262 ( 1)
 228 A   0.89688 0.04999 0.05026 0.00287 ( 1)
 229 Q   0.87856 0.06771 0.04985 0.00389 ( 1)
 230 A   0.00002 0.94568 0.00000 0.05430 ( 2)
 231 E   0.90791 0.03932 0.05051 0.00226 ( 1)
 232 T   0.90478 0.04233 0.05046 0.00243 ( 1)
 233 G   0.91043 0.03691 0.05054 0.00212 ( 1)
 234 E   0.90791 0.03932 0.05051 0.00226 ( 1)
 235 I   0.88338 0.06304 0.04996 0.00362 ( 1)
 236 K   0.90138 0.04559 0.05041 0.00262 ( 1)
 237 G   0.87876 0.06754 0.04982 0.00388 ( 1)
 238 H   0.90525 0.04187 0.05047 0.00240 ( 1)
 239 Y   0.87685 0.06940 0.04976 0.00398 ( 1)
 240 L   0.87235 0.07379 0.04962 0.00424 ( 1)
 241 N   0.89972 0.04770 0.04984 0.00274 ( 1)
 242 A   0.90793 0.03940 0.05040 0.00226 ( 1)
 243 T   0.90478 0.04233 0.05046 0.00243 ( 1)
 244 A   0.87869 0.06761 0.04982 0.00388 ( 1)
 245 G   0.91043 0.03691 0.05054 0.00212 ( 1)
 246 T   0.89326 0.05344 0.05023 0.00307 ( 1)
 247 C   0.00000 0.94570 0.00000 0.05430 ( 2)
 248 E   0.90791 0.03932 0.05051 0.00226 ( 1)
 249 E   0.00002 0.94568 0.00000 0.05430 ( 2)
 250 M   0.89463 0.05211 0.05026 0.00299 ( 1)
 251 M   0.89463 0.05211 0.05026 0.00299 ( 1)
 252 K   0.90138 0.04559 0.05041 0.00262 ( 1)
 253 R   0.88049 0.06585 0.04988 0.00378 ( 1)
 254 A   0.91028 0.03706 0.05053 0.00213 ( 1)
 255 I   0.00002 0.94568 0.00000 0.05430 ( 2)
 256 F   0.90238 0.04463 0.05043 0.00256 ( 1)
 257 A   0.88378 0.06265 0.04997 0.00360 ( 1)
 258 R   0.89369 0.05302 0.05024 0.00304 ( 1)
 259 E   0.90791 0.03932 0.05051 0.00226 ( 1)
 260 L   0.87235 0.07379 0.04962 0.00424 ( 1)
 261 G   0.00002 0.94568 0.00000 0.05430 ( 2)
 262 V   0.91030 0.03705 0.05053 0.00213 ( 1)
 263 P   0.89756 0.04928 0.05033 0.00283 ( 1)
 264 I   0.88338 0.06304 0.04996 0.00362 ( 1)
 265 V   0.89833 0.04854 0.05034 0.00279 ( 1)
 266 M   0.89463 0.05211 0.05026 0.00299 ( 1)
 267 H   0.90525 0.04187 0.05047 0.00240 ( 1)
 268 D   0.91752 0.03017 0.05057 0.00173 ( 1)
 269 Y   0.87685 0.06940 0.04976 0.00398 ( 1)
 270 L   0.88048 0.06586 0.04988 0.00378 ( 1)
 271 T   0.89326 0.05344 0.05023 0.00307 ( 1)
 272 G   0.87876 0.06754 0.04982 0.00388 ( 1)
 273 G   0.89643 0.05038 0.05030 0.00289 ( 1)
 274 F   0.88104 0.06532 0.04989 0.00375 ( 1)
 275 T   0.90478 0.04233 0.05046 0.00243 ( 1)
 276 A   0.89830 0.04857 0.05034 0.00279 ( 1)
 277 N   0.91276 0.03468 0.05056 0.00199 ( 1)
 278 T   0.90244 0.04466 0.05033 0.00256 ( 1)
 279 S   0.00000 0.94570 0.00000 0.05430 ( 2)
 280 L   0.87922 0.06712 0.04981 0.00385 ( 1)
 281 A   0.88378 0.06265 0.04997 0.00360 ( 1)
 282 H   0.90525 0.04187 0.05047 0.00240 ( 1)
 283 Y   0.90038 0.04656 0.05039 0.00267 ( 1)
 284 C   0.87506 0.07115 0.04971 0.00409 ( 1)
 285 R   0.87683 0.06942 0.04976 0.00399 ( 1)
 286 D   0.91752 0.03017 0.05057 0.00173 ( 1)
 287 N   0.91276 0.03468 0.05056 0.00199 ( 1)
 288 G   0.89227 0.05416 0.05045 0.00311 ( 1)
 289 L   0.88141 0.06495 0.04991 0.00373 ( 1)
 290 L   0.89921 0.04769 0.05036 0.00274 ( 1)
 291 L   0.89921 0.04769 0.05036 0.00274 ( 1)
 292 H   0.88377 0.06265 0.04998 0.00360 ( 1)
 293 I   0.88338 0.06304 0.04996 0.00362 ( 1)
 294 H   0.88361 0.06282 0.04997 0.00361 ( 1)
 295 R   0.87428 0.07191 0.04968 0.00413 ( 1)
 296 A   0.89830 0.04857 0.05034 0.00279 ( 1)
 297 M   0.89463 0.05211 0.05026 0.00299 ( 1)
 298 H   0.90525 0.04187 0.05047 0.00240 ( 1)
 299 A   0.89830 0.04857 0.05034 0.00279 ( 1)
 300 V   0.91030 0.03705 0.05053 0.00213 ( 1)
 301 I   0.90800 0.03924 0.05051 0.00225 ( 1)
 302 D   0.91752 0.03017 0.05057 0.00173 ( 1)
 303 R   0.89369 0.05302 0.05024 0.00304 ( 1)
 304 Q   0.87747 0.06879 0.04978 0.00395 ( 1)
 305 K   0.88585 0.06064 0.05004 0.00348 ( 1)
 306 N   0.91276 0.03468 0.05056 0.00199 ( 1)
 307 H   0.90525 0.04187 0.05047 0.00240 ( 1)
 308 G   0.91043 0.03691 0.05054 0.00212 ( 1)
 309 I   0.00000 0.94570 0.00000 0.05430 ( 2)
 310 H   0.88361 0.06282 0.04997 0.00361 ( 1)
 311 F   0.89487 0.05150 0.05068 0.00296 ( 1)
 312 R   0.89639 0.05041 0.05030 0.00289 ( 1)
 313 V   0.89833 0.04854 0.05034 0.00279 ( 1)
 314 L   0.88141 0.06495 0.04991 0.00373 ( 1)
 315 A   0.91028 0.03706 0.05053 0.00213 ( 1)
 316 K   0.90138 0.04559 0.05041 0.00262 ( 1)
 317 A   0.88124 0.06506 0.04997 0.00374 ( 1)
 318 L   0.88048 0.06586 0.04988 0.00378 ( 1)
 319 R   0.89639 0.05041 0.05030 0.00289 ( 1)
 320 M   0.89463 0.05211 0.05026 0.00299 ( 1)
 321 S   0.89669 0.05012 0.05031 0.00288 ( 1)
 322 G   0.91043 0.03691 0.05054 0.00212 ( 1)
 323 G   0.89643 0.05038 0.05030 0.00289 ( 1)
 324 D   0.91752 0.03017 0.05057 0.00173 ( 1)
 325 H   0.90525 0.04187 0.05047 0.00240 ( 1)
 326 I   0.90800 0.03924 0.05051 0.00225 ( 1)
 327 H   0.88361 0.06282 0.04997 0.00361 ( 1)
 328 S   0.00000 0.94570 0.00000 0.05430 ( 2)
 329 G   0.91043 0.03691 0.05054 0.00212 ( 1)
 330 T   0.88317 0.06316 0.05005 0.00363 ( 1)
 331 V   0.89833 0.04854 0.05034 0.00279 ( 1)
 332 V   0.89833 0.04854 0.05034 0.00279 ( 1)
 333 G   0.90966 0.03768 0.05049 0.00216 ( 1)
 334 K   0.90138 0.04559 0.05041 0.00262 ( 1)
 335 L   0.89921 0.04769 0.05036 0.00274 ( 1)
 336 E   0.90791 0.03932 0.05051 0.00226 ( 1)
 337 G   0.87876 0.06754 0.04982 0.00388 ( 1)
 338 E   0.90791 0.03932 0.05051 0.00226 ( 1)
 339 R   0.89369 0.05302 0.05024 0.00304 ( 1)
 340 D   0.89547 0.05130 0.05028 0.00295 ( 1)
 341 I   0.88659 0.05983 0.05015 0.00344 ( 1)
 342 T   0.90478 0.04233 0.05046 0.00243 ( 1)
 343 L   0.86829 0.07775 0.04949 0.00446 ( 1)
 344 G   0.88387 0.06256 0.04998 0.00359 ( 1)
 345 F   0.90238 0.04463 0.05043 0.00256 ( 1)
 346 V   0.88476 0.06167 0.05003 0.00354 ( 1)
 347 D   0.91752 0.03017 0.05057 0.00173 ( 1)
 348 L   0.88048 0.06586 0.04988 0.00378 ( 1)
 349 L   0.86758 0.07846 0.04945 0.00451 ( 1)
 350 R   0.89639 0.05041 0.05030 0.00289 ( 1)
 351 D   0.91752 0.03017 0.05057 0.00173 ( 1)
 352 D   0.91752 0.03017 0.05057 0.00173 ( 1)
 353 F   0.88204 0.06432 0.04995 0.00369 ( 1)
 354 V   0.00000 0.94570 0.00000 0.05430 ( 2)
 355 E   0.00001 0.94569 0.00000 0.05430 ( 2)
 356 K   0.90138 0.04559 0.05041 0.00262 ( 1)
 357 D   0.91752 0.03017 0.05057 0.00173 ( 1)
 358 R   0.87735 0.06890 0.04979 0.00396 ( 1)
 359 S   0.90720 0.04000 0.05050 0.00230 ( 1)
 360 R   0.87428 0.07191 0.04968 0.00413 ( 1)
 361 G   0.91043 0.03691 0.05054 0.00212 ( 1)
 362 I   0.90800 0.03924 0.05051 0.00225 ( 1)
 363 Y   0.90038 0.04656 0.05039 0.00267 ( 1)
 364 F   0.88104 0.06532 0.04989 0.00375 ( 1)
 365 T   0.87981 0.06652 0.04986 0.00382 ( 1)
 366 Q   0.89000 0.05660 0.05015 0.00325 ( 1)
 367 D   0.91752 0.03017 0.05057 0.00173 ( 1)
 368 W   0.87087 0.07524 0.04957 0.00432 ( 1)
 369 V   0.88571 0.06072 0.05008 0.00349 ( 1)
 370 S   0.89669 0.05012 0.05031 0.00288 ( 1)
 371 L   0.88141 0.06495 0.04991 0.00373 ( 1)
 372 P   0.88582 0.06069 0.05000 0.00348 ( 1)
 373 G   0.90968 0.03766 0.05050 0.00216 ( 1)
 374 V   0.91030 0.03705 0.05053 0.00213 ( 1)
 375 L   0.87783 0.06853 0.04970 0.00393 ( 1)
 376 P   0.87503 0.07118 0.04971 0.00409 ( 1)
 377 V   0.89233 0.05498 0.04953 0.00316 ( 1)
 378 A   0.91028 0.03706 0.05053 0.00213 ( 1)
 379 S   0.86827 0.07778 0.04948 0.00447 ( 1)
 380 G   0.87965 0.06665 0.04987 0.00383 ( 1)
 381 G   0.91043 0.03691 0.05054 0.00212 ( 1)
 382 I   0.90800 0.03924 0.05051 0.00225 ( 1)
 383 H   0.88361 0.06282 0.04997 0.00361 ( 1)
 384 V   0.91030 0.03705 0.05053 0.00213 ( 1)
 385 W   0.87087 0.07524 0.04957 0.00432 ( 1)
 386 H   0.90525 0.04187 0.05047 0.00240 ( 1)
 387 M   0.89463 0.05211 0.05026 0.00299 ( 1)
 388 P   0.89756 0.04928 0.05033 0.00283 ( 1)
 389 A   0.91028 0.03706 0.05053 0.00213 ( 1)
 390 L   0.86758 0.07846 0.04945 0.00451 ( 1)
 391 T   0.87981 0.06652 0.04986 0.00382 ( 1)
 392 E   0.89320 0.05350 0.05023 0.00307 ( 1)
 393 I   0.88338 0.06304 0.04996 0.00362 ( 1)
 394 F   0.90238 0.04463 0.05043 0.00256 ( 1)
 395 G   0.87876 0.06754 0.04982 0.00388 ( 1)
 396 D   0.91752 0.03017 0.05057 0.00173 ( 1)
 397 D   0.91752 0.03017 0.05057 0.00173 ( 1)
 398 S   0.87422 0.07198 0.04967 0.00413 ( 1)
 399 V   0.89833 0.04854 0.05034 0.00279 ( 1)
 400 L   0.88070 0.06566 0.04987 0.00377 ( 1)
 401 Q   0.87747 0.06879 0.04978 0.00395 ( 1)
 402 F   0.88104 0.06532 0.04989 0.00375 ( 1)
 403 G   0.91043 0.03691 0.05054 0.00212 ( 1)
 404 G   0.89602 0.05079 0.05028 0.00292 ( 1)
 405 G   0.89643 0.05038 0.05030 0.00289 ( 1)
 406 T   0.90478 0.04233 0.05046 0.00243 ( 1)
 407 L   0.88048 0.06586 0.04988 0.00378 ( 1)
 408 G   0.89643 0.05038 0.05030 0.00289 ( 1)
 409 H   0.88361 0.06282 0.04997 0.00361 ( 1)
 410 P   0.89756 0.04928 0.05033 0.00283 ( 1)
 411 W   0.87087 0.07524 0.04957 0.00432 ( 1)
 412 G   0.89643 0.05038 0.05030 0.00289 ( 1)
 413 N   0.91276 0.03468 0.05056 0.00199 ( 1)
 414 A   0.89830 0.04857 0.05034 0.00279 ( 1)
 415 P   0.87503 0.07118 0.04971 0.00409 ( 1)
 416 G   0.91043 0.03691 0.05054 0.00212 ( 1)
 417 A   0.88378 0.06265 0.04997 0.00360 ( 1)
 418 V   0.89833 0.04854 0.05034 0.00279 ( 1)
 419 A   0.91028 0.03706 0.05053 0.00213 ( 1)
 420 N   0.91232 0.03512 0.05054 0.00202 ( 1)
 421 R   0.87683 0.06942 0.04976 0.00399 ( 1)
 422 V   0.89833 0.04854 0.05034 0.00279 ( 1)
 423 A   0.91028 0.03706 0.05053 0.00213 ( 1)
 424 L   0.88141 0.06495 0.04991 0.00373 ( 1)
 425 E   0.90791 0.03932 0.05051 0.00226 ( 1)
 426 A   0.89830 0.04857 0.05034 0.00279 ( 1)
 427 C   0.89637 0.05043 0.05030 0.00290 ( 1)
 428 V   0.89833 0.04854 0.05034 0.00279 ( 1)
 429 Q   0.00001 0.94569 0.00000 0.05430 ( 2)
 430 A   0.90994 0.03740 0.05051 0.00215 ( 1)
 431 R   0.89639 0.05041 0.05030 0.00289 ( 1)
 432 N   0.91276 0.03468 0.05056 0.00199 ( 1)
 433 E   0.89320 0.05350 0.05023 0.00307 ( 1)
 434 G   0.88402 0.06228 0.05012 0.00358 ( 1)
 435 R   0.89639 0.05041 0.05030 0.00289 ( 1)
 436 D   0.91752 0.03017 0.05057 0.00173 ( 1)
 437 L   0.89921 0.04769 0.05036 0.00274 ( 1)
 438 A   0.91028 0.03706 0.05053 0.00213 ( 1)
 439 S   0.00000 0.94570 0.00000 0.05430 ( 2)
 440 E   0.90709 0.03978 0.05084 0.00228 ( 1)
 441 G   0.88910 0.05721 0.05041 0.00328 ( 1)
 442 N   0.91276 0.03468 0.05056 0.00199 ( 1)
 443 E   0.90713 0.04010 0.05046 0.00230 ( 1)
 444 I   0.90800 0.03924 0.05051 0.00225 ( 1)
 445 I   0.88338 0.06304 0.04996 0.00362 ( 1)
 446 R   0.89365 0.05315 0.05015 0.00305 ( 1)
 447 E   0.89320 0.05350 0.05023 0.00307 ( 1)
 448 A   0.90663 0.04070 0.05033 0.00234 ( 1)
 449 T   0.00001 0.44537 0.52905 0.02557 ( 3)
 450 K   0.90138 0.04559 0.05041 0.00262 ( 1)
 451 W   0.87087 0.07524 0.04957 0.00432 ( 1)
 452 S   0.88455 0.06189 0.05000 0.00355 ( 1)
 453 P   0.88164 0.06458 0.05008 0.00371 ( 1)
 454 E   0.90791 0.03932 0.05051 0.00226 ( 1)
 455 L   0.88141 0.06495 0.04991 0.00373 ( 1)
 456 A   0.91028 0.03706 0.05053 0.00213 ( 1)
 457 A   0.91028 0.03706 0.05053 0.00213 ( 1)
 458 A   0.91028 0.03706 0.05053 0.00213 ( 1)
 459 C   0.89637 0.05043 0.05030 0.00290 ( 1)
 460 E   0.90791 0.03932 0.05051 0.00226 ( 1)
 461 V   0.89833 0.04854 0.05034 0.00279 ( 1)
 462 W   0.87087 0.07524 0.04957 0.00432 ( 1)
 463 K   0.88585 0.06064 0.05004 0.00348 ( 1)
 464 E   0.89320 0.05350 0.05023 0.00307 ( 1)
 465 I   0.88338 0.06304 0.04996 0.00362 ( 1)
 466 K   0.90138 0.04559 0.05041 0.00262 ( 1)
 467 F   0.90191 0.04510 0.05040 0.00259 ( 1)
 468 E   0.00002 0.94568 0.00000 0.05430 ( 2)
 469 F   0.90238 0.04463 0.05043 0.00256 ( 1)
 470 Q   0.00000 0.94570 0.00000 0.05430 ( 2)
 471 A   0.89830 0.04857 0.05034 0.00279 ( 1)
 472 M   0.89463 0.05211 0.05026 0.00299 ( 1)
 473 D   0.91752 0.03017 0.05057 0.00173 ( 1)
 474 T   0.90389 0.04322 0.05041 0.00248 ( 1)
 475 L   0.87235 0.07379 0.04962 0.00424 ( 1)


lnL = -2734.678678

