

TREE # 1

  0  0.0000   3015.490549  x:  0.00000   0.01352   0.04651   0.01563   0.05496   0.05723   0.03017   0.03178   0.05392   0.01575   0.04148   0.02031   0.01986   0.01808   0.01639   0.05250   0.04815   0.02374   0.04934   0.03378   0.06098   0.03804   0.00960   0.02587   0.00848   0.06456   0.04423   0.04088   0.06441   0.03917   2.00000   1.09989   0.02896   0.27919  
  1 99.0000   3015.479909  x:  0.00000   0.01352   0.04651   0.01563   0.05496   0.05723   0.03017   0.03178   0.05392   0.01575   0.04148   0.02031   0.01986   0.01808   0.01639   0.05249   0.04815   0.02374   0.04934   0.03378   0.06098   0.03804   0.00960   0.02587   0.00848   0.06456   0.04423   0.04088   0.06440   0.03917   2.00000   1.09989   0.02896   0.27919  
  2 1708.6804   2926.047198  x:  0.00000   0.01353   0.03102   0.00001   0.03945   0.04514   0.02273   0.01613   0.03830   0.00000   0.02729   0.00457   0.00831   0.01841   0.00555   0.04115   0.03599   0.01415   0.04347   0.02795   0.04810   0.03425   0.00743   0.02702   0.00684   0.05579   0.04126   0.03634   0.05126   0.03426   2.00012   1.10045   0.02841   0.27549  
  3 10843.8414   2926.037510  x:  0.00000   0.01353   0.03102   0.00000   0.03944   0.04514   0.02273   0.01613   0.03830   0.00000   0.02729   0.00457   0.00831   0.01841   0.00554   0.04115   0.03599   0.01415   0.04347   0.02795   0.04809   0.03425   0.00743   0.02702   0.00684   0.05579   0.04126   0.03634   0.05125   0.03426   2.00012   1.10045   0.02841   0.27549  
  4 23862.6136   2907.583058  x:  0.00000   0.01301   0.02649   0.00000   0.03493   0.04188   0.02213   0.01161   0.03376   0.00000   0.02369   0.00000   0.00762   0.01819   0.00406   0.03889   0.03317   0.01306   0.04234   0.02697   0.04481   0.03351   0.00661   0.02713   0.00604   0.05383   0.04058   0.03523   0.04783   0.03388   2.00016   1.10071   0.02816   0.27597  
  5 60525.8633   2872.067266  x:  0.00000   0.01225   0.01497   0.00000   0.02328   0.03450   0.01887   0.00000   0.02213   0.00000   0.01816   0.00000   0.00671   0.01868   0.00234   0.03734   0.02939   0.01104   0.03904   0.02327   0.03853   0.03041   0.00823   0.03134   0.00744   0.05021   0.03802   0.03048   0.04115   0.03413   2.00032   1.10097   0.02791   0.27557  
  6 8785.6334   2839.168153  x:  0.00000   0.01477   0.00000   0.00000   0.00792   0.02704   0.01701   0.00000   0.00687   0.00000   0.01490   0.00000   0.00267   0.01821   0.00041   0.03768   0.02741   0.00957   0.03596   0.02140   0.03291   0.02839   0.00677   0.02848   0.00613   0.04701   0.03598   0.02661   0.03468   0.03402   2.00055   1.10093   0.02797   0.27318  
  7 5550.2152   2837.322838  x:  0.00000   0.01491   0.00000   0.00000   0.00684   0.02658   0.01689   0.00000   0.00579   0.00000   0.01469   0.00000   0.00284   0.01819   0.00000   0.03757   0.02722   0.00933   0.03577   0.02132   0.03253   0.02834   0.00675   0.02824   0.00612   0.04676   0.03591   0.02649   0.03425   0.03404   2.00056   1.10091   0.02799   0.27282  
  8 7875.7140   2828.670441  x:  0.00000   0.01448   0.00000   0.00000   0.00102   0.02423   0.01756   0.00000   0.00000   0.00000   0.01373   0.00000   0.00279   0.01809   0.00000   0.03697   0.02614   0.00888   0.03513   0.02120   0.03075   0.02832   0.00678   0.02798   0.00609   0.04553   0.03580   0.02647   0.03218   0.03402   2.00064   1.10081   0.02812   0.27070  
  9 12094.2763   2827.786888  x:  0.00000   0.01451   0.00000   0.00000   0.00000   0.02408   0.01739   0.00000   0.00000   0.00000   0.01357   0.00000   0.00279   0.01808   0.00000   0.03678   0.02596   0.00906   0.03514   0.02121   0.03052   0.02834   0.00674   0.02802   0.00604   0.04540   0.03581   0.02649   0.03191   0.03404   2.00065   1.10080   0.02812   0.27044  
 10 4112.3074   2816.249693  x:  0.00000   0.01534   0.00000   0.00000   0.00000   0.03041   0.01582   0.00000   0.00000   0.00000   0.00709   0.00000   0.00109   0.01754   0.00000   0.02576   0.01914   0.00120   0.04106   0.02109   0.02170   0.02819   0.00431   0.03305   0.00311   0.04451   0.03600   0.02398   0.02198   0.03476   2.00140   1.10227   0.02679   0.26748  
 11 575.5068   2809.709506  x:  0.00000   0.01574   0.00000   0.00000   0.00000   0.04081   0.02153   0.00000   0.00000   0.00000   0.00206   0.00000   0.00068   0.01763   0.00000   0.01349   0.01357   0.00263   0.04041   0.01330   0.01442   0.02266   0.00394   0.03025   0.00405   0.04391   0.03255   0.01362   0.01521   0.03429   2.00209   1.10428   0.02491   0.26427  
 12 695.6199   2808.839608  x:  0.00000   0.01563   0.00000   0.00000   0.00000   0.04228   0.02195   0.00000   0.00000   0.00000   0.00650   0.00000   0.00052   0.01754   0.00000   0.01157   0.01096   0.00273   0.03832   0.01227   0.01178   0.02068   0.00443   0.02970   0.00344   0.04249   0.03074   0.01305   0.01283   0.03426   2.00234   1.10550   0.02372   0.26458  
 13 309.1778   2808.145420  x:  0.00000   0.01592   0.00000   0.00000   0.00000   0.04325   0.02205   0.00000   0.00000   0.00000   0.00680   0.00000   0.00047   0.01748   0.00384   0.01281   0.00976   0.00271   0.03525   0.01226   0.01065   0.01885   0.00442   0.02943   0.00305   0.04095   0.02859   0.01359   0.01184   0.03437   2.00261   1.10701   0.02226   0.26485  
 14 273.7159   2806.163592  x:  0.00000   0.01627   0.00000   0.00000   0.00000   0.04405   0.02154   0.00000   0.00000   0.00000   0.00508   0.00000   0.00030   0.01710   0.00083   0.01559   0.00985   0.00252   0.02439   0.01352   0.01007   0.01511   0.00351   0.02882   0.00290   0.03587   0.02232   0.01530   0.01097   0.03467   2.00352   1.11210   0.01730   0.26578  
 15 283.2981   2805.094474  x:  0.00000   0.01835   0.00000   0.00000   0.00000   0.04091   0.02188   0.00000   0.00000   0.00000   0.00521   0.00000   0.00053   0.01676   0.00000   0.01739   0.01015   0.00238   0.02119   0.01177   0.01079   0.01646   0.00277   0.02944   0.00155   0.03312   0.02176   0.01244   0.01130   0.03492   2.00413   1.11573   0.01377   0.26565  
 16 209.2341   2804.279051  x:  0.00258   0.01789   0.00000   0.00000   0.00000   0.03768   0.02092   0.00000   0.00000   0.00000   0.00562   0.00000   0.00051   0.01595   0.00000   0.01849   0.01092   0.00217   0.01979   0.01041   0.01145   0.01712   0.00113   0.02855   0.00306   0.03121   0.02197   0.01014   0.01182   0.03483   2.00470   1.11904   0.01054   0.26544  
 17 421.2840   2802.116577  x:  0.01223   0.01425   0.00000   0.00000   0.00000   0.02787   0.01690   0.00000   0.00000   0.00000   0.00578   0.00000   0.00028   0.01298   0.00000   0.02137   0.01389   0.00159   0.01690   0.00773   0.01390   0.01773   0.00265   0.02393   0.00268   0.02622   0.02251   0.00261   0.01385   0.03374   2.00645   1.12911   0.00072   0.26423  
 18 1166.7511   2801.262910  x:  0.01459   0.01396   0.00000   0.00000   0.00000   0.02532   0.01636   0.00000   0.00000   0.00000   0.00592   0.00000   0.00033   0.01308   0.00000   0.02202   0.01436   0.00148   0.01676   0.00885   0.01417   0.01694   0.00266   0.02314   0.00276   0.02554   0.02225   0.00000   0.01421   0.03361   2.00687   1.13155  -0.00167   0.26355  
 19 784.9787   2801.262910  x:  0.01459   0.01396   0.00000   0.00000   0.00000   0.02532   0.01636   0.00000   0.00000   0.00000   0.00592   0.00000   0.00033   0.01308   0.00000   0.02202   0.01436   0.00148   0.01676   0.00885   0.01417   0.01694   0.00266   0.02314   0.00276   0.02554   0.02225   0.00000   0.01421   0.03361   2.00687   1.13155  -0.00167   0.26355  
 20 242.2388   2798.349127  x:  0.01469   0.01334   0.00000   0.00000   0.00000   0.02445   0.01597   0.00000   0.00000   0.00000   0.00517   0.00000   0.00732   0.01312   0.00000   0.02143   0.01372   0.00391   0.01718   0.00948   0.01357   0.01716   0.00265   0.02342   0.00260   0.02533   0.02249   0.00010   0.01359   0.03483   2.00688   1.13159  -0.00170   0.26327  
 21 2892.9657   2788.852877  x:  0.01526   0.00933   0.00000   0.00000   0.00000   0.01860   0.01343   0.00000   0.00000   0.00000   0.00050   0.00000   0.00631   0.01334   0.00000   0.01752   0.00957   0.00644   0.01975   0.01299   0.00968   0.01852   0.00259   0.02525   0.00179   0.02392   0.02405   0.00067   0.00956   0.04264   2.00697   1.13181  -0.00192   0.26131  
 22 938.0189   2783.475617  x:  0.01579   0.00500   0.00000   0.00000   0.00000   0.01184   0.01069   0.00000   0.00000   0.00000   0.00329   0.00000   0.00546   0.01357   0.00000   0.01313   0.00508   0.00859   0.02245   0.01637   0.00546   0.01996   0.00251   0.02725   0.00139   0.02234   0.02575   0.00120   0.00519   0.05116   2.00707   1.13208  -0.00218   0.25900  
 23 3585.7642   2781.585225  x:  0.01547   0.00653   0.00000   0.00000   0.00000   0.00612   0.01012   0.00000   0.00000   0.00000   0.00335   0.00000   0.00596   0.01356   0.00000   0.01050   0.00639   0.00671   0.02330   0.01589   0.00618   0.02051   0.00249   0.02839   0.00482   0.02129   0.02669   0.00088   0.00597   0.05662   2.00719   1.13241  -0.00250   0.25627  
 24 543.1953   2780.655897  x:  0.01519   0.00715   0.00000   0.00000   0.00000   0.00451   0.01058   0.00000   0.00000   0.00000   0.00344   0.00000   0.00649   0.01351   0.00000   0.00986   0.00711   0.00476   0.02344   0.01454   0.00722   0.02060   0.00234   0.02904   0.00204   0.02058   0.02715   0.00060   0.00687   0.06066   2.00732   1.13277  -0.00285   0.25321  
 25 376.5856   2779.629796  x:  0.01490   0.00756   0.00000   0.00000   0.00000   0.00821   0.01154   0.00000   0.00000   0.00000   0.00360   0.00000   0.00680   0.01340   0.00000   0.01014   0.00756   0.00359   0.02331   0.01163   0.00767   0.02061   0.00290   0.03021   0.00226   0.01950   0.02797   0.00031   0.00747   0.06931   2.00768   1.13375  -0.00381   0.24491  
 26 349.2577   2779.032018  x:  0.01502   0.00813   0.00000   0.00000   0.00000   0.00827   0.01228   0.00000   0.00000   0.00000   0.00383   0.00000   0.00617   0.01337   0.00000   0.01188   0.00816   0.00577   0.02239   0.01060   0.00820   0.02016   0.00156   0.03019   0.00218   0.01976   0.02784   0.00043   0.00803   0.07288   2.00799   1.13459  -0.00463   0.23787  
 27 366.7547   2778.237272  x:  0.01537   0.00865   0.00000   0.00000   0.00000   0.00737   0.01329   0.00000   0.00000   0.00000   0.00409   0.00000   0.00558   0.01338   0.00000   0.01517   0.00872   0.00779   0.02025   0.01056   0.00877   0.01911   0.00465   0.02946   0.00199   0.02101   0.02705   0.00078   0.00854   0.07713   2.00862   1.13636  -0.00635   0.22296  
 28 684.1702   2773.086461  x:  0.01588   0.00772   0.00000   0.00000   0.00000   0.00652   0.01475   0.00000   0.00000   0.00000   0.00408   0.00000   0.00702   0.01382   0.00000   0.02365   0.00787   0.00247   0.01284   0.01613   0.00826   0.01560   0.00265   0.02445   0.00356   0.02773   0.02243   0.00129   0.00774   0.08729   2.01184   1.14544  -0.01519   0.14652  
 29 921.1136   2756.052761  x:  0.01459   0.00944   0.00000   0.00000   0.00000   0.00770   0.01393   0.00000   0.00000   0.00000   0.00460   0.00000   0.00711   0.01455   0.00000   0.02726   0.00932   0.00191   0.01552   0.01990   0.00965   0.01562   0.00268   0.01875   0.00336   0.03565   0.01813   0.00000   0.00858   0.09588   2.01786   1.16269  -0.03199   0.00164  
 30 2947.2614   2756.052761  x:  0.01459   0.00944   0.00000   0.00000   0.00000   0.00770   0.01393   0.00000   0.00000   0.00000   0.00460   0.00000   0.00711   0.01455   0.00000   0.02726   0.00932   0.00191   0.01552   0.01990   0.00965   0.01562   0.00268   0.01875   0.00336   0.03565   0.01813   0.00000   0.00858   0.09588   2.01786   1.16269  -0.03199   0.00164  
 31 758672.4490   2751.387750  x:  0.01548   0.00843   0.00000   0.00000   0.00000   0.00749   0.01315   0.00000   0.00000   0.00000   0.00243   0.00000   0.00409   0.01460   0.00000   0.02473   0.00835   0.00902   0.01819   0.01873   0.00878   0.01741   0.00372   0.02167   0.00239   0.03413   0.02082   0.00089   0.00786   0.09508   2.01789   1.16292  -0.03221   0.00000  
 32 944.5702   2748.615631  x:  0.01615   0.00742   0.00000   0.00000   0.00000   0.00734   0.01224   0.00000   0.00000   0.00000   0.00209   0.00000   0.00088   0.01467   0.00000   0.02094   0.00739   0.00708   0.02100   0.01715   0.00776   0.01944   0.00319   0.02502   0.00207   0.03188   0.02387   0.00156   0.00708   0.09385   2.01794   1.16329  -0.03257   0.00000  
 33 654.4046   2746.198754  x:  0.01714   0.00596   0.00000   0.00000   0.00000   0.00712   0.01079   0.00000   0.00000   0.00000   0.00188   0.00000   0.00329   0.01477   0.00000   0.01423   0.00602   0.00493   0.02560   0.01448   0.00623   0.02277   0.00255   0.03061   0.00169   0.02784   0.02898   0.00256   0.00590   0.09159   2.01802   1.16398  -0.03324   0.00000  
 34 1434.4139   2745.808049  x:  0.01684   0.00698   0.00000   0.00000   0.00000   0.00725   0.01101   0.00000   0.00000   0.00000   0.00336   0.00000   0.00327   0.01475   0.00000   0.01241   0.00699   0.00512   0.02610   0.01417   0.00704   0.02310   0.00295   0.03166   0.00263   0.02631   0.02990   0.00226   0.00641   0.09049   2.01807   1.16436  -0.03361   0.00000  
 35 304.4675   2745.554476  x:  0.01622   0.00794   0.00000   0.00000   0.00000   0.00743   0.01157   0.00000   0.00000   0.00000   0.00232   0.00000   0.00328   0.01472   0.00000   0.01123   0.00792   0.00497   0.02594   0.01430   0.00795   0.02294   0.00269   0.03220   0.00214   0.02458   0.03030   0.00163   0.00711   0.08897   2.01813   1.16492  -0.03416   0.00000  
 36 214.2707   2745.283863  x:  0.01544   0.00710   0.00000   0.00000   0.00000   0.00732   0.01222   0.00000   0.00000   0.00000   0.00270   0.00000   0.00321   0.01462   0.00000   0.01153   0.00709   0.00517   0.02474   0.01502   0.00740   0.02195   0.00253   0.03264   0.00206   0.02098   0.03042   0.00086   0.00716   0.08448   2.01836   1.16674  -0.03593   0.00000  
 37 115.3073   2745.189654  x:  0.01585   0.00717   0.00000   0.00000   0.00000   0.00726   0.01195   0.00000   0.00000   0.00000   0.00220   0.00000   0.00321   0.01458   0.00000   0.01176   0.00717   0.00505   0.02433   0.01497   0.00730   0.02166   0.00293   0.03267   0.00278   0.02029   0.03034   0.00127   0.00698   0.08206   2.01849   1.16787  -0.03704   0.00000  
 38 144.0778   2745.027396  x:  0.01680   0.00759   0.00000   0.00000   0.00000   0.00722   0.01117   0.00000   0.00000   0.00000   0.00251   0.00000   0.00320   0.01450   0.00000   0.01203   0.00761   0.00510   0.02387   0.01456   0.00743   0.02139   0.00262   0.03254   0.00213   0.02016   0.03005   0.00221   0.00666   0.07735   2.01879   1.17032  -0.03942   0.00000  
 39 227.9526   2744.846932  x:  0.01601   0.00720   0.00000   0.00000   0.00000   0.00738   0.01124   0.00000   0.00000   0.00000   0.00243   0.00000   0.00318   0.01450   0.00000   0.01148   0.00716   0.00519   0.02420   0.01401   0.00757   0.02180   0.00248   0.03215   0.00239   0.02224   0.02967   0.00143   0.00698   0.07181   2.01927   1.17424  -0.04324   0.00000  
 40 142.3928   2744.817142  x:  0.01593   0.00724   0.00000   0.00000   0.00000   0.00726   0.01145   0.00000   0.00000   0.00000   0.00247   0.00000   0.00318   0.01450   0.00000   0.01148   0.00723   0.00507   0.02441   0.01416   0.00741   0.02192   0.00306   0.03208   0.00209   0.02246   0.02967   0.00135   0.00696   0.07124   2.01941   1.17534  -0.04431   0.00000  
 41 92.3921   2744.655269  x:  0.01605   0.00772   0.00000   0.00000   0.00000   0.00659   0.01267   0.00000   0.00000   0.00000   0.00246   0.00000   0.00323   0.01450   0.00000   0.01197   0.00792   0.00505   0.02579   0.01559   0.00648   0.02260   0.00260   0.03173   0.00228   0.02275   0.02991   0.00147   0.00669   0.07024   2.02030   1.18270  -0.05148   0.00000  
 42 128.3236   2743.873630  x:  0.01699   0.00701   0.00000   0.00000   0.00000   0.00889   0.01342   0.00000   0.00000   0.00000   0.00255   0.00000   0.00338   0.01451   0.00000   0.01366   0.00677   0.00471   0.02969   0.01892   0.00954   0.02400   0.00265   0.03010   0.00233   0.02202   0.03062   0.00240   0.00699   0.06921   2.02529   1.22352  -0.09124   0.00000  
 43 402.9905   2739.619268  x:  0.01459   0.00704   0.00000   0.00000   0.00000   0.00633   0.00629   0.00000   0.00000   0.00000   0.00233   0.00000   0.00321   0.01460   0.00000   0.01290   0.00762   0.00491   0.03268   0.01774   0.00835   0.02247   0.00269   0.02515   0.00227   0.01922   0.03003   0.00000   0.00745   0.07051   2.04803   1.40954  -0.27243   0.00000  
 44 1488.6780   2736.091837  x:  0.01617   0.00693   0.00000   0.00000   0.00000   0.00718   0.01210   0.00000   0.00000   0.00000   0.00232   0.00000   0.00296   0.01403   0.00000   0.00974   0.00660   0.00522   0.02967   0.01104   0.00650   0.01939   0.00263   0.02443   0.00206   0.01870   0.02844   0.00159   0.00645   0.07249   2.07031   1.59173  -0.44989   0.00000  
 45 6027.8562   2735.161937  x:  0.01598   0.00653   0.00000   0.00000   0.00000   0.00645   0.01203   0.00000   0.00000   0.00000   0.00230   0.00000   0.00302   0.01312   0.00000   0.01021   0.00693   0.00511   0.02458   0.01341   0.00756   0.02075   0.00259   0.03102   0.00204   0.02100   0.02878   0.00140   0.00541   0.07302   2.07619   1.63959  -0.49649   0.00000  
 46 1262.0545   2735.110703  x:  0.01605   0.00685   0.00000   0.00000   0.00000   0.00693   0.01188   0.00000   0.00000   0.00000   0.00232   0.00000   0.00303   0.01328   0.00000   0.01047   0.00678   0.00510   0.02419   0.01353   0.00702   0.02106   0.00260   0.03153   0.00202   0.02113   0.02890   0.00147   0.00626   0.07305   2.07653   1.64222  -0.49904   0.00000  
 47 225.5351   2735.108723  x:  0.01600   0.00690   0.00000   0.00000   0.00000   0.00700   0.01189   0.00000   0.00000   0.00000   0.00231   0.00000   0.00303   0.01347   0.00000   0.01057   0.00681   0.00510   0.02412   0.01345   0.00701   0.02123   0.00260   0.03152   0.00202   0.02109   0.02894   0.00142   0.00616   0.07305   2.07656   1.64232  -0.49913   0.00000  
 48 13.0180   2735.108424  x:  0.01602   0.00687   0.00000   0.00000   0.00000   0.00695   0.01190   0.00000   0.00000   0.00000   0.00231   0.00000   0.00303   0.01350   0.00000   0.01057   0.00681   0.00510   0.02408   0.01343   0.00703   0.02131   0.00260   0.03148   0.00202   0.02108   0.02895   0.00143   0.00620   0.07305   2.07658   1.64234  -0.49914   0.00000  
 49  5.0765   2735.108325  x:  0.01602   0.00688   0.00000   0.00000   0.00000   0.00696   0.01190   0.00000   0.00000   0.00000   0.00231   0.00000   0.00303   0.01348   0.00000   0.01054   0.00680   0.00510   0.02404   0.01345   0.00702   0.02136   0.00260   0.03144   0.00202   0.02107   0.02897   0.00144   0.00619   0.07305   2.07662   1.64236  -0.49913   0.00000  
 50  2.3105   2735.108135  x:  0.01601   0.00687   0.00000   0.00000   0.00000   0.00696   0.01191   0.00000   0.00000   0.00000   0.00231   0.00000   0.00303   0.01341   0.00000   0.01059   0.00682   0.00510   0.02403   0.01342   0.00703   0.02136   0.00260   0.03142   0.00202   0.02108   0.02905   0.00143   0.00619   0.07305   2.07688   1.64244  -0.49905   0.00000  
 51  1.0401   2735.106809  x:  0.01601   0.00695   0.00000   0.00000   0.00000   0.00692   0.01191   0.00000   0.00000   0.00000   0.00231   0.00000   0.00303   0.01348   0.00000   0.01057   0.00674   0.00510   0.02396   0.01346   0.00704   0.02124   0.00259   0.03134   0.00201   0.02114   0.02931   0.00143   0.00618   0.07304   2.07893   1.64304  -0.49842   0.00000  
 52  8.8750   2735.103981  x:  0.01603   0.00679   0.00000   0.00000   0.00000   0.00700   0.01190   0.00000   0.00000   0.00000   0.00231   0.00000   0.00302   0.01361   0.00000   0.01051   0.00688   0.00509   0.02388   0.01354   0.00700   0.02111   0.00259   0.03127   0.00201   0.02121   0.02951   0.00145   0.00619   0.07302   2.08333   1.64434  -0.49708   0.00000  
 53 65.9893   2735.000697  x:  0.01585   0.00680   0.00000   0.00000   0.00000   0.00686   0.01176   0.00000   0.00000   0.00000   0.00226   0.00000   0.00290   0.01343   0.00000   0.01064   0.00672   0.00499   0.02354   0.01338   0.00690   0.02106   0.00254   0.03111   0.00196   0.02105   0.02850   0.00131   0.00616   0.07264   2.25256   1.69433  -0.44532   0.00000  
 54 160.7788   2734.785948  x:  0.01515   0.00649   0.00000   0.00000   0.00000   0.00656   0.01116   0.00000   0.00000   0.00000   0.00209   0.00000   0.00234   0.01335   0.00000   0.01108   0.00653   0.00449   0.02190   0.01343   0.00654   0.01992   0.00235   0.02919   0.00183   0.02105   0.02692   0.00086   0.00618   0.07110   2.18010   1.97370  -0.23387   0.00000  
 55  0.4455   2734.731557  x:  0.01532   0.00670   0.00000   0.00000   0.00000   0.00671   0.01090   0.00000   0.00000   0.00000   0.00227   0.00000   0.00212   0.01342   0.00000   0.01112   0.00670   0.00419   0.02299   0.01358   0.00689   0.02020   0.00245   0.02858   0.00201   0.02097   0.02726   0.00094   0.00628   0.07176   2.16954   2.19808  -0.00686   0.00000  
 56  0.2413   2734.692428  x:  0.01554   0.00684   0.00000   0.00000   0.00000   0.00675   0.01086   0.00000   0.00000   0.00000   0.00224   0.00000   0.00211   0.01344   0.00000   0.01099   0.00681   0.00458   0.02249   0.01327   0.00695   0.02015   0.00246   0.02941   0.00196   0.02095   0.02737   0.00092   0.00635   0.07187   2.16219   2.50578   0.32734   0.00000  
 57  0.2214   2734.680241  x:  0.01554   0.00665   0.00000   0.00000   0.00000   0.00668   0.01106   0.00000   0.00000   0.00000   0.00218   0.00000   0.00217   0.01342   0.00000   0.01106   0.00665   0.00449   0.02276   0.01353   0.00677   0.02031   0.00243   0.02930   0.00192   0.02098   0.02744   0.00071   0.00629   0.07175   2.17078   2.67709   0.49732   0.00000  
 58  0.1677   2734.678789  x:  0.01567   0.00667   0.00000   0.00000   0.00000   0.00668   0.01106   0.00000   0.00000   0.00000   0.00221   0.00000   0.00219   0.01341   0.00000   0.01104   0.00667   0.00445   0.02264   0.01345   0.00680   0.02023   0.00244   0.02925   0.00195   0.02103   0.02735   0.00069   0.00624   0.07170   2.16993   2.73623   0.55299   0.00000  
 59  0.0676   2734.678683  x:  0.01571   0.00668   0.00000   0.00000   0.00000   0.00669   0.01107   0.00000   0.00000   0.00000   0.00221   0.00000   0.00220   0.01341   0.00000   0.01103   0.00668   0.00445   0.02265   0.01346   0.00681   0.02022   0.00244   0.02923   0.00194   0.02101   0.02735   0.00062   0.00626   0.07171   2.16943   2.74852   0.56589   0.00000  
 60  0.0186   2734.678679  x:  0.01575   0.00668   0.00000   0.00000   0.00000   0.00669   0.01106   0.00000   0.00000   0.00000   0.00221   0.00000   0.00221   0.01341   0.00000   0.01103   0.00668   0.00445   0.02265   0.01345   0.00681   0.02022   0.00244   0.02923   0.00194   0.02100   0.02735   0.00058   0.00626   0.07172   2.16941   2.75030   0.56795   0.00000  
 61  0.0034   2734.678678  x:  0.01580   0.00668   0.00000   0.00000   0.00000   0.00669   0.01106   0.00000   0.00000   0.00000   0.00221   0.00000   0.00221   0.01341   0.00000   0.01103   0.00668   0.00445   0.02265   0.01345   0.00681   0.02022   0.00244   0.02923   0.00194   0.02100   0.02735   0.00053   0.00626   0.07172   2.16944   2.75057   0.56827   0.00000  
 62  0.0005   2734.678678  x:  0.01585   0.00668   0.00000   0.00000   0.00000   0.00669   0.01106   0.00000   0.00000   0.00000   0.00221   0.00000   0.00221   0.01341   0.00000   0.01103   0.00668   0.00445   0.02265   0.01345   0.00681   0.02022   0.00244   0.02923   0.00194   0.02100   0.02735   0.00048   0.00626   0.07172   2.16944   2.75055   0.56824   0.00000  
 63  0.0001   2734.678678  x:  0.01585   0.00668   0.00000   0.00000   0.00000   0.00669   0.01106   0.00000   0.00000   0.00000   0.00221   0.00000   0.00221   0.01341   0.00000   0.01103   0.00668   0.00445   0.02265   0.01345   0.00681   0.02022   0.00244   0.02923   0.00194   0.02100   0.02735   0.00048   0.00626   0.07172   2.16944   2.75055   0.56824   0.00000  
 64  0.0001   2734.678678  x:  0.01585   0.00668   0.00000   0.00000   0.00000   0.00669   0.01106   0.00000   0.00000   0.00000   0.00221   0.00000   0.00221   0.01341   0.00000   0.01103   0.00668   0.00445   0.02265   0.01345   0.00681   0.02022   0.00244   0.02923   0.00194   0.02100   0.02735   0.00048   0.00626   0.07172   2.16944   2.75054   0.56824   0.00000  
 65  0.0012   2734.678678  x:  0.01585   0.00668   0.00000   0.00000   0.00000   0.00669   0.01106   0.00000   0.00000   0.00000   0.00221   0.00000   0.00221   0.01341   0.00000   0.01103   0.00668   0.00445   0.02265   0.01345   0.00681   0.02022   0.00244   0.02923   0.00194   0.02100   0.02735   0.00048   0.00626   0.07172   2.16944   2.75054   0.56824   0.00000  
 66  0.0004   2734.678678  x:  0.01585   0.00668   0.00000   0.00000   0.00000   0.00669   0.01106   0.00000   0.00000   0.00000   0.00221   0.00000   0.00221   0.01341   0.00000   0.01103   0.00668   0.00445   0.02265   0.01345   0.00681   0.02022   0.00244   0.02923   0.00194   0.02100   0.02735   0.00048   0.00626   0.07172   2.16944   2.75054   0.56824   0.00000  
 67  0.0024   2734.678678  x:  0.01585   0.00668   0.00000   0.00000   0.00000   0.00669   0.01106   0.00000   0.00000   0.00000   0.00221   0.00000   0.00221   0.01341   0.00000   0.01103   0.00668   0.00445   0.02265   0.01345   0.00681   0.02022   0.00244   0.02923   0.00194   0.02100   0.02735   0.00048   0.00626   0.07172   2.16944   2.75054   0.56824   0.00000  