

TREE # 1

  0  0.0000   4182.615165  x:  0.00000   0.01536   0.05114   0.01776   0.05931   0.05839   0.02928   0.03392   0.05956   0.01786   0.04365   0.02348   0.02047   0.01493   0.01851   0.05369   0.04982   0.02500   0.04713   0.03333   0.06137   0.03392   0.01072   0.02064   0.00813   0.06131   0.04098   0.04088   0.06877   0.02560   2.00000   1.09989   0.02896   0.27919  
  1 99.0000   4182.599614  x:  0.00000   0.01536   0.05114   0.01776   0.05931   0.05839   0.02928   0.03391   0.05956   0.01786   0.04365   0.02348   0.02047   0.01493   0.01851   0.05369   0.04982   0.02500   0.04713   0.03333   0.06137   0.03392   0.01072   0.02064   0.00812   0.06131   0.04098   0.04088   0.06876   0.02560   2.00000   1.09989   0.02896   0.27919  
  2 2763.3698   4083.691947  x:  0.00000   0.01544   0.04203   0.01317   0.05000   0.04874   0.02037   0.02421   0.05108   0.01229   0.03398   0.01783   0.01070   0.01064   0.01455   0.04534   0.04157   0.02068   0.04138   0.02898   0.05205   0.02819   0.00096   0.02003   0.00000   0.05273   0.03681   0.03724   0.06122   0.02080   2.00020   1.10036   0.02849   0.27831  
  3 22714.1310   4074.997166  x:  0.00000   0.01547   0.04115   0.01285   0.04909   0.04780   0.01955   0.02326   0.05027   0.01187   0.03303   0.01739   0.00975   0.01036   0.01429   0.04455   0.04079   0.02036   0.04088   0.02864   0.05113   0.02773   0.00000   0.02004   0.00000   0.05191   0.03647   0.03694   0.06052   0.02070   2.00022   1.10041   0.02843   0.27845  
  4 118583.5623   3993.796855  x:  0.00000   0.01483   0.03223   0.00989   0.03991   0.03816   0.01155   0.01358   0.04212   0.00832   0.02339   0.01328   0.00000   0.00782   0.01162   0.03661   0.03302   0.01722   0.03592   0.02518   0.04189   0.02307   0.00000   0.01895   0.00000   0.04365   0.03306   0.03363   0.05342   0.01926   2.00044   1.10100   0.02784   0.28014  
  5 720482.7608   3912.221618  x:  0.00000   0.01948   0.02095   0.00934   0.02755   0.02463   0.01107   0.00000   0.03193   0.01261   0.00992   0.01309   0.00000   0.00863   0.00964   0.02737   0.02451   0.01364   0.02997   0.02081   0.03088   0.01712   0.00000   0.02135   0.00000   0.03345   0.02782   0.02774   0.04456   0.01909   2.00062   1.10064   0.02822   0.27038  
  6 6537.4719   3869.686565  x:  0.00000   0.01948   0.01390   0.01021   0.01905   0.01475   0.01185   0.00000   0.02588   0.00942   0.00000   0.01258   0.00000   0.00685   0.01131   0.02248   0.02046   0.01511   0.02802   0.02083   0.02349   0.01763   0.00000   0.02205   0.00000   0.02740   0.02732   0.02657   0.03958   0.01867   2.00073   1.10032   0.02857   0.26320  
  7 7900.8962   3832.169281  x:  0.00000   0.01894   0.00775   0.00713   0.00781   0.00000   0.01016   0.00000   0.02087   0.00670   0.00000   0.01068   0.00000   0.01092   0.00669   0.01968   0.01901   0.01351   0.02858   0.02176   0.01388   0.01895   0.00000   0.02225   0.00000   0.02203   0.02900   0.02925   0.03567   0.01819   2.00091   1.10017   0.02876   0.25676  
  8 4964.3780   3817.517804  x:  0.00000   0.01852   0.00747   0.00649   0.00000   0.00000   0.00525   0.00000   0.01943   0.00850   0.00000   0.00882   0.00000   0.00912   0.00883   0.01965   0.01959   0.01117   0.02949   0.02107   0.00648   0.01732   0.00000   0.02169   0.00000   0.01997   0.02910   0.03167   0.03436   0.01798   2.00109   1.10036   0.02860   0.25421  
  9 1863.4625   3810.778940  x:  0.00000   0.01873   0.00887   0.00904   0.00000   0.00000   0.00206   0.00000   0.01882   0.00827   0.00000   0.00961   0.00000   0.00675   0.00569   0.01956   0.01949   0.01322   0.02949   0.01974   0.00000   0.01423   0.00000   0.02109   0.00000   0.01872   0.02749   0.03272   0.03339   0.01784   2.00136   1.10095   0.02804   0.25465  
 10 993.0239   3799.706529  x:  0.00000   0.01820   0.01126   0.00475   0.00000   0.00000   0.00565   0.00000   0.01507   0.00578   0.00000   0.00894   0.00000   0.00250   0.00383   0.01674   0.01608   0.01537   0.02876   0.01642   0.00000   0.00376   0.00000   0.01742   0.00000   0.01268   0.02078   0.03637   0.02830   0.01750   2.00259   1.10424   0.02482   0.26624  
 11 535.3364   3784.537698  x:  0.00000   0.01692   0.01349   0.00086   0.00000   0.00000   0.00418   0.00000   0.00980   0.00346   0.00000   0.00712   0.00000   0.00381   0.00439   0.01101   0.00883   0.01478   0.02411   0.00997   0.00000   0.00658   0.00000   0.01180   0.00000   0.00533   0.00964   0.03541   0.02076   0.01670   2.00427   1.10878   0.02035   0.28193  
 12 1227.7871   3779.530632  x:  0.00000   0.01561   0.01306   0.00363   0.00000   0.00000   0.00489   0.00000   0.00714   0.00180   0.00000   0.00384   0.00000   0.00492   0.00434   0.00793   0.00533   0.01071   0.02166   0.00848   0.00000   0.00653   0.00000   0.00966   0.00000   0.00307   0.00738   0.03473   0.01700   0.01632   2.00508   1.11104   0.01813   0.28958  
 13 2344.4259   3772.412237  x:  0.00000   0.01345   0.00966   0.00317   0.00000   0.00000   0.00418   0.00000   0.00370   0.00265   0.00000   0.00284   0.00000   0.00371   0.00359   0.00350   0.00175   0.00760   0.01773   0.00930   0.00000   0.00662   0.00000   0.00893   0.00000   0.00426   0.01021   0.03207   0.01212   0.01587   2.00601   1.11359   0.01562   0.29800  
 14 1700.3062   3768.973920  x:  0.00000   0.01211   0.00563   0.00295   0.00000   0.00000   0.00346   0.00000   0.00230   0.00216   0.00000   0.00325   0.00000   0.00345   0.00374   0.00175   0.00409   0.00539   0.01471   0.00968   0.00000   0.00616   0.00000   0.00898   0.00000   0.00360   0.01114   0.02930   0.00882   0.01558   2.00661   1.11520   0.01402   0.30318  
 15 2033.2998   3766.513762  x:  0.00000   0.01111   0.00161   0.00274   0.00000   0.00000   0.00283   0.00000   0.00273   0.00187   0.00000   0.00321   0.00000   0.00343   0.00396   0.00327   0.00401   0.00429   0.01261   0.01001   0.00000   0.00562   0.00000   0.00921   0.00000   0.00285   0.01169   0.02701   0.00675   0.01537   2.00704   1.11634   0.01290   0.30652  
 16 2213.6281   3766.254243  x:  0.00000   0.01087   0.00096   0.00269   0.00000   0.00000   0.00267   0.00000   0.00313   0.00188   0.00000   0.00279   0.00000   0.00365   0.00407   0.00292   0.00402   0.00450   0.01248   0.01007   0.00000   0.00539   0.00000   0.00937   0.00000   0.00289   0.01161   0.02641   0.00717   0.01531   2.00713   1.11656   0.01268   0.30684  
 17 431.9046   3765.923764  x:  0.00000   0.01011   0.00137   0.00251   0.00000   0.00000   0.00239   0.00000   0.00304   0.00150   0.00000   0.00248   0.00000   0.00420   0.00430   0.00293   0.00391   0.00455   0.01204   0.01055   0.00000   0.00486   0.00000   0.01014   0.00000   0.00256   0.01184   0.02423   0.00790   0.01510   2.00742   1.11720   0.01204   0.30727  
 18 314.3571   3765.613331  x:  0.00000   0.00940   0.00123   0.00253   0.00000   0.00000   0.00264   0.00000   0.00269   0.00139   0.00000   0.00244   0.00000   0.00362   0.00388   0.00311   0.00394   0.00402   0.01236   0.01063   0.00000   0.00521   0.00000   0.01095   0.00000   0.00308   0.01111   0.02199   0.00851   0.01478   2.00792   1.11837   0.01088   0.30787  
 19 239.6252   3765.437001  x:  0.00000   0.00908   0.00139   0.00253   0.00000   0.00000   0.00290   0.00000   0.00322   0.00159   0.00000   0.00232   0.00000   0.00320   0.00352   0.00293   0.00398   0.00388   0.01259   0.01067   0.00000   0.00553   0.00000   0.01118   0.00000   0.00272   0.01111   0.02069   0.00832   0.01458   2.00831   1.11928   0.00997   0.30800  
 20 317.8747   3764.888074  x:  0.00000   0.00887   0.00147   0.00255   0.00000   0.00000   0.00308   0.00000   0.00373   0.00121   0.00000   0.00282   0.00000   0.00371   0.00361   0.00273   0.00389   0.00416   0.01349   0.01001   0.00000   0.00527   0.00000   0.01035   0.00000   0.00322   0.01150   0.01709   0.00749   0.01413   2.00977   1.12272   0.00654   0.30738  
 21 304.6762   3764.517632  x:  0.00000   0.00871   0.00142   0.00257   0.00000   0.00000   0.00330   0.00000   0.00336   0.00141   0.00000   0.00263   0.00000   0.00395   0.00354   0.00296   0.00405   0.00473   0.01386   0.00979   0.00103   0.00522   0.00000   0.00972   0.00000   0.00318   0.01176   0.01490   0.00735   0.01383   2.01079   1.12513   0.00414   0.30684  
 22 1168.7137   3764.266990  x:  0.00000   0.00853   0.00130   0.00260   0.00000   0.00000   0.00350   0.00000   0.00293   0.00167   0.00000   0.00270   0.00000   0.00401   0.00343   0.00315   0.00412   0.00504   0.01363   0.00975   0.00052   0.00526   0.00000   0.00923   0.00000   0.00284   0.01196   0.01372   0.00786   0.01362   2.01160   1.12702   0.00225   0.30634  
 23 583.1455   3764.087079  x:  0.00000   0.00827   0.00123   0.00264   0.00000   0.00000   0.00356   0.00000   0.00310   0.00167   0.00000   0.00340   0.00000   0.00403   0.00343   0.00302   0.00394   0.00481   0.01257   0.01010   0.00087   0.00525   0.00000   0.00890   0.00000   0.00269   0.01180   0.01355   0.00854   0.01348   2.01227   1.12855   0.00073   0.30581  
 24 316.2284   3763.929095  x:  0.00000   0.00796   0.00141   0.00270   0.00000   0.00000   0.00368   0.00000   0.00328   0.00182   0.00000   0.00326   0.00000   0.00417   0.00342   0.00306   0.00406   0.00503   0.01104   0.01037   0.00086   0.00522   0.00000   0.00868   0.00000   0.00316   0.01142   0.01344   0.00836   0.01336   2.01303   1.13020  -0.00091   0.30522  
 25 316.4394   3762.694941  x:  0.00000   0.00769   0.00156   0.00288   0.00000   0.00000   0.00388   0.00000   0.00347   0.00194   0.00000   0.00328   0.00000   0.00374   0.00439   0.00317   0.00423   0.00480   0.00974   0.00640   0.00143   0.00534   0.00000   0.00920   0.00000   0.00338   0.01295   0.01293   0.00926   0.01331   2.02188   1.14792  -0.01868   0.29762  
 26 109.3100   3756.610320  x:  0.00000   0.01102   0.00201   0.00307   0.00000   0.00000   0.00109   0.00000   0.00400   0.00309   0.00000   0.00323   0.00000   0.00204   0.00951   0.00294   0.00403   0.00282   0.01216   0.00825   0.00125   0.00423   0.00000   0.00801   0.00000   0.00422   0.01082   0.00730   0.00987   0.01395   2.06749   1.23928  -0.11027   0.25638  
 27 2040.7546   3755.759587  x:  0.00000   0.00851   0.00201   0.00317   0.00000   0.00000   0.00067   0.00000   0.00387   0.00369   0.00000   0.00377   0.00000   0.00257   0.01036   0.00276   0.00371   0.00291   0.01335   0.00828   0.00112   0.00366   0.00000   0.01026   0.00000   0.00426   0.00967   0.00763   0.00905   0.01382   2.07452   1.25342  -0.12444   0.24958  
 28 1319.3608   3736.477523  x:  0.00000   0.01255   0.00177   0.00385   0.00000   0.00000   0.00124   0.00000   0.00370   0.00385   0.00000   0.00525   0.00000   0.00036   0.01281   0.00254   0.00314   0.00597   0.01043   0.00969   0.00149   0.00541   0.00000   0.01877   0.00000   0.00402   0.00865   0.00219   0.00790   0.01672   2.20807   1.52065  -0.39227   0.13910  
 29 475.7980   3733.869513  x:  0.00137   0.01303   0.00174   0.00393   0.00000   0.00000   0.00131   0.00000   0.00368   0.00386   0.00000   0.00543   0.00000   0.00009   0.01310   0.00252   0.00307   0.00633   0.01009   0.00985   0.00153   0.00561   0.00000   0.01977   0.00000   0.00399   0.00854   0.00155   0.00776   0.01706   2.22397   1.55246  -0.42415   0.12593  
 30 104849.0239   3723.058963  x:  0.00312   0.01466   0.00173   0.00415   0.00000   0.00000   0.00149   0.00000   0.00373   0.00405   0.00000   0.00584   0.00000   0.00010   0.01357   0.00249   0.00300   0.00681   0.00948   0.01013   0.00161   0.00595   0.00000   0.02212   0.00000   0.00406   0.00845   0.00000   0.00766   0.01794   2.27080   1.64720  -0.51921   0.08430  
 31 1829.8990   3723.058963  x:  0.00312   0.01466   0.00173   0.00415   0.00000   0.00000   0.00149   0.00000   0.00373   0.00405   0.00000   0.00584   0.00000   0.00010   0.01357   0.00249   0.00300   0.00681   0.00948   0.01013   0.00161   0.00595   0.00000   0.02212   0.00000   0.00406   0.00845   0.00000   0.00766   0.01794   2.27080   1.64720  -0.51921   0.08430  
 32 7262.9424   3716.453225  x:  0.00389   0.01453   0.00168   0.00419   0.00000   0.00000   0.00148   0.00000   0.00378   0.00398   0.00000   0.00578   0.00000   0.00664   0.01339   0.00276   0.00314   0.00684   0.00955   0.01014   0.00157   0.00602   0.00000   0.02197   0.00000   0.00409   0.00866   0.00077   0.00778   0.01822   2.27080   1.64720  -0.51922   0.08422  
 33 16089.9104   3706.362844  x:  0.01282   0.01204   0.00085   0.00479   0.00000   0.00000   0.00142   0.00000   0.00485   0.00262   0.00000   0.00456   0.00000   0.00568   0.00975   0.00623   0.00558   0.00740   0.01095   0.01035   0.00065   0.00742   0.00000   0.01912   0.00000   0.00467   0.01277   0.00970   0.00991   0.02382   2.27087   1.64734  -0.51935   0.08260  
 34 2003.6321   3703.581560  x:  0.01272   0.01066   0.00275   0.00434   0.00000   0.00000   0.00154   0.00000   0.00478   0.00297   0.00000   0.00440   0.00000   0.00570   0.00755   0.00581   0.00528   0.00756   0.01167   0.01070   0.00000   0.00769   0.00000   0.01732   0.00000   0.00466   0.01392   0.00960   0.01042   0.02634   2.27091   1.64744  -0.51945   0.08139  
 35 997.2081   3699.862353  x:  0.01164   0.00793   0.00089   0.00280   0.00000   0.00000   0.00132   0.00000   0.00458   0.00314   0.00000   0.00436   0.00000   0.00581   0.00325   0.00470   0.00456   0.00777   0.01320   0.01162   0.00030   0.00797   0.00000   0.01343   0.00000   0.00459   0.01576   0.00852   0.01116   0.03118   2.27102   1.64767  -0.51968   0.07849  
 36 1849.7909   3699.465588  x:  0.01148   0.00774   0.00072   0.00298   0.00000   0.00000   0.00140   0.00000   0.00460   0.00296   0.00000   0.00441   0.00000   0.00583   0.00354   0.00475   0.00462   0.00775   0.01332   0.01172   0.00000   0.00794   0.00000   0.01290   0.00000   0.00459   0.01587   0.00835   0.01117   0.03177   2.27105   1.64772  -0.51973   0.07787  
 37 589.3607   3698.773598  x:  0.01126   0.00787   0.00107   0.00231   0.00000   0.00000   0.00070   0.00000   0.00474   0.00236   0.00000   0.00461   0.00000   0.00584   0.00460   0.00524   0.00505   0.00760   0.01367   0.01220   0.00000   0.00770   0.00000   0.01151   0.00000   0.00462   0.01572   0.00814   0.01092   0.03315   2.27115   1.64794  -0.51994   0.07527  
 38 668.7038   3698.189582  x:  0.01119   0.00835   0.00148   0.00166   0.00000   0.00000   0.00165   0.00000   0.00487   0.00225   0.00000   0.00477   0.00000   0.00583   0.00541   0.00579   0.00547   0.00742   0.01396   0.01271   0.00000   0.00742   0.00000   0.01035   0.00000   0.00466   0.01534   0.00807   0.01057   0.03434   2.27127   1.64819  -0.52020   0.07212  
 39 1373.0329   3696.783337  x:  0.01119   0.01002   0.00253   0.00406   0.00000   0.00000   0.00185   0.00000   0.00500   0.00402   0.00000   0.00477   0.00000   0.00581   0.00615   0.00672   0.00603   0.00711   0.01440   0.01374   0.00000   0.00691   0.00000   0.00863   0.00000   0.00471   0.01403   0.00807   0.00963   0.03684   2.27163   1.64898  -0.52098   0.06250  
 40 1155.3503   3692.586196  x:  0.01118   0.01105   0.00394   0.00602   0.00000   0.00000   0.00248   0.00000   0.00436   0.00110   0.00000   0.00340   0.00000   0.00583   0.00728   0.00539   0.00439   0.00816   0.01320   0.01257   0.00000   0.00857   0.00000   0.01235   0.00000   0.00465   0.01340   0.00806   0.01020   0.04162   2.27268   1.65128  -0.52324   0.03453  
 41 811.5609   3687.076046  x:  0.01125   0.01110   0.00448   0.00597   0.00000   0.00000   0.00262   0.00000   0.00417   0.00283   0.00000   0.00331   0.00000   0.00583   0.01026   0.00424   0.00346   0.00927   0.01161   0.01060   0.00000   0.01034   0.00000   0.01647   0.00000   0.00469   0.01377   0.00813   0.01141   0.04719   2.27397   1.65411  -0.52604   0.00000  
 42 5570.6380   3687.052688  x:  0.01117   0.01093   0.00456   0.00606   0.00000   0.00000   0.00265   0.00000   0.00427   0.00281   0.00000   0.00360   0.00000   0.00583   0.01029   0.00428   0.00371   0.00926   0.01153   0.01044   0.00000   0.01034   0.00000   0.01680   0.00000   0.00471   0.01397   0.00805   0.01153   0.04730   2.27406   1.65433  -0.52626   0.00000  
 43 74.2253   3686.958056  x:  0.01112   0.01080   0.00461   0.00610   0.00000   0.00000   0.00266   0.00000   0.00433   0.00280   0.00000   0.00372   0.00000   0.00584   0.01031   0.00433   0.00384   0.00924   0.01149   0.01035   0.00062   0.01032   0.00000   0.01699   0.00000   0.00472   0.01411   0.00800   0.01160   0.04733   2.27413   1.65448  -0.52641   0.00000  
 44 431.1642   3686.919670  x:  0.01100   0.01037   0.00469   0.00616   0.00000   0.00000   0.00268   0.00000   0.00443   0.00280   0.00000   0.00345   0.00000   0.00584   0.01033   0.00471   0.00387   0.00906   0.01122   0.00996   0.00068   0.01006   0.00000   0.01708   0.00000   0.00475   0.01452   0.00788   0.01171   0.04705   2.27426   1.65480  -0.52672   0.00000  
 45 78.5968   3686.884897  x:  0.01112   0.01003   0.00477   0.00621   0.00000   0.00000   0.00270   0.00000   0.00425   0.00275   0.00000   0.00366   0.00000   0.00583   0.01040   0.00454   0.00358   0.00890   0.01097   0.00972   0.00071   0.00978   0.00000   0.01679   0.00000   0.00473   0.01485   0.00800   0.01173   0.04651   2.27444   1.65522  -0.52715   0.00000  
 46 64.4532   3686.843299  x:  0.01119   0.00978   0.00482   0.00622   0.00000   0.00000   0.00271   0.00000   0.00423   0.00275   0.00000   0.00345   0.00000   0.00583   0.01048   0.00405   0.00386   0.00896   0.01083   0.00964   0.00073   0.00977   0.00000   0.01647   0.00000   0.00468   0.01506   0.00807   0.01179   0.04593   2.27475   1.65595  -0.52786   0.00000  
 47 85.2038   3686.516744  x:  0.01104   0.00890   0.00488   0.00617   0.00000   0.00000   0.00271   0.00000   0.00495   0.00279   0.00000   0.00357   0.00000   0.00584   0.01046   0.00428   0.00351   0.01058   0.01096   0.01004   0.00070   0.01169   0.00000   0.01515   0.00000   0.00464   0.01553   0.00792   0.01259   0.04288   2.27777   1.66316  -0.53498   0.00000  
 48 141.7770   3685.976850  x:  0.01077   0.00890   0.00467   0.00584   0.00000   0.00000   0.00259   0.00000   0.00304   0.00295   0.00000   0.00359   0.00000   0.00585   0.01005   0.00485   0.00396   0.01075   0.01138   0.00992   0.00066   0.01270   0.00000   0.01465   0.00000   0.00489   0.01575   0.00765   0.01312   0.04109   2.28246   1.67428  -0.54596   0.00000  
 49 538.3800   3681.459311  x:  0.00960   0.01159   0.00243   0.00280   0.00000   0.00000   0.00150   0.00000   0.00426   0.00376   0.00000   0.00378   0.00000   0.00595   0.00615   0.00403   0.00370   0.00560   0.01370   0.00820   0.00023   0.01328   0.00000   0.01377   0.00000   0.00544   0.01612   0.00648   0.01419   0.03284   2.32215   1.76844  -0.63892   0.00000  
 50 2131.8533   3679.457943  x:  0.00933   0.01072   0.00159   0.00160   0.00000   0.00000   0.00109   0.00000   0.00417   0.00417   0.00000   0.00388   0.00000   0.00596   0.00468   0.00421   0.00380   0.00726   0.01292   0.01001   0.00000   0.01036   0.00000   0.01482   0.00000   0.00434   0.01579   0.00621   0.01307   0.03053   2.33787   1.80570  -0.67570   0.00000  
 51 3941.6822   3679.313416  x:  0.00939   0.00960   0.00159   0.00153   0.00000   0.00000   0.00109   0.00000   0.00420   0.00424   0.00000   0.00386   0.00000   0.00596   0.00471   0.00410   0.00376   0.00711   0.01339   0.01051   0.00000   0.01009   0.00000   0.01534   0.00000   0.00556   0.01530   0.00627   0.01266   0.03018   2.33959   1.80980  -0.67974   0.00000  
 52 477.4322   3679.265131  x:  0.00946   0.00886   0.00163   0.00153   0.00000   0.00000   0.00110   0.00000   0.00417   0.00427   0.00000   0.00386   0.00000   0.00595   0.00478   0.00413   0.00377   0.00680   0.01391   0.01052   0.00000   0.01018   0.00000   0.01560   0.00000   0.00507   0.01489   0.00634   0.01240   0.03003   2.34029   1.81144  -0.68136   0.00000  
 53 159.2378   3679.151749  x:  0.00953   0.00882   0.00162   0.00151   0.00000   0.00000   0.00109   0.00000   0.00421   0.00424   0.00000   0.00387   0.00000   0.00595   0.00471   0.00410   0.00377   0.00755   0.01457   0.00933   0.00000   0.00995   0.00000   0.01534   0.00000   0.00518   0.01446   0.00641   0.01173   0.03010   2.34302   1.81795  -0.68778   0.00000  
 54 76.2206   3672.943024  x:  0.00965   0.00942   0.00229   0.00275   0.00000   0.00000   0.00150   0.00000   0.00407   0.00356   0.00000   0.00347   0.00000   0.00594   0.00613   0.00384   0.00340   0.00776   0.01459   0.01121   0.00000   0.00972   0.00000   0.01605   0.00000   0.00475   0.01879   0.00653   0.00685   0.03422   2.51487   2.22666  -1.09069   0.00000  
 55 659.6146   3671.109950  x:  0.00994   0.00865   0.00248   0.00307   0.00000   0.00000   0.00159   0.00000   0.00408   0.00324   0.00000   0.00340   0.00000   0.00591   0.00606   0.00394   0.00344   0.00787   0.01300   0.01086   0.00000   0.00762   0.00000   0.01480   0.00000   0.00472   0.01422   0.00682   0.01203   0.03574   2.56668   2.34973  -1.21201   0.00000  
 56 7985.0751   3670.994370  x:  0.01001   0.00841   0.00245   0.00301   0.00000   0.00000   0.00156   0.00000   0.00406   0.00320   0.00000   0.00346   0.00000   0.00590   0.00579   0.00404   0.00354   0.00761   0.01169   0.01066   0.00000   0.00826   0.00000   0.01427   0.00000   0.00480   0.01328   0.00689   0.01149   0.03607   2.56961   2.35655  -1.21873   0.00000  
 57 633.3434   3668.677363  x:  0.00973   0.00806   0.00194   0.00305   0.00000   0.00000   0.00147   0.00000   0.00415   0.00276   0.00000   0.00365   0.00000   0.00587   0.00426   0.00433   0.00389   0.00707   0.01245   0.01109   0.00000   0.00711   0.00000   0.01067   0.00000   0.00457   0.01355   0.00665   0.01071   0.03570   3.80214   2.29928  -1.10130   0.00000  
 58  3.6213   3668.642934  x:  0.00973   0.00807   0.00195   0.00305   0.00000   0.00000   0.00147   0.00000   0.00414   0.00277   0.00000   0.00365   0.00000   0.00587   0.00430   0.00432   0.00388   0.00709   0.01243   0.01108   0.00000   0.00714   0.00000   0.01076   0.00000   0.00458   0.01355   0.00665   0.01073   0.03571   3.77073   2.30075  -1.10429   0.00205  
 59 536.9573   3667.864414  x:  0.00787   0.00727   0.00143   0.00268   0.00000   0.00000   0.00132   0.00000   0.00432   0.00284   0.00000   0.00420   0.00000   0.00586   0.00370   0.00450   0.00433   0.00703   0.01348   0.01147   0.00000   0.00839   0.00000   0.01000   0.00000   0.00426   0.01528   0.00491   0.01108   0.03789   3.62902   2.54263  -1.13222   0.00695  
 60  0.2446   3667.293926  x:  0.00764   0.00694   0.00132   0.00287   0.00000   0.00000   0.00140   0.00000   0.00449   0.00286   0.00000   0.00472   0.00000   0.00556   0.00469   0.00442   0.00465   0.00764   0.01287   0.01199   0.00000   0.00622   0.00000   0.01014   0.00000   0.00414   0.01527   0.00471   0.01051   0.03767   3.49392   2.91095  -1.14546   0.01273  
 61  0.2891   3666.817216  x:  0.00822   0.00824   0.00110   0.00299   0.00000   0.00000   0.00149   0.00000   0.00451   0.00279   0.00000   0.00494   0.00000   0.00507   0.00553   0.00425   0.00465   0.00764   0.01335   0.01216   0.00000   0.00789   0.00000   0.00974   0.00000   0.00440   0.01460   0.00523   0.01059   0.03615   3.52637   3.35801  -1.13350   0.01734  
 62  0.3767   3666.144738  x:  0.00845   0.00755   0.00113   0.00363   0.00000   0.00000   0.00154   0.00000   0.00435   0.00273   0.00000   0.00478   0.00000   0.00416   0.00417   0.00464   0.00455   0.00674   0.01270   0.01167   0.00000   0.00717   0.00000   0.01132   0.00000   0.00463   0.01352   0.00533   0.00961   0.03494   3.74585   4.08469  -1.01982   0.01764  
 63  0.3851   3665.680997  x:  0.00811   0.00708   0.00142   0.00362   0.00000   0.00000   0.00156   0.00000   0.00423   0.00274   0.00000   0.00425   0.00000   0.00323   0.00455   0.00439   0.00422   0.00719   0.01276   0.01136   0.00000   0.00732   0.00000   0.00954   0.00000   0.00421   0.01491   0.00484   0.01043   0.03648   3.81106   4.86265  -0.92620   0.01984  
 64  0.4556   3665.561630  x:  0.00814   0.00782   0.00123   0.00331   0.00000   0.00000   0.00146   0.00000   0.00428   0.00291   0.00000   0.00419   0.00000   0.00280   0.00444   0.00429   0.00421   0.00716   0.01309   0.01144   0.00000   0.00718   0.00000   0.01036   0.00000   0.00426   0.01486   0.00474   0.01057   0.03763   3.78289   5.20489  -0.87434   0.01975  
 65  0.3294   3665.511680  x:  0.00835   0.00752   0.00132   0.00322   0.00000   0.00000   0.00145   0.00000   0.00436   0.00300   0.00000   0.00427   0.00000   0.00256   0.00434   0.00431   0.00430   0.00743   0.01303   0.01161   0.00000   0.00733   0.00000   0.01029   0.00000   0.00442   0.01461   0.00483   0.01046   0.03672   3.71577   5.39815  -0.83836   0.01881  
 66  0.1748   3665.499444  x:  0.00836   0.00750   0.00133   0.00311   0.00000   0.00000   0.00144   0.00000   0.00436   0.00298   0.00000   0.00437   0.00000   0.00255   0.00434   0.00436   0.00436   0.00729   0.01296   0.01165   0.00000   0.00730   0.00000   0.01018   0.00000   0.00434   0.01456   0.00475   0.01039   0.03657   3.65020   5.47611  -0.83975   0.01949  
 67  0.0882   3665.491180  x:  0.00837   0.00753   0.00137   0.00302   0.00000   0.00000   0.00145   0.00000   0.00435   0.00292   0.00000   0.00441   0.00000   0.00264   0.00444   0.00441   0.00439   0.00720   0.01296   0.01167   0.00000   0.00731   0.00000   0.01020   0.00000   0.00431   0.01463   0.00464   0.01043   0.03667   3.63115   5.48527  -0.83194   0.01889  
 68  0.0175   3665.467332  x:  0.00868   0.00755   0.00144   0.00301   0.00000   0.00000   0.00148   0.00000   0.00432   0.00267   0.00000   0.00439   0.00000   0.00266   0.00437   0.00440   0.00437   0.00735   0.01321   0.01171   0.00000   0.00718   0.00000   0.01019   0.00000   0.00450   0.01462   0.00423   0.01055   0.03687   3.64371   5.87500  -0.77302   0.01945  
 69  0.0857   3665.433731  x:  0.00951   0.00748   0.00135   0.00294   0.00000   0.00000   0.00143   0.00000   0.00433   0.00262   0.00000   0.00429   0.00000   0.00271   0.00431   0.00431   0.00433   0.00731   0.01305   0.01175   0.00000   0.00729   0.00000   0.01027   0.00000   0.00415   0.01456   0.00381   0.01034   0.03647   3.69151   6.47968  -0.67136   0.01963  
 70  0.2166   3665.399059  x:  0.01026   0.00745   0.00132   0.00299   0.00000   0.00000   0.00139   0.00000   0.00440   0.00281   0.00000   0.00429   0.00000   0.00287   0.00441   0.00442   0.00438   0.00732   0.01281   0.01172   0.00000   0.00744   0.00000   0.01042   0.00000   0.00451   0.01476   0.00285   0.01033   0.03635   3.68148   7.21352  -0.54938   0.02010  
 71  0.3042   3665.378025  x:  0.01111   0.00761   0.00133   0.00307   0.00000   0.00000   0.00141   0.00000   0.00437   0.00291   0.00000   0.00433   0.00000   0.00296   0.00433   0.00440   0.00436   0.00728   0.01302   0.01161   0.00000   0.00722   0.00000   0.01004   0.00000   0.00441   0.01454   0.00205   0.01043   0.03673   3.66148   7.88858  -0.43259   0.01986  
 72  0.4306   3665.370919  x:  0.01173   0.00750   0.00139   0.00312   0.00000   0.00000   0.00144   0.00000   0.00435   0.00294   0.00000   0.00436   0.00000   0.00294   0.00441   0.00438   0.00436   0.00730   0.01309   0.01164   0.00000   0.00729   0.00000   0.01026   0.00000   0.00429   0.01459   0.00142   0.01049   0.03677   3.66043   8.42472  -0.34442   0.02007  
 73  0.4666   3665.364565  x:  0.01302   0.00751   0.00135   0.00307   0.00000   0.00000   0.00146   0.00000   0.00432   0.00294   0.00000   0.00437   0.00000   0.00289   0.00434   0.00434   0.00434   0.00725   0.01291   0.01168   0.00000   0.00730   0.00000   0.01022   0.00000   0.00436   0.01474   0.00016   0.01036   0.03665   3.66351   9.42683  -0.17532   0.01995  
 74  0.4265   3665.363837  x:  0.01318   0.00751   0.00135   0.00307   0.00000   0.00000   0.00146   0.00000   0.00433   0.00293   0.00000   0.00437   0.00000   0.00289   0.00435   0.00435   0.00434   0.00726   0.01293   0.01168   0.00000   0.00730   0.00000   0.01022   0.00000   0.00436   0.01472   0.00000   0.01037   0.03666   3.66331   9.53525  -0.15726   0.01995  
 75  0.4349   3665.363837  x:  0.01318   0.00751   0.00135   0.00307   0.00000   0.00000   0.00146   0.00000   0.00433   0.00293   0.00000   0.00437   0.00000   0.00289   0.00435   0.00435   0.00434   0.00726   0.01293   0.01168   0.00000   0.00730   0.00000   0.01022   0.00000   0.00436   0.01472   0.00000   0.01037   0.03666   3.66330   9.53649  -0.15705   0.01995  
 76 83.8160   3665.360128  x:  0.01316   0.00754   0.00135   0.00309   0.00000   0.00000   0.00145   0.00000   0.00436   0.00288   0.00000   0.00434   0.00000   0.00290   0.00439   0.00439   0.00436   0.00729   0.01303   0.01163   0.00000   0.00727   0.00000   0.01022   0.00000   0.00433   0.01458   0.00000   0.01046   0.03667   3.66203  11.35083   0.14572   0.01999  
 77  0.7609   3665.359959  x:  0.01309   0.00753   0.00135   0.00310   0.00000   0.00000   0.00145   0.00000   0.00436   0.00288   0.00000   0.00435   0.00000   0.00290   0.00439   0.00439   0.00436   0.00729   0.01302   0.01164   0.00000   0.00728   0.00000   0.01022   0.00000   0.00434   0.01459   0.00000   0.01045   0.03668   3.66077  11.47122   0.16617   0.01998  
 78  0.2541   3665.359745  x:  0.01297   0.00752   0.00136   0.00310   0.00000   0.00000   0.00146   0.00000   0.00436   0.00290   0.00000   0.00436   0.00000   0.00290   0.00439   0.00438   0.00436   0.00729   0.01301   0.01166   0.00000   0.00730   0.00000   0.01022   0.00000   0.00436   0.01462   0.00018   0.01043   0.03668   3.65852  11.68466   0.20244   0.01996  
 79 3139.3578   3665.359400  x:  0.01315   0.00751   0.00134   0.00308   0.00000   0.00000   0.00145   0.00000   0.00435   0.00291   0.00000   0.00436   0.00000   0.00289   0.00437   0.00437   0.00435   0.00728   0.01302   0.01166   0.00000   0.00730   0.00000   0.01021   0.00000   0.00436   0.01462   0.00000   0.01041   0.03670   3.65946  12.31445   0.30764   0.01998  
 80  0.3762   3665.359282  x:  0.01310   0.00752   0.00135   0.00309   0.00000   0.00000   0.00145   0.00000   0.00435   0.00290   0.00000   0.00436   0.00000   0.00289   0.00437   0.00438   0.00435   0.00728   0.01301   0.01166   0.00000   0.00729   0.00000   0.01021   0.00000   0.00435   0.01463   0.00000   0.01042   0.03668   3.66029  12.78022   0.38581   0.01998  
 81  0.4525   3665.359182  x:  0.01303   0.00754   0.00136   0.00309   0.00000   0.00000   0.00145   0.00000   0.00434   0.00290   0.00000   0.00436   0.00000   0.00290   0.00437   0.00438   0.00435   0.00728   0.01299   0.01166   0.00000   0.00729   0.00000   0.01022   0.00000   0.00434   0.01465   0.00010   0.01042   0.03666   3.66143  13.41085   0.49165   0.01997  
 82 15124.9760   3665.359082  x:  0.01310   0.00753   0.00135   0.00309   0.00000   0.00000   0.00144   0.00000   0.00435   0.00290   0.00000   0.00435   0.00000   0.00289   0.00437   0.00437   0.00435   0.00728   0.01300   0.01166   0.00000   0.00729   0.00000   0.01022   0.00000   0.00434   0.01463   0.00006   0.01042   0.03667   3.66188  13.85715   0.56628   0.01997  
 83  0.4042   3665.359040  x:  0.01309   0.00751   0.00135   0.00308   0.00000   0.00000   0.00144   0.00000   0.00435   0.00290   0.00000   0.00435   0.00000   0.00289   0.00438   0.00437   0.00435   0.00728   0.01301   0.01166   0.00000   0.00729   0.00000   0.01022   0.00000   0.00435   0.01462   0.00005   0.01042   0.03669   3.66111  14.32638   0.64486   0.01997  
 84  0.3400   3665.359039  x:  0.01310   0.00751   0.00135   0.00308   0.00000   0.00000   0.00144   0.00000   0.00435   0.00290   0.00000   0.00435   0.00000   0.00289   0.00438   0.00437   0.00435   0.00728   0.01301   0.01166   0.00000   0.00729   0.00000   0.01022   0.00000   0.00435   0.01461   0.00004   0.01042   0.03669   3.66109  14.35248   0.64922   0.01997  
 85  0.4333   3665.359026  x:  0.01309   0.00751   0.00135   0.00308   0.00000   0.00000   0.00144   0.00000   0.00435   0.00290   0.00000   0.00435   0.00000   0.00289   0.00437   0.00438   0.00435   0.00729   0.01301   0.01166   0.00000   0.00729   0.00000   0.01022   0.00000   0.00435   0.01461   0.00004   0.01042   0.03669   3.66069  14.96423   0.75167   0.01998  
 86  1.3565   3665.358997  x:  0.01308   0.00753   0.00134   0.00308   0.00000   0.00000   0.00144   0.00000   0.00435   0.00290   0.00000   0.00435   0.00000   0.00289   0.00437   0.00438   0.00435   0.00729   0.01301   0.01166   0.00000   0.00729   0.00000   0.01021   0.00000   0.00434   0.01463   0.00005   0.01042   0.03668   3.66130  15.87352   0.90409   0.01998  
 87  0.5658   3665.358991  x:  0.01307   0.00752   0.00134   0.00308   0.00000   0.00000   0.00144   0.00000   0.00435   0.00290   0.00000   0.00435   0.00000   0.00289   0.00437   0.00438   0.00435   0.00729   0.01301   0.01166   0.00000   0.00729   0.00000   0.01021   0.00000   0.00435   0.01462   0.00006   0.01042   0.03668   3.66095  15.99134   0.92385   0.01998  
 88  0.1487   3665.358991  x:  0.01307   0.00752   0.00134   0.00308   0.00000   0.00000   0.00144   0.00000   0.00435   0.00290   0.00000   0.00435   0.00000   0.00289   0.00437   0.00438   0.00435   0.00729   0.01301   0.01166   0.00000   0.00729   0.00000   0.01021   0.00000   0.00435   0.01462   0.00006   0.01042   0.03668   3.66099  15.99364   0.92423   0.01998  
 89  0.0086   3665.358988  x:  0.01305   0.00752   0.00135   0.00308   0.00000   0.00000   0.00144   0.00000   0.00435   0.00290   0.00000   0.00435   0.00000   0.00289   0.00437   0.00438   0.00435   0.00729   0.01301   0.01166   0.00000   0.00729   0.00000   0.01021   0.00000   0.00435   0.01462   0.00008   0.01042   0.03668   3.66086  16.12515   0.94629   0.01998  
 90  0.0167   3665.358988  x:  0.01306   0.00752   0.00135   0.00308   0.00000   0.00000   0.00144   0.00000   0.00435   0.00290   0.00000   0.00435   0.00000   0.00289   0.00437   0.00438   0.00435   0.00729   0.01301   0.01166   0.00000   0.00729   0.00000   0.01021   0.00000   0.00435   0.01462   0.00007   0.01042   0.03668   3.66091  16.10147   0.94232   0.01998  
 91  0.7525   3665.358982  x:  0.01306   0.00753   0.00135   0.00308   0.00000   0.00000   0.00144   0.00000   0.00435   0.00290   0.00000   0.00435   0.00000   0.00289   0.00437   0.00438   0.00435   0.00728   0.01301   0.01166   0.00000   0.00729   0.00000   0.01021   0.00000   0.00435   0.01463   0.00008   0.01042   0.03668   3.66116  16.20268   0.95931   0.01998  
 92  0.0564   3665.358973  x:  0.01306   0.00752   0.00135   0.00309   0.00000   0.00000   0.00144   0.00000   0.00435   0.00290   0.00000   0.00435   0.00000   0.00289   0.00438   0.00437   0.00435   0.00728   0.01301   0.01166   0.00000   0.00729   0.00000   0.01022   0.00000   0.00435   0.01462   0.00008   0.01042   0.03668   3.66088  16.45198   1.00115   0.01997  
 93  0.0388   3665.358968  x:  0.01306   0.00752   0.00135   0.00309   0.00000   0.00000   0.00145   0.00000   0.00435   0.00290   0.00000   0.00435   0.00000   0.00289   0.00438   0.00437   0.00435   0.00728   0.01300   0.01166   0.00000   0.00729   0.00000   0.01022   0.00000   0.00435   0.01462   0.00009   0.01042   0.03668   3.66090  16.92168   1.07995   0.01997  
 94  0.3308   3665.358967  x:  0.01305   0.00752   0.00135   0.00309   0.00000   0.00000   0.00145   0.00000   0.00435   0.00290   0.00000   0.00435   0.00000   0.00290   0.00438   0.00438   0.00435   0.00728   0.01300   0.01166   0.00000   0.00729   0.00000   0.01022   0.00000   0.00435   0.01462   0.00009   0.01042   0.03668   3.66095  17.34248   1.15051   0.01997  
 95  0.4014   3665.358966  x:  0.01305   0.00752   0.00135   0.00309   0.00000   0.00000   0.00145   0.00000   0.00435   0.00290   0.00000   0.00435   0.00000   0.00290   0.00438   0.00438   0.00435   0.00728   0.01300   0.01166   0.00000   0.00729   0.00000   0.01022   0.00000   0.00435   0.01462   0.00010   0.01042   0.03668   3.66099  17.76328   1.22105   0.01997  
 96  0.5767   3665.358965  x:  0.01305   0.00752   0.00135   0.00309   0.00000   0.00000   0.00145   0.00000   0.00435   0.00290   0.00000   0.00435   0.00000   0.00290   0.00438   0.00438   0.00435   0.00728   0.01301   0.01166   0.00000   0.00729   0.00000   0.01022   0.00000   0.00435   0.01462   0.00010   0.01042   0.03668   3.66102  18.25082   1.30277   0.01997  
 97  0.5392   3665.358964  x:  0.01304   0.00752   0.00135   0.00309   0.00000   0.00000   0.00145   0.00000   0.00435   0.00290   0.00000   0.00435   0.00000   0.00290   0.00438   0.00438   0.00435   0.00729   0.01301   0.01166   0.00000   0.00729   0.00000   0.01022   0.00000   0.00435   0.01462   0.00011   0.01042   0.03668   3.66107  19.37036   1.49040   0.01998  
 98  0.4030   3665.358961  x:  0.01303   0.00752   0.00135   0.00309   0.00000   0.00000   0.00145   0.00000   0.00435   0.00290   0.00000   0.00435   0.00000   0.00290   0.00438   0.00438   0.00435   0.00728   0.01300   0.01166   0.00000   0.00729   0.00000   0.01022   0.00000   0.00435   0.01462   0.00011   0.01042   0.03668   3.66101  20.30694   1.64738   0.01997  
 99  0.1651   3665.358961  x:  0.01303   0.00752   0.00135   0.00309   0.00000   0.00000   0.00145   0.00000   0.00435   0.00290   0.00000   0.00435   0.00000   0.00290   0.00438   0.00438   0.00435   0.00728   0.01300   0.01166   0.00000   0.00729   0.00000   0.01022   0.00000   0.00435   0.01462   0.00011   0.01042   0.03668   3.66102  20.35298   1.65510   0.01997  
100  0.1175   3665.358961  x:  0.01303   0.00752   0.00135   0.00309   0.00000   0.00000   0.00145   0.00000   0.00435   0.00290   0.00000   0.00435   0.00000   0.00290   0.00438   0.00438   0.00435   0.00728   0.01300   0.01166   0.00000   0.00729   0.00000   0.01022   0.00000   0.00435   0.01462   0.00011   0.01042   0.03668   3.66102  20.43285   1.66848   0.01997  
101  0.4117   3665.358961  x:  0.01303   0.00752   0.00135   0.00309   0.00000   0.00000   0.00145   0.00000   0.00435   0.00290   0.00000   0.00435   0.00000   0.00290   0.00438   0.00438   0.00435   0.00728   0.01300   0.01166   0.00000   0.00729   0.00000   0.01022   0.00000   0.00435   0.01462   0.00011   0.01042   0.03668   3.66102  20.51210   1.68177   0.01997  
102  0.6342   3665.358961  x:  0.01303   0.00752   0.00135   0.00309   0.00000   0.00000   0.00145   0.00000   0.00435   0.00290   0.00000   0.00435   0.00000   0.00290   0.00438   0.00438   0.00435   0.00728   0.01301   0.01166   0.00000   0.00729   0.00000   0.01022   0.00000   0.00435   0.01462   0.00011   0.01042   0.03668   3.66102  20.56690   1.69095   0.01997  
103  0.7602   3665.358961  x:  0.01303   0.00752   0.00135   0.00309   0.00000   0.00000   0.00145   0.00000   0.00435   0.00290   0.00000   0.00435   0.00000   0.00290   0.00438   0.00438   0.00435   0.00728   0.01301   0.01166   0.00000   0.00729   0.00000   0.01022   0.00000   0.00435   0.01462   0.00012   0.01042   0.03668   3.66102  20.63819   1.70290   0.01997  
104  0.9054   3665.358961  x:  0.01303   0.00752   0.00135   0.00309   0.00000   0.00000   0.00145   0.00000   0.00435   0.00290   0.00000   0.00435   0.00000   0.00290   0.00438   0.00438   0.00435   0.00728   0.01301   0.01166   0.00000   0.00729   0.00000   0.01022   0.00000   0.00435   0.01462   0.00012   0.01042   0.03668   3.66102  20.70079   1.71339   0.01997  
105  0.9742   3665.358961  x:  0.01303   0.00752   0.00135   0.00309   0.00000   0.00000   0.00145   0.00000   0.00435   0.00290   0.00000   0.00435   0.00000   0.00290   0.00438   0.00438   0.00435   0.00728   0.01301   0.01166   0.00000   0.00729   0.00000   0.01022   0.00000   0.00435   0.01462   0.00012   0.01042   0.03668   3.66102  20.82169   1.73366   0.01997  
106  1.1911   3665.358960  x:  0.01302   0.00752   0.00135   0.00309   0.00000   0.00000   0.00145   0.00000   0.00435   0.00290   0.00000   0.00435   0.00000   0.00289   0.00438   0.00438   0.00435   0.00728   0.01301   0.01166   0.00000   0.00729   0.00000   0.01022   0.00000   0.00435   0.01462   0.00013   0.01042   0.03668   3.66102  22.56141   2.02524   0.01998  
107  6.3459   3665.358960  x:  0.01302   0.00752   0.00135   0.00309   0.00000   0.00000   0.00145   0.00000   0.00435   0.00290   0.00000   0.00435   0.00000   0.00290   0.00438   0.00438   0.00435   0.00728   0.01301   0.01166   0.00000   0.00729   0.00000   0.01022   0.00000   0.00435   0.01462   0.00013   0.01042   0.03668   3.66102  22.42370   2.00217   0.01997  
108  0.0472   3665.358960  x:  0.01302   0.00752   0.00135   0.00309   0.00000   0.00000   0.00145   0.00000   0.00435   0.00290   0.00000   0.00435   0.00000   0.00289   0.00438   0.00438   0.00435   0.00728   0.01301   0.01166   0.00000   0.00729   0.00000   0.01022   0.00000   0.00435   0.01462   0.00013   0.01042   0.03668   3.66102  23.03383   2.10443   0.01997  
109  0.2902   3665.358960  x:  0.01302   0.00752   0.00135   0.00309   0.00000   0.00000   0.00145   0.00000   0.00435   0.00290   0.00000   0.00435   0.00000   0.00289   0.00438   0.00438   0.00435   0.00728   0.01301   0.01166   0.00000   0.00729   0.00000   0.01022   0.00000   0.00435   0.01462   0.00013   0.01042   0.03668   3.66102  22.97073   2.09385   0.01997  
110  0.0949   3665.358960  x:  0.01302   0.00752   0.00135   0.00309   0.00000   0.00000   0.00145   0.00000   0.00435   0.00290   0.00000   0.00435   0.00000   0.00289   0.00438   0.00438   0.00435   0.00728   0.01301   0.01166   0.00000   0.00729   0.00000   0.01022   0.00000   0.00435   0.01462   0.00013   0.01042   0.03668   3.66102  23.06029   2.10886   0.01997  
111  0.0882   3665.358960  x:  0.01301   0.00752   0.00135   0.00309   0.00000   0.00000   0.00145   0.00000   0.00435   0.00290   0.00000   0.00435   0.00000   0.00290   0.00438   0.00438   0.00435   0.00728   0.01301   0.01166   0.00000   0.00729   0.00000   0.01022   0.00000   0.00435   0.01462   0.00013   0.01042   0.03668   3.66102  23.68540   2.21364   0.01997  
112  0.2416   3665.358960  x:  0.01300   0.00752   0.00135   0.00309   0.00000   0.00000   0.00145   0.00000   0.00435   0.00290   0.00000   0.00435   0.00000   0.00289   0.00438   0.00438   0.00435   0.00728   0.01301   0.01166   0.00000   0.00729   0.00000   0.01022   0.00000   0.00435   0.01462   0.00015   0.01042   0.03668   3.66102  26.03119   2.60682   0.01997  
113  0.3872   3665.358960  x:  0.01300   0.00752   0.00135   0.00309   0.00000   0.00000   0.00145   0.00000   0.00435   0.00290   0.00000   0.00435   0.00000   0.00289   0.00438   0.00438   0.00435   0.00728   0.01301   0.01166   0.00000   0.00729   0.00000   0.01022   0.00000   0.00435   0.01462   0.00015   0.01042   0.03668   3.66102  26.03119   2.60682   0.01997  
114  0.0568   3665.358960  x:  0.01300   0.00752   0.00135   0.00309   0.00000   0.00000   0.00145   0.00000   0.00435   0.00290   0.00000   0.00435   0.00000   0.00289   0.00438   0.00438   0.00435   0.00728   0.01301   0.01166   0.00000   0.00729   0.00000   0.01022   0.00000   0.00435   0.01462   0.00015   0.01042   0.03668   3.66102  26.03119   2.60682   0.01997  
115  0.0127   3665.358960  x:  0.01300   0.00752   0.00135   0.00309   0.00000   0.00000   0.00145   0.00000   0.00435   0.00290   0.00000   0.00435   0.00000   0.00289   0.00438   0.00438   0.00435   0.00728   0.01301   0.01166   0.00000   0.00729   0.00000   0.01022   0.00000   0.00435   0.01462   0.00015   0.01042   0.03668   3.66102  26.03119   2.60682   0.01997  
116  0.0088   3665.358960  x:  0.01300   0.00752   0.00135   0.00309   0.00000   0.00000   0.00145   0.00000   0.00435   0.00290   0.00000   0.00435   0.00000   0.00289   0.00438   0.00438   0.00435   0.00728   0.01301   0.01166   0.00000   0.00729   0.00000   0.01022   0.00000   0.00435   0.01462   0.00015   0.01042   0.03668   3.66102  26.03119   2.60682   0.01997  
check convergence!
