

TREE # 1

  0  0.0000    212.736905  x:  0.00000   0.01412   0.05790   0.01878   0.06728   0.06642   0.03264   0.03864   0.06589   0.01917   0.04956   0.02477   0.02326   0.01587   0.02793   0.05930   0.05476   0.02545   0.04816   0.03313   0.07002   0.03560   0.01245   0.02794   0.00906   0.06764   0.05804   0.04088   0.07363   0.02214   2.00000   1.09989   0.02896   0.27919   2.57308  
  1 99.0000    212.736220  x:  0.00000   0.01411   0.05790   0.01878   0.06728   0.06642   0.03264   0.03863   0.06589   0.01917   0.04956   0.02477   0.02326   0.01587   0.02793   0.05930   0.05476   0.02545   0.04816   0.03313   0.07002   0.03560   0.01245   0.02794   0.00906   0.06764   0.05804   0.04088   0.07363   0.02214   2.00000   1.09989   0.02896   0.27919   2.57308  
  2 163.4260    205.030347  x:  0.00000   0.00465   0.04851   0.00931   0.05792   0.05706   0.02248   0.02921   0.05652   0.00970   0.04015   0.01530   0.01379   0.00676   0.03201   0.05013   0.04537   0.01598   0.03875   0.02368   0.06067   0.02617   0.00318   0.03282   0.00000   0.05838   0.06074   0.03212   0.06478   0.03762   2.00001   1.09926   0.02964   0.26727   2.57307  
  3 1792.4568    202.239942  x:  0.00000   0.00122   0.04508   0.00586   0.05449   0.05364   0.01844   0.02577   0.05310   0.00624   0.03671   0.01185   0.01033   0.00360   0.03177   0.04696   0.04194   0.01253   0.03531   0.02023   0.05726   0.02273   0.00000   0.03263   0.00000   0.05510   0.06236   0.02932   0.06202   0.03770   1.99974   1.09833   0.03062   0.25304   2.57306  
  4 420.2766    201.297651  x:  0.00000   0.00000   0.04388   0.00463   0.05331   0.05246   0.01676   0.02456   0.05191   0.00501   0.03551   0.01063   0.00911   0.00248   0.03227   0.04583   0.04075   0.01130   0.03410   0.01901   0.05608   0.02152   0.00000   0.03290   0.00000   0.05399   0.06083   0.02843   0.06116   0.03767   1.99962   1.09804   0.03093   0.24806   2.57306  
  5 1329.3267    199.515637  x:  0.00000   0.00000   0.04157   0.00212   0.05104   0.05020   0.01153   0.02215   0.04965   0.00250   0.03316   0.00814   0.00662   0.00000   0.02952   0.04346   0.03842   0.00882   0.03173   0.01657   0.05386   0.01912   0.00000   0.03176   0.00000   0.05208   0.05858   0.02723   0.06013   0.03930   1.99931   1.09788   0.03106   0.24024   2.57307  
  6 490.7294    198.097592  x:  0.00000   0.00000   0.03967   0.00000   0.04919   0.04835   0.00663   0.02015   0.04779   0.00039   0.03121   0.00606   0.00455   0.00000   0.02932   0.04145   0.03651   0.00675   0.02978   0.01454   0.05206   0.01714   0.00000   0.03147   0.00000   0.05057   0.05804   0.02637   0.05945   0.03981   1.99904   1.09785   0.03106   0.23440   2.57309  
  7 1631.8770    197.853974  x:  0.00000   0.00000   0.03932   0.00000   0.04885   0.04801   0.00595   0.01979   0.04745   0.00000   0.03085   0.00568   0.00417   0.00000   0.02972   0.04102   0.03616   0.00637   0.02942   0.01416   0.05173   0.01677   0.00000   0.03049   0.00000   0.05028   0.05790   0.02619   0.05931   0.04009   1.99898   1.09788   0.03103   0.23324   2.57308  
  8 418.9915    195.388157  x:  0.00000   0.00000   0.03543   0.00000   0.04508   0.04427   0.00664   0.01576   0.04368   0.00000   0.02692   0.00151   0.00000   0.00000   0.02964   0.03336   0.03229   0.00221   0.02546   0.01000   0.04794   0.01269   0.00000   0.03050   0.00000   0.04688   0.05712   0.02308   0.05668   0.04123   1.99777   1.09964   0.02979   0.21867   2.57286  
  9 92.6475    194.544797  x:  0.00000   0.00000   0.03402   0.00000   0.04372   0.04292   0.00682   0.01430   0.04231   0.00000   0.02550   0.00000   0.00000   0.00000   0.02961   0.03060   0.03090   0.00071   0.02404   0.00850   0.04657   0.01122   0.00000   0.03050   0.00000   0.04565   0.05684   0.02196   0.05574   0.04164   1.99734   1.10027   0.02934   0.21336   2.57278  
 10 400636.3374    194.169931  x:  0.00000   0.00000   0.03336   0.00000   0.04308   0.04229   0.00692   0.01362   0.04167   0.00000   0.02484   0.00000   0.00000   0.00000   0.02959   0.02928   0.03024   0.00000   0.02336   0.00779   0.04592   0.01053   0.00000   0.03050   0.00000   0.04507   0.05670   0.02144   0.05530   0.04184   1.99712   1.10059   0.02912   0.21067   2.57274  
 11 2491.1983    190.324977  x:  0.00000   0.00000   0.02612   0.00000   0.03608   0.03535   0.00756   0.00613   0.03467   0.00000   0.01751   0.00000   0.00000   0.00000   0.02946   0.01500   0.02304   0.00000   0.01599   0.00000   0.03889   0.00290   0.00000   0.03052   0.00000   0.03877   0.05532   0.01561   0.05041   0.04389   1.99485   1.10410   0.02657   0.18405   2.57233  
 12 1218.4051    188.916955  x:  0.00000   0.00000   0.02334   0.00000   0.03339   0.03270   0.00771   0.00327   0.03198   0.00000   0.01472   0.00000   0.00000   0.00000   0.02940   0.00896   0.02030   0.00000   0.01318   0.00000   0.03618   0.00000   0.00000   0.03053   0.00000   0.03636   0.05465   0.01352   0.04869   0.04489   1.99363   1.10602   0.02517   0.17069   2.57211  
 13 209.2967    187.377954  x:  0.00000   0.00000   0.02009   0.00000   0.03020   0.02954   0.00798   0.00000   0.02877   0.00000   0.01148   0.00000   0.00000   0.00000   0.02933   0.00219   0.01710   0.00000   0.00993   0.00000   0.03294   0.00000   0.00000   0.03054   0.00000   0.03345   0.05379   0.01104   0.04654   0.04614   1.99213   1.10801   0.02385   0.15411   2.57184  
 14 3027.4780    186.915573  x:  0.00000   0.00000   0.01904   0.00000   0.02916   0.02853   0.00807   0.00000   0.02774   0.00000   0.01045   0.00000   0.00000   0.00000   0.02930   0.00000   0.01608   0.00000   0.00889   0.00000   0.03189   0.00000   0.00000   0.03055   0.00000   0.03250   0.05348   0.01028   0.04584   0.04658   1.99161   1.10857   0.02353   0.14827   2.57174  
 15 1658.5669    183.652070  x:  0.00000   0.00000   0.01018   0.00000   0.02052   0.01999   0.00876   0.00000   0.01907   0.00000   0.00160   0.00000   0.00000   0.00000   0.02914   0.00000   0.00736   0.00000   0.00000   0.00000   0.02311   0.00000   0.00000   0.03058   0.00000   0.02461   0.05127   0.00350   0.03999   0.04984   1.98763   1.11425   0.01965   0.10492   2.57099  
 16 1531.7845    182.913612  x:  0.00000   0.00000   0.00837   0.00000   0.01851   0.01800   0.00767   0.00000   0.01707   0.00000   0.00000   0.00000   0.00000   0.00000   0.02909   0.00000   0.00567   0.00000   0.00000   0.00000   0.02098   0.00000   0.00000   0.03058   0.00000   0.02248   0.05042   0.00234   0.03837   0.05103   1.98624   1.11477   0.01989   0.08916   2.57068  
 17 93.3599    181.615108  x:  0.00000   0.00000   0.00491   0.00000   0.01441   0.01392   0.00678   0.00000   0.01301   0.00000   0.00000   0.00000   0.00000   0.00000   0.02896   0.00000   0.00244   0.00000   0.00000   0.00000   0.01671   0.00000   0.00000   0.03057   0.00000   0.01789   0.04893   0.00000   0.03380   0.05285   1.98478   1.10861   0.02724   0.06912   2.57022  
 18 181.2179    180.707214  x:  0.00000   0.00000   0.00230   0.00000   0.01137   0.01088   0.00616   0.00000   0.00999   0.00000   0.00000   0.00000   0.00000   0.00000   0.02887   0.00000   0.00000   0.00000   0.00000   0.00000   0.01353   0.00000   0.00000   0.03056   0.00000   0.01451   0.04777   0.00000   0.03047   0.05426   1.98363   1.10381   0.03297   0.05355   2.56987  
 19 22694.4443    179.970225  x:  0.00000   0.00000   0.00000   0.00000   0.00866   0.00819   0.00560   0.00000   0.00731   0.00000   0.00000   0.00000   0.00000   0.00000   0.02878   0.00000   0.00000   0.00000   0.00000   0.00000   0.01070   0.00000   0.00000   0.03055   0.00000   0.01150   0.04672   0.00000   0.02747   0.05554   1.98258   1.09942   0.03819   0.03937   2.56954  
 20 55691.4547    178.180627  x:  0.00000   0.00000   0.00000   0.00000   0.00128   0.00084   0.00408   0.00000   0.00000   0.00000   0.00000   0.00000   0.00000   0.00000   0.02854   0.00000   0.00000   0.00000   0.00000   0.00000   0.00300   0.00000   0.00000   0.03052   0.00000   0.00331   0.04393   0.00000   0.01929   0.05895   1.97981   1.08783   0.05200   0.00184   2.56868  
 21 38929.5705    178.107353  x:  0.00000   0.00000   0.00000   0.00000   0.00094   0.00049   0.00401   0.00000   0.00000   0.00000   0.00000   0.00000   0.00000   0.00000   0.02853   0.00000   0.00000   0.00000   0.00000   0.00000   0.00263   0.00000   0.00000   0.03052   0.00000   0.00292   0.04380   0.00000   0.01890   0.05912   1.97967   1.08726   0.05268   0.00000   2.56863  
 22 27280.4189    177.944104  x:  0.00000   0.00000   0.00000   0.00000   0.00083   0.00040   0.00000   0.00000   0.00000   0.00000   0.00000   0.00000   0.00000   0.00000   0.02854   0.00000   0.00000   0.00000   0.00000   0.00000   0.00254   0.00000   0.00000   0.03049   0.00000   0.00291   0.04363   0.00000   0.01840   0.05929   1.97907   1.08555   0.05475   0.00000   2.56851  
 23 12.3309    177.863065  x:  0.00000   0.00000   0.00000   0.00000   0.00034   0.00000   0.00000   0.00000   0.00000   0.00000   0.00000   0.00000   0.00000   0.00000   0.02858   0.00000   0.00000   0.00000   0.00000   0.00000   0.00213   0.00000   0.00000   0.03043   0.00000   0.00308   0.04310   0.00000   0.01633   0.05990   1.97707   1.08023   0.06061   0.00000   2.56834  
 24 119.5161    177.818583  x:  0.00000   0.00000   0.00000   0.00000   0.00000   0.00000   0.00000   0.00000   0.00000   0.00000   0.00000   0.00000   0.00000   0.00000   0.02859   0.00000   0.00000   0.00000   0.00000   0.00000   0.00182   0.00000   0.00000   0.03042   0.00000   0.00292   0.04299   0.00000   0.01566   0.06003   1.97667   1.07915   0.06187   0.00000   2.56828  
 25 80.6649    177.618122  x:  0.00000   0.00000   0.00000   0.00000   0.00000   0.00000   0.00000   0.00000   0.00000   0.00000   0.00000   0.00000   0.00000   0.00000   0.02871   0.00000   0.00000   0.00000   0.00000   0.00000   0.00000   0.00000   0.00000   0.03027   0.00000   0.00249   0.04163   0.00000   0.00982   0.06167   1.97141   1.06566   0.07771   0.00000   2.56746  
 26 83.0567    177.422611  x:  0.00000   0.00000   0.00000   0.00000   0.00000   0.00000   0.00000   0.00000   0.00000   0.00000   0.00000   0.00000   0.00000   0.00000   0.02877   0.00000   0.00000   0.00000   0.00000   0.00000   0.00000   0.00000   0.00000   0.03022   0.00000   0.00000   0.04114   0.00000   0.00579   0.06228   1.96949   1.06074   0.08352   0.00000   2.56715  
 27 62.1669    177.285423  x:  0.00000   0.00000   0.00000   0.00000   0.00000   0.00000   0.00000   0.00000   0.00000   0.00000   0.00000   0.00000   0.00000   0.00000   0.02889   0.00000   0.00000   0.00000   0.00000   0.00000   0.00000   0.00000   0.00000   0.03014   0.00000   0.00000   0.04010   0.00000   0.00000   0.06361   1.96527   1.05064   0.09519   0.00000   2.56661  
 28 97.6123    176.084028  x:  0.00000   0.00000   0.00000   0.00000   0.00000   0.00000   0.00000   0.00000   0.00000   0.00000   0.00000   0.00000   0.00000   0.00000   0.02942   0.00000   0.00000   0.00000   0.00000   0.00000   0.00000   0.00000   0.00000   0.03322   0.00000   0.00000   0.03925   0.00000   0.00000   0.02282   2.39449   1.54338  -0.44029   0.00000   2.58157  
 29  1.6253    175.641333  x:  0.00000   0.00000   0.00000   0.00000   0.00000   0.00000   0.00000   0.00000   0.00000   0.00000   0.00000   0.00000   0.00000   0.00000   0.02928   0.00000   0.00000   0.00000   0.00000   0.00000   0.00000   0.00000   0.00000   0.02599   0.00000   0.00000   0.06070   0.00000   0.00000   0.04036   3.23096   1.67654  -0.52896   0.00000   2.56499  
 30  0.6897    175.371924  x:  0.00000   0.00000   0.00000   0.00000   0.00000   0.00000   0.00000   0.00000   0.00000   0.00000   0.00000   0.00000   0.00000   0.00000   0.02949   0.00000   0.00000   0.00000   0.00000   0.00000   0.00000   0.00000   0.00000   0.02882   0.00000   0.00000   0.06858   0.00000   0.00000   0.02245   4.14784   1.61550  -0.53424   0.00000   2.58937  
 31  0.5125    175.045792  x:  0.00000   0.00000   0.00000   0.00000   0.00000   0.00000   0.00000   0.00000   0.00000   0.00000   0.00000   0.00000   0.00000   0.00000   0.01935   0.00000   0.00000   0.00000   0.00000   0.00000   0.00000   0.00000   0.00000   0.02933   0.00000   0.00000   0.06003   0.00000   0.00000   0.03361   6.42466   1.38903  -0.33936   0.00000   2.60131  
 32  0.8184    174.895395  x:  0.00000   0.00000   0.00000   0.00000   0.00000   0.00000   0.00000   0.00000   0.00000   0.00000   0.00000   0.00000   0.00000   0.00000   0.03273   0.00000   0.00000   0.00000   0.00000   0.00000   0.00000   0.00000   0.00000   0.03101   0.00000   0.00000   0.05812   0.00000   0.00000   0.03473   7.99144   1.23902  -0.24964   0.00000   2.62432  
 33  1.8857    174.735090  x:  0.00000   0.00000   0.00000   0.00000   0.00000   0.00000   0.00000   0.00000   0.00000   0.00000   0.00000   0.00000   0.00000   0.00000   0.03053   0.00000   0.00000   0.00000   0.00000   0.00000   0.00000   0.00000   0.00000   0.02333   0.00000   0.00000   0.05465   0.00000   0.00000   0.02391  10.40088   1.25412  -0.35911   0.00000   2.65935  
 34  1.5126    174.606830  x:  0.00000   0.00000   0.00000   0.00000   0.00000   0.00000   0.00000   0.00000   0.00000   0.00000   0.00000   0.00000   0.00000   0.00000   0.02719   0.00000   0.00000   0.00000   0.00000   0.00000   0.00000   0.00000   0.00000   0.03525   0.00000   0.00000   0.05353   0.00000   0.00000   0.02589  14.54833   1.30846  -0.43181   0.00000   2.66611  
 35  1.7297    174.476378  x:  0.00000   0.00000   0.00000   0.00000   0.00000   0.00000   0.00000   0.00000   0.00000   0.00000   0.00000   0.00000   0.00000   0.00000   0.02698   0.00000   0.00000   0.00000   0.00000   0.00000   0.00000   0.00000   0.00000   0.02532   0.00000   0.00000   0.05826   0.00000   0.00000   0.03186  21.48939   1.11027  -0.39755   0.00000   2.72753  
 36  2.2809    174.397688  x:  0.00000   0.00000   0.00000   0.00000   0.00000   0.00000   0.00000   0.00000   0.00000   0.00000   0.00000   0.00000   0.00000   0.00000   0.02714   0.00000   0.00000   0.00000   0.00000   0.00000   0.00000   0.00000   0.00000   0.02996   0.00000   0.00000   0.05914   0.00000   0.00000   0.02418  31.15773   1.04210  -0.51857   0.00000   2.79807  
 37  3.2038    174.337390  x:  0.00000   0.00000   0.00000   0.00000   0.00000   0.00000   0.00000   0.00000   0.00000   0.00000   0.00000   0.00000   0.00000   0.00000   0.02890   0.00000   0.00000   0.00000   0.00000   0.00000   0.00000   0.00000   0.00000   0.02634   0.00000   0.00000   0.05598   0.00000   0.00000   0.03116  46.71396   0.88041  -0.65065   0.00000   2.90812  
 38  5.2877    174.294186  x:  0.00000   0.00000   0.00000   0.00000   0.00000   0.00000   0.00000   0.00000   0.00000   0.00000   0.00000   0.00000   0.00000   0.00000   0.02745   0.00000   0.00000   0.00000   0.00000   0.00000   0.00000   0.00000   0.00000   0.02923   0.00000   0.00000   0.05779   0.00000   0.00000   0.02535  71.02628   0.62873  -0.87235   0.00000   3.08490  
 39  7.0535    174.268167  x:  0.00000   0.00000   0.00000   0.00000   0.00000   0.00000   0.00000   0.00000   0.00000   0.00000   0.00000   0.00000   0.00000   0.00000   0.02807   0.00000   0.00000   0.00000   0.00000   0.00000   0.00000   0.00000   0.00000   0.02678   0.00000   0.00000   0.05671   0.00000   0.00000   0.03014  104.75945   0.30745  -1.19075   0.00000   3.32414  
 40 10.3475    174.248620  x:  0.00000   0.00000   0.00000   0.00000   0.00000   0.00000   0.00000   0.00000   0.00000   0.00000   0.00000   0.00000   0.00000   0.00000   0.02757   0.00000   0.00000   0.00000   0.00000   0.00000   0.00000   0.00000   0.00000   0.02886   0.00000   0.00000   0.05785   0.00000   0.00000   0.02615  159.23307  -0.21779  -1.71207   0.00000   3.71525  
 41 15.8937    174.236831  x:  0.00000   0.00000   0.00000   0.00000   0.00000   0.00000   0.00000   0.00000   0.00000   0.00000   0.00000   0.00000   0.00000   0.00000   0.02818   0.00000   0.00000   0.00000   0.00000   0.00000   0.00000   0.00000   0.00000   0.02707   0.00000   0.00000   0.05684   0.00000   0.00000   0.02922  232.90050  -0.92434  -2.41239   0.00000   4.24123  
 42 23.2156    174.228076  x:  0.00000   0.00000   0.00000   0.00000   0.00000   0.00000   0.00000   0.00000   0.00000   0.00000   0.00000   0.00000   0.00000   0.00000   0.02767   0.00000   0.00000   0.00000   0.00000   0.00000   0.00000   0.00000   0.00000   0.02858   0.00000   0.00000   0.05756   0.00000   0.00000   0.02666  355.36277  -2.09778  -3.58314   0.00000   5.11743  
 43 35.2336    174.222712  x:  0.00000   0.00000   0.00000   0.00000   0.00000   0.00000   0.00000   0.00000   0.00000   0.00000   0.00000   0.00000   0.00000   0.00000   0.02801   0.00000   0.00000   0.00000   0.00000   0.00000   0.00000   0.00000   0.00000   0.02731   0.00000   0.00000   0.05704   0.00000   0.00000   0.02874  517.81842  -3.65162  -5.13462   0.00000   6.27826  
 44 52.1357    174.218775  x:  0.00000   0.00000   0.00000   0.00000   0.00000   0.00000   0.00000   0.00000   0.00000   0.00000   0.00000   0.00000   0.00000   0.00000   0.02774   0.00000   0.00000   0.00000   0.00000   0.00000   0.00000   0.00000   0.00000   0.02837   0.00000   0.00000   0.05750   0.00000   0.00000   0.02701  795.59169  -6.30838  -7.79128   0.00000   8.26439  
 45 77.4730    174.216764  x:  0.00000   0.00000   0.00000   0.00000   0.00000   0.00000   0.00000   0.00000   0.00000   0.00000   0.00000   0.00000   0.00000   0.00000   0.02788   0.00000   0.00000   0.00000   0.00000   0.00000   0.00000   0.00000   0.00000   0.02786   0.00000   0.00000   0.05727   0.00000   0.00000   0.02782  999.00000  -8.25368  -9.73546   0.00000   9.71831  
 46 115.8144    174.216764  x:  0.00000   0.00000   0.00000   0.00000   0.00000   0.00000   0.00000   0.00000   0.00000   0.00000   0.00000   0.00000   0.00000   0.00000   0.02787   0.00000   0.00000   0.00000   0.00000   0.00000   0.00000   0.00000   0.00000   0.02786   0.00000   0.00000   0.05727   0.00000   0.00000   0.02780  999.00000  -8.25658  -9.73925   0.00000   9.72080  
 47  0.0039    174.216764  x:  0.00000   0.00000   0.00000   0.00000   0.00000   0.00000   0.00000   0.00000   0.00000   0.00000   0.00000   0.00000   0.00000   0.00000   0.02787   0.00000   0.00000   0.00000   0.00000   0.00000   0.00000   0.00000   0.00000   0.02786   0.00000   0.00000   0.05727   0.00000   0.00000   0.02780  999.00000  -8.24929  -9.73193   0.00000   9.71534  
 48  0.0119    174.216764  x:  0.00000   0.00000   0.00000   0.00000   0.00000   0.00000   0.00000   0.00000   0.00000   0.00000   0.00000   0.00000   0.00000   0.00000   0.02787   0.00000   0.00000   0.00000   0.00000   0.00000   0.00000   0.00000   0.00000   0.02786   0.00000   0.00000   0.05727   0.00000   0.00000   0.02780  999.00000  -8.25025  -9.73284   0.00000   9.71604  
 49  0.0018    174.216764  x:  0.00000   0.00000   0.00000   0.00000   0.00000   0.00000   0.00000   0.00000   0.00000   0.00000   0.00000   0.00000   0.00000   0.00000   0.02787   0.00000   0.00000   0.00000   0.00000   0.00000   0.00000   0.00000   0.00000   0.02786   0.00000   0.00000   0.05727   0.00000   0.00000   0.02780  999.00000  -8.25055  -9.73314   0.00000   9.71626  
 50  0.0004    174.216764  x:  0.00000   0.00000   0.00000   0.00000   0.00000   0.00000   0.00000   0.00000   0.00000   0.00000   0.00000   0.00000   0.00000   0.00000   0.02787   0.00000   0.00000   0.00000   0.00000   0.00000   0.00000   0.00000   0.00000   0.02786   0.00000   0.00000   0.05727   0.00000   0.00000   0.02780  999.00000  -8.25307  -9.73565   0.00000   9.71814  
 51  0.0005    174.216764  x:  0.00000   0.00000   0.00000   0.00000   0.00000   0.00000   0.00000   0.00000   0.00000   0.00000   0.00000   0.00000   0.00000   0.00000   0.02787   0.00000   0.00000   0.00000   0.00000   0.00000   0.00000   0.00000   0.00000   0.02786   0.00000   0.00000   0.05727   0.00000   0.00000   0.02780  999.00000  -8.29397  -9.77650   0.00000   9.74871  
 52  0.0224    174.216764  x:  0.00000   0.00000   0.00000   0.00000   0.00000   0.00000   0.00000   0.00000   0.00000   0.00000   0.00000   0.00000   0.00000   0.00000   0.02787   0.00000   0.00000   0.00000   0.00000   0.00000   0.00000   0.00000   0.00000   0.02786   0.00000   0.00000   0.05727   0.00000   0.00000   0.02780  999.00000  -8.46666  -9.94920   0.00000   9.87786  
 53  0.0345    174.216763  x:  0.00000   0.00000   0.00000   0.00000   0.00000   0.00000   0.00000   0.00000   0.00000   0.00000   0.00000   0.00000   0.00000   0.00000   0.02787   0.00000   0.00000   0.00000   0.00000   0.00000   0.00000   0.00000   0.00000   0.02787   0.00000   0.00000   0.05726   0.00000   0.00000   0.02780  999.00000  -45.94386  -47.42680   0.00000  37.90492  
 54 11.1088    174.216763  x:  0.00000   0.00000   0.00000   0.00000   0.00000   0.00000   0.00000   0.00000   0.00000   0.00000   0.00000   0.00000   0.00000   0.00000   0.02787   0.00000   0.00000   0.00000   0.00000   0.00000   0.00000   0.00000   0.00000   0.02786   0.00000   0.00000   0.05727   0.00000   0.00000   0.02780  999.00000  -43.37633  -44.85925   0.00000  35.98481  
 55 60.0404    174.216763  x:  0.00000   0.00000   0.00000   0.00000   0.00000   0.00000   0.00000   0.00000   0.00000   0.00000   0.00000   0.00000   0.00000   0.00000   0.02787   0.00000   0.00000   0.00000   0.00000   0.00000   0.00000   0.00000   0.00000   0.02786   0.00000   0.00000   0.05727   0.00000   0.00000   0.02780  999.00000  -43.37631  -44.85923   0.00000  35.98480  
 56 71.9864    174.216763  x:  0.00000   0.00000   0.00000   0.00000   0.00000   0.00000   0.00000   0.00000   0.00000   0.00000   0.00000   0.00000   0.00000   0.00000   0.02787   0.00000   0.00000   0.00000   0.00000   0.00000   0.00000   0.00000   0.00000   0.02786   0.00000   0.00000   0.05727   0.00000   0.00000   0.02780  999.00000  -43.65048  -45.13307   0.00000  36.18975  
 57  0.3871    174.216763  x:  0.00000   0.00000   0.00000   0.00000   0.00000   0.00000   0.00000   0.00000   0.00000   0.00000   0.00000   0.00000   0.00000   0.00000   0.02787   0.00000   0.00000   0.00000   0.00000   0.00000   0.00000   0.00000   0.00000   0.02786   0.00000   0.00000   0.05727   0.00000   0.00000   0.02780  999.00000  -43.65051  -45.13310   0.00000  36.18978  