

TREE # 1

  0  0.0000   1868.754363  x:  0.00000   0.00642   0.00711   0.00508   0.00883   0.01102   0.00373   0.00521   0.00796   0.00357   0.01055   0.00380   0.00820   0.00256   0.00246   0.00770   0.01491   0.00839   0.01662   0.01251   0.00991   0.01255   0.00433   0.01048   0.00105   0.01437   0.02868   0.03116   0.02214   0.04583   2.00000   1.09989   0.02896   0.27919  
  1 99.0000   1868.745098  x:  0.00000   0.00642   0.00711   0.00507   0.00883   0.01102   0.00372   0.00521   0.00796   0.00357   0.01055   0.00379   0.00820   0.00256   0.00246   0.00770   0.01491   0.00839   0.01662   0.01251   0.00991   0.01255   0.00433   0.01048   0.00104   0.01437   0.02868   0.03116   0.02214   0.04583   2.00000   1.09989   0.02896   0.27919  
  2 1204.8593   1864.481718  x:  0.00000   0.00645   0.00607   0.00513   0.00779   0.01044   0.00266   0.00416   0.00692   0.00252   0.01033   0.00275   0.00816   0.00151   0.00141   0.00665   0.01466   0.00833   0.01645   0.01238   0.00920   0.01241   0.00450   0.01043   0.00000   0.01393   0.02864   0.03089   0.02185   0.04591   2.00002   1.09992   0.02893   0.27902  
  3 19869.5941   1859.230632  x:  0.00000   0.00651   0.00466   0.00517   0.00639   0.00973   0.00124   0.00275   0.00551   0.00111   0.01009   0.00134   0.00811   0.00010   0.00000   0.00524   0.01437   0.00826   0.01625   0.01223   0.00828   0.01226   0.00461   0.01038   0.00000   0.01340   0.02858   0.03053   0.02147   0.04600   2.00004   1.09996   0.02889   0.27882  
  4 933456.1153   1858.902304  x:  0.00000   0.00651   0.00457   0.00516   0.00629   0.00970   0.00114   0.00265   0.00541   0.00101   0.01008   0.00124   0.00810   0.00000   0.00000   0.00514   0.01435   0.00825   0.01624   0.01222   0.00823   0.01225   0.00463   0.01037   0.00000   0.01337   0.02858   0.03051   0.02145   0.04601   2.00004   1.09997   0.02889   0.27880  
  5 76944.4723   1855.921068  x:  0.00000   0.00637   0.00357   0.00545   0.00529   0.00955   0.00011   0.00164   0.00440   0.00000   0.00974   0.00023   0.00803   0.00000   0.00000   0.00414   0.01409   0.00816   0.01606   0.01200   0.00783   0.01203   0.00465   0.01031   0.00000   0.01312   0.02859   0.03022   0.02119   0.04614   2.00005   1.09999   0.02886   0.27864  
  6 15557.1479   1855.642813  x:  0.00000   0.00639   0.00347   0.00544   0.00519   0.00951   0.00000   0.00153   0.00429   0.00000   0.00972   0.00013   0.00804   0.00000   0.00000   0.00403   0.01405   0.00817   0.01604   0.01199   0.00780   0.01202   0.00466   0.01031   0.00000   0.01307   0.02859   0.03019   0.02117   0.04615   2.00005   1.10000   0.02886   0.27861  
  7 10259.2640   1855.353345  x:  0.00000   0.00639   0.00334   0.00545   0.00506   0.00944   0.00000   0.00141   0.00417   0.00000   0.00973   0.00000   0.00802   0.00000   0.00000   0.00391   0.01404   0.00815   0.01603   0.01200   0.00775   0.01203   0.00467   0.01030   0.00000   0.01303   0.02858   0.03016   0.02114   0.04616   2.00005   1.10000   0.02885   0.27857  
  8 10364.8185   1852.621475  x:  0.00000   0.00641   0.00196   0.00542   0.00368   0.00880   0.00000   0.00000   0.00278   0.00000   0.00936   0.00000   0.00825   0.00000   0.00000   0.00251   0.01431   0.00818   0.01617   0.01175   0.00662   0.01179   0.00473   0.01018   0.00000   0.01302   0.02841   0.03021   0.02099   0.04598   2.00007   1.10003   0.02882   0.27802  
  9 3823.0210   1849.495518  x:  0.00000   0.00703   0.00000   0.00543   0.00174   0.00864   0.00000   0.00000   0.00083   0.00000   0.00909   0.00000   0.00769   0.00000   0.00000   0.00055   0.01396   0.00802   0.01590   0.01158   0.00513   0.01160   0.00475   0.01031   0.00000   0.01294   0.02833   0.03033   0.02057   0.04587   2.00009   1.10009   0.02877   0.27713  
 10 3645.3351   1848.832939  x:  0.00000   0.00704   0.00000   0.00543   0.00120   0.00866   0.00000   0.00000   0.00030   0.00000   0.00912   0.00000   0.00775   0.00000   0.00000   0.00000   0.01384   0.00800   0.01582   0.01159   0.00480   0.01161   0.00477   0.01028   0.00000   0.01287   0.02834   0.03031   0.02039   0.04591   2.00010   1.10010   0.02875   0.27688  
 11 5061.5240   1848.593490  x:  0.00000   0.00705   0.00000   0.00543   0.00090   0.00864   0.00000   0.00000   0.00000   0.00000   0.00909   0.00000   0.00773   0.00000   0.00000   0.00000   0.01385   0.00800   0.01583   0.01157   0.00475   0.01160   0.00478   0.01027   0.00000   0.01283   0.02834   0.03026   0.02031   0.04598   2.00010   1.10011   0.02875   0.27677  
 12 3218.3169   1848.213034  x:  0.00000   0.00705   0.00000   0.00544   0.00000   0.00850   0.00000   0.00000   0.00000   0.00000   0.00906   0.00000   0.00778   0.00000   0.00000   0.00000   0.01381   0.00788   0.01578   0.01153   0.00472   0.01153   0.00481   0.01037   0.00000   0.01282   0.02832   0.03012   0.02034   0.04605   2.00011   1.10014   0.02872   0.27647  
 13 1984.1599   1846.694788  x:  0.00000   0.00494   0.00000   0.00588   0.00000   0.00420   0.00000   0.00000   0.00000   0.00000   0.00839   0.00000   0.00558   0.00000   0.00000   0.00000   0.01024   0.01153   0.01244   0.01085   0.00360   0.01077   0.00607   0.00749   0.00000   0.01349   0.02642   0.02340   0.02590   0.04486   2.00082   1.10189   0.02703   0.26410  
 14 269.9158   1846.032638  x:  0.00000   0.00435   0.00000   0.00604   0.00000   0.00590   0.00000   0.00000   0.00000   0.00000   0.00673   0.00000   0.00546   0.00000   0.00000   0.00000   0.01036   0.01178   0.01384   0.01093   0.00234   0.01197   0.00632   0.00852   0.00000   0.00829   0.02618   0.02071   0.02878   0.04056   2.00163   1.10382   0.02514   0.25465  
 15 122.5226   1845.283792  x:  0.00000   0.00563   0.00000   0.00616   0.00000   0.00561   0.00000   0.00000   0.00000   0.00000   0.00746   0.00000   0.00575   0.00000   0.00000   0.00000   0.01038   0.00951   0.01404   0.00992   0.00272   0.01087   0.00625   0.00533   0.00000   0.00595   0.02721   0.02123   0.02814   0.03670   2.00301   1.10709   0.02192   0.23977  
 16 166.2276   1841.624454  x:  0.00000   0.00438   0.00000   0.00628   0.00000   0.00141   0.00000   0.00000   0.00000   0.00000   0.00865   0.00000   0.00520   0.00000   0.00000   0.00000   0.00930   0.01157   0.01388   0.00876   0.00218   0.00891   0.00558   0.00813   0.00000   0.00482   0.03258   0.02564   0.01898   0.02603   2.00979   1.12313   0.00612   0.16798  
 17 587.5738   1839.175965  x:  0.00000   0.00527   0.00000   0.00636   0.00000   0.00104   0.00000   0.00000   0.00000   0.00000   0.00845   0.00000   0.00524   0.00000   0.00000   0.00000   0.00982   0.01146   0.01355   0.00951   0.00000   0.00930   0.00510   0.00782   0.00000   0.00510   0.03254   0.02589   0.01766   0.02602   2.01266   1.12998  -0.00063   0.13767  
 18 1387.3490   1833.854766  x:  0.00000   0.00776   0.00000   0.00659   0.00000   0.00012   0.00000   0.00000   0.00000   0.00000   0.00835   0.00000   0.00532   0.00000   0.00000   0.00000   0.01133   0.01133   0.01267   0.01127   0.00000   0.00999   0.00371   0.00706   0.00000   0.00576   0.03228   0.02651   0.01397   0.02606   2.02086   1.14949  -0.01988   0.05126  
 19 894771.1559   1830.769777  x:  0.00000   0.00933   0.00000   0.00679   0.00000   0.00018   0.00000   0.00000   0.00000   0.00000   0.00823   0.00000   0.00543   0.00000   0.00000   0.00000   0.01496   0.01143   0.00893   0.01500   0.00000   0.00846   0.00289   0.00672   0.00000   0.00635   0.03111   0.02465   0.01007   0.02389   2.02576   1.16090  -0.03114   0.00000  
 20 4681.8254   1830.388077  x:  0.00000   0.00938   0.00000   0.00676   0.00000   0.00022   0.00000   0.00000   0.00000   0.00000   0.00848   0.00000   0.00553   0.00000   0.00000   0.00000   0.01374   0.01114   0.00973   0.01280   0.00000   0.00987   0.00298   0.00681   0.00000   0.00632   0.02566   0.02467   0.00817   0.02405   2.02546   1.16028  -0.03056   0.00000  
 21 22.7726   1829.538082  x:  0.00000   0.00930   0.00000   0.00659   0.00000   0.00027   0.00000   0.00000   0.00000   0.00000   0.00919   0.00000   0.00527   0.00000   0.00000   0.00000   0.01430   0.01146   0.00872   0.01291   0.00000   0.00721   0.00307   0.00719   0.00000   0.00375   0.02316   0.02756   0.00865   0.02829   2.02599   1.16189  -0.03224   0.00000  
 22 44.1822   1827.641393  x:  0.00000   0.01255   0.00000   0.00669   0.00000   0.00047   0.00000   0.00000   0.00000   0.00000   0.01306   0.00000   0.00558   0.00000   0.00000   0.00000   0.01457   0.01088   0.01159   0.00979   0.00000   0.00483   0.00302   0.00711   0.00000   0.00581   0.03037   0.02045   0.00780   0.03386   2.02834   1.16861  -0.03910   0.00000  
 23 104.3958   1827.451498  x:  0.00000   0.01274   0.00000   0.00668   0.00000   0.00049   0.00000   0.00000   0.00000   0.00000   0.01350   0.00000   0.00559   0.00000   0.00000   0.00000   0.01556   0.01086   0.01034   0.00788   0.00000   0.00602   0.00304   0.00722   0.00000   0.00572   0.03155   0.02012   0.00799   0.03457   2.02852   1.16927  -0.03978   0.00000  
 24 140.9914   1823.977568  x:  0.00000   0.01190   0.00000   0.00489   0.00000   0.00054   0.00000   0.00000   0.00000   0.00000   0.00755   0.00000   0.00488   0.00000   0.00000   0.00000   0.01180   0.00810   0.00831   0.00949   0.00000   0.00668   0.00424   0.00577   0.00000   0.00558   0.03839   0.02470   0.00318   0.03787   2.06784   1.29839  -0.16933   0.00000  
 25 29.6960   1815.917383  x:  0.00000   0.01245   0.00000   0.00215   0.00000   0.00058   0.00000   0.00000   0.00000   0.00000   0.00683   0.00000   0.00628   0.00000   0.00000   0.00000   0.00961   0.00678   0.00525   0.00867   0.00000   0.00536   0.00103   0.00726   0.00000   0.00480   0.03387   0.01382   0.00503   0.03410   2.20893   1.73659  -0.60840   0.00000  
 26 46.7028   1815.483095  x:  0.00697   0.01251   0.00000   0.00192   0.00000   0.00058   0.00000   0.00000   0.00000   0.00000   0.00677   0.00000   0.00639   0.00000   0.00000   0.00000   0.00944   0.00667   0.00500   0.00860   0.00000   0.00524   0.00078   0.00739   0.00000   0.00474   0.03350   0.01293   0.00519   0.03378   2.22084   1.77327  -0.64516   0.00000  
 27 1043.7558   1814.613571  x:  0.01236   0.01340   0.00000   0.00215   0.00000   0.00060   0.00000   0.00000   0.00000   0.00000   0.00725   0.00000   0.00664   0.00000   0.00000   0.00000   0.01030   0.00663   0.00421   0.00898   0.00000   0.00504   0.00270   0.00780   0.00000   0.00477   0.03254   0.01082   0.00569   0.03277   2.25502   1.86317  -0.73531   0.00000  
 28 28.3749   1813.278097  x:  0.01399   0.01546   0.00000   0.00666   0.00000   0.00072   0.00000   0.00000   0.00000   0.00000   0.00547   0.00000   0.00680   0.00000   0.00000   0.00000   0.00726   0.00634   0.00579   0.01119   0.00000   0.00661   0.00246   0.00826   0.00000   0.00428   0.03418   0.00989   0.00669   0.03415   2.40603   1.92065  -0.79279   0.00000  
 29  3.3999   1812.076732  x:  0.01160   0.01495   0.00000   0.00549   0.00000   0.00075   0.00000   0.00000   0.00000   0.00000   0.00695   0.00000   0.00420   0.00000   0.00000   0.00000   0.01036   0.00362   0.00793   0.01178   0.00000   0.00727   0.00260   0.00747   0.00000   0.00496   0.03352   0.01233   0.00729   0.03507   2.54702   1.95981  -0.83067   0.00000  
 30  5.3966   1810.798268  x:  0.01564   0.01307   0.00000   0.00195   0.00000   0.00077   0.00000   0.00000   0.00000   0.00000   0.00573   0.00000   0.00513   0.00000   0.00000   0.00000   0.01019   0.00536   0.01046   0.01251   0.00000   0.00818   0.00318   0.00773   0.00000   0.00408   0.03379   0.00850   0.00763   0.03614   2.71679   1.96873  -0.84025   0.00000  
 31  2.4101   1810.002020  x:  0.01464   0.00895   0.00000   0.00354   0.00000   0.00073   0.00000   0.00000   0.00000   0.00000   0.00507   0.00000   0.00673   0.00000   0.00000   0.00000   0.01373   0.00686   0.01145   0.01018   0.00000   0.00720   0.00303   0.00688   0.00000   0.00475   0.03167   0.00932   0.00733   0.03714   2.81596   2.02359  -0.89487   0.00000  
 32  1.5893   1808.868758  x:  0.00168   0.00805   0.00000   0.00258   0.00000   0.00087   0.00000   0.00000   0.00000   0.00000   0.00604   0.00000   0.00871   0.00000   0.00000   0.00000   0.01002   0.00568   0.01149   0.00956   0.00000   0.00778   0.00319   0.00504   0.00000   0.00844   0.03077   0.02113   0.00943   0.04340   2.83969   2.01568  -0.88665   0.00000  
 33  0.1690   1808.362183  x:  0.00600   0.00509   0.00000   0.00282   0.00000   0.00087   0.00000   0.00000   0.00000   0.00000   0.00868   0.00000   0.00843   0.00000   0.00000   0.00000   0.00923   0.00630   0.01170   0.01047   0.00000   0.00850   0.00313   0.00612   0.00000   0.00775   0.03044   0.01613   0.00920   0.04483   2.77514   2.05769  -0.92811   0.00000  
 34  0.8357   1807.623237  x:  0.00470   0.00446   0.00000   0.00265   0.00000   0.00097   0.00000   0.00000   0.00000   0.00000   0.00538   0.00000   0.00577   0.00000   0.00000   0.00000   0.00798   0.00660   0.01185   0.00881   0.00000   0.00831   0.00323   0.00768   0.00000   0.00847   0.02924   0.01623   0.01036   0.04784   2.58607   2.09382  -0.96459   0.00000  
 35  1.3035   1807.621266  x:  0.00469   0.00446   0.00000   0.00265   0.00000   0.00097   0.00000   0.00000   0.00000   0.00000   0.00537   0.00000   0.00576   0.00000   0.00000   0.00000   0.00797   0.00661   0.01185   0.00880   0.00000   0.00831   0.00323   0.00769   0.00000   0.00848   0.02923   0.01623   0.01036   0.04786   2.58502   2.09403  -0.96480   0.00079  
 36  7.0946   1807.172601  x:  0.00363   0.00731   0.00000   0.00309   0.00000   0.00109   0.00000   0.00000   0.00000   0.00000   0.00605   0.00000   0.00570   0.00000   0.00000   0.00000   0.00877   0.00727   0.01183   0.01011   0.00000   0.00942   0.00311   0.00909   0.00000   0.00862   0.02908   0.01608   0.01107   0.05154   2.38308   2.13797  -1.00890   0.00332  
 37  1.0578   1806.882155  x:  0.00412   0.00646   0.00000   0.00312   0.00000   0.00120   0.00000   0.00000   0.00000   0.00000   0.00576   0.00000   0.00728   0.00000   0.00000   0.00000   0.00987   0.00574   0.01235   0.00955   0.00000   0.00990   0.00314   0.00975   0.00000   0.00692   0.03000   0.01464   0.01176   0.05530   2.37966   2.17649  -1.04742   0.00521  
 38  0.0610   1806.771893  x:  0.00455   0.00636   0.00000   0.00325   0.00000   0.00128   0.00000   0.00000   0.00000   0.00000   0.00655   0.00000   0.00646   0.00000   0.00000   0.00000   0.00950   0.00616   0.01268   0.00869   0.00000   0.00982   0.00316   0.00994   0.00000   0.00622   0.02929   0.01408   0.01221   0.05700   2.53702   2.19601  -1.06684   0.00600  
 39  0.2407   1806.715513  x:  0.00571   0.00602   0.00000   0.00317   0.00000   0.00138   0.00000   0.00000   0.00000   0.00000   0.00622   0.00000   0.00580   0.00000   0.00000   0.00000   0.00929   0.00635   0.01283   0.00943   0.00000   0.00985   0.00320   0.00959   0.00000   0.00591   0.02874   0.01337   0.01271   0.05806   2.45185   2.23239  -1.10312   0.00720  
 40  0.0834   1806.669055  x:  0.00445   0.00642   0.00000   0.00297   0.00000   0.00152   0.00000   0.00000   0.00000   0.00000   0.00606   0.00000   0.00628   0.00000   0.00000   0.00000   0.00867   0.00614   0.01307   0.00925   0.00000   0.00933   0.00326   0.00939   0.00000   0.00632   0.02816   0.01534   0.01307   0.05801   2.44695   2.26525  -1.13608   0.00816  
 41  0.0274   1806.617700  x:  0.00189   0.00637   0.00000   0.00300   0.00000   0.00173   0.00000   0.00000   0.00000   0.00000   0.00601   0.00000   0.00639   0.00000   0.00000   0.00000   0.00971   0.00638   0.01291   0.00945   0.00000   0.00899   0.00316   0.00899   0.00000   0.00648   0.02930   0.01794   0.01344   0.05792   2.50662   2.30442  -1.17510   0.00957  
 42  0.0476   1806.564283  x:  0.00097   0.00621   0.00000   0.00320   0.00000   0.00199   0.00000   0.00000   0.00000   0.00000   0.00669   0.00000   0.00637   0.00000   0.00000   0.00000   0.00936   0.00604   0.01258   0.00924   0.00000   0.00883   0.00303   0.00904   0.00000   0.00596   0.02918   0.01812   0.01336   0.05683   2.45504   2.35715  -1.22760   0.01139  
 43  0.0460   1806.525384  x:  0.00000   0.00625   0.00000   0.00318   0.00000   0.00215   0.00000   0.00000   0.00000   0.00000   0.00637   0.00000   0.00615   0.00000   0.00000   0.00000   0.00925   0.00610   0.01225   0.00942   0.00000   0.00906   0.00298   0.00930   0.00000   0.00620   0.02854   0.01887   0.01315   0.05603   2.49599   2.36809  -1.23848   0.01122  
 44  0.0348   1806.525384  x:  0.00000   0.00625   0.00000   0.00318   0.00000   0.00215   0.00000   0.00000   0.00000   0.00000   0.00637   0.00000   0.00615   0.00000   0.00000   0.00000   0.00925   0.00610   0.01225   0.00942   0.00000   0.00906   0.00298   0.00930   0.00000   0.00620   0.02854   0.01887   0.01315   0.05603   2.49599   2.36809  -1.23848   0.01122  
 45  0.0243   1806.460939  x:  0.00002   0.00624   0.00000   0.00312   0.00000   0.00315   0.00000   0.00000   0.00000   0.00000   0.00631   0.00000   0.00617   0.00000   0.00000   0.00000   0.00926   0.00614   0.01228   0.00939   0.00000   0.00913   0.00308   0.00932   0.00000   0.00620   0.02855   0.01890   0.01303   0.05604   2.49599   2.36809  -1.23848   0.01124  
 46 145.9814   1806.454403  x:  0.00017   0.00618   0.00000   0.00303   0.00000   0.00312   0.00000   0.00000   0.00000   0.00000   0.00614   0.00000   0.00623   0.00000   0.00000   0.00000   0.00931   0.00627   0.01242   0.00931   0.00000   0.00937   0.00319   0.00938   0.00000   0.00623   0.02857   0.01906   0.01259   0.05608   2.49599   2.36808  -1.23847   0.01130  
 47 20.8902   1806.453248  x:  0.00021   0.00619   0.00000   0.00311   0.00000   0.00313   0.00000   0.00000   0.00000   0.00000   0.00616   0.00000   0.00623   0.00000   0.00000   0.00000   0.00931   0.00625   0.01245   0.00930   0.00000   0.00940   0.00309   0.00939   0.00000   0.00622   0.02858   0.01910   0.01244   0.05610   2.49599   2.36808  -1.23847   0.01134  
 48 14.6410   1806.452930  x:  0.00021   0.00621   0.00000   0.00309   0.00000   0.00313   0.00000   0.00000   0.00000   0.00000   0.00622   0.00000   0.00620   0.00000   0.00000   0.00000   0.00931   0.00621   0.01246   0.00931   0.00000   0.00937   0.00311   0.00938   0.00000   0.00622   0.02860   0.01910   0.01236   0.05613   2.49599   2.36807  -1.23846   0.01138  
 49  5.8387   1806.452828  x:  0.00020   0.00620   0.00000   0.00310   0.00000   0.00313   0.00000   0.00000   0.00000   0.00000   0.00620   0.00000   0.00621   0.00000   0.00000   0.00000   0.00930   0.00622   0.01245   0.00932   0.00000   0.00933   0.00312   0.00937   0.00000   0.00622   0.02861   0.01910   0.01234   0.05618   2.49598   2.36806  -1.23845   0.01145  
 50  2.2855   1806.452777  x:  0.00020   0.00620   0.00000   0.00308   0.00000   0.00313   0.00000   0.00000   0.00000   0.00000   0.00619   0.00000   0.00621   0.00000   0.00000   0.00000   0.00930   0.00623   0.01245   0.00932   0.00000   0.00933   0.00311   0.00937   0.00000   0.00622   0.02862   0.01910   0.01234   0.05622   2.49598   2.36805  -1.23844   0.01150  
 51  3.2175   1806.452711  x:  0.00020   0.00620   0.00000   0.00309   0.00000   0.00313   0.00000   0.00000   0.00000   0.00000   0.00620   0.00000   0.00621   0.00000   0.00000   0.00000   0.00931   0.00622   0.01245   0.00931   0.00000   0.00936   0.00311   0.00938   0.00000   0.00622   0.02864   0.01910   0.01237   0.05629   2.49598   2.36803  -1.23842   0.01158  
 52  2.9899   1806.452702  x:  0.00020   0.00620   0.00000   0.00309   0.00000   0.00313   0.00000   0.00000   0.00000   0.00000   0.00620   0.00000   0.00621   0.00000   0.00000   0.00000   0.00931   0.00622   0.01246   0.00932   0.00000   0.00935   0.00311   0.00938   0.00000   0.00622   0.02862   0.01911   0.01237   0.05631   2.49597   2.36801  -1.23839   0.01157  
 53  0.4335   1806.452689  x:  0.00019   0.00621   0.00000   0.00309   0.00000   0.00313   0.00000   0.00000   0.00000   0.00000   0.00621   0.00000   0.00622   0.00000   0.00000   0.00000   0.00931   0.00623   0.01247   0.00932   0.00000   0.00935   0.00311   0.00938   0.00000   0.00622   0.02860   0.01912   0.01237   0.05633   2.49595   2.36796  -1.23834   0.01156  
 54  0.9247   1806.452656  x:  0.00016   0.00620   0.00000   0.00309   0.00000   0.00313   0.00000   0.00000   0.00000   0.00000   0.00620   0.00000   0.00621   0.00000   0.00000   0.00000   0.00931   0.00622   0.01245   0.00932   0.00000   0.00936   0.00311   0.00938   0.00000   0.00622   0.02858   0.01913   0.01236   0.05639   2.49591   2.36781  -1.23820   0.01152  
 55  2.5578   1806.452545  x:  0.00012   0.00620   0.00000   0.00309   0.00000   0.00312   0.00000   0.00000   0.00000   0.00000   0.00621   0.00000   0.00621   0.00000   0.00000   0.00000   0.00929   0.00622   0.01242   0.00929   0.00000   0.00935   0.00311   0.00936   0.00000   0.00622   0.02862   0.01924   0.01237   0.05645   2.49576   2.36728  -1.23767   0.01145  
 56  2.8512   1806.452303  x:  0.00000   0.00620   0.00000   0.00309   0.00000   0.00312   0.00000   0.00000   0.00000   0.00000   0.00621   0.00000   0.00621   0.00000   0.00000   0.00000   0.00930   0.00622   0.01243   0.00931   0.00000   0.00935   0.00311   0.00937   0.00000   0.00622   0.02868   0.01934   0.01237   0.05649   2.49555   2.36658  -1.23696   0.01139  
 57 16.7669   1806.452173  x:  0.00000   0.00620   0.00000   0.00309   0.00000   0.00312   0.00000   0.00000   0.00000   0.00000   0.00621   0.00000   0.00621   0.00000   0.00000   0.00000   0.00930   0.00622   0.01244   0.00930   0.00000   0.00935   0.00311   0.00937   0.00000   0.00622   0.02871   0.01947   0.01237   0.05651   2.49528   2.36564  -1.23603   0.01135  
 58 51.3359   1806.450367  x:  0.00000   0.00633   0.00000   0.00309   0.00000   0.00312   0.00000   0.00000   0.00000   0.00000   0.00615   0.00000   0.00614   0.00000   0.00000   0.00000   0.00917   0.00623   0.01255   0.00918   0.00000   0.00937   0.00311   0.00933   0.00000   0.00631   0.02878   0.01942   0.01236   0.05654   2.49252   2.35618  -1.22657   0.01104  
 59 14.0367   1806.443097  x:  0.00000   0.00610   0.00000   0.00310   0.00000   0.00311   0.00000   0.00000   0.00000   0.00000   0.00626   0.00000   0.00631   0.00000   0.00000   0.00000   0.00905   0.00621   0.01272   0.00901   0.00000   0.00939   0.00311   0.00927   0.00000   0.00615   0.02886   0.01927   0.01235   0.05655   2.48202   2.32021  -1.19060   0.00997  
 60 453.9252   1806.432621  x:  0.00000   0.00621   0.00000   0.00310   0.00000   0.00311   0.00000   0.00000   0.00000   0.00000   0.00622   0.00000   0.00622   0.00000   0.00000   0.00000   0.00929   0.00624   0.01247   0.00924   0.00000   0.00936   0.00312   0.00933   0.00000   0.00623   0.02859   0.01936   0.01238   0.05636   2.46698   2.26868  -1.13907   0.00866  
 61 967.7768   1806.432581  x:  0.00000   0.00622   0.00000   0.00310   0.00000   0.00311   0.00000   0.00000   0.00000   0.00000   0.00622   0.00000   0.00623   0.00000   0.00000   0.00000   0.00926   0.00623   0.01247   0.00926   0.00000   0.00937   0.00312   0.00936   0.00000   0.00623   0.02859   0.01936   0.01238   0.05636   2.46693   2.26849  -1.13887   0.00866  
 62 10.4950   1806.432580  x:  0.00000   0.00621   0.00000   0.00310   0.00000   0.00311   0.00000   0.00000   0.00000   0.00000   0.00622   0.00000   0.00623   0.00000   0.00000   0.00000   0.00926   0.00623   0.01247   0.00926   0.00000   0.00937   0.00312   0.00936   0.00000   0.00623   0.02859   0.01936   0.01238   0.05636   2.46692   2.26848  -1.13886   0.00866  
 63  0.3599   1806.432580  x:  0.00000   0.00621   0.00000   0.00310   0.00000   0.00311   0.00000   0.00000   0.00000   0.00000   0.00622   0.00000   0.00623   0.00000   0.00000   0.00000   0.00926   0.00623   0.01247   0.00926   0.00000   0.00937   0.00312   0.00937   0.00000   0.00623   0.02859   0.01936   0.01238   0.05636   2.46695   2.26848  -1.13886   0.00866  
 64  0.0304   1806.432560  x:  0.00000   0.00622   0.00000   0.00310   0.00000   0.00311   0.00000   0.00000   0.00000   0.00000   0.00622   0.00000   0.00623   0.00000   0.00000   0.00000   0.00927   0.00623   0.01247   0.00924   0.00000   0.00935   0.00312   0.00938   0.00000   0.00622   0.02859   0.01936   0.01238   0.05636   2.46759   2.26835  -1.13873   0.00865  
 65  0.9800   1806.431968  x:  0.00000   0.00621   0.00000   0.00310   0.00000   0.00311   0.00000   0.00000   0.00000   0.00000   0.00622   0.00000   0.00622   0.00000   0.00000   0.00000   0.00929   0.00623   0.01246   0.00930   0.00000   0.00936   0.00312   0.00938   0.00000   0.00623   0.02861   0.01934   0.01239   0.05636   2.48672   2.26449  -1.13487   0.00837  
 66 24.8269   1806.431817  x:  0.00000   0.00621   0.00000   0.00310   0.00000   0.00311   0.00000   0.00000   0.00000   0.00000   0.00622   0.00000   0.00622   0.00000   0.00000   0.00000   0.00932   0.00623   0.01246   0.00933   0.00000   0.00936   0.00311   0.00939   0.00000   0.00623   0.02864   0.01933   0.01239   0.05638   2.48067   2.26538  -1.13575   0.00825  
 67  0.0078   1806.431807  x:  0.00000   0.00621   0.00000   0.00310   0.00000   0.00311   0.00000   0.00000   0.00000   0.00000   0.00622   0.00000   0.00622   0.00000   0.00000   0.00000   0.00932   0.00623   0.01247   0.00933   0.00000   0.00936   0.00312   0.00939   0.00000   0.00623   0.02866   0.01933   0.01239   0.05640   2.48029   2.26404  -1.13439   0.00821  
 68  0.0019   1806.431807  x:  0.00000   0.00621   0.00000   0.00310   0.00000   0.00311   0.00000   0.00000   0.00000   0.00000   0.00622   0.00000   0.00622   0.00000   0.00000   0.00000   0.00932   0.00623   0.01247   0.00933   0.00000   0.00936   0.00312   0.00939   0.00000   0.00623   0.02867   0.01933   0.01239   0.05640   2.48032   2.26413  -1.13448   0.00822  
 69  0.0002   1806.431807  x:  0.00000   0.00621   0.00000   0.00310   0.00000   0.00311   0.00000   0.00000   0.00000   0.00000   0.00622   0.00000   0.00622   0.00000   0.00000   0.00000   0.00932   0.00623   0.01247   0.00933   0.00000   0.00936   0.00312   0.00939   0.00000   0.00623   0.02867   0.01933   0.01239   0.05640   2.48036   2.26422  -1.13455   0.00822  
 70  0.0002   1806.431807  x:  0.00000   0.00621   0.00000   0.00310   0.00000   0.00311   0.00000   0.00000   0.00000   0.00000   0.00622   0.00000   0.00622   0.00000   0.00000   0.00000   0.00932   0.00623   0.01247   0.00933   0.00000   0.00936   0.00312   0.00939   0.00000   0.00623   0.02867   0.01933   0.01239   0.05640   2.48036   2.26422  -1.13455   0.00822  
 71  0.0000   1806.431807  x:  0.00000   0.00621   0.00000   0.00310   0.00000   0.00311   0.00000   0.00000   0.00000   0.00000   0.00622   0.00000   0.00622   0.00000   0.00000   0.00000   0.00932   0.00623   0.01247   0.00933   0.00000   0.00936   0.00312   0.00939   0.00000   0.00623   0.02867   0.01933   0.01239   0.05640   2.48036   2.26422  -1.13455   0.00822  
check convergence!
