Supplemental results for CODEML (seqf: /Users/YY/Desktop/get/branch_site/modify/modify_trim_muscle_ndhK.fa  treef: /Users/YY/Desktop/get/branch_site/16gene_topu.tree)


dN/dS (w) for site classes (K=4)

site class             0        1       2a       2b
proportion       0.94415  0.05581  0.00004  0.00000
background w     0.05813  1.00000  0.05813  1.00000
foreground w     0.05813  1.00000  1.00000  1.00000

Naive Empirical Bayes (NEB) probabilities for 4 classes
(amino acids refer to 1st sequence: KM035851)

   1 M   0.98079 0.01917 0.00004 0.00000 ( 1)
   2 N   0.78020 0.21976 0.00003 0.00001 ( 1)
   3 S   0.59230 0.40766 0.00002 0.00002 ( 1)
   4 I   0.96633 0.03363 0.00004 0.00000 ( 1)
   5 E   0.62980 0.37016 0.00002 0.00001 ( 1)
   6 F   0.98430 0.01566 0.00004 0.00000 ( 1)
   7 P   0.59477 0.40519 0.00002 0.00002 ( 1)
   8 L   0.66761 0.33235 0.00003 0.00001 ( 1)
   9 L   0.98096 0.01900 0.00004 0.00000 ( 1)
  10 D   0.98435 0.01561 0.00004 0.00000 ( 1)
  11 R   0.96532 0.03464 0.00004 0.00000 ( 1)
  12 T   0.98116 0.01881 0.00004 0.00000 ( 1)
  13 T   0.96353 0.03643 0.00004 0.00000 ( 1)
  14 Q   0.97222 0.02774 0.00004 0.00000 ( 1)
  15 N   0.98548 0.01448 0.00004 0.00000 ( 1)
  16 S   0.97429 0.02568 0.00004 0.00000 ( 1)
  17 V   0.98339 0.01657 0.00004 0.00000 ( 1)
  18 I   0.98507 0.01489 0.00004 0.00000 ( 1)
  19 S   0.97429 0.02568 0.00004 0.00000 ( 1)
  20 T   0.98411 0.01585 0.00004 0.00000 ( 1)
  21 T   0.98116 0.01881 0.00004 0.00000 ( 1)
  22 S   0.97429 0.02568 0.00004 0.00000 ( 1)
  23 N   0.97524 0.02472 0.00004 0.00000 ( 1)
  24 D   0.98435 0.01561 0.00004 0.00000 ( 1)
  25 L   0.98096 0.01900 0.00004 0.00000 ( 1)
  26 S   0.97429 0.02568 0.00004 0.00000 ( 1)
  27 N   0.98548 0.01448 0.00004 0.00000 ( 1)
  28 W   0.95972 0.04024 0.00004 0.00000 ( 1)
  29 S   0.97429 0.02568 0.00004 0.00000 ( 1)
  30 R   0.97896 0.02100 0.00004 0.00000 ( 1)
  31 L   0.98096 0.01900 0.00004 0.00000 ( 1)
  32 S   0.98149 0.01848 0.00004 0.00000 ( 1)
  33 S   0.98392 0.01604 0.00004 0.00000 ( 1)
  34 L   0.97250 0.02747 0.00004 0.00000 ( 1)
  35 W   0.95972 0.04024 0.00004 0.00000 ( 1)
  36 P   0.96264 0.03733 0.00004 0.00000 ( 1)
  37 L   0.98096 0.01900 0.00004 0.00000 ( 1)
  38 L   0.96115 0.03881 0.00004 0.00000 ( 1)
  39 Y   0.97989 0.02007 0.00004 0.00000 ( 1)
  40 G   0.97978 0.02019 0.00004 0.00000 ( 1)
  41 T   0.96695 0.03301 0.00004 0.00000 ( 1)
  42 S   0.98392 0.01604 0.00004 0.00000 ( 1)
  43 C   0.97910 0.02086 0.00004 0.00000 ( 1)
  44 C   0.96064 0.03932 0.00004 0.00000 ( 1)
  45 F   0.96719 0.03277 0.00004 0.00000 ( 1)
  46 I   0.98507 0.01489 0.00004 0.00000 ( 1)
  47 E   0.97997 0.01999 0.00004 0.00000 ( 1)
  48 F   0.98430 0.01566 0.00004 0.00000 ( 1)
  49 A   0.98322 0.01674 0.00004 0.00000 ( 1)
  50 S   0.97429 0.02568 0.00004 0.00000 ( 1)
  51 L   0.97003 0.02994 0.00004 0.00000 ( 1)
  52 I   0.98403 0.01593 0.00004 0.00000 ( 1)
  53 G   0.96032 0.03964 0.00004 0.00000 ( 1)
  54 S   0.97294 0.02702 0.00004 0.00000 ( 1)
  55 R   0.96532 0.03464 0.00004 0.00000 ( 1)
  56 F   0.96719 0.03277 0.00004 0.00000 ( 1)
  57 D   0.96961 0.03035 0.00004 0.00000 ( 1)
  58 F   0.98430 0.01566 0.00004 0.00000 ( 1)
  59 D   0.98435 0.01561 0.00004 0.00000 ( 1)
  60 R   0.97687 0.02309 0.00004 0.00000 ( 1)
  61 Y   0.97989 0.02007 0.00004 0.00000 ( 1)
  62 G   0.97472 0.02524 0.00004 0.00000 ( 1)
  63 L   0.96982 0.03014 0.00004 0.00000 ( 1)
  64 V   0.96293 0.03703 0.00004 0.00000 ( 1)
  65 P   0.97773 0.02224 0.00004 0.00000 ( 1)
  66 R   0.97896 0.02100 0.00004 0.00000 ( 1)
  67 S   0.97429 0.02568 0.00004 0.00000 ( 1)
  68 S   0.98392 0.01604 0.00004 0.00000 ( 1)
  69 P   0.98075 0.01922 0.00004 0.00000 ( 1)
  70 R   0.97896 0.02100 0.00004 0.00000 ( 1)
  71 Q   0.97222 0.02774 0.00004 0.00000 ( 1)
  72 A   0.96518 0.03478 0.00004 0.00000 ( 1)
  73 D   0.96708 0.03289 0.00004 0.00000 ( 1)
  74 L   0.97251 0.02745 0.00004 0.00000 ( 1)
  75 I   0.98507 0.01489 0.00004 0.00000 ( 1)
  76 L   0.97250 0.02747 0.00004 0.00000 ( 1)
  77 T   0.98116 0.01881 0.00004 0.00000 ( 1)
  78 A   0.96280 0.03716 0.00004 0.00000 ( 1)
  79 G   0.97505 0.02491 0.00004 0.00000 ( 1)
  80 T   0.98116 0.01881 0.00004 0.00000 ( 1)
  81 V   0.97887 0.02109 0.00004 0.00000 ( 1)
  82 T   0.98116 0.01881 0.00004 0.00000 ( 1)
  83 M   0.98079 0.01917 0.00004 0.00000 ( 1)
  84 K   0.98142 0.01854 0.00004 0.00000 ( 1)
  85 M   0.98079 0.01917 0.00004 0.00000 ( 1)
  86 A   0.97675 0.02321 0.00004 0.00000 ( 1)
  87 P   0.96100 0.03896 0.00004 0.00000 ( 1)
  88 S   0.97975 0.02022 0.00004 0.00000 ( 1)
  89 L   0.96416 0.03580 0.00004 0.00000 ( 1)
  90 V   0.96394 0.03602 0.00004 0.00000 ( 1)
  91 R   0.97896 0.02100 0.00004 0.00000 ( 1)
  92 L   0.97250 0.02747 0.00004 0.00000 ( 1)
  93 Y   0.97989 0.02007 0.00004 0.00000 ( 1)
  94 E   0.96691 0.03306 0.00004 0.00000 ( 1)
  95 Q   0.97222 0.02774 0.00004 0.00000 ( 1)
  96 M   0.98079 0.01917 0.00004 0.00000 ( 1)
  97 P   0.97958 0.02038 0.00004 0.00000 ( 1)
  98 E   0.97997 0.01999 0.00004 0.00000 ( 1)
  99 P   0.97773 0.02224 0.00004 0.00000 ( 1)
 100 K   0.98142 0.01854 0.00004 0.00000 ( 1)
 101 Y   0.97989 0.02007 0.00004 0.00000 ( 1)
 102 V   0.98339 0.01657 0.00004 0.00000 ( 1)
 103 I   0.98467 0.01529 0.00004 0.00000 ( 1)
 104 A   0.98322 0.01674 0.00004 0.00000 ( 1)
 105 M   0.98079 0.01917 0.00004 0.00000 ( 1)
 106 G   0.97505 0.02491 0.00004 0.00000 ( 1)
 107 A   0.98023 0.01973 0.00004 0.00000 ( 1)
 108 C   0.97910 0.02086 0.00004 0.00000 ( 1)
 109 T   0.98116 0.01881 0.00004 0.00000 ( 1)
 110 I   0.98507 0.01489 0.00004 0.00000 ( 1)
 111 S   0.97294 0.02702 0.00004 0.00000 ( 1)
 112 G   0.96123 0.03873 0.00004 0.00000 ( 1)
 113 G   0.96123 0.03873 0.00004 0.00000 ( 1)
 114 M   0.98079 0.01917 0.00004 0.00000 ( 1)
 115 F   0.96719 0.03277 0.00004 0.00000 ( 1)
 116 S   0.98392 0.01604 0.00004 0.00000 ( 1)
 117 T   0.77942 0.22054 0.00003 0.00001 ( 1)
 118 D   0.98435 0.01561 0.00004 0.00000 ( 1)
 119 S   0.98149 0.01848 0.00004 0.00000 ( 1)
 120 Y   0.97989 0.02007 0.00004 0.00000 ( 1)
 121 S   0.98392 0.01604 0.00004 0.00000 ( 1)
 122 T   0.98411 0.01585 0.00004 0.00000 ( 1)
 123 V   0.98339 0.01657 0.00004 0.00000 ( 1)
 124 R   0.95922 0.04074 0.00004 0.00000 ( 1)
 125 G   0.97505 0.02491 0.00004 0.00000 ( 1)
 126 V   0.97081 0.02916 0.00004 0.00000 ( 1)
 127 D   0.98435 0.01561 0.00004 0.00000 ( 1)
 128 K   0.96881 0.03115 0.00004 0.00000 ( 1)
 129 L   0.97209 0.02787 0.00004 0.00000 ( 1)
 130 I   0.98507 0.01489 0.00004 0.00000 ( 1)
 131 P   0.98075 0.01922 0.00004 0.00000 ( 1)
 132 V   0.98041 0.01956 0.00004 0.00000 ( 1)
 133 D   0.98435 0.01561 0.00004 0.00000 ( 1)
 134 V   0.96293 0.03703 0.00004 0.00000 ( 1)
 135 Y   0.97989 0.02007 0.00004 0.00000 ( 1)
 136 L   0.96586 0.03411 0.00004 0.00000 ( 1)
 137 P   0.97590 0.02406 0.00004 0.00000 ( 1)
 138 G   0.97873 0.02123 0.00004 0.00000 ( 1)
 139 C   0.97910 0.02086 0.00004 0.00000 ( 1)
 140 P   0.97758 0.02238 0.00004 0.00000 ( 1)
 141 P   0.97221 0.02775 0.00004 0.00000 ( 1)
 142 K   0.98142 0.01854 0.00004 0.00000 ( 1)
 143 P   0.96193 0.03803 0.00004 0.00000 ( 1)
 144 E   0.97997 0.01999 0.00004 0.00000 ( 1)
 145 A   0.98023 0.01973 0.00004 0.00000 ( 1)
 146 V   0.98339 0.01657 0.00004 0.00000 ( 1)
 147 I   0.98403 0.01593 0.00004 0.00000 ( 1)
 148 D   0.98435 0.01561 0.00004 0.00000 ( 1)
 149 A   0.98322 0.01674 0.00004 0.00000 ( 1)
 150 I   0.98403 0.01593 0.00004 0.00000 ( 1)
 151 T   0.98116 0.01881 0.00004 0.00000 ( 1)
 152 K   0.98046 0.01950 0.00004 0.00000 ( 1)
 153 L   0.98096 0.01900 0.00004 0.00000 ( 1)
 154 R   0.97687 0.02309 0.00004 0.00000 ( 1)
 155 K   0.96881 0.03115 0.00004 0.00000 ( 1)
 156 K   0.98142 0.01854 0.00004 0.00000 ( 1)
 157 I   0.98397 0.01599 0.00004 0.00000 ( 1)
 158 S   0.98149 0.01848 0.00004 0.00000 ( 1)
 159 R   0.96532 0.03464 0.00004 0.00000 ( 1)
 160 E   0.97997 0.01999 0.00004 0.00000 ( 1)
 161 I   0.96565 0.03431 0.00004 0.00000 ( 1)
 162 Y   0.97989 0.02007 0.00004 0.00000 ( 1)
 163 E   0.97997 0.01999 0.00004 0.00000 ( 1)
 164 D   0.78536 0.21461 0.00003 0.00001 ( 1)
 165 R   0.97896 0.02100 0.00004 0.00000 ( 1)
 166 I   0.98461 0.01535 0.00004 0.00000 ( 1)
 167 K   0.96881 0.03115 0.00004 0.00000 ( 1)
 168 S   0.98149 0.01848 0.00004 0.00000 ( 1)
 169 Q   0.97222 0.02774 0.00004 0.00000 ( 1)
 170 R   0.07861 0.92135 0.00000 0.00004 ( 2)
 171 E   0.96691 0.03306 0.00004 0.00000 ( 1)
 172 N   0.98548 0.01448 0.00004 0.00000 ( 1)
 173 R   0.95777 0.04219 0.00004 0.00000 ( 1)
 174 C   0.97910 0.02086 0.00004 0.00000 ( 1)
 175 F   0.98430 0.01566 0.00004 0.00000 ( 1)
 176 T   0.98101 0.01895 0.00004 0.00000 ( 1)
 177 T   0.96695 0.03301 0.00004 0.00000 ( 1)
 178 N   0.98548 0.01448 0.00004 0.00000 ( 1)
 179 H   0.96519 0.03477 0.00004 0.00000 ( 1)
 180 K   0.98123 0.01873 0.00004 0.00000 ( 1)
 181 F   0.75417 0.24579 0.00003 0.00001 ( 1)
 182 K   0.63598 0.36398 0.00002 0.00001 ( 1)
 183 V   0.98280 0.01716 0.00004 0.00000 ( 1)
 184 G   0.58648 0.41348 0.00002 0.00002 ( 1)
 185 R   0.97687 0.02309 0.00004 0.00000 ( 1)
 186 S   0.98392 0.01604 0.00004 0.00000 ( 1)
 187 I   0.98507 0.01489 0.00004 0.00000 ( 1)
 188 H   0.98180 0.01817 0.00004 0.00000 ( 1)
 189 T   0.98353 0.01643 0.00004 0.00000 ( 1)
 190 G   0.69619 0.30377 0.00003 0.00001 ( 1)
 191 N   0.98548 0.01448 0.00004 0.00000 ( 1)
 192 Y   0.96944 0.03052 0.00004 0.00000 ( 1)
 193 D   0.98435 0.01561 0.00004 0.00000 ( 1)
 194 R   0.95777 0.04219 0.00004 0.00000 ( 1)
 195 E   0.60343 0.39653 0.00002 0.00002 ( 1)
 196 F   0.96719 0.03277 0.00004 0.00000 ( 1)
 197 L   0.98096 0.01900 0.00004 0.00000 ( 1)
 198 Y   0.97989 0.02007 0.00004 0.00000 ( 1)
 199 Q   0.97222 0.02774 0.00004 0.00000 ( 1)
 200 P   0.96193 0.03803 0.00004 0.00000 ( 1)
 201 P   0.12102 0.87894 0.00000 0.00003 ( 2)
 202 S   0.73258 0.26739 0.00003 0.00001 ( 1)
 203 T   0.98411 0.01585 0.00004 0.00000 ( 1)
 204 S   0.97368 0.02628 0.00004 0.00000 ( 1)
 205 E   0.96691 0.03306 0.00004 0.00000 ( 1)
 206 I   0.96565 0.03431 0.00004 0.00000 ( 1)
 207 P   0.98015 0.01981 0.00004 0.00000 ( 1)
 208 P   0.58499 0.41497 0.00002 0.00002 ( 1)
 209 E   0.97997 0.01999 0.00004 0.00000 ( 1)
 210 T   0.74571 0.25426 0.00003 0.00001 ( 1)
 211 F   0.98430 0.01566 0.00004 0.00000 ( 1)
 212 F   0.96719 0.03277 0.00004 0.00000 ( 1)
 213 K   0.98142 0.01854 0.00004 0.00000 ( 1)
 214 Y   0.96044 0.03952 0.00004 0.00000 ( 1)
 215 K   0.98142 0.01854 0.00004 0.00000 ( 1)
 216 S   0.98392 0.01604 0.00004 0.00000 ( 1)
 217 S   0.97429 0.02568 0.00004 0.00000 ( 1)
 218 V   0.60724 0.39272 0.00002 0.00002 ( 1)
 219 S   0.98149 0.01848 0.00004 0.00000 ( 1)
 220 S   0.96154 0.03842 0.00004 0.00000 ( 1)
 221 H   0.96628 0.03368 0.00004 0.00000 ( 1)
 222 E   0.97997 0.01999 0.00004 0.00000 ( 1)
 223 L   0.68671 0.31325 0.00003 0.00001 ( 1)
 224 V   0.61070 0.38926 0.00002 0.00001 ( 1)
 225 N   0.98548 0.01448 0.00004 0.00000 ( 1)


lnL = -1387.150703

Bayes Empirical Bayes (BEB) probabilities for 4 classes (class)
(amino acids refer to 1st sequence: KM035851)

   1 M   0.67264 0.01659 0.30229 0.00848 ( 1)
   2 N   0.49457 0.19466 0.21411 0.09666 ( 1)
   3 S   0.35591 0.33331 0.14929 0.16149 ( 1)
   4 I   0.66017 0.02905 0.29596 0.01482 ( 1)
   5 E   0.38208 0.30714 0.16126 0.14952 ( 1)
   6 F   0.67568 0.01355 0.30384 0.00693 ( 1)
   7 P   0.35761 0.33161 0.15006 0.16072 ( 1)
   8 L   0.40917 0.28005 0.17378 0.13700 ( 1)
   9 L   0.67278 0.01645 0.30237 0.00841 ( 1)
  10 D   0.67572 0.01351 0.30386 0.00691 ( 1)
  11 R   0.65931 0.02991 0.29552 0.01526 ( 1)
  12 T   0.67295 0.01628 0.30245 0.00832 ( 1)
  13 T   0.65778 0.03145 0.29474 0.01603 ( 1)
  14 Q   0.66524 0.02399 0.29853 0.01225 ( 1)
  15 N   0.67670 0.01254 0.30436 0.00641 ( 1)
  16 S   0.66701 0.02221 0.29943 0.01134 ( 1)
  17 V   0.67488 0.01435 0.30344 0.00733 ( 1)
  18 I   0.67635 0.01289 0.30418 0.00659 ( 1)
  19 S   0.66701 0.02221 0.29943 0.01134 ( 1)
  20 T   0.67551 0.01372 0.30375 0.00702 ( 1)
  21 T   0.67295 0.01628 0.30245 0.00832 ( 1)
  22 S   0.66701 0.02221 0.29943 0.01134 ( 1)
  23 N   0.66784 0.02139 0.29985 0.01092 ( 1)
  24 D   0.67572 0.01351 0.30386 0.00691 ( 1)
  25 L   0.67278 0.01645 0.30237 0.00841 ( 1)
  26 S   0.66701 0.02221 0.29943 0.01134 ( 1)
  27 N   0.67670 0.01254 0.30436 0.00641 ( 1)
  28 W   0.65452 0.03470 0.29310 0.01768 ( 1)
  29 S   0.66701 0.02221 0.29943 0.01134 ( 1)
  30 R   0.67105 0.01818 0.30149 0.00929 ( 1)
  31 L   0.67278 0.01645 0.30237 0.00841 ( 1)
  32 S   0.67323 0.01599 0.30260 0.00817 ( 1)
  33 S   0.67534 0.01389 0.30367 0.00710 ( 1)
  34 L   0.66547 0.02375 0.29865 0.01213 ( 1)
  35 W   0.65452 0.03470 0.29310 0.01768 ( 1)
  36 P   0.65701 0.03221 0.29436 0.01642 ( 1)
  37 L   0.67278 0.01645 0.30237 0.00841 ( 1)
  38 L   0.65574 0.03348 0.29371 0.01707 ( 1)
  39 Y   0.67185 0.01737 0.30189 0.00888 ( 1)
  40 G   0.67176 0.01747 0.30184 0.00893 ( 1)
  41 T   0.66071 0.02851 0.29623 0.01455 ( 1)
  42 S   0.67534 0.01389 0.30367 0.00710 ( 1)
  43 C   0.67117 0.01806 0.30155 0.00923 ( 1)
  44 C   0.65531 0.03391 0.29349 0.01729 ( 1)
  45 F   0.66091 0.02831 0.29634 0.01444 ( 1)
  46 I   0.67635 0.01289 0.30418 0.00659 ( 1)
  47 E   0.67192 0.01731 0.30193 0.00884 ( 1)
  48 F   0.67568 0.01355 0.30384 0.00693 ( 1)
  49 A   0.67474 0.01449 0.30336 0.00741 ( 1)
  50 S   0.66701 0.02221 0.29943 0.01134 ( 1)
  51 L   0.66335 0.02588 0.29757 0.01321 ( 1)
  52 I   0.67544 0.01379 0.30372 0.00705 ( 1)
  53 G   0.65503 0.03419 0.29336 0.01742 ( 1)
  54 S   0.66586 0.02337 0.29884 0.01193 ( 1)
  55 R   0.65931 0.02991 0.29552 0.01526 ( 1)
  56 F   0.66091 0.02831 0.29634 0.01444 ( 1)
  57 D   0.66299 0.02623 0.29739 0.01339 ( 1)
  58 F   0.67568 0.01355 0.30384 0.00693 ( 1)
  59 D   0.67572 0.01351 0.30386 0.00691 ( 1)
  60 R   0.66924 0.01998 0.30057 0.01021 ( 1)
  61 Y   0.67185 0.01737 0.30189 0.00888 ( 1)
  62 G   0.66739 0.02184 0.29962 0.01115 ( 1)
  63 L   0.66317 0.02605 0.29748 0.01330 ( 1)
  64 V   0.65726 0.03196 0.29448 0.01629 ( 1)
  65 P   0.66998 0.01924 0.30094 0.00983 ( 1)
  66 R   0.67105 0.01818 0.30149 0.00929 ( 1)
  67 S   0.66701 0.02221 0.29943 0.01134 ( 1)
  68 S   0.67534 0.01389 0.30367 0.00710 ( 1)
  69 P   0.67259 0.01663 0.30227 0.00850 ( 1)
  70 R   0.67105 0.01818 0.30149 0.00929 ( 1)
  71 Q   0.66524 0.02399 0.29853 0.01225 ( 1)
  72 A   0.65919 0.03003 0.29546 0.01532 ( 1)
  73 D   0.66081 0.02841 0.29628 0.01449 ( 1)
  74 L   0.66548 0.02374 0.29866 0.01212 ( 1)
  75 I   0.67635 0.01289 0.30418 0.00659 ( 1)
  76 L   0.66547 0.02375 0.29865 0.01213 ( 1)
  77 T   0.67295 0.01628 0.30245 0.00832 ( 1)
  78 A   0.65715 0.03207 0.29443 0.01635 ( 1)
  79 G   0.66768 0.02155 0.29977 0.01100 ( 1)
  80 T   0.67295 0.01628 0.30245 0.00832 ( 1)
  81 V   0.67097 0.01826 0.30144 0.00933 ( 1)
  82 T   0.67295 0.01628 0.30245 0.00832 ( 1)
  83 M   0.67264 0.01659 0.30229 0.00848 ( 1)
  84 K   0.67318 0.01605 0.30257 0.00820 ( 1)
  85 M   0.67264 0.01659 0.30229 0.00848 ( 1)
  86 A   0.66915 0.02008 0.30051 0.01026 ( 1)
  87 P   0.65561 0.03361 0.29365 0.01713 ( 1)
  88 S   0.67173 0.01750 0.30183 0.00894 ( 1)
  89 L   0.65832 0.03090 0.29502 0.01576 ( 1)
  90 V   0.65813 0.03109 0.29492 0.01586 ( 1)
  91 R   0.67105 0.01818 0.30149 0.00929 ( 1)
  92 L   0.66547 0.02375 0.29865 0.01213 ( 1)
  93 Y   0.67185 0.01737 0.30189 0.00888 ( 1)
  94 E   0.66067 0.02856 0.29621 0.01457 ( 1)
  95 Q   0.66524 0.02399 0.29853 0.01225 ( 1)
  96 M   0.67264 0.01659 0.30229 0.00848 ( 1)
  97 P   0.67159 0.01764 0.30176 0.00901 ( 1)
  98 E   0.67192 0.01731 0.30193 0.00884 ( 1)
  99 P   0.66998 0.01924 0.30094 0.00983 ( 1)
 100 K   0.67318 0.01605 0.30257 0.00820 ( 1)
 101 Y   0.67185 0.01737 0.30189 0.00888 ( 1)
 102 V   0.67488 0.01435 0.30344 0.00733 ( 1)
 103 I   0.67600 0.01323 0.30400 0.00677 ( 1)
 104 A   0.67474 0.01449 0.30336 0.00741 ( 1)
 105 M   0.67264 0.01659 0.30229 0.00848 ( 1)
 106 G   0.66768 0.02155 0.29977 0.01100 ( 1)
 107 A   0.67215 0.01708 0.30204 0.00873 ( 1)
 108 C   0.67117 0.01806 0.30155 0.00923 ( 1)
 109 T   0.67295 0.01628 0.30245 0.00832 ( 1)
 110 I   0.67635 0.01289 0.30418 0.00659 ( 1)
 111 S   0.66586 0.02337 0.29884 0.01193 ( 1)
 112 G   0.65581 0.03341 0.29375 0.01703 ( 1)
 113 G   0.65581 0.03341 0.29375 0.01703 ( 1)
 114 M   0.67264 0.01659 0.30229 0.00848 ( 1)
 115 F   0.66091 0.02831 0.29634 0.01444 ( 1)
 116 S   0.67534 0.01389 0.30367 0.00710 ( 1)
 117 T   0.49395 0.19528 0.21382 0.09695 ( 1)
 118 D   0.67572 0.01351 0.30386 0.00691 ( 1)
 119 S   0.67323 0.01599 0.30260 0.00817 ( 1)
 120 Y   0.67185 0.01737 0.30189 0.00888 ( 1)
 121 S   0.67534 0.01389 0.30367 0.00710 ( 1)
 122 T   0.67551 0.01372 0.30375 0.00702 ( 1)
 123 V   0.67488 0.01435 0.30344 0.00733 ( 1)
 124 R   0.65409 0.03513 0.29288 0.01790 ( 1)
 125 G   0.66768 0.02155 0.29977 0.01100 ( 1)
 126 V   0.66402 0.02521 0.29790 0.01287 ( 1)
 127 D   0.67572 0.01351 0.30386 0.00691 ( 1)
 128 K   0.66230 0.02692 0.29704 0.01374 ( 1)
 129 L   0.66513 0.02410 0.29847 0.01230 ( 1)
 130 I   0.67635 0.01289 0.30418 0.00659 ( 1)
 131 P   0.67259 0.01663 0.30227 0.00850 ( 1)
 132 V   0.67230 0.01693 0.30212 0.00865 ( 1)
 133 D   0.67572 0.01351 0.30386 0.00691 ( 1)
 134 V   0.65726 0.03196 0.29448 0.01629 ( 1)
 135 Y   0.67185 0.01737 0.30189 0.00888 ( 1)
 136 L   0.65977 0.02945 0.29575 0.01502 ( 1)
 137 P   0.66841 0.02082 0.30014 0.01063 ( 1)
 138 G   0.67085 0.01838 0.30138 0.00939 ( 1)
 139 C   0.67117 0.01806 0.30155 0.00923 ( 1)
 140 P   0.66986 0.01937 0.30088 0.00989 ( 1)
 141 P   0.66523 0.02400 0.29852 0.01225 ( 1)
 142 K   0.67318 0.01605 0.30257 0.00820 ( 1)
 143 P   0.65641 0.03281 0.29405 0.01673 ( 1)
 144 E   0.67192 0.01731 0.30193 0.00884 ( 1)
 145 A   0.67215 0.01708 0.30204 0.00873 ( 1)
 146 V   0.67488 0.01435 0.30344 0.00733 ( 1)
 147 I   0.67544 0.01379 0.30372 0.00705 ( 1)
 148 D   0.67572 0.01351 0.30386 0.00691 ( 1)
 149 A   0.67474 0.01449 0.30336 0.00741 ( 1)
 150 I   0.67544 0.01379 0.30372 0.00705 ( 1)
 151 T   0.67295 0.01628 0.30245 0.00832 ( 1)
 152 K   0.67235 0.01688 0.30215 0.00862 ( 1)
 153 L   0.67278 0.01645 0.30237 0.00841 ( 1)
 154 R   0.66924 0.01998 0.30057 0.01021 ( 1)
 155 K   0.66230 0.02692 0.29704 0.01374 ( 1)
 156 K   0.67318 0.01605 0.30257 0.00820 ( 1)
 157 I   0.67539 0.01384 0.30369 0.00708 ( 1)
 158 S   0.67323 0.01599 0.30260 0.00817 ( 1)
 159 R   0.65931 0.02991 0.29552 0.01526 ( 1)
 160 E   0.67192 0.01731 0.30193 0.00884 ( 1)
 161 I   0.65959 0.02963 0.29567 0.01511 ( 1)
 162 Y   0.67185 0.01737 0.30189 0.00888 ( 1)
 163 E   0.67192 0.01731 0.30193 0.00884 ( 1)
 164 D   0.49866 0.19057 0.21608 0.09469 ( 1)
 165 R   0.67105 0.01818 0.30149 0.00929 ( 1)
 166 I   0.67595 0.01328 0.30398 0.00679 ( 1)
 167 K   0.66230 0.02692 0.29704 0.01374 ( 1)
 168 S   0.67323 0.01599 0.30260 0.00817 ( 1)
 169 Q   0.66524 0.02399 0.29853 0.01225 ( 1)
 170 R   0.03862 0.65060 0.01478 0.29600 ( 2)
 171 E   0.66067 0.02856 0.29621 0.01457 ( 1)
 172 N   0.67670 0.01254 0.30436 0.00641 ( 1)
 173 R   0.65285 0.03636 0.29225 0.01853 ( 1)
 174 C   0.67117 0.01806 0.30155 0.00923 ( 1)
 175 F   0.67568 0.01355 0.30384 0.00693 ( 1)
 176 T   0.67282 0.01640 0.30239 0.00838 ( 1)
 177 T   0.66071 0.02851 0.29623 0.01455 ( 1)
 178 N   0.67670 0.01254 0.30436 0.00641 ( 1)
 179 H   0.65920 0.03002 0.29547 0.01531 ( 1)
 180 K   0.67302 0.01621 0.30249 0.00829 ( 1)
 181 F   0.47413 0.21510 0.20434 0.10643 ( 1)
 182 K   0.38647 0.30276 0.16327 0.14750 ( 1)
 183 V   0.67438 0.01485 0.30318 0.00759 ( 1)
 184 G   0.35191 0.33731 0.14747 0.16332 ( 1)
 185 R   0.66924 0.01998 0.30057 0.01021 ( 1)
 186 S   0.67534 0.01389 0.30367 0.00710 ( 1)
 187 I   0.67635 0.01289 0.30418 0.00659 ( 1)
 188 H   0.67350 0.01573 0.30273 0.00804 ( 1)
 189 T   0.67501 0.01422 0.30350 0.00727 ( 1)
 190 G   0.43013 0.25909 0.18356 0.12722 ( 1)
 191 N   0.67670 0.01254 0.30436 0.00641 ( 1)
 192 Y   0.66285 0.02637 0.29732 0.01346 ( 1)
 193 D   0.67572 0.01351 0.30386 0.00691 ( 1)
 194 R   0.65285 0.03636 0.29225 0.01853 ( 1)
 195 E   0.36361 0.32561 0.15279 0.15799 ( 1)
 196 F   0.66091 0.02831 0.29634 0.01444 ( 1)
 197 L   0.67278 0.01645 0.30237 0.00841 ( 1)
 198 Y   0.67185 0.01737 0.30189 0.00888 ( 1)
 199 Q   0.66524 0.02399 0.29853 0.01225 ( 1)
 200 P   0.65641 0.03281 0.29405 0.01673 ( 1)
 201 P   0.05994 0.62929 0.02313 0.28764 ( 2)
 202 S   0.45750 0.23173 0.19644 0.11433 ( 1)
 203 T   0.67551 0.01372 0.30375 0.00702 ( 1)
 204 S   0.66649 0.02273 0.29917 0.01161 ( 1)
 205 E   0.66067 0.02856 0.29621 0.01457 ( 1)
 206 I   0.65959 0.02963 0.29567 0.01511 ( 1)
 207 P   0.67208 0.01715 0.30201 0.00876 ( 1)
 208 P   0.35088 0.33834 0.14700 0.16378 ( 1)
 209 E   0.67192 0.01731 0.30193 0.00884 ( 1)
 210 T   0.46758 0.22165 0.20123 0.10955 ( 1)
 211 F   0.67568 0.01355 0.30384 0.00693 ( 1)
 212 F   0.66091 0.02831 0.29634 0.01444 ( 1)
 213 K   0.67318 0.01605 0.30257 0.00820 ( 1)
 214 Y   0.65514 0.03408 0.29341 0.01737 ( 1)
 215 K   0.67318 0.01605 0.30257 0.00820 ( 1)
 216 S   0.67534 0.01389 0.30367 0.00710 ( 1)
 217 S   0.66701 0.02221 0.29943 0.01134 ( 1)
 218 V   0.36626 0.32296 0.15401 0.15677 ( 1)
 219 S   0.67323 0.01599 0.30260 0.00817 ( 1)
 220 S   0.65607 0.03315 0.29388 0.01690 ( 1)
 221 H   0.66013 0.02909 0.29594 0.01484 ( 1)
 222 E   0.67192 0.01731 0.30193 0.00884 ( 1)
 223 L   0.42313 0.26609 0.18028 0.13049 ( 1)
 224 V   0.36869 0.32053 0.15512 0.15566 ( 1)
 225 N   0.67670 0.01254 0.30436 0.00641 ( 1)

