

TREE # 1

  0  0.0000   1494.856478  x:  0.00000   0.01414   0.03894   0.01686   0.04463   0.04372   0.02067   0.02658   0.04355   0.01267   0.03276   0.01637   0.01681   0.01336   0.01254   0.04170   0.04147   0.02188   0.04208   0.03585   0.04287   0.03723   0.01386   0.02216   0.00381   0.05724   0.04788   0.04088   0.08211   0.05654   2.00000   1.09989   0.02896   0.27919   2.57308  
  1 99.0000   1494.842104  x:  0.00000   0.01413   0.03894   0.01686   0.04463   0.04371   0.02066   0.02657   0.04354   0.01267   0.03275   0.01637   0.01681   0.01336   0.01254   0.04169   0.04147   0.02188   0.04208   0.03585   0.04287   0.03723   0.01386   0.02216   0.00380   0.05724   0.04787   0.04088   0.08211   0.05654   2.00000   1.09989   0.02896   0.27919   2.57308  
  2 775.1820   1484.337936  x:  0.00000   0.01427   0.03593   0.01658   0.04080   0.03987   0.01660   0.02270   0.03968   0.00878   0.02889   0.01249   0.01536   0.01270   0.00868   0.03856   0.03899   0.02090   0.04069   0.03529   0.03907   0.03705   0.01336   0.02188   0.00000   0.05580   0.04727   0.04062   0.08134   0.05687   2.00009   1.10008   0.02877   0.27819   2.57308  
  3 8869.9205   1461.097906  x:  0.00000   0.01845   0.02777   0.01665   0.03216   0.03129   0.00748   0.01399   0.03099   0.00004   0.02017   0.00374   0.00922   0.01086   0.00000   0.03016   0.03136   0.01714   0.03617   0.03400   0.03047   0.03685   0.01325   0.02197   0.00000   0.05124   0.04529   0.04133   0.07931   0.05634   2.00030   1.10027   0.02861   0.27105   2.57307  
  4 12427.6507   1461.017376  x:  0.00000   0.01845   0.02774   0.01666   0.03213   0.03126   0.00745   0.01395   0.03095   0.00000   0.02014   0.00371   0.00923   0.01086   0.00000   0.03013   0.03133   0.01714   0.03615   0.03400   0.03043   0.03685   0.01324   0.02196   0.00000   0.05122   0.04529   0.04134   0.07930   0.05634   2.00030   1.10027   0.02861   0.27099   2.57307  
  5 3048.4985   1453.618593  x:  0.00000   0.01695   0.02543   0.01694   0.02852   0.02768   0.00346   0.01026   0.02727   0.00000   0.01644   0.00000   0.00799   0.01173   0.00000   0.02755   0.03028   0.01894   0.03593   0.03376   0.02683   0.03692   0.01330   0.02174   0.00000   0.05080   0.04533   0.04092   0.07885   0.05587   2.00038   1.10016   0.02875   0.26302   2.57307  
  6 2821.0184   1448.652465  x:  0.00000   0.01692   0.02457   0.01658   0.02555   0.02472   0.00000   0.00722   0.02424   0.00000   0.01340   0.00000   0.00807   0.01125   0.00000   0.02640   0.03054   0.01880   0.03643   0.03395   0.02389   0.03684   0.01379   0.02183   0.00000   0.05109   0.04553   0.04071   0.07873   0.05574   2.00044   1.10014   0.02880   0.25690   2.57306  
  7 4728.5676   1439.101232  x:  0.00000   0.01755   0.02431   0.01690   0.01850   0.01758   0.00000   0.00000   0.01708   0.00000   0.00622   0.00000   0.00781   0.01263   0.00000   0.02561   0.03111   0.01776   0.03676   0.03415   0.01694   0.03657   0.01262   0.02180   0.00000   0.05129   0.04537   0.04127   0.07876   0.05637   2.00056   1.10027   0.02871   0.24346   2.57307  
  8 8608.8970   1432.299928  x:  0.00000   0.01793   0.02526   0.01721   0.01236   0.01129   0.00000   0.00000   0.01090   0.00000   0.00000   0.00000   0.00770   0.01185   0.00000   0.02654   0.03066   0.01844   0.03562   0.03364   0.01097   0.03702   0.01234   0.02163   0.00000   0.05061   0.04478   0.04175   0.07891   0.05624   2.00065   1.10063   0.02836   0.23293   2.57307  
  9 6849.4892   1422.548743  x:  0.00000   0.01663   0.02652   0.01569   0.00149   0.00000   0.00000   0.00000   0.00013   0.00000   0.00000   0.00000   0.00749   0.01344   0.00000   0.02902   0.02757   0.01663   0.03339   0.03303   0.00073   0.03669   0.01506   0.02182   0.00000   0.04890   0.04491   0.04015   0.07873   0.05602   2.00074   1.10216   0.02685   0.21754   2.57310  
 10 3607.8089   1422.457852  x:  0.00000   0.01663   0.02651   0.01570   0.00135   0.00000   0.00000   0.00000   0.00000   0.00000   0.00000   0.00000   0.00749   0.01343   0.00000   0.02904   0.02754   0.01662   0.03340   0.03304   0.00060   0.03668   0.01505   0.02182   0.00000   0.04889   0.04492   0.04014   0.07872   0.05602   2.00074   1.10220   0.02682   0.21742   2.57310  
 11 2030.4583   1422.138732  x:  0.00000   0.01666   0.02645   0.01564   0.00069   0.00000   0.00000   0.00000   0.00000   0.00000   0.00000   0.00000   0.00748   0.01343   0.00000   0.02904   0.02747   0.01663   0.03341   0.03303   0.00000   0.03670   0.01503   0.02181   0.00000   0.04885   0.04491   0.04015   0.07869   0.05601   2.00074   1.10236   0.02666   0.21688   2.57310  
 12 5906.1450   1421.934539  x:  0.00000   0.01664   0.02639   0.01569   0.00000   0.00000   0.00000   0.00000   0.00000   0.00000   0.00000   0.00000   0.00746   0.01341   0.00000   0.02900   0.02745   0.01660   0.03336   0.03301   0.00000   0.03671   0.01505   0.02181   0.00000   0.04882   0.04488   0.04016   0.07867   0.05602   2.00074   1.10252   0.02650   0.21636   2.57310  
 13 6918.7104   1415.897646  x:  0.00000   0.02450   0.02841   0.01248   0.00000   0.00000   0.00000   0.00000   0.00000   0.00000   0.00000   0.00000   0.00649   0.01314   0.00000   0.01125   0.02899   0.02293   0.01155   0.03565   0.00000   0.01836   0.01696   0.02072   0.00000   0.04698   0.04592   0.03444   0.08856   0.06144   2.00120   1.12884   0.00017   0.14651   2.57335  
 14 512.2515   1414.374826  x:  0.00000   0.02755   0.03397   0.01334   0.00000   0.00000   0.00000   0.00000   0.00000   0.00000   0.00000   0.00000   0.00646   0.01359   0.00000   0.00319   0.02456   0.02447   0.01289   0.03602   0.00000   0.02127   0.01820   0.02028   0.00000   0.04400   0.04781   0.03078   0.09773   0.06551   2.00169   1.13850  -0.00954   0.12765   2.57343  
 15 227.0703   1409.120656  x:  0.00000   0.04180   0.01364   0.01769   0.00000   0.00000   0.00000   0.00000   0.00000   0.00000   0.00000   0.00000   0.00689   0.01606   0.00000   0.00991   0.01428   0.03389   0.01373   0.03449   0.00000   0.02677   0.02633   0.02047   0.00000   0.03689   0.05674   0.01894   0.15600   0.08661   2.00595   1.19571  -0.06668   0.03015   2.57364  
 16 217.6109   1408.077090  x:  0.00833   0.04102   0.01178   0.01708   0.00000   0.00000   0.00000   0.00000   0.00000   0.00000   0.00000   0.00000   0.00675   0.01580   0.00000   0.01012   0.01125   0.03426   0.01444   0.03438   0.00000   0.02589   0.02741   0.02150   0.00000   0.03571   0.05852   0.02236   0.16707   0.08787   2.00702   1.20901  -0.07998   0.00936   2.57369  
 17 418.0853   1407.301607  x:  0.00855   0.03934   0.01272   0.01523   0.00000   0.00000   0.00000   0.00000   0.00000   0.00000   0.00000   0.00000   0.00651   0.01491   0.00000   0.00969   0.01214   0.03165   0.01450   0.03379   0.00000   0.02570   0.02256   0.02186   0.00000   0.03405   0.05671   0.01851   0.16957   0.08106   2.00821   1.21750  -0.08851   0.00000   2.57372  
 18 91.9892   1406.579914  x:  0.01690   0.04090   0.01073   0.01563   0.00000   0.00000   0.00000   0.00000   0.00000   0.00000   0.00000   0.00000   0.00621   0.01452   0.00000   0.01008   0.00958   0.02943   0.01356   0.03305   0.00000   0.02740   0.01882   0.01298   0.00000   0.04139   0.05163   0.00985   0.16738   0.07631   2.01295   1.22817  -0.09942   0.00027   2.57380  
 19 30.8080   1405.445561  x:  0.02663   0.04284   0.00802   0.01478   0.00000   0.00000   0.00000   0.00000   0.00000   0.00000   0.00000   0.00000   0.00603   0.01436   0.00000   0.01052   0.00910   0.02930   0.01317   0.03100   0.00000   0.02903   0.01424   0.01566   0.00000   0.04400   0.04667   0.00000   0.16297   0.07483   2.01852   1.23946  -0.11101   0.00235   2.57388  
 20 145.7832   1405.445561  x:  0.02663   0.04284   0.00802   0.01478   0.00000   0.00000   0.00000   0.00000   0.00000   0.00000   0.00000   0.00000   0.00603   0.01436   0.00000   0.01052   0.00910   0.02930   0.01317   0.03100   0.00000   0.02903   0.01424   0.01566   0.00000   0.04400   0.04667   0.00000   0.16297   0.07483   2.01852   1.23946  -0.11101   0.00235   2.57388  
 21 267.7926   1399.868420  x:  0.03006   0.03195   0.00252   0.01382   0.00000   0.00000   0.00000   0.00000   0.00000   0.00000   0.00000   0.00000   0.00448   0.00407   0.00000   0.00251   0.01241   0.01899   0.02084   0.02781   0.00000   0.03371   0.00530   0.01716   0.00000   0.03988   0.04424   0.00343   0.15465   0.08243   2.01883   1.23979  -0.11134   0.00205   2.57388  
 22 308.8996   1398.099907  x:  0.03125   0.02403   0.00530   0.01303   0.00000   0.00000   0.00000   0.00000   0.00000   0.00000   0.00000   0.00000   0.00510   0.00190   0.00000   0.00629   0.01293   0.01219   0.02384   0.02613   0.00000   0.03621   0.00234   0.01769   0.00000   0.03707   0.04257   0.00462   0.14829   0.08736   2.01908   1.24007  -0.11162   0.00160   2.57388  
 23 470.7865   1396.500856  x:  0.03231   0.01528   0.00608   0.01210   0.00000   0.00000   0.00000   0.00000   0.00000   0.00000   0.00000   0.00000   0.00542   0.00483   0.00000   0.00694   0.01326   0.00549   0.02674   0.02448   0.00000   0.03877   0.00352   0.01816   0.00000   0.03404   0.04077   0.00568   0.14101   0.09273   2.01935   1.24040  -0.11195   0.00106   2.57388  
 24 872.8357   1395.285826  x:  0.03217   0.00648   0.00652   0.01090   0.00000   0.00000   0.00000   0.00000   0.00000   0.00000   0.00000   0.00000   0.00566   0.00340   0.00000   0.00721   0.01213   0.00817   0.02773   0.02381   0.00000   0.04049   0.00652   0.01804   0.00000   0.03112   0.03898   0.00554   0.13164   0.09833   2.01972   1.24085  -0.11240   0.00021   2.57388  
 25 321.8547   1395.040961  x:  0.03202   0.00641   0.00649   0.01070   0.00000   0.00000   0.00000   0.00000   0.00000   0.00000   0.00000   0.00000   0.00560   0.00372   0.00000   0.00717   0.01185   0.00848   0.02764   0.02394   0.00000   0.04056   0.00607   0.01794   0.00000   0.03074   0.03871   0.00539   0.12956   0.09932   2.01981   1.24096  -0.11251   0.00000   2.57388  
 26 205.9048   1392.837752  x:  0.02879   0.01186   0.00628   0.00880   0.00000   0.00000   0.00000   0.00000   0.00000   0.00000   0.00000   0.00000   0.00562   0.00169   0.00000   0.00649   0.00842   0.00685   0.02455   0.02643   0.00000   0.04069   0.00830   0.01630   0.00000   0.02555   0.03473   0.00216   0.09112   0.11593   2.02143   1.24304  -0.11459   0.00000   2.57388  
 27 684.7551   1392.105102  x:  0.02887   0.01265   0.00617   0.01306   0.00000   0.00000   0.00000   0.00000   0.00000   0.00000   0.00000   0.00000   0.00617   0.00206   0.00000   0.00714   0.01441   0.00790   0.02326   0.02599   0.00000   0.03946   0.00857   0.01708   0.00000   0.02795   0.03534   0.00224   0.07348   0.12052   2.02235   1.24427  -0.11582   0.00000   2.57388  
 28 242.1133   1391.859155  x:  0.03020   0.01142   0.00624   0.01269   0.00000   0.00000   0.00000   0.00000   0.00000   0.00000   0.00000   0.00000   0.00491   0.00188   0.00000   0.00682   0.01231   0.00719   0.02185   0.02453   0.00000   0.03753   0.00828   0.01730   0.00000   0.03226   0.03769   0.00358   0.06626   0.11916   2.02309   1.24533  -0.11688   0.00000   2.57388  
 29 78.3174   1391.827950  x:  0.03042   0.01133   0.00609   0.01230   0.00000   0.00000   0.00000   0.00000   0.00000   0.00000   0.00000   0.00000   0.00620   0.00189   0.00000   0.00670   0.01199   0.00718   0.02210   0.02422   0.00000   0.03728   0.00818   0.01723   0.00000   0.03259   0.03804   0.00379   0.06504   0.11833   2.02337   1.24573  -0.11728   0.00000   2.57388  
 30 46.8712   1391.767950  x:  0.03049   0.01154   0.00610   0.01107   0.00000   0.00000   0.00000   0.00000   0.00000   0.00000   0.00000   0.00000   0.00576   0.00197   0.00000   0.00701   0.01234   0.00740   0.02429   0.02380   0.00000   0.03717   0.00833   0.01678   0.00000   0.03131   0.03827   0.00386   0.06210   0.11418   2.02470   1.24770  -0.11925   0.00000   2.57388  
 31 28.1306   1391.732341  x:  0.03006   0.01092   0.00628   0.01200   0.00000   0.00000   0.00000   0.00000   0.00000   0.00000   0.00000   0.00000   0.00577   0.00190   0.00000   0.00659   0.01195   0.00702   0.02417   0.02458   0.00000   0.03717   0.00805   0.01698   0.00000   0.03008   0.03783   0.00343   0.06046   0.11112   2.02605   1.24968  -0.12123   0.00000   2.57388  
 32 33.3138   1391.710876  x:  0.03030   0.01076   0.00549   0.01167   0.00000   0.00000   0.00000   0.00000   0.00000   0.00000   0.00000   0.00000   0.00574   0.00187   0.00000   0.00702   0.01216   0.00689   0.02312   0.02459   0.00000   0.03764   0.00799   0.01729   0.00000   0.02973   0.03692   0.00367   0.05994   0.10998   2.02754   1.25189  -0.12344   0.00000   2.57388  
 33 21.2247   1391.675203  x:  0.03085   0.01091   0.00639   0.01117   0.00000   0.00000   0.00000   0.00000   0.00000   0.00000   0.00000   0.00000   0.00577   0.00187   0.00000   0.00638   0.01255   0.00698   0.02198   0.02404   0.00000   0.03860   0.00795   0.01744   0.00000   0.02961   0.03543   0.00423   0.05945   0.10896   2.03064   1.25648  -0.12803   0.00000   2.57388  
 34 49.4809   1391.482963  x:  0.03082   0.01159   0.00586   0.01357   0.00000   0.00000   0.00000   0.00000   0.00000   0.00000   0.00000   0.00000   0.00566   0.00198   0.00000   0.00678   0.01085   0.00729   0.02267   0.02143   0.00000   0.04150   0.00798   0.01528   0.00000   0.03105   0.03220   0.00419   0.05864   0.10804   2.04919   1.28390  -0.15545   0.00000   2.57388  
 35 70.6687   1390.762970  x:  0.02663   0.01025   0.00584   0.01034   0.00000   0.00000   0.00000   0.00000   0.00000   0.00000   0.00000   0.00000   0.00561   0.00181   0.00000   0.00621   0.01216   0.00635   0.02285   0.02326   0.00000   0.04287   0.00745   0.01569   0.00000   0.03349   0.03411   0.00000   0.05740   0.10866   2.12028   1.38860  -0.26015   0.00000   2.57388  
 36 288.3769   1390.409018  x:  0.02993   0.01082   0.00587   0.01123   0.00000   0.00000   0.00000   0.00000   0.00000   0.00000   0.00000   0.00000   0.00554   0.00185   0.00000   0.00655   0.01121   0.00680   0.02315   0.02480   0.00000   0.03955   0.00792   0.01714   0.00000   0.02978   0.03647   0.00330   0.05708   0.11019   2.15721   1.44245  -0.31400   0.00000   2.57388  
 37 521.4639   1390.344322  x:  0.02973   0.01042   0.00578   0.01122   0.00000   0.00000   0.00000   0.00000   0.00000   0.00000   0.00000   0.00000   0.00549   0.00175   0.00000   0.00635   0.01169   0.00651   0.02228   0.02300   0.00000   0.03616   0.00774   0.01579   0.00000   0.02832   0.03608   0.00311   0.05726   0.11048   2.16403   1.45165  -0.32319   0.00000   2.57388  
 38 99.5987   1389.861965  x:  0.02945   0.01043   0.00578   0.01117   0.00000   0.00000   0.00000   0.00000   0.00000   0.00000   0.00000   0.00000   0.00547   0.00176   0.00000   0.00637   0.01152   0.00653   0.02280   0.02231   0.00000   0.03437   0.00775   0.01712   0.00000   0.02836   0.03480   0.00282   0.05732   0.11060   2.16684   1.45411  -0.32566   0.01760   2.57388  
 39 63.2300   1389.852637  x:  0.02967   0.01033   0.00578   0.01113   0.00000   0.00000   0.00000   0.00000   0.00000   0.00000   0.00000   0.00000   0.00548   0.00174   0.00000   0.00636   0.01169   0.00648   0.02262   0.02296   0.00000   0.03482   0.00775   0.01614   0.00000   0.02848   0.03507   0.00305   0.05731   0.11055   2.16666   1.45344  -0.32499   0.01804   2.57388  
 40 16.0587   1389.844868  x:  0.02956   0.01044   0.00577   0.01126   0.00000   0.00000   0.00000   0.00000   0.00000   0.00000   0.00000   0.00000   0.00548   0.00176   0.00000   0.00634   0.01164   0.00652   0.02215   0.02239   0.00000   0.03565   0.00771   0.01611   0.00000   0.02802   0.03607   0.00294   0.05729   0.11046   2.16942   1.45282  -0.32437   0.01819   2.57388  
 41  3.0877   1388.856991  x:  0.02805   0.01059   0.00657   0.01053   0.00000   0.00000   0.00000   0.00000   0.00000   0.00000   0.00000   0.00000   0.00545   0.00295   0.00000   0.00790   0.00930   0.00800   0.01736   0.02508   0.00000   0.03052   0.00823   0.01513   0.00000   0.02867   0.03580   0.00144   0.05835   0.10231   2.66357   1.44507  -0.31662   0.01598   2.57388  
 42 19.5822   1388.413647  x:  0.02903   0.00980   0.00512   0.01017   0.00000   0.00000   0.00000   0.00000   0.00000   0.00000   0.00000   0.00000   0.00509   0.00305   0.00000   0.00530   0.01033   0.00757   0.02149   0.02457   0.00000   0.03353   0.00591   0.01586   0.00000   0.02867   0.03543   0.00245   0.06143   0.10507   2.94076   1.45341  -0.32496   0.01748   2.57388  
 43  0.9479   1387.891032  x:  0.02797   0.00926   0.00413   0.00930   0.00000   0.00000   0.00000   0.00000   0.00000   0.00000   0.00000   0.00000   0.00456   0.00429   0.00000   0.00380   0.00926   0.00923   0.01987   0.02506   0.00000   0.03226   0.00388   0.01500   0.00000   0.02871   0.03508   0.00141   0.06413   0.09790   2.72943   1.58459  -0.45613   0.03192   2.57387  
 44  0.3203   1387.476861  x:  0.02746   0.01011   0.00462   0.00967   0.00000   0.00000   0.00000   0.00000   0.00000   0.00000   0.00000   0.00000   0.00462   0.00506   0.00000   0.00569   0.00984   0.01121   0.01990   0.02545   0.00000   0.03284   0.00635   0.01511   0.00000   0.02916   0.03489   0.00092   0.06428   0.09771   2.68585   1.72552  -0.59703   0.04851   2.57385  
 45  0.1950   1387.306402  x:  0.02825   0.00985   0.00479   0.01012   0.00000   0.00000   0.00000   0.00000   0.00000   0.00000   0.00000   0.00000   0.00498   0.00541   0.00000   0.00459   0.00965   0.01093   0.01964   0.02472   0.00000   0.03273   0.00618   0.01552   0.00000   0.02864   0.03475   0.00166   0.05947   0.10381   2.81558   1.80756  -0.67904   0.05393   2.57384  
 46  0.1529   1387.212404  x:  0.02861   0.00897   0.00462   0.00989   0.00000   0.00000   0.00000   0.00000   0.00000   0.00000   0.00000   0.00000   0.00492   0.00547   0.00000   0.00469   0.00958   0.00994   0.02015   0.02377   0.00000   0.03239   0.00592   0.01547   0.00000   0.02845   0.03491   0.00197   0.06084   0.09725   2.87030   1.87999  -0.75143   0.05522   2.57382  
 47  0.0827   1387.168257  x:  0.02792   0.00969   0.00445   0.00974   0.00000   0.00000   0.00000   0.00000   0.00000   0.00000   0.00000   0.00000   0.00467   0.00550   0.00000   0.00481   0.00960   0.00933   0.01956   0.02436   0.00000   0.03251   0.00565   0.01504   0.00000   0.02826   0.03446   0.00124   0.06089   0.09947   2.80877   1.93990  -0.81130   0.05633   2.57380  
 48  0.0654   1387.157447  x:  0.02799   0.00970   0.00482   0.00990   0.00000   0.00000   0.00000   0.00000   0.00000   0.00000   0.00000   0.00000   0.00491   0.00525   0.00000   0.00466   0.00959   0.00952   0.01977   0.02456   0.00000   0.03253   0.00575   0.01520   0.00000   0.02858   0.03473   0.00126   0.06087   0.09881   2.78471   1.96723  -0.83859   0.05753   2.57378  
 49  0.0326   1387.152059  x:  0.02817   0.00952   0.00458   0.00983   0.00000   0.00000   0.00000   0.00000   0.00000   0.00000   0.00000   0.00000   0.00485   0.00494   0.00000   0.00483   0.00960   0.00966   0.01981   0.02449   0.00000   0.03245   0.00576   0.01524   0.00000   0.02851   0.03471   0.00139   0.06043   0.09883   2.78435   1.98243  -0.85376   0.05804   2.57377  
 50  0.0160   1387.150956  x:  0.02814   0.00955   0.00464   0.00979   0.00000   0.00000   0.00000   0.00000   0.00000   0.00000   0.00000   0.00000   0.00477   0.00481   0.00000   0.00476   0.00960   0.00963   0.01973   0.02439   0.00000   0.03247   0.00573   0.01515   0.00000   0.02835   0.03456   0.00132   0.06064   0.09894   2.78887   1.98231  -0.85362   0.05808   2.57376  
 51  0.0037   1387.150753  x:  0.02812   0.00958   0.00463   0.00981   0.00000   0.00000   0.00000   0.00000   0.00000   0.00000   0.00000   0.00000   0.00481   0.00479   0.00000   0.00477   0.00956   0.00960   0.01972   0.02441   0.00000   0.03246   0.00570   0.01516   0.00000   0.02839   0.03457   0.00127   0.06067   0.09897   2.78955   1.97947  -0.85075   0.05815   2.57375  
 52  0.0032   1387.150731  x:  0.02814   0.00958   0.00464   0.00980   0.00000   0.00000   0.00000   0.00000   0.00000   0.00000   0.00000   0.00000   0.00481   0.00478   0.00000   0.00478   0.00958   0.00959   0.01973   0.02443   0.00000   0.03246   0.00569   0.01517   0.00000   0.02840   0.03459   0.00127   0.06062   0.09894   2.78972   1.97856  -0.84982   0.05813   2.57374  
 53  0.0014   1387.150730  x:  0.02815   0.00958   0.00464   0.00980   0.00000   0.00000   0.00000   0.00000   0.00000   0.00000   0.00000   0.00000   0.00480   0.00478   0.00000   0.00478   0.00958   0.00958   0.01973   0.02443   0.00000   0.03246   0.00570   0.01517   0.00000   0.02840   0.03459   0.00126   0.06062   0.09894   2.78968   1.97852  -0.84977   0.05813   2.57374  
 54  0.0001   1387.150730  x:  0.02816   0.00958   0.00464   0.00980   0.00000   0.00000   0.00000   0.00000   0.00000   0.00000   0.00000   0.00000   0.00480   0.00478   0.00000   0.00478   0.00958   0.00958   0.01973   0.02443   0.00000   0.03246   0.00570   0.01517   0.00000   0.02840   0.03459   0.00125   0.06062   0.09895   2.78965   1.97853  -0.84977   0.05813   2.57373  
 55  0.0000   1387.150730  x:  0.02818   0.00958   0.00464   0.00980   0.00000   0.00000   0.00000   0.00000   0.00000   0.00000   0.00000   0.00000   0.00480   0.00478   0.00000   0.00478   0.00958   0.00958   0.01973   0.02443   0.00000   0.03246   0.00570   0.01517   0.00000   0.02840   0.03459   0.00123   0.06062   0.09895   2.78964   1.97854  -0.84976   0.05813   2.57372  
 56  0.0000   1387.150730  x:  0.02818   0.00958   0.00464   0.00980   0.00000   0.00000   0.00000   0.00000   0.00000   0.00000   0.00000   0.00000   0.00480   0.00478   0.00000   0.00478   0.00958   0.00958   0.01973   0.02443   0.00000   0.03246   0.00570   0.01517   0.00000   0.02840   0.03459   0.00123   0.06062   0.09895   2.78964   1.97855  -0.84976   0.05813   2.57372  
 57  0.0000   1387.150730  x:  0.02819   0.00958   0.00464   0.00980   0.00000   0.00000   0.00000   0.00000   0.00000   0.00000   0.00000   0.00000   0.00480   0.00478   0.00000   0.00478   0.00958   0.00958   0.01973   0.02443   0.00000   0.03246   0.00570   0.01517   0.00000   0.02840   0.03459   0.00123   0.06062   0.09895   2.78964   1.97855  -0.84976   0.05813   2.57372  
 58  0.0000   1387.150730  x:  0.02820   0.00958   0.00464   0.00980   0.00000   0.00000   0.00000   0.00000   0.00000   0.00000   0.00000   0.00000   0.00480   0.00478   0.00000   0.00478   0.00958   0.00958   0.01973   0.02443   0.00000   0.03246   0.00570   0.01517   0.00000   0.02840   0.03459   0.00121   0.06062   0.09895   2.78964   1.97856  -0.84975   0.05813   2.57371  
 59  0.0001   1387.150730  x:  0.02821   0.00958   0.00464   0.00980   0.00000   0.00000   0.00000   0.00000   0.00000   0.00000   0.00000   0.00000   0.00480   0.00478   0.00000   0.00478   0.00958   0.00958   0.01973   0.02443   0.00000   0.03246   0.00570   0.01517   0.00000   0.02840   0.03459   0.00120   0.06062   0.09895   2.78964   1.97856  -0.84974   0.05813   2.57371  
 60  0.0002   1387.150730  x:  0.02822   0.00958   0.00464   0.00980   0.00000   0.00000   0.00000   0.00000   0.00000   0.00000   0.00000   0.00000   0.00480   0.00478   0.00000   0.00478   0.00958   0.00958   0.01973   0.02443   0.00000   0.03246   0.00570   0.01517   0.00000   0.02840   0.03459   0.00119   0.06062   0.09895   2.78964   1.97857  -0.84973   0.05813   2.57370  
 61  0.0003   1387.150730  x:  0.02827   0.00958   0.00464   0.00980   0.00000   0.00000   0.00000   0.00000   0.00000   0.00000   0.00000   0.00000   0.00480   0.00478   0.00000   0.00478   0.00958   0.00958   0.01973   0.02443   0.00000   0.03246   0.00570   0.01517   0.00000   0.02840   0.03459   0.00114   0.06062   0.09895   2.78964   1.97860  -0.84970   0.05813   2.57367  
 62  0.0006   1387.150730  x:  0.02831   0.00958   0.00464   0.00980   0.00000   0.00000   0.00000   0.00000   0.00000   0.00000   0.00000   0.00000   0.00480   0.00478   0.00000   0.00478   0.00958   0.00958   0.01973   0.02443   0.00000   0.03246   0.00570   0.01517   0.00000   0.02840   0.03459   0.00110   0.06062   0.09895   2.78965   1.97863  -0.84967   0.05813   2.57365  
 63  0.0008   1387.150730  x:  0.02838   0.00958   0.00464   0.00980   0.00000   0.00000   0.00000   0.00000   0.00000   0.00000   0.00000   0.00000   0.00480   0.00478   0.00000   0.00478   0.00958   0.00958   0.01973   0.02443   0.00000   0.03246   0.00570   0.01517   0.00000   0.02840   0.03459   0.00103   0.06062   0.09895   2.78965   1.97868  -0.84962   0.05813   2.57361  
 64  0.0011   1387.150730  x:  0.02845   0.00958   0.00464   0.00980   0.00000   0.00000   0.00000   0.00000   0.00000   0.00000   0.00000   0.00000   0.00480   0.00478   0.00000   0.00478   0.00958   0.00958   0.01973   0.02443   0.00000   0.03246   0.00570   0.01517   0.00000   0.02840   0.03459   0.00096   0.06062   0.09895   2.78965   1.97872  -0.84958   0.05813   2.57357  
 65  0.0016   1387.150730  x:  0.02855   0.00958   0.00464   0.00980   0.00000   0.00000   0.00000   0.00000   0.00000   0.00000   0.00000   0.00000   0.00480   0.00478   0.00000   0.00478   0.00958   0.00958   0.01973   0.02443   0.00000   0.03246   0.00570   0.01517   0.00000   0.02840   0.03459   0.00086   0.06062   0.09895   2.78965   1.97880  -0.84951   0.05813   2.57351  
 66  0.0022   1387.150730  x:  0.02866   0.00958   0.00464   0.00980   0.00000   0.00000   0.00000   0.00000   0.00000   0.00000   0.00000   0.00000   0.00480   0.00478   0.00000   0.00478   0.00958   0.00958   0.01973   0.02443   0.00000   0.03246   0.00570   0.01517   0.00000   0.02840   0.03459   0.00075   0.06062   0.09895   2.78966   1.97887  -0.84943   0.05813   2.57345  
 67  0.0030   1387.150730  x:  0.02877   0.00958   0.00464   0.00980   0.00000   0.00000   0.00000   0.00000   0.00000   0.00000   0.00000   0.00000   0.00480   0.00478   0.00000   0.00478   0.00958   0.00958   0.01973   0.02443   0.00000   0.03246   0.00570   0.01517   0.00000   0.02840   0.03459   0.00065   0.06062   0.09895   2.78966   1.97894  -0.84936   0.05813   2.57339  
 68  0.0040   1387.150730  x:  0.02897   0.00958   0.00464   0.00980   0.00000   0.00000   0.00000   0.00000   0.00000   0.00000   0.00000   0.00000   0.00480   0.00478   0.00000   0.00478   0.00958   0.00958   0.01973   0.02443   0.00000   0.03246   0.00570   0.01517   0.00000   0.02840   0.03459   0.00044   0.06062   0.09895   2.78966   1.97908  -0.84923   0.05813   2.57328  
 69  0.0053   1387.150730  x:  0.02914   0.00958   0.00464   0.00980   0.00000   0.00000   0.00000   0.00000   0.00000   0.00000   0.00000   0.00000   0.00480   0.00478   0.00000   0.00478   0.00958   0.00958   0.01973   0.02443   0.00000   0.03246   0.00570   0.01517   0.00000   0.02840   0.03459   0.00027   0.06062   0.09895   2.78967   1.97919  -0.84911   0.05813   2.57319  
 70  0.0068   1387.150730  x:  0.02941   0.00958   0.00464   0.00980   0.00000   0.00000   0.00000   0.00000   0.00000   0.00000   0.00000   0.00000   0.00480   0.00478   0.00000   0.00478   0.00958   0.00958   0.01973   0.02443   0.00000   0.03246   0.00570   0.01517   0.00000   0.02840   0.03459   0.00000   0.06062   0.09894   2.78967   1.97937  -0.84893   0.05813   2.57304  
 71  0.0087   1387.150730  x:  0.02941   0.00958   0.00464   0.00980   0.00000   0.00000   0.00000   0.00000   0.00000   0.00000   0.00000   0.00000   0.00480   0.00478   0.00000   0.00478   0.00958   0.00958   0.01973   0.02443   0.00000   0.03246   0.00570   0.01517   0.00000   0.02840   0.03459   0.00000   0.06062   0.09894   2.78967   1.97937  -0.84893   0.05813   2.57304  
 72  0.0027   1387.150730  x:  0.02941   0.00958   0.00464   0.00980   0.00000   0.00000   0.00000   0.00000   0.00000   0.00000   0.00000   0.00000   0.00480   0.00478   0.00000   0.00478   0.00958   0.00958   0.01973   0.02443   0.00000   0.03246   0.00570   0.01517   0.00000   0.02840   0.03459   0.00000   0.06062   0.09895   2.78964   1.97941  -0.84889   0.05813   2.57300  
 73  0.0000   1387.150730  x:  0.02941   0.00958   0.00464   0.00980   0.00000   0.00000   0.00000   0.00000   0.00000   0.00000   0.00000   0.00000   0.00480   0.00478   0.00000   0.00478   0.00958   0.00958   0.01973   0.02443   0.00000   0.03246   0.00570   0.01517   0.00000   0.02840   0.03459   0.00000   0.06062   0.09895   2.78964   1.97942  -0.84888   0.05813   2.57299  
 74  0.0000   1387.150730  x:  0.02941   0.00958   0.00464   0.00980   0.00000   0.00000   0.00000   0.00000   0.00000   0.00000   0.00000   0.00000   0.00480   0.00478   0.00000   0.00478   0.00958   0.00958   0.01973   0.02443   0.00000   0.03246   0.00570   0.01517   0.00000   0.02840   0.03459   0.00000   0.06062   0.09895   2.78964   1.97945  -0.84885   0.05813   2.57297  
 75  0.0000   1387.150730  x:  0.02941   0.00958   0.00464   0.00980   0.00000   0.00000   0.00000   0.00000   0.00000   0.00000   0.00000   0.00000   0.00480   0.00478   0.00000   0.00478   0.00958   0.00958   0.01973   0.02443   0.00000   0.03246   0.00570   0.01517   0.00000   0.02840   0.03459   0.00000   0.06062   0.09895   2.78963   1.97980  -0.84850   0.05813   2.57268  
 76  0.0001   1387.150730  x:  0.02941   0.00958   0.00464   0.00980   0.00000   0.00000   0.00000   0.00000   0.00000   0.00000   0.00000   0.00000   0.00481   0.00478   0.00000   0.00478   0.00958   0.00958   0.01973   0.02443   0.00000   0.03246   0.00570   0.01517   0.00000   0.02840   0.03459   0.00000   0.06062   0.09895   2.78957   1.98451  -0.84374   0.05813   2.56875  
 77  0.0014   1387.150729  x:  0.02941   0.00958   0.00464   0.00980   0.00000   0.00000   0.00000   0.00000   0.00000   0.00000   0.00000   0.00000   0.00481   0.00478   0.00000   0.00478   0.00958   0.00958   0.01973   0.02443   0.00000   0.03246   0.00570   0.01517   0.00000   0.02840   0.03459   0.00000   0.06062   0.09895   2.78956   2.00846  -0.81977   0.05813   2.54884  
 78  0.0049   1387.150716  x:  0.02941   0.00958   0.00463   0.00982   0.00000   0.00000   0.00000   0.00000   0.00000   0.00000   0.00000   0.00000   0.00481   0.00478   0.00000   0.00478   0.00959   0.00959   0.01975   0.02443   0.00000   0.03245   0.00570   0.01516   0.00000   0.02839   0.03459   0.00000   0.06062   0.09894   2.78922   3.33978   0.51209   0.05811   1.44279  
 79  1.9437   1387.150713  x:  0.02941   0.00958   0.00463   0.00981   0.00000   0.00000   0.00000   0.00000   0.00000   0.00000   0.00000   0.00000   0.00480   0.00478   0.00000   0.00478   0.00958   0.00958   0.01974   0.02443   0.00000   0.03245   0.00570   0.01516   0.00000   0.02839   0.03459   0.00000   0.06062   0.09894   2.78947   3.08342   0.25535   0.05812   1.65588  
 80  0.3769   1387.150708  x:  0.02941   0.00958   0.00464   0.00980   0.00000   0.00000   0.00000   0.00000   0.00000   0.00000   0.00000   0.00000   0.00480   0.00478   0.00000   0.00478   0.00958   0.00958   0.01973   0.02443   0.00000   0.03247   0.00570   0.01517   0.00000   0.02840   0.03459   0.00000   0.06062   0.09894   2.78977   3.68498   0.85648   0.05814   1.15638  
 81  0.5550   1387.150706  x:  0.02941   0.00958   0.00464   0.00980   0.00000   0.00000   0.00000   0.00000   0.00000   0.00000   0.00000   0.00000   0.00480   0.00478   0.00000   0.00478   0.00958   0.00958   0.01973   0.02443   0.00000   0.03246   0.00570   0.01517   0.00000   0.02840   0.03459   0.00000   0.06062   0.09895   2.78974   3.87322   1.04476   0.05813   1.00000  
 82  0.5203   1387.150704  x:  0.02941   0.00958   0.00464   0.00981   0.00000   0.00000   0.00000   0.00000   0.00000   0.00000   0.00000   0.00000   0.00481   0.00478   0.00000   0.00478   0.00958   0.00958   0.01974   0.02443   0.00000   0.03246   0.00570   0.01517   0.00000   0.02839   0.03459   0.00000   0.06062   0.09895   2.78959   4.74925   1.92104   0.05813   1.00000  
 83  0.7992   1387.150703  x:  0.02941   0.00958   0.00464   0.00980   0.00000   0.00000   0.00000   0.00000   0.00000   0.00000   0.00000   0.00000   0.00480   0.00478   0.00000   0.00478   0.00958   0.00958   0.01973   0.02443   0.00000   0.03246   0.00570   0.01517   0.00000   0.02840   0.03459   0.00000   0.06062   0.09895   2.78970   6.17824   3.34985   0.05813   1.00000  
 84  0.4620   1387.150703  x:  0.02941   0.00958   0.00464   0.00980   0.00000   0.00000   0.00000   0.00000   0.00000   0.00000   0.00000   0.00000   0.00480   0.00478   0.00000   0.00478   0.00958   0.00958   0.01973   0.02443   0.00000   0.03246   0.00570   0.01517   0.00000   0.02840   0.03459   0.00000   0.06062   0.09895   2.78964   6.65835   3.83007   0.05813   1.00000  
 85  0.4826   1387.150703  x:  0.02941   0.00958   0.00464   0.00980   0.00000   0.00000   0.00000   0.00000   0.00000   0.00000   0.00000   0.00000   0.00481   0.00478   0.00000   0.00478   0.00958   0.00958   0.01973   0.02443   0.00000   0.03246   0.00570   0.01517   0.00000   0.02840   0.03459   0.00000   0.06062   0.09895   2.78961   8.10902   5.28077   0.05813   1.00000  
 86  0.7212   1387.150703  x:  0.02941   0.00958   0.00464   0.00980   0.00000   0.00000   0.00000   0.00000   0.00000   0.00000   0.00000   0.00000   0.00480   0.00478   0.00000   0.00478   0.00958   0.00958   0.01973   0.02443   0.00000   0.03246   0.00570   0.01517   0.00000   0.02840   0.03459   0.00000   0.06062   0.09895   2.78966  10.11197   7.28366   0.05813   1.00000  
 87  1.0179   1387.150703  x:  0.02941   0.00958   0.00464   0.00980   0.00000   0.00000   0.00000   0.00000   0.00000   0.00000   0.00000   0.00000   0.00480   0.00478   0.00000   0.00478   0.00958   0.00958   0.01973   0.02443   0.00000   0.03246   0.00570   0.01517   0.00000   0.02840   0.03459   0.00000   0.06062   0.09895   2.78966  10.11197   7.28365   0.05813   1.00000  
 88  2.8198   1387.150703  x:  0.02941   0.00958   0.00464   0.00980   0.00000   0.00000   0.00000   0.00000   0.00000   0.00000   0.00000   0.00000   0.00480   0.00478   0.00000   0.00478   0.00958   0.00958   0.01973   0.02443   0.00000   0.03246   0.00570   0.01517   0.00000   0.02840   0.03459   0.00000   0.06062   0.09895   2.78973  10.11048   7.28214   0.05813   1.00000  
 89  0.0068   1387.150703  x:  0.02941   0.00958   0.00464   0.00980   0.00000   0.00000   0.00000   0.00000   0.00000   0.00000   0.00000   0.00000   0.00480   0.00478   0.00000   0.00478   0.00958   0.00958   0.01973   0.02443   0.00000   0.03246   0.00570   0.01517   0.00000   0.02840   0.03459   0.00000   0.06062   0.09895   2.78972  10.11095   7.28263   0.05813   1.00000  
 90  0.0009   1387.150703  x:  0.02941   0.00958   0.00464   0.00980   0.00000   0.00000   0.00000   0.00000   0.00000   0.00000   0.00000   0.00000   0.00480   0.00478   0.00000   0.00478   0.00958   0.00958   0.01973   0.02443   0.00000   0.03246   0.00570   0.01517   0.00000   0.02840   0.03459   0.00000   0.06062   0.09895   2.78972  10.11095   7.28263   0.05813   1.00000  
 91  0.0014   1387.150703  x:  0.02941   0.00958   0.00464   0.00980   0.00000   0.00000   0.00000   0.00000   0.00000   0.00000   0.00000   0.00000   0.00480   0.00478   0.00000   0.00478   0.00958   0.00958   0.01973   0.02443   0.00000   0.03246   0.00570   0.01517   0.00000   0.02840   0.03459   0.00000   0.06062   0.09895   2.78971  10.11121   7.28289   0.05813   1.00000  
 92  0.0058   1387.150703  x:  0.02941   0.00958   0.00464   0.00980   0.00000   0.00000   0.00000   0.00000   0.00000   0.00000   0.00000   0.00000   0.00480   0.00478   0.00000   0.00478   0.00958   0.00958   0.01973   0.02443   0.00000   0.03246   0.00570   0.01517   0.00000   0.02840   0.03459   0.00000   0.06062   0.09895   2.78971  10.11121   7.28289   0.05813   1.00000  
 93  0.0032   1387.150703  x:  0.02941   0.00958   0.00464   0.00980   0.00000   0.00000   0.00000   0.00000   0.00000   0.00000   0.00000   0.00000   0.00480   0.00478   0.00000   0.00478   0.00958   0.00958   0.01973   0.02443   0.00000   0.03246   0.00570   0.01517   0.00000   0.02840   0.03459   0.00000   0.06062   0.09895   2.78971  10.11121   7.28289   0.05813   1.00000  
check convergence!
