Supplemental results for CODEML (seqf: /Users/YY/Desktop/get/branch_site/modify/modify_trim_muscle_psbH.fa  treef: /Users/YY/Desktop/get/branch_site/16gene_topu.tree)


dN/dS (w) for site classes (K=4)

site class             0        1       2a       2b
proportion       0.86595  0.06772  0.06152  0.00481
background w     0.00000  1.00000  0.00000  1.00000
foreground w     0.00000  1.00000  1.98474  1.98474

Naive Empirical Bayes (NEB) probabilities for 4 classes
(amino acids refer to 1st sequence: NC_015113)

   1 M   0.91366 0.02001 0.06491 0.00142 ( 1)
   2 A   0.91643 0.01724 0.06510 0.00122 ( 1)
   3 T   0.90946 0.02421 0.06461 0.00172 ( 1)
   4 Q   0.88391 0.04976 0.06279 0.00353 ( 1)
   5 T   0.91651 0.01716 0.06511 0.00122 ( 1)
   6 V   0.91658 0.01709 0.06511 0.00121 ( 1)
   7 E   0.89114 0.04253 0.06331 0.00302 ( 1)
   8 N   0.88119 0.05248 0.06260 0.00373 ( 1)
   9 G   0.00003 0.93364 0.00000 0.06633 ( 2)
  10 S   0.90951 0.02416 0.06461 0.00172 ( 1)
  11 R   0.89932 0.03436 0.06389 0.00244 ( 1)
  12 S   0.90125 0.03242 0.06403 0.00230 ( 1)
  13 R   0.89471 0.03896 0.06356 0.00277 ( 1)
  14 P   0.90110 0.03257 0.06402 0.00231 ( 1)
  15 K   0.90091 0.03276 0.06400 0.00233 ( 1)
  16 P   0.90168 0.03199 0.06406 0.00227 ( 1)
  17 T   0.91651 0.01716 0.06511 0.00122 ( 1)
  18 T   0.91651 0.01716 0.06511 0.00122 ( 1)
  19 V   0.90955 0.02412 0.06462 0.00171 ( 1)
  20 G   0.88800 0.04567 0.06308 0.00324 ( 1)
  21 N   0.00000 0.93367 0.00000 0.06633 ( 2)
  22 L   0.89715 0.03652 0.06373 0.00259 ( 1)
  23 L   0.89039 0.04328 0.06326 0.00307 ( 1)
  24 K   0.90091 0.03276 0.06400 0.00233 ( 1)
  25 P   0.90086 0.03281 0.06400 0.00233 ( 1)
  26 L   0.88353 0.05014 0.06277 0.00356 ( 1)
  27 N   0.90908 0.02459 0.06458 0.00175 ( 1)
  28 S   0.88986 0.04381 0.06322 0.00311 ( 1)
  29 E   0.90069 0.03298 0.06399 0.00234 ( 1)
  30 Y   0.89959 0.03408 0.06391 0.00242 ( 1)
  31 G   0.90567 0.02800 0.06434 0.00199 ( 1)
  32 K   0.90091 0.03276 0.06400 0.00233 ( 1)
  33 V   0.90642 0.02726 0.06439 0.00194 ( 1)
  34 A   0.91311 0.02056 0.06487 0.00146 ( 1)
  35 P   0.90833 0.02534 0.06453 0.00180 ( 1)
  36 G   0.89619 0.03748 0.06367 0.00266 ( 1)
  37 W   0.87953 0.05414 0.06248 0.00385 ( 1)
  38 G   0.89748 0.03619 0.06376 0.00257 ( 1)
  39 T   0.90892 0.02475 0.06457 0.00176 ( 1)
  40 A   0.91643 0.01724 0.06510 0.00122 ( 1)
  41 P   0.90833 0.02534 0.06453 0.00180 ( 1)
  42 L   0.88985 0.04382 0.06322 0.00311 ( 1)
  43 M   0.91366 0.02001 0.06491 0.00142 ( 1)
  44 G   0.90567 0.02800 0.06434 0.00199 ( 1)
  45 A   0.00000 0.93367 0.00000 0.06633 ( 2)
  46 A   0.90937 0.02430 0.06460 0.00173 ( 1)
  47 M   0.91366 0.02001 0.06491 0.00142 ( 1)
  48 A   0.87553 0.05814 0.06220 0.00413 ( 1)
  49 L   0.88863 0.04504 0.06313 0.00320 ( 1)
  50 F   0.91239 0.02128 0.06482 0.00151 ( 1)
  51 A   0.90937 0.02430 0.06460 0.00173 ( 1)
  52 I   0.90160 0.03207 0.06405 0.00228 ( 1)
  53 F   0.91126 0.02242 0.06474 0.00159 ( 1)
  54 L   0.88863 0.04504 0.06313 0.00320 ( 1)
  55 S   0.90951 0.02416 0.06461 0.00172 ( 1)
  56 I   0.91759 0.01608 0.06519 0.00114 ( 1)
  57 I   0.91759 0.01608 0.06519 0.00114 ( 1)
  58 L   0.88985 0.04382 0.06322 0.00311 ( 1)
  59 E   0.89114 0.04253 0.06331 0.00302 ( 1)
  60 I   0.91759 0.01608 0.06519 0.00114 ( 1)
  61 Y   0.89959 0.03408 0.06391 0.00242 ( 1)
  62 N   0.90908 0.02459 0.06458 0.00175 ( 1)
  63 S   0.90951 0.02416 0.06461 0.00172 ( 1)
  64 S   0.90247 0.03120 0.06411 0.00222 ( 1)
  65 V   0.91658 0.01709 0.06511 0.00121 ( 1)
  66 L   0.89715 0.03652 0.06373 0.00259 ( 1)
  67 L   0.89003 0.04364 0.06323 0.00310 ( 1)
  68 D   0.90888 0.02479 0.06457 0.00176 ( 1)
  69 G   0.89748 0.03619 0.06376 0.00257 ( 1)
  70 I   0.91759 0.01608 0.06519 0.00114 ( 1)
  71 S   0.89979 0.03388 0.06392 0.00241 ( 1)
  72 M   0.91366 0.02001 0.06491 0.00142 ( 1)
  73 N   0.90908 0.02459 0.06458 0.00175 ( 1)


lnL =  -395.136751

Bayes Empirical Bayes (BEB) probabilities for 4 classes (class)
(amino acids refer to 1st sequence: NC_015113)

   1 M   0.67922 0.01686 0.29537 0.00854 ( 1)
   2 A   0.68141 0.01468 0.29647 0.00744 ( 1)
   3 T   0.67591 0.02017 0.29370 0.01021 ( 1)
   4 Q   0.65664 0.03944 0.28401 0.01991 ( 1)
   5 T   0.68146 0.01462 0.29650 0.00741 ( 1)
   6 V   0.68152 0.01457 0.29653 0.00738 ( 1)
   7 E   0.66199 0.03409 0.28670 0.01722 ( 1)
   8 N   0.65463 0.04144 0.28301 0.02092 ( 1)
   9 G   0.42322 0.27286 0.17194 0.13198 ( 1)
  10 S   0.67596 0.02013 0.29372 0.01019 ( 1)
  11 R   0.66814 0.02794 0.28979 0.01413 ( 1)
  12 S   0.66961 0.02648 0.29052 0.01339 ( 1)
  13 R   0.66466 0.03142 0.28804 0.01588 ( 1)
  14 P   0.66950 0.02659 0.29047 0.01345 ( 1)
  15 K   0.66935 0.02674 0.29039 0.01352 ( 1)
  16 P   0.66994 0.02614 0.29069 0.01323 ( 1)
  17 T   0.68146 0.01462 0.29650 0.00741 ( 1)
  18 T   0.68146 0.01462 0.29650 0.00741 ( 1)
  19 V   0.67598 0.02010 0.29374 0.01018 ( 1)
  20 G   0.65966 0.03642 0.28553 0.01840 ( 1)
  21 N   0.06336 0.63272 0.02289 0.28102 ( 2)
  22 L   0.66649 0.02959 0.28896 0.01496 ( 1)
  23 L   0.66143 0.03465 0.28642 0.01751 ( 1)
  24 K   0.66935 0.02674 0.29039 0.01352 ( 1)
  25 P   0.66931 0.02677 0.29038 0.01354 ( 1)
  26 L   0.65635 0.03972 0.28387 0.02005 ( 1)
  27 N   0.67563 0.02046 0.29356 0.01036 ( 1)
  28 S   0.66103 0.03505 0.28622 0.01770 ( 1)
  29 E   0.66918 0.02691 0.29031 0.01361 ( 1)
  30 Y   0.66834 0.02774 0.28989 0.01403 ( 1)
  31 G   0.67300 0.02309 0.29223 0.01168 ( 1)
  32 K   0.66935 0.02674 0.29039 0.01352 ( 1)
  33 V   0.67356 0.02253 0.29251 0.01140 ( 1)
  34 A   0.67877 0.01732 0.29514 0.00877 ( 1)
  35 P   0.67505 0.02103 0.29327 0.01065 ( 1)
  36 G   0.66578 0.03031 0.28860 0.01532 ( 1)
  37 W   0.65343 0.04265 0.28240 0.02152 ( 1)
  38 G   0.66675 0.02933 0.28909 0.01483 ( 1)
  39 T   0.67549 0.02059 0.29349 0.01043 ( 1)
  40 A   0.68141 0.01468 0.29647 0.00744 ( 1)
  41 P   0.67505 0.02103 0.29327 0.01065 ( 1)
  42 L   0.66103 0.03505 0.28621 0.01771 ( 1)
  43 M   0.67922 0.01686 0.29537 0.00854 ( 1)
  44 G   0.67300 0.02309 0.29223 0.01168 ( 1)
  45 A   0.03176 0.66432 0.01132 0.29260 ( 2)
  46 A   0.67585 0.02024 0.29367 0.01025 ( 1)
  47 M   0.67922 0.01686 0.29537 0.00854 ( 1)
  48 A   0.65051 0.04556 0.28094 0.02298 ( 1)
  49 L   0.66012 0.03596 0.28576 0.01816 ( 1)
  50 F   0.67821 0.01788 0.29486 0.00905 ( 1)
  51 A   0.67585 0.02024 0.29367 0.01025 ( 1)
  52 I   0.66986 0.02623 0.29064 0.01327 ( 1)
  53 F   0.67732 0.01877 0.29441 0.00950 ( 1)
  54 L   0.66012 0.03596 0.28576 0.01816 ( 1)
  55 S   0.67596 0.02013 0.29372 0.01019 ( 1)
  56 I   0.68233 0.01376 0.29694 0.00697 ( 1)
  57 I   0.68233 0.01376 0.29694 0.00697 ( 1)
  58 L   0.66103 0.03505 0.28621 0.01771 ( 1)
  59 E   0.66199 0.03409 0.28670 0.01722 ( 1)
  60 I   0.68233 0.01376 0.29694 0.00697 ( 1)
  61 Y   0.66834 0.02774 0.28989 0.01403 ( 1)
  62 N   0.67563 0.02046 0.29356 0.01036 ( 1)
  63 S   0.67596 0.02013 0.29372 0.01019 ( 1)
  64 S   0.67052 0.02556 0.29098 0.01293 ( 1)
  65 V   0.68152 0.01457 0.29653 0.00738 ( 1)
  66 L   0.66649 0.02959 0.28896 0.01496 ( 1)
  67 L   0.66116 0.03492 0.28628 0.01764 ( 1)
  68 D   0.67547 0.02061 0.29348 0.01044 ( 1)
  69 G   0.66675 0.02933 0.28909 0.01483 ( 1)
  70 I   0.68233 0.01376 0.29694 0.00697 ( 1)
  71 S   0.66849 0.02759 0.28996 0.01395 ( 1)
  72 M   0.67922 0.01686 0.29537 0.00854 ( 1)
  73 N   0.67563 0.02046 0.29356 0.01036 ( 1)

