

TREE # 1

  0  0.0000    454.177474  x:  0.00000   0.01099   0.04822   0.01580   0.05585   0.05530   0.02722   0.03219   0.05492   0.02219   0.04116   0.02056   0.01932   0.01315   0.01581   0.04940   0.04558   0.02748   0.04006   0.02754   0.06099   0.03349   0.02115   0.03437   0.00815   0.05568   0.07146   0.04088   0.07405   0.03047   2.00000   1.09989   0.02896   0.27919   2.57308  
  1 99.0000    454.175592  x:  0.00000   0.01099   0.04822   0.01579   0.05585   0.05530   0.02722   0.03219   0.05492   0.02219   0.04115   0.02056   0.01932   0.01315   0.01581   0.04940   0.04558   0.02748   0.04006   0.02754   0.06099   0.03349   0.02115   0.03437   0.00815   0.05568   0.07146   0.04088   0.07405   0.03047   2.00000   1.09989   0.02896   0.27919   2.57308  
  2 281.2972    440.200144  x:  0.00000   0.00000   0.03716   0.00475   0.04482   0.04426   0.01530   0.02109   0.04393   0.02009   0.03016   0.00944   0.00819   0.00201   0.00467   0.03834   0.03451   0.02390   0.02898   0.01643   0.05088   0.02742   0.02286   0.03672   0.00498   0.04469   0.07496   0.03573   0.06838   0.03369   2.00036   1.10020   0.02866   0.27305   2.57308  
  3 18650.7908    437.689214  x:  0.00000   0.00000   0.03516   0.00277   0.04284   0.04226   0.01311   0.01909   0.04196   0.01926   0.02819   0.00743   0.00619   0.00000   0.00267   0.03634   0.03251   0.02251   0.02698   0.01443   0.04930   0.02489   0.02170   0.03753   0.00405   0.04271   0.07643   0.03488   0.06708   0.03438   2.00044   1.10017   0.02870   0.27034   2.57308  
  4 2894.4984    434.579115  x:  0.00000   0.00000   0.03252   0.00019   0.04027   0.03961   0.01005   0.01644   0.03940   0.01951   0.02563   0.00477   0.00353   0.00000   0.00000   0.03369   0.02986   0.02174   0.02433   0.01178   0.04745   0.02224   0.02217   0.03812   0.00635   0.04008   0.07858   0.03474   0.06495   0.03287   2.00057   1.09998   0.02892   0.26313   2.57307  
  5 1025.2064    434.369889  x:  0.00000   0.00000   0.03232   0.00000   0.04007   0.03942   0.00981   0.01624   0.03921   0.01953   0.02544   0.00458   0.00333   0.00000   0.00000   0.03350   0.02966   0.02178   0.02413   0.01158   0.04741   0.02205   0.02217   0.03797   0.00648   0.03989   0.07864   0.03476   0.06483   0.03288   2.00058   1.09996   0.02894   0.26256   2.57307  
  6 2456.6749    431.101986  x:  0.00000   0.00000   0.02902   0.00000   0.03684   0.03612   0.00580   0.01293   0.03600   0.01953   0.02224   0.00126   0.00000   0.00000   0.00000   0.03019   0.02636   0.02202   0.02082   0.00827   0.04761   0.01870   0.02208   0.03596   0.00911   0.03667   0.07911   0.03495   0.06309   0.03301   2.00073   1.09979   0.02914   0.25342   2.57306  
  7 29542.8905    429.934362  x:  0.00000   0.00000   0.02778   0.00000   0.03561   0.03488   0.00429   0.01168   0.03479   0.01911   0.02103   0.00000   0.00000   0.00000   0.00000   0.02894   0.02511   0.02193   0.01958   0.00702   0.04732   0.01803   0.02182   0.03537   0.01026   0.03544   0.07900   0.03508   0.06242   0.03335   2.00079   1.09971   0.02924   0.24966   2.57306  
  8 6689.8800    426.956933  x:  0.00000   0.00000   0.02437   0.00000   0.03209   0.03147   0.00000   0.00826   0.03150   0.01879   0.01774   0.00000   0.00000   0.00000   0.00000   0.02552   0.02169   0.02098   0.01616   0.00361   0.04692   0.01657   0.02203   0.03485   0.01044   0.03207   0.07673   0.03556   0.06157   0.03276   2.00095   1.09952   0.02947   0.23842   2.57305  
  9 2292.9262    424.248004  x:  0.00000   0.00000   0.02078   0.00000   0.02829   0.02789   0.00000   0.00465   0.02800   0.01989   0.01424   0.00000   0.00000   0.00000   0.00000   0.02193   0.01810   0.02160   0.01256   0.00000   0.04756   0.01650   0.02131   0.03607   0.01055   0.02854   0.07602   0.03542   0.06196   0.03319   2.00109   1.09956   0.02947   0.22732   2.57304  
 10 2389.1703    421.110140  x:  0.00000   0.00000   0.01617   0.00000   0.02334   0.02329   0.00000   0.00000   0.02343   0.01914   0.00967   0.00000   0.00000   0.00000   0.00000   0.01731   0.01347   0.02197   0.00793   0.00000   0.04906   0.01755   0.02095   0.03619   0.00989   0.02399   0.07707   0.03518   0.06311   0.03253   2.00125   1.09989   0.02917   0.21394   2.57304  
 11 3695.4839    416.231399  x:  0.00000   0.00000   0.00829   0.00000   0.01473   0.01545   0.00000   0.00000   0.01539   0.02076   0.00161   0.00000   0.00000   0.00000   0.00000   0.00944   0.00556   0.01911   0.00000   0.00000   0.05073   0.01955   0.02026   0.03511   0.00931   0.01616   0.07910   0.03624   0.06430   0.03275   2.00143   1.10147   0.02762   0.19389   2.57304  
 12 3276.7163    415.364376  x:  0.00000   0.00000   0.00676   0.00000   0.01304   0.01393   0.00000   0.00000   0.01379   0.02077   0.00000   0.00000   0.00000   0.00000   0.00000   0.00791   0.00402   0.01897   0.00000   0.00000   0.05090   0.01966   0.02018   0.03512   0.00922   0.01463   0.07931   0.03650   0.06436   0.03276   2.00146   1.10191   0.02720   0.19034   2.57304  
 13 6110.0923    413.426250  x:  0.00000   0.00000   0.00276   0.00000   0.00862   0.00995   0.00000   0.00000   0.00969   0.02061   0.00000   0.00000   0.00000   0.00000   0.00000   0.00391   0.00000   0.01876   0.00000   0.00000   0.05159   0.01991   0.02017   0.03560   0.00879   0.01063   0.08020   0.03950   0.06465   0.03303   2.00153   1.10300   0.02612   0.18073   2.57304  
 14 3983.3734    412.174653  x:  0.00000   0.00000   0.00000   0.00000   0.00542   0.00723   0.00000   0.00000   0.00731   0.02064   0.00000   0.00000   0.00000   0.00000   0.00000   0.00117   0.00000   0.01854   0.00000   0.00000   0.05182   0.01996   0.02000   0.03556   0.00869   0.00784   0.08066   0.03979   0.06460   0.03304   2.00159   1.10440   0.02470   0.17251   2.57305  
 15 437.7113    411.712590  x:  0.00000   0.00000   0.00000   0.00000   0.00407   0.00605   0.00000   0.00000   0.00619   0.02067   0.00000   0.00000   0.00000   0.00000   0.00000   0.00000   0.00000   0.01842   0.00000   0.00000   0.05210   0.02013   0.01991   0.03558   0.00856   0.00672   0.08089   0.03987   0.06413   0.03303   2.00164   1.10447   0.02463   0.16894   2.57305  
 16 1567.7913    410.517878  x:  0.00000   0.00000   0.00000   0.00000   0.00000   0.00244   0.00000   0.00000   0.00264   0.02072   0.00000   0.00000   0.00000   0.00000   0.00000   0.00000   0.00000   0.01803   0.00000   0.00000   0.05204   0.02001   0.01963   0.03544   0.00848   0.00336   0.08160   0.04009   0.06450   0.03305   2.00182   1.10419   0.02490   0.15804   2.57307  
 17 2644.2571    409.895935  x:  0.00000   0.00000   0.00000   0.00000   0.00000   0.00000   0.00000   0.00000   0.00029   0.02076   0.00000   0.00000   0.00000   0.00000   0.00000   0.00000   0.00000   0.01777   0.00000   0.00000   0.05199   0.01992   0.01946   0.03533   0.00844   0.00108   0.08207   0.04024   0.06477   0.03307   2.00193   1.10390   0.02518   0.15103   2.57307  
 18 44606.1147    409.854277  x:  0.00000   0.00000   0.00000   0.00000   0.00000   0.00000   0.00000   0.00000   0.00000   0.02076   0.00000   0.00000   0.00000   0.00000   0.00000   0.00000   0.00000   0.01776   0.00000   0.00000   0.05199   0.01992   0.01945   0.03533   0.00844   0.00082   0.08209   0.04024   0.06477   0.03307   2.00194   1.10390   0.02518   0.15075   2.57308  
 19 169.4091    409.771684  x:  0.00000   0.00000   0.00000   0.00000   0.00000   0.00000   0.00000   0.00000   0.00000   0.02077   0.00000   0.00000   0.00000   0.00000   0.00000   0.00000   0.00000   0.01772   0.00000   0.00000   0.05199   0.01990   0.01942   0.03532   0.00843   0.00000   0.08217   0.04026   0.06479   0.03307   2.00198   1.10387   0.02521   0.14954   2.57308  
 20 707.0462    407.003970  x:  0.00000   0.00000   0.00000   0.00000   0.00000   0.00000   0.00000   0.00000   0.00000   0.01856   0.00000   0.00000   0.00000   0.00000   0.00000   0.00000   0.00000   0.01918   0.00000   0.00000   0.03353   0.00000   0.02013   0.03036   0.01643   0.00000   0.09179   0.03504   0.05078   0.03737   2.02346   1.11481   0.01163   0.12417   2.57387  
 21  4.4433    406.479189  x:  0.00000   0.00000   0.00000   0.00000   0.00000   0.00000   0.00000   0.00000   0.00000   0.01849   0.00000   0.00000   0.00000   0.00000   0.00000   0.00000   0.00000   0.02090   0.00000   0.00000   0.02688   0.00000   0.02115   0.01931   0.03165   0.00000   0.09714   0.03091   0.03939   0.03909   2.05704   1.11851   0.00648   0.11071   2.57434  
 22  3.5847    406.432392  x:  0.00000   0.00000   0.00000   0.00000   0.00000   0.00000   0.00000   0.00000   0.00000   0.01764   0.00000   0.00000   0.00000   0.00000   0.00000   0.00000   0.00000   0.01814   0.00000   0.00000   0.02579   0.00000   0.02129   0.02046   0.03180   0.00000   0.09537   0.02366   0.03887   0.03920   2.11340   1.13185  -0.00771   0.12685   2.57477  
 23  1.9032    406.432392  x:  0.00000   0.00000   0.00000   0.00000   0.00000   0.00000   0.00000   0.00000   0.00000   0.01764   0.00000   0.00000   0.00000   0.00000   0.00000   0.00000   0.00000   0.01814   0.00000   0.00000   0.02579   0.00000   0.02129   0.02046   0.03180   0.00000   0.09537   0.02366   0.03887   0.03920   2.11340   1.13185  -0.00771   0.12685   2.57477  
 24  0.3918    405.181787  x:  0.00000   0.00000   0.00000   0.00000   0.00000   0.00000   0.00000   0.00000   0.00000   0.01444   0.00000   0.00000   0.00000   0.00000   0.00000   0.00000   0.00000   0.01417   0.00000   0.00000   0.01410   0.00000   0.03626   0.03693   0.01672   0.00000   0.09610   0.01453   0.03326   0.04605   2.11421   1.13342  -0.00928   0.11428   2.57477  
 25 72.8682    403.611835  x:  0.00000   0.00000   0.00000   0.00000   0.00000   0.00000   0.00000   0.00000   0.00000   0.01257   0.00000   0.00000   0.00000   0.00000   0.00000   0.00000   0.00000   0.01180   0.00000   0.00000   0.00373   0.01985   0.05024   0.05210   0.00000   0.00000   0.09717   0.00679   0.02659   0.05407   2.11549   1.13591  -0.01177   0.09448   2.57477  
 26 171.1612    403.295352  x:  0.00000   0.00000   0.00000   0.00000   0.00000   0.00000   0.00000   0.00000   0.00000   0.01270   0.00000   0.00000   0.00000   0.00000   0.00000   0.00000   0.00000   0.01198   0.00000   0.00000   0.00000   0.02315   0.05229   0.05487   0.00000   0.00000   0.09741   0.00774   0.02569   0.05545   2.11578   1.13649  -0.01235   0.08990   2.57477  
 27 245.7450    400.586594  x:  0.00000   0.00000   0.00000   0.00000   0.00000   0.00000   0.00000   0.00000   0.00000   0.03203   0.00000   0.00000   0.00000   0.00000   0.00000   0.00000   0.00000   0.03528   0.00000   0.00000   0.00000   0.00652   0.04100   0.06173   0.00000   0.00000   0.10286   0.01805   0.04457   0.05959   2.12116   1.14766  -0.02352   0.00000   2.57477  
 28 40.9168    400.437598  x:  0.00000   0.00000   0.00000   0.00000   0.00000   0.00000   0.00000   0.00000   0.00000   0.03183   0.00000   0.00000   0.00000   0.00000   0.00000   0.00000   0.00000   0.03589   0.00000   0.00000   0.00000   0.00989   0.03457   0.06733   0.00000   0.00000   0.10779   0.01892   0.05316   0.05992   2.12481   1.15577  -0.03163   0.00000   2.57477  
 29 20.1671    400.267732  x:  0.00000   0.00000   0.00000   0.00000   0.00000   0.00000   0.00000   0.00000   0.00000   0.02472   0.00000   0.00000   0.00000   0.00000   0.00000   0.00000   0.00000   0.02843   0.00000   0.00000   0.00000   0.00792   0.02742   0.06469   0.00000   0.00000   0.11189   0.02249   0.05636   0.05645   2.12788   1.16294  -0.03880   0.00000   2.57477  
 30 43.6534    399.995733  x:  0.00000   0.00000   0.00000   0.00000   0.00000   0.00000   0.00000   0.00000   0.00000   0.02537   0.00000   0.00000   0.00000   0.00000   0.00000   0.00000   0.00000   0.02524   0.00000   0.00000   0.00000   0.00919   0.03378   0.04816   0.00000   0.00000   0.11792   0.02720   0.05991   0.04777   2.13793   1.18626  -0.06212   0.00000   2.57477  
 31 20.6997    399.775767  x:  0.00000   0.00000   0.00000   0.00000   0.00000   0.00000   0.00000   0.00000   0.00000   0.02737   0.00000   0.00000   0.00000   0.00000   0.00000   0.00000   0.00000   0.03028   0.00000   0.00000   0.00000   0.01015   0.02679   0.03867   0.00000   0.00000   0.11517   0.02812   0.04707   0.05090   2.14974   1.21390  -0.08976   0.00000   2.57477  
 32 23.6209    399.375535  x:  0.00000   0.00000   0.00000   0.00000   0.00000   0.00000   0.00000   0.00000   0.00000   0.02736   0.00000   0.00000   0.00000   0.00000   0.00000   0.00000   0.00000   0.03100   0.00000   0.00000   0.00000   0.01068   0.02439   0.04349   0.00000   0.00000   0.09305   0.03063   0.04082   0.03585   2.17878   1.28257  -0.15843   0.00000   2.57477  
 33 20.4050    398.675163  x:  0.00000   0.00000   0.00000   0.00000   0.00000   0.00000   0.00000   0.00000   0.00000   0.02293   0.00000   0.00000   0.00000   0.00000   0.00000   0.00000   0.00000   0.02657   0.00000   0.00000   0.00000   0.01085   0.02801   0.04211   0.00000   0.00000   0.06777   0.03787   0.04703   0.05028   2.23670   1.41905  -0.29491   0.00000   2.57477  
 34 94.4521    397.471963  x:  0.00000   0.00000   0.00000   0.00000   0.00000   0.00000   0.00000   0.00000   0.00000   0.02912   0.00000   0.00000   0.00000   0.00000   0.00000   0.00000   0.00000   0.02678   0.00000   0.00000   0.00000   0.01013   0.03173   0.05456   0.00000   0.00000   0.09526   0.04646   0.03244   0.05652   2.34606   1.67395  -0.54981   0.00000   2.57477  
 35 126.3038    397.457652  x:  0.00000   0.00000   0.00000   0.00000   0.00000   0.00000   0.00000   0.00000   0.00000   0.02572   0.00000   0.00000   0.00000   0.00000   0.00000   0.00000   0.00000   0.02991   0.00000   0.00000   0.00000   0.01016   0.03242   0.05448   0.00000   0.00000   0.09589   0.04647   0.03260   0.05619   2.34838   1.67674  -0.55260   0.00000   2.57477  
 36  7.2796    396.255129  x:  0.00000   0.00000   0.00000   0.00000   0.00000   0.00000   0.00000   0.00000   0.00000   0.02142   0.00000   0.00000   0.00000   0.00000   0.00000   0.00000   0.00000   0.02238   0.00000   0.00000   0.00000   0.00767   0.02625   0.04231   0.00000   0.00000   0.09858   0.02113   0.05469   0.04588   3.18359   1.81302  -0.68888   0.00000   2.57477  
 37  1.5625    395.541841  x:  0.00000   0.00000   0.00000   0.00000   0.00000   0.00000   0.00000   0.00000   0.00000   0.01176   0.00000   0.00000   0.00000   0.00000   0.00000   0.00000   0.00000   0.01201   0.00000   0.00000   0.00000   0.00961   0.02781   0.04343   0.00000   0.00000   0.09746   0.02291   0.03776   0.04722   3.75807   1.77271  -0.64857   0.00000   2.57477  
 38  2.7187    395.248134  x:  0.00000   0.00000   0.00000   0.00000   0.00000   0.00000   0.00000   0.00000   0.00000   0.01537   0.00000   0.00000   0.00000   0.00000   0.00000   0.00000   0.00000   0.01598   0.00000   0.00000   0.00000   0.01137   0.02883   0.04511   0.00000   0.00000   0.09478   0.01675   0.02649   0.04754   4.09786   1.77355  -0.64941   0.00000   2.57476  
 39  0.8185    395.163955  x:  0.00000   0.00000   0.00000   0.00000   0.00000   0.00000   0.00000   0.00000   0.00000   0.01664   0.00000   0.00000   0.00000   0.00000   0.00000   0.00000   0.00000   0.01527   0.00000   0.00000   0.00000   0.01354   0.03164   0.04656   0.00000   0.00000   0.09443   0.01513   0.03142   0.04767   4.29898   1.82435  -0.70021   0.00000   2.57476  
 40  0.2263    395.160976  x:  0.00129   0.00000   0.00000   0.00000   0.00000   0.00000   0.00000   0.00000   0.00000   0.01669   0.00000   0.00000   0.00000   0.00000   0.00000   0.00000   0.00000   0.01524   0.00000   0.00000   0.00000   0.01363   0.03175   0.04662   0.00000   0.00000   0.09442   0.01506   0.03161   0.04768   4.30672   1.82630  -0.70216   0.00000   2.57476  
 41 30.5552    395.143378  x:  0.00139   0.00000   0.00000   0.00000   0.00000   0.00000   0.00000   0.00000   0.00000   0.01472   0.00000   0.00000   0.00000   0.00000   0.00000   0.00000   0.00000   0.01606   0.00000   0.00000   0.00000   0.01454   0.03186   0.04651   0.00000   0.00000   0.09403   0.01496   0.02980   0.04800   4.43177   1.84328  -0.71914   0.00000   2.57476  
 42  0.1795    395.138783  x:  0.00140   0.00000   0.00000   0.00000   0.00000   0.00000   0.00000   0.00000   0.00000   0.01521   0.00000   0.00000   0.00000   0.00000   0.00000   0.00000   0.00000   0.01508   0.00000   0.00000   0.00000   0.01495   0.03153   0.04623   0.00000   0.00000   0.09376   0.01496   0.02877   0.04818   4.49333   1.84537  -0.72122   0.00000   2.57476  
 43  0.1207    395.136943  x:  0.00177   0.00000   0.00000   0.00000   0.00000   0.00000   0.00000   0.00000   0.00000   0.01523   0.00000   0.00000   0.00000   0.00000   0.00000   0.00000   0.00000   0.01525   0.00000   0.00000   0.00000   0.01537   0.03090   0.04589   0.00000   0.00000   0.09373   0.01463   0.02935   0.04816   4.54444   1.83762  -0.71346   0.00000   2.57475  
 44  0.0403    395.136809  x:  0.00176   0.00000   0.00000   0.00000   0.00000   0.00000   0.00000   0.00000   0.00000   0.01525   0.00000   0.00000   0.00000   0.00000   0.00000   0.00000   0.00000   0.01530   0.00000   0.00000   0.00000   0.01541   0.03110   0.04601   0.00000   0.00000   0.09393   0.01464   0.02928   0.04805   4.56449   1.83582  -0.71165   0.00000   2.57475  
 45  0.0140    395.136766  x:  0.00187   0.00000   0.00000   0.00000   0.00000   0.00000   0.00000   0.00000   0.00000   0.01523   0.00000   0.00000   0.00000   0.00000   0.00000   0.00000   0.00000   0.01526   0.00000   0.00000   0.00000   0.01532   0.03105   0.04603   0.00000   0.00000   0.09404   0.01452   0.02932   0.04807   4.57584   1.83613  -0.71195   0.00000   2.57474  
 46  0.0044    395.136757  x:  0.00188   0.00000   0.00000   0.00000   0.00000   0.00000   0.00000   0.00000   0.00000   0.01525   0.00000   0.00000   0.00000   0.00000   0.00000   0.00000   0.00000   0.01529   0.00000   0.00000   0.00000   0.01529   0.03105   0.04599   0.00000   0.00000   0.09397   0.01451   0.02930   0.04807   4.57831   1.83629  -0.71209   0.00000   2.57474  
 47  0.0018    395.136757  x:  0.00188   0.00000   0.00000   0.00000   0.00000   0.00000   0.00000   0.00000   0.00000   0.01525   0.00000   0.00000   0.00000   0.00000   0.00000   0.00000   0.00000   0.01529   0.00000   0.00000   0.00000   0.01529   0.03105   0.04600   0.00000   0.00000   0.09394   0.01451   0.02930   0.04807   4.57878   1.83629  -0.71209   0.00000   2.57474  
 48  0.0004    395.136757  x:  0.00188   0.00000   0.00000   0.00000   0.00000   0.00000   0.00000   0.00000   0.00000   0.01525   0.00000   0.00000   0.00000   0.00000   0.00000   0.00000   0.00000   0.01529   0.00000   0.00000   0.00000   0.01529   0.03105   0.04600   0.00000   0.00000   0.09394   0.01451   0.02930   0.04807   4.57878   1.83629  -0.71209   0.00000   2.57473  
 49  0.0000    395.136757  x:  0.00188   0.00000   0.00000   0.00000   0.00000   0.00000   0.00000   0.00000   0.00000   0.01525   0.00000   0.00000   0.00000   0.00000   0.00000   0.00000   0.00000   0.01529   0.00000   0.00000   0.00000   0.01529   0.03105   0.04600   0.00000   0.00000   0.09394   0.01451   0.02930   0.04807   4.57878   1.83630  -0.71209   0.00000   2.57473  
 50  0.0000    395.136757  x:  0.00188   0.00000   0.00000   0.00000   0.00000   0.00000   0.00000   0.00000   0.00000   0.01525   0.00000   0.00000   0.00000   0.00000   0.00000   0.00000   0.00000   0.01529   0.00000   0.00000   0.00000   0.01529   0.03105   0.04600   0.00000   0.00000   0.09394   0.01451   0.02930   0.04807   4.57878   1.83630  -0.71209   0.00000   2.57473  
 51  0.0000    395.136757  x:  0.00188   0.00000   0.00000   0.00000   0.00000   0.00000   0.00000   0.00000   0.00000   0.01525   0.00000   0.00000   0.00000   0.00000   0.00000   0.00000   0.00000   0.01529   0.00000   0.00000   0.00000   0.01529   0.03105   0.04600   0.00000   0.00000   0.09394   0.01451   0.02930   0.04807   4.57878   1.83630  -0.71208   0.00000   2.57473  
 52  0.0000    395.136757  x:  0.00188   0.00000   0.00000   0.00000   0.00000   0.00000   0.00000   0.00000   0.00000   0.01525   0.00000   0.00000   0.00000   0.00000   0.00000   0.00000   0.00000   0.01529   0.00000   0.00000   0.00000   0.01529   0.03105   0.04600   0.00000   0.00000   0.09394   0.01451   0.02930   0.04807   4.57878   1.83631  -0.71208   0.00000   2.57472  
 53  0.0000    395.136757  x:  0.00188   0.00000   0.00000   0.00000   0.00000   0.00000   0.00000   0.00000   0.00000   0.01525   0.00000   0.00000   0.00000   0.00000   0.00000   0.00000   0.00000   0.01529   0.00000   0.00000   0.00000   0.01529   0.03105   0.04600   0.00000   0.00000   0.09394   0.01451   0.02930   0.04807   4.57878   1.83633  -0.71205   0.00000   2.57471  
 54  0.0000    395.136757  x:  0.00188   0.00000   0.00000   0.00000   0.00000   0.00000   0.00000   0.00000   0.00000   0.01525   0.00000   0.00000   0.00000   0.00000   0.00000   0.00000   0.00000   0.01529   0.00000   0.00000   0.00000   0.01529   0.03105   0.04600   0.00000   0.00000   0.09394   0.01451   0.02930   0.04807   4.57878   1.83638  -0.71200   0.00000   2.57466  
 55  0.0001    395.136757  x:  0.00188   0.00000   0.00000   0.00000   0.00000   0.00000   0.00000   0.00000   0.00000   0.01525   0.00000   0.00000   0.00000   0.00000   0.00000   0.00000   0.00000   0.01529   0.00000   0.00000   0.00000   0.01529   0.03105   0.04600   0.00000   0.00000   0.09394   0.01451   0.02930   0.04808   4.57877   1.83663  -0.71175   0.00000   2.57446  
 56  0.0001    395.136757  x:  0.00188   0.00000   0.00000   0.00000   0.00000   0.00000   0.00000   0.00000   0.00000   0.01525   0.00000   0.00000   0.00000   0.00000   0.00000   0.00000   0.00000   0.01529   0.00000   0.00000   0.00000   0.01529   0.03105   0.04600   0.00000   0.00000   0.09394   0.01452   0.02930   0.04808   4.57877   1.83849  -0.70987   0.00000   2.57296  
 57  0.0004    395.136757  x:  0.00182   0.00000   0.00000   0.00000   0.00000   0.00000   0.00000   0.00000   0.00000   0.01525   0.00000   0.00000   0.00000   0.00000   0.00000   0.00000   0.00000   0.01529   0.00000   0.00000   0.00000   0.01529   0.03105   0.04600   0.00000   0.00000   0.09395   0.01457   0.02930   0.04808   4.57876   1.85886  -0.68945   0.00000   2.55654  
 58  0.0069    395.136756  x:  0.00155   0.00000   0.00000   0.00000   0.00000   0.00000   0.00000   0.00000   0.00000   0.01525   0.00000   0.00000   0.00000   0.00000   0.00000   0.00000   0.00000   0.01529   0.00000   0.00000   0.00000   0.01529   0.03105   0.04600   0.00000   0.00000   0.09395   0.01484   0.02930   0.04809   4.57876   1.96282  -0.58547   0.00000   2.47284  
 59  0.0211    395.136752  x:  0.00000   0.00000   0.00000   0.00000   0.00000   0.00000   0.00000   0.00000   0.00000   0.01525   0.00000   0.00000   0.00000   0.00000   0.00000   0.00000   0.00000   0.01529   0.00000   0.00000   0.00000   0.01529   0.03105   0.04601   0.00000   0.00000   0.09395   0.01639   0.02930   0.04810   4.57873   2.55835   0.01018   0.00000   1.99336  
 60 224.7227    395.136752  x:  0.00000   0.00000   0.00000   0.00000   0.00000   0.00000   0.00000   0.00000   0.00000   0.01525   0.00000   0.00000   0.00000   0.00000   0.00000   0.00000   0.00000   0.01529   0.00000   0.00000   0.00000   0.01529   0.03105   0.04601   0.00000   0.00000   0.09395   0.01639   0.02930   0.04810   4.57873   2.55835   0.01018   0.00000   1.99336  
 61  0.2033    395.136752  x:  0.00000   0.00000   0.00000   0.00000   0.00000   0.00000   0.00000   0.00000   0.00000   0.01525   0.00000   0.00000   0.00000   0.00000   0.00000   0.00000   0.00000   0.01529   0.00000   0.00000   0.00000   0.01529   0.03105   0.04600   0.00000   0.00000   0.09395   0.01640   0.02930   0.04808   4.57858   2.56181   0.01348   0.00000   1.99064  
 62  0.0020    395.136751  x:  0.00000   0.00000   0.00000   0.00000   0.00000   0.00000   0.00000   0.00000   0.00000   0.01525   0.00000   0.00000   0.00000   0.00000   0.00000   0.00000   0.00000   0.01529   0.00000   0.00000   0.00000   0.01530   0.03106   0.04600   0.00000   0.00000   0.09395   0.01639   0.02931   0.04807   4.57888   2.56238   0.01404   0.00000   1.99019  
 63  0.0016    395.136751  x:  0.00000   0.00000   0.00000   0.00000   0.00000   0.00000   0.00000   0.00000   0.00000   0.01525   0.00000   0.00000   0.00000   0.00000   0.00000   0.00000   0.00000   0.01529   0.00000   0.00000   0.00000   0.01529   0.03105   0.04599   0.00000   0.00000   0.09394   0.01639   0.02930   0.04807   4.57912   2.56779   0.01938   0.00000   1.98587  
 64  0.0029    395.136751  x:  0.00000   0.00000   0.00000   0.00000   0.00000   0.00000   0.00000   0.00000   0.00000   0.01525   0.00000   0.00000   0.00000   0.00000   0.00000   0.00000   0.00000   0.01529   0.00000   0.00000   0.00000   0.01529   0.03105   0.04599   0.00000   0.00000   0.09394   0.01639   0.02930   0.04807   4.57876   2.56859   0.02019   0.00000   1.98523  
 65  0.0008    395.136751  x:  0.00000   0.00000   0.00000   0.00000   0.00000   0.00000   0.00000   0.00000   0.00000   0.01525   0.00000   0.00000   0.00000   0.00000   0.00000   0.00000   0.00000   0.01529   0.00000   0.00000   0.00000   0.01529   0.03105   0.04599   0.00000   0.00000   0.09394   0.01639   0.02930   0.04807   4.57879   2.56911   0.02071   0.00000   1.98480  
 66  0.0004    395.136751  x:  0.00000   0.00000   0.00000   0.00000   0.00000   0.00000   0.00000   0.00000   0.00000   0.01525   0.00000   0.00000   0.00000   0.00000   0.00000   0.00000   0.00000   0.01529   0.00000   0.00000   0.00000   0.01529   0.03105   0.04599   0.00000   0.00000   0.09394   0.01639   0.02930   0.04807   4.57880   2.56922   0.02083   0.00000   1.98471  
 67  0.0293    395.136751  x:  0.00000   0.00000   0.00000   0.00000   0.00000   0.00000   0.00000   0.00000   0.00000   0.01525   0.00000   0.00000   0.00000   0.00000   0.00000   0.00000   0.00000   0.01529   0.00000   0.00000   0.00000   0.01529   0.03105   0.04599   0.00000   0.00000   0.09394   0.01639   0.02930   0.04807   4.57880   2.56921   0.02082   0.00000   1.98471  
 68 40.9492    395.136751  x:  0.00000   0.00000   0.00000   0.00000   0.00000   0.00000   0.00000   0.00000   0.00000   0.01525   0.00000   0.00000   0.00000   0.00000   0.00000   0.00000   0.00000   0.01529   0.00000   0.00000   0.00000   0.01529   0.03105   0.04599   0.00000   0.00000   0.09394   0.01639   0.02930   0.04807   4.57880   2.56920   0.02081   0.00000   1.98472  
 69  0.0003    395.136751  x:  0.00000   0.00000   0.00000   0.00000   0.00000   0.00000   0.00000   0.00000   0.00000   0.01525   0.00000   0.00000   0.00000   0.00000   0.00000   0.00000   0.00000   0.01529   0.00000   0.00000   0.00000   0.01529   0.03105   0.04599   0.00000   0.00000   0.09394   0.01639   0.02930   0.04807   4.57880   2.56920   0.02081   0.00000   1.98472  
 70  0.0008    395.136751  x:  0.00000   0.00000   0.00000   0.00000   0.00000   0.00000   0.00000   0.00000   0.00000   0.01525   0.00000   0.00000   0.00000   0.00000   0.00000   0.00000   0.00000   0.01529   0.00000   0.00000   0.00000   0.01529   0.03105   0.04599   0.00000   0.00000   0.09394   0.01639   0.02930   0.04807   4.57879   2.56918   0.02079   0.00000   1.98474  
 71  0.0001    395.136751  x:  0.00000   0.00000   0.00000   0.00000   0.00000   0.00000   0.00000   0.00000   0.00000   0.01525   0.00000   0.00000   0.00000   0.00000   0.00000   0.00000   0.00000   0.01529   0.00000   0.00000   0.00000   0.01529   0.03105   0.04599   0.00000   0.00000   0.09394   0.01639   0.02930   0.04807   4.57879   2.56918   0.02079   0.00000   1.98474  