Supplemental results for CODEML (seqf: /Users/YY/Desktop/get/branch_site/modify/modify_trim_muscle_ycf3.fa  treef: /Users/YY/Desktop/get/branch_site/16gene_topu.tree)


dN/dS (w) for site classes (K=4)

site class             0        1       2a       2b
proportion       1.00000  0.00000  0.00000  0.00000
background w     0.04803  1.00000  0.04803  1.00000
foreground w     0.04803  1.00000  1.00000  1.00000

Naive Empirical Bayes (NEB) probabilities for 4 classes
(amino acids refer to 1st sequence: NC_015804)

   1 M   1.00000 0.00000 0.00000 0.00000 ( 1)
   2 P   1.00000 0.00000 0.00000 0.00000 ( 1)
   3 R   1.00000 0.00000 0.00000 0.00000 ( 1)
   4 S   1.00000 0.00000 0.00000 0.00000 ( 1)
   5 R   1.00000 0.00000 0.00000 0.00000 ( 1)
   6 I   1.00000 0.00000 0.00000 0.00000 ( 1)
   7 N   1.00000 0.00000 0.00000 0.00000 ( 1)
   8 G   1.00000 0.00000 0.00000 0.00000 ( 1)
   9 N   1.00000 0.00000 0.00000 0.00000 ( 1)
  10 F   1.00000 0.00000 0.00000 0.00000 ( 1)
  11 I   1.00000 0.00000 0.00000 0.00000 ( 1)
  12 D   1.00000 0.00000 0.00000 0.00000 ( 1)
  13 K   1.00000 0.00000 0.00000 0.00000 ( 1)
  14 T   1.00000 0.00000 0.00000 0.00000 ( 1)
  15 F   1.00000 0.00000 0.00000 0.00000 ( 1)
  16 S   1.00000 0.00000 0.00000 0.00000 ( 1)
  17 I   1.00000 0.00000 0.00000 0.00000 ( 1)
  18 I   1.00000 0.00000 0.00000 0.00000 ( 1)
  19 A   1.00000 0.00000 0.00000 0.00000 ( 1)
  20 N   1.00000 0.00000 0.00000 0.00000 ( 1)
  21 I   1.00000 0.00000 0.00000 0.00000 ( 1)
  22 L   1.00000 0.00000 0.00000 0.00000 ( 1)
  23 L   1.00000 0.00000 0.00000 0.00000 ( 1)
  24 R   1.00000 0.00000 0.00000 0.00000 ( 1)
  25 I   1.00000 0.00000 0.00000 0.00000 ( 1)
  26 I   1.00000 0.00000 0.00000 0.00000 ( 1)
  27 P   1.00000 0.00000 0.00000 0.00000 ( 1)
  28 T   1.00000 0.00000 0.00000 0.00000 ( 1)
  29 T   1.00000 0.00000 0.00000 0.00000 ( 1)
  30 S   1.00000 0.00000 0.00000 0.00000 ( 1)
  31 G   1.00000 0.00000 0.00000 0.00000 ( 1)
  32 E   1.00000 0.00000 0.00000 0.00000 ( 1)
  33 K   1.00000 0.00000 0.00000 0.00000 ( 1)
  34 E   1.00000 0.00000 0.00000 0.00000 ( 1)
  35 A   1.00000 0.00000 0.00000 0.00000 ( 1)
  36 F   1.00000 0.00000 0.00000 0.00000 ( 1)
  37 T   1.00000 0.00000 0.00000 0.00000 ( 1)
  38 Y   1.00000 0.00000 0.00000 0.00000 ( 1)
  39 Y   1.00000 0.00000 0.00000 0.00000 ( 1)
  40 R   1.00000 0.00000 0.00000 0.00000 ( 1)
  41 D   1.00000 0.00000 0.00000 0.00000 ( 1)
  42 G   1.00000 0.00000 0.00000 0.00000 ( 1)
  43 M   1.00000 0.00000 0.00000 0.00000 ( 1)
  44 S   1.00000 0.00000 0.00000 0.00000 ( 1)
  45 A   1.00000 0.00000 0.00000 0.00000 ( 1)
  46 Q   1.00000 0.00000 0.00000 0.00000 ( 1)
  47 S   1.00000 0.00000 0.00000 0.00000 ( 1)
  48 E   1.00000 0.00000 0.00000 0.00000 ( 1)
  49 G   1.00000 0.00000 0.00000 0.00000 ( 1)
  50 N   1.00000 0.00000 0.00000 0.00000 ( 1)
  51 Y   1.00000 0.00000 0.00000 0.00000 ( 1)
  52 A   1.00000 0.00000 0.00000 0.00000 ( 1)
  53 E   1.00000 0.00000 0.00000 0.00000 ( 1)
  54 A   1.00000 0.00000 0.00000 0.00000 ( 1)
  55 L   1.00000 0.00000 0.00000 0.00000 ( 1)
  56 Q   1.00000 0.00000 0.00000 0.00000 ( 1)
  57 N   1.00000 0.00000 0.00000 0.00000 ( 1)
  58 Y   1.00000 0.00000 0.00000 0.00000 ( 1)
  59 Y   1.00000 0.00000 0.00000 0.00000 ( 1)
  60 E   1.00000 0.00000 0.00000 0.00000 ( 1)
  61 A   1.00000 0.00000 0.00000 0.00000 ( 1)
  62 M   1.00000 0.00000 0.00000 0.00000 ( 1)
  63 R   1.00000 0.00000 0.00000 0.00000 ( 1)
  64 L   1.00000 0.00000 0.00000 0.00000 ( 1)
  65 E   1.00000 0.00000 0.00000 0.00000 ( 1)
  66 I   1.00000 0.00000 0.00000 0.00000 ( 1)
  67 D   1.00000 0.00000 0.00000 0.00000 ( 1)
  68 P   1.00000 0.00000 0.00000 0.00000 ( 1)
  69 Y   1.00000 0.00000 0.00000 0.00000 ( 1)
  70 D   1.00000 0.00000 0.00000 0.00000 ( 1)
  71 R   1.00000 0.00000 0.00000 0.00000 ( 1)
  72 S   1.00000 0.00000 0.00000 0.00000 ( 1)
  73 Y   1.00000 0.00000 0.00000 0.00000 ( 1)
  74 I   1.00000 0.00000 0.00000 0.00000 ( 1)
  75 L   1.00000 0.00000 0.00000 0.00000 ( 1)
  76 Y   1.00000 0.00000 0.00000 0.00000 ( 1)
  77 N   1.00000 0.00000 0.00000 0.00000 ( 1)
  78 I   1.00000 0.00000 0.00000 0.00000 ( 1)
  79 G   1.00000 0.00000 0.00000 0.00000 ( 1)
  80 L   1.00000 0.00000 0.00000 0.00000 ( 1)
  81 I   1.00000 0.00000 0.00000 0.00000 ( 1)
  82 H   1.00000 0.00000 0.00000 0.00000 ( 1)
  83 T   1.00000 0.00000 0.00000 0.00000 ( 1)
  84 S   1.00000 0.00000 0.00000 0.00000 ( 1)
  85 N   1.00000 0.00000 0.00000 0.00000 ( 1)
  86 G   1.00000 0.00000 0.00000 0.00000 ( 1)
  87 E   1.00000 0.00000 0.00000 0.00000 ( 1)
  88 H   1.00000 0.00000 0.00000 0.00000 ( 1)
  89 T   1.00000 0.00000 0.00000 0.00000 ( 1)
  90 K   1.00000 0.00000 0.00000 0.00000 ( 1)
  91 A   1.00000 0.00000 0.00000 0.00000 ( 1)
  92 L   1.00000 0.00000 0.00000 0.00000 ( 1)
  93 E   1.00000 0.00000 0.00000 0.00000 ( 1)
  94 Y   1.00000 0.00000 0.00000 0.00000 ( 1)
  95 Y   1.00000 0.00000 0.00000 0.00000 ( 1)
  96 F   1.00000 0.00000 0.00000 0.00000 ( 1)
  97 R   1.00000 0.00000 0.00000 0.00000 ( 1)
  98 A   1.00000 0.00000 0.00000 0.00000 ( 1)
  99 L   1.00000 0.00000 0.00000 0.00000 ( 1)
 100 E   1.00000 0.00000 0.00000 0.00000 ( 1)
 101 R   1.00000 0.00000 0.00000 0.00000 ( 1)
 102 N   1.00000 0.00000 0.00000 0.00000 ( 1)
 103 P   1.00000 0.00000 0.00000 0.00000 ( 1)
 104 F   1.00000 0.00000 0.00000 0.00000 ( 1)
 105 L   1.00000 0.00000 0.00000 0.00000 ( 1)
 106 P   1.00000 0.00000 0.00000 0.00000 ( 1)
 107 Q   1.00000 0.00000 0.00000 0.00000 ( 1)
 108 A   1.00000 0.00000 0.00000 0.00000 ( 1)
 109 F   1.00000 0.00000 0.00000 0.00000 ( 1)
 110 N   1.00000 0.00000 0.00000 0.00000 ( 1)
 111 N   1.00000 0.00000 0.00000 0.00000 ( 1)
 112 M   1.00000 0.00000 0.00000 0.00000 ( 1)
 113 A   1.00000 0.00000 0.00000 0.00000 ( 1)
 114 V   1.00000 0.00000 0.00000 0.00000 ( 1)
 115 I   1.00000 0.00000 0.00000 0.00000 ( 1)
 116 C   1.00000 0.00000 0.00000 0.00000 ( 1)
 117 H   1.00000 0.00000 0.00000 0.00000 ( 1)
 118 Y   1.00000 0.00000 0.00000 0.00000 ( 1)
 119 R   1.00000 0.00000 0.00000 0.00000 ( 1)
 120 G   1.00000 0.00000 0.00000 0.00000 ( 1)
 121 E   1.00000 0.00000 0.00000 0.00000 ( 1)
 122 Q   1.00000 0.00000 0.00000 0.00000 ( 1)
 123 A   1.00000 0.00000 0.00000 0.00000 ( 1)
 124 I   1.00000 0.00000 0.00000 0.00000 ( 1)
 125 R   1.00000 0.00000 0.00000 0.00000 ( 1)
 126 Q   1.00000 0.00000 0.00000 0.00000 ( 1)
 127 G   1.00000 0.00000 0.00000 0.00000 ( 1)
 128 D   1.00000 0.00000 0.00000 0.00000 ( 1)
 129 S   1.00000 0.00000 0.00000 0.00000 ( 1)
 130 E   1.00000 0.00000 0.00000 0.00000 ( 1)
 131 I   1.00000 0.00000 0.00000 0.00000 ( 1)
 132 A   1.00000 0.00000 0.00000 0.00000 ( 1)
 133 E   1.00000 0.00000 0.00000 0.00000 ( 1)
 134 A   1.00000 0.00000 0.00000 0.00000 ( 1)
 135 W   1.00000 0.00000 0.00000 0.00000 ( 1)
 136 F   1.00000 0.00000 0.00000 0.00000 ( 1)
 137 D   1.00000 0.00000 0.00000 0.00000 ( 1)
 138 Q   1.00000 0.00000 0.00000 0.00000 ( 1)
 139 A   1.00000 0.00000 0.00000 0.00000 ( 1)
 140 A   1.00000 0.00000 0.00000 0.00000 ( 1)
 141 E   1.00000 0.00000 0.00000 0.00000 ( 1)
 142 Y   1.00000 0.00000 0.00000 0.00000 ( 1)
 143 W   1.00000 0.00000 0.00000 0.00000 ( 1)
 144 K   1.00000 0.00000 0.00000 0.00000 ( 1)
 145 Q   1.00000 0.00000 0.00000 0.00000 ( 1)
 146 A   1.00000 0.00000 0.00000 0.00000 ( 1)
 147 I   1.00000 0.00000 0.00000 0.00000 ( 1)
 148 A   1.00000 0.00000 0.00000 0.00000 ( 1)
 149 L   1.00000 0.00000 0.00000 0.00000 ( 1)
 150 T   1.00000 0.00000 0.00000 0.00000 ( 1)
 151 P   1.00000 0.00000 0.00000 0.00000 ( 1)
 152 G   1.00000 0.00000 0.00000 0.00000 ( 1)
 153 N   1.00000 0.00000 0.00000 0.00000 ( 1)
 154 Y   1.00000 0.00000 0.00000 0.00000 ( 1)
 155 I   1.00000 0.00000 0.00000 0.00000 ( 1)
 156 E   1.00000 0.00000 0.00000 0.00000 ( 1)
 157 A   1.00000 0.00000 0.00000 0.00000 ( 1)
 158 Q   1.00000 0.00000 0.00000 0.00000 ( 1)
 159 N   1.00000 0.00000 0.00000 0.00000 ( 1)
 160 W   1.00000 0.00000 0.00000 0.00000 ( 1)
 161 L   1.00000 0.00000 0.00000 0.00000 ( 1)
 162 K   1.00000 0.00000 0.00000 0.00000 ( 1)
 163 I   1.00000 0.00000 0.00000 0.00000 ( 1)
 164 T   1.00000 0.00000 0.00000 0.00000 ( 1)
 165 R   1.00000 0.00000 0.00000 0.00000 ( 1)
 166 R   1.00000 0.00000 0.00000 0.00000 ( 1)
 167 F   1.00000 0.00000 0.00000 0.00000 ( 1)
 168 E   1.00000 0.00000 0.00000 0.00000 ( 1)


lnL =  -897.889430

Bayes Empirical Bayes (BEB) probabilities for 4 classes (class)
(amino acids refer to 1st sequence: NC_015804)

   1 M   0.90855 0.01734 0.07247 0.00165 ( 1)
   2 P   0.90546 0.01965 0.07301 0.00188 ( 1)
   3 R   0.90697 0.01851 0.07275 0.00176 ( 1)
   4 S   0.89437 0.02838 0.07448 0.00277 ( 1)
   5 R   0.89405 0.02864 0.07451 0.00279 ( 1)
   6 I   0.90974 0.01647 0.07223 0.00156 ( 1)
   7 N   0.91618 0.01195 0.07075 0.00111 ( 1)
   8 G   0.90516 0.01988 0.07306 0.00190 ( 1)
   9 N   0.91618 0.01195 0.07075 0.00111 ( 1)
  10 F   0.90888 0.01709 0.07240 0.00162 ( 1)
  11 I   0.91096 0.01559 0.07199 0.00147 ( 1)
  12 D   0.91605 0.01204 0.07079 0.00112 ( 1)
  13 K   0.90513 0.01991 0.07306 0.00190 ( 1)
  14 T   0.89437 0.02839 0.07448 0.00277 ( 1)
  15 F   0.90888 0.01709 0.07240 0.00162 ( 1)
  16 S   0.89915 0.02455 0.07392 0.00238 ( 1)
  17 I   0.91096 0.01559 0.07199 0.00147 ( 1)
  18 I   0.66407 0.26173 0.05057 0.02362 ( 1)
  19 A   0.89426 0.02847 0.07449 0.00278 ( 1)
  20 N   0.91618 0.01195 0.07075 0.00111 ( 1)
  21 I   0.89848 0.02467 0.07446 0.00240 ( 1)
  22 L   0.89880 0.02483 0.07397 0.00240 ( 1)
  23 L   0.89880 0.02483 0.07397 0.00240 ( 1)
  24 R   0.89706 0.02621 0.07418 0.00255 ( 1)
  25 I   0.90974 0.01647 0.07223 0.00156 ( 1)
  26 I   0.91096 0.01559 0.07199 0.00147 ( 1)
  27 P   0.89608 0.02700 0.07429 0.00263 ( 1)
  28 T   0.90666 0.01874 0.07280 0.00179 ( 1)
  29 T   0.90951 0.01664 0.07228 0.00158 ( 1)
  30 S   0.89853 0.02517 0.07387 0.00243 ( 1)
  31 G   0.65079 0.27393 0.05033 0.02495 ( 1)
  32 E   0.91141 0.01526 0.07189 0.00144 ( 1)
  33 K   0.91157 0.01515 0.07185 0.00143 ( 1)
  34 E   0.90492 0.02006 0.07310 0.00192 ( 1)
  35 A   0.90648 0.01888 0.07284 0.00180 ( 1)
  36 F   0.90888 0.01709 0.07240 0.00162 ( 1)
  37 T   0.89437 0.02839 0.07448 0.00277 ( 1)
  38 Y   0.90919 0.01687 0.07234 0.00160 ( 1)
  39 Y   0.89420 0.02852 0.07450 0.00278 ( 1)
  40 R   0.90697 0.01851 0.07275 0.00176 ( 1)
  41 D   0.91605 0.01204 0.07079 0.00112 ( 1)
  42 G   0.90763 0.01840 0.07222 0.00174 ( 1)
  43 M   0.90855 0.01734 0.07247 0.00165 ( 1)
  44 S   0.89582 0.02693 0.07462 0.00263 ( 1)
  45 A   0.90931 0.01678 0.07232 0.00159 ( 1)
  46 Q   0.90439 0.02047 0.07318 0.00196 ( 1)
  47 S   0.89253 0.02989 0.07467 0.00292 ( 1)
  48 E   0.91141 0.01526 0.07189 0.00144 ( 1)
  49 G   0.90516 0.01988 0.07306 0.00190 ( 1)
  50 N   0.91618 0.01195 0.07075 0.00111 ( 1)
  51 Y   0.90919 0.01687 0.07234 0.00160 ( 1)
  52 A   0.89873 0.02488 0.07398 0.00241 ( 1)
  53 E   0.91141 0.01526 0.07189 0.00144 ( 1)
  54 A   0.90931 0.01678 0.07232 0.00159 ( 1)
  55 L   0.89880 0.02483 0.07397 0.00240 ( 1)
  56 Q   0.60784 0.31557 0.04767 0.02892 ( 1)
  57 N   0.91618 0.01195 0.07075 0.00111 ( 1)
  58 Y   0.90919 0.01687 0.07234 0.00160 ( 1)
  59 Y   0.90919 0.01687 0.07234 0.00160 ( 1)
  60 E   0.91141 0.01526 0.07189 0.00144 ( 1)
  61 A   0.90931 0.01678 0.07232 0.00159 ( 1)
  62 M   0.90855 0.01734 0.07247 0.00165 ( 1)
  63 R   0.89706 0.02621 0.07418 0.00255 ( 1)
  64 L   0.89906 0.02462 0.07394 0.00238 ( 1)
  65 E   0.91141 0.01526 0.07189 0.00144 ( 1)
  66 I   0.91096 0.01559 0.07199 0.00147 ( 1)
  67 D   0.91605 0.01204 0.07079 0.00112 ( 1)
  68 P   0.89227 0.03009 0.07469 0.00294 ( 1)
  69 Y   0.90771 0.01835 0.07220 0.00174 ( 1)
  70 D   0.91605 0.01204 0.07079 0.00112 ( 1)
  71 R   0.89706 0.02621 0.07418 0.00255 ( 1)
  72 S   0.91163 0.01510 0.07185 0.00142 ( 1)
  73 Y   0.90919 0.01687 0.07234 0.00160 ( 1)
  74 I   0.90974 0.01647 0.07223 0.00156 ( 1)
  75 L   0.89248 0.02992 0.07467 0.00293 ( 1)
  76 Y   0.90919 0.01687 0.07234 0.00160 ( 1)
  77 N   0.90267 0.02179 0.07344 0.00209 ( 1)
  78 I   0.90974 0.01647 0.07223 0.00156 ( 1)
  79 G   0.90516 0.01988 0.07306 0.00190 ( 1)
  80 L   0.90587 0.01934 0.07294 0.00185 ( 1)
  81 I   0.89639 0.02675 0.07426 0.00260 ( 1)
  82 H   0.89890 0.02474 0.07396 0.00240 ( 1)
  83 T   0.90666 0.01874 0.07280 0.00179 ( 1)
  84 S   0.91163 0.01510 0.07185 0.00142 ( 1)
  85 N   0.90267 0.02179 0.07344 0.00209 ( 1)
  86 G   0.90516 0.01988 0.07306 0.00190 ( 1)
  87 E   0.91141 0.01526 0.07189 0.00144 ( 1)
  88 H   0.91232 0.01461 0.07169 0.00137 ( 1)
  89 T   0.89887 0.02477 0.07396 0.00240 ( 1)
  90 K   0.91157 0.01515 0.07185 0.00143 ( 1)
  91 A   0.90931 0.01678 0.07232 0.00159 ( 1)
  92 L   0.89352 0.02905 0.07459 0.00284 ( 1)
  93 E   0.91141 0.01526 0.07189 0.00144 ( 1)
  94 Y   0.90919 0.01687 0.07234 0.00160 ( 1)
  95 Y   0.90919 0.01687 0.07234 0.00160 ( 1)
  96 F   0.90031 0.02283 0.07464 0.00222 ( 1)
  97 R   0.89706 0.02621 0.07418 0.00255 ( 1)
  98 A   0.89986 0.02463 0.07315 0.00237 ( 1)
  99 L   0.89906 0.02462 0.07394 0.00238 ( 1)
 100 E   0.91141 0.01526 0.07189 0.00144 ( 1)
 101 R   0.89706 0.02621 0.07418 0.00255 ( 1)
 102 N   0.91618 0.01195 0.07075 0.00111 ( 1)
 103 P   0.58301 0.33986 0.04594 0.03119 ( 1)
 104 F   0.89637 0.02677 0.07426 0.00260 ( 1)
 105 L   0.89880 0.02483 0.07397 0.00240 ( 1)
 106 P   0.90210 0.02241 0.07334 0.00215 ( 1)
 107 Q   0.90439 0.02047 0.07318 0.00196 ( 1)
 108 A   0.90931 0.01678 0.07232 0.00159 ( 1)
 109 F   0.90865 0.01732 0.07238 0.00164 ( 1)
 110 N   0.91618 0.01195 0.07075 0.00111 ( 1)
 111 N   0.91618 0.01195 0.07075 0.00111 ( 1)
 112 M   0.90855 0.01734 0.07247 0.00165 ( 1)
 113 A   0.90931 0.01678 0.07232 0.00159 ( 1)
 114 V   0.89890 0.02475 0.07396 0.00240 ( 1)
 115 I   0.89639 0.02675 0.07426 0.00260 ( 1)
 116 C   0.90589 0.01933 0.07294 0.00185 ( 1)
 117 H   0.91232 0.01461 0.07169 0.00137 ( 1)
 118 Y   0.89420 0.02852 0.07450 0.00278 ( 1)
 119 R   0.89405 0.02864 0.07451 0.00279 ( 1)
 120 G   0.90516 0.01988 0.07306 0.00190 ( 1)
 121 E   0.91141 0.01526 0.07189 0.00144 ( 1)
 122 Q   0.90439 0.02047 0.07318 0.00196 ( 1)
 123 A   0.89426 0.02847 0.07449 0.00278 ( 1)
 124 I   0.91096 0.01559 0.07199 0.00147 ( 1)
 125 R   0.89706 0.02621 0.07418 0.00255 ( 1)
 126 Q   0.89895 0.02470 0.07395 0.00239 ( 1)
 127 G   0.90516 0.01988 0.07306 0.00190 ( 1)
 128 D   0.91605 0.01204 0.07079 0.00112 ( 1)
 129 S   0.90597 0.01927 0.07292 0.00184 ( 1)
 130 E   0.91141 0.01526 0.07189 0.00144 ( 1)
 131 I   0.91096 0.01559 0.07199 0.00147 ( 1)
 132 A   0.89873 0.02488 0.07398 0.00241 ( 1)
 133 E   0.90492 0.02006 0.07310 0.00192 ( 1)
 134 A   0.90931 0.01678 0.07232 0.00159 ( 1)
 135 W   0.89375 0.02889 0.07454 0.00282 ( 1)
 136 F   0.89637 0.02677 0.07426 0.00260 ( 1)
 137 D   0.91605 0.01204 0.07079 0.00112 ( 1)
 138 Q   0.90214 0.02152 0.07426 0.00208 ( 1)
 139 A   0.89426 0.02847 0.07449 0.00278 ( 1)
 140 A   0.90919 0.01690 0.07231 0.00160 ( 1)
 141 E   0.90492 0.02006 0.07310 0.00192 ( 1)
 142 Y   0.90919 0.01687 0.07234 0.00160 ( 1)
 143 W   0.89375 0.02889 0.07454 0.00282 ( 1)
 144 K   0.91157 0.01515 0.07185 0.00143 ( 1)
 145 Q   0.90439 0.02047 0.07318 0.00196 ( 1)
 146 A   0.90782 0.01827 0.07218 0.00173 ( 1)
 147 I   0.90806 0.01815 0.07208 0.00172 ( 1)
 148 A   0.89843 0.02518 0.07395 0.00244 ( 1)
 149 L   0.90587 0.01934 0.07294 0.00185 ( 1)
 150 T   0.90951 0.01664 0.07228 0.00158 ( 1)
 151 P   0.90404 0.02107 0.07288 0.00201 ( 1)
 152 G   0.90912 0.01692 0.07236 0.00160 ( 1)
 153 N   0.91618 0.01195 0.07075 0.00111 ( 1)
 154 Y   0.90919 0.01687 0.07234 0.00160 ( 1)
 155 I   0.91088 0.01566 0.07198 0.00148 ( 1)
 156 E   0.91141 0.01526 0.07189 0.00144 ( 1)
 157 A   0.89909 0.02452 0.07401 0.00237 ( 1)
 158 Q   0.65615 0.26730 0.05185 0.02471 ( 1)
 159 N   0.91618 0.01195 0.07075 0.00111 ( 1)
 160 W   0.89375 0.02889 0.07454 0.00282 ( 1)
 161 L   0.89556 0.02742 0.07435 0.00267 ( 1)
 162 K   0.90513 0.01991 0.07306 0.00190 ( 1)
 163 I   0.89639 0.02675 0.07426 0.00260 ( 1)
 164 T   0.89900 0.02464 0.07397 0.00239 ( 1)
 165 R   0.90181 0.02229 0.07375 0.00215 ( 1)
 166 R   0.90434 0.02050 0.07319 0.00196 ( 1)
 167 F   0.59786 0.32507 0.04718 0.02989 ( 1)
 168 E   0.91141 0.01526 0.07189 0.00144 ( 1)

