

TREE # 1

  0  0.0000   1009.450331  x:  0.00000   0.01600   0.04504   0.01426   0.05199   0.05305   0.02817   0.03023   0.05156   0.01500   0.03878   0.01938   0.01820   0.01265   0.01751   0.04662   0.05056   0.02478   0.03959   0.03252   0.05433   0.03759   0.01001   0.02214   0.00722   0.06308   0.03577   0.04088   0.05872   0.04580   2.00000   1.09989   0.02896   0.27919   2.57308  
  1 99.0000   1009.445094  x:  0.00000   0.01600   0.04504   0.01425   0.05199   0.05305   0.02817   0.03023   0.05155   0.01500   0.03878   0.01938   0.01820   0.01265   0.01751   0.04662   0.05056   0.02478   0.03959   0.03252   0.05433   0.03759   0.01001   0.02214   0.00721   0.06308   0.03577   0.04088   0.05872   0.04580   2.00000   1.09989   0.02896   0.27919   2.57308  
  2 636.6925    990.113638  x:  0.00000   0.01587   0.03937   0.00710   0.04487   0.04713   0.02323   0.02304   0.04439   0.00778   0.03159   0.01216   0.01101   0.00551   0.01485   0.03945   0.04585   0.02062   0.03242   0.02935   0.04725   0.03511   0.00477   0.02298   0.00000   0.05959   0.03059   0.03878   0.05164   0.04749   2.00011   1.10017   0.02870   0.27680   2.57307  
  3 21904.5195    975.240267  x:  0.00000   0.01723   0.03433   0.00158   0.03940   0.04209   0.01755   0.01752   0.03885   0.00220   0.02604   0.00660   0.00547   0.00000   0.01142   0.03394   0.04142   0.01571   0.02688   0.02585   0.04182   0.03252   0.00043   0.02329   0.00000   0.05577   0.02655   0.03812   0.04622   0.04671   2.00017   1.10022   0.02868   0.27191   2.57306  
  4 13418.8562    973.785087  x:  0.00000   0.01697   0.03374   0.00099   0.03882   0.04150   0.01718   0.01693   0.03826   0.00161   0.02545   0.00600   0.00489   0.00000   0.01183   0.03335   0.04090   0.01555   0.02629   0.02559   0.04123   0.03233   0.00000   0.02345   0.00000   0.05533   0.02604   0.03823   0.04567   0.04669   2.00017   1.10018   0.02871   0.27067   2.57306  
  5 2431.7663    971.570545  x:  0.00000   0.01699   0.03292   0.00000   0.03782   0.04061   0.01732   0.01593   0.03724   0.00058   0.02443   0.00498   0.00389   0.00000   0.01159   0.03235   0.04025   0.01586   0.02527   0.02558   0.04024   0.03231   0.00000   0.02354   0.00000   0.05492   0.02516   0.03840   0.04476   0.04670   2.00017   1.10012   0.02878   0.26832   2.57306  
  6 3921.8631    970.512196  x:  0.00000   0.01708   0.03271   0.00000   0.03725   0.04027   0.01739   0.01535   0.03667   0.00000   0.02385   0.00440   0.00331   0.00000   0.01164   0.03178   0.04015   0.01570   0.02469   0.02562   0.03968   0.03232   0.00000   0.02328   0.00000   0.05488   0.02509   0.03833   0.04426   0.04676   2.00016   1.10010   0.02881   0.26705   2.57306  
  7 3879.6789    965.182578  x:  0.00000   0.01704   0.03208   0.00000   0.03399   0.03886   0.01738   0.01202   0.03342   0.00000   0.02059   0.00112   0.00000   0.00000   0.01144   0.02860   0.04010   0.01497   0.02143   0.02561   0.03649   0.03228   0.00000   0.02378   0.00000   0.05488   0.02547   0.03780   0.04148   0.04666   2.00014   1.10006   0.02889   0.26019   2.57305  
  8 10409.0705    963.577875  x:  0.00000   0.01701   0.03201   0.00000   0.03288   0.03859   0.01709   0.01087   0.03233   0.00000   0.01949   0.00000   0.00000   0.00000   0.01135   0.02752   0.04010   0.01516   0.02032   0.02540   0.03540   0.03213   0.00000   0.02366   0.00000   0.05477   0.02562   0.03775   0.04054   0.04669   2.00013   1.10008   0.02888   0.25807   2.57304  
  9 11046.0983    950.526065  x:  0.00000   0.01913   0.03243   0.00000   0.02276   0.03902   0.01637   0.00000   0.02229   0.00000   0.00937   0.00000   0.00000   0.00000   0.01157   0.01775   0.03884   0.01412   0.01016   0.02418   0.02536   0.03105   0.00000   0.02435   0.00000   0.05159   0.02438   0.03890   0.03213   0.04829   1.99997   1.10091   0.02818   0.24176   2.57301  
 10 5876.5523    939.804721  x:  0.00000   0.01805   0.03240   0.00000   0.01342   0.03963   0.01602   0.00000   0.01301   0.00000   0.00000   0.00000   0.00000   0.00000   0.01052   0.00874   0.03719   0.01245   0.00075   0.02362   0.01601   0.03045   0.00000   0.02387   0.00000   0.04859   0.02284   0.03911   0.02440   0.04855   1.99980   1.10187   0.02735   0.22747   2.57297  
 11 15494.8569    939.051194  x:  0.00000   0.01806   0.03230   0.00000   0.01269   0.03962   0.01595   0.00000   0.01227   0.00000   0.00000   0.00000   0.00000   0.00000   0.01048   0.00803   0.03703   0.01238   0.00000   0.02358   0.01527   0.03041   0.00000   0.02386   0.00000   0.04842   0.02275   0.03899   0.02379   0.04857   1.99979   1.10196   0.02728   0.22640   2.57297  
 12 18729.5969    931.890209  x:  0.00000   0.01801   0.03114   0.00000   0.00442   0.03902   0.01550   0.00000   0.00399   0.00000   0.00000   0.00000   0.00000   0.00000   0.00996   0.00000   0.03568   0.01149   0.00000   0.02280   0.00686   0.02972   0.00000   0.02371   0.00000   0.04678   0.02204   0.03850   0.01683   0.04890   1.99962   1.10291   0.02644   0.21495   2.57294  
 13 64696.2259    929.109477  x:  0.00000   0.01802   0.03110   0.00000   0.00045   0.03871   0.01461   0.00000   0.00000   0.00000   0.00000   0.00000   0.00000   0.00000   0.00976   0.00000   0.03536   0.01117   0.00000   0.02340   0.00277   0.02993   0.00000   0.02367   0.00000   0.04581   0.02152   0.03831   0.01334   0.04909   1.99955   1.10332   0.02608   0.21000   2.57293  
 14 5448.8136    928.868760  x:  0.00000   0.01803   0.03111   0.00000   0.00000   0.03871   0.01460   0.00000   0.00000   0.00000   0.00000   0.00000   0.00000   0.00000   0.00974   0.00000   0.03530   0.01115   0.00000   0.02335   0.00231   0.02991   0.00000   0.02366   0.00000   0.04570   0.02147   0.03822   0.01295   0.04908   1.99954   1.10337   0.02604   0.20948   2.57293  
 15 4621.6691    928.023483  x:  0.00000   0.01802   0.03073   0.00000   0.00000   0.03894   0.01444   0.00000   0.00000   0.00000   0.00000   0.00000   0.00000   0.00000   0.00966   0.00000   0.03474   0.01099   0.00000   0.02338   0.00000   0.02965   0.00000   0.02364   0.00000   0.04583   0.02140   0.03821   0.01091   0.04918   1.99951   1.10363   0.02581   0.20734   2.57292  
 16 1615.9563    925.535385  x:  0.00000   0.01809   0.02819   0.00000   0.00000   0.03855   0.01390   0.00000   0.00000   0.00000   0.00000   0.00000   0.00000   0.00000   0.00924   0.00000   0.03497   0.01039   0.00000   0.02206   0.00000   0.03155   0.00000   0.02356   0.00000   0.04439   0.02135   0.03813   0.00000   0.04977   1.99936   1.10518   0.02438   0.19942   2.57289  
 17 812.7622    919.250849  x:  0.00000   0.01848   0.01832   0.00000   0.00000   0.00951   0.01292   0.00000   0.00000   0.00000   0.00000   0.00000   0.00000   0.00000   0.00655   0.00000   0.05184   0.00640   0.00000   0.02779   0.00000   0.00999   0.00000   0.02296   0.00000   0.02412   0.01429   0.03048   0.00000   0.05302   1.99842   1.12495   0.00578   0.14421   2.57252  
 18 210.2056    918.757148  x:  0.00000   0.01848   0.02300   0.00000   0.00000   0.00441   0.01167   0.00000   0.00000   0.00000   0.00000   0.00000   0.00000   0.00000   0.00663   0.00000   0.05024   0.00572   0.00000   0.02630   0.00000   0.01080   0.00000   0.02302   0.00000   0.02708   0.01120   0.02967   0.00000   0.05325   1.99850   1.12859   0.00229   0.14070   2.57246  
 19 76.5687    917.683055  x:  0.00000   0.01879   0.02486   0.00000   0.00000   0.00652   0.00923   0.00000   0.00000   0.00000   0.00000   0.00000   0.00000   0.00000   0.00705   0.00000   0.05108   0.00488   0.00000   0.02530   0.00000   0.01012   0.00000   0.02310   0.00000   0.03042   0.00376   0.02475   0.00000   0.05296   1.99912   1.14332  -0.01181   0.12007   2.57220  
 20 68.5013    912.774670  x:  0.00000   0.02108   0.03538   0.00000   0.00000   0.00694   0.00717   0.00000   0.00000   0.00000   0.00000   0.00000   0.00000   0.00000   0.00658   0.00000   0.02711   0.00563   0.00000   0.02905   0.00000   0.01180   0.00000   0.02281   0.00000   0.02270   0.00475   0.00678   0.00000   0.05327   2.00202   1.21283  -0.07836   0.02576   2.57101  
 21 363.2608    911.140913  x:  0.00574   0.02169   0.03821   0.00000   0.00000   0.00706   0.00663   0.00000   0.00000   0.00000   0.00000   0.00000   0.00000   0.00000   0.00645   0.00000   0.02077   0.00581   0.00000   0.03004   0.00000   0.01223   0.00000   0.02273   0.00000   0.02066   0.00500   0.00210   0.00000   0.05333   2.00282   1.23182  -0.09654   0.00000   2.57068  
 22 1994.9320    910.554765  x:  0.00775   0.02190   0.03488   0.00000   0.00000   0.00687   0.00650   0.00000   0.00000   0.00000   0.00000   0.00000   0.00000   0.00000   0.00663   0.00000   0.02008   0.00622   0.00000   0.03028   0.00000   0.01225   0.00000   0.02282   0.00000   0.02153   0.00513   0.00000   0.00000   0.05366   2.00378   1.24096  -0.10529   0.00000   2.57049  
 23 26.5338    910.554765  x:  0.00775   0.02190   0.03488   0.00000   0.00000   0.00687   0.00650   0.00000   0.00000   0.00000   0.00000   0.00000   0.00000   0.00000   0.00663   0.00000   0.02008   0.00622   0.00000   0.03028   0.00000   0.01225   0.00000   0.02282   0.00000   0.02153   0.00513   0.00000   0.00000   0.05366   2.00378   1.24096  -0.10529   0.00000   2.57049  
 24 10.3346    907.808335  x:  0.02238   0.01891   0.02828   0.00000   0.00000   0.00711   0.00648   0.00000   0.00000   0.00000   0.00000   0.00000   0.00000   0.00000   0.00717   0.00000   0.01760   0.00735   0.00000   0.02587   0.00000   0.01837   0.00000   0.02489   0.00000   0.02419   0.00827   0.01463   0.00000   0.05880   2.00386   1.24142  -0.10573   0.00000   2.57047  
 25 406.6395    904.751007  x:  0.01998   0.01170   0.00736   0.00000   0.00000   0.00755   0.00670   0.00000   0.00000   0.00000   0.00000   0.00000   0.00000   0.00000   0.00752   0.00000   0.01206   0.00740   0.00000   0.01331   0.00000   0.02563   0.00000   0.02984   0.00000   0.03013   0.00678   0.01223   0.00000   0.07341   2.00412   1.24298  -0.10720   0.00000   2.57043  
 26 184.7158    904.595040  x:  0.01986   0.01407   0.00539   0.00000   0.00000   0.00682   0.00626   0.00000   0.00000   0.00000   0.00000   0.00000   0.00000   0.00000   0.00692   0.00000   0.01402   0.00720   0.00000   0.01345   0.00000   0.02496   0.00000   0.02980   0.00000   0.03005   0.00854   0.01211   0.00000   0.07738   2.00427   1.24385  -0.10802   0.00000   2.57041  
 27 59.3967    904.394010  x:  0.01985   0.01567   0.00818   0.00000   0.00000   0.00747   0.00700   0.00000   0.00000   0.00000   0.00000   0.00000   0.00000   0.00000   0.00745   0.00000   0.01544   0.00742   0.00000   0.01343   0.00000   0.02385   0.00000   0.02988   0.00000   0.03008   0.00814   0.01210   0.00000   0.08862   2.00473   1.24660  -0.11061   0.00000   2.57033  
 28 62.4283    904.347294  x:  0.02000   0.01494   0.00794   0.00000   0.00000   0.00710   0.00599   0.00000   0.00000   0.00000   0.00000   0.00000   0.00000   0.00000   0.00719   0.00000   0.01477   0.00737   0.00000   0.01527   0.00000   0.02298   0.00000   0.02937   0.00000   0.02943   0.00750   0.01225   0.00000   0.09113   2.00497   1.24808  -0.11201   0.00000   2.57029  
 29 36.1108    904.327600  x:  0.02003   0.01444   0.00760   0.00000   0.00000   0.00718   0.00696   0.00000   0.00000   0.00000   0.00000   0.00000   0.00000   0.00000   0.00721   0.00000   0.01432   0.00733   0.00000   0.01599   0.00000   0.02242   0.00000   0.02886   0.00000   0.02878   0.00786   0.01228   0.00000   0.09186   2.00521   1.24950  -0.11336   0.00000   2.57025  
 30 26.7533    904.253096  x:  0.01999   0.01364   0.00761   0.00000   0.00000   0.00804   0.00600   0.00000   0.00000   0.00000   0.00000   0.00000   0.00000   0.00000   0.00788   0.00000   0.01373   0.00750   0.00000   0.01457   0.00000   0.02152   0.00000   0.02690   0.00000   0.02639   0.00916   0.01224   0.00000   0.09241   2.00671   1.25861  -0.12195   0.00000   2.56999  
 31 25.7499    904.014298  x:  0.02038   0.01373   0.00748   0.00000   0.00000   0.00594   0.00662   0.00000   0.00000   0.00000   0.00000   0.00000   0.00000   0.00000   0.00627   0.00000   0.01388   0.00710   0.00000   0.01185   0.00000   0.02132   0.00000   0.02393   0.00000   0.02290   0.00703   0.01263   0.00000   0.09264   2.01163   1.28853  -0.15016   0.00000   2.56914  
 32 133.2218    902.644476  x:  0.02047   0.01628   0.00495   0.00000   0.00000   0.01030   0.00711   0.00000   0.00000   0.00000   0.00000   0.00000   0.00000   0.00000   0.00876   0.00000   0.01563   0.00673   0.00000   0.01383   0.00000   0.02489   0.00000   0.02171   0.00000   0.02170   0.00286   0.01272   0.00000   0.09141   2.04020   1.46190  -0.31363   0.00000   2.56419  
 33 431.0108    900.557455  x:  0.01861   0.01460   0.00752   0.00000   0.00000   0.00775   0.00649   0.00000   0.00000   0.00000   0.00000   0.00000   0.00000   0.00000   0.00632   0.00000   0.01369   0.00626   0.00000   0.01648   0.00000   0.03218   0.00000   0.02303   0.00000   0.02501   0.00817   0.01086   0.00000   0.09013   2.09329   1.78400  -0.61731   0.00000   2.55499  
 34 3963.7497    900.229320  x:  0.01928   0.01381   0.00704   0.00000   0.00000   0.00561   0.00655   0.00000   0.00000   0.00000   0.00000   0.00000   0.00000   0.00000   0.00853   0.00000   0.01384   0.00836   0.00000   0.01479   0.00000   0.02513   0.00000   0.02684   0.00000   0.02691   0.00763   0.01153   0.00000   0.08920   2.10073   1.82883  -0.65952   0.00000   2.55368  
 35 392.9201    900.115985  x:  0.01974   0.01349   0.00694   0.00000   0.00000   0.00683   0.00647   0.00000   0.00000   0.00000   0.00000   0.00000   0.00000   0.00000   0.00693   0.00000   0.01365   0.00707   0.00000   0.01375   0.00000   0.02147   0.00000   0.02853   0.00000   0.02803   0.00737   0.01199   0.00000   0.08881   2.10328   1.84407  -0.67383   0.00000   2.55323  
 36 303.6247    900.115163  x:  0.01975   0.01357   0.00694   0.00000   0.00000   0.00676   0.00647   0.00000   0.00000   0.00000   0.00000   0.00000   0.00000   0.00000   0.00705   0.00000   0.01353   0.00687   0.00000   0.01373   0.00000   0.02142   0.00000   0.02845   0.00000   0.02814   0.00737   0.01200   0.00000   0.08881   2.10332   1.84419  -0.67392   0.00000   2.55321  
 37  5.5391    899.997547  x:  0.01975   0.01379   0.00693   0.00000   0.00000   0.00679   0.00647   0.00000   0.00000   0.00000   0.00000   0.00000   0.00000   0.00000   0.00697   0.00000   0.01324   0.00707   0.00000   0.01368   0.00000   0.02129   0.00000   0.02802   0.00000   0.02856   0.00736   0.01201   0.00000   0.08880   2.10349   1.84437  -0.67391   0.00943   2.55313  
 38 27.2021    899.996581  x:  0.01975   0.01357   0.00694   0.00000   0.00000   0.00677   0.00647   0.00000   0.00000   0.00000   0.00000   0.00000   0.00000   0.00000   0.00702   0.00000   0.01351   0.00695   0.00000   0.01371   0.00000   0.02134   0.00000   0.02816   0.00000   0.02842   0.00737   0.01201   0.00000   0.08880   2.10350   1.84434  -0.67386   0.00952   2.55312  
 39  4.9177    899.996295  x:  0.01975   0.01364   0.00694   0.00000   0.00000   0.00678   0.00647   0.00000   0.00000   0.00000   0.00000   0.00000   0.00000   0.00000   0.00702   0.00000   0.01344   0.00693   0.00000   0.01372   0.00000   0.02139   0.00000   0.02838   0.00000   0.02821   0.00737   0.01200   0.00000   0.08880   2.10361   1.84443  -0.67378   0.00955   2.55304  
 40  1.0168    899.200516  x:  0.01401   0.01138   0.00597   0.00000   0.00000   0.00568   0.00625   0.00000   0.00000   0.00000   0.00000   0.00000   0.00000   0.00000   0.00552   0.00000   0.01164   0.00620   0.00000   0.01196   0.00000   0.02014   0.00000   0.02661   0.00000   0.02624   0.00714   0.00636   0.00000   0.08005   2.68755   2.40958  -0.40097   0.01961   2.17800  
 41  1.1480    898.840389  x:  0.01147   0.01344   0.00603   0.00000   0.00000   0.00682   0.00644   0.00000   0.00000   0.00000   0.00000   0.00000   0.00000   0.00000   0.00708   0.00000   0.01318   0.00654   0.00000   0.01262   0.00000   0.01821   0.00000   0.02507   0.00000   0.02468   0.00703   0.00388   0.00000   0.07745   2.40774   2.89067  -0.21364   0.03002   1.86477  
 42  0.7010    898.610033  x:  0.01260   0.01361   0.00684   0.00000   0.00000   0.00635   0.00644   0.00000   0.00000   0.00000   0.00000   0.00000   0.00000   0.00000   0.00606   0.00000   0.01323   0.00612   0.00000   0.01358   0.00000   0.01830   0.00000   0.02551   0.00000   0.02576   0.00610   0.00499   0.00000   0.08060   2.04595   3.22834  -0.08872   0.03549   1.62777  
 43  0.5536    898.305181  x:  0.01446   0.01301   0.00632   0.00000   0.00000   0.00696   0.00646   0.00000   0.00000   0.00000   0.00000   0.00000   0.00000   0.00000   0.00713   0.00000   0.01286   0.00664   0.00000   0.01314   0.00000   0.02022   0.00000   0.02599   0.00000   0.02646   0.00569   0.00678   0.00000   0.08426   2.30666   3.99821   0.30006   0.03877   1.00000  
 44  0.4744    898.140652  x:  0.01347   0.01217   0.00613   0.00000   0.00000   0.00578   0.00629   0.00000   0.00000   0.00000   0.00000   0.00000   0.00000   0.00000   0.00557   0.00000   0.01214   0.00605   0.00000   0.01252   0.00000   0.01926   0.00000   0.02578   0.00000   0.02545   0.00593   0.00577   0.00000   0.07840   2.24954   4.94010   0.69552   0.04592   1.00000  
 45  0.5754    898.028502  x:  0.01361   0.01325   0.00604   0.00000   0.00000   0.00670   0.00632   0.00000   0.00000   0.00000   0.00000   0.00000   0.00000   0.00000   0.00695   0.00000   0.01302   0.00646   0.00000   0.01261   0.00000   0.01881   0.00000   0.02503   0.00000   0.02509   0.00699   0.00582   0.00000   0.07828   2.12480   5.97742   1.18536   0.04529   1.00000  
 46  0.5530    897.969169  x:  0.01313   0.01293   0.00657   0.00000   0.00000   0.00631   0.00629   0.00000   0.00000   0.00000   0.00000   0.00000   0.00000   0.00000   0.00623   0.00000   0.01266   0.00626   0.00000   0.01299   0.00000   0.01995   0.00000   0.02580   0.00000   0.02628   0.00676   0.00527   0.00000   0.08166   2.18945   6.89390   1.62914   0.04513   1.00000  
 47  0.6918    897.935352  x:  0.01368   0.01262   0.00644   0.00000   0.00000   0.00605   0.00631   0.00000   0.00000   0.00000   0.00000   0.00000   0.00000   0.00000   0.00607   0.00000   0.01254   0.00626   0.00000   0.01290   0.00000   0.01839   0.00000   0.02600   0.00000   0.02573   0.00648   0.00572   0.00000   0.07994   2.21417   7.98792   2.12490   0.04826   1.00000  
 48  0.8373    897.914722  x:  0.01372   0.01256   0.00604   0.00000   0.00000   0.00639   0.00629   0.00000   0.00000   0.00000   0.00000   0.00000   0.00000   0.00000   0.00627   0.00000   0.01245   0.00623   0.00000   0.01244   0.00000   0.01969   0.00000   0.02546   0.00000   0.02556   0.00643   0.00564   0.00000   0.07885   2.17355   9.12035   2.65671   0.04843   1.00000  
 49  0.7916    897.903763  x:  0.01379   0.01289   0.00624   0.00000   0.00000   0.00632   0.00630   0.00000   0.00000   0.00000   0.00000   0.00000   0.00000   0.00000   0.00634   0.00000   0.01269   0.00631   0.00000   0.01279   0.00000   0.01926   0.00000   0.02537   0.00000   0.02547   0.00636   0.00559   0.00000   0.07928   2.18840  10.05937   3.11290   0.04655   1.00000  
 50  0.7554    897.897157  x:  0.01365   0.01284   0.00630   0.00000   0.00000   0.00628   0.00630   0.00000   0.00000   0.00000   0.00000   0.00000   0.00000   0.00000   0.00635   0.00000   0.01266   0.00631   0.00000   0.01285   0.00000   0.01906   0.00000   0.02553   0.00000   0.02559   0.00628   0.00531   0.00000   0.08027   2.17727  11.26466   3.67241   0.04826   1.00000  
 51  1.1320    897.892628  x:  0.01381   0.01268   0.00620   0.00000   0.00000   0.00634   0.00629   0.00000   0.00000   0.00000   0.00000   0.00000   0.00000   0.00000   0.00619   0.00000   0.01255   0.00618   0.00000   0.01262   0.00000   0.01921   0.00000   0.02563   0.00000   0.02566   0.00639   0.00535   0.00000   0.07924   2.18844  13.01703   4.50001   0.04808   1.00000  
 52  0.8007    897.890848  x:  0.01389   0.01274   0.00625   0.00000   0.00000   0.00625   0.00630   0.00000   0.00000   0.00000   0.00000   0.00000   0.00000   0.00000   0.00634   0.00000   0.01258   0.00634   0.00000   0.01278   0.00000   0.01925   0.00000   0.02552   0.00000   0.02558   0.00643   0.00528   0.00000   0.07974   2.17971  14.40705   5.15717   0.04798   1.00000  
 53  0.8022    897.890099  x:  0.01397   0.01282   0.00627   0.00000   0.00000   0.00633   0.00630   0.00000   0.00000   0.00000   0.00000   0.00000   0.00000   0.00000   0.00626   0.00000   0.01265   0.00623   0.00000   0.01273   0.00000   0.01916   0.00000   0.02556   0.00000   0.02565   0.00642   0.00518   0.00000   0.07978   2.18338  15.95877   5.88953   0.04808   1.00000  
 54  0.7964    897.889714  x:  0.01406   0.01270   0.00623   0.00000   0.00000   0.00629   0.00630   0.00000   0.00000   0.00000   0.00000   0.00000   0.00000   0.00000   0.00628   0.00000   0.01256   0.00628   0.00000   0.01272   0.00000   0.01919   0.00000   0.02558   0.00000   0.02560   0.00640   0.00507   0.00000   0.07961   2.18296  17.47744   6.60679   0.04799   1.00000  
 55  0.8579    897.889569  x:  0.01419   0.01278   0.00626   0.00000   0.00000   0.00629   0.00630   0.00000   0.00000   0.00000   0.00000   0.00000   0.00000   0.00000   0.00628   0.00000   0.01262   0.00628   0.00000   0.01275   0.00000   0.01924   0.00000   0.02553   0.00000   0.02561   0.00639   0.00498   0.00000   0.07961   2.18244  18.99835   7.32473   0.04807   1.00000  
 56  0.8312    897.889496  x:  0.01427   0.01276   0.00624   0.00000   0.00000   0.00631   0.00630   0.00000   0.00000   0.00000   0.00000   0.00000   0.00000   0.00000   0.00629   0.00000   0.01260   0.00627   0.00000   0.01273   0.00000   0.01919   0.00000   0.02555   0.00000   0.02561   0.00640   0.00487   0.00000   0.07974   2.18222  20.20718   7.89583   0.04801   1.00000  
 57  0.8356    897.889457  x:  0.01443   0.01274   0.00625   0.00000   0.00000   0.00629   0.00629   0.00000   0.00000   0.00000   0.00000   0.00000   0.00000   0.00000   0.00628   0.00000   0.01259   0.00627   0.00000   0.01273   0.00000   0.01920   0.00000   0.02556   0.00000   0.02561   0.00640   0.00471   0.00000   0.07960   2.18311  22.18218   8.82812   0.04804   1.00000  
 58  0.8418    897.889442  x:  0.01456   0.01276   0.00625   0.00000   0.00000   0.00630   0.00630   0.00000   0.00000   0.00000   0.00000   0.00000   0.00000   0.00000   0.00629   0.00000   0.01260   0.00627   0.00000   0.01273   0.00000   0.01920   0.00000   0.02555   0.00000   0.02562   0.00640   0.00460   0.00000   0.07969   2.18238  23.44013   9.42227   0.04803   1.00000  
 59  0.7028    897.889434  x:  0.01478   0.01275   0.00625   0.00000   0.00000   0.00630   0.00629   0.00000   0.00000   0.00000   0.00000   0.00000   0.00000   0.00000   0.00628   0.00000   0.01259   0.00627   0.00000   0.01274   0.00000   0.01920   0.00000   0.02556   0.00000   0.02561   0.00640   0.00436   0.00000   0.07965   2.18281  25.78913  10.53135   0.04804   1.00000  
 60  0.7405    897.889432  x:  0.01490   0.01276   0.00625   0.00000   0.00000   0.00630   0.00630   0.00000   0.00000   0.00000   0.00000   0.00000   0.00000   0.00000   0.00628   0.00000   0.01260   0.00627   0.00000   0.01273   0.00000   0.01920   0.00000   0.02555   0.00000   0.02562   0.00640   0.00425   0.00000   0.07967   2.18255  26.88634  11.04949   0.04803   1.00000  
 61  0.7016    897.889431  x:  0.01514   0.01275   0.00625   0.00000   0.00000   0.00630   0.00630   0.00000   0.00000   0.00000   0.00000   0.00000   0.00000   0.00000   0.00629   0.00000   0.01260   0.00627   0.00000   0.01274   0.00000   0.01920   0.00000   0.02555   0.00000   0.02561   0.00640   0.00401   0.00000   0.07967   2.18259  28.98490  12.04039   0.04803   1.00000  
 62  0.7368    897.889430  x:  0.01529   0.01275   0.00625   0.00000   0.00000   0.00630   0.00630   0.00000   0.00000   0.00000   0.00000   0.00000   0.00000   0.00000   0.00628   0.00000   0.01260   0.00627   0.00000   0.01273   0.00000   0.01920   0.00000   0.02555   0.00000   0.02561   0.00640   0.00386   0.00000   0.07966   2.18262  30.18913  12.60900   0.04803   1.00000  
 63  0.8323    897.889430  x:  0.01552   0.01276   0.00625   0.00000   0.00000   0.00630   0.00630   0.00000   0.00000   0.00000   0.00000   0.00000   0.00000   0.00000   0.00628   0.00000   0.01260   0.00627   0.00000   0.01273   0.00000   0.01920   0.00000   0.02555   0.00000   0.02561   0.00640   0.00362   0.00000   0.07967   2.18258  32.00408  13.46601   0.04803   1.00000  
 64  0.7190    897.889430  x:  0.01576   0.01275   0.00625   0.00000   0.00000   0.00630   0.00630   0.00000   0.00000   0.00000   0.00000   0.00000   0.00000   0.00000   0.00628   0.00000   0.01260   0.00627   0.00000   0.01273   0.00000   0.01920   0.00000   0.02555   0.00000   0.02561   0.00640   0.00339   0.00000   0.07966   2.18260  33.73169  14.28175   0.04803   1.00000  
 65  0.8430    897.889430  x:  0.01597   0.01275   0.00625   0.00000   0.00000   0.00630   0.00630   0.00000   0.00000   0.00000   0.00000   0.00000   0.00000   0.00000   0.00628   0.00000   0.01260   0.00627   0.00000   0.01273   0.00000   0.01920   0.00000   0.02555   0.00000   0.02561   0.00640   0.00318   0.00000   0.07967   2.18260  35.13765  14.94563   0.04803   1.00000  
 66  0.7548    897.889430  x:  0.01630   0.01276   0.00625   0.00000   0.00000   0.00630   0.00630   0.00000   0.00000   0.00000   0.00000   0.00000   0.00000   0.00000   0.00628   0.00000   0.01260   0.00627   0.00000   0.01273   0.00000   0.01920   0.00000   0.02555   0.00000   0.02561   0.00640   0.00284   0.00000   0.07967   2.18259  37.30879  15.97081   0.04803   1.00000  
 67  1.0077    897.889430  x:  0.01659   0.01276   0.00625   0.00000   0.00000   0.00630   0.00630   0.00000   0.00000   0.00000   0.00000   0.00000   0.00000   0.00000   0.00628   0.00000   0.01260   0.00627   0.00000   0.01273   0.00000   0.01920   0.00000   0.02555   0.00000   0.02561   0.00640   0.00256   0.00000   0.07967   2.18259  39.19617  16.86200   0.04803   1.00000  
 68  5.3105    897.889430  x:  0.01659   0.01276   0.00625   0.00000   0.00000   0.00630   0.00630   0.00000   0.00000   0.00000   0.00000   0.00000   0.00000   0.00000   0.00628   0.00000   0.01260   0.00627   0.00000   0.01273   0.00000   0.01920   0.00000   0.02555   0.00000   0.02561   0.00640   0.00256   0.00000   0.07967   2.18259  39.19801  16.86287   0.04803   1.00000  
 69 14109.5901    897.889430  x:  0.01658   0.01275   0.00625   0.00000   0.00000   0.00630   0.00630   0.00000   0.00000   0.00000   0.00000   0.00000   0.00000   0.00000   0.00628   0.00000   0.01260   0.00627   0.00000   0.01273   0.00000   0.01920   0.00000   0.02555   0.00000   0.02561   0.00640   0.00257   0.00000   0.07967   2.18260  39.19806  16.86289   0.04803   1.00000  
 70  0.0000    897.889430  x:  0.01658   0.01275   0.00625   0.00000   0.00000   0.00630   0.00630   0.00000   0.00000   0.00000   0.00000   0.00000   0.00000   0.00000   0.00628   0.00000   0.01260   0.00627   0.00000   0.01273   0.00000   0.01920   0.00000   0.02555   0.00000   0.02561   0.00640   0.00257   0.00000   0.07967   2.18260  39.19801  16.86287   0.04803   1.00000  
 71  0.0006    897.889430  x:  0.01658   0.01275   0.00625   0.00000   0.00000   0.00630   0.00630   0.00000   0.00000   0.00000   0.00000   0.00000   0.00000   0.00000   0.00628   0.00000   0.01260   0.00627   0.00000   0.01273   0.00000   0.01920   0.00000   0.02555   0.00000   0.02561   0.00640   0.00257   0.00000   0.07967   2.18260  39.19801  16.86287   0.04803   1.00000  
 72  0.0014    897.889430  x:  0.01658   0.01275   0.00625   0.00000   0.00000   0.00630   0.00630   0.00000   0.00000   0.00000   0.00000   0.00000   0.00000   0.00000   0.00628   0.00000   0.01260   0.00627   0.00000   0.01273   0.00000   0.01920   0.00000   0.02555   0.00000   0.02561   0.00640   0.00257   0.00000   0.07967   2.18260  39.19801  16.86287   0.04803   1.00000  
 73  0.0301    897.889430  x:  0.01658   0.01275   0.00625   0.00000   0.00000   0.00630   0.00630   0.00000   0.00000   0.00000   0.00000   0.00000   0.00000   0.00000   0.00628   0.00000   0.01260   0.00627   0.00000   0.01273   0.00000   0.01920   0.00000   0.02555   0.00000   0.02561   0.00640   0.00257   0.00000   0.07967   2.18260  39.19801  16.86287   0.04803   1.00000  
 74  0.0054    897.889430  x:  0.01658   0.01275   0.00625   0.00000   0.00000   0.00630   0.00630   0.00000   0.00000   0.00000   0.00000   0.00000   0.00000   0.00000   0.00628   0.00000   0.01260   0.00627   0.00000   0.01273   0.00000   0.01920   0.00000   0.02555   0.00000   0.02561   0.00640   0.00257   0.00000   0.07967   2.18260  39.19801  16.86287   0.04803   1.00000  