

TREE # 1

  0  0.0000    654.193208  x:  0.00000   0.00766   0.00245   0.00153   0.00343   0.00342   0.00152   0.00193   0.00305   0.00844   0.00308   0.00967   0.00137   0.00910   0.00098   0.00307   0.00290   0.00934   0.00994   0.00982   0.00434   0.03467   0.00949   0.04288   0.00000   0.00335   0.01020   0.02641   0.00396   0.04955   2.00000   1.09989   0.02896   0.27919  
  1 99.0000    654.191680  x:  0.00000   0.00766   0.00245   0.00153   0.00343   0.00342   0.00152   0.00193   0.00305   0.00844   0.00308   0.00967   0.00137   0.00910   0.00098   0.00307   0.00290   0.00934   0.00994   0.00982   0.00434   0.03467   0.00949   0.04288   0.00000   0.00335   0.01020   0.02641   0.00396   0.04955   2.00000   1.09989   0.02896   0.27919  
  2 471.1393    652.419357  x:  0.00000   0.00834   0.00148   0.00056   0.00246   0.00245   0.00052   0.00096   0.00209   0.00859   0.00211   0.00934   0.00039   0.00895   0.00000   0.00209   0.00192   0.00911   0.00955   0.00945   0.00338   0.03473   0.00921   0.04298   0.00000   0.00238   0.00974   0.02565   0.00299   0.04971   2.00003   1.09991   0.02894   0.27899  
  3 8219.6458    651.757107  x:  0.00000   0.00810   0.00111   0.00021   0.00209   0.00207   0.00009   0.00059   0.00173   0.00856   0.00173   0.00925   0.00000   0.00893   0.00000   0.00171   0.00154   0.00907   0.00942   0.00934   0.00300   0.03485   0.00915   0.04312   0.00000   0.00200   0.00957   0.02465   0.00260   0.04993   2.00004   1.09992   0.02893   0.27878  
  4 1367.0051    651.642612  x:  0.00000   0.00818   0.00104   0.00015   0.00202   0.00200   0.00000   0.00053   0.00167   0.00856   0.00166   0.00930   0.00000   0.00894   0.00000   0.00164   0.00146   0.00909   0.00948   0.00939   0.00293   0.03487   0.00918   0.04315   0.00000   0.00193   0.00964   0.02443   0.00253   0.04997   2.00004   1.09992   0.02893   0.27871  
  5 812.1679    651.358488  x:  0.00000   0.00817   0.00085   0.00000   0.00184   0.00179   0.00000   0.00035   0.00153   0.00864   0.00146   0.00926   0.00000   0.00890   0.00000   0.00142   0.00123   0.00903   0.00948   0.00938   0.00271   0.03482   0.00913   0.04317   0.00000   0.00175   0.00971   0.02436   0.00230   0.05005   2.00006   1.09992   0.02893   0.27822  
  6 193.5610    650.816876  x:  0.00000   0.00818   0.00047   0.00000   0.00146   0.00136   0.00000   0.00000   0.00124   0.00866   0.00105   0.00922   0.00000   0.00887   0.00000   0.00097   0.00075   0.00900   0.00947   0.00935   0.00226   0.03475   0.00909   0.04319   0.00000   0.00137   0.00973   0.02422   0.00184   0.05017   2.00009   1.09991   0.02894   0.27723  
  7 16533.6155    650.205985  x:  0.00000   0.00821   0.00000   0.00000   0.00100   0.00083   0.00000   0.00000   0.00090   0.00848   0.00055   0.00910   0.00000   0.00885   0.00000   0.00043   0.00018   0.00892   0.00942   0.00925   0.00171   0.03447   0.00899   0.04326   0.00000   0.00090   0.00987   0.02407   0.00127   0.05054   2.00013   1.09991   0.02894   0.27597  
  8 8464.3515    650.039004  x:  0.00000   0.00821   0.00000   0.00000   0.00085   0.00068   0.00000   0.00000   0.00081   0.00853   0.00040   0.00911   0.00000   0.00886   0.00000   0.00026   0.00000   0.00894   0.00941   0.00925   0.00154   0.03432   0.00901   0.04330   0.00000   0.00076   0.00983   0.02404   0.00110   0.05074   2.00014   1.09990   0.02895   0.27556  
  9 2507.7978    649.811370  x:  0.00000   0.00822   0.00000   0.00000   0.00059   0.00042   0.00000   0.00000   0.00074   0.00848   0.00018   0.00914   0.00000   0.00874   0.00000   0.00000   0.00000   0.00879   0.00955   0.00937   0.00128   0.03443   0.00892   0.04333   0.00000   0.00053   0.00969   0.02404   0.00083   0.05103   2.00016   1.09987   0.02897   0.27483  
 10 417.0196    649.650670  x:  0.00000   0.00823   0.00000   0.00000   0.00037   0.00020   0.00000   0.00000   0.00068   0.00850   0.00000   0.00911   0.00000   0.00875   0.00000   0.00000   0.00000   0.00880   0.00954   0.00935   0.00107   0.03455   0.00892   0.04335   0.00000   0.00034   0.00971   0.02403   0.00061   0.05119   2.00018   1.09985   0.02899   0.27425  
 11 1254.4248    649.517659  x:  0.00000   0.00823   0.00000   0.00000   0.00016   0.00000   0.00000   0.00000   0.00063   0.00850   0.00000   0.00912   0.00000   0.00873   0.00000   0.00000   0.00000   0.00878   0.00951   0.00934   0.00086   0.03455   0.00892   0.04335   0.00000   0.00016   0.00972   0.02399   0.00040   0.05123   2.00020   1.09983   0.02902   0.27372  
 12 3117.6402    649.435386  x:  0.00000   0.00824   0.00000   0.00000   0.00000   0.00000   0.00000   0.00000   0.00060   0.00851   0.00000   0.00912   0.00000   0.00873   0.00000   0.00000   0.00000   0.00877   0.00951   0.00933   0.00071   0.03455   0.00891   0.04336   0.00000   0.00002   0.00972   0.02396   0.00024   0.05126   2.00021   1.09981   0.02903   0.27333  
 13 30485.1341    649.428343  x:  0.00000   0.00824   0.00000   0.00000   0.00000   0.00000   0.00000   0.00000   0.00059   0.00851   0.00000   0.00911   0.00000   0.00872   0.00000   0.00000   0.00000   0.00877   0.00951   0.00933   0.00070   0.03455   0.00891   0.04336   0.00000   0.00000   0.00972   0.02396   0.00022   0.05126   2.00021   1.09981   0.02903   0.27329  
 14 2143.3389    649.361049  x:  0.00000   0.00824   0.00000   0.00000   0.00000   0.00000   0.00000   0.00000   0.00050   0.00851   0.00000   0.00912   0.00000   0.00872   0.00000   0.00000   0.00000   0.00876   0.00950   0.00932   0.00048   0.03455   0.00890   0.04340   0.00000   0.00000   0.00972   0.02394   0.00000   0.05129   2.00022   1.09980   0.02904   0.27292  
 15 3840.5584    649.266548  x:  0.00000   0.00825   0.00000   0.00000   0.00000   0.00000   0.00000   0.00000   0.00029   0.00852   0.00000   0.00908   0.00000   0.00868   0.00000   0.00000   0.00000   0.00878   0.00947   0.00935   0.00000   0.03454   0.00890   0.04336   0.00000   0.00000   0.00973   0.02389   0.00000   0.05136   2.00025   1.09979   0.02905   0.27218  
 16 3321.3924    649.218512  x:  0.00000   0.00826   0.00000   0.00000   0.00000   0.00000   0.00000   0.00000   0.00000   0.00853   0.00000   0.00910   0.00000   0.00869   0.00000   0.00000   0.00000   0.00873   0.00947   0.00930   0.00000   0.03454   0.00889   0.04326   0.00000   0.00000   0.00973   0.02382   0.00000   0.05145   2.00027   1.09978   0.02906   0.27139  
 17 1758.7539    649.095420  x:  0.00000   0.00830   0.00000   0.00000   0.00000   0.00000   0.00000   0.00000   0.00000   0.00856   0.00000   0.01079   0.00000   0.00729   0.00000   0.00000   0.00000   0.01088   0.00987   0.00808   0.00000   0.03452   0.00641   0.04308   0.00000   0.00000   0.00971   0.02345   0.00000   0.05182   2.00178   1.10136   0.02747   0.25783  
 18 33.5377    644.833625  x:  0.00000   0.00901   0.00000   0.00000   0.00000   0.00000   0.00000   0.00000   0.00000   0.00960   0.00000   0.00976   0.00000   0.00721   0.00000   0.00000   0.00000   0.01022   0.01006   0.00711   0.00000   0.03463   0.00533   0.04701   0.00000   0.00000   0.00938   0.01885   0.00000   0.05453   2.03378   1.13698  -0.00821   0.00000  
 19 163.0838    643.397030  x:  0.00000   0.00928   0.00000   0.00000   0.00000   0.00000   0.00000   0.00000   0.00000   0.00926   0.00000   0.01166   0.00000   0.00576   0.00000   0.00000   0.00000   0.01027   0.00821   0.00622   0.00000   0.03684   0.00564   0.04213   0.00000   0.00000   0.00935   0.01610   0.00000   0.06618   2.39312   1.49017  -0.36139   0.00000  
 20  5.6964    643.071554  x:  0.00000   0.00937   0.00000   0.00000   0.00000   0.00000   0.00000   0.00000   0.00000   0.00912   0.00000   0.01235   0.00000   0.00527   0.00000   0.00000   0.00000   0.01031   0.00754   0.00591   0.00000   0.03765   0.00577   0.04003   0.00000   0.00000   0.00929   0.01502   0.00000   0.07030   2.54089   1.62697  -0.49819   0.04591  
 21 76.9194    642.316067  x:  0.00000   0.00869   0.00000   0.00000   0.00000   0.00000   0.00000   0.00000   0.00000   0.00926   0.00000   0.00935   0.00000   0.00865   0.00000   0.00000   0.00000   0.01061   0.01016   0.00732   0.00000   0.03435   0.00552   0.03068   0.00000   0.00000   0.00733   0.01454   0.00000   0.05384   2.89892   1.70143  -0.57279   0.05242  
 22  2.8114    642.295252  x:  0.00233   0.00869   0.00000   0.00000   0.00000   0.00000   0.00000   0.00000   0.00000   0.00926   0.00000   0.00934   0.00000   0.00866   0.00000   0.00000   0.00000   0.01061   0.01017   0.00733   0.00000   0.03433   0.00552   0.03064   0.00000   0.00000   0.00732   0.01454   0.00000   0.05375   2.90106   1.70181  -0.57317   0.05245  
 23 25.3032    641.590215  x:  0.00000   0.00844   0.00000   0.00000   0.00000   0.00000   0.00000   0.00000   0.00000   0.00815   0.00000   0.00888   0.00000   0.00879   0.00000   0.00000   0.00000   0.00837   0.00882   0.00840   0.00000   0.03229   0.00766   0.03993   0.00000   0.00000   0.00853   0.01683   0.00000   0.04638   3.29409   1.71130  -0.58274   0.05443  
 24  2.6565    641.462778  x:  0.00000   0.00849   0.00000   0.00000   0.00000   0.00000   0.00000   0.00000   0.00000   0.00716   0.00000   0.00827   0.00000   0.00979   0.00000   0.00000   0.00000   0.00878   0.00951   0.00871   0.00000   0.03093   0.00776   0.04226   0.00000   0.00000   0.00829   0.01977   0.00000   0.05348   3.51333   1.70988  -0.58123   0.05595  
 25  1.1246    641.288507  x:  0.00000   0.00790   0.00000   0.00000   0.00000   0.00000   0.00000   0.00000   0.00000   0.00950   0.00000   0.00887   0.00000   0.00909   0.00000   0.00000   0.00000   0.00886   0.00883   0.00976   0.00000   0.03764   0.00910   0.04296   0.00000   0.00000   0.00795   0.02054   0.00000   0.05463   3.88441   1.68903  -0.56031   0.05217  
 26  1.4398    641.049447  x:  0.00000   0.00817   0.00000   0.00000   0.00000   0.00000   0.00000   0.00000   0.00000   0.00713   0.00000   0.00798   0.00000   0.00751   0.00000   0.00000   0.00000   0.00867   0.00716   0.00875   0.00000   0.03529   0.01046   0.04118   0.00000   0.00000   0.00891   0.01727   0.00000   0.05215   4.48654   1.75755  -0.62890   0.05138  
 27  0.6439    640.992656  x:  0.00000   0.00791   0.00000   0.00000   0.00000   0.00000   0.00000   0.00000   0.00000   0.00844   0.00000   0.00781   0.00000   0.00753   0.00000   0.00000   0.00000   0.00794   0.00847   0.00848   0.00000   0.03352   0.01005   0.04207   0.00000   0.00000   0.01007   0.01688   0.00000   0.05214   4.66242   1.81923  -0.69044   0.05857  
 28  0.7002    640.946248  x:  0.00000   0.00886   0.00000   0.00000   0.00000   0.00000   0.00000   0.00000   0.00000   0.00845   0.00000   0.00854   0.00000   0.00840   0.00000   0.00000   0.00000   0.00799   0.00852   0.00797   0.00000   0.03346   0.00978   0.04379   0.00000   0.00000   0.00843   0.01619   0.00000   0.05173   4.82652   1.86323  -0.73458   0.06316  
 29  0.6549    640.944937  x:  0.00063   0.00889   0.00000   0.00000   0.00000   0.00000   0.00000   0.00000   0.00000   0.00845   0.00000   0.00856   0.00000   0.00843   0.00000   0.00000   0.00000   0.00800   0.00852   0.00795   0.00000   0.03346   0.00977   0.04385   0.00000   0.00000   0.00837   0.01616   0.00000   0.05172   4.83210   1.86472  -0.73608   0.06331  
 30 41.4197    640.918717  x:  0.00118   0.00826   0.00000   0.00000   0.00000   0.00000   0.00000   0.00000   0.00000   0.00826   0.00000   0.00885   0.00000   0.00888   0.00000   0.00000   0.00000   0.00823   0.00822   0.00888   0.00000   0.03388   0.00867   0.04403   0.00000   0.00000   0.00866   0.01562   0.00000   0.05249   5.03921   1.87452  -0.74584   0.06207  
 31  0.2728    640.906038  x:  0.00056   0.00847   0.00000   0.00000   0.00000   0.00000   0.00000   0.00000   0.00000   0.00835   0.00000   0.00805   0.00000   0.00843   0.00000   0.00000   0.00000   0.00840   0.00834   0.00861   0.00000   0.03421   0.00833   0.04352   0.00000   0.00000   0.00833   0.01618   0.00000   0.05199   5.19298   1.87411  -0.74536   0.05980  
 32  0.2691    640.903208  x:  0.00031   0.00836   0.00000   0.00000   0.00000   0.00000   0.00000   0.00000   0.00000   0.00830   0.00000   0.00841   0.00000   0.00826   0.00000   0.00000   0.00000   0.00842   0.00841   0.00831   0.00000   0.03409   0.00836   0.04302   0.00000   0.00000   0.00839   0.01644   0.00000   0.05211   5.25834   1.86543  -0.73662   0.05851  
 33  0.1161    640.901974  x:  0.00008   0.00846   0.00000   0.00000   0.00000   0.00000   0.00000   0.00000   0.00000   0.00838   0.00000   0.00836   0.00000   0.00825   0.00000   0.00000   0.00000   0.00827   0.00824   0.00829   0.00000   0.03408   0.00834   0.04278   0.00000   0.00000   0.00841   0.01667   0.00000   0.05256   5.29807   1.86430  -0.73547   0.05960  
 34  0.0401    640.901320  x:  0.00011   0.00835   0.00000   0.00000   0.00000   0.00000   0.00000   0.00000   0.00000   0.00833   0.00000   0.00831   0.00000   0.00831   0.00000   0.00000   0.00000   0.00836   0.00834   0.00830   0.00000   0.03417   0.00841   0.04279   0.00000   0.00000   0.00832   0.01665   0.00000   0.05282   5.32019   1.85688  -0.72805   0.05976  
 35  0.0311    640.900970  x:  0.00000   0.00838   0.00000   0.00000   0.00000   0.00000   0.00000   0.00000   0.00000   0.00833   0.00000   0.00831   0.00000   0.00832   0.00000   0.00000   0.00000   0.00836   0.00835   0.00832   0.00000   0.03415   0.00840   0.04281   0.00000   0.00000   0.00834   0.01675   0.00000   0.05272   5.32893   1.85088  -0.72204   0.05941  
 36  0.0234    640.900777  x:  0.00000   0.00838   0.00000   0.00000   0.00000   0.00000   0.00000   0.00000   0.00000   0.00834   0.00000   0.00832   0.00000   0.00833   0.00000   0.00000   0.00000   0.00834   0.00834   0.00833   0.00000   0.03411   0.00838   0.04288   0.00000   0.00000   0.00835   0.01690   0.00000   0.05256   5.33745   1.84264  -0.71380   0.05889  
 37  0.0240    640.900674  x:  0.00000   0.00839   0.00000   0.00000   0.00000   0.00000   0.00000   0.00000   0.00000   0.00834   0.00000   0.00833   0.00000   0.00835   0.00000   0.00000   0.00000   0.00834   0.00834   0.00836   0.00000   0.03408   0.00838   0.04298   0.00000   0.00000   0.00835   0.01678   0.00000   0.05249   5.33799   1.83818  -0.70934   0.05855  
 38  0.0100    640.900659  x:  0.00000   0.00840   0.00000   0.00000   0.00000   0.00000   0.00000   0.00000   0.00000   0.00833   0.00000   0.00832   0.00000   0.00835   0.00000   0.00000   0.00000   0.00834   0.00835   0.00834   0.00000   0.03412   0.00837   0.04297   0.00000   0.00000   0.00837   0.01676   0.00000   0.05249   5.33943   1.83744  -0.70860   0.05854  
 39  0.0022    640.900652  x:  0.00000   0.00840   0.00000   0.00000   0.00000   0.00000   0.00000   0.00000   0.00000   0.00834   0.00000   0.00832   0.00000   0.00833   0.00000   0.00000   0.00000   0.00834   0.00834   0.00834   0.00000   0.03409   0.00837   0.04295   0.00000   0.00000   0.00836   0.01676   0.00000   0.05250   5.34061   1.83684  -0.70800   0.05851  
 40  0.0021    640.900652  x:  0.00000   0.00840   0.00000   0.00000   0.00000   0.00000   0.00000   0.00000   0.00000   0.00834   0.00000   0.00832   0.00000   0.00833   0.00000   0.00000   0.00000   0.00833   0.00834   0.00833   0.00000   0.03409   0.00837   0.04295   0.00000   0.00000   0.00836   0.01676   0.00000   0.05250   5.34020   1.83685  -0.70801   0.05851  
 41  0.0004    640.900652  x:  0.00000   0.00840   0.00000   0.00000   0.00000   0.00000   0.00000   0.00000   0.00000   0.00834   0.00000   0.00832   0.00000   0.00833   0.00000   0.00000   0.00000   0.00833   0.00834   0.00833   0.00000   0.03409   0.00837   0.04295   0.00000   0.00000   0.00836   0.01676   0.00000   0.05250   5.34001   1.83682  -0.70798   0.05851  
 42  0.0003    640.900652  x:  0.00000   0.00840   0.00000   0.00000   0.00000   0.00000   0.00000   0.00000   0.00000   0.00834   0.00000   0.00832   0.00000   0.00833   0.00000   0.00000   0.00000   0.00833   0.00834   0.00833   0.00000   0.03409   0.00837   0.04295   0.00000   0.00000   0.00836   0.01676   0.00000   0.05250   5.33995   1.83681  -0.70797   0.05851  
 43  0.0002    640.900652  x:  0.00000   0.00840   0.00000   0.00000   0.00000   0.00000   0.00000   0.00000   0.00000   0.00834   0.00000   0.00832   0.00000   0.00833   0.00000   0.00000   0.00000   0.00833   0.00834   0.00833   0.00000   0.03409   0.00837   0.04295   0.00000   0.00000   0.00836   0.01676   0.00000   0.05250   5.33994   1.83681  -0.70797   0.05851  
 44  0.0001    640.900652  x:  0.00000   0.00840   0.00000   0.00000   0.00000   0.00000   0.00000   0.00000   0.00000   0.00834   0.00000   0.00832   0.00000   0.00833   0.00000   0.00000   0.00000   0.00833   0.00834   0.00833   0.00000   0.03409   0.00837   0.04295   0.00000   0.00000   0.00836   0.01676   0.00000   0.05250   5.33994   1.83681  -0.70797   0.05851  
 45  0.0001    640.900652  x:  0.00000   0.00840   0.00000   0.00000   0.00000   0.00000   0.00000   0.00000   0.00000   0.00834   0.00000   0.00832   0.00000   0.00833   0.00000   0.00000   0.00000   0.00833   0.00834   0.00833   0.00000   0.03409   0.00837   0.04295   0.00000   0.00000   0.00836   0.01676   0.00000   0.05250   5.33994   1.83681  -0.70797   0.05851  