Supplemental results for CODEML (seqf: /Users/YY/Desktop/get/branch_site/modify/modify_trim_muscle_atpB.fa  treef: /Users/YY/Desktop/get/branch_site/16gene_topu.tree)


dN/dS (w) for site classes (K=4)

site class             0        1       2a       2b
proportion       0.73577  0.10579  0.13852  0.01992
background w     0.00000  1.00000  0.00000  1.00000
foreground w     0.00000  1.00000  1.00000  1.00000

Naive Empirical Bayes (NEB) probabilities for 4 classes
(amino acids refer to 1st sequence: MF594405)

   1 M   0.79008 0.05148 0.14875 0.00969 ( 1)
   2 K   0.00000 0.84156 0.00000 0.15844 ( 2)
   3 I   0.78497 0.05660 0.14778 0.01066 ( 1)
   4 N   0.79718 0.04438 0.15008 0.00836 ( 1)
   5 P   0.00001 0.84155 0.00000 0.15844 ( 2)
   6 T   0.00001 0.84155 0.00000 0.15844 ( 2)
   7 N   0.00000 0.84156 0.00000 0.15844 ( 2)
   8 S   0.78104 0.06052 0.14704 0.01139 ( 1)
   9 S   0.79142 0.05014 0.14900 0.00944 ( 1)
  10 S   0.76653 0.07503 0.14431 0.01413 ( 1)
  11 G   0.00000 0.84156 0.00000 0.15844 ( 2)
  12 A   0.00000 0.84156 0.00000 0.15844 ( 2)
  13 S   0.75559 0.08597 0.14225 0.01619 ( 1)
  14 T   0.00001 0.84155 0.00000 0.15844 ( 2)
  15 L   0.00001 0.84155 0.00000 0.15844 ( 2)
  16 E   0.00001 0.84155 0.00000 0.15844 ( 2)
  17 K   0.79006 0.05151 0.14874 0.00970 ( 1)
  18 K   0.79006 0.05151 0.14874 0.00970 ( 1)
  19 N   0.77077 0.07079 0.14511 0.01333 ( 1)
  20 L   0.75740 0.08416 0.14259 0.01585 ( 1)
  21 G   0.76467 0.07689 0.14396 0.01448 ( 1)
  22 N   0.79718 0.04438 0.15008 0.00836 ( 1)
  23 I   0.76718 0.07438 0.14444 0.01400 ( 1)
  24 T   0.76244 0.07912 0.14354 0.01490 ( 1)
  25 Q   0.77432 0.06725 0.14578 0.01266 ( 1)
  26 I   0.77126 0.07030 0.14520 0.01324 ( 1)
  27 I   0.79690 0.04466 0.15003 0.00841 ( 1)
  28 G   0.79187 0.04970 0.14908 0.00936 ( 1)
  29 P   0.75888 0.08268 0.14287 0.01557 ( 1)
  30 V   0.79020 0.05136 0.14877 0.00967 ( 1)
  31 L   0.77122 0.07035 0.14519 0.01324 ( 1)
  32 D   0.80038 0.04118 0.15068 0.00775 ( 1)
  33 V   0.79020 0.05136 0.14877 0.00967 ( 1)
  34 A   0.00001 0.84155 0.00000 0.15844 ( 2)
  35 F   0.78835 0.05321 0.14842 0.01002 ( 1)
  36 P   0.77434 0.06722 0.14578 0.01265 ( 1)
  37 P   0.00001 0.84155 0.00000 0.15844 ( 2)
  38 G   0.76274 0.07882 0.14360 0.01484 ( 1)
  39 K   0.77251 0.06905 0.14544 0.01300 ( 1)
  40 M   0.00001 0.84155 0.00000 0.15844 ( 2)
  41 P   0.78197 0.05959 0.14722 0.01122 ( 1)
  42 N   0.79718 0.04438 0.15008 0.00836 ( 1)
  43 I   0.79713 0.04443 0.15007 0.00836 ( 1)
  44 Y   0.78008 0.06149 0.14686 0.01158 ( 1)
  45 N   0.77077 0.07079 0.14511 0.01333 ( 1)
  46 A   0.79602 0.04555 0.14986 0.00858 ( 1)
  47 L   0.75526 0.08630 0.14219 0.01625 ( 1)
  48 V   0.79020 0.05136 0.14877 0.00967 ( 1)
  49 V   0.79635 0.04522 0.14992 0.00851 ( 1)
  50 K   0.77251 0.06905 0.14544 0.01300 ( 1)
  51 G   0.79187 0.04970 0.14908 0.00936 ( 1)
  52 R   0.76199 0.07958 0.14346 0.01498 ( 1)
  53 D   0.80038 0.04118 0.15068 0.00775 ( 1)
  54 T   0.79193 0.04963 0.14909 0.00934 ( 1)
  55 A   0.78455 0.05701 0.14770 0.01073 ( 1)
  56 G   0.79187 0.04970 0.14908 0.00936 ( 1)
  57 Q   0.00001 0.84155 0.00000 0.15844 ( 2)
  58 Q   0.77432 0.06725 0.14578 0.01266 ( 1)
  59 I   0.79713 0.04443 0.15007 0.00836 ( 1)
  60 N   0.79718 0.04438 0.15008 0.00836 ( 1)
  61 V   0.77243 0.06913 0.14542 0.01302 ( 1)
  62 T   0.79320 0.04836 0.14933 0.00910 ( 1)
  63 C   0.77474 0.06682 0.14586 0.01258 ( 1)
  64 E   0.77829 0.06328 0.14653 0.01191 ( 1)
  65 V   0.79020 0.05136 0.14877 0.00967 ( 1)
  66 Q   0.76060 0.08097 0.14320 0.01524 ( 1)
  67 Q   0.77432 0.06725 0.14578 0.01266 ( 1)
  68 L   0.77027 0.07129 0.14502 0.01342 ( 1)
  69 L   0.77012 0.07144 0.14499 0.01345 ( 1)
  70 G   0.78426 0.05730 0.14765 0.01079 ( 1)
  71 N   0.77077 0.07079 0.14511 0.01333 ( 1)
  72 N   0.79718 0.04438 0.15008 0.00836 ( 1)
  73 R   0.76114 0.08043 0.14330 0.01514 ( 1)
  74 V   0.79553 0.04603 0.14977 0.00867 ( 1)
  75 R   0.76722 0.07434 0.14444 0.01400 ( 1)
  76 A   0.79602 0.04555 0.14986 0.00858 ( 1)
  77 V   0.76778 0.07378 0.14455 0.01389 ( 1)
  78 A   0.79564 0.04592 0.14979 0.00864 ( 1)
  79 M   0.79008 0.05148 0.14875 0.00969 ( 1)
  80 S   0.79142 0.05014 0.14900 0.00944 ( 1)
  81 A   0.79602 0.04555 0.14986 0.00858 ( 1)
  82 T   0.78715 0.05441 0.14819 0.01024 ( 1)
  83 D   0.80038 0.04118 0.15068 0.00775 ( 1)
  84 G   0.79187 0.04970 0.14908 0.00936 ( 1)
  85 L   0.77122 0.07035 0.14519 0.01324 ( 1)
  86 T   0.76557 0.07599 0.14413 0.01431 ( 1)
  87 R   0.78295 0.05861 0.14740 0.01103 ( 1)
  88 G   0.00001 0.84155 0.00000 0.15844 ( 2)
  89 M   0.79008 0.05148 0.14875 0.00969 ( 1)
  90 E   0.00001 0.84155 0.00000 0.15844 ( 2)
  91 V   0.77095 0.07062 0.14514 0.01329 ( 1)
  92 I   0.00001 0.84155 0.00000 0.15844 ( 2)
  93 D   0.80038 0.04118 0.15068 0.00775 ( 1)
  94 T   0.76891 0.07265 0.14476 0.01368 ( 1)
  95 G   0.78426 0.05730 0.14765 0.01079 ( 1)
  96 A   0.79602 0.04555 0.14986 0.00858 ( 1)
  97 P   0.78197 0.05959 0.14722 0.01122 ( 1)
  98 L   0.77108 0.07049 0.14517 0.01327 ( 1)
  99 S   0.79142 0.05014 0.14900 0.00944 ( 1)
 100 V   0.79635 0.04522 0.14992 0.00851 ( 1)
 101 P   0.75858 0.08298 0.14282 0.01562 ( 1)
 102 V   0.77337 0.06819 0.14560 0.01284 ( 1)
 103 G   0.79082 0.05074 0.14888 0.00955 ( 1)
 104 G   0.78426 0.05730 0.14765 0.01079 ( 1)
 105 T   0.76557 0.07599 0.14413 0.01431 ( 1)
 106 T   0.79320 0.04836 0.14933 0.00910 ( 1)
 107 L   0.78441 0.05716 0.14768 0.01076 ( 1)
 108 G   0.78426 0.05730 0.14765 0.01079 ( 1)
 109 R   0.76199 0.07958 0.14346 0.01498 ( 1)
 110 I   0.79713 0.04443 0.15007 0.00836 ( 1)
 111 F   0.76344 0.07813 0.14373 0.01471 ( 1)
 112 N   0.77077 0.07079 0.14511 0.01333 ( 1)
 113 V   0.79020 0.05136 0.14877 0.00967 ( 1)
 114 L   0.77898 0.06258 0.14666 0.01178 ( 1)
 115 G   0.78426 0.05730 0.14765 0.01079 ( 1)
 116 E   0.77634 0.06523 0.14616 0.01228 ( 1)
 117 P   0.75609 0.08547 0.14235 0.01609 ( 1)
 118 V   0.79635 0.04522 0.14992 0.00851 ( 1)
 119 D   0.80038 0.04118 0.15068 0.00775 ( 1)
 120 N   0.79718 0.04438 0.15008 0.00836 ( 1)
 121 L   0.77027 0.07129 0.14502 0.01342 ( 1)
 122 G   0.76483 0.07673 0.14399 0.01445 ( 1)
 123 P   0.00001 0.84155 0.00000 0.15844 ( 2)
 124 V   0.79020 0.05136 0.14877 0.00967 ( 1)
 125 D   0.00002 0.84155 0.00000 0.15844 ( 2)
 126 T   0.79320 0.04836 0.14933 0.00910 ( 1)
 127 R   0.00000 0.84156 0.00000 0.15844 ( 2)
 128 T   0.78715 0.05441 0.14819 0.01024 ( 1)
 129 T   0.78715 0.05441 0.14819 0.01024 ( 1)
 130 S   0.78029 0.06127 0.14690 0.01154 ( 1)
 131 P   0.78197 0.05959 0.14722 0.01122 ( 1)
 132 I   0.79713 0.04443 0.15007 0.00836 ( 1)
 133 H   0.78534 0.05622 0.14785 0.01058 ( 1)
 134 R   0.78295 0.05861 0.14740 0.01103 ( 1)
 135 S   0.78104 0.06052 0.14704 0.01139 ( 1)
 136 A   0.76750 0.07406 0.14450 0.01394 ( 1)
 137 P   0.75609 0.08547 0.14235 0.01609 ( 1)
 138 A   0.76421 0.07735 0.14388 0.01456 ( 1)
 139 F   0.78835 0.05321 0.14842 0.01002 ( 1)
 140 I   0.79420 0.04736 0.14952 0.00892 ( 1)
 141 Q   0.76060 0.08097 0.14320 0.01524 ( 1)
 142 L   0.76942 0.07214 0.14486 0.01358 ( 1)
 143 D   0.80038 0.04118 0.15068 0.00775 ( 1)
 144 T   0.78622 0.05535 0.14802 0.01042 ( 1)
 145 K   0.79006 0.05151 0.14874 0.00970 ( 1)
 146 L   0.77027 0.07129 0.14502 0.01342 ( 1)
 147 S   0.78104 0.06052 0.14704 0.01139 ( 1)
 148 I   0.79713 0.04443 0.15007 0.00836 ( 1)
 149 F   0.78835 0.05321 0.14842 0.01002 ( 1)
 150 E   0.79366 0.04790 0.14942 0.00902 ( 1)
 151 T   0.76340 0.07816 0.14372 0.01471 ( 1)
 152 G   0.78426 0.05730 0.14765 0.01079 ( 1)
 153 I   0.79713 0.04443 0.15007 0.00836 ( 1)
 154 K   0.79006 0.05151 0.14874 0.00970 ( 1)
 155 V   0.79020 0.05136 0.14877 0.00967 ( 1)
 156 V   0.79020 0.05136 0.14877 0.00967 ( 1)
 157 D   0.80038 0.04118 0.15068 0.00775 ( 1)
 158 L   0.78441 0.05716 0.14768 0.01076 ( 1)
 159 L   0.77027 0.07129 0.14502 0.01342 ( 1)
 160 A   0.76947 0.07209 0.14487 0.01357 ( 1)
 161 P   0.78102 0.06055 0.14704 0.01140 ( 1)
 162 Y   0.78008 0.06149 0.14686 0.01158 ( 1)
 163 R   0.77531 0.06626 0.14596 0.01247 ( 1)
 164 R   0.77531 0.06626 0.14596 0.01247 ( 1)
 165 G   0.78426 0.05730 0.14765 0.01079 ( 1)
 166 G   0.78426 0.05730 0.14765 0.01079 ( 1)
 167 K   0.79006 0.05151 0.14874 0.00970 ( 1)
 168 I   0.78745 0.05411 0.14825 0.01019 ( 1)
 169 G   0.78426 0.05730 0.14765 0.01079 ( 1)
 170 L   0.77122 0.07035 0.14519 0.01324 ( 1)
 171 F   0.76344 0.07813 0.14373 0.01471 ( 1)
 172 G   0.76467 0.07689 0.14396 0.01448 ( 1)
 173 G   0.76467 0.07689 0.14396 0.01448 ( 1)
 174 A   0.79602 0.04555 0.14986 0.00858 ( 1)
 175 G   0.78188 0.05969 0.14720 0.01124 ( 1)
 176 V   0.77129 0.07027 0.14521 0.01323 ( 1)
 177 G   0.79187 0.04970 0.14908 0.00936 ( 1)
 178 K   0.79006 0.05151 0.14874 0.00970 ( 1)
 179 T   0.78715 0.05441 0.14819 0.01024 ( 1)
 180 V   0.76447 0.07709 0.14392 0.01451 ( 1)
 181 L   0.75804 0.08352 0.14271 0.01572 ( 1)
 182 I   0.79713 0.04443 0.15007 0.00836 ( 1)
 183 M   0.79008 0.05148 0.14875 0.00969 ( 1)
 184 E   0.79366 0.04790 0.14942 0.00902 ( 1)
 185 L   0.75934 0.08222 0.14296 0.01548 ( 1)
 186 I   0.79713 0.04443 0.15007 0.00836 ( 1)
 187 N   0.77077 0.07079 0.14511 0.01333 ( 1)
 188 N   0.79718 0.04438 0.15008 0.00836 ( 1)
 189 I   0.79713 0.04443 0.15007 0.00836 ( 1)
 190 A   0.76421 0.07735 0.14388 0.01456 ( 1)
 191 K   0.78631 0.05525 0.14804 0.01040 ( 1)
 192 A   0.79602 0.04555 0.14986 0.00858 ( 1)
 193 H   0.78191 0.05965 0.14721 0.01123 ( 1)
 194 G   0.76467 0.07689 0.14396 0.01448 ( 1)
 195 G   0.79187 0.04970 0.14908 0.00936 ( 1)
 196 V   0.79020 0.05136 0.14877 0.00967 ( 1)
 197 S   0.78104 0.06052 0.14704 0.01139 ( 1)
 198 V   0.79020 0.05136 0.14877 0.00967 ( 1)
 199 F   0.78835 0.05321 0.14842 0.01002 ( 1)
 200 G   0.76515 0.07642 0.14405 0.01439 ( 1)
 201 G   0.78426 0.05730 0.14765 0.01079 ( 1)
 202 V   0.79020 0.05136 0.14877 0.00967 ( 1)
 203 G   0.79187 0.04970 0.14908 0.00936 ( 1)
 204 E   0.79366 0.04790 0.14942 0.00902 ( 1)
 205 R   0.77531 0.06626 0.14596 0.01247 ( 1)
 206 T   0.79320 0.04836 0.14933 0.00910 ( 1)
 207 R   0.77531 0.06626 0.14596 0.01247 ( 1)
 208 E   0.79366 0.04790 0.14942 0.00902 ( 1)
 209 G   0.78426 0.05730 0.14765 0.01079 ( 1)
 210 N   0.79718 0.04438 0.15008 0.00836 ( 1)
 211 D   0.80038 0.04118 0.15068 0.00775 ( 1)
 212 L   0.78441 0.05716 0.14768 0.01076 ( 1)
 213 Y   0.75509 0.08647 0.14216 0.01628 ( 1)
 214 M   0.79008 0.05148 0.14875 0.00969 ( 1)
 215 E   0.79366 0.04790 0.14942 0.00902 ( 1)
 216 M   0.79008 0.05148 0.14875 0.00969 ( 1)
 217 K   0.79006 0.05151 0.14874 0.00970 ( 1)
 218 E   0.79366 0.04790 0.14942 0.00902 ( 1)
 219 S   0.76620 0.07536 0.14425 0.01419 ( 1)
 220 G   0.76467 0.07689 0.14396 0.01448 ( 1)
 221 V   0.76831 0.07325 0.14465 0.01379 ( 1)
 222 I   0.79713 0.04443 0.15007 0.00836 ( 1)
 223 N   0.79718 0.04438 0.15008 0.00836 ( 1)
 224 E   0.79366 0.04790 0.14942 0.00902 ( 1)
 225 E   0.00000 0.84156 0.00000 0.15844 ( 2)
 226 N   0.79718 0.04438 0.15008 0.00836 ( 1)
 227 I   0.79713 0.04443 0.15007 0.00836 ( 1)
 228 A   0.78986 0.05170 0.14870 0.00973 ( 1)
 229 E   0.79366 0.04790 0.14942 0.00902 ( 1)
 230 S   0.76374 0.07783 0.14379 0.01465 ( 1)
 231 K   0.79006 0.05151 0.14874 0.00970 ( 1)
 232 V   0.76778 0.07378 0.14455 0.01389 ( 1)
 233 A   0.79602 0.04555 0.14986 0.00858 ( 1)
 234 L   0.77122 0.07035 0.14519 0.01324 ( 1)
 235 V   0.79635 0.04522 0.14992 0.00851 ( 1)
 236 Y   0.75509 0.08647 0.14216 0.01628 ( 1)
 237 G   0.79187 0.04970 0.14908 0.00936 ( 1)
 238 Q   0.76060 0.08097 0.14320 0.01524 ( 1)
 239 M   0.79008 0.05148 0.14875 0.00969 ( 1)
 240 N   0.79718 0.04438 0.15008 0.00836 ( 1)
 241 E   0.79366 0.04790 0.14942 0.00902 ( 1)
 242 P   0.75858 0.08298 0.14282 0.01562 ( 1)
 243 P   0.75858 0.08298 0.14282 0.01562 ( 1)
 244 G   0.78426 0.05730 0.14765 0.01079 ( 1)
 245 A   0.79602 0.04555 0.14986 0.00858 ( 1)
 246 R   0.77531 0.06626 0.14596 0.01247 ( 1)
 247 M   0.79008 0.05148 0.14875 0.00969 ( 1)
 248 R   0.78295 0.05861 0.14740 0.01103 ( 1)
 249 V   0.79553 0.04603 0.14977 0.00867 ( 1)
 250 G   0.79187 0.04970 0.14908 0.00936 ( 1)
 251 L   0.75934 0.08222 0.14296 0.01548 ( 1)
 252 T   0.79320 0.04836 0.14933 0.00910 ( 1)
 253 A   0.76947 0.07209 0.14487 0.01357 ( 1)
 254 L   0.75740 0.08416 0.14259 0.01585 ( 1)
 255 T   0.79311 0.04845 0.14932 0.00912 ( 1)
 256 M   0.79008 0.05148 0.14875 0.00969 ( 1)
 257 A   0.79602 0.04555 0.14986 0.00858 ( 1)
 258 E   0.79366 0.04790 0.14942 0.00902 ( 1)
 259 Y   0.78008 0.06149 0.14686 0.01158 ( 1)
 260 F   0.78835 0.05321 0.14842 0.01002 ( 1)
 261 R   0.76252 0.07905 0.14356 0.01488 ( 1)
 262 D   0.80038 0.04118 0.15068 0.00775 ( 1)
 263 V   0.79635 0.04522 0.14992 0.00851 ( 1)
 264 N   0.79718 0.04438 0.15008 0.00836 ( 1)
 265 E   0.79366 0.04790 0.14942 0.00902 ( 1)
 266 Q   0.77432 0.06725 0.14578 0.01266 ( 1)
 267 D   0.78356 0.05801 0.14752 0.01092 ( 1)
 268 V   0.79020 0.05136 0.14877 0.00967 ( 1)
 269 L   0.78441 0.05716 0.14768 0.01076 ( 1)
 270 L   0.77312 0.06844 0.14555 0.01288 ( 1)
 271 F   0.78835 0.05321 0.14842 0.01002 ( 1)
 272 I   0.76718 0.07438 0.14444 0.01400 ( 1)
 273 D   0.77437 0.06719 0.14579 0.01265 ( 1)
 274 N   0.79718 0.04438 0.15008 0.00836 ( 1)
 275 I   0.77640 0.06516 0.14617 0.01227 ( 1)
 276 F   0.76699 0.07457 0.14440 0.01404 ( 1)
 277 R   0.77531 0.06626 0.14596 0.01247 ( 1)
 278 F   0.76344 0.07813 0.14373 0.01471 ( 1)
 279 V   0.76447 0.07709 0.14392 0.01451 ( 1)
 280 Q   0.77432 0.06725 0.14578 0.01266 ( 1)
 281 A   0.78986 0.05170 0.14870 0.00973 ( 1)
 282 G   0.78426 0.05730 0.14765 0.01079 ( 1)
 283 S   0.77916 0.06241 0.14669 0.01175 ( 1)
 284 E   0.79366 0.04790 0.14942 0.00902 ( 1)
 285 V   0.79020 0.05136 0.14877 0.00967 ( 1)
 286 S   0.75634 0.08523 0.14239 0.01605 ( 1)
 287 A   0.76421 0.07735 0.14388 0.01456 ( 1)
 288 L   0.77027 0.07129 0.14502 0.01342 ( 1)
 289 L   0.75934 0.08222 0.14296 0.01548 ( 1)
 290 G   0.78845 0.05311 0.14844 0.01000 ( 1)
 291 R   0.78295 0.05861 0.14740 0.01103 ( 1)
 292 M   0.79008 0.05148 0.14875 0.00969 ( 1)
 293 P   0.78133 0.06023 0.14710 0.01134 ( 1)
 294 S   0.75559 0.08597 0.14225 0.01619 ( 1)
 295 A   0.79602 0.04555 0.14986 0.00858 ( 1)
 296 V   0.77129 0.07027 0.14521 0.01323 ( 1)
 297 G   0.79187 0.04970 0.14908 0.00936 ( 1)
 298 Y   0.78008 0.06149 0.14686 0.01158 ( 1)
 299 Q   0.77432 0.06725 0.14578 0.01266 ( 1)
 300 P   0.76282 0.07874 0.14361 0.01482 ( 1)
 301 T   0.76244 0.07912 0.14354 0.01490 ( 1)
 302 L   0.78441 0.05716 0.14768 0.01076 ( 1)
 303 S   0.79142 0.05014 0.14900 0.00944 ( 1)
 304 T   0.76746 0.07410 0.14449 0.01395 ( 1)
 305 E   0.79366 0.04790 0.14942 0.00902 ( 1)
 306 M   0.79008 0.05148 0.14875 0.00969 ( 1)
 307 G   0.79187 0.04970 0.14908 0.00936 ( 1)
 308 T   0.76557 0.07599 0.14413 0.01431 ( 1)
 309 L   0.77027 0.07129 0.14502 0.01342 ( 1)
 310 Q   0.77313 0.06843 0.14556 0.01288 ( 1)
 311 E   0.79366 0.04790 0.14942 0.00902 ( 1)
 312 R   0.78295 0.05861 0.14740 0.01103 ( 1)
 313 I   0.79713 0.04443 0.15007 0.00836 ( 1)
 314 T   0.79320 0.04836 0.14933 0.00910 ( 1)
 315 S   0.75610 0.08546 0.14235 0.01609 ( 1)
 316 T   0.76341 0.07815 0.14372 0.01471 ( 1)
 317 K   0.79006 0.05151 0.14874 0.00970 ( 1)
 318 E   0.77634 0.06523 0.14616 0.01228 ( 1)
 319 G   0.76467 0.07689 0.14396 0.01448 ( 1)
 320 S   0.75559 0.08597 0.14225 0.01619 ( 1)
 321 I   0.79420 0.04736 0.14952 0.00892 ( 1)
 322 T   0.79210 0.04947 0.14912 0.00931 ( 1)
 323 S   0.78104 0.06052 0.14704 0.01139 ( 1)
 324 I   0.79713 0.04443 0.15007 0.00836 ( 1)
 325 Q   0.77432 0.06725 0.14578 0.01266 ( 1)
 326 A   0.78986 0.05170 0.14870 0.00973 ( 1)
 327 V   0.79635 0.04522 0.14992 0.00851 ( 1)
 328 Y   0.78008 0.06149 0.14686 0.01158 ( 1)
 329 V   0.79020 0.05136 0.14877 0.00967 ( 1)
 330 P   0.78197 0.05959 0.14722 0.01122 ( 1)
 331 A   0.78986 0.05170 0.14870 0.00973 ( 1)
 332 D   0.77554 0.06602 0.14601 0.01243 ( 1)
 333 D   0.80038 0.04118 0.15068 0.00775 ( 1)
 334 L   0.75934 0.08222 0.14296 0.01548 ( 1)
 335 T   0.76298 0.07858 0.14364 0.01479 ( 1)
 336 D   0.77437 0.06719 0.14579 0.01265 ( 1)
 337 P   0.78197 0.05959 0.14722 0.01122 ( 1)
 338 A   0.79111 0.05045 0.14894 0.00950 ( 1)
 339 P   0.78001 0.06155 0.14685 0.01159 ( 1)
 340 A   0.79602 0.04555 0.14986 0.00858 ( 1)
 341 T   0.76557 0.07599 0.14413 0.01431 ( 1)
 342 T   0.78715 0.05441 0.14819 0.01024 ( 1)
 343 F   0.78835 0.05321 0.14842 0.01002 ( 1)
 344 A   0.78986 0.05170 0.14870 0.00973 ( 1)
 345 H   0.78534 0.05622 0.14785 0.01058 ( 1)
 346 L   0.75934 0.08222 0.14296 0.01548 ( 1)
 347 D   0.80038 0.04118 0.15068 0.00775 ( 1)
 348 A   0.79602 0.04555 0.14986 0.00858 ( 1)
 349 T   0.79320 0.04836 0.14933 0.00910 ( 1)
 350 T   0.79320 0.04836 0.14933 0.00910 ( 1)
 351 V   0.79020 0.05136 0.14877 0.00967 ( 1)
 352 L   0.77122 0.07035 0.14519 0.01324 ( 1)
 353 S   0.77065 0.07091 0.14509 0.01335 ( 1)
 354 R   0.78295 0.05861 0.14740 0.01103 ( 1)
 355 G   0.78426 0.05730 0.14765 0.01079 ( 1)
 356 L   0.77027 0.07129 0.14502 0.01342 ( 1)
 357 A   0.76450 0.07706 0.14393 0.01451 ( 1)
 358 A   0.76421 0.07735 0.14388 0.01456 ( 1)
 359 K   0.79006 0.05151 0.14874 0.00970 ( 1)
 360 G   0.79187 0.04970 0.14908 0.00936 ( 1)
 361 I   0.76859 0.07297 0.14470 0.01374 ( 1)
 362 Y   0.78008 0.06149 0.14686 0.01158 ( 1)
 363 P   0.77659 0.06497 0.14621 0.01223 ( 1)
 364 A   0.78986 0.05170 0.14870 0.00973 ( 1)
 365 V   0.79020 0.05136 0.14877 0.00967 ( 1)
 366 D   0.80038 0.04118 0.15068 0.00775 ( 1)
 367 P   0.78197 0.05959 0.14722 0.01122 ( 1)
 368 L   0.77027 0.07129 0.14502 0.01342 ( 1)
 369 D   0.80038 0.04118 0.15068 0.00775 ( 1)
 370 S   0.77065 0.07091 0.14509 0.01335 ( 1)
 371 T   0.76557 0.07599 0.14413 0.01431 ( 1)
 372 S   0.77065 0.07091 0.14509 0.01335 ( 1)
 373 T   0.79320 0.04836 0.14933 0.00910 ( 1)
 374 M   0.79008 0.05148 0.14875 0.00969 ( 1)
 375 L   0.75789 0.08367 0.14269 0.01575 ( 1)
 376 Q   0.77432 0.06725 0.14578 0.01266 ( 1)
 377 P   0.75609 0.08547 0.14235 0.01609 ( 1)
 378 R   0.75253 0.08903 0.14168 0.01676 ( 1)
 379 I   0.79713 0.04443 0.15007 0.00836 ( 1)
 380 V   0.79635 0.04522 0.14992 0.00851 ( 1)
 381 G   0.78845 0.05311 0.14844 0.01000 ( 1)
 382 E   0.77634 0.06523 0.14616 0.01228 ( 1)
 383 D   0.00001 0.84155 0.00000 0.15844 ( 2)
 384 H   0.78534 0.05622 0.14785 0.01058 ( 1)
 385 Y   0.78008 0.06149 0.14686 0.01158 ( 1)
 386 E   0.79366 0.04790 0.14942 0.00902 ( 1)
 387 T   0.79320 0.04836 0.14933 0.00910 ( 1)
 388 A   0.76552 0.07605 0.14412 0.01432 ( 1)
 389 Q   0.77432 0.06725 0.14578 0.01266 ( 1)
 390 R   0.00001 0.84155 0.00000 0.15844 ( 2)
 391 V   0.79635 0.04522 0.14992 0.00851 ( 1)
 392 K   0.77251 0.06905 0.14544 0.01300 ( 1)
 393 Q   0.77432 0.06725 0.14578 0.01266 ( 1)
 394 T   0.79320 0.04836 0.14933 0.00910 ( 1)
 395 L   0.77027 0.07129 0.14502 0.01342 ( 1)
 396 Q   0.77432 0.06725 0.14578 0.01266 ( 1)
 397 R   0.77531 0.06626 0.14596 0.01247 ( 1)
 398 Y   0.75509 0.08647 0.14216 0.01628 ( 1)
 399 K   0.79006 0.05151 0.14874 0.00970 ( 1)
 400 E   0.79366 0.04790 0.14942 0.00902 ( 1)
 401 L   0.78441 0.05716 0.14768 0.01076 ( 1)
 402 Q   0.76060 0.08097 0.14320 0.01524 ( 1)
 403 D   0.77437 0.06719 0.14579 0.01265 ( 1)
 404 I   0.79713 0.04443 0.15007 0.00836 ( 1)
 405 I   0.79420 0.04736 0.14952 0.00892 ( 1)
 406 A   0.79602 0.04555 0.14986 0.00858 ( 1)
 407 I   0.76781 0.07375 0.14455 0.01388 ( 1)
 408 L   0.77862 0.06294 0.14659 0.01185 ( 1)
 409 G   0.76955 0.07201 0.14488 0.01356 ( 1)
 410 L   0.75934 0.08222 0.14296 0.01548 ( 1)
 411 D   0.77437 0.06719 0.14579 0.01265 ( 1)
 412 E   0.79366 0.04790 0.14942 0.00902 ( 1)
 413 L   0.77027 0.07129 0.14502 0.01342 ( 1)
 414 S   0.75559 0.08597 0.14225 0.01619 ( 1)
 415 E   0.79366 0.04790 0.14942 0.00902 ( 1)
 416 E   0.77634 0.06523 0.14616 0.01228 ( 1)
 417 D   0.80038 0.04118 0.15068 0.00775 ( 1)
 418 R   0.75684 0.08472 0.14249 0.01595 ( 1)
 419 L   0.77027 0.07129 0.14502 0.01342 ( 1)
 420 T   0.76244 0.07912 0.14354 0.01490 ( 1)
 421 V   0.79020 0.05136 0.14877 0.00967 ( 1)
 422 A   0.78986 0.05170 0.14870 0.00973 ( 1)
 423 R   0.78295 0.05861 0.14740 0.01103 ( 1)
 424 A   0.76750 0.07406 0.14450 0.01394 ( 1)
 425 R   0.76199 0.07958 0.14346 0.01498 ( 1)
 426 K   0.79006 0.05151 0.14874 0.00970 ( 1)
 427 I   0.79713 0.04443 0.15007 0.00836 ( 1)
 428 E   0.77775 0.06381 0.14642 0.01201 ( 1)
 429 R   0.77531 0.06626 0.14596 0.01247 ( 1)
 430 F   0.76344 0.07813 0.14373 0.01471 ( 1)
 431 L   0.77027 0.07129 0.14502 0.01342 ( 1)
 432 S   0.77065 0.07091 0.14509 0.01335 ( 1)
 433 Q   0.77432 0.06725 0.14578 0.01266 ( 1)
 434 P   0.75609 0.08547 0.14235 0.01609 ( 1)
 435 F   0.78835 0.05321 0.14842 0.01002 ( 1)
 436 F   0.76344 0.07813 0.14373 0.01471 ( 1)
 437 V   0.79020 0.05136 0.14877 0.00967 ( 1)
 438 A   0.78986 0.05170 0.14870 0.00973 ( 1)
 439 E   0.79366 0.04790 0.14942 0.00902 ( 1)
 440 V   0.79635 0.04522 0.14992 0.00851 ( 1)
 441 F   0.78835 0.05321 0.14842 0.01002 ( 1)
 442 T   0.79210 0.04947 0.14912 0.00931 ( 1)
 443 G   0.79187 0.04970 0.14908 0.00936 ( 1)
 444 S   0.78104 0.06052 0.14704 0.01139 ( 1)
 445 P   0.77631 0.06525 0.14615 0.01228 ( 1)
 446 G   0.78426 0.05730 0.14765 0.01079 ( 1)
 447 K   0.79006 0.05151 0.14874 0.00970 ( 1)
 448 Y   0.78008 0.06149 0.14686 0.01158 ( 1)
 449 V   0.79635 0.04522 0.14992 0.00851 ( 1)
 450 G   0.78875 0.05281 0.14850 0.00994 ( 1)
 451 L   0.77027 0.07129 0.14502 0.01342 ( 1)
 452 A   0.00000 0.84156 0.00000 0.15844 ( 2)
 453 E   0.79366 0.04790 0.14942 0.00902 ( 1)
 454 T   0.78715 0.05441 0.14819 0.01024 ( 1)
 455 I   0.79713 0.04443 0.15007 0.00836 ( 1)
 456 R   0.00001 0.84155 0.00000 0.15844 ( 2)
 457 G   0.76467 0.07689 0.14396 0.01448 ( 1)
 458 F   0.78835 0.05321 0.14842 0.01002 ( 1)
 459 R   0.00001 0.84155 0.00000 0.15844 ( 2)
 460 L   0.75934 0.08222 0.14296 0.01548 ( 1)
 461 I   0.76718 0.07438 0.14444 0.01400 ( 1)
 462 L   0.78441 0.05716 0.14768 0.01076 ( 1)
 463 S   0.75559 0.08597 0.14225 0.01619 ( 1)
 464 G   0.78159 0.05998 0.14715 0.01129 ( 1)
 465 E   0.79366 0.04790 0.14942 0.00902 ( 1)
 466 L   0.77027 0.07129 0.14502 0.01342 ( 1)
 467 D   0.78509 0.05647 0.14781 0.01063 ( 1)
 468 S   0.00001 0.84155 0.00000 0.15844 ( 2)
 469 L   0.78441 0.05716 0.14768 0.01076 ( 1)
 470 P   0.78197 0.05959 0.14722 0.01122 ( 1)
 471 E   0.79366 0.04790 0.14942 0.00902 ( 1)
 472 Q   0.76220 0.07936 0.14350 0.01494 ( 1)
 473 A   0.76421 0.07735 0.14388 0.01456 ( 1)
 474 F   0.78835 0.05321 0.14842 0.01002 ( 1)
 475 Y   0.78008 0.06149 0.14686 0.01158 ( 1)
 476 L   0.75934 0.08222 0.14296 0.01548 ( 1)
 477 V   0.79020 0.05136 0.14877 0.00967 ( 1)
 478 G   0.79187 0.04970 0.14908 0.00936 ( 1)
 479 N   0.77077 0.07079 0.14511 0.01333 ( 1)
 480 I   0.76847 0.07309 0.14468 0.01376 ( 1)
 481 D   0.79706 0.04451 0.15006 0.00838 ( 1)
 482 E   0.79366 0.04790 0.14942 0.00902 ( 1)
 483 A   0.79602 0.04555 0.14986 0.00858 ( 1)
 484 T   0.76244 0.07912 0.14354 0.01490 ( 1)
 485 A   0.76750 0.07406 0.14450 0.01394 ( 1)
 486 K   0.77251 0.06905 0.14544 0.01300 ( 1)
 487 A   0.79602 0.04555 0.14986 0.00858 ( 1)
 488 M   0.00001 0.84155 0.00000 0.15844 ( 2)
 489 N   0.77077 0.07079 0.14511 0.01333 ( 1)
 490 L   0.77027 0.07129 0.14502 0.01342 ( 1)
 491 E   0.79366 0.04790 0.14942 0.00902 ( 1)
 492 M   0.79008 0.05148 0.14875 0.00969 ( 1)
 493 E   0.77634 0.06523 0.14616 0.01228 ( 1)
 494 S   0.76511 0.07645 0.14405 0.01439 ( 1)
 495 N   0.79718 0.04438 0.15008 0.00836 ( 1)
 496 S   0.00000 0.84156 0.00000 0.15844 ( 2)
 497 N   0.00000 0.84156 0.00000 0.15844 ( 2)
 498 K   0.79006 0.05151 0.14874 0.00970 ( 1)


lnL = -2842.991866

