

TREE # 1

  0  0.0000   3057.911825  x:  0.00000   0.01669   0.03379   0.01431   0.03786   0.04056   0.01880   0.02226   0.03796   0.01357   0.02848   0.01547   0.01337   0.00912   0.01219   0.03414   0.03667   0.01974   0.03392   0.02721   0.04176   0.03136   0.00958   0.02583   0.00680   0.04535   0.03679   0.04088   0.05222   0.05500   2.00000   1.09989   0.02896   0.27919  
  1 99.0000   3057.878949  x:  0.00000   0.01669   0.03379   0.01430   0.03786   0.04056   0.01880   0.02225   0.03796   0.01356   0.02848   0.01546   0.01336   0.00912   0.01219   0.03413   0.03666   0.01974   0.03392   0.02721   0.04176   0.03136   0.00958   0.02583   0.00680   0.04535   0.03679   0.04088   0.05222   0.05500   2.00000   1.09989   0.02896   0.27919  
  2 1754.7235   3003.861658  x:  0.00000   0.01670   0.02518   0.01227   0.02881   0.03263   0.00948   0.01314   0.02888   0.01094   0.01939   0.00939   0.00421   0.00000   0.00743   0.02502   0.03121   0.01797   0.02921   0.02492   0.03469   0.02906   0.01023   0.02547   0.01016   0.03893   0.03543   0.04034   0.04727   0.05602   2.00008   1.10019   0.02866   0.27774  
  3 15685.2248   2982.472829  x:  0.00000   0.01665   0.02129   0.01190   0.02465   0.02915   0.00524   0.00894   0.02470   0.01044   0.01520   0.00744   0.00000   0.00000   0.00633   0.02082   0.02912   0.01756   0.02750   0.02424   0.03168   0.02834   0.01025   0.02525   0.00996   0.03620   0.03493   0.04005   0.04528   0.05600   2.00012   1.10035   0.02850   0.27764  
  4 46613.3324   2959.330817  x:  0.00000   0.01630   0.01657   0.01094   0.01948   0.02507   0.00000   0.00375   0.01951   0.00937   0.01001   0.00669   0.00000   0.00000   0.00576   0.01563   0.02695   0.01659   0.02568   0.02334   0.02833   0.02739   0.00963   0.02521   0.01059   0.03313   0.03434   0.03950   0.04304   0.05661   2.00016   1.10055   0.02829   0.27764  
  5 59221.2125   2946.850741  x:  0.00000   0.01665   0.01376   0.01095   0.01578   0.02331   0.00000   0.00000   0.01573   0.00942   0.00626   0.00646   0.00000   0.00000   0.00388   0.01195   0.02666   0.01596   0.02516   0.02275   0.02757   0.02664   0.01017   0.02516   0.01052   0.03212   0.03383   0.03886   0.04213   0.05805   2.00019   1.10061   0.02822   0.27709  
  6 8267.0388   2930.101186  x:  0.00000   0.01704   0.00955   0.01079   0.00962   0.02118   0.00000   0.00000   0.00939   0.00891   0.00000   0.00371   0.00000   0.00000   0.00448   0.00587   0.02633   0.01511   0.02415   0.02173   0.02730   0.02531   0.01106   0.02493   0.01059   0.03104   0.03296   0.03793   0.04080   0.06038   2.00023   1.10061   0.02823   0.27482  
  7 9154.9329   2917.051037  x:  0.00000   0.01662   0.00587   0.01061   0.00363   0.01957   0.00000   0.00000   0.00317   0.00804   0.00000   0.00352   0.00000   0.00000   0.00408   0.00000   0.02473   0.01568   0.02215   0.02147   0.02714   0.02468   0.01120   0.02438   0.01048   0.02981   0.03253   0.03797   0.03918   0.05982   2.00026   1.10046   0.02840   0.27028  
  8 4599.1943   2911.809244  x:  0.00000   0.01684   0.00403   0.01030   0.00058   0.01874   0.00000   0.00000   0.00000   0.00875   0.00000   0.00338   0.00000   0.00000   0.00400   0.00000   0.02382   0.01511   0.02171   0.02153   0.02665   0.02468   0.01098   0.02467   0.01055   0.02894   0.03251   0.03790   0.03841   0.05956   2.00027   1.10038   0.02848   0.26763  
  9 7512.9675   2911.151960  x:  0.00000   0.01690   0.00370   0.01040   0.00000   0.01857   0.00000   0.00000   0.00000   0.00865   0.00000   0.00340   0.00000   0.00000   0.00401   0.00000   0.02375   0.01504   0.02183   0.02157   0.02645   0.02471   0.01102   0.02469   0.01053   0.02874   0.03252   0.03784   0.03833   0.05958   2.00027   1.10037   0.02849   0.26715  
 10 2934.5407   2907.973189  x:  0.00000   0.01569   0.00000   0.00986   0.00000   0.01653   0.00000   0.00000   0.00000   0.00929   0.00000   0.00329   0.00000   0.00000   0.00396   0.00000   0.02507   0.01614   0.02275   0.02175   0.02470   0.02450   0.01112   0.02373   0.01070   0.02728   0.03251   0.03706   0.03842   0.06023   2.00030   1.10050   0.02839   0.26323  
 11 1167.1491   2903.922083  x:  0.00000   0.02066   0.00000   0.01171   0.00000   0.00318   0.00000   0.00000   0.00000   0.01035   0.00000   0.00584   0.00000   0.00000   0.00571   0.00000   0.03292   0.01695   0.01432   0.02136   0.02351   0.01982   0.01195   0.02493   0.01011   0.02400   0.02998   0.03472   0.03962   0.06175   2.00062   1.10280   0.02616   0.25459  
 12 290.3879   2900.217950  x:  0.00000   0.01815   0.00000   0.01594   0.00000   0.00609   0.00000   0.00000   0.00000   0.00885   0.00000   0.00406   0.00000   0.00000   0.00422   0.00000   0.04266   0.01129   0.00703   0.02083   0.01892   0.02061   0.00890   0.02494   0.01171   0.01376   0.02743   0.03282   0.03520   0.05881   2.00180   1.11074   0.01828   0.24537  
 13 115.2765   2895.926197  x:  0.00000   0.01849   0.00000   0.01373   0.00000   0.00238   0.00000   0.00000   0.00000   0.00517   0.00000   0.00124   0.00000   0.00000   0.00183   0.00000   0.04627   0.00865   0.01053   0.01845   0.01850   0.01895   0.00569   0.02707   0.01272   0.00901   0.02551   0.03509   0.02802   0.05314   2.00334   1.12116   0.00793   0.23554  
 14 352.1017   2890.073318  x:  0.00000   0.02027   0.00000   0.00697   0.00000   0.00441   0.00000   0.00000   0.00000   0.00302   0.00000   0.00283   0.00000   0.00000   0.00241   0.00000   0.04181   0.00746   0.01078   0.01206   0.01179   0.01496   0.01134   0.02847   0.01082   0.00664   0.02326   0.03752   0.01434   0.05397   2.00577   1.13753  -0.00837   0.22138  
 15 648.8001   2883.202857  x:  0.00000   0.01931   0.00000   0.00750   0.00000   0.00225   0.00000   0.00000   0.00000   0.00174   0.00000   0.00168   0.00000   0.00000   0.00155   0.00000   0.02825   0.00857   0.00808   0.01340   0.00336   0.01607   0.00970   0.02875   0.01195   0.01150   0.02444   0.03769   0.00909   0.06182   2.00854   1.15607  -0.02682   0.20358  
 16 724.0859   2876.739288  x:  0.00000   0.01703   0.00000   0.00930   0.00000   0.00065   0.00000   0.00000   0.00000   0.00203   0.00000   0.00180   0.00000   0.00000   0.00155   0.00000   0.01020   0.00899   0.00710   0.01208   0.00441   0.01528   0.00956   0.02649   0.01290   0.00610   0.02424   0.03690   0.00990   0.07021   2.01113   1.17324  -0.04392   0.18640  
 17 1330.0671   2876.225226  x:  0.00000   0.01805   0.00000   0.00914   0.00000   0.00134   0.00000   0.00000   0.00000   0.00197   0.00000   0.00173   0.00000   0.00000   0.00149   0.00000   0.00834   0.00996   0.00722   0.01248   0.00374   0.01378   0.00875   0.02630   0.01315   0.00517   0.02382   0.03640   0.01080   0.07083   2.01146   1.17533  -0.04600   0.18328  
 18 670.7000   2874.835638  x:  0.00000   0.01950   0.00000   0.00631   0.00000   0.00118   0.00000   0.00000   0.00000   0.00104   0.00000   0.00165   0.00000   0.00000   0.00126   0.00000   0.00690   0.00801   0.00690   0.01446   0.00410   0.01360   0.00940   0.02261   0.01299   0.00621   0.02312   0.03295   0.01224   0.06985   2.01256   1.18169  -0.05233   0.16542  
 19 233.2956   2871.940646  x:  0.00000   0.02129   0.00000   0.00803   0.00000   0.00160   0.00000   0.00000   0.00000   0.00171   0.00000   0.00181   0.00000   0.00000   0.00116   0.00000   0.00463   0.00722   0.00746   0.01209   0.00596   0.01136   0.00586   0.01717   0.01427   0.00968   0.02122   0.02863   0.00876   0.07037   2.01519   1.19680  -0.06737   0.12056  
 20 989.4463   2862.688109  x:  0.00000   0.02332   0.00000   0.00702   0.00000   0.00204   0.00000   0.00000   0.00000   0.00094   0.00000   0.00134   0.00000   0.00000   0.00053   0.00000   0.00380   0.01160   0.00615   0.00450   0.00807   0.01386   0.00234   0.01960   0.01578   0.01221   0.02176   0.02917   0.00952   0.07514   2.02201   1.23596  -0.10637   0.00000  
 21 2261.4773   2862.655695  x:  0.00000   0.02325   0.00000   0.00696   0.00000   0.00208   0.00000   0.00000   0.00000   0.00089   0.00000   0.00131   0.00000   0.00000   0.00050   0.00000   0.00376   0.01187   0.00609   0.00477   0.00841   0.01374   0.00219   0.01993   0.01586   0.01227   0.02168   0.02947   0.00922   0.07572   2.02262   1.23930  -0.10969   0.00000  
 22 169.8308   2862.570087  x:  0.00000   0.02241   0.00000   0.00727   0.00000   0.00206   0.00000   0.00000   0.00000   0.00090   0.00000   0.00136   0.00000   0.00000   0.00047   0.00000   0.00358   0.01143   0.00611   0.00468   0.00831   0.01263   0.00219   0.02044   0.01591   0.01293   0.02109   0.03067   0.00969   0.07626   2.02409   1.24694  -0.11731   0.00000  
 23 187.7124   2862.329468  x:  0.00000   0.02320   0.00000   0.00710   0.00000   0.00203   0.00000   0.00000   0.00000   0.00096   0.00000   0.00152   0.00000   0.00000   0.00055   0.00000   0.00368   0.01094   0.00617   0.00470   0.00801   0.01300   0.00151   0.01904   0.01576   0.01288   0.02076   0.03230   0.00993   0.07717   2.02689   1.25985  -0.13023   0.00000  
 24 110.8596   2860.432638  x:  0.00000   0.02189   0.00000   0.00673   0.00000   0.00192   0.00000   0.00000   0.00000   0.00108   0.00000   0.00184   0.00000   0.00000   0.00071   0.00000   0.00263   0.01004   0.00693   0.00480   0.00747   0.01257   0.00101   0.02191   0.01449   0.01319   0.02329   0.02338   0.00991   0.07661   2.04768   1.35251  -0.22295   0.00000  
 25 516.4601   2858.464079  x:  0.00000   0.02421   0.00000   0.00516   0.00000   0.00195   0.00000   0.00000   0.00000   0.00151   0.00000   0.00128   0.00000   0.00000   0.00027   0.00000   0.00266   0.00937   0.00612   0.00485   0.00752   0.01258   0.00158   0.01853   0.01118   0.01286   0.02671   0.02485   0.00993   0.07876   2.07203   1.45008  -0.32001   0.00000  
 26 97.4838   2857.844437  x:  0.00597   0.02418   0.00000   0.00491   0.00000   0.00195   0.00000   0.00000   0.00000   0.00161   0.00000   0.00128   0.00000   0.00000   0.00030   0.00000   0.00227   0.00983   0.00631   0.00501   0.00738   0.01432   0.00172   0.01910   0.01095   0.01310   0.02233   0.02450   0.01002   0.07884   2.07422   1.45797  -0.32787   0.00000  
 27 262.8937   2857.705385  x:  0.00897   0.02394   0.00000   0.00512   0.00000   0.00196   0.00000   0.00000   0.00000   0.00153   0.00000   0.00128   0.00000   0.00000   0.00033   0.00000   0.00250   0.00964   0.00626   0.00492   0.00747   0.01347   0.00163   0.01909   0.01108   0.01300   0.02408   0.02454   0.00997   0.07877   2.07307   1.45140  -0.32133   0.00000  
 28 75.7551   2854.288754  x:  0.00728   0.02070   0.00000   0.00494   0.00000   0.00218   0.00000   0.00000   0.00000   0.00150   0.00000   0.00037   0.00000   0.00000   0.00069   0.00000   0.00401   0.00927   0.00608   0.00473   0.00808   0.01350   0.00198   0.02072   0.00557   0.01276   0.01913   0.02289   0.00992   0.08185   2.11565   1.55090  -0.42026   0.00000  
 29 76.9507   2853.182623  x:  0.01095   0.01845   0.00000   0.00559   0.00000   0.00218   0.00000   0.00000   0.00000   0.00150   0.00000   0.00088   0.00000   0.00000   0.00040   0.00000   0.00520   0.00835   0.00685   0.00467   0.00755   0.01431   0.00173   0.02228   0.00441   0.01218   0.01573   0.01977   0.01046   0.08201   2.12772   1.55253  -0.42163   0.00000  
 30  8.4503   2852.240370  x:  0.00848   0.01643   0.00000   0.00494   0.00000   0.00217   0.00000   0.00000   0.00000   0.00157   0.00000   0.00101   0.00000   0.00000   0.00051   0.00000   0.00493   0.00865   0.00643   0.00494   0.00742   0.01465   0.00186   0.02274   0.00203   0.01178   0.01761   0.02176   0.01056   0.07871   2.17434   1.55628  -0.42556   0.00000  
 31  2.4533   2849.828395  x:  0.00211   0.01049   0.00000   0.00309   0.00000   0.00235   0.00000   0.00000   0.00000   0.00176   0.00000   0.00150   0.00000   0.00000   0.00085   0.00000   0.00511   0.00829   0.00614   0.00570   0.00757   0.01655   0.00248   0.02525   0.00445   0.01062   0.02091   0.02602   0.01109   0.07503   2.34150   1.61270  -0.48256   0.00000  
 32 11.0718   2849.781599  x:  0.00184   0.01034   0.00000   0.00316   0.00000   0.00236   0.00000   0.00000   0.00000   0.00175   0.00000   0.00153   0.00000   0.00000   0.00086   0.00000   0.00511   0.00824   0.00617   0.00573   0.00758   0.01664   0.00253   0.02523   0.00452   0.01058   0.02108   0.02620   0.01110   0.07505   2.34884   1.61645  -0.48632   0.00515  
 33 12.2301   2849.248886  x:  0.00000   0.01062   0.00000   0.00524   0.00000   0.00248   0.00000   0.00000   0.00000   0.00142   0.00000   0.00174   0.00000   0.00000   0.00104   0.00000   0.00495   0.00764   0.00699   0.00590   0.00781   0.01742   0.00303   0.02357   0.00462   0.01034   0.02235   0.02720   0.01096   0.07733   2.39638   1.65704  -0.52687   0.00686  
 34 15.7009   2847.398568  x:  0.00239   0.01209   0.00000   0.00509   0.00000   0.00257   0.00000   0.00000   0.00000   0.00195   0.00000   0.00153   0.00000   0.00000   0.00093   0.00000   0.00543   0.00589   0.00839   0.00713   0.00782   0.01860   0.00299   0.02623   0.00449   0.01069   0.02418   0.02580   0.01335   0.08640   2.43441   1.57563  -0.44477   0.00000  
 35  1.4765   2845.409960  x:  0.00505   0.01532   0.00000   0.00582   0.00000   0.00180   0.00000   0.00000   0.00000   0.00239   0.00000   0.00167   0.00000   0.00000   0.00101   0.00000   0.00643   0.01156   0.00967   0.00949   0.00607   0.01692   0.00336   0.02562   0.00502   0.01014   0.02440   0.02294   0.01711   0.07825   2.40841   1.58195  -0.45135   0.00240  
 36  0.3709   2844.756670  x:  0.00653   0.01272   0.00000   0.00626   0.00000   0.00183   0.00000   0.00000   0.00000   0.00255   0.00000   0.00161   0.00000   0.00000   0.00099   0.00000   0.00678   0.01119   0.01006   0.01016   0.00594   0.01735   0.00345   0.02584   0.00485   0.00904   0.02505   0.02237   0.01784   0.07867   2.04715   1.57994  -0.44929   0.00103  
 37  1.5118   2844.357852  x:  0.00746   0.01256   0.00000   0.00624   0.00000   0.00190   0.00000   0.00000   0.00000   0.00269   0.00000   0.00168   0.00000   0.00000   0.00106   0.00000   0.00702   0.01090   0.01015   0.01064   0.00614   0.01712   0.00364   0.02561   0.00476   0.00859   0.02505   0.02192   0.01788   0.08026   2.08465   1.56897  -0.43822   0.00000  
 38  0.2053   2843.250782  x:  0.01066   0.01358   0.00000   0.00639   0.00000   0.00241   0.00000   0.00000   0.00000   0.00374   0.00000   0.00215   0.00000   0.00000   0.00154   0.00000   0.00875   0.00764   0.01023   0.01392   0.00608   0.01672   0.00480   0.02553   0.00430   0.00819   0.02594   0.02017   0.01784   0.08073   2.17385   1.50796  -0.37694   0.00000  
 39  0.1259   2843.141734  x:  0.00995   0.01400   0.00000   0.00603   0.00000   0.00256   0.00000   0.00000   0.00000   0.00383   0.00000   0.00236   0.00000   0.00000   0.00170   0.00000   0.00900   0.00816   0.01058   0.01423   0.00669   0.01675   0.00508   0.02540   0.00426   0.00841   0.02638   0.02065   0.01750   0.08301   2.14505   1.53534  -0.40420   0.00000  
 40  0.1192   2843.061897  x:  0.01038   0.01256   0.00000   0.00618   0.00000   0.00258   0.00000   0.00000   0.00000   0.00398   0.00000   0.00233   0.00000   0.00000   0.00170   0.00000   0.00938   0.00866   0.01098   0.01461   0.00659   0.01709   0.00508   0.02562   0.00414   0.00814   0.02660   0.02069   0.01750   0.08238   2.21220   1.53952  -0.40839   0.00000  
 41  0.1493   2843.032108  x:  0.01032   0.01291   0.00000   0.00606   0.00000   0.00251   0.00000   0.00000   0.00000   0.00416   0.00000   0.00238   0.00000   0.00000   0.00180   0.00000   0.00978   0.00881   0.01076   0.01506   0.00622   0.01709   0.00515   0.02550   0.00413   0.00768   0.02652   0.02039   0.01723   0.08212   2.19977   1.53814  -0.40696   0.00000  
 42  0.0086   2843.020971  x:  0.01056   0.01282   0.00000   0.00606   0.00000   0.00254   0.00000   0.00000   0.00000   0.00427   0.00000   0.00237   0.00000   0.00000   0.00183   0.00000   0.00996   0.00897   0.01058   0.01524   0.00629   0.01709   0.00511   0.02548   0.00413   0.00812   0.02645   0.02012   0.01714   0.08226   2.19498   1.53130  -0.40011   0.00000  
 43  0.0168   2843.008745  x:  0.01071   0.01278   0.00000   0.00600   0.00000   0.00249   0.00000   0.00000   0.00000   0.00431   0.00000   0.00228   0.00000   0.00000   0.00187   0.00000   0.01018   0.00877   0.01052   0.01518   0.00637   0.01726   0.00493   0.02546   0.00417   0.00817   0.02657   0.02035   0.01677   0.08127   2.19235   1.53800  -0.40683   0.00000  
 44  0.0045   2843.000710  x:  0.01067   0.01273   0.00000   0.00591   0.00000   0.00241   0.00000   0.00000   0.00000   0.00429   0.00000   0.00218   0.00000   0.00000   0.00189   0.00000   0.01026   0.00881   0.01061   0.01499   0.00644   0.01722   0.00475   0.02537   0.00416   0.00807   0.02660   0.02024   0.01670   0.08207   2.19255   1.53432  -0.40306   0.00000  
 45  0.0035   2842.996950  x:  0.01059   0.01281   0.00000   0.00605   0.00000   0.00236   0.00000   0.00000   0.00000   0.00427   0.00000   0.00214   0.00000   0.00000   0.00193   0.00000   0.01032   0.00876   0.01053   0.01493   0.00636   0.01713   0.00470   0.02536   0.00417   0.00816   0.02657   0.02012   0.01694   0.08222   2.19628   1.53740  -0.40609   0.00000  
 46  0.0036   2842.994334  x:  0.01069   0.01288   0.00000   0.00610   0.00000   0.00239   0.00000   0.00000   0.00000   0.00427   0.00000   0.00212   0.00000   0.00000   0.00200   0.00000   0.01039   0.00878   0.01065   0.01498   0.00645   0.01714   0.00474   0.02550   0.00414   0.00812   0.02669   0.02014   0.01709   0.08209   2.19462   1.53518  -0.40381   0.00000  
 47  0.0015   2842.992666  x:  0.01062   0.01278   0.00000   0.00605   0.00000   0.00240   0.00000   0.00000   0.00000   0.00424   0.00000   0.00211   0.00000   0.00000   0.00207   0.00000   0.01038   0.00876   0.01069   0.01493   0.00637   0.01709   0.00478   0.02535   0.00413   0.00813   0.02660   0.02024   0.01704   0.08199   2.19332   1.53583  -0.40442   0.00000  
 48  0.0007   2842.991943  x:  0.01045   0.01280   0.00000   0.00605   0.00000   0.00242   0.00000   0.00000   0.00000   0.00422   0.00000   0.00211   0.00000   0.00000   0.00210   0.00000   0.01033   0.00879   0.01060   0.01486   0.00639   0.01716   0.00478   0.02543   0.00415   0.00811   0.02659   0.02038   0.01699   0.08201   2.19472   1.53543  -0.40398   0.00000  
 49  0.0013   2842.991906  x:  0.01042   0.01281   0.00000   0.00605   0.00000   0.00242   0.00000   0.00000   0.00000   0.00422   0.00000   0.00211   0.00000   0.00000   0.00210   0.00000   0.01031   0.00880   0.01061   0.01486   0.00639   0.01715   0.00479   0.02543   0.00415   0.00812   0.02661   0.02042   0.01699   0.08202   2.19527   1.53541  -0.40394   0.00000  
 50  0.0004   2842.991880  x:  0.01037   0.01279   0.00000   0.00605   0.00000   0.00242   0.00000   0.00000   0.00000   0.00422   0.00000   0.00211   0.00000   0.00000   0.00211   0.00000   0.01030   0.00880   0.01060   0.01487   0.00639   0.01714   0.00478   0.02543   0.00415   0.00812   0.02664   0.02046   0.01698   0.08201   2.19477   1.53546  -0.40395   0.00000  
 51  0.0002   2842.991868  x:  0.01036   0.01281   0.00000   0.00605   0.00000   0.00242   0.00000   0.00000   0.00000   0.00422   0.00000   0.00211   0.00000   0.00000   0.00211   0.00000   0.01029   0.00879   0.01060   0.01488   0.00639   0.01715   0.00478   0.02543   0.00415   0.00812   0.02663   0.02047   0.01698   0.08202   2.19520   1.53551  -0.40393   0.00000  
 52  0.0002   2842.991866  x:  0.01036   0.01280   0.00000   0.00605   0.00000   0.00242   0.00000   0.00000   0.00000   0.00422   0.00000   0.00211   0.00000   0.00000   0.00211   0.00000   0.01029   0.00879   0.01061   0.01488   0.00639   0.01715   0.00478   0.02543   0.00415   0.00812   0.02662   0.02047   0.01699   0.08202   2.19503   1.53554  -0.40393   0.00000  
 53  0.0001   2842.991866  x:  0.01036   0.01280   0.00000   0.00605   0.00000   0.00242   0.00000   0.00000   0.00000   0.00422   0.00000   0.00211   0.00000   0.00000   0.00211   0.00000   0.01029   0.00879   0.01061   0.01488   0.00639   0.01715   0.00478   0.02543   0.00415   0.00812   0.02662   0.02047   0.01699   0.08202   2.19501   1.53555  -0.40392   0.00000  