

TREE # 1

  0  0.0000   3244.367230  x:  0.00000   0.00642   0.02040   0.01207   0.02135   0.02106   0.01123   0.01503   0.01954   0.00569   0.01634   0.00901   0.00820   0.00424   0.01051   0.01919   0.03023   0.01956   0.03192   0.02851   0.02272   0.02858   0.00998   0.03589   0.00501   0.02632   0.03845   0.04088   0.05055   0.06913   2.00000   1.09989   0.02896   0.27919   2.57308  
  1 99.0000   3223.091398  x:  0.00038   0.00428   0.01698   0.01144   0.01729   0.01729   0.00766   0.01223   0.01531   0.00144   0.01268   0.00581   0.00477   0.00000   0.00869   0.01559   0.02872   0.01920   0.03090   0.02829   0.01924   0.02802   0.00957   0.03667   0.00316   0.02355   0.03838   0.04126   0.04954   0.07045   2.00008   1.10001   0.02884   0.27798   2.57308  
  2 1523.5986   3218.678667  x:  0.00036   0.00470   0.01602   0.01151   0.01599   0.01615   0.00703   0.01180   0.01388   0.00000   0.01168   0.00556   0.00438   0.00000   0.00876   0.01461   0.02838   0.01913   0.03068   0.02822   0.01828   0.02788   0.00964   0.03673   0.00410   0.02285   0.03833   0.04124   0.04925   0.07068   2.00010   1.10006   0.02880   0.27769   2.57308  
  3 3895.6219   3208.374580  x:  0.00000   0.00635   0.01304   0.01199   0.01110   0.01236   0.00662   0.01139   0.00838   0.00000   0.00886   0.00657   0.00565   0.00000   0.00993   0.01161   0.02771   0.01905   0.03023   0.02799   0.01518   0.02761   0.00976   0.03648   0.00312   0.02092   0.03808   0.04088   0.04835   0.07101   2.00020   1.10024   0.02862   0.27691   2.57308  
  4 3746.2252   3208.374580  x:  0.00000   0.00635   0.01304   0.01199   0.01110   0.01236   0.00662   0.01139   0.00838   0.00000   0.00886   0.00657   0.00565   0.00000   0.00993   0.01161   0.02771   0.01905   0.03023   0.02799   0.01518   0.02761   0.00976   0.03648   0.00312   0.02092   0.03808   0.04088   0.04835   0.07101   2.00020   1.10024   0.02862   0.27691   2.57308  
  5 4234.6481   3186.379385  x:  0.00064   0.00235   0.00692   0.01084   0.00303   0.00548   0.00069   0.00646   0.00000   0.00000   0.00254   0.00096   0.00006   0.00000   0.00684   0.00502   0.02525   0.01841   0.02850   0.02758   0.00885   0.02665   0.00904   0.03776   0.00168   0.01611   0.03793   0.04152   0.04654   0.07321   2.00035   1.10048   0.02838   0.27478   2.57307  
  6 1270.2735   3185.395039  x:  0.00070   0.00202   0.00635   0.01074   0.00231   0.00485   0.00031   0.00603   0.00000   0.00000   0.00198   0.00056   0.00035   0.00000   0.00656   0.00444   0.02503   0.01835   0.02834   0.02754   0.00827   0.02656   0.00897   0.03787   0.00158   0.01567   0.03792   0.04157   0.04637   0.07341   2.00037   1.10051   0.02836   0.27458   2.57307  
  7 6346.7878   3182.753136  x:  0.00087   0.00118   0.00465   0.01045   0.00000   0.00295   0.00105   0.00473   0.00000   0.00000   0.00046   0.00026   0.00064   0.00000   0.00577   0.00266   0.02434   0.01818   0.02785   0.02742   0.00650   0.02629   0.00879   0.03822   0.00140   0.01432   0.03788   0.04174   0.04585   0.07403   2.00041   1.10058   0.02829   0.27397   2.57307  
  8 6590.8837   3182.192522  x:  0.00092   0.00098   0.00410   0.01036   0.00000   0.00235   0.00102   0.00432   0.00000   0.00000   0.00027   0.00059   0.00071   0.00000   0.00553   0.00209   0.02411   0.01812   0.02769   0.02739   0.00593   0.02620   0.00873   0.03834   0.00136   0.01388   0.03786   0.04180   0.04568   0.07423   2.00042   1.10060   0.02826   0.27377   2.57307  
  9 5835.2350   3181.237976  x:  0.00102   0.00074   0.00313   0.01020   0.00000   0.00131   0.00112   0.00361   0.00000   0.00000   0.00065   0.00071   0.00082   0.00000   0.00513   0.00113   0.02371   0.01801   0.02741   0.02732   0.00493   0.02604   0.00863   0.03854   0.00134   0.01309   0.03783   0.04189   0.04536   0.07459   2.00045   1.10065   0.02822   0.27340   2.57307  
 10 6814.5104   3180.479384  x:  0.00115   0.00206   0.00199   0.01003   0.00000   0.00080   0.00111   0.00294   0.00000   0.00000   0.00061   0.00070   0.00086   0.00000   0.00482   0.00093   0.02313   0.01787   0.02700   0.02721   0.00369   0.02580   0.00852   0.03883   0.00166   0.01197   0.03779   0.04202   0.04489   0.07513   2.00049   1.10071   0.02815   0.27284   2.57307  
 11 1270.8391   3179.856054  x:  0.00128   0.00214   0.00108   0.00987   0.00000   0.00145   0.00115   0.00251   0.00000   0.00000   0.00067   0.00074   0.00090   0.00000   0.00460   0.00131   0.02248   0.01771   0.02653   0.02709   0.00234   0.02554   0.00841   0.03916   0.00183   0.01072   0.03773   0.04216   0.04434   0.07576   2.00054   1.10080   0.02808   0.27218   2.57307  
 12 1176.5786   3179.260977  x:  0.00147   0.00221   0.00190   0.00974   0.00000   0.00139   0.00116   0.00281   0.00000   0.00000   0.00069   0.00076   0.00093   0.00000   0.00463   0.00154   0.02148   0.01746   0.02582   0.02689   0.00112   0.02513   0.00830   0.03965   0.00198   0.00890   0.03764   0.04235   0.04344   0.07676   2.00063   1.10093   0.02794   0.27106   2.57307  
 13 707.6814   3178.343245  x:  0.00187   0.00227   0.00202   0.00952   0.00000   0.00161   0.00118   0.00339   0.00000   0.00000   0.00072   0.00078   0.00099   0.00000   0.00489   0.00141   0.01935   0.01697   0.02427   0.02645   0.00208   0.02426   0.00813   0.04073   0.00207   0.00534   0.03743   0.04275   0.04143   0.07901   2.00082   1.10125   0.02763   0.26850   2.57306  
 14 866.3826   3177.585201  x:  0.00225   0.00198   0.00182   0.00973   0.00000   0.00084   0.00119   0.00332   0.00000   0.00000   0.00076   0.00081   0.00104   0.00000   0.00575   0.00251   0.01702   0.01651   0.02238   0.02589   0.00240   0.02321   0.00825   0.04217   0.00222   0.00641   0.03712   0.04313   0.03838   0.08247   2.00117   1.10182   0.02707   0.26399   2.57306  
 15 363.8979   3176.734128  x:  0.00268   0.00228   0.00221   0.01004   0.00000   0.00164   0.00118   0.00314   0.00000   0.00000   0.00075   0.00081   0.00115   0.00000   0.00639   0.00154   0.01450   0.01606   0.02022   0.02523   0.00241   0.02200   0.00844   0.04392   0.00214   0.00831   0.03674   0.04356   0.03458   0.08689   2.00163   1.10258   0.02633   0.25798   2.57305  
 16 1658.3928   3175.874756  x:  0.00271   0.00258   0.00191   0.01032   0.00000   0.00162   0.00124   0.00475   0.00000   0.00000   0.00081   0.00087   0.00122   0.00000   0.00436   0.00171   0.01622   0.01646   0.02018   0.02504   0.00239   0.02190   0.00862   0.04520   0.00113   0.00899   0.03646   0.04359   0.03141   0.09178   2.00231   1.10370   0.02524   0.24920   2.57303  
 17 380.2449   3175.111353  x:  0.00263   0.00232   0.00197   0.01056   0.00000   0.00168   0.00117   0.00524   0.00000   0.00000   0.00078   0.00084   0.00129   0.00000   0.00330   0.00162   0.01887   0.01709   0.02081   0.02500   0.00258   0.02215   0.00880   0.04641   0.00312   0.00929   0.03622   0.04350   0.02841   0.09728   2.00315   1.10509   0.02388   0.23836   2.57301  
 18 1484.4598   3173.047735  x:  0.00222   0.00240   0.00233   0.01084   0.00000   0.00179   0.00110   0.00346   0.00000   0.00000   0.00078   0.00083   0.00168   0.00000   0.00700   0.00160   0.02614   0.01881   0.02375   0.02538   0.00257   0.02361   0.00893   0.04872   0.00257   0.00863   0.03584   0.04310   0.02310   0.11078   2.00543   1.10891   0.02015   0.20866   2.57297  
 19 1628.0376   3166.640912  x:  0.00243   0.00289   0.00431   0.00975   0.00000   0.00215   0.00115   0.00076   0.00000   0.00000   0.00099   0.00100   0.00244   0.00000   0.00550   0.00282   0.02679   0.01864   0.02866   0.02785   0.00386   0.02712   0.00814   0.04965   0.00210   0.00961   0.03703   0.04331   0.03357   0.13642   2.01152   1.11926   0.01002   0.12842   2.57284  
 20 825.3214   3160.239659  x:  0.00267   0.00319   0.00404   0.00851   0.00000   0.00239   0.00106   0.00280   0.00000   0.00000   0.00106   0.00106   0.00323   0.00000   0.00686   0.00277   0.02713   0.01844   0.03449   0.03081   0.00392   0.03129   0.00732   0.05041   0.00262   0.01110   0.03855   0.04355   0.04628   0.16562   2.01865   1.13140  -0.00184   0.03444   2.57268  
 21 25019.4848   3159.288386  x:  0.00272   0.00319   0.00397   0.01246   0.00000   0.00237   0.00102   0.00259   0.00000   0.00000   0.00106   0.00105   0.00334   0.00000   0.00688   0.00276   0.02737   0.01923   0.03397   0.03063   0.00382   0.03075   0.01076   0.04910   0.00257   0.01060   0.03929   0.04359   0.04681   0.16620   2.01998   1.13369  -0.00409   0.01747   2.57265  
 22 601.6371   3158.320650  x:  0.00260   0.00324   0.00427   0.01082   0.00000   0.00240   0.00101   0.00225   0.00000   0.00000   0.00108   0.00107   0.00344   0.00000   0.00673   0.00296   0.02844   0.02024   0.03162   0.02949   0.00404   0.02875   0.00789   0.04628   0.00256   0.01081   0.04010   0.04348   0.04393   0.16060   2.02164   1.13635  -0.00667   0.00000   2.57261  
 23 278.2371   3158.320650  x:  0.00260   0.00324   0.00427   0.01082   0.00000   0.00240   0.00101   0.00225   0.00000   0.00000   0.00108   0.00107   0.00344   0.00000   0.00673   0.00296   0.02844   0.02024   0.03162   0.02949   0.00404   0.02875   0.00789   0.04628   0.00256   0.01081   0.04010   0.04348   0.04393   0.16060   2.02164   1.13635  -0.00667   0.00000   2.57261  
 24 85.7842   3156.982567  x:  0.00263   0.00344   0.00379   0.01087   0.00000   0.00231   0.00282   0.00384   0.00000   0.00000   0.00278   0.00280   0.00292   0.00000   0.00675   0.00259   0.02803   0.02009   0.03132   0.02940   0.00371   0.02858   0.00816   0.04622   0.00267   0.01055   0.04007   0.04351   0.04376   0.16009   2.02166   1.13636  -0.00668   0.00013   2.57261  
 25 1029.7846   3156.158138  x:  0.00275   0.00401   0.00226   0.01104   0.00000   0.00217   0.00210   0.00547   0.00000   0.00000   0.00245   0.00245   0.00150   0.00000   0.00681   0.00175   0.02647   0.01955   0.03019   0.02909   0.00269   0.02795   0.00900   0.04602   0.00293   0.00963   0.03996   0.04362   0.04311   0.15812   2.02174   1.13641  -0.00672   0.00066   2.57261  
 26 367.0784   3155.377324  x:  0.00295   0.00468   0.00145   0.01139   0.00000   0.00227   0.00200   0.00657   0.00000   0.00000   0.00216   0.00215   0.00315   0.00000   0.00687   0.00264   0.02334   0.01853   0.02793   0.02846   0.00178   0.02671   0.01017   0.04558   0.00307   0.00809   0.03972   0.04383   0.04176   0.15385   2.02190   1.13651  -0.00681   0.00170   2.57260  
 27 484.0359   3154.331730  x:  0.00326   0.00517   0.00368   0.01186   0.00000   0.00230   0.00205   0.00675   0.00000   0.00000   0.00204   0.00204   0.00296   0.00000   0.00689   0.00253   0.01834   0.01700   0.02429   0.02743   0.00256   0.02475   0.01143   0.04482   0.00308   0.00638   0.03931   0.04414   0.03945   0.14624   2.02221   1.13671  -0.00699   0.00344   2.57259  
 28 850.0991   3153.267658  x:  0.00347   0.00393   0.00237   0.01175   0.00000   0.00222   0.00231   0.00418   0.00000   0.00000   0.00265   0.00265   0.00233   0.00000   0.00674   0.00234   0.01483   0.01616   0.02125   0.02653   0.00273   0.02318   0.01107   0.04401   0.00283   0.00773   0.03887   0.04435   0.03707   0.13697   2.02259   1.13701  -0.00726   0.00523   2.57258  
 29 560.2433   3151.717477  x:  0.00345   0.00356   0.00293   0.01078   0.00000   0.00237   0.00315   0.00603   0.00000   0.00000   0.00161   0.00166   0.00271   0.00000   0.00652   0.00197   0.01653   0.01683   0.01964   0.02562   0.00233   0.02218   0.00808   0.04258   0.00267   0.01017   0.03802   0.04432   0.03340   0.11672   2.02348   1.13780  -0.00800   0.00815   2.57255  
 30 399.0717   3151.007199  x:  0.00336   0.00421   0.00296   0.01052   0.00000   0.00218   0.00163   0.00619   0.00000   0.00000   0.00252   0.00238   0.00262   0.00000   0.00654   0.00267   0.01795   0.01725   0.01984   0.02541   0.00273   0.02215   0.00763   0.04199   0.00275   0.01002   0.03765   0.04424   0.03213   0.10665   2.02394   1.13825  -0.00841   0.00942   2.57253  
 31 1023.8402   3150.344382  x:  0.00317   0.00467   0.00242   0.01074   0.00000   0.00218   0.00266   0.00471   0.00000   0.00000   0.00224   0.00233   0.00229   0.00000   0.00672   0.00244   0.01953   0.01763   0.02144   0.02560   0.00290   0.02283   0.00911   0.04162   0.00287   0.00809   0.03740   0.04405   0.03188   0.09608   2.02450   1.13883  -0.00896   0.01046   2.57251  
 32 640.0669   3150.231000  x:  0.00309   0.00394   0.00270   0.01094   0.00000   0.00228   0.00241   0.00472   0.00000   0.00000   0.00245   0.00239   0.00254   0.00000   0.00666   0.00200   0.01934   0.01754   0.02204   0.02582   0.00237   0.02317   0.00943   0.04171   0.00279   0.00795   0.03744   0.04396   0.03250   0.09415   2.02466   1.13903  -0.00914   0.01050   2.57250  
 33 200.9467   3150.144766  x:  0.00297   0.00343   0.00268   0.01116   0.00000   0.00216   0.00241   0.00511   0.00000   0.00000   0.00229   0.00233   0.00235   0.00000   0.00656   0.00250   0.01867   0.01731   0.02272   0.02615   0.00257   0.02364   0.00956   0.04195   0.00277   0.00822   0.03757   0.04385   0.03369   0.09246   2.02489   1.13932  -0.00942   0.01036   2.57250  
 34 161.3810   3150.094849  x:  0.00289   0.00386   0.00256   0.01121   0.00000   0.00227   0.00238   0.00522   0.00000   0.00000   0.00229   0.00230   0.00255   0.00000   0.00654   0.00223   0.01811   0.01713   0.02307   0.02640   0.00286   0.02393   0.00938   0.04219   0.00278   0.00854   0.03769   0.04377   0.03472   0.09142   2.02509   1.13960  -0.00969   0.01016   2.57249  
 35 143.2586   3150.078172  x:  0.00286   0.00412   0.00267   0.01112   0.00000   0.00217   0.00243   0.00511   0.00000   0.00000   0.00229   0.00231   0.00246   0.00000   0.00661   0.00231   0.01796   0.01710   0.02301   0.02647   0.00255   0.02395   0.00916   0.04234   0.00278   0.00854   0.03777   0.04373   0.03522   0.09108   2.02524   1.13980  -0.00988   0.00998   2.57248  
 36 64.0514   3150.064728  x:  0.00283   0.00402   0.00263   0.01091   0.00000   0.00238   0.00243   0.00509   0.00000   0.00000   0.00229   0.00233   0.00242   0.00000   0.00667   0.00234   0.01805   0.01715   0.02262   0.02646   0.00259   0.02380   0.00895   0.04256   0.00282   0.00827   0.03788   0.04371   0.03579   0.09079   2.02554   1.14021  -0.01026   0.00963   2.57247  
 37 39.4274   3150.056465  x:  0.00281   0.00394   0.00259   0.01083   0.00000   0.00217   0.00242   0.00510   0.00000   0.00000   0.00230   0.00231   0.00247   0.00000   0.00666   0.00227   0.01815   0.01719   0.02234   0.02643   0.00267   0.02367   0.00893   0.04269   0.00282   0.00816   0.03794   0.04369   0.03610   0.09063   2.02578   1.14054  -0.01058   0.00935   2.57247  
 38 75.8031   3150.040793  x:  0.00279   0.00402   0.00265   0.01098   0.00000   0.00223   0.00242   0.00510   0.00000   0.00000   0.00230   0.00232   0.00246   0.00000   0.00648   0.00230   0.01840   0.01726   0.02190   0.02627   0.00262   0.02338   0.00937   0.04291   0.00274   0.00845   0.03802   0.04367   0.03642   0.09035   2.02651   1.14153  -0.01152   0.00855   2.57244  
 39 43.0470   3149.996800  x:  0.00278   0.00396   0.00265   0.01146   0.00000   0.00221   0.00240   0.00511   0.00000   0.00000   0.00223   0.00238   0.00248   0.00000   0.00710   0.00228   0.01827   0.01713   0.02195   0.02584   0.00261   0.02306   0.00929   0.04308   0.00313   0.00852   0.03798   0.04366   0.03594   0.08977   2.02932   1.14531  -0.01512   0.00594   2.57234  
 40 50.8457   3149.949557  x:  0.00278   0.00398   0.00257   0.01154   0.00000   0.00223   0.00243   0.00514   0.00000   0.00000   0.00242   0.00214   0.00242   0.00000   0.00699   0.00230   0.01800   0.01698   0.02213   0.02554   0.00262   0.02292   0.00905   0.04310   0.00262   0.00831   0.03787   0.04365   0.03532   0.08924   2.03231   1.14931  -0.01892   0.00338   2.57224  
 41 307.3747   3149.922342  x:  0.00277   0.00398   0.00256   0.01128   0.00000   0.00219   0.00239   0.00514   0.00000   0.00000   0.00216   0.00242   0.00244   0.00000   0.00656   0.00225   0.01781   0.01690   0.02223   0.02549   0.00259   0.02296   0.00896   0.04302   0.00260   0.00818   0.03777   0.04364   0.03494   0.08897   2.03416   1.15176  -0.02125   0.00204   2.57217  
 42 309.9028   3149.905137  x:  0.00275   0.00398   0.00258   0.01094   0.00000   0.00221   0.00241   0.00513   0.00000   0.00000   0.00229   0.00227   0.00243   0.00000   0.00628   0.00227   0.01769   0.01688   0.02222   0.02559   0.00257   0.02307   0.00902   0.04285   0.00293   0.00818   0.03767   0.04362   0.03473   0.08883   2.03543   1.15342  -0.02282   0.00140   2.57213  
 43 199.4397   3149.868155  x:  0.00266   0.00398   0.00263   0.01021   0.00000   0.00220   0.00239   0.00519   0.00000   0.00000   0.00225   0.00229   0.00245   0.00000   0.00676   0.00228   0.01758   0.01690   0.02190   0.02619   0.00256   0.02351   0.00941   0.04215   0.00276   0.00835   0.03735   0.04354   0.03458   0.08869   2.03842   1.15721  -0.02642   0.00107   2.57203  
 44 114.9884   3149.732821  x:  0.00239   0.00399   0.00256   0.01150   0.00000   0.00220   0.00241   0.00513   0.00000   0.00000   0.00226   0.00229   0.00242   0.00000   0.00652   0.00226   0.01776   0.01699   0.02072   0.02783   0.00255   0.02432   0.00900   0.03959   0.00282   0.00811   0.03637   0.04326   0.03487   0.08857   2.05016   1.17183  -0.04025   0.00268   2.57161  
 45 178.1106   3148.717237  x:  0.00228   0.00394   0.00255   0.01049   0.00000   0.00218   0.00242   0.00504   0.00000   0.00000   0.00227   0.00230   0.00239   0.00000   0.00647   0.00224   0.01800   0.01609   0.02315   0.02536   0.00258   0.01980   0.00898   0.03339   0.00276   0.00829   0.03480   0.04316   0.03766   0.08877   2.13695   1.27893  -0.14156   0.02480   2.56857  
 46 390.3056   3146.926582  x:  0.00246   0.00396   0.00257   0.01074   0.00000   0.00217   0.00243   0.00501   0.00000   0.00000   0.00227   0.00230   0.00239   0.00000   0.00648   0.00224   0.01756   0.01821   0.02190   0.02290   0.00257   0.02455   0.00895   0.03864   0.00272   0.00826   0.03628   0.04333   0.03622   0.08901   2.29654   1.47560  -0.32756   0.06779   2.56295  
 47 1992.9289   3146.745390  x:  0.00239   0.00393   0.00256   0.01077   0.00000   0.00217   0.00244   0.00496   0.00000   0.00000   0.00228   0.00231   0.00239   0.00000   0.00647   0.00223   0.01811   0.01650   0.02211   0.02573   0.00259   0.02312   0.00888   0.04044   0.00269   0.00832   0.03692   0.04326   0.03533   0.08901   2.31298   1.49573  -0.34658   0.07226   2.56237  
 48 606.8724   3146.742105  x:  0.00236   0.00393   0.00256   0.01078   0.00000   0.00218   0.00244   0.00497   0.00000   0.00000   0.00228   0.00230   0.00239   0.00000   0.00647   0.00223   0.01799   0.01690   0.02219   0.02593   0.00259   0.02292   0.00889   0.04050   0.00269   0.00831   0.03696   0.04323   0.03528   0.08901   2.31336   1.49607  -0.34689   0.07233   2.56235  
 49 19.2489   3146.730056  x:  0.00176   0.00393   0.00256   0.01078   0.00000   0.00217   0.00244   0.00497   0.00000   0.00000   0.00228   0.00230   0.00239   0.00000   0.00647   0.00223   0.01798   0.01685   0.02217   0.02585   0.00259   0.02297   0.00889   0.04027   0.00269   0.00830   0.03783   0.04263   0.03516   0.08906   2.32193   1.49490  -0.34404   0.07191   2.56151  
 50  2.2109   3146.573377  x:  0.00355   0.00396   0.00255   0.01086   0.00000   0.00218   0.00243   0.00493   0.00000   0.00000   0.00228   0.00231   0.00237   0.00000   0.00650   0.00223   0.01813   0.01703   0.02230   0.02624   0.00257   0.02333   0.00892   0.03986   0.00267   0.00835   0.04031   0.04441   0.03521   0.08959   2.43777   1.47874  -0.30525   0.06609   2.55018  
 51 136.7671   3146.395348  x:  0.00245   0.00399   0.00253   0.01084   0.00000   0.00217   0.00242   0.00488   0.00000   0.00000   0.00228   0.00231   0.00235   0.00000   0.00648   0.00222   0.01821   0.01697   0.02247   0.02612   0.00255   0.02326   0.00893   0.04163   0.00266   0.00836   0.03708   0.04329   0.03538   0.09033   2.56657   1.46073  -0.26204   0.05988   2.53756  
 52 811.1562   3145.834588  x:  0.00231   0.00382   0.00245   0.01091   0.00000   0.00214   0.00221   0.00401   0.00000   0.00000   0.00230   0.00229   0.00208   0.00000   0.00653   0.00210   0.02010   0.01765   0.02486   0.02647   0.00271   0.02460   0.00896   0.04270   0.00264   0.00852   0.03797   0.04293   0.03804   0.09756   2.52143   1.76594  -0.10029   0.05728   2.30182  
 53  0.3993   3145.615095  x:  0.00218   0.00382   0.00257   0.01065   0.00000   0.00215   0.00194   0.00455   0.00000   0.00000   0.00207   0.00206   0.00212   0.00000   0.00644   0.00214   0.02004   0.01746   0.02437   0.02642   0.00272   0.02450   0.00865   0.04272   0.00262   0.00855   0.03737   0.04276   0.03629   0.09171   2.51513   2.18582   0.19363   0.05886   1.92444  
 54  0.3706   3145.479689  x:  0.00211   0.00389   0.00250   0.01077   0.00000   0.00217   0.00229   0.00403   0.00000   0.00000   0.00208   0.00211   0.00224   0.00000   0.00648   0.00218   0.01916   0.01711   0.02350   0.02638   0.00262   0.02403   0.00891   0.04202   0.00267   0.00849   0.03717   0.04277   0.03655   0.09312   2.50231   2.75620   0.67962   0.06573   1.31126  
 55  0.3705   3145.402658  x:  0.00214   0.00387   0.00251   0.01080   0.00000   0.00217   0.00224   0.00417   0.00000   0.00000   0.00213   0.00214   0.00222   0.00000   0.00648   0.00217   0.01920   0.01720   0.02361   0.02636   0.00265   0.02405   0.00892   0.04200   0.00265   0.00846   0.03732   0.04284   0.03676   0.09370   2.50720   2.97745   0.93624   0.06264   1.00000  
 56  0.5055   3145.349150  x:  0.00212   0.00384   0.00252   0.01075   0.00000   0.00214   0.00212   0.00440   0.00000   0.00000   0.00222   0.00221   0.00211   0.00000   0.00646   0.00213   0.01971   0.01747   0.02418   0.02637   0.00272   0.02431   0.00878   0.04229   0.00263   0.00851   0.03750   0.04298   0.03679   0.09337   2.51772   3.37728   1.44080   0.05812   1.00000  
 57  0.4897   3145.317428  x:  0.00194   0.00389   0.00255   0.01079   0.00000   0.00218   0.00224   0.00431   0.00000   0.00000   0.00207   0.00207   0.00227   0.00000   0.00652   0.00218   0.01957   0.01723   0.02402   0.02648   0.00264   0.02427   0.00894   0.04271   0.00268   0.00847   0.03746   0.04320   0.03664   0.09364   2.50645   4.67492   2.73105   0.05915   1.00000  
 58  0.3446   3145.306122  x:  0.00178   0.00383   0.00249   0.01075   0.00000   0.00215   0.00211   0.00423   0.00000   0.00000   0.00215   0.00215   0.00212   0.00000   0.00645   0.00214   0.01963   0.01740   0.02405   0.02641   0.00268   0.02432   0.00877   0.04241   0.00261   0.00852   0.03743   0.04327   0.03671   0.09319   2.51226   5.27246   3.31971   0.05950   1.00000  
 59  0.4874   3145.301289  x:  0.00161   0.00387   0.00255   0.01077   0.00000   0.00215   0.00214   0.00440   0.00000   0.00000   0.00215   0.00215   0.00217   0.00000   0.00649   0.00216   0.01965   0.01741   0.02409   0.02636   0.00271   0.02427   0.00883   0.04229   0.00266   0.00850   0.03747   0.04348   0.03678   0.09360   2.51478   6.17840   4.22469   0.05932   1.00000  
 60  0.4987   3145.299152  x:  0.00144   0.00385   0.00251   0.01076   0.00000   0.00216   0.00218   0.00428   0.00000   0.00000   0.00216   0.00216   0.00216   0.00000   0.00647   0.00214   0.01962   0.01736   0.02406   0.02640   0.00268   0.02426   0.00883   0.04237   0.00264   0.00851   0.03745   0.04365   0.03670   0.09333   2.51338   6.89820   4.94593   0.05897   1.00000  
 61  0.5487   3145.298153  x:  0.00121   0.00385   0.00251   0.01077   0.00000   0.00216   0.00214   0.00433   0.00000   0.00000   0.00216   0.00216   0.00215   0.00000   0.00647   0.00215   0.01962   0.01737   0.02407   0.02641   0.00268   0.02430   0.00883   0.04241   0.00263   0.00849   0.03744   0.04385   0.03673   0.09339   2.51209   7.72454   5.77015   0.05958   1.00000  
 62  0.5368   3145.297682  x:  0.00097   0.00386   0.00253   0.01076   0.00000   0.00215   0.00216   0.00431   0.00000   0.00000   0.00215   0.00215   0.00217   0.00000   0.00648   0.00215   0.01964   0.01739   0.02407   0.02639   0.00269   0.02429   0.00881   0.04239   0.00265   0.00852   0.03746   0.04412   0.03673   0.09340   2.51296   8.62218   6.67015   0.05916   1.00000  
 63  0.5456   3145.297482  x:  0.00071   0.00385   0.00252   0.01077   0.00000   0.00216   0.00215   0.00431   0.00000   0.00000   0.00215   0.00215   0.00215   0.00000   0.00647   0.00215   0.01962   0.01737   0.02406   0.02640   0.00268   0.02428   0.00884   0.04238   0.00263   0.00849   0.03745   0.04437   0.03673   0.09339   2.51297   9.42557   7.47245   0.05931   1.00000  
 64  0.4998   3145.297406  x:  0.00046   0.00385   0.00252   0.01076   0.00000   0.00215   0.00215   0.00431   0.00000   0.00000   0.00215   0.00215   0.00216   0.00000   0.00647   0.00215   0.01963   0.01738   0.02407   0.02640   0.00269   0.02428   0.00881   0.04238   0.00264   0.00851   0.03745   0.04462   0.03673   0.09340   2.51292  10.14814   8.19537   0.05929   1.00000  
 65  0.4679   3145.297365  x:  0.00009   0.00386   0.00252   0.01077   0.00000   0.00216   0.00215   0.00431   0.00000   0.00000   0.00215   0.00215   0.00216   0.00000   0.00647   0.00215   0.01963   0.01738   0.02407   0.02640   0.00268   0.02428   0.00883   0.04239   0.00264   0.00850   0.03745   0.04500   0.03673   0.09339   2.51290  11.18161   9.22882   0.05926   1.00000  
 66  0.5665   3145.297365  x:  0.00005   0.00386   0.00252   0.01077   0.00000   0.00216   0.00215   0.00431   0.00000   0.00000   0.00215   0.00215   0.00216   0.00000   0.00647   0.00215   0.01963   0.01738   0.02407   0.02640   0.00268   0.02428   0.00883   0.04239   0.00264   0.00850   0.03745   0.04504   0.03673   0.09339   2.51289  11.20078   9.24799   0.05926   1.00000  
 67 18.7342   3145.297365  x:  0.00005   0.00386   0.00252   0.01077   0.00000   0.00216   0.00215   0.00431   0.00000   0.00000   0.00215   0.00215   0.00216   0.00000   0.00647   0.00215   0.01963   0.01738   0.02407   0.02640   0.00268   0.02428   0.00883   0.04239   0.00264   0.00850   0.03745   0.04504   0.03673   0.09339   2.51289  11.20078   9.24799   0.05926   1.00000  
 68  0.3451   3145.297359  x:  0.00000   0.00385   0.00252   0.01076   0.00000   0.00216   0.00215   0.00431   0.00000   0.00000   0.00215   0.00215   0.00216   0.00000   0.00647   0.00215   0.01963   0.01738   0.02407   0.02640   0.00268   0.02428   0.00882   0.04239   0.00264   0.00850   0.03745   0.04508   0.03673   0.09339   2.51288  11.17184   9.21891   0.05928   1.00000  
 69  0.0585   3145.297359  x:  0.00000   0.00385   0.00252   0.01076   0.00000   0.00216   0.00215   0.00431   0.00000   0.00000   0.00215   0.00215   0.00216   0.00000   0.00647   0.00215   0.01963   0.01738   0.02407   0.02640   0.00268   0.02428   0.00882   0.04239   0.00264   0.00850   0.03745   0.04508   0.03673   0.09339   2.51289  11.17394   9.22102   0.05928   1.00000  
 70  0.0167   3145.297359  x:  0.00000   0.00385   0.00252   0.01076   0.00000   0.00216   0.00215   0.00431   0.00000   0.00000   0.00215   0.00215   0.00216   0.00000   0.00647   0.00215   0.01963   0.01738   0.02407   0.02640   0.00268   0.02428   0.00882   0.04239   0.00264   0.00850   0.03745   0.04507   0.03673   0.09339   2.51289  11.17417   9.22125   0.05928   1.00000  
 71 2170.2578   3145.297359  x:  0.00000   0.00385   0.00252   0.01076   0.00000   0.00216   0.00215   0.00431   0.00000   0.00000   0.00215   0.00215   0.00216   0.00000   0.00647   0.00215   0.01963   0.01738   0.02407   0.02640   0.00268   0.02428   0.00882   0.04239   0.00264   0.00850   0.03745   0.04508   0.03673   0.09340   2.51289  11.17320   9.22030   0.05928   1.00000  
 72  0.0052   3145.297359  x:  0.00000   0.00385   0.00252   0.01076   0.00000   0.00216   0.00215   0.00431   0.00000   0.00000   0.00215   0.00215   0.00216   0.00000   0.00647   0.00215   0.01963   0.01738   0.02407   0.02640   0.00268   0.02428   0.00882   0.04239   0.00264   0.00850   0.03745   0.04508   0.03673   0.09340   2.51290  11.17321   9.22033   0.05928   1.00000  
 73  0.0000   3145.297358  x:  0.00000   0.00385   0.00252   0.01076   0.00000   0.00216   0.00215   0.00431   0.00000   0.00000   0.00215   0.00215   0.00216   0.00000   0.00647   0.00215   0.01963   0.01738   0.02407   0.02640   0.00268   0.02428   0.00882   0.04239   0.00264   0.00850   0.03745   0.04508   0.03673   0.09340   2.51290  11.17644   9.22356   0.05928   1.00000  
 74  0.0006   3145.297358  x:  0.00000   0.00385   0.00252   0.01076   0.00000   0.00216   0.00215   0.00431   0.00000   0.00000   0.00215   0.00215   0.00216   0.00000   0.00647   0.00215   0.01963   0.01738   0.02407   0.02640   0.00268   0.02428   0.00882   0.04239   0.00264   0.00850   0.03745   0.04508   0.03673   0.09340   2.51290  11.17644   9.22356   0.05928   1.00000  
 75  0.0034   3145.297358  x:  0.00000   0.00385   0.00252   0.01076   0.00000   0.00216   0.00215   0.00431   0.00000   0.00000   0.00215   0.00215   0.00216   0.00000   0.00647   0.00215   0.01963   0.01738   0.02407   0.02640   0.00268   0.02428   0.00882   0.04239   0.00264   0.00850   0.03745   0.04508   0.03673   0.09340   2.51290  11.17644   9.22356   0.05928   1.00000  
check convergence!
