Supplemental results for CODEML (seqf: /Users/YY/Desktop/get/branch_site/modify/modify_trim_muscle_rps4.fa  treef: /Users/YY/Desktop/get/branch_site/16gene_topu.tree)


dN/dS (w) for site classes (K=4)

site class             0        1       2a       2b
proportion       0.99999  0.00000  0.00001  0.00000
background w     0.18617  1.00000  0.18617  1.00000
foreground w     0.18617  1.00000  1.00000  1.00000

Naive Empirical Bayes (NEB) probabilities for 4 classes
(amino acids refer to 1st sequence: NC_033344)

   1 M   0.99999 0.00000 0.00001 0.00000 ( 1)
   2 S   0.99999 0.00000 0.00001 0.00000 ( 1)
   3 R   0.99999 0.00000 0.00001 0.00000 ( 1)
   4 Y   0.99999 0.00000 0.00001 0.00000 ( 1)
   5 R   0.99999 0.00000 0.00001 0.00000 ( 1)
   6 G   0.99999 0.00000 0.00001 0.00000 ( 1)
   7 P   0.99999 0.00000 0.00001 0.00000 ( 1)
   8 R   0.99999 0.00000 0.00001 0.00000 ( 1)
   9 F   0.99999 0.00000 0.00001 0.00000 ( 1)
  10 K   0.99999 0.00000 0.00001 0.00000 ( 1)
  11 K   0.99999 0.00000 0.00001 0.00000 ( 1)
  12 I   0.99999 0.00000 0.00001 0.00000 ( 1)
  13 R   0.99999 0.00000 0.00001 0.00000 ( 1)
  14 R   0.99999 0.00000 0.00001 0.00000 ( 1)
  15 L   0.99999 0.00000 0.00001 0.00000 ( 1)
  16 G   0.99999 0.00000 0.00001 0.00000 ( 1)
  17 A   0.99999 0.00000 0.00001 0.00000 ( 1)
  18 L   0.99999 0.00000 0.00001 0.00000 ( 1)
  19 P   0.99999 0.00000 0.00001 0.00000 ( 1)
  20 G   0.99999 0.00000 0.00001 0.00000 ( 1)
  21 L   0.99999 0.00000 0.00001 0.00000 ( 1)
  22 T   0.99999 0.00000 0.00001 0.00000 ( 1)
  23 N   0.99999 0.00000 0.00001 0.00000 ( 1)
  24 K   0.99999 0.00000 0.00001 0.00000 ( 1)
  25 R   0.99999 0.00000 0.00001 0.00000 ( 1)
  26 P   0.99999 0.00000 0.00001 0.00000 ( 1)
  27 R   0.99999 0.00000 0.00001 0.00000 ( 1)
  28 A   0.99999 0.00000 0.00001 0.00000 ( 1)
  29 G   0.99999 0.00000 0.00001 0.00000 ( 1)
  30 S   0.99999 0.00000 0.00001 0.00000 ( 1)
  31 D   0.99999 0.00000 0.00001 0.00000 ( 1)
  32 L   0.99999 0.00000 0.00001 0.00000 ( 1)
  33 R   0.99999 0.00000 0.00001 0.00000 ( 1)
  34 N   0.99999 0.00000 0.00001 0.00000 ( 1)
  35 Q   0.99999 0.00000 0.00001 0.00000 ( 1)
  36 S   0.99999 0.00000 0.00001 0.00000 ( 1)
  37 R   0.99999 0.00000 0.00001 0.00000 ( 1)
  38 S   0.99999 0.00000 0.00001 0.00000 ( 1)
  39 G   0.99999 0.00000 0.00001 0.00000 ( 1)
  40 K   0.99999 0.00000 0.00001 0.00000 ( 1)
  41 K   0.99999 0.00000 0.00001 0.00000 ( 1)
  42 S   0.99999 0.00000 0.00001 0.00000 ( 1)
  43 Q   0.99999 0.00000 0.00001 0.00000 ( 1)
  44 Y   0.99999 0.00000 0.00001 0.00000 ( 1)
  45 R   0.99999 0.00000 0.00001 0.00000 ( 1)
  46 I   0.99999 0.00000 0.00001 0.00000 ( 1)
  47 R   0.99999 0.00000 0.00001 0.00000 ( 1)
  48 L   0.99999 0.00000 0.00001 0.00000 ( 1)
  49 E   0.99999 0.00000 0.00001 0.00000 ( 1)
  50 E   0.99999 0.00000 0.00001 0.00000 ( 1)
  51 K   0.99999 0.00000 0.00001 0.00000 ( 1)
  52 Q   0.99999 0.00000 0.00001 0.00000 ( 1)
  53 K   0.99999 0.00000 0.00001 0.00000 ( 1)
  54 L   0.99999 0.00000 0.00001 0.00000 ( 1)
  55 R   0.99999 0.00000 0.00001 0.00000 ( 1)
  56 F   0.99999 0.00000 0.00001 0.00000 ( 1)
  57 H   0.99999 0.00000 0.00001 0.00000 ( 1)
  58 Y   0.99999 0.00000 0.00001 0.00000 ( 1)
  59 G   0.99999 0.00000 0.00001 0.00000 ( 1)
  60 L   0.99999 0.00000 0.00001 0.00000 ( 1)
  61 T   0.99999 0.00000 0.00001 0.00000 ( 1)
  62 E   0.99999 0.00000 0.00001 0.00000 ( 1)
  63 R   0.99999 0.00000 0.00001 0.00000 ( 1)
  64 Q   0.99999 0.00000 0.00001 0.00000 ( 1)
  65 L   0.99999 0.00000 0.00001 0.00000 ( 1)
  66 L   0.99999 0.00000 0.00001 0.00000 ( 1)
  67 K   0.99999 0.00000 0.00001 0.00000 ( 1)
  68 Y   0.99999 0.00000 0.00001 0.00000 ( 1)
  69 V   0.99999 0.00000 0.00001 0.00000 ( 1)
  70 R   0.99999 0.00000 0.00001 0.00000 ( 1)
  71 I   0.99999 0.00000 0.00001 0.00000 ( 1)
  72 A   0.99999 0.00000 0.00001 0.00000 ( 1)
  73 G   0.99999 0.00000 0.00001 0.00000 ( 1)
  74 K   0.99999 0.00000 0.00001 0.00000 ( 1)
  75 A   0.99999 0.00000 0.00001 0.00000 ( 1)
  76 K   0.99999 0.00000 0.00001 0.00000 ( 1)
  77 G   0.99999 0.00000 0.00001 0.00000 ( 1)
  78 S   0.99999 0.00000 0.00001 0.00000 ( 1)
  79 T   0.99999 0.00000 0.00001 0.00000 ( 1)
  80 G   0.99999 0.00000 0.00001 0.00000 ( 1)
  81 Q   0.99999 0.00000 0.00001 0.00000 ( 1)
  82 V   0.99999 0.00000 0.00001 0.00000 ( 1)
  83 L   0.99999 0.00000 0.00001 0.00000 ( 1)
  84 L   0.99999 0.00000 0.00001 0.00000 ( 1)
  85 Q   0.99999 0.00000 0.00001 0.00000 ( 1)
  86 L   0.99999 0.00000 0.00001 0.00000 ( 1)
  87 L   0.99999 0.00000 0.00001 0.00000 ( 1)
  88 E   0.99999 0.00000 0.00001 0.00000 ( 1)
  89 M   0.99999 0.00000 0.00001 0.00000 ( 1)
  90 R   0.99999 0.00000 0.00001 0.00000 ( 1)
  91 L   0.99999 0.00000 0.00001 0.00000 ( 1)
  92 D   0.99999 0.00000 0.00001 0.00000 ( 1)
  93 N   0.99999 0.00000 0.00001 0.00000 ( 1)
  94 I   0.99999 0.00000 0.00001 0.00000 ( 1)
  95 L   0.99999 0.00000 0.00001 0.00000 ( 1)
  96 F   0.99999 0.00000 0.00001 0.00000 ( 1)
  97 R   0.99999 0.00000 0.00001 0.00000 ( 1)
  98 L   0.99999 0.00000 0.00001 0.00000 ( 1)
  99 G   0.99999 0.00000 0.00001 0.00000 ( 1)
 100 M   0.99999 0.00000 0.00001 0.00000 ( 1)
 101 A   0.99999 0.00000 0.00001 0.00000 ( 1)
 102 P   0.99999 0.00000 0.00001 0.00000 ( 1)
 103 T   0.99999 0.00000 0.00001 0.00000 ( 1)
 104 I   0.99999 0.00000 0.00001 0.00000 ( 1)
 105 P   0.99999 0.00000 0.00001 0.00000 ( 1)
 106 G   0.99999 0.00000 0.00001 0.00000 ( 1)
 107 A   0.99999 0.00000 0.00001 0.00000 ( 1)
 108 R   0.99999 0.00000 0.00001 0.00000 ( 1)
 109 Q   0.99999 0.00000 0.00001 0.00000 ( 1)
 110 L   0.99999 0.00000 0.00001 0.00000 ( 1)
 111 V   0.99999 0.00000 0.00001 0.00000 ( 1)
 112 N   0.99999 0.00000 0.00001 0.00000 ( 1)
 113 H   0.99999 0.00000 0.00001 0.00000 ( 1)
 114 R   0.99999 0.00000 0.00001 0.00000 ( 1)
 115 H   0.99999 0.00000 0.00001 0.00000 ( 1)
 116 I   0.99999 0.00000 0.00001 0.00000 ( 1)
 117 L   0.99999 0.00000 0.00001 0.00000 ( 1)
 118 V   0.99999 0.00000 0.00001 0.00000 ( 1)
 119 N   0.99999 0.00000 0.00001 0.00000 ( 1)
 120 G   0.99999 0.00000 0.00001 0.00000 ( 1)
 121 R   0.99999 0.00000 0.00001 0.00000 ( 1)
 122 I   0.99999 0.00000 0.00001 0.00000 ( 1)
 123 V   0.99999 0.00000 0.00001 0.00000 ( 1)
 124 D   0.99999 0.00000 0.00001 0.00000 ( 1)
 125 I   0.99999 0.00000 0.00001 0.00000 ( 1)
 126 P   0.99999 0.00000 0.00001 0.00000 ( 1)
 127 S   0.99999 0.00000 0.00001 0.00000 ( 1)
 128 Y   0.99999 0.00000 0.00001 0.00000 ( 1)
 129 R   0.99999 0.00000 0.00001 0.00000 ( 1)
 130 C   0.99999 0.00000 0.00001 0.00000 ( 1)
 131 K   0.99999 0.00000 0.00001 0.00000 ( 1)
 132 P   0.99999 0.00000 0.00001 0.00000 ( 1)
 133 R   0.99999 0.00000 0.00001 0.00000 ( 1)
 134 D   0.99999 0.00000 0.00001 0.00000 ( 1)
 135 I   0.99999 0.00000 0.00001 0.00000 ( 1)
 136 I   0.99999 0.00000 0.00001 0.00000 ( 1)
 137 T   0.99999 0.00000 0.00001 0.00000 ( 1)
 138 A   0.99999 0.00000 0.00001 0.00000 ( 1)
 139 R   0.99999 0.00000 0.00001 0.00000 ( 1)
 140 D   0.99999 0.00000 0.00001 0.00000 ( 1)
 141 E   0.99999 0.00000 0.00001 0.00000 ( 1)
 142 Q   0.99999 0.00000 0.00001 0.00000 ( 1)
 143 N   0.99999 0.00000 0.00001 0.00000 ( 1)
 144 S   0.99999 0.00000 0.00001 0.00000 ( 1)
 145 R   0.99999 0.00000 0.00001 0.00000 ( 1)
 146 A   0.99999 0.00000 0.00001 0.00000 ( 1)
 147 L   0.99999 0.00000 0.00001 0.00000 ( 1)
 148 I   0.99999 0.00000 0.00001 0.00000 ( 1)
 149 Q   0.99999 0.00000 0.00001 0.00000 ( 1)
 150 N   0.99999 0.00000 0.00001 0.00000 ( 1)
 151 Y   0.99999 0.00000 0.00001 0.00000 ( 1)
 152 F   0.99999 0.00000 0.00001 0.00000 ( 1)
 153 D   0.99999 0.00000 0.00001 0.00000 ( 1)
 154 S   0.99999 0.00000 0.00001 0.00000 ( 1)
 155 S   0.99999 0.00000 0.00001 0.00000 ( 1)
 156 S   0.99999 0.00000 0.00001 0.00000 ( 1)
 157 Q   0.99999 0.00000 0.00001 0.00000 ( 1)
 158 D   0.99999 0.00000 0.00001 0.00000 ( 1)
 159 E   0.99999 0.00000 0.00001 0.00000 ( 1)
 160 M   0.99999 0.00000 0.00001 0.00000 ( 1)
 161 P   0.99999 0.00000 0.00001 0.00000 ( 1)
 162 K   0.99999 0.00000 0.00001 0.00000 ( 1)
 163 H   0.99999 0.00000 0.00001 0.00000 ( 1)
 164 L   0.99999 0.00000 0.00001 0.00000 ( 1)
 165 T   0.99999 0.00000 0.00001 0.00000 ( 1)
 166 L   0.99999 0.00000 0.00001 0.00000 ( 1)
 167 Q   0.99999 0.00000 0.00001 0.00000 ( 1)
 168 P   0.99999 0.00000 0.00001 0.00000 ( 1)
 169 F   0.99999 0.00000 0.00001 0.00000 ( 1)
 170 Q   0.99999 0.00000 0.00001 0.00000 ( 1)
 171 Y   0.99999 0.00000 0.00001 0.00000 ( 1)
 172 K   0.99999 0.00000 0.00001 0.00000 ( 1)
 173 G   0.99999 0.00000 0.00001 0.00000 ( 1)
 174 L   0.99999 0.00000 0.00001 0.00000 ( 1)
 175 V   0.99999 0.00000 0.00001 0.00000 ( 1)
 176 N   0.99999 0.00000 0.00001 0.00000 ( 1)
 177 Q   0.99999 0.00000 0.00001 0.00000 ( 1)
 178 I   0.99999 0.00000 0.00001 0.00000 ( 1)
 179 I   0.99999 0.00000 0.00001 0.00000 ( 1)
 180 D   0.99999 0.00000 0.00001 0.00000 ( 1)
 181 S   0.99999 0.00000 0.00001 0.00000 ( 1)
 182 K   0.99999 0.00000 0.00001 0.00000 ( 1)
 183 W   0.99999 0.00000 0.00001 0.00000 ( 1)
 184 V   0.99999 0.00000 0.00001 0.00000 ( 1)
 185 G   0.99999 0.00000 0.00001 0.00000 ( 1)
 186 L   0.99999 0.00000 0.00001 0.00000 ( 1)
 187 K   0.99999 0.00000 0.00001 0.00000 ( 1)
 188 I   0.99999 0.00000 0.00001 0.00000 ( 1)
 189 N   0.99999 0.00000 0.00001 0.00000 ( 1)
 190 E   0.99999 0.00000 0.00001 0.00000 ( 1)
 191 L   0.99999 0.00000 0.00001 0.00000 ( 1)
 192 L   0.99999 0.00000 0.00001 0.00000 ( 1)
 193 V   0.99999 0.00000 0.00001 0.00000 ( 1)
 194 V   0.99999 0.00000 0.00001 0.00000 ( 1)
 195 E   0.99999 0.00000 0.00001 0.00000 ( 1)
 196 Y   0.99999 0.00000 0.00001 0.00000 ( 1)
 197 Y   0.99999 0.00000 0.00001 0.00000 ( 1)
 198 S   0.99999 0.00000 0.00001 0.00000 ( 1)
 199 R   0.99999 0.00000 0.00001 0.00000 ( 1)
 200 Q   0.99999 0.00000 0.00001 0.00000 ( 1)
 201 T   0.99999 0.00000 0.00001 0.00000 ( 1)


lnL = -1052.693489

