

TREE # 1

  0  0.0000   1160.044028  x:  0.00000   0.01349   0.04172   0.01361   0.04837   0.04787   0.02353   0.02785   0.04750   0.01382   0.03573   0.01785   0.01676   0.01144   0.01630   0.04274   0.04206   0.02630   0.03992   0.03167   0.05253   0.03099   0.00871   0.02383   0.00692   0.05404   0.03677   0.04088   0.05949   0.02402   2.00000   1.09989   0.02896   0.27919  
  1 99.0000   1160.035300  x:  0.00000   0.01348   0.04172   0.01360   0.04837   0.04787   0.02353   0.02785   0.04749   0.01382   0.03572   0.01785   0.01676   0.01144   0.01629   0.04274   0.04205   0.02630   0.03992   0.03167   0.05253   0.03099   0.00871   0.02383   0.00691   0.05404   0.03677   0.04088   0.05949   0.02402   2.00000   1.09989   0.02896   0.27919  
  2 783.8727   1135.602695  x:  0.00000   0.00918   0.03485   0.00672   0.04150   0.04099   0.01634   0.02093   0.04060   0.00688   0.02882   0.01092   0.00983   0.00455   0.01160   0.03586   0.03606   0.02383   0.03496   0.02846   0.04643   0.02654   0.00180   0.02359   0.00000   0.04859   0.03302   0.03854   0.05452   0.02663   2.00002   1.09990   0.02896   0.27689  
  3 3916248.0381   1129.624930  x:  0.00000   0.00922   0.03306   0.00492   0.03970   0.03919   0.01444   0.01913   0.03881   0.00507   0.02702   0.00912   0.00802   0.00276   0.01121   0.03406   0.03451   0.02317   0.03366   0.02761   0.04485   0.02543   0.00000   0.02350   0.00000   0.04715   0.03201   0.03681   0.05319   0.02782   2.00001   1.09985   0.02901   0.27570  
  4 11002.1452   1121.283061  x:  0.00000   0.00745   0.03033   0.00218   0.03697   0.03646   0.01155   0.01638   0.03607   0.00231   0.02427   0.00636   0.00527   0.00000   0.01114   0.03128   0.03244   0.02288   0.03217   0.02692   0.04255   0.02459   0.00000   0.02340   0.00000   0.04516   0.03103   0.03404   0.05131   0.02800   1.99998   1.09966   0.02921   0.27254  
  5 7014.2067   1115.238085  x:  0.00000   0.00721   0.02816   0.00000   0.03480   0.03428   0.00924   0.01419   0.03389   0.00012   0.02209   0.00417   0.00308   0.00000   0.00995   0.02905   0.03103   0.02259   0.03127   0.02652   0.04085   0.02414   0.00000   0.02335   0.00000   0.04377   0.03048   0.03323   0.04998   0.02839   1.99995   1.09946   0.02942   0.26947  
  6 9009.9078   1114.937767  x:  0.00000   0.00718   0.02804   0.00000   0.03468   0.03416   0.00912   0.01407   0.03377   0.00000   0.02197   0.00405   0.00296   0.00000   0.00993   0.02893   0.03096   0.02256   0.03122   0.02650   0.04076   0.02411   0.00000   0.02335   0.00000   0.04370   0.03044   0.03322   0.04992   0.02843   1.99995   1.09945   0.02943   0.26930  
  7 25524.9173   1108.370752  x:  0.00000   0.00686   0.02514   0.00000   0.03176   0.03123   0.00600   0.01113   0.03085   0.00000   0.01903   0.00109   0.00000   0.00000   0.00930   0.02601   0.03003   0.02210   0.03031   0.02540   0.03936   0.02255   0.00000   0.02332   0.00000   0.04277   0.02936   0.03246   0.04898   0.02858   1.99990   1.09919   0.02970   0.26552  
  8 6755.4833   1106.219976  x:  0.00000   0.00671   0.02407   0.00000   0.03068   0.03015   0.00485   0.01004   0.02977   0.00000   0.01795   0.00000   0.00000   0.00000   0.00906   0.02494   0.02968   0.02201   0.02998   0.02530   0.03888   0.02236   0.00000   0.02327   0.00000   0.04242   0.02912   0.03214   0.04864   0.02885   1.99988   1.09910   0.02979   0.26427  
  9 19665.7846   1097.746442  x:  0.00000   0.00632   0.01963   0.00000   0.02623   0.02561   0.00000   0.00550   0.02525   0.00000   0.01342   0.00000   0.00000   0.00000   0.00841   0.02050   0.02746   0.02059   0.02845   0.02401   0.03654   0.02204   0.00000   0.02389   0.00000   0.04017   0.02851   0.03123   0.04655   0.02917   1.99981   1.09871   0.03019   0.25861  
 10 10390.4036   1088.552065  x:  0.00000   0.00591   0.01428   0.00000   0.02085   0.02011   0.00000   0.00000   0.01980   0.00000   0.00794   0.00000   0.00000   0.00000   0.00773   0.01515   0.02467   0.02080   0.02689   0.02291   0.03355   0.02057   0.00000   0.02301   0.00000   0.03731   0.02742   0.03052   0.04388   0.02981   1.99972   1.09824   0.03066   0.25173  
 11 13924.5093   1077.749203  x:  0.00000   0.00523   0.00651   0.00000   0.01306   0.01215   0.00000   0.00000   0.01189   0.00000   0.00000   0.00000   0.00000   0.00000   0.00674   0.00736   0.02283   0.01973   0.02608   0.02402   0.02978   0.01779   0.00000   0.02416   0.00000   0.03513   0.02518   0.02919   0.04145   0.03084   1.99962   1.09767   0.03126   0.24329  
 12 6193.6561   1070.481860  x:  0.00000   0.00467   0.00000   0.00000   0.00652   0.00548   0.00000   0.00000   0.00528   0.00000   0.00000   0.00000   0.00000   0.00000   0.00587   0.00082   0.02239   0.01891   0.02520   0.02252   0.02733   0.01738   0.00000   0.02357   0.00000   0.03439   0.02401   0.02802   0.04031   0.03170   1.99955   1.09725   0.03171   0.23691  
 13 6328.3552   1069.727733  x:  0.00000   0.00463   0.00000   0.00000   0.00570   0.00465   0.00000   0.00000   0.00446   0.00000   0.00000   0.00000   0.00000   0.00000   0.00581   0.00000   0.02224   0.01899   0.02489   0.02242   0.02715   0.01728   0.00000   0.02368   0.00000   0.03425   0.02399   0.02794   0.04018   0.03179   1.99954   1.09720   0.03177   0.23605  
 14 4030.0652   1066.432127  x:  0.00000   0.00450   0.00000   0.00000   0.00126   0.00015   0.00000   0.00000   0.00000   0.00000   0.00000   0.00000   0.00000   0.00000   0.00558   0.00000   0.02118   0.01837   0.02377   0.02251   0.02637   0.01676   0.00000   0.02318   0.00000   0.03329   0.02350   0.02749   0.03932   0.03190   1.99949   1.09691   0.03209   0.23120  
 15 6236.7121   1066.356787  x:  0.00000   0.00450   0.00000   0.00000   0.00111   0.00000   0.00000   0.00000   0.00000   0.00000   0.00000   0.00000   0.00000   0.00000   0.00557   0.00000   0.02115   0.01837   0.02380   0.02249   0.02634   0.01676   0.00000   0.02319   0.00000   0.03325   0.02347   0.02748   0.03928   0.03192   1.99949   1.09691   0.03209   0.23106  
 16 2616.7158   1066.059931  x:  0.00000   0.00448   0.00000   0.00000   0.00000   0.00000   0.00000   0.00000   0.00000   0.00000   0.00000   0.00000   0.00000   0.00000   0.00553   0.00000   0.02122   0.01833   0.02383   0.02244   0.02593   0.01660   0.00000   0.02317   0.00000   0.03318   0.02369   0.02739   0.03910   0.03197   1.99948   1.09688   0.03212   0.23045  
 17 668.8392   1063.331829  x:  0.00000   0.00514   0.00000   0.00000   0.00000   0.00000   0.00000   0.00000   0.00000   0.00000   0.00000   0.00000   0.00000   0.00000   0.00601   0.00000   0.02652   0.01874   0.01428   0.02329   0.00547   0.01876   0.00000   0.02305   0.00000   0.03507   0.01699   0.02803   0.03493   0.03114   1.99960   1.09684   0.03226   0.21645  
 18 187.1544   1061.057485  x:  0.00000   0.00446   0.00000   0.00000   0.00000   0.00000   0.00000   0.00000   0.00000   0.00000   0.00000   0.00000   0.00000   0.00000   0.00496   0.00000   0.02476   0.01797   0.00594   0.02227   0.01045   0.01791   0.00000   0.02276   0.00000   0.03011   0.01285   0.02755   0.01604   0.03196   2.00078   1.09885   0.03041   0.20336  
 19 38.1660   1058.666712  x:  0.00000   0.00402   0.00000   0.00000   0.00000   0.00000   0.00000   0.00000   0.00000   0.00000   0.00000   0.00000   0.00000   0.00000   0.00410   0.00000   0.00555   0.01697   0.00376   0.02119   0.00907   0.01657   0.00000   0.02232   0.00000   0.02401   0.01313   0.02658   0.02192   0.03220   2.00238   1.10200   0.02742   0.19874  
 20 67.4552   1057.521613  x:  0.00000   0.00451   0.00000   0.00000   0.00000   0.00000   0.00000   0.00000   0.00000   0.00000   0.00000   0.00000   0.00000   0.00000   0.00459   0.00000   0.00595   0.01702   0.00421   0.02165   0.00862   0.01689   0.00000   0.02185   0.00000   0.00977   0.01353   0.02707   0.02083   0.03125   2.00381   1.10520   0.02434   0.20324  
 21 38.7627   1057.128770  x:  0.00000   0.00483   0.00000   0.00000   0.00000   0.00000   0.00000   0.00000   0.00000   0.00000   0.00000   0.00000   0.00000   0.00000   0.00496   0.00000   0.00309   0.01710   0.00528   0.02192   0.00814   0.01710   0.00000   0.02162   0.00000   0.01038   0.01411   0.02741   0.01656   0.03078   2.00452   1.10682   0.02277   0.20590  
 22 58.0265   1056.404003  x:  0.00000   0.00576   0.00000   0.00000   0.00000   0.00000   0.00000   0.00000   0.00000   0.00000   0.00000   0.00000   0.00000   0.00000   0.00713   0.00000   0.00288   0.01638   0.00600   0.01763   0.00948   0.01209   0.00000   0.02091   0.00000   0.01081   0.00957   0.02832   0.02005   0.03039   2.01826   1.13400  -0.00424   0.13945  
 23  9.0804   1055.926113  x:  0.00000   0.00728   0.00000   0.00000   0.00000   0.00000   0.00000   0.00000   0.00000   0.00000   0.00000   0.00000   0.00000   0.00000   0.00831   0.00000   0.00316   0.01687   0.00571   0.01705   0.01009   0.01490   0.00000   0.02119   0.00000   0.01157   0.01146   0.02799   0.02009   0.02928   2.03686   1.17239  -0.04282   0.06870  
 24 11.6025   1055.295647  x:  0.00000   0.00619   0.00000   0.00000   0.00000   0.00000   0.00000   0.00000   0.00000   0.00000   0.00000   0.00000   0.00000   0.00000   0.00600   0.00000   0.00382   0.01637   0.00623   0.01181   0.00843   0.01248   0.00000   0.02217   0.00000   0.01131   0.01224   0.03634   0.01650   0.02606   2.10157   1.29171  -0.16214   0.08827  
 25  4.7840   1054.030134  x:  0.00000   0.00597   0.00000   0.00000   0.00000   0.00000   0.00000   0.00000   0.00000   0.00000   0.00000   0.00000   0.00000   0.00000   0.00298   0.00000   0.00485   0.01587   0.00770   0.01328   0.00570   0.00954   0.00000   0.02230   0.00000   0.01067   0.01031   0.02428   0.01233   0.02800   2.25359   1.56433  -0.43454   0.12217  
 26 11.4633   1053.813683  x:  0.00000   0.00528   0.00000   0.00000   0.00000   0.00000   0.00000   0.00000   0.00000   0.00000   0.00000   0.00000   0.00000   0.00000   0.00483   0.00000   0.00512   0.01537   0.00748   0.01271   0.00488   0.00828   0.00000   0.02208   0.00000   0.01071   0.01117   0.02250   0.01067   0.02997   2.28732   1.62421  -0.49437   0.13961  
 27 11.3143   1053.787556  x:  0.00269   0.00520   0.00000   0.00000   0.00000   0.00000   0.00000   0.00000   0.00000   0.00000   0.00000   0.00000   0.00000   0.00000   0.00500   0.00000   0.00515   0.01533   0.00747   0.01267   0.00481   0.00817   0.00000   0.02205   0.00000   0.01071   0.01125   0.02237   0.01052   0.03016   2.29047   1.62981  -0.49996   0.14107  
 28 64.9345   1053.714524  x:  0.00067   0.00394   0.00000   0.00000   0.00000   0.00000   0.00000   0.00000   0.00000   0.00000   0.00000   0.00000   0.00000   0.00000   0.00499   0.00000   0.00516   0.01495   0.00776   0.01389   0.00480   0.00846   0.00000   0.02136   0.00000   0.01058   0.01096   0.02431   0.01062   0.03126   2.30445   1.65481  -0.52491   0.13477  
 29  2.5523   1053.659205  x:  0.00000   0.00414   0.00000   0.00000   0.00000   0.00000   0.00000   0.00000   0.00000   0.00000   0.00000   0.00000   0.00000   0.00000   0.00489   0.00000   0.00519   0.01489   0.00781   0.01421   0.00485   0.00831   0.00000   0.02062   0.00000   0.01060   0.01119   0.02495   0.01072   0.03185   2.31351   1.67057  -0.54059   0.13762  
 30  1.2840   1053.571423  x:  0.00168   0.00408   0.00000   0.00000   0.00000   0.00000   0.00000   0.00000   0.00000   0.00000   0.00000   0.00000   0.00000   0.00000   0.00494   0.00000   0.00516   0.01335   0.00817   0.01304   0.00501   0.00991   0.00000   0.02067   0.00000   0.01040   0.01163   0.02325   0.01163   0.03315   2.34137   1.72185  -0.59206   0.15197  
 31  1.9053   1053.351237  x:  0.00306   0.00370   0.00000   0.00000   0.00000   0.00000   0.00000   0.00000   0.00000   0.00000   0.00000   0.00000   0.00000   0.00000   0.00526   0.00000   0.00508   0.01534   0.00880   0.01470   0.00564   0.00954   0.00000   0.02228   0.00000   0.01010   0.01343   0.02171   0.01397   0.03013   2.41286   1.86605  -0.73621   0.18010  
 32  3.4365   1053.217465  x:  0.00031   0.00491   0.00000   0.00000   0.00000   0.00000   0.00000   0.00000   0.00000   0.00000   0.00000   0.00000   0.00000   0.00000   0.00528   0.00000   0.00521   0.01555   0.00933   0.01644   0.00525   0.01046   0.00000   0.02473   0.00000   0.01001   0.01411   0.02458   0.01303   0.03303   2.42080   1.95357  -0.82387   0.17546  
 33  0.5091   1053.104849  x:  0.00147   0.00521   0.00000   0.00000   0.00000   0.00000   0.00000   0.00000   0.00000   0.00000   0.00000   0.00000   0.00000   0.00000   0.00552   0.00000   0.00536   0.01718   0.00975   0.01621   0.00478   0.01195   0.00000   0.02114   0.00000   0.01000   0.01462   0.02353   0.01208   0.03137   2.41244   2.02720  -0.89712   0.17634  
 34  1.1937   1053.069132  x:  0.00143   0.00542   0.00000   0.00000   0.00000   0.00000   0.00000   0.00000   0.00000   0.00000   0.00000   0.00000   0.00000   0.00000   0.00560   0.00000   0.00539   0.01546   0.00986   0.01694   0.00480   0.01172   0.00000   0.02085   0.00000   0.01009   0.01497   0.02354   0.01187   0.02947   2.39993   2.06153  -0.93159   0.17557  
 35  0.6604   1052.938590  x:  0.00169   0.00541   0.00000   0.00000   0.00000   0.00000   0.00000   0.00000   0.00000   0.00000   0.00000   0.00000   0.00000   0.00000   0.00543   0.00000   0.00491   0.01530   0.01052   0.01550   0.00583   0.01036   0.00000   0.01966   0.00000   0.00989   0.01644   0.02300   0.01248   0.03125   2.30977   2.25697  -1.12684   0.16691  
 36  0.7401   1052.880310  x:  0.00051   0.00528   0.00000   0.00000   0.00000   0.00000   0.00000   0.00000   0.00000   0.00000   0.00000   0.00000   0.00000   0.00000   0.00502   0.00000   0.00466   0.01504   0.01062   0.01546   0.00504   0.00981   0.00000   0.01976   0.00000   0.01031   0.01654   0.02393   0.01235   0.03183   2.29005   2.45325  -1.32304   0.18539  
 37  0.5109   1052.798866  x:  0.00060   0.00521   0.00000   0.00000   0.00000   0.00000   0.00000   0.00000   0.00000   0.00000   0.00000   0.00000   0.00000   0.00000   0.00523   0.00000   0.00507   0.01579   0.01096   0.01556   0.00534   0.01019   0.00000   0.02129   0.00000   0.01085   0.01565   0.02413   0.01138   0.03095   2.45040   2.77061  -1.64037   0.18897  
 38  0.2626   1052.771557  x:  0.00061   0.00523   0.00000   0.00000   0.00000   0.00000   0.00000   0.00000   0.00000   0.00000   0.00000   0.00000   0.00000   0.00000   0.00530   0.00000   0.00501   0.01575   0.01086   0.01544   0.00465   0.01011   0.00000   0.02125   0.00000   0.01024   0.01534   0.02408   0.01229   0.03046   2.43684   2.90749  -1.77720   0.18429  
 39  0.3430   1052.739435  x:  0.00026   0.00512   0.00000   0.00000   0.00000   0.00000   0.00000   0.00000   0.00000   0.00000   0.00000   0.00000   0.00000   0.00000   0.00527   0.00000   0.00508   0.01551   0.01072   0.01541   0.00518   0.01020   0.00000   0.02045   0.00000   0.00958   0.01487   0.02447   0.01204   0.03037   2.32554   3.18179  -2.05136   0.18734  
 40  0.4519   1052.728666  x:  0.00000   0.00508   0.00000   0.00000   0.00000   0.00000   0.00000   0.00000   0.00000   0.00000   0.00000   0.00000   0.00000   0.00000   0.00522   0.00000   0.00511   0.01544   0.01067   0.01539   0.00519   0.01020   0.00000   0.02035   0.00000   0.00999   0.01492   0.02471   0.01209   0.03049   2.31261   3.26148  -2.13103   0.18588  
 41  0.3214   1052.713831  x:  0.00000   0.00496   0.00000   0.00000   0.00000   0.00000   0.00000   0.00000   0.00000   0.00000   0.00000   0.00000   0.00000   0.00000   0.00499   0.00000   0.00498   0.01530   0.01030   0.01536   0.00517   0.01019   0.00000   0.02044   0.00000   0.01031   0.01530   0.02569   0.01194   0.03087   2.34348   3.59405  -2.46350   0.18449  
 42  0.4574   1052.706352  x:  0.00000   0.00496   0.00000   0.00000   0.00000   0.00000   0.00000   0.00000   0.00000   0.00000   0.00000   0.00000   0.00000   0.00000   0.00503   0.00000   0.00499   0.01535   0.01017   0.01513   0.00520   0.01025   0.00000   0.02053   0.00000   0.01048   0.01550   0.02447   0.01206   0.03074   2.35329   3.77877  -2.64818   0.18489  
 43  0.5950   1052.705804  x:  0.00075   0.00496   0.00000   0.00000   0.00000   0.00000   0.00000   0.00000   0.00000   0.00000   0.00000   0.00000   0.00000   0.00000   0.00505   0.00000   0.00499   0.01537   0.01011   0.01503   0.00521   0.01027   0.00000   0.02057   0.00000   0.01055   0.01559   0.02394   0.01211   0.03068   2.35750   3.85823  -2.72761   0.18506  
 44 224.8384   1052.699836  x:  0.00103   0.00509   0.00000   0.00000   0.00000   0.00000   0.00000   0.00000   0.00000   0.00000   0.00000   0.00000   0.00000   0.00000   0.00518   0.00000   0.00526   0.01546   0.01017   0.01544   0.00514   0.01032   0.00000   0.02061   0.00000   0.01040   0.01540   0.02365   0.01219   0.03066   2.32878   4.15499  -3.02427   0.18702  
 45  0.2643   1052.696815  x:  0.00193   0.00510   0.00000   0.00000   0.00000   0.00000   0.00000   0.00000   0.00000   0.00000   0.00000   0.00000   0.00000   0.00000   0.00514   0.00000   0.00517   0.01545   0.01012   0.01543   0.00516   0.01022   0.00000   0.02052   0.00000   0.01009   0.01543   0.02275   0.01196   0.03073   2.34823   4.48621  -3.35537   0.18567  
 46  0.2539   1052.694747  x:  0.00329   0.00508   0.00000   0.00000   0.00000   0.00000   0.00000   0.00000   0.00000   0.00000   0.00000   0.00000   0.00000   0.00000   0.00511   0.00000   0.00509   0.01548   0.01026   0.01540   0.00517   0.01018   0.00000   0.02054   0.00000   0.01032   0.01536   0.02134   0.01216   0.03078   2.34632   4.97198  -3.84097   0.18712  
 47  0.2467   1052.694086  x:  0.00421   0.00508   0.00000   0.00000   0.00000   0.00000   0.00000   0.00000   0.00000   0.00000   0.00000   0.00000   0.00000   0.00000   0.00512   0.00000   0.00512   0.01544   0.01032   0.01544   0.00515   0.01025   0.00000   0.02057   0.00000   0.01028   0.01536   0.02047   0.01203   0.03074   2.33869   5.28784  -4.15674   0.18557  
 48  0.2529   1052.693770  x:  0.00549   0.00507   0.00000   0.00000   0.00000   0.00000   0.00000   0.00000   0.00000   0.00000   0.00000   0.00000   0.00000   0.00000   0.00512   0.00000   0.00510   0.01543   0.01029   0.01542   0.00517   0.01023   0.00000   0.02049   0.00000   0.01023   0.01535   0.01916   0.01206   0.03073   2.34715   5.71512  -4.58388   0.18656  
 49  0.2315   1052.693604  x:  0.00685   0.00507   0.00000   0.00000   0.00000   0.00000   0.00000   0.00000   0.00000   0.00000   0.00000   0.00000   0.00000   0.00000   0.00513   0.00000   0.00512   0.01546   0.01028   0.01541   0.00516   0.01023   0.00000   0.02060   0.00000   0.01027   0.01537   0.01780   0.01208   0.03075   2.34080   6.14915  -5.01778   0.18603  
 50  0.2668   1052.693541  x:  0.00795   0.00508   0.00000   0.00000   0.00000   0.00000   0.00000   0.00000   0.00000   0.00000   0.00000   0.00000   0.00000   0.00000   0.00512   0.00000   0.00512   0.01545   0.01027   0.01543   0.00515   0.01024   0.00000   0.02052   0.00000   0.01027   0.01536   0.01672   0.01205   0.03073   2.34336   6.52160  -5.39010   0.18619  
 51  0.2486   1052.693512  x:  0.00924   0.00508   0.00000   0.00000   0.00000   0.00000   0.00000   0.00000   0.00000   0.00000   0.00000   0.00000   0.00000   0.00000   0.00512   0.00000   0.00511   0.01544   0.01027   0.01543   0.00517   0.01022   0.00000   0.02056   0.00000   0.01026   0.01536   0.01541   0.01208   0.03075   2.34297   6.95535  -5.82371   0.18618  
 52  0.2453   1052.693499  x:  0.01048   0.00508   0.00000   0.00000   0.00000   0.00000   0.00000   0.00000   0.00000   0.00000   0.00000   0.00000   0.00000   0.00000   0.00512   0.00000   0.00512   0.01546   0.01028   0.01542   0.00516   0.01024   0.00000   0.02054   0.00000   0.01027   0.01536   0.01418   0.01206   0.03074   2.34262   7.36595  -6.23417   0.18615  
 53  0.2494   1052.693493  x:  0.01179   0.00508   0.00000   0.00000   0.00000   0.00000   0.00000   0.00000   0.00000   0.00000   0.00000   0.00000   0.00000   0.00000   0.00512   0.00000   0.00511   0.01544   0.01028   0.01543   0.00516   0.01023   0.00000   0.02055   0.00000   0.01026   0.01536   0.01287   0.01207   0.03074   2.34316   7.80221  -6.67029   0.18618  
 54  0.2502   1052.693491  x:  0.01306   0.00508   0.00000   0.00000   0.00000   0.00000   0.00000   0.00000   0.00000   0.00000   0.00000   0.00000   0.00000   0.00000   0.00512   0.00000   0.00511   0.01545   0.01028   0.01542   0.00516   0.01023   0.00000   0.02055   0.00000   0.01026   0.01536   0.01160   0.01207   0.03075   2.34265   8.22328  -7.09122   0.18617  
 55  0.2483   1052.693490  x:  0.01431   0.00508   0.00000   0.00000   0.00000   0.00000   0.00000   0.00000   0.00000   0.00000   0.00000   0.00000   0.00000   0.00000   0.00512   0.00000   0.00512   0.01545   0.01027   0.01543   0.00516   0.01023   0.00000   0.02054   0.00000   0.01026   0.01536   0.01035   0.01207   0.03074   2.34301   8.63821  -7.50602   0.18616  
 56  0.2454   1052.693489  x:  0.01588   0.00508   0.00000   0.00000   0.00000   0.00000   0.00000   0.00000   0.00000   0.00000   0.00000   0.00000   0.00000   0.00000   0.00512   0.00000   0.00511   0.01545   0.01027   0.01542   0.00516   0.01023   0.00000   0.02055   0.00000   0.01026   0.01536   0.00878   0.01207   0.03075   2.34277   9.16150  -8.02914   0.18618  
 57  0.2670   1052.693489  x:  0.01666   0.00508   0.00000   0.00000   0.00000   0.00000   0.00000   0.00000   0.00000   0.00000   0.00000   0.00000   0.00000   0.00000   0.00512   0.00000   0.00512   0.01545   0.01027   0.01542   0.00516   0.01023   0.00000   0.02054   0.00000   0.01026   0.01536   0.00800   0.01207   0.03074   2.34289   9.41920  -8.28676   0.18616  
 58  0.2277   1052.693489  x:  0.01976   0.00508   0.00000   0.00000   0.00000   0.00000   0.00000   0.00000   0.00000   0.00000   0.00000   0.00000   0.00000   0.00000   0.00512   0.00000   0.00511   0.01545   0.01028   0.01542   0.00516   0.01023   0.00000   0.02055   0.00000   0.01026   0.01536   0.00490   0.01207   0.03074   2.34292  10.45000  -9.31722   0.18617  
 59  0.3429   1052.693489  x:  0.02135   0.00508   0.00000   0.00000   0.00000   0.00000   0.00000   0.00000   0.00000   0.00000   0.00000   0.00000   0.00000   0.00000   0.00512   0.00000   0.00511   0.01545   0.01028   0.01542   0.00516   0.01023   0.00000   0.02055   0.00000   0.01026   0.01536   0.00331   0.01207   0.03074   2.34287  10.98059  -9.84764   0.18617  
 60  0.5258   1052.693489  x:  0.02282   0.00508   0.00000   0.00000   0.00000   0.00000   0.00000   0.00000   0.00000   0.00000   0.00000   0.00000   0.00000   0.00000   0.00512   0.00000   0.00511   0.01545   0.01028   0.01542   0.00516   0.01023   0.00000   0.02055   0.00000   0.01026   0.01536   0.00184   0.01207   0.03074   2.34286  11.46817  -10.33506   0.18617  
 61  1.2385   1052.693489  x:  0.02207   0.00508   0.00000   0.00000   0.00000   0.00000   0.00000   0.00000   0.00000   0.00000   0.00000   0.00000   0.00000   0.00000   0.00512   0.00000   0.00511   0.01545   0.01027   0.01542   0.00516   0.01023   0.00000   0.02054   0.00000   0.01026   0.01536   0.00259   0.01207   0.03074   2.34287  11.22053  -10.08751   0.18617  
 62  0.1911   1052.693489  x:  0.02207   0.00508   0.00000   0.00000   0.00000   0.00000   0.00000   0.00000   0.00000   0.00000   0.00000   0.00000   0.00000   0.00000   0.00512   0.00000   0.00511   0.01545   0.01027   0.01542   0.00516   0.01023   0.00000   0.02054   0.00000   0.01026   0.01536   0.00259   0.01207   0.03074   2.34287  11.22058  -10.08755   0.18617  
 63  0.0198   1052.693489  x:  0.02207   0.00508   0.00000   0.00000   0.00000   0.00000   0.00000   0.00000   0.00000   0.00000   0.00000   0.00000   0.00000   0.00000   0.00512   0.00000   0.00511   0.01545   0.01027   0.01542   0.00516   0.01023   0.00000   0.02054   0.00000   0.01026   0.01536   0.00259   0.01207   0.03074   2.34287  11.22128  -10.08826   0.18617  
 64  2.3854   1052.693489  x:  0.02207   0.00508   0.00000   0.00000   0.00000   0.00000   0.00000   0.00000   0.00000   0.00000   0.00000   0.00000   0.00000   0.00000   0.00512   0.00000   0.00511   0.01545   0.01027   0.01542   0.00516   0.01023   0.00000   0.02054   0.00000   0.01026   0.01536   0.00259   0.01207   0.03074   2.34287  11.22128  -10.08826   0.18617  
 65  0.0236   1052.693489  x:  0.02207   0.00508   0.00000   0.00000   0.00000   0.00000   0.00000   0.00000   0.00000   0.00000   0.00000   0.00000   0.00000   0.00000   0.00512   0.00000   0.00511   0.01545   0.01027   0.01542   0.00516   0.01023   0.00000   0.02054   0.00000   0.01026   0.01536   0.00259   0.01207   0.03074   2.34287  11.21938  -10.08635   0.18617  
 66  0.1682   1052.693489  x:  0.02207   0.00508   0.00000   0.00000   0.00000   0.00000   0.00000   0.00000   0.00000   0.00000   0.00000   0.00000   0.00000   0.00000   0.00512   0.00000   0.00511   0.01545   0.01027   0.01542   0.00516   0.01023   0.00000   0.02054   0.00000   0.01026   0.01536   0.00259   0.01207   0.03074   2.34287  11.21890  -10.08588   0.18617  
 67  0.1196   1052.693489  x:  0.02207   0.00508   0.00000   0.00000   0.00000   0.00000   0.00000   0.00000   0.00000   0.00000   0.00000   0.00000   0.00000   0.00000   0.00512   0.00000   0.00511   0.01545   0.01027   0.01542   0.00516   0.01023   0.00000   0.02054   0.00000   0.01026   0.01536   0.00259   0.01207   0.03074   2.34287  11.21890  -10.08588   0.18617  
 68  2.8314   1052.693489  x:  0.02207   0.00508   0.00000   0.00000   0.00000   0.00000   0.00000   0.00000   0.00000   0.00000   0.00000   0.00000   0.00000   0.00000   0.00512   0.00000   0.00511   0.01545   0.01027   0.01542   0.00516   0.01023   0.00000   0.02054   0.00000   0.01026   0.01536   0.00259   0.01207   0.03074   2.34287  11.21890  -10.08588   0.18617  
 69  0.0502   1052.693489  x:  0.02207   0.00508   0.00000   0.00000   0.00000   0.00000   0.00000   0.00000   0.00000   0.00000   0.00000   0.00000   0.00000   0.00000   0.00512   0.00000   0.00511   0.01545   0.01027   0.01542   0.00516   0.01023   0.00000   0.02054   0.00000   0.01026   0.01536   0.00259   0.01207   0.03074   2.34287  11.21890  -10.08588   0.18617  
 70  0.0032   1052.693489  x:  0.02207   0.00508   0.00000   0.00000   0.00000   0.00000   0.00000   0.00000   0.00000   0.00000   0.00000   0.00000   0.00000   0.00000   0.00512   0.00000   0.00511   0.01545   0.01027   0.01542   0.00516   0.01023   0.00000   0.02054   0.00000   0.01026   0.01536   0.00259   0.01207   0.03074   2.34287  11.21890  -10.08588   0.18617  