Supplemental results for CODEML (seqf: /Users/YY/Desktop/get/branch_site/modify/modify_trim_muscle_ndhG.fa  treef: /Users/YY/Desktop/get/branch_site/16gene_topu.tree)


dN/dS (w) for site classes (K=4)

site class             0        1       2a       2b
proportion       0.69109  0.13501  0.14548  0.02842
background w     0.13455  1.00000  0.13455  1.00000
foreground w     0.13455  1.00000  2.57317  2.57317

Naive Empirical Bayes (NEB) probabilities for 4 classes
(amino acids refer to 1st sequence: NC_015804)

   1 M   0.76115 0.06496 0.16023 0.01367 ( 1)
   2 D   0.75221 0.07389 0.15834 0.01556 ( 1)
   3 L   0.73750 0.08860 0.15525 0.01865 ( 1)
   4 P   0.73013 0.09597 0.15370 0.02020 ( 1)
   5 G   0.73001 0.09609 0.15367 0.02023 ( 1)
   6 P   0.73990 0.08620 0.15575 0.01815 ( 1)
   7 I   0.76340 0.06270 0.16070 0.01320 ( 1)
   8 H   0.74387 0.08223 0.15659 0.01731 ( 1)
   9 D   0.75221 0.07389 0.15834 0.01556 ( 1)
  10 F   0.77137 0.05473 0.16238 0.01152 ( 1)
  11 L   0.76867 0.05744 0.16181 0.01209 ( 1)
  12 L   0.73750 0.08860 0.15525 0.01865 ( 1)
  13 V   0.38993 0.43617 0.08208 0.09182 ( 2)
  14 F   0.77137 0.05473 0.16238 0.01152 ( 1)
  15 L   0.70744 0.11866 0.14892 0.02498 ( 1)
  16 G   0.73001 0.09609 0.15367 0.02023 ( 1)
  17 S   0.39401 0.43209 0.08294 0.09096 ( 2)
  18 G   0.74705 0.07905 0.15726 0.01664 ( 1)
  19 L   0.76867 0.05744 0.16181 0.01209 ( 1)
  20 L   0.51050 0.31560 0.10746 0.06644 ( 1)
  21 L   0.73750 0.08860 0.15525 0.01865 ( 1)
  22 G   0.73001 0.09609 0.15367 0.02023 ( 1)
  23 G   0.74705 0.07905 0.15726 0.01664 ( 1)
  24 L   0.70777 0.11833 0.14899 0.02491 ( 1)
  25 G   0.73001 0.09609 0.15367 0.02023 ( 1)
  26 V   0.72536 0.10074 0.15269 0.02121 ( 1)
  27 V   0.47988 0.34622 0.10102 0.07288 ( 1)
  28 L   0.73750 0.08860 0.15525 0.01865 ( 1)
  29 L   0.71801 0.10809 0.15115 0.02275 ( 1)
  30 P   0.71305 0.11305 0.15010 0.02380 ( 1)
  31 N   0.75143 0.07467 0.15818 0.01572 ( 1)
  32 P   0.10898 0.71712 0.02294 0.15096 ( 2)
  33 I   0.77400 0.05210 0.16293 0.01097 ( 1)
  34 Y   0.74407 0.08203 0.15663 0.01727 ( 1)
  35 S   0.76373 0.06237 0.16077 0.01313 ( 1)
  36 A   0.71645 0.10965 0.15082 0.02308 ( 1)
  37 F   0.77137 0.05473 0.16238 0.01152 ( 1)
  38 S   0.74069 0.08541 0.15592 0.01798 ( 1)
  39 L   0.72617 0.09993 0.15286 0.02104 ( 1)
  40 G   0.73001 0.09609 0.15367 0.02023 ( 1)
  41 L   0.72416 0.10194 0.15244 0.02146 ( 1)
  42 V   0.77131 0.05479 0.16237 0.01153 ( 1)
  43 L   0.76867 0.05744 0.16181 0.01209 ( 1)
  44 V   0.54301 0.28309 0.11431 0.05959 ( 1)
  45 C   0.74442 0.08168 0.15671 0.01719 ( 1)
  46 T   0.74854 0.07756 0.15757 0.01633 ( 1)
  47 S   0.71711 0.10899 0.15096 0.02294 ( 1)
  48 L   0.73750 0.08860 0.15525 0.01865 ( 1)
  49 F   0.09336 0.73274 0.01965 0.15425 ( 2)
  50 Y   0.74407 0.08203 0.15663 0.01727 ( 1)
  51 I   0.77400 0.05210 0.16293 0.01097 ( 1)
  52 L   0.72302 0.10308 0.15220 0.02170 ( 1)
  53 S   0.73958 0.08652 0.15569 0.01821 ( 1)
  54 N   0.71324 0.11286 0.15014 0.02376 ( 1)
  55 S   0.71915 0.10695 0.15139 0.02251 ( 1)
  56 H   0.74387 0.08223 0.15659 0.01731 ( 1)
  57 F   0.77137 0.05473 0.16238 0.01152 ( 1)
  58 V   0.75294 0.07316 0.15850 0.01540 ( 1)
  59 A   0.76803 0.05807 0.16168 0.01222 ( 1)
  60 A   0.76803 0.05807 0.16168 0.01222 ( 1)
  61 A   0.72307 0.10303 0.15221 0.02169 ( 1)
  62 Q   0.71397 0.11213 0.15030 0.02361 ( 1)
  63 L   0.76867 0.05744 0.16181 0.01209 ( 1)
  64 L   0.76867 0.05744 0.16181 0.01209 ( 1)
  65 I   0.77400 0.05210 0.16293 0.01097 ( 1)
  66 Y   0.70680 0.11930 0.14879 0.02511 ( 1)
  67 V   0.45594 0.37016 0.09598 0.07792 ( 1)
  68 G   0.71791 0.10819 0.15113 0.02278 ( 1)
  69 A   0.73535 0.09075 0.15480 0.01910 ( 1)
  70 I   0.76340 0.06270 0.16070 0.01320 ( 1)
  71 N   0.75143 0.07467 0.15818 0.01572 ( 1)
  72 V   0.77131 0.05479 0.16237 0.01153 ( 1)
  73 L   0.73750 0.08860 0.15525 0.01865 ( 1)
  74 I   0.72762 0.09848 0.15317 0.02073 ( 1)
  75 I   0.54877 0.27733 0.11552 0.05838 ( 1)
  76 F   0.77137 0.05473 0.16238 0.01152 ( 1)
  77 A   0.76695 0.05915 0.16145 0.01245 ( 1)
  78 V   0.73493 0.09117 0.15471 0.01919 ( 1)
  79 M   0.76115 0.06496 0.16023 0.01367 ( 1)
  80 F   0.72782 0.09828 0.15321 0.02069 ( 1)
  81 M   0.76115 0.06496 0.16023 0.01367 ( 1)
  82 N   0.75143 0.07467 0.15818 0.01572 ( 1)
  83 G   0.74705 0.07905 0.15726 0.01664 ( 1)
  84 S   0.71453 0.11157 0.15041 0.02349 ( 1)
  85 E   0.73584 0.09026 0.15490 0.01900 ( 1)
  86 Y   0.74385 0.08225 0.15659 0.01731 ( 1)
  87 Y   0.70680 0.11930 0.14879 0.02511 ( 1)
  88 K   0.73502 0.09108 0.15473 0.01917 ( 1)
  89 D   0.47732 0.34878 0.10048 0.07342 ( 1)
  90 F   0.53931 0.28679 0.11353 0.06037 ( 1)
  91 H   0.74387 0.08223 0.15659 0.01731 ( 1)
  92 L   0.76867 0.05744 0.16181 0.01209 ( 1)
  93 W   0.70810 0.11800 0.14906 0.02484 ( 1)
  94 T   0.71583 0.11027 0.15069 0.02321 ( 1)
  95 V   0.77131 0.05479 0.16237 0.01153 ( 1)
  96 G   0.71241 0.11368 0.14997 0.02393 ( 1)
  97 D   0.72920 0.09690 0.15350 0.02040 ( 1)
  98 G   0.72379 0.10231 0.15236 0.02154 ( 1)
  99 V   0.77131 0.05479 0.16237 0.01153 ( 1)
 100 T   0.72664 0.09946 0.15296 0.02094 ( 1)
 101 S   0.71930 0.10680 0.15142 0.02248 ( 1)
 102 I   0.14313 0.68297 0.03013 0.14377 ( 2)
 103 V   0.54104 0.28506 0.11389 0.06001 ( 1)
 104 C   0.74442 0.08168 0.15671 0.01719 ( 1)
 105 T   0.74854 0.07756 0.15757 0.01633 ( 1)
 106 S   0.74818 0.07792 0.15750 0.01640 ( 1)
 107 I   0.77400 0.05210 0.16293 0.01097 ( 1)
 108 F   0.77137 0.05473 0.16238 0.01152 ( 1)
 109 V   0.77131 0.05479 0.16237 0.01153 ( 1)
 110 S   0.74153 0.08457 0.15610 0.01780 ( 1)
 111 L   0.72302 0.10308 0.15220 0.02170 ( 1)
 112 I   0.77400 0.05210 0.16293 0.01097 ( 1)
 113 T   0.76672 0.05938 0.16140 0.01250 ( 1)
 114 T   0.76672 0.05938 0.16140 0.01250 ( 1)
 115 I   0.77400 0.05210 0.16293 0.01097 ( 1)
 116 P   0.43618 0.38992 0.09182 0.08208 ( 1)
 117 D   0.46445 0.36166 0.09777 0.07613 ( 1)
 118 T   0.72232 0.10378 0.15205 0.02185 ( 1)
 119 S   0.74153 0.08457 0.15610 0.01780 ( 1)
 120 W   0.70810 0.11800 0.14906 0.02484 ( 1)
 121 Y   0.71323 0.11287 0.15014 0.02376 ( 1)
 122 G   0.71241 0.11368 0.14997 0.02393 ( 1)
 123 I   0.52095 0.30515 0.10966 0.06424 ( 1)
 124 I   0.77400 0.05210 0.16293 0.01097 ( 1)
 125 W   0.70810 0.11800 0.14906 0.02484 ( 1)
 126 T   0.76672 0.05938 0.16140 0.01250 ( 1)
 127 T   0.74854 0.07756 0.15757 0.01633 ( 1)
 128 K   0.73502 0.09108 0.15473 0.01917 ( 1)
 129 S   0.44692 0.37918 0.09408 0.07982 ( 1)
 130 N   0.71571 0.11039 0.15066 0.02324 ( 1)
 131 Q   0.70692 0.11918 0.14881 0.02509 ( 1)
 132 I   0.55004 0.27606 0.11579 0.05811 ( 1)
 133 V   0.48956 0.33655 0.10305 0.07085 ( 1)
 134 E   0.72467 0.10143 0.15255 0.02135 ( 1)
 135 Q   0.71794 0.10816 0.15113 0.02277 ( 1)
 136 D   0.75221 0.07389 0.15834 0.01556 ( 1)
 137 F   0.01628 0.80982 0.00343 0.17047 ( 2)
 138 I   0.12489 0.70121 0.02629 0.14761 ( 2)
 139 S   0.46147 0.36463 0.09714 0.07676 ( 1)
 140 N   0.75143 0.07467 0.15818 0.01572 ( 1)
 141 S   0.74818 0.07792 0.15750 0.01640 ( 1)
 142 Q   0.71794 0.10816 0.15113 0.02277 ( 1)
 143 Q   0.71794 0.10816 0.15113 0.02277 ( 1)
 144 I   0.77400 0.05210 0.16293 0.01097 ( 1)
 145 G   0.71358 0.11252 0.15021 0.02369 ( 1)
 146 I   0.77400 0.05210 0.16293 0.01097 ( 1)
 147 H   0.74387 0.08223 0.15659 0.01731 ( 1)
 148 L   0.73750 0.08860 0.15525 0.01865 ( 1)
 149 S   0.74153 0.08457 0.15610 0.01780 ( 1)
 150 T   0.74854 0.07756 0.15757 0.01633 ( 1)
 151 D   0.47219 0.35391 0.09940 0.07450 ( 1)
 152 F   0.76180 0.06430 0.16036 0.01354 ( 1)
 153 F   0.77137 0.05473 0.16238 0.01152 ( 1)
 154 L   0.50578 0.32032 0.10647 0.06743 ( 1)
 155 P   0.73990 0.08620 0.15575 0.01815 ( 1)
 156 F   0.77137 0.05473 0.16238 0.01152 ( 1)
 157 E   0.73584 0.09026 0.15490 0.01900 ( 1)
 158 L   0.39651 0.42959 0.08347 0.09043 ( 2)
 159 I   0.77400 0.05210 0.16293 0.01097 ( 1)
 160 S   0.74153 0.08457 0.15610 0.01780 ( 1)
 161 I   0.76340 0.06270 0.16070 0.01320 ( 1)
 162 I   0.77400 0.05210 0.16293 0.01097 ( 1)
 163 L   0.76682 0.05928 0.16142 0.01248 ( 1)
 164 L   0.73750 0.08860 0.15525 0.01865 ( 1)
 165 V   0.77131 0.05479 0.16237 0.01153 ( 1)
 166 A   0.39971 0.42639 0.08414 0.08976 ( 2)
 167 L   0.73750 0.08860 0.15525 0.01865 ( 1)
 168 I   0.76340 0.06270 0.16070 0.01320 ( 1)
 169 G   0.74705 0.07905 0.15726 0.01664 ( 1)
 170 A   0.72747 0.09862 0.15314 0.02076 ( 1)
 171 I   0.77400 0.05210 0.16293 0.01097 ( 1)
 172 A   0.52851 0.29759 0.11126 0.06264 ( 1)
 173 V   0.48028 0.34582 0.10110 0.07280 ( 1)
 174 A   0.76803 0.05807 0.16168 0.01222 ( 1)
 175 R   0.73684 0.08926 0.15511 0.01879 ( 1)
 176 Q   0.71794 0.10816 0.15113 0.02277 ( 1)


lnL = -1096.571484

Bayes Empirical Bayes (BEB) probabilities for 4 classes (class)
(amino acids refer to 1st sequence: NC_015804)

   1 M   0.60104 0.05744 0.31170 0.02982 ( 1)
   2 D   0.59331 0.06517 0.30769 0.03383 ( 1)
   3 L   0.58073 0.07775 0.30114 0.04038 ( 1)
   4 P   0.57448 0.08400 0.29789 0.04363 ( 1)
   5 G   0.57438 0.08410 0.29784 0.04368 ( 1)
   6 P   0.58277 0.07572 0.30220 0.03932 ( 1)
   7 I   0.60301 0.05547 0.31272 0.02880 ( 1)
   8 H   0.58616 0.07232 0.30397 0.03755 ( 1)
   9 D   0.59331 0.06517 0.30769 0.03383 ( 1)
  10 F   0.60997 0.04851 0.31633 0.02518 ( 1)
  11 L   0.60760 0.05089 0.31510 0.02641 ( 1)
  12 L   0.58073 0.07775 0.30114 0.04038 ( 1)
  13 V   0.30918 0.34929 0.15874 0.18278 ( 2)
  14 F   0.60997 0.04851 0.31633 0.02518 ( 1)
  15 L   0.55549 0.10298 0.28801 0.05351 ( 1)
  16 G   0.57438 0.08410 0.29784 0.04368 ( 1)
  17 S   0.31168 0.34680 0.16008 0.18145 ( 2)
  18 G   0.58888 0.06960 0.30538 0.03614 ( 1)
  19 L   0.60760 0.05089 0.31510 0.02641 ( 1)
  20 L   0.38454 0.27394 0.19898 0.14254 ( 1)
  21 L   0.58073 0.07775 0.30114 0.04038 ( 1)
  22 G   0.57438 0.08410 0.29784 0.04368 ( 1)
  23 G   0.58888 0.06960 0.30538 0.03614 ( 1)
  24 L   0.55576 0.10272 0.28815 0.05337 ( 1)
  25 G   0.57438 0.08410 0.29784 0.04368 ( 1)
  26 V   0.57045 0.08803 0.29580 0.04572 ( 1)
  27 V   0.36494 0.29354 0.18854 0.15297 ( 1)
  28 L   0.58073 0.07775 0.30114 0.04038 ( 1)
  29 L   0.56429 0.09419 0.29259 0.04893 ( 1)
  30 P   0.56015 0.09833 0.29043 0.05109 ( 1)
  31 N   0.59264 0.06584 0.30734 0.03418 ( 1)
  32 P   0.13290 0.52558 0.06446 0.27706 ( 2)
  33 I   0.61228 0.04621 0.31753 0.02399 ( 1)
  34 Y   0.58633 0.07215 0.30406 0.03746 ( 1)
  35 S   0.60329 0.05519 0.31287 0.02865 ( 1)
  36 A   0.56298 0.09550 0.29191 0.04961 ( 1)
  37 F   0.60997 0.04851 0.31633 0.02518 ( 1)
  38 S   0.58344 0.07504 0.30255 0.03896 ( 1)
  39 L   0.57114 0.08734 0.29616 0.04536 ( 1)
  40 G   0.57438 0.08410 0.29784 0.04368 ( 1)
  41 L   0.56944 0.08904 0.29527 0.04625 ( 1)
  42 V   0.60992 0.04856 0.31631 0.02521 ( 1)
  43 L   0.60760 0.05089 0.31510 0.02641 ( 1)
  44 V   0.40592 0.25256 0.21034 0.13118 ( 1)
  45 C   0.58663 0.07186 0.30421 0.03731 ( 1)
  46 T   0.59016 0.06832 0.30605 0.03547 ( 1)
  47 S   0.56353 0.09494 0.29220 0.04932 ( 1)
  48 L   0.58073 0.07775 0.30114 0.04038 ( 1)
  49 F   0.11987 0.53861 0.05766 0.28386 ( 2)
  50 Y   0.58633 0.07215 0.30406 0.03746 ( 1)
  51 I   0.61228 0.04621 0.31753 0.02399 ( 1)
  52 L   0.56849 0.08999 0.29477 0.04675 ( 1)
  53 S   0.58250 0.07598 0.30206 0.03945 ( 1)
  54 N   0.56031 0.09817 0.29051 0.05101 ( 1)
  55 S   0.56524 0.09324 0.29309 0.04844 ( 1)
  56 H   0.58616 0.07232 0.30397 0.03755 ( 1)
  57 F   0.60997 0.04851 0.31633 0.02518 ( 1)
  58 V   0.59396 0.06453 0.30802 0.03350 ( 1)
  59 A   0.60704 0.05144 0.31481 0.02670 ( 1)
  60 A   0.60704 0.05144 0.31481 0.02670 ( 1)
  61 A   0.56853 0.08995 0.29480 0.04672 ( 1)
  62 Q   0.56091 0.09757 0.29083 0.05069 ( 1)
  63 L   0.60760 0.05089 0.31510 0.02641 ( 1)
  64 L   0.60760 0.05089 0.31510 0.02641 ( 1)
  65 I   0.61228 0.04621 0.31753 0.02399 ( 1)
  66 Y   0.55496 0.10352 0.28773 0.05379 ( 1)
  67 V   0.34990 0.30858 0.18051 0.16100 ( 1)
  68 G   0.56420 0.09428 0.29254 0.04898 ( 1)
  69 A   0.57889 0.07959 0.30019 0.04133 ( 1)
  70 I   0.60301 0.05547 0.31272 0.02880 ( 1)
  71 N   0.59264 0.06584 0.30734 0.03418 ( 1)
  72 V   0.60992 0.04856 0.31631 0.02521 ( 1)
  73 L   0.58073 0.07775 0.30114 0.04038 ( 1)
  74 I   0.57239 0.08609 0.29681 0.04471 ( 1)
  75 I   0.40980 0.24868 0.21240 0.12912 ( 1)
  76 F   0.60997 0.04851 0.31633 0.02518 ( 1)
  77 A   0.60610 0.05238 0.31432 0.02719 ( 1)
  78 V   0.57856 0.07992 0.30001 0.04151 ( 1)
  79 M   0.60104 0.05744 0.31170 0.02982 ( 1)
  80 F   0.57253 0.08595 0.29688 0.04464 ( 1)
  81 M   0.60104 0.05744 0.31170 0.02982 ( 1)
  82 N   0.59264 0.06584 0.30734 0.03418 ( 1)
  83 G   0.58888 0.06960 0.30538 0.03614 ( 1)
  84 S   0.56138 0.09710 0.29107 0.05045 ( 1)
  85 E   0.57931 0.07917 0.30041 0.04111 ( 1)
  86 Y   0.58614 0.07234 0.30396 0.03756 ( 1)
  87 Y   0.55496 0.10352 0.28773 0.05379 ( 1)
  88 K   0.57861 0.07987 0.30005 0.04147 ( 1)
  89 D   0.36332 0.29516 0.18768 0.15384 ( 1)
  90 F   0.40346 0.25503 0.20903 0.13248 ( 1)
  91 H   0.58616 0.07232 0.30397 0.03755 ( 1)
  92 L   0.60760 0.05089 0.31510 0.02641 ( 1)
  93 W   0.55604 0.10244 0.28829 0.05323 ( 1)
  94 T   0.56247 0.09601 0.29164 0.04988 ( 1)
  95 V   0.60992 0.04856 0.31631 0.02521 ( 1)
  96 G   0.55962 0.09886 0.29016 0.05136 ( 1)
  97 D   0.57369 0.08479 0.29748 0.04404 ( 1)
  98 G   0.56913 0.08935 0.29511 0.04641 ( 1)
  99 V   0.60992 0.04856 0.31631 0.02521 ( 1)
 100 T   0.57153 0.08695 0.29636 0.04516 ( 1)
 101 S   0.56536 0.09312 0.29315 0.04837 ( 1)
 102 I   0.15907 0.49941 0.07826 0.26325 ( 2)
 103 V   0.40462 0.25387 0.20965 0.13187 ( 1)
 104 C   0.58663 0.07186 0.30421 0.03731 ( 1)
 105 T   0.59016 0.06832 0.30605 0.03547 ( 1)
 106 S   0.58985 0.06863 0.30589 0.03563 ( 1)
 107 I   0.61228 0.04621 0.31753 0.02399 ( 1)
 108 F   0.60997 0.04851 0.31633 0.02518 ( 1)
 109 V   0.60992 0.04856 0.31631 0.02521 ( 1)
 110 S   0.58416 0.07432 0.30293 0.03859 ( 1)
 111 L   0.56849 0.08999 0.29477 0.04675 ( 1)
 112 I   0.61228 0.04621 0.31753 0.02399 ( 1)
 113 T   0.60589 0.05259 0.31422 0.02730 ( 1)
 114 T   0.60589 0.05259 0.31422 0.02730 ( 1)
 115 I   0.61228 0.04621 0.31753 0.02399 ( 1)
 116 P   0.33762 0.32086 0.17396 0.16756 ( 1)
 117 D   0.35522 0.30326 0.18336 0.15816 ( 1)
 118 T   0.56789 0.09059 0.29447 0.04705 ( 1)
 119 S   0.58416 0.07432 0.30293 0.03859 ( 1)
 120 W   0.55604 0.10244 0.28829 0.05323 ( 1)
 121 Y   0.56030 0.09818 0.29051 0.05101 ( 1)
 122 G   0.55962 0.09886 0.29016 0.05136 ( 1)
 123 I   0.39134 0.26715 0.20260 0.13892 ( 1)
 124 I   0.61228 0.04621 0.31753 0.02399 ( 1)
 125 W   0.55604 0.10244 0.28829 0.05323 ( 1)
 126 T   0.60589 0.05259 0.31422 0.02730 ( 1)
 127 T   0.59016 0.06832 0.30605 0.03547 ( 1)
 128 K   0.57861 0.07987 0.30005 0.04147 ( 1)
 129 S   0.34428 0.31420 0.17752 0.16400 ( 1)
 130 N   0.56237 0.09611 0.29159 0.04993 ( 1)
 131 Q   0.55506 0.10341 0.28778 0.05374 ( 1)
 132 I   0.41065 0.24783 0.21285 0.12867 ( 1)
 133 V   0.37109 0.28740 0.19182 0.14970 ( 1)
 134 E   0.56987 0.08861 0.29550 0.04602 ( 1)
 135 Q   0.56423 0.09425 0.29256 0.04896 ( 1)
 136 D   0.59331 0.06517 0.30769 0.03383 ( 1)
 137 F   0.04162 0.61686 0.01821 0.32331 ( 2)
 138 I   0.14542 0.51306 0.07105 0.27047 ( 2)
 139 S   0.35335 0.30513 0.18236 0.15916 ( 1)
 140 N   0.59264 0.06584 0.30734 0.03418 ( 1)
 141 S   0.58985 0.06863 0.30589 0.03563 ( 1)
 142 Q   0.56423 0.09425 0.29256 0.04896 ( 1)
 143 Q   0.56423 0.09425 0.29256 0.04896 ( 1)
 144 I   0.61228 0.04621 0.31753 0.02399 ( 1)
 145 G   0.56059 0.09789 0.29066 0.05086 ( 1)
 146 I   0.61228 0.04621 0.31753 0.02399 ( 1)
 147 H   0.58616 0.07232 0.30397 0.03755 ( 1)
 148 L   0.58073 0.07775 0.30114 0.04038 ( 1)
 149 S   0.58416 0.07432 0.30293 0.03859 ( 1)
 150 T   0.59016 0.06832 0.30605 0.03547 ( 1)
 151 D   0.36009 0.29839 0.18595 0.15556 ( 1)
 152 F   0.60162 0.05686 0.31200 0.02952 ( 1)
 153 F   0.60997 0.04851 0.31633 0.02518 ( 1)
 154 L   0.38148 0.27700 0.19735 0.14416 ( 1)
 155 P   0.58277 0.07572 0.30220 0.03932 ( 1)
 156 F   0.60997 0.04851 0.31633 0.02518 ( 1)
 157 E   0.57931 0.07917 0.30041 0.04111 ( 1)
 158 L   0.31321 0.34527 0.16090 0.18063 ( 2)
 159 I   0.61228 0.04621 0.31753 0.02399 ( 1)
 160 S   0.58416 0.07432 0.30293 0.03859 ( 1)
 161 I   0.60301 0.05547 0.31272 0.02880 ( 1)
 162 I   0.61228 0.04621 0.31753 0.02399 ( 1)
 163 L   0.60599 0.05249 0.31427 0.02725 ( 1)
 164 L   0.58073 0.07775 0.30114 0.04038 ( 1)
 165 V   0.60992 0.04856 0.31631 0.02521 ( 1)
 166 A   0.31517 0.34331 0.16194 0.17958 ( 2)
 167 L   0.58073 0.07775 0.30114 0.04038 ( 1)
 168 I   0.60301 0.05547 0.31272 0.02880 ( 1)
 169 G   0.58888 0.06960 0.30538 0.03614 ( 1)
 170 A   0.57224 0.08624 0.29673 0.04479 ( 1)
 171 I   0.61228 0.04621 0.31753 0.02399 ( 1)
 172 A   0.39630 0.26218 0.20523 0.13628 ( 1)
 173 V   0.36520 0.29329 0.18868 0.15284 ( 1)
 174 A   0.60704 0.05144 0.31481 0.02670 ( 1)
 175 R   0.58016 0.07832 0.30085 0.04067 ( 1)
 176 Q   0.56423 0.09425 0.29256 0.04896 ( 1)

