

TREE # 1

  0  0.0000   1129.025581  x:  0.00243   0.01570   0.01608   0.01455   0.01574   0.01682   0.00798   0.00950   0.01608   0.00883   0.01781   0.00653   0.00605   0.00425   0.00463   0.01965   0.02776   0.03475   0.01729   0.01656   0.02118   0.04762   0.00346   0.02645   0.00000   0.03536   0.03514   0.04331   0.02353   0.10074   2.00000   1.09989   0.02896   0.27919   2.57308  
  1 99.0000   1129.023652  x:  0.00243   0.01570   0.01608   0.01455   0.01574   0.01682   0.00798   0.00950   0.01608   0.00882   0.01781   0.00652   0.00605   0.00425   0.00463   0.01965   0.02776   0.03475   0.01729   0.01656   0.02118   0.04762   0.00346   0.02645   0.00000   0.03536   0.03514   0.04331   0.02353   0.10074   2.00000   1.09989   0.02896   0.27919   2.57308  
  2 620.1283   1121.589193  x:  0.00228   0.01572   0.01262   0.01429   0.01230   0.01349   0.00441   0.00600   0.01260   0.00867   0.01602   0.00303   0.00255   0.00075   0.00113   0.01768   0.02685   0.03482   0.01556   0.01607   0.01914   0.04768   0.00000   0.02625   0.00000   0.03396   0.03520   0.04317   0.02131   0.10146   2.00013   1.09995   0.02890   0.27878   2.57308  
  3 44524.6509   1120.125816  x:  0.00225   0.01574   0.01188   0.01423   0.01156   0.01278   0.00364   0.00526   0.01186   0.00861   0.01565   0.00228   0.00181   0.00000   0.00039   0.01727   0.02666   0.03484   0.01520   0.01597   0.01872   0.04769   0.00000   0.02621   0.00000   0.03367   0.03521   0.04314   0.02085   0.10160   2.00016   1.09997   0.02888   0.27870   2.57308  
  4 1767875.9989   1119.490026  x:  0.00228   0.01580   0.01154   0.01418   0.01119   0.01242   0.00324   0.00488   0.01148   0.00870   0.01557   0.00190   0.00143   0.00000   0.00000   0.01719   0.02652   0.03494   0.01512   0.01578   0.01861   0.04778   0.00000   0.02622   0.00000   0.03351   0.03532   0.04317   0.02073   0.10180   2.00018   1.09997   0.02889   0.27851   2.57308  
  5 1594.9629   1117.330600  x:  0.00225   0.01552   0.01032   0.01415   0.00978   0.01105   0.00170   0.00346   0.01007   0.00852   0.01516   0.00048   0.00000   0.00000   0.00000   0.01676   0.02612   0.03512   0.01472   0.01574   0.01814   0.04801   0.00000   0.02619   0.00000   0.03298   0.03551   0.04314   0.02028   0.10249   2.00024   1.09996   0.02890   0.27769   2.57308  
  6 6281.1297   1116.685359  x:  0.00222   0.01560   0.00991   0.01412   0.00931   0.01060   0.00117   0.00298   0.00960   0.00854   0.01500   0.00000   0.00000   0.00000   0.00000   0.01659   0.02606   0.03511   0.01456   0.01576   0.01797   0.04802   0.00000   0.02616   0.00000   0.03283   0.03549   0.04311   0.02011   0.10265   2.00026   1.09996   0.02890   0.27740   2.57308  
  7 11108.5526   1115.469494  x:  0.00224   0.01547   0.00904   0.01399   0.00830   0.00963   0.00000   0.00196   0.00859   0.00847   0.01468   0.00000   0.00000   0.00000   0.00000   0.01619   0.02608   0.03504   0.01426   0.01532   0.01757   0.04788   0.00000   0.02613   0.00000   0.03268   0.03538   0.04312   0.01965   0.10266   2.00031   1.09995   0.02891   0.27677   2.57308  
  8 5070.6956   1113.617164  x:  0.00239   0.01555   0.00733   0.01415   0.00635   0.00774   0.00000   0.00000   0.00665   0.00843   0.01433   0.00000   0.00000   0.00000   0.00000   0.01566   0.02566   0.03552   0.01395   0.01540   0.01692   0.04783   0.00000   0.02620   0.00000   0.03245   0.03588   0.04327   0.01869   0.10211   2.00039   1.09994   0.02892   0.27573   2.57308  
  9 1825.8262   1108.866745  x:  0.00166   0.01547   0.00165   0.01217   0.00000   0.00169   0.00000   0.00000   0.00036   0.00827   0.01340   0.00000   0.00000   0.00000   0.00000   0.01489   0.02443   0.03594   0.01290   0.01537   0.01586   0.04883   0.00000   0.02583   0.00000   0.03102   0.03631   0.04254   0.01693   0.10207   2.00063   1.09994   0.02892   0.27283   2.57309  
 10 2327.0204   1108.663031  x:  0.00164   0.01547   0.00133   0.01220   0.00000   0.00134   0.00000   0.00000   0.00000   0.00826   0.01334   0.00000   0.00000   0.00000   0.00000   0.01485   0.02440   0.03594   0.01285   0.01533   0.01582   0.04888   0.00000   0.02581   0.00000   0.03093   0.03629   0.04252   0.01687   0.10213   2.00065   1.09994   0.02892   0.27268   2.57309  
 11 3857.9968   1108.118169  x:  0.00186   0.01547   0.00003   0.01203   0.00000   0.00000   0.00000   0.00000   0.00000   0.00824   0.01317   0.00000   0.00000   0.00000   0.00000   0.01457   0.02450   0.03601   0.01272   0.01538   0.01558   0.04882   0.00000   0.02589   0.00000   0.03075   0.03629   0.04274   0.01677   0.10259   2.00070   1.09995   0.02891   0.27216   2.57309  
 12 1728.8914   1108.111744  x:  0.00186   0.01547   0.00000   0.01203   0.00000   0.00000   0.00000   0.00000   0.00000   0.00824   0.01317   0.00000   0.00000   0.00000   0.00000   0.01457   0.02450   0.03601   0.01272   0.01538   0.01558   0.04881   0.00000   0.02589   0.00000   0.03075   0.03630   0.04274   0.01677   0.10260   2.00070   1.09995   0.02891   0.27215   2.57309  
 13 470.0489   1107.261196  x:  0.00350   0.01564   0.00000   0.01143   0.00000   0.00000   0.00000   0.00000   0.00000   0.00783   0.01563   0.00000   0.00000   0.00000   0.00000   0.01764   0.01948   0.03303   0.01451   0.01505   0.01326   0.04554   0.00000   0.02238   0.00000   0.02846   0.03439   0.04437   0.00585   0.10478   2.00363   1.10135   0.02762   0.26136   2.57306  
 14 56.1772   1105.367845  x:  0.00249   0.01549   0.00000   0.00912   0.00000   0.00000   0.00000   0.00000   0.00000   0.00798   0.01103   0.00000   0.00000   0.00000   0.00000   0.01636   0.01370   0.03213   0.00857   0.01294   0.00441   0.04385   0.00000   0.02384   0.00000   0.01920   0.03507   0.04335   0.00823   0.09340   2.01594   1.10744   0.02188   0.21973   2.57297  
 15 63.2988   1104.513157  x:  0.00197   0.01521   0.00000   0.00786   0.00000   0.00000   0.00000   0.00000   0.00000   0.00820   0.00631   0.00000   0.00000   0.00000   0.00000   0.01190   0.01387   0.03314   0.00496   0.01186   0.00875   0.04543   0.00000   0.02427   0.00000   0.01557   0.03646   0.04282   0.00545   0.08785   2.02301   1.11094   0.01857   0.19605   2.57292  
 16 321.3264   1104.130359  x:  0.00171   0.01528   0.00000   0.00748   0.00000   0.00000   0.00000   0.00000   0.00000   0.00815   0.00521   0.00000   0.00000   0.00000   0.00000   0.00693   0.01480   0.03286   0.00755   0.01141   0.00779   0.05088   0.00000   0.02321   0.00000   0.01618   0.03638   0.04255   0.00420   0.08546   2.02668   1.11276   0.01682   0.18435   2.57290  
 17 157.3577   1104.015734  x:  0.00184   0.01531   0.00000   0.00736   0.00000   0.00000   0.00000   0.00000   0.00000   0.00812   0.00678   0.00000   0.00000   0.00000   0.00000   0.00582   0.01549   0.03304   0.00587   0.01131   0.00719   0.05315   0.00000   0.02263   0.00000   0.01759   0.03630   0.04269   0.00366   0.08519   2.02823   1.11352   0.01609   0.17954   2.57289  
 18 100.6901   1103.919126  x:  0.00204   0.01538   0.00000   0.00730   0.00000   0.00000   0.00000   0.00000   0.00000   0.00806   0.00541   0.00000   0.00000   0.00000   0.00000   0.00717   0.01617   0.03372   0.00515   0.01125   0.00642   0.05463   0.00000   0.02196   0.00000   0.01971   0.03622   0.04289   0.00323   0.08566   2.03027   1.11450   0.01512   0.17340   2.57289  
 19 61.7744   1103.216048  x:  0.00307   0.01635   0.00000   0.00746   0.00000   0.00000   0.00000   0.00000   0.00000   0.00672   0.00478   0.00000   0.00000   0.00000   0.00000   0.00579   0.01190   0.03598   0.00498   0.01085   0.00781   0.05500   0.00000   0.01878   0.00000   0.02313   0.03293   0.04395   0.00569   0.08878   2.04882   1.12336   0.00628   0.11994   2.57286  
 20 79.2236   1102.557266  x:  0.00321   0.01746   0.00000   0.00780   0.00000   0.00000   0.00000   0.00000   0.00000   0.00531   0.00603   0.00000   0.00000   0.00000   0.00000   0.00745   0.01446   0.03656   0.00564   0.01070   0.00758   0.05753   0.00000   0.02128   0.00000   0.02011   0.03215   0.04413   0.00503   0.09068   2.06620   1.13163  -0.00199   0.07164   2.57284  
 21 428.7670   1102.490553  x:  0.00322   0.01748   0.00000   0.00790   0.00000   0.00000   0.00000   0.00000   0.00000   0.00529   0.00578   0.00000   0.00000   0.00000   0.00000   0.00723   0.01439   0.03309   0.00546   0.01075   0.00764   0.05733   0.00000   0.02129   0.00000   0.02077   0.03542   0.04413   0.00524   0.09155   2.06974   1.13288  -0.00324   0.06782   2.57284  
 22 25.2120   1101.404649  x:  0.00436   0.01591   0.00000   0.01251   0.00000   0.00000   0.00000   0.00000   0.00000   0.00827   0.00398   0.00000   0.00000   0.00000   0.00000   0.00485   0.01615   0.03387   0.00373   0.01303   0.00580   0.06017   0.00000   0.01928   0.00000   0.01480   0.03334   0.04517   0.00481   0.10532   2.17984   1.16347  -0.03394   0.07135   2.57291  
 23 12.6649   1101.316437  x:  0.00415   0.01586   0.00000   0.01289   0.00000   0.00000   0.00000   0.00000   0.00000   0.00842   0.00374   0.00000   0.00000   0.00000   0.00000   0.00454   0.01478   0.03329   0.00363   0.01315   0.00591   0.06080   0.00000   0.02276   0.00000   0.01580   0.03210   0.04496   0.00424   0.10690   2.18963   1.16609  -0.03658   0.07200   2.57291  
 24 92.0435   1100.924630  x:  0.00449   0.01842   0.00000   0.01337   0.00000   0.00000   0.00000   0.00000   0.00000   0.00460   0.00354   0.00000   0.00000   0.00000   0.00000   0.00437   0.01476   0.03334   0.00328   0.01186   0.00556   0.06356   0.00000   0.02317   0.00000   0.01421   0.03335   0.04538   0.00414   0.11139   2.24881   1.17900  -0.04958   0.09118   2.57288  
 25 15.3896   1098.549449  x:  0.00263   0.01653   0.00000   0.00908   0.00000   0.00000   0.00000   0.00000   0.00000   0.00846   0.00638   0.00000   0.00000   0.00000   0.00000   0.00791   0.01215   0.03477   0.00543   0.00943   0.00678   0.07273   0.00000   0.02352   0.00000   0.01428   0.03712   0.04331   0.00379   0.12569   3.09264   1.34509  -0.21643   0.14055   2.57302  
 26  9.9123   1097.371214  x:  0.00387   0.01939   0.00000   0.01171   0.00000   0.00000   0.00000   0.00000   0.00000   0.00791   0.00541   0.00000   0.00000   0.00000   0.00000   0.00593   0.01690   0.03336   0.00576   0.00897   0.00685   0.05351   0.00000   0.02327   0.00000   0.01861   0.03410   0.04446   0.00396   0.11105   3.52911   1.42250  -0.29440   0.15529   2.57319  
 27  9.6378   1097.196822  x:  0.00300   0.01853   0.00000   0.01154   0.00000   0.00000   0.00000   0.00000   0.00000   0.00678   0.00552   0.00000   0.00000   0.00000   0.00000   0.00595   0.01656   0.03432   0.00592   0.01337   0.00690   0.05283   0.00000   0.02301   0.00000   0.01892   0.03489   0.04351   0.00371   0.11023   3.61909   1.41927  -0.29051   0.15379   2.57291  
 28  1.2877   1096.995733  x:  0.00317   0.01436   0.00000   0.01160   0.00000   0.00000   0.00000   0.00000   0.00000   0.00543   0.00562   0.00000   0.00000   0.00000   0.00000   0.00579   0.01749   0.03492   0.00616   0.01243   0.00681   0.05095   0.00000   0.02331   0.00000   0.01924   0.03501   0.04344   0.00387   0.11632   3.72331   1.35726  -0.22943   0.13913   2.57312  
 29  0.5478   1096.785501  x:  0.00216   0.01771   0.00000   0.01030   0.00000   0.00000   0.00000   0.00000   0.00000   0.00578   0.00576   0.00000   0.00000   0.00000   0.00000   0.00575   0.01899   0.03384   0.00622   0.01275   0.00654   0.04984   0.00000   0.02367   0.00000   0.01892   0.03356   0.04213   0.00431   0.12708   3.83753   1.28496  -0.15809   0.12293   2.57325  
 30  0.9461   1096.679777  x:  0.00348   0.01890   0.00000   0.01157   0.00000   0.00000   0.00000   0.00000   0.00000   0.00589   0.00601   0.00000   0.00000   0.00000   0.00000   0.00571   0.01837   0.03763   0.00652   0.01244   0.00633   0.04899   0.00000   0.02439   0.00000   0.01886   0.03714   0.04330   0.00363   0.13072   3.89221   1.28206  -0.15517   0.11942   2.57308  
 31  0.5410   1096.616885  x:  0.00289   0.01863   0.00000   0.01146   0.00000   0.00000   0.00000   0.00000   0.00000   0.00571   0.00598   0.00000   0.00000   0.00000   0.00000   0.00568   0.01845   0.03756   0.00625   0.01224   0.00598   0.04841   0.00000   0.02436   0.00000   0.01857   0.03693   0.04261   0.00359   0.13456   3.92821   1.39448  -0.26797   0.13646   2.57316  
 32  0.4337   1096.584109  x:  0.00296   0.01829   0.00000   0.01236   0.00000   0.00000   0.00000   0.00000   0.00000   0.00599   0.00620   0.00000   0.00000   0.00000   0.00000   0.00633   0.01834   0.03646   0.00588   0.01212   0.00600   0.05021   0.00000   0.02461   0.00000   0.01834   0.03677   0.04276   0.00374   0.13634   4.05113   1.38103  -0.25443   0.13456   2.57318  
 33  0.1406   1096.573511  x:  0.00304   0.01814   0.00000   0.01217   0.00000   0.00000   0.00000   0.00000   0.00000   0.00601   0.00598   0.00000   0.00000   0.00000   0.00000   0.00597   0.01808   0.03620   0.00590   0.01196   0.00609   0.04954   0.00000   0.02431   0.00000   0.01807   0.03679   0.04285   0.00351   0.13603   4.15411   1.37842  -0.25186   0.13241   2.57319  
 34  0.0914   1096.571977  x:  0.00307   0.01816   0.00000   0.01206   0.00000   0.00000   0.00000   0.00000   0.00000   0.00601   0.00592   0.00000   0.00000   0.00000   0.00000   0.00592   0.01815   0.03644   0.00593   0.01202   0.00608   0.04993   0.00000   0.02439   0.00000   0.01820   0.03693   0.04290   0.00367   0.13582   4.17692   1.37920  -0.25260   0.13370   2.57318  
 35  0.0343   1096.571521  x:  0.00305   0.01823   0.00000   0.01209   0.00000   0.00000   0.00000   0.00000   0.00000   0.00596   0.00596   0.00000   0.00000   0.00000   0.00000   0.00597   0.01808   0.03645   0.00598   0.01205   0.00609   0.04987   0.00000   0.02437   0.00000   0.01825   0.03681   0.04289   0.00361   0.13566   4.18735   1.37992  -0.25329   0.13463   2.57317  
 36  0.0123   1096.571487  x:  0.00302   0.01823   0.00000   0.01206   0.00000   0.00000   0.00000   0.00000   0.00000   0.00598   0.00598   0.00000   0.00000   0.00000   0.00000   0.00598   0.01807   0.03647   0.00596   0.01204   0.00608   0.04985   0.00000   0.02439   0.00000   0.01823   0.03681   0.04288   0.00362   0.13558   4.18940   1.37974  -0.25311   0.13458   2.57317  
 37  0.0023   1096.571484  x:  0.00302   0.01823   0.00000   0.01205   0.00000   0.00000   0.00000   0.00000   0.00000   0.00598   0.00599   0.00000   0.00000   0.00000   0.00000   0.00598   0.01807   0.03647   0.00597   0.01203   0.00608   0.04986   0.00000   0.02439   0.00000   0.01823   0.03681   0.04288   0.00362   0.13559   4.18947   1.37975  -0.25312   0.13455   2.57317  
 38  0.0001   1096.571484  x:  0.00301   0.01823   0.00000   0.01205   0.00000   0.00000   0.00000   0.00000   0.00000   0.00598   0.00599   0.00000   0.00000   0.00000   0.00000   0.00598   0.01807   0.03647   0.00597   0.01203   0.00608   0.04986   0.00000   0.02439   0.00000   0.01823   0.03681   0.04289   0.00362   0.13559   4.18945   1.37978  -0.25314   0.13455   2.57317  
 39  0.0001   1096.571484  x:  0.00301   0.01823   0.00000   0.01205   0.00000   0.00000   0.00000   0.00000   0.00000   0.00598   0.00599   0.00000   0.00000   0.00000   0.00000   0.00598   0.01807   0.03647   0.00597   0.01203   0.00608   0.04986   0.00000   0.02439   0.00000   0.01823   0.03681   0.04289   0.00362   0.13559   4.18945   1.37978  -0.25314   0.13455   2.57317  