

TREE # 1

  0  0.0000    212.261072  x:  0.00000   0.01418   0.05768   0.01875   0.06718   0.06630   0.03262   0.03858   0.06579   0.01914   0.04949   0.02473   0.02322   0.01582   0.01896   0.05925   0.05469   0.02542   0.04810   0.04164   0.06994   0.03554   0.01247   0.01914   0.00903   0.06753   0.04878   0.04088   0.07348   0.03966   2.00000   1.09989   0.02896   0.27919  
  1 99.0000    212.260280  x:  0.00000   0.01418   0.05768   0.01875   0.06718   0.06630   0.03262   0.03858   0.06579   0.01914   0.04949   0.02473   0.02322   0.01582   0.01896   0.05925   0.05469   0.02542   0.04810   0.04164   0.06994   0.03554   0.01247   0.01914   0.00903   0.06753   0.04878   0.04088   0.07348   0.03966   2.00000   1.09989   0.02896   0.27919  
  2 174.8231    204.218303  x:  0.00000   0.00518   0.04869   0.00968   0.05819   0.05732   0.02307   0.02954   0.05680   0.01007   0.04047   0.01567   0.01416   0.00674   0.00989   0.05025   0.04569   0.01636   0.03908   0.03961   0.06096   0.02650   0.00339   0.01007   0.00000   0.05854   0.04587   0.03205   0.06456   0.04529   2.00012   1.09993   0.02893   0.27367  
  3 9533.7057    201.161005  x:  0.00000   0.00191   0.04540   0.00630   0.05481   0.05394   0.01907   0.02616   0.05343   0.00669   0.03709   0.01229   0.01077   0.00336   0.00650   0.04686   0.04231   0.01297   0.03570   0.03796   0.05758   0.02311   0.00000   0.00668   0.00000   0.05522   0.04358   0.02881   0.06112   0.04446   2.00027   1.09908   0.02982   0.26098  
  4 526.2920    199.461090  x:  0.00000   0.00000   0.04344   0.00429   0.05283   0.05195   0.01625   0.02416   0.05144   0.00468   0.03509   0.01028   0.00876   0.00135   0.00449   0.04487   0.04031   0.01096   0.03371   0.04175   0.05559   0.02111   0.00000   0.00467   0.00000   0.05332   0.04689   0.02674   0.05875   0.04422   2.00038   1.09893   0.02999   0.25290  
  5 488.7158    198.234088  x:  0.00000   0.00000   0.04205   0.00294   0.05164   0.05075   0.01197   0.02288   0.05025   0.00334   0.03384   0.00896   0.00744   0.00000   0.00316   0.04366   0.03908   0.00964   0.03246   0.03841   0.05439   0.01982   0.00000   0.00333   0.00000   0.05247   0.05122   0.02441   0.05535   0.04444   2.00048   1.10118   0.02772   0.24880  
  6 88.8417    195.547870  x:  0.00000   0.00000   0.03903   0.00000   0.04914   0.04822   0.00139   0.02012   0.04775   0.00042   0.03118   0.00611   0.00457   0.00000   0.00027   0.04110   0.03646   0.00677   0.02981   0.03743   0.05185   0.01706   0.00000   0.00043   0.00000   0.05082   0.05220   0.01870   0.04698   0.04516   2.00071   1.10717   0.02165   0.24106  
  7 410.7659    195.338887  x:  0.00000   0.00000   0.03853   0.00000   0.04888   0.04795   0.00062   0.01986   0.04748   0.00016   0.03092   0.00585   0.00432   0.00000   0.00000   0.04083   0.03620   0.00651   0.02955   0.03737   0.05156   0.01679   0.00000   0.00017   0.00000   0.05056   0.05221   0.01929   0.04674   0.04527   2.00078   1.10890   0.02004   0.23973  
  8 48.5880    195.236755  x:  0.00000   0.00000   0.03823   0.00000   0.04873   0.04780   0.00002   0.01970   0.04733   0.00000   0.03077   0.00569   0.00416   0.00000   0.00000   0.04068   0.03604   0.00635   0.02939   0.03735   0.05140   0.01664   0.00000   0.00001   0.00000   0.05041   0.05222   0.01977   0.04700   0.04529   2.00081   1.10976   0.01921   0.23912  
  9 495.1610    195.232747  x:  0.00000   0.00000   0.03822   0.00000   0.04872   0.04779   0.00000   0.01969   0.04733   0.00000   0.03076   0.00569   0.00416   0.00000   0.00000   0.04068   0.03604   0.00635   0.02939   0.03735   0.05140   0.01663   0.00000   0.00000   0.00000   0.05041   0.05222   0.01975   0.04701   0.04530   2.00081   1.10980   0.01917   0.23909  
 10 89.3996    192.494963  x:  0.00000   0.00000   0.02835   0.00000   0.04522   0.04421   0.00000   0.01567   0.04383   0.00000   0.02697   0.00142   0.00000   0.00000   0.00000   0.03704   0.03231   0.00212   0.02558   0.03702   0.04752   0.01248   0.00000   0.00000   0.00000   0.04646   0.05246   0.01145   0.04582   0.04585   2.00173   1.13528  -0.00488   0.22422  
 11 509.6574    191.516704  x:  0.00000   0.00000   0.02369   0.00000   0.04430   0.04324   0.00000   0.01441   0.04290   0.00000   0.02585   0.00000   0.00000   0.00000   0.00000   0.03603   0.03124   0.00071   0.02445   0.03687   0.04637   0.01114   0.00000   0.00000   0.00000   0.04537   0.05260   0.00956   0.04269   0.04609   2.00232   1.15024  -0.01987   0.21548  
 12 244.1483    190.936396  x:  0.00000   0.00000   0.02225   0.00000   0.04334   0.04228   0.00000   0.01363   0.04195   0.00000   0.02500   0.00000   0.00000   0.00000   0.00000   0.03512   0.03036   0.00000   0.02361   0.03676   0.04535   0.01037   0.00000   0.00000   0.00000   0.04439   0.05268   0.00915   0.04075   0.04624   2.00273   1.15935  -0.02900   0.21000  
 13 1161.7691    183.727272  x:  0.00000   0.00000   0.00000   0.00000   0.03184   0.03069   0.00000   0.00348   0.03049   0.00000   0.01433   0.00000   0.00000   0.00000   0.00000   0.02393   0.01944   0.00000   0.01301   0.03521   0.03281   0.00020   0.00000   0.00000   0.00000   0.03232   0.05381   0.00484   0.01397   0.04831   2.00809   1.27679  -0.14682   0.13845  
 14 33272.3581    183.727272  x:  0.00000   0.00000   0.00000   0.00000   0.03184   0.03069   0.00000   0.00348   0.03049   0.00000   0.01433   0.00000   0.00000   0.00000   0.00000   0.02393   0.01944   0.00000   0.01301   0.03521   0.03281   0.00020   0.00000   0.00000   0.00000   0.03232   0.05381   0.00484   0.01397   0.04831   2.00809   1.27679  -0.14682   0.13845  
 15 36.6025    183.635631  x:  0.00000   0.00000   0.00000   0.00000   0.03165   0.03050   0.00000   0.00329   0.03030   0.00000   0.01414   0.00000   0.00000   0.00000   0.00000   0.02373   0.01925   0.00000   0.01281   0.03518   0.03262   0.00000   0.00000   0.00000   0.00000   0.03212   0.05373   0.00465   0.01378   0.04847   2.00809   1.27679  -0.14683   0.13837  
 16 127.0024    182.144537  x:  0.00000   0.00000   0.00000   0.00000   0.02839   0.02723   0.00000   0.00000   0.02703   0.00000   0.01086   0.00000   0.00000   0.00000   0.00000   0.02046   0.01598   0.00000   0.00953   0.03466   0.02936   0.00000   0.00000   0.00000   0.00000   0.02886   0.05223   0.00142   0.01053   0.05269   2.00814   1.27686  -0.14690   0.13659  
 17 8736.7869    181.490288  x:  0.00000   0.00000   0.00000   0.00000   0.02683   0.02567   0.00000   0.00000   0.02547   0.00000   0.00930   0.00000   0.00000   0.00000   0.00000   0.01890   0.01442   0.00000   0.00797   0.03470   0.02780   0.00000   0.00000   0.00000   0.00000   0.02730   0.05155   0.00000   0.00911   0.05337   2.00820   1.27674  -0.14678   0.13268  
 18 170.9725    178.369383  x:  0.00000   0.00000   0.00000   0.00000   0.01885   0.01770   0.00000   0.00000   0.01749   0.00000   0.00133   0.00000   0.00000   0.00000   0.00000   0.01093   0.00646   0.00000   0.00000   0.03643   0.01982   0.00000   0.00000   0.00000   0.00000   0.01932   0.04630   0.00000   0.00202   0.05669   2.00853   1.27579  -0.14582   0.11125  
 19 10680.9667    177.897408  x:  0.00000   0.00000   0.00000   0.00000   0.01753   0.01637   0.00000   0.00000   0.01616   0.00000   0.00000   0.00000   0.00000   0.00000   0.00000   0.00960   0.00513   0.00000   0.00000   0.03653   0.01849   0.00000   0.00000   0.00000   0.00000   0.01799   0.04552   0.00000   0.00088   0.05722   2.00859   1.27561  -0.14564   0.10760  
 20 23011.6872    177.562401  x:  0.00000   0.00000   0.00000   0.00000   0.01652   0.01536   0.00000   0.00000   0.01515   0.00000   0.00000   0.00000   0.00000   0.00000   0.00000   0.00859   0.00413   0.00000   0.00000   0.03630   0.01747   0.00000   0.00000   0.00000   0.00000   0.01698   0.04451   0.00000   0.00000   0.05765   2.00864   1.27545  -0.14548   0.10461  
 21 2637.3969    176.366438  x:  0.00000   0.00000   0.00000   0.00000   0.01236   0.01121   0.00000   0.00000   0.01099   0.00000   0.00000   0.00000   0.00000   0.00000   0.00000   0.00445   0.00000   0.00000   0.00000   0.03764   0.01331   0.00000   0.00000   0.00000   0.00000   0.01281   0.04331   0.00000   0.00000   0.05952   2.00884   1.27478  -0.14481   0.09242  
 22 695.0553    175.254680  x:  0.00000   0.00000   0.00000   0.00000   0.00791   0.00676   0.00000   0.00000   0.00654   0.00000   0.00000   0.00000   0.00000   0.00000   0.00000   0.00000   0.00000   0.00000   0.00000   0.03817   0.00886   0.00000   0.00000   0.00000   0.00000   0.00836   0.04185   0.00000   0.00000   0.06106   2.00904   1.27445  -0.14449   0.08071  
 23 1127.2354    173.807526  x:  0.00000   0.00000   0.00000   0.00000   0.00137   0.00022   0.00000   0.00000   0.00000   0.00000   0.00000   0.00000   0.00000   0.00000   0.00000   0.00000   0.00000   0.00000   0.00000   0.03890   0.00231   0.00000   0.00000   0.00000   0.00000   0.00182   0.03934   0.00000   0.00000   0.06370   2.00939   1.27377  -0.14380   0.06031  
 24 1171.8705    173.767170  x:  0.00000   0.00000   0.00000   0.00000   0.00115   0.00000   0.00000   0.00000   0.00000   0.00000   0.00000   0.00000   0.00000   0.00000   0.00000   0.00000   0.00000   0.00000   0.00000   0.03892   0.00209   0.00000   0.00000   0.00000   0.00000   0.00160   0.03927   0.00000   0.00000   0.06378   2.00940   1.27375  -0.14378   0.05963  
 25 3842.5870    173.598018  x:  0.00000   0.00000   0.00000   0.00000   0.00000   0.00000   0.00000   0.00000   0.00000   0.00000   0.00000   0.00000   0.00000   0.00000   0.00000   0.00000   0.00000   0.00000   0.00000   0.03901   0.00095   0.00000   0.00000   0.00000   0.00000   0.00045   0.03893   0.00000   0.00000   0.06420   2.00946   1.27367  -0.14371   0.05611  
 26 849905.9204    173.547635  x:  0.00000   0.00000   0.00000   0.00000   0.00000   0.00000   0.00000   0.00000   0.00000   0.00000   0.00000   0.00000   0.00000   0.00000   0.00000   0.00000   0.00000   0.00000   0.00000   0.03904   0.00050   0.00000   0.00000   0.00000   0.00000   0.00000   0.03883   0.00000   0.00000   0.06436   2.00949   1.27367  -0.14370   0.05466  
 27 910.2632    173.522315  x:  0.00000   0.00000   0.00000   0.00000   0.00000   0.00000   0.00000   0.00000   0.00000   0.00000   0.00000   0.00000   0.00000   0.00000   0.00000   0.00000   0.00000   0.00000   0.00000   0.03905   0.00000   0.00000   0.00000   0.00000   0.00000   0.00000   0.03877   0.00000   0.00000   0.06444   2.00950   1.27363  -0.14366   0.05408  
 28 133.1401    172.829839  x:  0.00000   0.00000   0.00000   0.00000   0.00000   0.00000   0.00000   0.00000   0.00000   0.00000   0.00000   0.00000   0.00000   0.00000   0.00000   0.00000   0.00000   0.00000   0.00000   0.01695   0.00000   0.00000   0.00000   0.00000   0.00000   0.00000   0.01976   0.00000   0.00000   0.07418   2.03391   1.28572  -0.15575   0.00000  
 29  0.6983    172.330728  x:  0.00000   0.00000   0.00000   0.00000   0.00000   0.00000   0.00000   0.00000   0.00000   0.00000   0.00000   0.00000   0.00000   0.00000   0.00000   0.00000   0.00000   0.00000   0.00000   0.02567   0.00000   0.00000   0.00000   0.00000   0.00000   0.00000   0.00966   0.00000   0.00000   0.08861   2.07864   1.47499  -0.34503   0.00000  
 30  2.3510    171.151214  x:  0.00000   0.00000   0.00000   0.00000   0.00000   0.00000   0.00000   0.00000   0.00000   0.00000   0.00000   0.00000   0.00000   0.00000   0.00000   0.00000   0.00000   0.00000   0.00000   0.02504   0.00000   0.00000   0.00000   0.00000   0.00000   0.00000   0.02216   0.00000   0.00000   0.15323   2.21644   2.00237  -0.87240   0.00000  
 31 38.2773    169.874736  x:  0.00000   0.00000   0.00000   0.00000   0.00000   0.00000   0.00000   0.00000   0.00000   0.00000   0.00000   0.00000   0.00000   0.00000   0.00000   0.00000   0.00000   0.00000   0.00000   0.02504   0.00000   0.00000   0.00000   0.00000   0.00000   0.00000   0.01874   0.00000   0.00000   0.07006   2.73877   2.64280  -1.51282   0.00000  
 32  0.7016    169.625512  x:  0.00000   0.00000   0.00000   0.00000   0.00000   0.00000   0.00000   0.00000   0.00000   0.00000   0.00000   0.00000   0.00000   0.00000   0.00000   0.00000   0.00000   0.00000   0.00000   0.02530   0.00000   0.00000   0.00000   0.00000   0.00000   0.00000   0.02450   0.00000   0.00000   0.09475   3.34076   3.11695  -1.98697   0.00000  
 33  0.4415    169.491741  x:  0.00000   0.00000   0.00000   0.00000   0.00000   0.00000   0.00000   0.00000   0.00000   0.00000   0.00000   0.00000   0.00000   0.00000   0.00000   0.00000   0.00000   0.00000   0.00000   0.02434   0.00000   0.00000   0.00000   0.00000   0.00000   0.00000   0.02639   0.00000   0.00000   0.07354   3.84678   3.55795  -2.42796   0.00000  
 34  0.6605    169.463796  x:  0.00000   0.00000   0.00000   0.00000   0.00000   0.00000   0.00000   0.00000   0.00000   0.00000   0.00000   0.00000   0.00000   0.00000   0.00000   0.00000   0.00000   0.00000   0.00000   0.02381   0.00000   0.00000   0.00000   0.00000   0.00000   0.00000   0.02710   0.00000   0.00000   0.08151   4.28378   3.92207  -2.79209   0.00000  
 35  0.2596    169.454385  x:  0.00000   0.00000   0.00000   0.00000   0.00000   0.00000   0.00000   0.00000   0.00000   0.00000   0.00000   0.00000   0.00000   0.00000   0.00000   0.00000   0.00000   0.00000   0.00000   0.02513   0.00000   0.00000   0.00000   0.00000   0.00000   0.00000   0.02655   0.00000   0.00000   0.07709   4.52116   4.15653  -3.02655   0.00000  
 36  0.2282    169.451041  x:  0.00000   0.00000   0.00000   0.00000   0.00000   0.00000   0.00000   0.00000   0.00000   0.00000   0.00000   0.00000   0.00000   0.00000   0.00000   0.00000   0.00000   0.00000   0.00000   0.02396   0.00000   0.00000   0.00000   0.00000   0.00000   0.00000   0.02509   0.00000   0.00000   0.07787   4.59695   4.28355  -3.15357   0.00000  
 37  0.1055    169.449679  x:  0.00000   0.00000   0.00000   0.00000   0.00000   0.00000   0.00000   0.00000   0.00000   0.00000   0.00000   0.00000   0.00000   0.00000   0.00000   0.00000   0.00000   0.00000   0.00000   0.02494   0.00000   0.00000   0.00000   0.00000   0.00000   0.00000   0.02449   0.00000   0.00000   0.07891   4.58331   4.32741  -3.19744   0.00000  
 38  0.0414    169.445915  x:  0.00000   0.00000   0.00000   0.00000   0.00000   0.00000   0.00000   0.00000   0.00000   0.00000   0.00000   0.00000   0.00000   0.00000   0.00000   0.00000   0.00000   0.00000   0.00000   0.02497   0.00000   0.00000   0.00000   0.00000   0.00000   0.00000   0.02394   0.00000   0.00000   0.07676   4.29857   4.39883  -3.26886   0.00000  
 39  0.0378    169.441129  x:  0.00000   0.00000   0.00000   0.00000   0.00000   0.00000   0.00000   0.00000   0.00000   0.00000   0.00000   0.00000   0.00000   0.00000   0.00000   0.00000   0.00000   0.00000   0.00000   0.02440   0.00000   0.00000   0.00000   0.00000   0.00000   0.00000   0.02495   0.00000   0.00000   0.07867   4.09062   4.74591  -3.61595   0.00000  
 40  0.1423    169.438230  x:  0.00000   0.00000   0.00000   0.00000   0.00000   0.00000   0.00000   0.00000   0.00000   0.00000   0.00000   0.00000   0.00000   0.00000   0.00000   0.00000   0.00000   0.00000   0.00000   0.02456   0.00000   0.00000   0.00000   0.00000   0.00000   0.00000   0.02503   0.00000   0.00000   0.07816   4.33342   5.20284  -4.07289   0.00000  
 41  0.3117    169.437035  x:  0.00000   0.00000   0.00000   0.00000   0.00000   0.00000   0.00000   0.00000   0.00000   0.00000   0.00000   0.00000   0.00000   0.00000   0.00000   0.00000   0.00000   0.00000   0.00000   0.02475   0.00000   0.00000   0.00000   0.00000   0.00000   0.00000   0.02481   0.00000   0.00000   0.07754   4.18209   5.64480  -4.51486   0.00000  
 42  0.2852    169.436558  x:  0.00000   0.00000   0.00000   0.00000   0.00000   0.00000   0.00000   0.00000   0.00000   0.00000   0.00000   0.00000   0.00000   0.00000   0.00000   0.00000   0.00000   0.00000   0.00000   0.02453   0.00000   0.00000   0.00000   0.00000   0.00000   0.00000   0.02497   0.00000   0.00000   0.07832   4.24821   6.10044  -4.97051   0.00000  
 43  0.2595    169.436356  x:  0.00000   0.00000   0.00000   0.00000   0.00000   0.00000   0.00000   0.00000   0.00000   0.00000   0.00000   0.00000   0.00000   0.00000   0.00000   0.00000   0.00000   0.00000   0.00000   0.02470   0.00000   0.00000   0.00000   0.00000   0.00000   0.00000   0.02489   0.00000   0.00000   0.07770   4.21928   6.59557  -5.46566   0.00000  
 44  0.2689    169.436283  x:  0.00000   0.00000   0.00000   0.00000   0.00000   0.00000   0.00000   0.00000   0.00000   0.00000   0.00000   0.00000   0.00000   0.00000   0.00000   0.00000   0.00000   0.00000   0.00000   0.02459   0.00000   0.00000   0.00000   0.00000   0.00000   0.00000   0.02492   0.00000   0.00000   0.07811   4.23299   7.03903  -5.90913   0.00000  
 45  0.2524    169.436253  x:  0.00000   0.00000   0.00000   0.00000   0.00000   0.00000   0.00000   0.00000   0.00000   0.00000   0.00000   0.00000   0.00000   0.00000   0.00000   0.00000   0.00000   0.00000   0.00000   0.02466   0.00000   0.00000   0.00000   0.00000   0.00000   0.00000   0.02492   0.00000   0.00000   0.07785   4.22629   7.53824  -6.40835   0.00000  
 46  0.2570    169.436242  x:  0.00000   0.00000   0.00000   0.00000   0.00000   0.00000   0.00000   0.00000   0.00000   0.00000   0.00000   0.00000   0.00000   0.00000   0.00000   0.00000   0.00000   0.00000   0.00000   0.02461   0.00000   0.00000   0.00000   0.00000   0.00000   0.00000   0.02491   0.00000   0.00000   0.07802   4.23000   7.99648  -6.86660   0.00000  
 47  0.2548    169.436237  x:  0.00000   0.00000   0.00000   0.00000   0.00000   0.00000   0.00000   0.00000   0.00000   0.00000   0.00000   0.00000   0.00000   0.00000   0.00000   0.00000   0.00000   0.00000   0.00000   0.02464   0.00000   0.00000   0.00000   0.00000   0.00000   0.00000   0.02492   0.00000   0.00000   0.07791   4.22792   8.42100  -7.29114   0.00000  
 48  0.2369    169.436235  x:  0.00000   0.00000   0.00000   0.00000   0.00000   0.00000   0.00000   0.00000   0.00000   0.00000   0.00000   0.00000   0.00000   0.00000   0.00000   0.00000   0.00000   0.00000   0.00000   0.02462   0.00000   0.00000   0.00000   0.00000   0.00000   0.00000   0.02491   0.00000   0.00000   0.07799   4.22916   8.89636  -7.76651   0.00000  
 49  0.2487    169.436235  x:  0.00000   0.00000   0.00000   0.00000   0.00000   0.00000   0.00000   0.00000   0.00000   0.00000   0.00000   0.00000   0.00000   0.00000   0.00000   0.00000   0.00000   0.00000   0.00000   0.02463   0.00000   0.00000   0.00000   0.00000   0.00000   0.00000   0.02492   0.00000   0.00000   0.07794   4.22839   9.30958  -8.17974   0.00000  
 50  0.2442    169.436234  x:  0.00000   0.00000   0.00000   0.00000   0.00000   0.00000   0.00000   0.00000   0.00000   0.00000   0.00000   0.00000   0.00000   0.00000   0.00000   0.00000   0.00000   0.00000   0.00000   0.02463   0.00000   0.00000   0.00000   0.00000   0.00000   0.00000   0.02491   0.00000   0.00000   0.07797   4.22886   9.79740  -8.66758   0.00000  
 51  0.2468    169.436234  x:  0.00000   0.00000   0.00000   0.00000   0.00000   0.00000   0.00000   0.00000   0.00000   0.00000   0.00000   0.00000   0.00000   0.00000   0.00000   0.00000   0.00000   0.00000   0.00000   0.02463   0.00000   0.00000   0.00000   0.00000   0.00000   0.00000   0.02491   0.00000   0.00000   0.07795   4.22856  10.19576  -9.06594   0.00000  
 52  0.2432    169.436234  x:  0.00000   0.00000   0.00000   0.00000   0.00000   0.00000   0.00000   0.00000   0.00000   0.00000   0.00000   0.00000   0.00000   0.00000   0.00000   0.00000   0.00000   0.00000   0.00000   0.02463   0.00000   0.00000   0.00000   0.00000   0.00000   0.00000   0.02491   0.00000   0.00000   0.07796   4.22875  10.70578  -9.57598   0.00000  
 53  0.2466    169.436234  x:  0.00000   0.00000   0.00000   0.00000   0.00000   0.00000   0.00000   0.00000   0.00000   0.00000   0.00000   0.00000   0.00000   0.00000   0.00000   0.00000   0.00000   0.00000   0.00000   0.02463   0.00000   0.00000   0.00000   0.00000   0.00000   0.00000   0.02491   0.00000   0.00000   0.07795   4.22863  11.07572  -9.94593   0.00000  
 54  0.2391    169.436234  x:  0.00000   0.00000   0.00000   0.00000   0.00000   0.00000   0.00000   0.00000   0.00000   0.00000   0.00000   0.00000   0.00000   0.00000   0.00000   0.00000   0.00000   0.00000   0.00000   0.02463   0.00000   0.00000   0.00000   0.00000   0.00000   0.00000   0.02491   0.00000   0.00000   0.07796   4.22870  11.63766  -10.50789   0.00000  
 55  0.2468    169.436234  x:  0.00000   0.00000   0.00000   0.00000   0.00000   0.00000   0.00000   0.00000   0.00000   0.00000   0.00000   0.00000   0.00000   0.00000   0.00000   0.00000   0.00000   0.00000   0.00000   0.02463   0.00000   0.00000   0.00000   0.00000   0.00000   0.00000   0.02491   0.00000   0.00000   0.07796   4.22865  11.95467  -10.82490   0.00000  
 56  0.2300    169.436234  x:  0.00000   0.00000   0.00000   0.00000   0.00000   0.00000   0.00000   0.00000   0.00000   0.00000   0.00000   0.00000   0.00000   0.00000   0.00000   0.00000   0.00000   0.00000   0.00000   0.02463   0.00000   0.00000   0.00000   0.00000   0.00000   0.00000   0.02491   0.00000   0.00000   0.07796   4.22868  12.69583  -11.56609   0.00000  
 57  0.2534    169.436234  x:  0.00000   0.00000   0.00000   0.00000   0.00000   0.00000   0.00000   0.00000   0.00000   0.00000   0.00000   0.00000   0.00000   0.00000   0.00000   0.00000   0.00000   0.00000   0.00000   0.02463   0.00000   0.00000   0.00000   0.00000   0.00000   0.00000   0.02491   0.00000   0.00000   0.07796   4.22866  12.90865  -11.77891   0.00000  
 58  0.2029    169.436234  x:  0.00000   0.00000   0.00000   0.00000   0.00000   0.00000   0.00000   0.00000   0.00000   0.00000   0.00000   0.00000   0.00000   0.00000   0.00000   0.00000   0.00000   0.00000   0.00000   0.02463   0.00000   0.00000   0.00000   0.00000   0.00000   0.00000   0.02491   0.00000   0.00000   0.07796   4.22867  14.13048  -13.00077   0.00000  
 59  0.2160    169.436234  x:  0.00000   0.00000   0.00000   0.00000   0.00000   0.00000   0.00000   0.00000   0.00000   0.00000   0.00000   0.00000   0.00000   0.00000   0.00000   0.00000   0.00000   0.00000   0.00000   0.02463   0.00000   0.00000   0.00000   0.00000   0.00000   0.00000   0.02491   0.00000   0.00000   0.07796   4.22867  14.13048  -13.00077   0.00000  