Supplemental results for CODEML (seqf: /Users/YY/Desktop/get/branch_site/modify/modify_trim_muscle_rps16.fa  treef: /Users/YY/Desktop/get/branch_site/16gene_topu.tree)


dN/dS (w) for site classes (K=4)

site class             0        1       2a       2b
proportion       0.00000  0.00000  0.84019  0.15981
background w     0.00000  1.00000  0.00000  1.00000
foreground w     0.00000  1.00000  1.00000  1.00000

Naive Empirical Bayes (NEB) probabilities for 4 classes
(amino acids refer to 1st sequence: MF594405)

   1 M   0.00000 0.00000 0.89350 0.10650 ( 3)
   2 V   0.00000 0.00000 0.00001 0.99999 ( 4)
   3 K   0.00000 0.00000 0.89833 0.10167 ( 3)
   4 L   0.00000 0.00000 0.88993 0.11007 ( 3)
   5 R   0.00000 0.00000 0.89261 0.10739 ( 3)
   6 L   0.00000 0.00000 0.85711 0.14289 ( 3)
   7 K   0.00000 0.00000 0.89833 0.10167 ( 3)
   8 R   0.00000 0.00000 0.86407 0.13593 ( 3)
   9 C   0.00000 0.00000 0.88937 0.11063 ( 3)
  10 G   0.00000 0.00000 0.90342 0.09658 ( 3)
  11 R   0.00000 0.00000 0.89179 0.10821 ( 3)
  12 K   0.00000 0.00000 0.87747 0.12253 ( 3)
  13 Q   0.00000 0.00000 0.88187 0.11813 ( 3)
  14 R   0.00000 0.00000 0.87115 0.12885 ( 3)
  15 A   0.00000 0.00000 0.86014 0.13986 ( 3)
  16 V   0.00000 0.00000 0.86138 0.13862 ( 3)
  17 Y   0.00000 0.00000 0.89345 0.10655 ( 3)
  18 R   0.00000 0.00000 0.87115 0.12885 ( 3)
  19 I   0.00000 0.00000 0.86440 0.13560 ( 3)
  20 V   0.00000 0.00000 0.89966 0.10034 ( 3)
  21 A   0.00000 0.00000 0.88644 0.11356 ( 3)
  22 I   0.00000 0.00000 0.90201 0.09799 ( 3)
  23 D   0.00000 0.00000 0.91183 0.08817 ( 3)
  24 V   0.00000 0.00000 0.89966 0.10034 ( 3)
  25 R   0.00000 0.00000 0.87115 0.12885 ( 3)
  26 S   0.00000 0.00000 0.85539 0.14461 ( 3)
  27 R   0.00000 0.00000 0.87115 0.12885 ( 3)
  28 R   0.00000 0.00000 0.89179 0.10821 ( 3)
  29 E   0.00000 0.00000 0.89945 0.10055 ( 3)
  30 G   0.00000 0.00000 0.89010 0.10990 ( 3)
  31 R   0.00000 0.00000 0.89179 0.10821 ( 3)
  32 D   0.00000 0.00000 0.91183 0.08817 ( 3)
  33 L   0.00000 0.00000 0.88993 0.11007 ( 3)
  34 R   0.00000 0.00000 0.86121 0.13879 ( 3)
  35 N   0.00000 0.00000 0.87222 0.12778 ( 3)
  36 V   0.00000 0.00000 0.88005 0.11995 ( 3)
  37 G   0.00000 0.00000 0.90342 0.09658 ( 3)
  38 F   0.00000 0.00000 0.89414 0.10586 ( 3)
  39 Y   0.00000 0.00000 0.89345 0.10655 ( 3)
  40 D   0.00000 0.00000 0.91183 0.08817 ( 3)
  41 P   0.00000 0.00000 0.86046 0.13954 ( 3)
  42 I   0.00000 0.00000 0.89714 0.10286 ( 3)
  43 K   0.00000 0.00000 0.87747 0.12253 ( 3)
  44 N   0.00000 0.00000 0.91088 0.08912 ( 3)
  45 Q   0.00000 0.00000 0.88187 0.11813 ( 3)
  46 S   0.00000 0.00000 0.90686 0.09314 ( 3)
  47 Y   0.00000 0.00000 0.89345 0.10655 ( 3)
  48 L   0.00000 0.00000 0.86440 0.13560 ( 3)
  49 N   0.00000 0.00000 0.87222 0.12778 ( 3)
  50 V   0.00000 0.00000 0.89966 0.10034 ( 3)
  51 P   0.00000 0.00000 0.88648 0.11352 ( 3)
  52 A   0.00000 0.00000 0.89688 0.10312 ( 3)
  53 I   0.00000 0.00000 0.90201 0.09799 ( 3)
  54 L   0.00000 0.00000 0.87003 0.12997 ( 3)
  55 Y   0.00000 0.00000 0.89345 0.10655 ( 3)
  56 F   0.00000 0.00000 0.86245 0.13755 ( 3)
  57 L   0.00000 0.00000 0.88993 0.11007 ( 3)
  58 E   0.00000 0.00000 0.89945 0.10055 ( 3)
  59 K   0.00000 0.00000 0.00000 1.00000 ( 4)
  60 G   0.00000 0.00000 0.86641 0.13359 ( 3)
  61 A   0.00000 0.00000 0.89688 0.10312 ( 3)
  62 Q   0.00000 0.00000 0.86708 0.13292 ( 3)
  63 P   0.00000 0.00000 0.86981 0.13019 ( 3)
  64 T   0.00000 0.00000 0.88435 0.11565 ( 3)
  65 G   0.00000 0.00000 0.89010 0.10990 ( 3)
  66 T   0.00000 0.00000 0.89444 0.10556 ( 3)
  67 V   0.00000 0.00000 0.89966 0.10034 ( 3)
  68 R   0.00000 0.00000 0.86121 0.13879 ( 3)
  69 Y   0.00000 0.00000 0.91183 0.08817 ( 3)
  70 L   0.00000 0.00000 0.00001 0.99999 ( 4)
  71 L   0.00000 0.00000 0.86440 0.13560 ( 3)
  72 K   0.00000 0.00000 0.89833 0.10167 ( 3)
  73 K   0.00000 0.00000 0.00000 1.00000 ( 4)
  74 A   0.00000 0.00000 0.86799 0.13201 ( 3)
  75 E   0.00000 0.00000 0.87936 0.12064 ( 3)
  76 V   0.00000 0.00000 0.89966 0.10034 ( 3)
  77 F   0.00000 0.00000 0.89414 0.10586 ( 3)
  78 K   0.00000 0.00000 0.87747 0.12253 ( 3)


lnL =  -404.852431

