

TREE # 1

  0  0.0000    412.140845  x:  0.00528   0.00416   0.00331   0.01368   0.00374   0.00368   0.01424   0.00214   0.00366   0.00106   0.00275   0.00137   0.00129   0.00089   0.00102   0.01572   0.00301   0.00139   0.01528   0.00158   0.00000   0.01364   0.00111   0.01243   0.00153   0.00357   0.01491   0.04616   0.02915   0.02580   2.00000   1.09989   0.02896   0.27919  
  1 99.0000    412.139696  x:  0.00528   0.00416   0.00331   0.01368   0.00374   0.00368   0.01424   0.00214   0.00365   0.00106   0.00275   0.00137   0.00129   0.00089   0.00102   0.01572   0.00301   0.00139   0.01528   0.00158   0.00000   0.01364   0.00111   0.01243   0.00152   0.00357   0.01491   0.04616   0.02915   0.02580   2.00000   1.09989   0.02896   0.27919  
  2 328.9172    410.867216  x:  0.00673   0.00333   0.00235   0.01397   0.00284   0.00277   0.01358   0.00121   0.00270   0.00010   0.00179   0.00041   0.00035   0.00000   0.00010   0.01425   0.00205   0.00048   0.01413   0.00062   0.00000   0.01400   0.00033   0.01494   0.00068   0.00267   0.01393   0.04761   0.02921   0.02703   2.00003   1.09985   0.02900   0.27858  
  3 473.2138    410.768456  x:  0.00704   0.00330   0.00226   0.01395   0.00277   0.00269   0.01363   0.00112   0.00260   0.00000   0.00169   0.00031   0.00026   0.00000   0.00002   0.01424   0.00196   0.00042   0.01414   0.00052   0.00000   0.01397   0.00033   0.01471   0.00064   0.00261   0.01396   0.04793   0.02924   0.02730   2.00004   1.09983   0.02902   0.27827  
  4 102.2031    410.752694  x:  0.00705   0.00330   0.00224   0.01395   0.00276   0.00268   0.01363   0.00110   0.00258   0.00000   0.00167   0.00030   0.00025   0.00000   0.00000   0.01425   0.00194   0.00041   0.01415   0.00051   0.00000   0.01397   0.00034   0.01472   0.00064   0.00260   0.01396   0.04793   0.02924   0.02731   2.00004   1.09982   0.02903   0.27821  
  5 118.7056    410.531854  x:  0.00708   0.00327   0.00198   0.01395   0.00259   0.00249   0.01360   0.00086   0.00230   0.00000   0.00139   0.00002   0.00000   0.00000   0.00000   0.01431   0.00167   0.00024   0.01418   0.00024   0.00000   0.01397   0.00040   0.01476   0.00058   0.00243   0.01397   0.04796   0.02924   0.02733   2.00006   1.09973   0.02911   0.27722  
  6 18533.2035    410.523747  x:  0.00709   0.00327   0.00197   0.01394   0.00259   0.00248   0.01364   0.00085   0.00229   0.00000   0.00138   0.00000   0.00000   0.00000   0.00000   0.01431   0.00166   0.00024   0.01418   0.00022   0.00000   0.01397   0.00040   0.01477   0.00057   0.00243   0.01397   0.04797   0.02926   0.02732   2.00007   1.09972   0.02912   0.27716  
  7 183.0104    410.357771  x:  0.00719   0.00308   0.00174   0.01395   0.00251   0.00228   0.01354   0.00068   0.00203   0.00000   0.00112   0.00000   0.00000   0.00000   0.00000   0.01436   0.00143   0.00016   0.01420   0.00000   0.00000   0.01397   0.00037   0.01479   0.00053   0.00229   0.01398   0.04807   0.02960   0.02716   2.00013   1.09949   0.02935   0.27584  
  8 141.9883    410.042223  x:  0.00724   0.00268   0.00128   0.01398   0.00235   0.00186   0.01351   0.00033   0.00151   0.00000   0.00060   0.00000   0.00000   0.00000   0.00000   0.01449   0.00096   0.00000   0.01427   0.00000   0.00000   0.01402   0.00027   0.01486   0.00041   0.00202   0.01397   0.04812   0.02965   0.02725   2.00026   1.09901   0.02982   0.27319  
  9 1348.9859    409.755884  x:  0.00731   0.00231   0.00085   0.01399   0.00219   0.00147   0.01346   0.00000   0.00101   0.00000   0.00011   0.00000   0.00000   0.00000   0.00000   0.01460   0.00052   0.00000   0.01432   0.00000   0.00000   0.01403   0.00018   0.01495   0.00030   0.00175   0.01398   0.04819   0.02966   0.02731   2.00039   1.09856   0.03027   0.27072  
 10 131372.6443    409.697822  x:  0.00733   0.00222   0.00076   0.01399   0.00216   0.00138   0.01345   0.00000   0.00091   0.00000   0.00000   0.00000   0.00000   0.00000   0.00000   0.01463   0.00043   0.00000   0.01434   0.00000   0.00000   0.01404   0.00016   0.01496   0.00027   0.00170   0.01398   0.04821   0.02966   0.02731   2.00041   1.09846   0.03036   0.27018  
 11 72824.6916    409.474203  x:  0.00736   0.00184   0.00034   0.01399   0.00200   0.00100   0.01341   0.00000   0.00044   0.00000   0.00000   0.00000   0.00000   0.00000   0.00000   0.01473   0.00000   0.00000   0.01439   0.00000   0.00000   0.01404   0.00002   0.01503   0.00013   0.00143   0.01400   0.04824   0.02973   0.02742   2.00052   1.09807   0.03075   0.26795  
 12 17199.4634    409.458521  x:  0.00736   0.00181   0.00031   0.01399   0.00199   0.00097   0.01341   0.00000   0.00040   0.00000   0.00000   0.00000   0.00000   0.00000   0.00000   0.01474   0.00000   0.00000   0.01439   0.00000   0.00000   0.01404   0.00000   0.01504   0.00012   0.00141   0.01400   0.04824   0.02973   0.02742   2.00053   1.09805   0.03078   0.26780  
 13 1635.4598    409.343774  x:  0.00740   0.00157   0.00006   0.01400   0.00187   0.00074   0.01339   0.00000   0.00012   0.00000   0.00000   0.00000   0.00000   0.00000   0.00000   0.01479   0.00000   0.00000   0.01441   0.00000   0.00000   0.01405   0.00000   0.01507   0.00000   0.00123   0.01400   0.04828   0.02973   0.02744   2.00059   1.09784   0.03098   0.26664  
 14 38121.2788    409.321657  x:  0.00740   0.00152   0.00000   0.01400   0.00184   0.00069   0.01338   0.00000   0.00006   0.00000   0.00000   0.00000   0.00000   0.00000   0.00000   0.01480   0.00000   0.00000   0.01442   0.00000   0.00000   0.01405   0.00000   0.01508   0.00000   0.00119   0.01400   0.04828   0.02973   0.02745   2.00060   1.09780   0.03102   0.26642  
 15 8189.8032    409.302233  x:  0.00741   0.00147   0.00000   0.01400   0.00181   0.00064   0.01338   0.00000   0.00000   0.00000   0.00000   0.00000   0.00000   0.00000   0.00000   0.01481   0.00000   0.00000   0.01443   0.00000   0.00000   0.01405   0.00000   0.01508   0.00000   0.00115   0.01400   0.04829   0.02973   0.02745   2.00061   1.09777   0.03105   0.26619  
 16 32261.8826    409.125222  x:  0.00746   0.00086   0.00000   0.01416   0.00136   0.00000   0.01336   0.00000   0.00000   0.00000   0.00000   0.00000   0.00000   0.00000   0.00000   0.01489   0.00000   0.00000   0.01444   0.00000   0.00000   0.01400   0.00000   0.01514   0.00000   0.00066   0.01405   0.04834   0.02974   0.02748   2.00070   1.09747   0.03135   0.26437  
 17 623.5347    408.951799  x:  0.00752   0.00004   0.00000   0.01417   0.00075   0.00000   0.01332   0.00000   0.00000   0.00000   0.00000   0.00000   0.00000   0.00000   0.00000   0.01499   0.00000   0.00000   0.01450   0.00000   0.00000   0.01400   0.00000   0.01520   0.00000   0.00000   0.01404   0.04840   0.02975   0.02752   2.00081   1.09708   0.03173   0.26203  
 18 8378.2624    408.947016  x:  0.00752   0.00000   0.00000   0.01417   0.00073   0.00000   0.01332   0.00000   0.00000   0.00000   0.00000   0.00000   0.00000   0.00000   0.00000   0.01499   0.00000   0.00000   0.01450   0.00000   0.00000   0.01400   0.00000   0.01521   0.00000   0.00000   0.01404   0.04840   0.02975   0.02752   2.00082   1.09707   0.03174   0.26197  
 19 635.2530    408.884449  x:  0.00755   0.00000   0.00000   0.01418   0.00000   0.00000   0.01331   0.00000   0.00000   0.00000   0.00000   0.00000   0.00000   0.00000   0.00000   0.01503   0.00000   0.00000   0.01453   0.00000   0.00000   0.01400   0.00000   0.01523   0.00000   0.00000   0.01404   0.04843   0.02975   0.02754   2.00087   1.09691   0.03189   0.26080  
 20 668.5795    406.689582  x:  0.01190   0.00000   0.00000   0.01520   0.00000   0.00000   0.01107   0.00000   0.00000   0.00000   0.00000   0.00000   0.00000   0.00000   0.00000   0.02189   0.00000   0.00000   0.01797   0.00000   0.00000   0.01534   0.00000   0.01981   0.00000   0.00000   0.01441   0.05273   0.03121   0.03081   2.01410   1.07744   0.04961   0.00000  
 21 51.7780    406.407694  x:  0.01294   0.00000   0.00000   0.01165   0.00000   0.00000   0.00966   0.00000   0.00000   0.00000   0.00000   0.00000   0.00000   0.00000   0.00000   0.02043   0.00000   0.00000   0.01681   0.00000   0.00000   0.00998   0.00000   0.01965   0.00000   0.00000   0.01585   0.05379   0.02455   0.02641   2.20730   1.14963  -0.01739   0.00000  
 22  1.3941    405.805848  x:  0.01113   0.00000   0.00000   0.01438   0.00000   0.00000   0.01175   0.00000   0.00000   0.00000   0.00000   0.00000   0.00000   0.00000   0.00000   0.01940   0.00000   0.00000   0.01519   0.00000   0.00000   0.01390   0.00000   0.01539   0.00000   0.00000   0.00894   0.05199   0.02399   0.02418   2.73684   1.33304  -0.19230   0.00000  
 23  6.1063    405.541606  x:  0.00658   0.00000   0.00000   0.01282   0.00000   0.00000   0.01226   0.00000   0.00000   0.00000   0.00000   0.00000   0.00000   0.00000   0.00000   0.01517   0.00000   0.00000   0.01316   0.00000   0.00000   0.01498   0.00000   0.01403   0.00000   0.00000   0.01398   0.04743   0.02738   0.02874   3.03651   1.35691  -0.23368   0.00000  
 24  2.3851    405.510498  x:  0.00612   0.00000   0.00000   0.01305   0.00000   0.00000   0.01288   0.00000   0.00000   0.00000   0.00000   0.00000   0.00000   0.00000   0.00000   0.01276   0.00000   0.00000   0.01374   0.00000   0.00000   0.01480   0.00000   0.01309   0.00000   0.00000   0.01371   0.04698   0.02658   0.02735   3.08660   1.30711  -0.21955   0.00000  
 25  0.6166    405.494128  x:  0.00566   0.00000   0.00000   0.01335   0.00000   0.00000   0.01297   0.00000   0.00000   0.00000   0.00000   0.00000   0.00000   0.00000   0.00000   0.01300   0.00000   0.00000   0.01262   0.00000   0.00000   0.01328   0.00000   0.01264   0.00000   0.00000   0.01281   0.04652   0.02756   0.02802   3.13103   1.25744  -0.25422   0.00000  
 26  0.3841    405.423008  x:  0.00860   0.00000   0.00000   0.01576   0.00000   0.00000   0.01388   0.00000   0.00000   0.00000   0.00000   0.00000   0.00000   0.00000   0.00000   0.01335   0.00000   0.00000   0.01208   0.00000   0.00000   0.01183   0.00000   0.01300   0.00000   0.00000   0.01412   0.04945   0.02659   0.02540   3.35735   1.02417  -0.53613   0.00000  
 27  1.1119    405.375669  x:  0.00916   0.00000   0.00000   0.01483   0.00000   0.00000   0.01391   0.00000   0.00000   0.00000   0.00000   0.00000   0.00000   0.00000   0.00000   0.01279   0.00000   0.00000   0.01479   0.00000   0.00000   0.01040   0.00000   0.01368   0.00000   0.00000   0.01313   0.05000   0.02787   0.02668   3.51411   0.83448  -0.78069   0.00000  
 28  1.2397    405.262890  x:  0.01053   0.00000   0.00000   0.01065   0.00000   0.00000   0.01434   0.00000   0.00000   0.00000   0.00000   0.00000   0.00000   0.00000   0.00000   0.01361   0.00000   0.00000   0.01375   0.00000   0.00000   0.01181   0.00000   0.01342   0.00000   0.00000   0.01213   0.05134   0.02656   0.02548   3.85738   0.31099  -1.30558   0.00000  
 29  2.3320    405.110949  x:  0.00852   0.00000   0.00000   0.01429   0.00000   0.00000   0.01324   0.00000   0.00000   0.00000   0.00000   0.00000   0.00000   0.00000   0.00000   0.01482   0.00000   0.00000   0.01416   0.00000   0.00000   0.01363   0.00000   0.01345   0.00000   0.00000   0.01305   0.04926   0.02368   0.02746   4.31083  -0.64888  -2.27873   0.00000  
 30  1.0564    405.053138  x:  0.00761   0.00000   0.00000   0.01387   0.00000   0.00000   0.01183   0.00000   0.00000   0.00000   0.00000   0.00000   0.00000   0.00000   0.00000   0.01355   0.00000   0.00000   0.01324   0.00000   0.00000   0.01380   0.00000   0.01376   0.00000   0.00000   0.01311   0.04830   0.02856   0.02623   4.32120  -1.09186  -2.69012   0.00000  
 31  0.4777    404.962000  x:  0.00615   0.00000   0.00000   0.01170   0.00000   0.00000   0.01396   0.00000   0.00000   0.00000   0.00000   0.00000   0.00000   0.00000   0.00000   0.01342   0.00000   0.00000   0.01286   0.00000   0.00000   0.01222   0.00000   0.01334   0.00000   0.00000   0.01327   0.04680   0.02691   0.02868   3.89413  -1.88702  -3.43020   0.00000  
 32  0.3929    404.880097  x:  0.00782   0.00000   0.00000   0.01270   0.00000   0.00000   0.01336   0.00000   0.00000   0.00000   0.00000   0.00000   0.00000   0.00000   0.00000   0.01333   0.00000   0.00000   0.01399   0.00000   0.00000   0.01308   0.00000   0.01247   0.00000   0.00000   0.01376   0.04840   0.02651   0.02721   3.36198  -2.66501  -4.32900   0.00000  
 33  0.7129    404.869223  x:  0.00772   0.00000   0.00000   0.01332   0.00000   0.00000   0.01306   0.00000   0.00000   0.00000   0.00000   0.00000   0.00000   0.00000   0.00000   0.01312   0.00000   0.00000   0.01307   0.00000   0.00000   0.01327   0.00000   0.01376   0.00000   0.00000   0.01330   0.04825   0.02639   0.02692   3.39624  -3.04572  -4.71877   0.00000  
 34  0.4525    404.863005  x:  0.00718   0.00000   0.00000   0.01350   0.00000   0.00000   0.01307   0.00000   0.00000   0.00000   0.00000   0.00000   0.00000   0.00000   0.00000   0.01382   0.00000   0.00000   0.01320   0.00000   0.00000   0.01325   0.00000   0.01316   0.00000   0.00000   0.01298   0.04770   0.02679   0.02620   3.42667  -3.60326  -5.26619   0.00000  
 35  0.4933    404.856611  x:  0.00762   0.00000   0.00000   0.01307   0.00000   0.00000   0.01322   0.00000   0.00000   0.00000   0.00000   0.00000   0.00000   0.00000   0.00000   0.01314   0.00000   0.00000   0.01332   0.00000   0.00000   0.01329   0.00000   0.01303   0.00000   0.00000   0.01299   0.04809   0.02654   0.02729   3.39950  -4.57549  -6.23250   0.00000  
 36  0.5939    404.854183  x:  0.00762   0.00000   0.00000   0.01320   0.00000   0.00000   0.01319   0.00000   0.00000   0.00000   0.00000   0.00000   0.00000   0.00000   0.00000   0.01349   0.00000   0.00000   0.01335   0.00000   0.00000   0.01324   0.00000   0.01335   0.00000   0.00000   0.01334   0.04805   0.02659   0.02668   3.44265  -5.35083  -7.01250   0.00000  
 37  0.5485    404.853185  x:  0.00748   0.00000   0.00000   0.01323   0.00000   0.00000   0.01305   0.00000   0.00000   0.00000   0.00000   0.00000   0.00000   0.00000   0.00000   0.01334   0.00000   0.00000   0.01322   0.00000   0.00000   0.01316   0.00000   0.01315   0.00000   0.00000   0.01321   0.04788   0.02655   0.02686   3.40808  -6.26792  -7.92567   0.00000  
 38  0.5345    404.852744  x:  0.00766   0.00000   0.00000   0.01319   0.00000   0.00000   0.01317   0.00000   0.00000   0.00000   0.00000   0.00000   0.00000   0.00000   0.00000   0.01338   0.00000   0.00000   0.01337   0.00000   0.00000   0.01324   0.00000   0.01323   0.00000   0.00000   0.01320   0.04804   0.02662   0.02690   3.43477  -7.09205  -8.75201   0.00000  
 39  0.5577    404.852562  x:  0.00758   0.00000   0.00000   0.01320   0.00000   0.00000   0.01316   0.00000   0.00000   0.00000   0.00000   0.00000   0.00000   0.00000   0.00000   0.01340   0.00000   0.00000   0.01328   0.00000   0.00000   0.01322   0.00000   0.01324   0.00000   0.00000   0.01324   0.04793   0.02656   0.02678   3.41615  -8.00239  -9.66182   0.00000  
 40  0.5365    404.852488  x:  0.00761   0.00000   0.00000   0.01320   0.00000   0.00000   0.01312   0.00000   0.00000   0.00000   0.00000   0.00000   0.00000   0.00000   0.00000   0.01336   0.00000   0.00000   0.01330   0.00000   0.00000   0.01323   0.00000   0.01319   0.00000   0.00000   0.01320   0.04794   0.02658   0.02687   3.42960  -8.84536  -10.50570   0.00000  
 41  0.5479    404.852457  x:  0.00763   0.00000   0.00000   0.01320   0.00000   0.00000   0.01316   0.00000   0.00000   0.00000   0.00000   0.00000   0.00000   0.00000   0.00000   0.01339   0.00000   0.00000   0.01333   0.00000   0.00000   0.01322   0.00000   0.01324   0.00000   0.00000   0.01322   0.04796   0.02659   0.02685   3.42213  -9.57189  -11.23080   0.00000  
 42  0.5125    404.852442  x:  0.00762   0.00000   0.00000   0.01320   0.00000   0.00000   0.01313   0.00000   0.00000   0.00000   0.00000   0.00000   0.00000   0.00000   0.00000   0.01338   0.00000   0.00000   0.01329   0.00000   0.00000   0.01322   0.00000   0.01321   0.00000   0.00000   0.01322   0.04793   0.02657   0.02683   3.42503  -10.48203  -12.14216   0.00000  
 43  0.5186    404.852435  x:  0.00763   0.00000   0.00000   0.01320   0.00000   0.00000   0.01315   0.00000   0.00000   0.00000   0.00000   0.00000   0.00000   0.00000   0.00000   0.01338   0.00000   0.00000   0.01332   0.00000   0.00000   0.01322   0.00000   0.01322   0.00000   0.00000   0.01322   0.04794   0.02659   0.02685   3.42404  -11.27056  -12.92993   0.00000  
 44  0.4996    404.852432  x:  0.00763   0.00000   0.00000   0.01320   0.00000   0.00000   0.01314   0.00000   0.00000   0.00000   0.00000   0.00000   0.00000   0.00000   0.00000   0.01338   0.00000   0.00000   0.01330   0.00000   0.00000   0.01322   0.00000   0.01322   0.00000   0.00000   0.01322   0.04794   0.02657   0.02683   3.42429  -12.27733  -13.93709   0.00000  
 45  0.5045    404.852431  x:  0.00762   0.00000   0.00000   0.01320   0.00000   0.00000   0.01314   0.00000   0.00000   0.00000   0.00000   0.00000   0.00000   0.00000   0.00000   0.01338   0.00000   0.00000   0.01331   0.00000   0.00000   0.01322   0.00000   0.01322   0.00000   0.00000   0.01322   0.04794   0.02658   0.02685   3.42423  -13.00913  -14.66871   0.00000  
 46  0.4849    404.852431  x:  0.00762   0.00000   0.00000   0.01320   0.00000   0.00000   0.01314   0.00000   0.00000   0.00000   0.00000   0.00000   0.00000   0.00000   0.00000   0.01338   0.00000   0.00000   0.01330   0.00000   0.00000   0.01322   0.00000   0.01322   0.00000   0.00000   0.01322   0.04796   0.02658   0.02684   3.42425  -14.13125  -15.79085   0.00000  
 47  0.5060    404.852431  x:  0.00760   0.00000   0.00000   0.01320   0.00000   0.00000   0.01314   0.00000   0.00000   0.00000   0.00000   0.00000   0.00000   0.00000   0.00000   0.01338   0.00000   0.00000   0.01331   0.00000   0.00000   0.01322   0.00000   0.01322   0.00000   0.00000   0.01322   0.04796   0.02658   0.02684   3.42423  -14.76964  -16.42928   0.00000  
 48  0.4744    404.852431  x:  0.00759   0.00000   0.00000   0.01320   0.00000   0.00000   0.01314   0.00000   0.00000   0.00000   0.00000   0.00000   0.00000   0.00000   0.00000   0.01338   0.00000   0.00000   0.01331   0.00000   0.00000   0.01322   0.00000   0.01322   0.00000   0.00000   0.01322   0.04798   0.02658   0.02684   3.42426  -16.08185  -17.74142   0.00000  
 49  0.5027    404.852431  x:  0.00758   0.00000   0.00000   0.01320   0.00000   0.00000   0.01314   0.00000   0.00000   0.00000   0.00000   0.00000   0.00000   0.00000   0.00000   0.01338   0.00000   0.00000   0.01331   0.00000   0.00000   0.01322   0.00000   0.01322   0.00000   0.00000   0.01322   0.04799   0.02658   0.02684   3.42423  -16.64948  -18.30911   0.00000  
 50  0.4680    404.852431  x:  0.00755   0.00000   0.00000   0.01320   0.00000   0.00000   0.01314   0.00000   0.00000   0.00000   0.00000   0.00000   0.00000   0.00000   0.00000   0.01338   0.00000   0.00000   0.01331   0.00000   0.00000   0.01322   0.00000   0.01322   0.00000   0.00000   0.01322   0.04801   0.02658   0.02684   3.42426  -18.00243  -19.66202   0.00000  
 51  0.4696    404.852431  x:  0.00754   0.00000   0.00000   0.01320   0.00000   0.00000   0.01314   0.00000   0.00000   0.00000   0.00000   0.00000   0.00000   0.00000   0.00000   0.01338   0.00000   0.00000   0.01331   0.00000   0.00000   0.01322   0.00000   0.01322   0.00000   0.00000   0.01322   0.04803   0.02658   0.02684   3.42423  -18.65813  -20.31776   0.00000  
 52  0.4878    404.852431  x:  0.00752   0.00000   0.00000   0.01320   0.00000   0.00000   0.01314   0.00000   0.00000   0.00000   0.00000   0.00000   0.00000   0.00000   0.00000   0.01338   0.00000   0.00000   0.01331   0.00000   0.00000   0.01322   0.00000   0.01322   0.00000   0.00000   0.01322   0.04805   0.02658   0.02684   3.42424  -19.25901  -20.91862   0.00000  
 53  0.3763    404.852431  x:  0.00747   0.00000   0.00000   0.01320   0.00000   0.00000   0.01314   0.00000   0.00000   0.00000   0.00000   0.00000   0.00000   0.00000   0.00000   0.01338   0.00000   0.00000   0.01331   0.00000   0.00000   0.01322   0.00000   0.01322   0.00000   0.00000   0.01322   0.04809   0.02658   0.02684   3.42423  -20.73691  -22.39653   0.00000  
 54  0.4432    404.852431  x:  0.00747   0.00000   0.00000   0.01320   0.00000   0.00000   0.01314   0.00000   0.00000   0.00000   0.00000   0.00000   0.00000   0.00000   0.00000   0.01338   0.00000   0.00000   0.01331   0.00000   0.00000   0.01322   0.00000   0.01322   0.00000   0.00000   0.01322   0.04809   0.02658   0.02684   3.42424  -20.74782  -22.40744   0.00000  
 55  0.0208    404.852431  x:  0.00747   0.00000   0.00000   0.01320   0.00000   0.00000   0.01314   0.00000   0.00000   0.00000   0.00000   0.00000   0.00000   0.00000   0.00000   0.01338   0.00000   0.00000   0.01331   0.00000   0.00000   0.01322   0.00000   0.01322   0.00000   0.00000   0.01322   0.04810   0.02658   0.02684   3.42424  -20.92233  -22.58194   0.00000  
 56  0.4487    404.852431  x:  0.00747   0.00000   0.00000   0.01320   0.00000   0.00000   0.01314   0.00000   0.00000   0.00000   0.00000   0.00000   0.00000   0.00000   0.00000   0.01338   0.00000   0.00000   0.01331   0.00000   0.00000   0.01322   0.00000   0.01322   0.00000   0.00000   0.01322   0.04810   0.02658   0.02684   3.42424  -20.92233  -22.58194   0.00000  