Supplemental results for CODEML (seqf: /Users/YY/Desktop/get/branch_site/modify/modify_trim_muscle_psaB.fa  treef: /Users/YY/Desktop/get/branch_site/16gene_topu.tree)


dN/dS (w) for site classes (K=4)

site class             0        1       2a       2b
proportion       1.00000  0.00000  0.00000  0.00000
background w     0.01998  1.00000  0.01998  1.00000
foreground w     0.01998  1.00000  1.00000  1.00000

Naive Empirical Bayes (NEB) probabilities for 4 classes
(amino acids refer to 1st sequence: KM035851)

   1 M   1.00000 0.00000 0.00000 0.00000 ( 1)
   2 A   1.00000 0.00000 0.00000 0.00000 ( 1)
   3 L   1.00000 0.00000 0.00000 0.00000 ( 1)
   4 R   1.00000 0.00000 0.00000 0.00000 ( 1)
   5 F   1.00000 0.00000 0.00000 0.00000 ( 1)
   6 P   1.00000 0.00000 0.00000 0.00000 ( 1)
   7 R   1.00000 0.00000 0.00000 0.00000 ( 1)
   8 F   1.00000 0.00000 0.00000 0.00000 ( 1)
   9 S   1.00000 0.00000 0.00000 0.00000 ( 1)
  10 Q   1.00000 0.00000 0.00000 0.00000 ( 1)
  11 G   1.00000 0.00000 0.00000 0.00000 ( 1)
  12 L   1.00000 0.00000 0.00000 0.00000 ( 1)
  13 A   1.00000 0.00000 0.00000 0.00000 ( 1)
  14 Q   1.00000 0.00000 0.00000 0.00000 ( 1)
  15 D   1.00000 0.00000 0.00000 0.00000 ( 1)
  16 P   1.00000 0.00000 0.00000 0.00000 ( 1)
  17 T   1.00000 0.00000 0.00000 0.00000 ( 1)
  18 T   1.00000 0.00000 0.00000 0.00000 ( 1)
  19 R   1.00000 0.00000 0.00000 0.00000 ( 1)
  20 R   1.00000 0.00000 0.00000 0.00000 ( 1)
  21 I   1.00000 0.00000 0.00000 0.00000 ( 1)
  22 W   1.00000 0.00000 0.00000 0.00000 ( 1)
  23 F   1.00000 0.00000 0.00000 0.00000 ( 1)
  24 G   1.00000 0.00000 0.00000 0.00000 ( 1)
  25 I   1.00000 0.00000 0.00000 0.00000 ( 1)
  26 A   1.00000 0.00000 0.00000 0.00000 ( 1)
  27 T   1.00000 0.00000 0.00000 0.00000 ( 1)
  28 A   1.00000 0.00000 0.00000 0.00000 ( 1)
  29 H   1.00000 0.00000 0.00000 0.00000 ( 1)
  30 D   1.00000 0.00000 0.00000 0.00000 ( 1)
  31 F   1.00000 0.00000 0.00000 0.00000 ( 1)
  32 E   1.00000 0.00000 0.00000 0.00000 ( 1)
  33 S   1.00000 0.00000 0.00000 0.00000 ( 1)
  34 H   1.00000 0.00000 0.00000 0.00000 ( 1)
  35 D   1.00000 0.00000 0.00000 0.00000 ( 1)
  36 D   1.00000 0.00000 0.00000 0.00000 ( 1)
  37 I   1.00000 0.00000 0.00000 0.00000 ( 1)
  38 T   1.00000 0.00000 0.00000 0.00000 ( 1)
  39 E   1.00000 0.00000 0.00000 0.00000 ( 1)
  40 E   1.00000 0.00000 0.00000 0.00000 ( 1)
  41 R   1.00000 0.00000 0.00000 0.00000 ( 1)
  42 L   1.00000 0.00000 0.00000 0.00000 ( 1)
  43 Y   1.00000 0.00000 0.00000 0.00000 ( 1)
  44 Q   1.00000 0.00000 0.00000 0.00000 ( 1)
  45 N   1.00000 0.00000 0.00000 0.00000 ( 1)
  46 I   1.00000 0.00000 0.00000 0.00000 ( 1)
  47 F   1.00000 0.00000 0.00000 0.00000 ( 1)
  48 A   1.00000 0.00000 0.00000 0.00000 ( 1)
  49 S   1.00000 0.00000 0.00000 0.00000 ( 1)
  50 H   1.00000 0.00000 0.00000 0.00000 ( 1)
  51 F   1.00000 0.00000 0.00000 0.00000 ( 1)
  52 G   1.00000 0.00000 0.00000 0.00000 ( 1)
  53 Q   1.00000 0.00000 0.00000 0.00000 ( 1)
  54 L   1.00000 0.00000 0.00000 0.00000 ( 1)
  55 A   1.00000 0.00000 0.00000 0.00000 ( 1)
  56 I   1.00000 0.00000 0.00000 0.00000 ( 1)
  57 I   1.00000 0.00000 0.00000 0.00000 ( 1)
  58 F   1.00000 0.00000 0.00000 0.00000 ( 1)
  59 L   1.00000 0.00000 0.00000 0.00000 ( 1)
  60 W   1.00000 0.00000 0.00000 0.00000 ( 1)
  61 T   1.00000 0.00000 0.00000 0.00000 ( 1)
  62 S   1.00000 0.00000 0.00000 0.00000 ( 1)
  63 G   1.00000 0.00000 0.00000 0.00000 ( 1)
  64 N   1.00000 0.00000 0.00000 0.00000 ( 1)
  65 L   1.00000 0.00000 0.00000 0.00000 ( 1)
  66 F   1.00000 0.00000 0.00000 0.00000 ( 1)
  67 H   1.00000 0.00000 0.00000 0.00000 ( 1)
  68 V   1.00000 0.00000 0.00000 0.00000 ( 1)
  69 A   1.00000 0.00000 0.00000 0.00000 ( 1)
  70 W   1.00000 0.00000 0.00000 0.00000 ( 1)
  71 Q   1.00000 0.00000 0.00000 0.00000 ( 1)
  72 G   1.00000 0.00000 0.00000 0.00000 ( 1)
  73 N   1.00000 0.00000 0.00000 0.00000 ( 1)
  74 F   1.00000 0.00000 0.00000 0.00000 ( 1)
  75 E   1.00000 0.00000 0.00000 0.00000 ( 1)
  76 S   1.00000 0.00000 0.00000 0.00000 ( 1)
  77 W   1.00000 0.00000 0.00000 0.00000 ( 1)
  78 V   1.00000 0.00000 0.00000 0.00000 ( 1)
  79 Q   1.00000 0.00000 0.00000 0.00000 ( 1)
  80 D   1.00000 0.00000 0.00000 0.00000 ( 1)
  81 P   1.00000 0.00000 0.00000 0.00000 ( 1)
  82 L   1.00000 0.00000 0.00000 0.00000 ( 1)
  83 H   1.00000 0.00000 0.00000 0.00000 ( 1)
  84 V   1.00000 0.00000 0.00000 0.00000 ( 1)
  85 R   1.00000 0.00000 0.00000 0.00000 ( 1)
  86 P   1.00000 0.00000 0.00000 0.00000 ( 1)
  87 I   1.00000 0.00000 0.00000 0.00000 ( 1)
  88 A   1.00000 0.00000 0.00000 0.00000 ( 1)
  89 H   1.00000 0.00000 0.00000 0.00000 ( 1)
  90 A   1.00000 0.00000 0.00000 0.00000 ( 1)
  91 I   1.00000 0.00000 0.00000 0.00000 ( 1)
  92 W   1.00000 0.00000 0.00000 0.00000 ( 1)
  93 D   1.00000 0.00000 0.00000 0.00000 ( 1)
  94 P   1.00000 0.00000 0.00000 0.00000 ( 1)
  95 H   1.00000 0.00000 0.00000 0.00000 ( 1)
  96 F   1.00000 0.00000 0.00000 0.00000 ( 1)
  97 G   1.00000 0.00000 0.00000 0.00000 ( 1)
  98 Q   1.00000 0.00000 0.00000 0.00000 ( 1)
  99 P   1.00000 0.00000 0.00000 0.00000 ( 1)
 100 A   1.00000 0.00000 0.00000 0.00000 ( 1)
 101 V   1.00000 0.00000 0.00000 0.00000 ( 1)
 102 E   1.00000 0.00000 0.00000 0.00000 ( 1)
 103 A   1.00000 0.00000 0.00000 0.00000 ( 1)
 104 F   1.00000 0.00000 0.00000 0.00000 ( 1)
 105 T   1.00000 0.00000 0.00000 0.00000 ( 1)
 106 R   1.00000 0.00000 0.00000 0.00000 ( 1)
 107 G   1.00000 0.00000 0.00000 0.00000 ( 1)
 108 G   1.00000 0.00000 0.00000 0.00000 ( 1)
 109 A   1.00000 0.00000 0.00000 0.00000 ( 1)
 110 L   1.00000 0.00000 0.00000 0.00000 ( 1)
 111 G   1.00000 0.00000 0.00000 0.00000 ( 1)
 112 P   1.00000 0.00000 0.00000 0.00000 ( 1)
 113 V   1.00000 0.00000 0.00000 0.00000 ( 1)
 114 N   1.00000 0.00000 0.00000 0.00000 ( 1)
 115 I   1.00000 0.00000 0.00000 0.00000 ( 1)
 116 A   1.00000 0.00000 0.00000 0.00000 ( 1)
 117 Y   1.00000 0.00000 0.00000 0.00000 ( 1)
 118 S   1.00000 0.00000 0.00000 0.00000 ( 1)
 119 G   1.00000 0.00000 0.00000 0.00000 ( 1)
 120 V   1.00000 0.00000 0.00000 0.00000 ( 1)
 121 Y   1.00000 0.00000 0.00000 0.00000 ( 1)
 122 Q   1.00000 0.00000 0.00000 0.00000 ( 1)
 123 W   1.00000 0.00000 0.00000 0.00000 ( 1)
 124 W   1.00000 0.00000 0.00000 0.00000 ( 1)
 125 Y   1.00000 0.00000 0.00000 0.00000 ( 1)
 126 T   1.00000 0.00000 0.00000 0.00000 ( 1)
 127 I   1.00000 0.00000 0.00000 0.00000 ( 1)
 128 G   1.00000 0.00000 0.00000 0.00000 ( 1)
 129 L   1.00000 0.00000 0.00000 0.00000 ( 1)
 130 R   1.00000 0.00000 0.00000 0.00000 ( 1)
 131 T   1.00000 0.00000 0.00000 0.00000 ( 1)
 132 N   1.00000 0.00000 0.00000 0.00000 ( 1)
 133 E   1.00000 0.00000 0.00000 0.00000 ( 1)
 134 D   1.00000 0.00000 0.00000 0.00000 ( 1)
 135 L   1.00000 0.00000 0.00000 0.00000 ( 1)
 136 Y   1.00000 0.00000 0.00000 0.00000 ( 1)
 137 T   1.00000 0.00000 0.00000 0.00000 ( 1)
 138 G   1.00000 0.00000 0.00000 0.00000 ( 1)
 139 A   1.00000 0.00000 0.00000 0.00000 ( 1)
 140 L   1.00000 0.00000 0.00000 0.00000 ( 1)
 141 F   1.00000 0.00000 0.00000 0.00000 ( 1)
 142 L   1.00000 0.00000 0.00000 0.00000 ( 1)
 143 L   1.00000 0.00000 0.00000 0.00000 ( 1)
 144 F   1.00000 0.00000 0.00000 0.00000 ( 1)
 145 L   1.00000 0.00000 0.00000 0.00000 ( 1)
 146 S   1.00000 0.00000 0.00000 0.00000 ( 1)
 147 A   1.00000 0.00000 0.00000 0.00000 ( 1)
 148 I   1.00000 0.00000 0.00000 0.00000 ( 1)
 149 S   1.00000 0.00000 0.00000 0.00000 ( 1)
 150 L   1.00000 0.00000 0.00000 0.00000 ( 1)
 151 I   1.00000 0.00000 0.00000 0.00000 ( 1)
 152 A   1.00000 0.00000 0.00000 0.00000 ( 1)
 153 G   1.00000 0.00000 0.00000 0.00000 ( 1)
 154 W   1.00000 0.00000 0.00000 0.00000 ( 1)
 155 L   1.00000 0.00000 0.00000 0.00000 ( 1)
 156 H   1.00000 0.00000 0.00000 0.00000 ( 1)
 157 L   1.00000 0.00000 0.00000 0.00000 ( 1)
 158 Q   1.00000 0.00000 0.00000 0.00000 ( 1)
 159 P   1.00000 0.00000 0.00000 0.00000 ( 1)
 160 K   1.00000 0.00000 0.00000 0.00000 ( 1)
 161 W   1.00000 0.00000 0.00000 0.00000 ( 1)
 162 K   1.00000 0.00000 0.00000 0.00000 ( 1)
 163 P   1.00000 0.00000 0.00000 0.00000 ( 1)
 164 S   1.00000 0.00000 0.00000 0.00000 ( 1)
 165 V   1.00000 0.00000 0.00000 0.00000 ( 1)
 166 S   1.00000 0.00000 0.00000 0.00000 ( 1)
 167 W   1.00000 0.00000 0.00000 0.00000 ( 1)
 168 F   1.00000 0.00000 0.00000 0.00000 ( 1)
 169 K   1.00000 0.00000 0.00000 0.00000 ( 1)
 170 N   1.00000 0.00000 0.00000 0.00000 ( 1)
 171 A   1.00000 0.00000 0.00000 0.00000 ( 1)
 172 E   1.00000 0.00000 0.00000 0.00000 ( 1)
 173 S   1.00000 0.00000 0.00000 0.00000 ( 1)
 174 R   1.00000 0.00000 0.00000 0.00000 ( 1)
 175 L   1.00000 0.00000 0.00000 0.00000 ( 1)
 176 N   1.00000 0.00000 0.00000 0.00000 ( 1)
 177 H   1.00000 0.00000 0.00000 0.00000 ( 1)
 178 H   1.00000 0.00000 0.00000 0.00000 ( 1)
 179 L   1.00000 0.00000 0.00000 0.00000 ( 1)
 180 S   1.00000 0.00000 0.00000 0.00000 ( 1)
 181 G   1.00000 0.00000 0.00000 0.00000 ( 1)
 182 L   1.00000 0.00000 0.00000 0.00000 ( 1)
 183 F   1.00000 0.00000 0.00000 0.00000 ( 1)
 184 G   1.00000 0.00000 0.00000 0.00000 ( 1)
 185 V   1.00000 0.00000 0.00000 0.00000 ( 1)
 186 S   1.00000 0.00000 0.00000 0.00000 ( 1)
 187 S   1.00000 0.00000 0.00000 0.00000 ( 1)
 188 L   1.00000 0.00000 0.00000 0.00000 ( 1)
 189 A   1.00000 0.00000 0.00000 0.00000 ( 1)
 190 W   1.00000 0.00000 0.00000 0.00000 ( 1)
 191 T   1.00000 0.00000 0.00000 0.00000 ( 1)
 192 G   1.00000 0.00000 0.00000 0.00000 ( 1)
 193 H   1.00000 0.00000 0.00000 0.00000 ( 1)
 194 L   1.00000 0.00000 0.00000 0.00000 ( 1)
 195 V   1.00000 0.00000 0.00000 0.00000 ( 1)
 196 H   1.00000 0.00000 0.00000 0.00000 ( 1)
 197 V   1.00000 0.00000 0.00000 0.00000 ( 1)
 198 A   1.00000 0.00000 0.00000 0.00000 ( 1)
 199 I   1.00000 0.00000 0.00000 0.00000 ( 1)
 200 P   1.00000 0.00000 0.00000 0.00000 ( 1)
 201 A   1.00000 0.00000 0.00000 0.00000 ( 1)
 202 S   1.00000 0.00000 0.00000 0.00000 ( 1)
 203 R   1.00000 0.00000 0.00000 0.00000 ( 1)
 204 G   1.00000 0.00000 0.00000 0.00000 ( 1)
 205 E   1.00000 0.00000 0.00000 0.00000 ( 1)
 206 Y   1.00000 0.00000 0.00000 0.00000 ( 1)
 207 V   1.00000 0.00000 0.00000 0.00000 ( 1)
 208 R   1.00000 0.00000 0.00000 0.00000 ( 1)
 209 W   1.00000 0.00000 0.00000 0.00000 ( 1)
 210 N   1.00000 0.00000 0.00000 0.00000 ( 1)
 211 N   1.00000 0.00000 0.00000 0.00000 ( 1)
 212 F   1.00000 0.00000 0.00000 0.00000 ( 1)
 213 L   1.00000 0.00000 0.00000 0.00000 ( 1)
 214 D   1.00000 0.00000 0.00000 0.00000 ( 1)
 215 V   1.00000 0.00000 0.00000 0.00000 ( 1)
 216 L   1.00000 0.00000 0.00000 0.00000 ( 1)
 217 P   1.00000 0.00000 0.00000 0.00000 ( 1)
 218 H   1.00000 0.00000 0.00000 0.00000 ( 1)
 219 P   1.00000 0.00000 0.00000 0.00000 ( 1)
 220 Q   1.00000 0.00000 0.00000 0.00000 ( 1)
 221 G   1.00000 0.00000 0.00000 0.00000 ( 1)
 222 L   1.00000 0.00000 0.00000 0.00000 ( 1)
 223 G   1.00000 0.00000 0.00000 0.00000 ( 1)
 224 P   1.00000 0.00000 0.00000 0.00000 ( 1)
 225 L   1.00000 0.00000 0.00000 0.00000 ( 1)
 226 F   1.00000 0.00000 0.00000 0.00000 ( 1)
 227 T   1.00000 0.00000 0.00000 0.00000 ( 1)
 228 G   1.00000 0.00000 0.00000 0.00000 ( 1)
 229 Q   1.00000 0.00000 0.00000 0.00000 ( 1)
 230 W   1.00000 0.00000 0.00000 0.00000 ( 1)
 231 N   1.00000 0.00000 0.00000 0.00000 ( 1)
 232 L   1.00000 0.00000 0.00000 0.00000 ( 1)
 233 Y   1.00000 0.00000 0.00000 0.00000 ( 1)
 234 A   1.00000 0.00000 0.00000 0.00000 ( 1)
 235 Q   1.00000 0.00000 0.00000 0.00000 ( 1)
 236 N   1.00000 0.00000 0.00000 0.00000 ( 1)
 237 P   1.00000 0.00000 0.00000 0.00000 ( 1)
 238 D   1.00000 0.00000 0.00000 0.00000 ( 1)
 239 S   1.00000 0.00000 0.00000 0.00000 ( 1)
 240 S   1.00000 0.00000 0.00000 0.00000 ( 1)
 241 S   1.00000 0.00000 0.00000 0.00000 ( 1)
 242 H   1.00000 0.00000 0.00000 0.00000 ( 1)
 243 L   1.00000 0.00000 0.00000 0.00000 ( 1)
 244 F   1.00000 0.00000 0.00000 0.00000 ( 1)
 245 G   1.00000 0.00000 0.00000 0.00000 ( 1)
 246 T   1.00000 0.00000 0.00000 0.00000 ( 1)
 247 S   1.00000 0.00000 0.00000 0.00000 ( 1)
 248 Q   1.00000 0.00000 0.00000 0.00000 ( 1)
 249 G   1.00000 0.00000 0.00000 0.00000 ( 1)
 250 A   1.00000 0.00000 0.00000 0.00000 ( 1)
 251 G   1.00000 0.00000 0.00000 0.00000 ( 1)
 252 T   1.00000 0.00000 0.00000 0.00000 ( 1)
 253 A   1.00000 0.00000 0.00000 0.00000 ( 1)
 254 I   1.00000 0.00000 0.00000 0.00000 ( 1)
 255 L   1.00000 0.00000 0.00000 0.00000 ( 1)
 256 T   1.00000 0.00000 0.00000 0.00000 ( 1)
 257 L   1.00000 0.00000 0.00000 0.00000 ( 1)
 258 L   1.00000 0.00000 0.00000 0.00000 ( 1)
 259 G   1.00000 0.00000 0.00000 0.00000 ( 1)
 260 G   1.00000 0.00000 0.00000 0.00000 ( 1)
 261 F   1.00000 0.00000 0.00000 0.00000 ( 1)
 262 H   1.00000 0.00000 0.00000 0.00000 ( 1)
 263 P   1.00000 0.00000 0.00000 0.00000 ( 1)
 264 Q   1.00000 0.00000 0.00000 0.00000 ( 1)
 265 T   1.00000 0.00000 0.00000 0.00000 ( 1)
 266 Q   1.00000 0.00000 0.00000 0.00000 ( 1)
 267 S   1.00000 0.00000 0.00000 0.00000 ( 1)
 268 L   1.00000 0.00000 0.00000 0.00000 ( 1)
 269 W   1.00000 0.00000 0.00000 0.00000 ( 1)
 270 L   1.00000 0.00000 0.00000 0.00000 ( 1)
 271 T   1.00000 0.00000 0.00000 0.00000 ( 1)
 272 D   1.00000 0.00000 0.00000 0.00000 ( 1)
 273 M   1.00000 0.00000 0.00000 0.00000 ( 1)
 274 A   1.00000 0.00000 0.00000 0.00000 ( 1)
 275 H   1.00000 0.00000 0.00000 0.00000 ( 1)
 276 H   1.00000 0.00000 0.00000 0.00000 ( 1)
 277 H   1.00000 0.00000 0.00000 0.00000 ( 1)
 278 L   1.00000 0.00000 0.00000 0.00000 ( 1)
 279 A   1.00000 0.00000 0.00000 0.00000 ( 1)
 280 I   1.00000 0.00000 0.00000 0.00000 ( 1)
 281 A   1.00000 0.00000 0.00000 0.00000 ( 1)
 282 F   1.00000 0.00000 0.00000 0.00000 ( 1)
 283 I   1.00000 0.00000 0.00000 0.00000 ( 1)
 284 F   1.00000 0.00000 0.00000 0.00000 ( 1)
 285 L   1.00000 0.00000 0.00000 0.00000 ( 1)
 286 V   1.00000 0.00000 0.00000 0.00000 ( 1)
 287 A   1.00000 0.00000 0.00000 0.00000 ( 1)
 288 G   1.00000 0.00000 0.00000 0.00000 ( 1)
 289 H   1.00000 0.00000 0.00000 0.00000 ( 1)
 290 M   1.00000 0.00000 0.00000 0.00000 ( 1)
 291 Y   1.00000 0.00000 0.00000 0.00000 ( 1)
 292 R   1.00000 0.00000 0.00000 0.00000 ( 1)
 293 T   1.00000 0.00000 0.00000 0.00000 ( 1)
 294 N   1.00000 0.00000 0.00000 0.00000 ( 1)
 295 F   1.00000 0.00000 0.00000 0.00000 ( 1)
 296 G   1.00000 0.00000 0.00000 0.00000 ( 1)
 297 I   1.00000 0.00000 0.00000 0.00000 ( 1)
 298 G   1.00000 0.00000 0.00000 0.00000 ( 1)
 299 H   1.00000 0.00000 0.00000 0.00000 ( 1)
 300 S   1.00000 0.00000 0.00000 0.00000 ( 1)
 301 M   1.00000 0.00000 0.00000 0.00000 ( 1)
 302 K   1.00000 0.00000 0.00000 0.00000 ( 1)
 303 D   1.00000 0.00000 0.00000 0.00000 ( 1)
 304 L   1.00000 0.00000 0.00000 0.00000 ( 1)
 305 L   1.00000 0.00000 0.00000 0.00000 ( 1)
 306 D   1.00000 0.00000 0.00000 0.00000 ( 1)
 307 A   1.00000 0.00000 0.00000 0.00000 ( 1)
 308 H   1.00000 0.00000 0.00000 0.00000 ( 1)
 309 I   1.00000 0.00000 0.00000 0.00000 ( 1)
 310 P   1.00000 0.00000 0.00000 0.00000 ( 1)
 311 P   1.00000 0.00000 0.00000 0.00000 ( 1)
 312 G   1.00000 0.00000 0.00000 0.00000 ( 1)
 313 G   1.00000 0.00000 0.00000 0.00000 ( 1)
 314 R   1.00000 0.00000 0.00000 0.00000 ( 1)
 315 L   1.00000 0.00000 0.00000 0.00000 ( 1)
 316 G   1.00000 0.00000 0.00000 0.00000 ( 1)
 317 R   1.00000 0.00000 0.00000 0.00000 ( 1)
 318 G   1.00000 0.00000 0.00000 0.00000 ( 1)
 319 H   1.00000 0.00000 0.00000 0.00000 ( 1)
 320 K   1.00000 0.00000 0.00000 0.00000 ( 1)
 321 G   1.00000 0.00000 0.00000 0.00000 ( 1)
 322 L   1.00000 0.00000 0.00000 0.00000 ( 1)
 323 Y   1.00000 0.00000 0.00000 0.00000 ( 1)
 324 D   1.00000 0.00000 0.00000 0.00000 ( 1)
 325 T   1.00000 0.00000 0.00000 0.00000 ( 1)
 326 I   1.00000 0.00000 0.00000 0.00000 ( 1)
 327 N   1.00000 0.00000 0.00000 0.00000 ( 1)
 328 N   1.00000 0.00000 0.00000 0.00000 ( 1)
 329 S   1.00000 0.00000 0.00000 0.00000 ( 1)
 330 L   1.00000 0.00000 0.00000 0.00000 ( 1)
 331 H   1.00000 0.00000 0.00000 0.00000 ( 1)
 332 F   1.00000 0.00000 0.00000 0.00000 ( 1)
 333 Q   1.00000 0.00000 0.00000 0.00000 ( 1)
 334 L   1.00000 0.00000 0.00000 0.00000 ( 1)
 335 G   1.00000 0.00000 0.00000 0.00000 ( 1)
 336 L   1.00000 0.00000 0.00000 0.00000 ( 1)
 337 A   1.00000 0.00000 0.00000 0.00000 ( 1)
 338 L   1.00000 0.00000 0.00000 0.00000 ( 1)
 339 A   1.00000 0.00000 0.00000 0.00000 ( 1)
 340 S   1.00000 0.00000 0.00000 0.00000 ( 1)
 341 L   1.00000 0.00000 0.00000 0.00000 ( 1)
 342 G   1.00000 0.00000 0.00000 0.00000 ( 1)
 343 V   1.00000 0.00000 0.00000 0.00000 ( 1)
 344 I   1.00000 0.00000 0.00000 0.00000 ( 1)
 345 T   1.00000 0.00000 0.00000 0.00000 ( 1)
 346 S   1.00000 0.00000 0.00000 0.00000 ( 1)
 347 L   1.00000 0.00000 0.00000 0.00000 ( 1)
 348 V   1.00000 0.00000 0.00000 0.00000 ( 1)
 349 A   1.00000 0.00000 0.00000 0.00000 ( 1)
 350 Q   1.00000 0.00000 0.00000 0.00000 ( 1)
 351 H   1.00000 0.00000 0.00000 0.00000 ( 1)
 352 M   1.00000 0.00000 0.00000 0.00000 ( 1)
 353 Y   1.00000 0.00000 0.00000 0.00000 ( 1)
 354 S   1.00000 0.00000 0.00000 0.00000 ( 1)
 355 L   1.00000 0.00000 0.00000 0.00000 ( 1)
 356 P   1.00000 0.00000 0.00000 0.00000 ( 1)
 357 A   1.00000 0.00000 0.00000 0.00000 ( 1)
 358 Y   1.00000 0.00000 0.00000 0.00000 ( 1)
 359 A   1.00000 0.00000 0.00000 0.00000 ( 1)
 360 F   1.00000 0.00000 0.00000 0.00000 ( 1)
 361 I   1.00000 0.00000 0.00000 0.00000 ( 1)
 362 A   1.00000 0.00000 0.00000 0.00000 ( 1)
 363 Q   1.00000 0.00000 0.00000 0.00000 ( 1)
 364 D   1.00000 0.00000 0.00000 0.00000 ( 1)
 365 F   1.00000 0.00000 0.00000 0.00000 ( 1)
 366 T   1.00000 0.00000 0.00000 0.00000 ( 1)
 367 T   1.00000 0.00000 0.00000 0.00000 ( 1)
 368 Q   1.00000 0.00000 0.00000 0.00000 ( 1)
 369 A   1.00000 0.00000 0.00000 0.00000 ( 1)
 370 A   1.00000 0.00000 0.00000 0.00000 ( 1)
 371 L   1.00000 0.00000 0.00000 0.00000 ( 1)
 372 Y   1.00000 0.00000 0.00000 0.00000 ( 1)
 373 T   1.00000 0.00000 0.00000 0.00000 ( 1)
 374 H   1.00000 0.00000 0.00000 0.00000 ( 1)
 375 H   1.00000 0.00000 0.00000 0.00000 ( 1)
 376 Q   1.00000 0.00000 0.00000 0.00000 ( 1)
 377 Y   1.00000 0.00000 0.00000 0.00000 ( 1)
 378 I   1.00000 0.00000 0.00000 0.00000 ( 1)
 379 A   1.00000 0.00000 0.00000 0.00000 ( 1)
 380 G   1.00000 0.00000 0.00000 0.00000 ( 1)
 381 F   1.00000 0.00000 0.00000 0.00000 ( 1)
 382 I   1.00000 0.00000 0.00000 0.00000 ( 1)
 383 M   1.00000 0.00000 0.00000 0.00000 ( 1)
 384 T   1.00000 0.00000 0.00000 0.00000 ( 1)
 385 G   1.00000 0.00000 0.00000 0.00000 ( 1)
 386 A   1.00000 0.00000 0.00000 0.00000 ( 1)
 387 F   1.00000 0.00000 0.00000 0.00000 ( 1)
 388 A   1.00000 0.00000 0.00000 0.00000 ( 1)
 389 H   1.00000 0.00000 0.00000 0.00000 ( 1)
 390 G   1.00000 0.00000 0.00000 0.00000 ( 1)
 391 A   1.00000 0.00000 0.00000 0.00000 ( 1)
 392 I   1.00000 0.00000 0.00000 0.00000 ( 1)
 393 F   1.00000 0.00000 0.00000 0.00000 ( 1)
 394 F   1.00000 0.00000 0.00000 0.00000 ( 1)
 395 I   1.00000 0.00000 0.00000 0.00000 ( 1)
 396 R   1.00000 0.00000 0.00000 0.00000 ( 1)
 397 D   1.00000 0.00000 0.00000 0.00000 ( 1)
 398 Y   1.00000 0.00000 0.00000 0.00000 ( 1)
 399 S   1.00000 0.00000 0.00000 0.00000 ( 1)
 400 P   1.00000 0.00000 0.00000 0.00000 ( 1)
 401 E   1.00000 0.00000 0.00000 0.00000 ( 1)
 402 Q   1.00000 0.00000 0.00000 0.00000 ( 1)
 403 N   1.00000 0.00000 0.00000 0.00000 ( 1)
 404 E   1.00000 0.00000 0.00000 0.00000 ( 1)
 405 D   1.00000 0.00000 0.00000 0.00000 ( 1)
 406 N   1.00000 0.00000 0.00000 0.00000 ( 1)
 407 V   1.00000 0.00000 0.00000 0.00000 ( 1)
 408 L   1.00000 0.00000 0.00000 0.00000 ( 1)
 409 A   1.00000 0.00000 0.00000 0.00000 ( 1)
 410 R   1.00000 0.00000 0.00000 0.00000 ( 1)
 411 M   1.00000 0.00000 0.00000 0.00000 ( 1)
 412 L   1.00000 0.00000 0.00000 0.00000 ( 1)
 413 D   1.00000 0.00000 0.00000 0.00000 ( 1)
 414 H   1.00000 0.00000 0.00000 0.00000 ( 1)
 415 K   1.00000 0.00000 0.00000 0.00000 ( 1)
 416 E   1.00000 0.00000 0.00000 0.00000 ( 1)
 417 A   1.00000 0.00000 0.00000 0.00000 ( 1)
 418 I   1.00000 0.00000 0.00000 0.00000 ( 1)
 419 I   1.00000 0.00000 0.00000 0.00000 ( 1)
 420 S   1.00000 0.00000 0.00000 0.00000 ( 1)
 421 H   1.00000 0.00000 0.00000 0.00000 ( 1)
 422 L   1.00000 0.00000 0.00000 0.00000 ( 1)
 423 S   1.00000 0.00000 0.00000 0.00000 ( 1)
 424 W   1.00000 0.00000 0.00000 0.00000 ( 1)
 425 A   1.00000 0.00000 0.00000 0.00000 ( 1)
 426 S   1.00000 0.00000 0.00000 0.00000 ( 1)
 427 L   1.00000 0.00000 0.00000 0.00000 ( 1)
 428 F   1.00000 0.00000 0.00000 0.00000 ( 1)
 429 L   1.00000 0.00000 0.00000 0.00000 ( 1)
 430 G   1.00000 0.00000 0.00000 0.00000 ( 1)
 431 F   1.00000 0.00000 0.00000 0.00000 ( 1)
 432 H   1.00000 0.00000 0.00000 0.00000 ( 1)
 433 T   1.00000 0.00000 0.00000 0.00000 ( 1)
 434 L   1.00000 0.00000 0.00000 0.00000 ( 1)
 435 G   1.00000 0.00000 0.00000 0.00000 ( 1)
 436 L   1.00000 0.00000 0.00000 0.00000 ( 1)
 437 Y   1.00000 0.00000 0.00000 0.00000 ( 1)
 438 V   1.00000 0.00000 0.00000 0.00000 ( 1)
 439 H   1.00000 0.00000 0.00000 0.00000 ( 1)
 440 N   1.00000 0.00000 0.00000 0.00000 ( 1)
 441 D   1.00000 0.00000 0.00000 0.00000 ( 1)
 442 V   1.00000 0.00000 0.00000 0.00000 ( 1)
 443 M   1.00000 0.00000 0.00000 0.00000 ( 1)
 444 L   1.00000 0.00000 0.00000 0.00000 ( 1)
 445 A   1.00000 0.00000 0.00000 0.00000 ( 1)
 446 F   1.00000 0.00000 0.00000 0.00000 ( 1)
 447 G   1.00000 0.00000 0.00000 0.00000 ( 1)
 448 T   1.00000 0.00000 0.00000 0.00000 ( 1)
 449 P   1.00000 0.00000 0.00000 0.00000 ( 1)
 450 E   1.00000 0.00000 0.00000 0.00000 ( 1)
 451 K   1.00000 0.00000 0.00000 0.00000 ( 1)
 452 Q   1.00000 0.00000 0.00000 0.00000 ( 1)
 453 I   1.00000 0.00000 0.00000 0.00000 ( 1)
 454 L   1.00000 0.00000 0.00000 0.00000 ( 1)
 455 I   1.00000 0.00000 0.00000 0.00000 ( 1)
 456 E   1.00000 0.00000 0.00000 0.00000 ( 1)
 457 P   1.00000 0.00000 0.00000 0.00000 ( 1)
 458 I   1.00000 0.00000 0.00000 0.00000 ( 1)
 459 F   1.00000 0.00000 0.00000 0.00000 ( 1)
 460 A   1.00000 0.00000 0.00000 0.00000 ( 1)
 461 Q   1.00000 0.00000 0.00000 0.00000 ( 1)
 462 W   1.00000 0.00000 0.00000 0.00000 ( 1)
 463 I   1.00000 0.00000 0.00000 0.00000 ( 1)
 464 Q   1.00000 0.00000 0.00000 0.00000 ( 1)
 465 S   1.00000 0.00000 0.00000 0.00000 ( 1)
 466 A   1.00000 0.00000 0.00000 0.00000 ( 1)
 467 H   1.00000 0.00000 0.00000 0.00000 ( 1)
 468 G   1.00000 0.00000 0.00000 0.00000 ( 1)
 469 K   1.00000 0.00000 0.00000 0.00000 ( 1)
 470 T   1.00000 0.00000 0.00000 0.00000 ( 1)
 471 S   1.00000 0.00000 0.00000 0.00000 ( 1)
 472 Y   1.00000 0.00000 0.00000 0.00000 ( 1)
 473 G   1.00000 0.00000 0.00000 0.00000 ( 1)
 474 F   1.00000 0.00000 0.00000 0.00000 ( 1)
 475 D   1.00000 0.00000 0.00000 0.00000 ( 1)
 476 V   1.00000 0.00000 0.00000 0.00000 ( 1)
 477 L   1.00000 0.00000 0.00000 0.00000 ( 1)
 478 L   1.00000 0.00000 0.00000 0.00000 ( 1)
 479 S   1.00000 0.00000 0.00000 0.00000 ( 1)
 480 S   1.00000 0.00000 0.00000 0.00000 ( 1)
 481 T   1.00000 0.00000 0.00000 0.00000 ( 1)
 482 N   1.00000 0.00000 0.00000 0.00000 ( 1)
 483 G   1.00000 0.00000 0.00000 0.00000 ( 1)
 484 P   1.00000 0.00000 0.00000 0.00000 ( 1)
 485 A   1.00000 0.00000 0.00000 0.00000 ( 1)
 486 F   1.00000 0.00000 0.00000 0.00000 ( 1)
 487 N   1.00000 0.00000 0.00000 0.00000 ( 1)
 488 A   1.00000 0.00000 0.00000 0.00000 ( 1)
 489 G   1.00000 0.00000 0.00000 0.00000 ( 1)
 490 R   1.00000 0.00000 0.00000 0.00000 ( 1)
 491 S   1.00000 0.00000 0.00000 0.00000 ( 1)
 492 I   1.00000 0.00000 0.00000 0.00000 ( 1)
 493 W   1.00000 0.00000 0.00000 0.00000 ( 1)
 494 L   1.00000 0.00000 0.00000 0.00000 ( 1)
 495 P   1.00000 0.00000 0.00000 0.00000 ( 1)
 496 G   1.00000 0.00000 0.00000 0.00000 ( 1)
 497 W   1.00000 0.00000 0.00000 0.00000 ( 1)
 498 L   1.00000 0.00000 0.00000 0.00000 ( 1)
 499 N   1.00000 0.00000 0.00000 0.00000 ( 1)
 500 A   1.00000 0.00000 0.00000 0.00000 ( 1)
 501 V   1.00000 0.00000 0.00000 0.00000 ( 1)
 502 N   1.00000 0.00000 0.00000 0.00000 ( 1)
 503 E   1.00000 0.00000 0.00000 0.00000 ( 1)
 504 T   1.00000 0.00000 0.00000 0.00000 ( 1)
 505 S   1.00000 0.00000 0.00000 0.00000 ( 1)
 506 N   1.00000 0.00000 0.00000 0.00000 ( 1)
 507 S   1.00000 0.00000 0.00000 0.00000 ( 1)
 508 L   1.00000 0.00000 0.00000 0.00000 ( 1)
 509 F   1.00000 0.00000 0.00000 0.00000 ( 1)
 510 L   1.00000 0.00000 0.00000 0.00000 ( 1)
 511 T   1.00000 0.00000 0.00000 0.00000 ( 1)
 512 I   1.00000 0.00000 0.00000 0.00000 ( 1)
 513 G   1.00000 0.00000 0.00000 0.00000 ( 1)
 514 P   1.00000 0.00000 0.00000 0.00000 ( 1)
 515 G   1.00000 0.00000 0.00000 0.00000 ( 1)
 516 D   1.00000 0.00000 0.00000 0.00000 ( 1)
 517 F   1.00000 0.00000 0.00000 0.00000 ( 1)
 518 L   1.00000 0.00000 0.00000 0.00000 ( 1)
 519 V   1.00000 0.00000 0.00000 0.00000 ( 1)
 520 H   1.00000 0.00000 0.00000 0.00000 ( 1)
 521 H   1.00000 0.00000 0.00000 0.00000 ( 1)
 522 A   1.00000 0.00000 0.00000 0.00000 ( 1)
 523 I   1.00000 0.00000 0.00000 0.00000 ( 1)
 524 A   1.00000 0.00000 0.00000 0.00000 ( 1)
 525 L   1.00000 0.00000 0.00000 0.00000 ( 1)
 526 G   1.00000 0.00000 0.00000 0.00000 ( 1)
 527 L   1.00000 0.00000 0.00000 0.00000 ( 1)
 528 H   1.00000 0.00000 0.00000 0.00000 ( 1)
 529 T   1.00000 0.00000 0.00000 0.00000 ( 1)
 530 T   1.00000 0.00000 0.00000 0.00000 ( 1)
 531 T   1.00000 0.00000 0.00000 0.00000 ( 1)
 532 L   1.00000 0.00000 0.00000 0.00000 ( 1)
 533 I   1.00000 0.00000 0.00000 0.00000 ( 1)
 534 L   1.00000 0.00000 0.00000 0.00000 ( 1)
 535 V   1.00000 0.00000 0.00000 0.00000 ( 1)
 536 K   1.00000 0.00000 0.00000 0.00000 ( 1)
 537 G   1.00000 0.00000 0.00000 0.00000 ( 1)
 538 A   1.00000 0.00000 0.00000 0.00000 ( 1)
 539 L   1.00000 0.00000 0.00000 0.00000 ( 1)
 540 D   1.00000 0.00000 0.00000 0.00000 ( 1)
 541 A   1.00000 0.00000 0.00000 0.00000 ( 1)
 542 R   1.00000 0.00000 0.00000 0.00000 ( 1)
 543 G   1.00000 0.00000 0.00000 0.00000 ( 1)
 544 S   1.00000 0.00000 0.00000 0.00000 ( 1)
 545 K   1.00000 0.00000 0.00000 0.00000 ( 1)
 546 L   1.00000 0.00000 0.00000 0.00000 ( 1)
 547 M   1.00000 0.00000 0.00000 0.00000 ( 1)
 548 P   1.00000 0.00000 0.00000 0.00000 ( 1)
 549 D   1.00000 0.00000 0.00000 0.00000 ( 1)
 550 K   1.00000 0.00000 0.00000 0.00000 ( 1)
 551 K   1.00000 0.00000 0.00000 0.00000 ( 1)
 552 D   1.00000 0.00000 0.00000 0.00000 ( 1)
 553 F   1.00000 0.00000 0.00000 0.00000 ( 1)
 554 G   1.00000 0.00000 0.00000 0.00000 ( 1)
 555 Y   1.00000 0.00000 0.00000 0.00000 ( 1)
 556 S   1.00000 0.00000 0.00000 0.00000 ( 1)
 557 F   1.00000 0.00000 0.00000 0.00000 ( 1)
 558 P   1.00000 0.00000 0.00000 0.00000 ( 1)
 559 C   1.00000 0.00000 0.00000 0.00000 ( 1)
 560 D   1.00000 0.00000 0.00000 0.00000 ( 1)
 561 G   1.00000 0.00000 0.00000 0.00000 ( 1)
 562 P   1.00000 0.00000 0.00000 0.00000 ( 1)
 563 G   1.00000 0.00000 0.00000 0.00000 ( 1)
 564 R   1.00000 0.00000 0.00000 0.00000 ( 1)
 565 G   1.00000 0.00000 0.00000 0.00000 ( 1)
 566 G   1.00000 0.00000 0.00000 0.00000 ( 1)
 567 T   1.00000 0.00000 0.00000 0.00000 ( 1)
 568 C   1.00000 0.00000 0.00000 0.00000 ( 1)
 569 D   1.00000 0.00000 0.00000 0.00000 ( 1)
 570 I   1.00000 0.00000 0.00000 0.00000 ( 1)
 571 S   1.00000 0.00000 0.00000 0.00000 ( 1)
 572 A   1.00000 0.00000 0.00000 0.00000 ( 1)
 573 W   1.00000 0.00000 0.00000 0.00000 ( 1)
 574 D   1.00000 0.00000 0.00000 0.00000 ( 1)
 575 A   1.00000 0.00000 0.00000 0.00000 ( 1)
 576 F   1.00000 0.00000 0.00000 0.00000 ( 1)
 577 Y   1.00000 0.00000 0.00000 0.00000 ( 1)
 578 L   1.00000 0.00000 0.00000 0.00000 ( 1)
 579 A   1.00000 0.00000 0.00000 0.00000 ( 1)
 580 V   1.00000 0.00000 0.00000 0.00000 ( 1)
 581 F   1.00000 0.00000 0.00000 0.00000 ( 1)
 582 W   1.00000 0.00000 0.00000 0.00000 ( 1)
 583 M   1.00000 0.00000 0.00000 0.00000 ( 1)
 584 L   1.00000 0.00000 0.00000 0.00000 ( 1)
 585 N   1.00000 0.00000 0.00000 0.00000 ( 1)
 586 T   1.00000 0.00000 0.00000 0.00000 ( 1)
 587 I   1.00000 0.00000 0.00000 0.00000 ( 1)
 588 G   1.00000 0.00000 0.00000 0.00000 ( 1)
 589 W   1.00000 0.00000 0.00000 0.00000 ( 1)
 590 V   1.00000 0.00000 0.00000 0.00000 ( 1)
 591 T   1.00000 0.00000 0.00000 0.00000 ( 1)
 592 F   1.00000 0.00000 0.00000 0.00000 ( 1)
 593 Y   1.00000 0.00000 0.00000 0.00000 ( 1)
 594 W   1.00000 0.00000 0.00000 0.00000 ( 1)
 595 H   1.00000 0.00000 0.00000 0.00000 ( 1)
 596 W   1.00000 0.00000 0.00000 0.00000 ( 1)
 597 K   1.00000 0.00000 0.00000 0.00000 ( 1)
 598 H   1.00000 0.00000 0.00000 0.00000 ( 1)
 599 I   1.00000 0.00000 0.00000 0.00000 ( 1)
 600 T   1.00000 0.00000 0.00000 0.00000 ( 1)
 601 L   1.00000 0.00000 0.00000 0.00000 ( 1)
 602 W   1.00000 0.00000 0.00000 0.00000 ( 1)
 603 Q   1.00000 0.00000 0.00000 0.00000 ( 1)
 604 G   1.00000 0.00000 0.00000 0.00000 ( 1)
 605 N   1.00000 0.00000 0.00000 0.00000 ( 1)
 606 V   1.00000 0.00000 0.00000 0.00000 ( 1)
 607 S   1.00000 0.00000 0.00000 0.00000 ( 1)
 608 Q   1.00000 0.00000 0.00000 0.00000 ( 1)
 609 F   1.00000 0.00000 0.00000 0.00000 ( 1)
 610 N   1.00000 0.00000 0.00000 0.00000 ( 1)
 611 E   1.00000 0.00000 0.00000 0.00000 ( 1)
 612 S   1.00000 0.00000 0.00000 0.00000 ( 1)
 613 S   1.00000 0.00000 0.00000 0.00000 ( 1)
 614 T   1.00000 0.00000 0.00000 0.00000 ( 1)
 615 Y   1.00000 0.00000 0.00000 0.00000 ( 1)
 616 L   1.00000 0.00000 0.00000 0.00000 ( 1)
 617 M   1.00000 0.00000 0.00000 0.00000 ( 1)
 618 G   1.00000 0.00000 0.00000 0.00000 ( 1)
 619 W   1.00000 0.00000 0.00000 0.00000 ( 1)
 620 L   1.00000 0.00000 0.00000 0.00000 ( 1)
 621 R   1.00000 0.00000 0.00000 0.00000 ( 1)
 622 D   1.00000 0.00000 0.00000 0.00000 ( 1)
 623 Y   1.00000 0.00000 0.00000 0.00000 ( 1)
 624 L   1.00000 0.00000 0.00000 0.00000 ( 1)
 625 W   1.00000 0.00000 0.00000 0.00000 ( 1)
 626 L   1.00000 0.00000 0.00000 0.00000 ( 1)
 627 N   1.00000 0.00000 0.00000 0.00000 ( 1)
 628 S   1.00000 0.00000 0.00000 0.00000 ( 1)
 629 S   1.00000 0.00000 0.00000 0.00000 ( 1)
 630 Q   1.00000 0.00000 0.00000 0.00000 ( 1)
 631 L   1.00000 0.00000 0.00000 0.00000 ( 1)
 632 I   1.00000 0.00000 0.00000 0.00000 ( 1)
 633 N   1.00000 0.00000 0.00000 0.00000 ( 1)
 634 G   1.00000 0.00000 0.00000 0.00000 ( 1)
 635 Y   1.00000 0.00000 0.00000 0.00000 ( 1)
 636 N   1.00000 0.00000 0.00000 0.00000 ( 1)
 637 P   1.00000 0.00000 0.00000 0.00000 ( 1)
 638 F   1.00000 0.00000 0.00000 0.00000 ( 1)
 639 G   1.00000 0.00000 0.00000 0.00000 ( 1)
 640 M   1.00000 0.00000 0.00000 0.00000 ( 1)
 641 N   1.00000 0.00000 0.00000 0.00000 ( 1)
 642 S   1.00000 0.00000 0.00000 0.00000 ( 1)
 643 L   1.00000 0.00000 0.00000 0.00000 ( 1)
 644 S   1.00000 0.00000 0.00000 0.00000 ( 1)
 645 V   1.00000 0.00000 0.00000 0.00000 ( 1)
 646 W   1.00000 0.00000 0.00000 0.00000 ( 1)
 647 A   1.00000 0.00000 0.00000 0.00000 ( 1)
 648 W   1.00000 0.00000 0.00000 0.00000 ( 1)
 649 M   1.00000 0.00000 0.00000 0.00000 ( 1)
 650 F   1.00000 0.00000 0.00000 0.00000 ( 1)
 651 L   1.00000 0.00000 0.00000 0.00000 ( 1)
 652 F   1.00000 0.00000 0.00000 0.00000 ( 1)
 653 G   1.00000 0.00000 0.00000 0.00000 ( 1)
 654 H   1.00000 0.00000 0.00000 0.00000 ( 1)
 655 L   1.00000 0.00000 0.00000 0.00000 ( 1)
 656 V   1.00000 0.00000 0.00000 0.00000 ( 1)
 657 W   1.00000 0.00000 0.00000 0.00000 ( 1)
 658 A   1.00000 0.00000 0.00000 0.00000 ( 1)
 659 T   1.00000 0.00000 0.00000 0.00000 ( 1)
 660 G   1.00000 0.00000 0.00000 0.00000 ( 1)
 661 F   1.00000 0.00000 0.00000 0.00000 ( 1)
 662 M   1.00000 0.00000 0.00000 0.00000 ( 1)
 663 F   1.00000 0.00000 0.00000 0.00000 ( 1)
 664 L   1.00000 0.00000 0.00000 0.00000 ( 1)
 665 I   1.00000 0.00000 0.00000 0.00000 ( 1)
 666 S   1.00000 0.00000 0.00000 0.00000 ( 1)
 667 W   1.00000 0.00000 0.00000 0.00000 ( 1)
 668 R   1.00000 0.00000 0.00000 0.00000 ( 1)
 669 G   1.00000 0.00000 0.00000 0.00000 ( 1)
 670 Y   1.00000 0.00000 0.00000 0.00000 ( 1)
 671 W   1.00000 0.00000 0.00000 0.00000 ( 1)
 672 Q   1.00000 0.00000 0.00000 0.00000 ( 1)
 673 E   1.00000 0.00000 0.00000 0.00000 ( 1)
 674 L   1.00000 0.00000 0.00000 0.00000 ( 1)
 675 I   1.00000 0.00000 0.00000 0.00000 ( 1)
 676 E   1.00000 0.00000 0.00000 0.00000 ( 1)
 677 T   1.00000 0.00000 0.00000 0.00000 ( 1)
 678 L   1.00000 0.00000 0.00000 0.00000 ( 1)
 679 A   1.00000 0.00000 0.00000 0.00000 ( 1)
 680 W   1.00000 0.00000 0.00000 0.00000 ( 1)
 681 A   1.00000 0.00000 0.00000 0.00000 ( 1)
 682 H   1.00000 0.00000 0.00000 0.00000 ( 1)
 683 E   1.00000 0.00000 0.00000 0.00000 ( 1)
 684 R   1.00000 0.00000 0.00000 0.00000 ( 1)
 685 T   1.00000 0.00000 0.00000 0.00000 ( 1)
 686 P   1.00000 0.00000 0.00000 0.00000 ( 1)
 687 L   1.00000 0.00000 0.00000 0.00000 ( 1)
 688 A   1.00000 0.00000 0.00000 0.00000 ( 1)
 689 N   1.00000 0.00000 0.00000 0.00000 ( 1)
 690 L   1.00000 0.00000 0.00000 0.00000 ( 1)
 691 I   1.00000 0.00000 0.00000 0.00000 ( 1)
 692 R   1.00000 0.00000 0.00000 0.00000 ( 1)
 693 W   1.00000 0.00000 0.00000 0.00000 ( 1)
 694 R   1.00000 0.00000 0.00000 0.00000 ( 1)
 695 D   1.00000 0.00000 0.00000 0.00000 ( 1)
 696 K   1.00000 0.00000 0.00000 0.00000 ( 1)
 697 P   1.00000 0.00000 0.00000 0.00000 ( 1)
 698 V   1.00000 0.00000 0.00000 0.00000 ( 1)
 699 A   1.00000 0.00000 0.00000 0.00000 ( 1)
 700 L   1.00000 0.00000 0.00000 0.00000 ( 1)
 701 S   1.00000 0.00000 0.00000 0.00000 ( 1)
 702 I   1.00000 0.00000 0.00000 0.00000 ( 1)
 703 V   1.00000 0.00000 0.00000 0.00000 ( 1)
 704 Q   1.00000 0.00000 0.00000 0.00000 ( 1)
 705 A   1.00000 0.00000 0.00000 0.00000 ( 1)
 706 R   1.00000 0.00000 0.00000 0.00000 ( 1)
 707 L   1.00000 0.00000 0.00000 0.00000 ( 1)
 708 V   1.00000 0.00000 0.00000 0.00000 ( 1)
 709 G   1.00000 0.00000 0.00000 0.00000 ( 1)
 710 L   1.00000 0.00000 0.00000 0.00000 ( 1)
 711 A   1.00000 0.00000 0.00000 0.00000 ( 1)
 712 H   1.00000 0.00000 0.00000 0.00000 ( 1)
 713 F   1.00000 0.00000 0.00000 0.00000 ( 1)
 714 S   1.00000 0.00000 0.00000 0.00000 ( 1)
 715 V   1.00000 0.00000 0.00000 0.00000 ( 1)
 716 G   1.00000 0.00000 0.00000 0.00000 ( 1)
 717 Y   1.00000 0.00000 0.00000 0.00000 ( 1)
 718 I   1.00000 0.00000 0.00000 0.00000 ( 1)
 719 F   1.00000 0.00000 0.00000 0.00000 ( 1)
 720 T   1.00000 0.00000 0.00000 0.00000 ( 1)
 721 Y   1.00000 0.00000 0.00000 0.00000 ( 1)
 722 A   1.00000 0.00000 0.00000 0.00000 ( 1)
 723 A   1.00000 0.00000 0.00000 0.00000 ( 1)
 724 F   1.00000 0.00000 0.00000 0.00000 ( 1)
 725 L   1.00000 0.00000 0.00000 0.00000 ( 1)
 726 I   1.00000 0.00000 0.00000 0.00000 ( 1)
 727 A   1.00000 0.00000 0.00000 0.00000 ( 1)
 728 S   1.00000 0.00000 0.00000 0.00000 ( 1)
 729 T   1.00000 0.00000 0.00000 0.00000 ( 1)
 730 S   1.00000 0.00000 0.00000 0.00000 ( 1)
 731 G   1.00000 0.00000 0.00000 0.00000 ( 1)
 732 K   1.00000 0.00000 0.00000 0.00000 ( 1)
 733 F   1.00000 0.00000 0.00000 0.00000 ( 1)
 734 G   1.00000 0.00000 0.00000 0.00000 ( 1)


lnL = -3665.358960

Bayes Empirical Bayes (BEB) probabilities for 4 classes (class)
(amino acids refer to 1st sequence: KM035851)

   1 M   0.93164 0.02029 0.04699 0.00108 ( 1)
   2 A   0.92954 0.02224 0.04704 0.00119 ( 1)
   3 L   0.92722 0.02438 0.04709 0.00131 ( 1)
   4 R   0.92787 0.02378 0.04708 0.00127 ( 1)
   5 F   0.93615 0.01618 0.04681 0.00086 ( 1)
   6 P   0.92841 0.02328 0.04707 0.00124 ( 1)
   7 R   0.92580 0.02572 0.04711 0.00138 ( 1)
   8 F   0.93615 0.01618 0.04681 0.00086 ( 1)
   9 S   0.92529 0.02618 0.04712 0.00140 ( 1)
  10 Q   0.92583 0.02568 0.04711 0.00138 ( 1)
  11 G   0.92457 0.02686 0.04713 0.00144 ( 1)
  12 L   0.92722 0.02438 0.04709 0.00131 ( 1)
  13 A   0.93500 0.01723 0.04686 0.00091 ( 1)
  14 Q   0.92388 0.02751 0.04713 0.00148 ( 1)
  15 D   0.92646 0.02509 0.04710 0.00134 ( 1)
  16 P   0.92461 0.02682 0.04712 0.00144 ( 1)
  17 T   0.93433 0.01783 0.04689 0.00095 ( 1)
  18 T   0.93433 0.01783 0.04689 0.00095 ( 1)
  19 R   0.93189 0.02006 0.04698 0.00107 ( 1)
  20 R   0.93189 0.02006 0.04698 0.00107 ( 1)
  21 I   0.93564 0.01664 0.04684 0.00088 ( 1)
  22 W   0.92411 0.02729 0.04713 0.00147 ( 1)
  23 F   0.93615 0.01618 0.04681 0.00086 ( 1)
  24 G   0.93345 0.01864 0.04693 0.00099 ( 1)
  25 I   0.93564 0.01664 0.04684 0.00088 ( 1)
  26 A   0.93500 0.01723 0.04686 0.00091 ( 1)
  27 T   0.92504 0.02642 0.04712 0.00142 ( 1)
  28 A   0.92951 0.02226 0.04704 0.00119 ( 1)
  29 H   0.93364 0.01846 0.04692 0.00098 ( 1)
  30 D   0.92646 0.02509 0.04710 0.00134 ( 1)
  31 F   0.92776 0.02385 0.04711 0.00128 ( 1)
  32 E   0.92693 0.02466 0.04709 0.00132 ( 1)
  33 S   0.93351 0.01858 0.04692 0.00099 ( 1)
  34 H   0.93364 0.01846 0.04692 0.00098 ( 1)
  35 D   0.93494 0.01727 0.04687 0.00092 ( 1)
  36 D   0.93494 0.01727 0.04687 0.00092 ( 1)
  37 I   0.93564 0.01664 0.04684 0.00088 ( 1)
  38 T   0.93433 0.01783 0.04689 0.00095 ( 1)
  39 E   0.92693 0.02466 0.04709 0.00132 ( 1)
  40 E   0.92973 0.02206 0.04704 0.00118 ( 1)
  41 R   0.93189 0.02006 0.04698 0.00107 ( 1)
  42 L   0.93455 0.01763 0.04688 0.00094 ( 1)
  43 Y   0.93316 0.01890 0.04694 0.00100 ( 1)
  44 Q   0.92388 0.02751 0.04713 0.00148 ( 1)
  45 N   0.93440 0.01777 0.04689 0.00094 ( 1)
  46 I   0.93564 0.01664 0.04684 0.00088 ( 1)
  47 F   0.93615 0.01618 0.04681 0.00086 ( 1)
  48 A   0.93500 0.01723 0.04686 0.00091 ( 1)
  49 S   0.93445 0.01773 0.04689 0.00094 ( 1)
  50 H   0.92545 0.02604 0.04711 0.00140 ( 1)
  51 F   0.92841 0.02320 0.04714 0.00124 ( 1)
  52 G   0.92539 0.02608 0.04713 0.00140 ( 1)
  53 Q   0.92583 0.02568 0.04711 0.00138 ( 1)
  54 L   0.92722 0.02438 0.04709 0.00131 ( 1)
  55 A   0.92954 0.02224 0.04704 0.00119 ( 1)
  56 I   0.93179 0.02016 0.04698 0.00107 ( 1)
  57 I   0.93564 0.01664 0.04684 0.00088 ( 1)
  58 F   0.93615 0.01618 0.04681 0.00086 ( 1)
  59 L   0.92255 0.02876 0.04714 0.00155 ( 1)
  60 W   0.92411 0.02729 0.04713 0.00147 ( 1)
  61 T   0.93433 0.01783 0.04689 0.00095 ( 1)
  62 S   0.92510 0.02636 0.04712 0.00141 ( 1)
  63 G   0.92762 0.02401 0.04708 0.00128 ( 1)
  64 N   0.93440 0.01777 0.04689 0.00094 ( 1)
  65 L   0.92285 0.02846 0.04716 0.00153 ( 1)
  66 F   0.93615 0.01618 0.04681 0.00086 ( 1)
  67 H   0.93364 0.01846 0.04692 0.00098 ( 1)
  68 V   0.92978 0.02201 0.04704 0.00117 ( 1)
  69 A   0.93500 0.01723 0.04686 0.00091 ( 1)
  70 W   0.92411 0.02729 0.04713 0.00147 ( 1)
  71 Q   0.92583 0.02568 0.04711 0.00138 ( 1)
  72 G   0.92738 0.02425 0.04707 0.00130 ( 1)
  73 N   0.93440 0.01777 0.04689 0.00094 ( 1)
  74 F   0.93615 0.01618 0.04681 0.00086 ( 1)
  75 E   0.92693 0.02466 0.04709 0.00132 ( 1)
  76 S   0.92705 0.02442 0.04722 0.00131 ( 1)
  77 W   0.92411 0.02729 0.04713 0.00147 ( 1)
  78 V   0.92978 0.02201 0.04704 0.00117 ( 1)
  79 Q   0.92388 0.02751 0.04713 0.00148 ( 1)
  80 D   0.92646 0.02509 0.04710 0.00134 ( 1)
  81 P   0.93353 0.01856 0.04692 0.00099 ( 1)
  82 L   0.92722 0.02438 0.04709 0.00131 ( 1)
  83 H   0.93364 0.01846 0.04692 0.00098 ( 1)
  84 V   0.92978 0.02201 0.04704 0.00117 ( 1)
  85 R   0.92787 0.02378 0.04708 0.00127 ( 1)
  86 P   0.93353 0.01856 0.04692 0.00099 ( 1)
  87 I   0.93564 0.01664 0.04684 0.00088 ( 1)
  88 A   0.93500 0.01723 0.04686 0.00091 ( 1)
  89 H   0.93364 0.01846 0.04692 0.00098 ( 1)
  90 A   0.92954 0.02224 0.04704 0.00119 ( 1)
  91 I   0.93564 0.01664 0.04684 0.00088 ( 1)
  92 W   0.92411 0.02729 0.04713 0.00147 ( 1)
  93 D   0.93494 0.01727 0.04687 0.00092 ( 1)
  94 P   0.93353 0.01856 0.04692 0.00099 ( 1)
  95 H   0.93364 0.01846 0.04692 0.00098 ( 1)
  96 F   0.93615 0.01618 0.04681 0.00086 ( 1)
  97 G   0.93345 0.01864 0.04693 0.00099 ( 1)
  98 Q   0.92583 0.02568 0.04711 0.00138 ( 1)
  99 P   0.92517 0.02630 0.04712 0.00141 ( 1)
 100 A   0.93500 0.01723 0.04686 0.00091 ( 1)
 101 V   0.92978 0.02201 0.04704 0.00117 ( 1)
 102 E   0.92973 0.02206 0.04704 0.00118 ( 1)
 103 A   0.93500 0.01723 0.04686 0.00091 ( 1)
 104 F   0.93615 0.01618 0.04681 0.00086 ( 1)
 105 T   0.93433 0.01783 0.04689 0.00095 ( 1)
 106 R   0.92365 0.02772 0.04713 0.00149 ( 1)
 107 G   0.92519 0.02627 0.04712 0.00141 ( 1)
 108 G   0.93273 0.01935 0.04689 0.00103 ( 1)
 109 A   0.93500 0.01723 0.04686 0.00091 ( 1)
 110 L   0.92820 0.02328 0.04728 0.00125 ( 1)
 111 G   0.92465 0.02678 0.04713 0.00144 ( 1)
 112 P   0.92841 0.02328 0.04707 0.00124 ( 1)
 113 V   0.92627 0.02526 0.04711 0.00135 ( 1)
 114 N   0.93440 0.01777 0.04689 0.00094 ( 1)
 115 I   0.92619 0.02534 0.04710 0.00136 ( 1)
 116 A   0.93500 0.01723 0.04686 0.00091 ( 1)
 117 Y   0.93316 0.01890 0.04694 0.00100 ( 1)
 118 S   0.93445 0.01773 0.04689 0.00094 ( 1)
 119 G   0.93345 0.01864 0.04693 0.00099 ( 1)
 120 V   0.93530 0.01695 0.04685 0.00090 ( 1)
 121 Y   0.93316 0.01890 0.04694 0.00100 ( 1)
 122 Q   0.92388 0.02751 0.04713 0.00148 ( 1)
 123 W   0.92411 0.02729 0.04713 0.00147 ( 1)
 124 W   0.92411 0.02729 0.04713 0.00147 ( 1)
 125 Y   0.93316 0.01890 0.04694 0.00100 ( 1)
 126 T   0.92902 0.02271 0.04705 0.00121 ( 1)
 127 I   0.92937 0.02291 0.04651 0.00121 ( 1)
 128 G   0.93345 0.01864 0.04693 0.00099 ( 1)
 129 L   0.92722 0.02438 0.04709 0.00131 ( 1)
 130 R   0.92377 0.02761 0.04713 0.00148 ( 1)
 131 T   0.93433 0.01783 0.04689 0.00095 ( 1)
 132 N   0.93440 0.01777 0.04689 0.00094 ( 1)
 133 E   0.92973 0.02206 0.04704 0.00118 ( 1)
 134 D   0.93494 0.01727 0.04687 0.00092 ( 1)
 135 L   0.93455 0.01763 0.04688 0.00094 ( 1)
 136 Y   0.93316 0.01890 0.04694 0.00100 ( 1)
 137 T   0.93433 0.01783 0.04689 0.00095 ( 1)
 138 G   0.92762 0.02401 0.04708 0.00128 ( 1)
 139 A   0.93500 0.01723 0.04686 0.00091 ( 1)
 140 L   0.93455 0.01763 0.04688 0.00094 ( 1)
 141 F   0.93615 0.01618 0.04681 0.00086 ( 1)
 142 L   0.92479 0.02666 0.04712 0.00143 ( 1)
 143 L   0.92722 0.02438 0.04709 0.00131 ( 1)
 144 F   0.93615 0.01618 0.04681 0.00086 ( 1)
 145 L   0.68084 0.27127 0.03371 0.01418 ( 1)
 146 S   0.93445 0.01773 0.04689 0.00094 ( 1)
 147 A   0.60858 0.34287 0.03049 0.01805 ( 1)
 148 I   0.93179 0.02016 0.04698 0.00107 ( 1)
 149 S   0.92504 0.02642 0.04712 0.00142 ( 1)
 150 L   0.92722 0.02438 0.04709 0.00131 ( 1)
 151 I   0.93179 0.02016 0.04698 0.00107 ( 1)
 152 A   0.92954 0.02224 0.04704 0.00119 ( 1)
 153 G   0.93345 0.01864 0.04693 0.00099 ( 1)
 154 W   0.92411 0.02729 0.04713 0.00147 ( 1)
 155 L   0.92722 0.02438 0.04709 0.00131 ( 1)
 156 H   0.92545 0.02604 0.04711 0.00140 ( 1)
 157 L   0.92479 0.02666 0.04712 0.00143 ( 1)
 158 Q   0.92580 0.02571 0.04711 0.00138 ( 1)
 159 P   0.92612 0.02535 0.04717 0.00136 ( 1)
 160 K   0.92908 0.02266 0.04705 0.00121 ( 1)
 161 W   0.92411 0.02729 0.04713 0.00147 ( 1)
 162 K   0.92908 0.02266 0.04705 0.00121 ( 1)
 163 P   0.92517 0.02630 0.04712 0.00141 ( 1)
 164 S   0.92566 0.02581 0.04714 0.00138 ( 1)
 165 V   0.69751 0.25467 0.03451 0.01330 ( 1)
 166 S   0.92501 0.02645 0.04712 0.00142 ( 1)
 167 W   0.92411 0.02729 0.04713 0.00147 ( 1)
 168 F   0.92732 0.02429 0.04709 0.00130 ( 1)
 169 K   0.92908 0.02266 0.04705 0.00121 ( 1)
 170 N   0.93413 0.01803 0.04688 0.00096 ( 1)
 171 A   0.92540 0.02608 0.04712 0.00140 ( 1)
 172 E   0.92973 0.02206 0.04704 0.00118 ( 1)
 173 S   0.93445 0.01773 0.04689 0.00094 ( 1)
 174 R   0.93189 0.02006 0.04698 0.00107 ( 1)
 175 L   0.92516 0.02631 0.04712 0.00141 ( 1)
 176 N   0.93440 0.01777 0.04689 0.00094 ( 1)
 177 H   0.93364 0.01846 0.04692 0.00098 ( 1)
 178 H   0.93364 0.01846 0.04692 0.00098 ( 1)
 179 L   0.92541 0.02592 0.04728 0.00139 ( 1)
 180 S   0.92747 0.02415 0.04708 0.00129 ( 1)
 181 G   0.92762 0.02401 0.04708 0.00128 ( 1)
 182 L   0.92516 0.02631 0.04712 0.00141 ( 1)
 183 F   0.92829 0.02332 0.04714 0.00125 ( 1)
 184 G   0.92457 0.02686 0.04713 0.00144 ( 1)
 185 V   0.92978 0.02201 0.04704 0.00117 ( 1)
 186 S   0.93351 0.01858 0.04692 0.00099 ( 1)
 187 S   0.92510 0.02636 0.04712 0.00141 ( 1)
 188 L   0.92580 0.02571 0.04711 0.00138 ( 1)
 189 A   0.93500 0.01723 0.04686 0.00091 ( 1)
 190 W   0.92411 0.02729 0.04713 0.00147 ( 1)
 191 T   0.92902 0.02271 0.04705 0.00121 ( 1)
 192 G   0.92512 0.02635 0.04712 0.00141 ( 1)
 193 H   0.93364 0.01846 0.04692 0.00098 ( 1)
 194 L   0.92722 0.02438 0.04709 0.00131 ( 1)
 195 V   0.92978 0.02201 0.04704 0.00117 ( 1)
 196 H   0.93335 0.01875 0.04690 0.00100 ( 1)
 197 V   0.92620 0.02534 0.04710 0.00136 ( 1)
 198 A   0.93500 0.01723 0.04686 0.00091 ( 1)
 199 I   0.93564 0.01664 0.04684 0.00088 ( 1)
 200 P   0.93353 0.01856 0.04692 0.00099 ( 1)
 201 A   0.92954 0.02224 0.04704 0.00119 ( 1)
 202 S   0.92563 0.02584 0.04715 0.00139 ( 1)
 203 R   0.92787 0.02378 0.04708 0.00127 ( 1)
 204 G   0.92512 0.02635 0.04712 0.00141 ( 1)
 205 E   0.92693 0.02466 0.04709 0.00132 ( 1)
 206 Y   0.92443 0.02700 0.04713 0.00145 ( 1)
 207 V   0.93530 0.01695 0.04685 0.00090 ( 1)
 208 R   0.92365 0.02773 0.04713 0.00149 ( 1)
 209 W   0.92411 0.02729 0.04713 0.00147 ( 1)
 210 N   0.93440 0.01777 0.04689 0.00094 ( 1)
 211 N   0.93440 0.01777 0.04689 0.00094 ( 1)
 212 F   0.62459 0.32698 0.03123 0.01720 ( 1)
 213 L   0.92722 0.02438 0.04709 0.00131 ( 1)
 214 D   0.93494 0.01727 0.04687 0.00092 ( 1)
 215 V   0.92978 0.02201 0.04704 0.00117 ( 1)
 216 L   0.92722 0.02438 0.04709 0.00131 ( 1)
 217 P   0.92841 0.02328 0.04707 0.00124 ( 1)
 218 H   0.92612 0.02537 0.04715 0.00136 ( 1)
 219 P   0.92461 0.02682 0.04712 0.00144 ( 1)
 220 Q   0.92583 0.02568 0.04711 0.00138 ( 1)
 221 G   0.92512 0.02635 0.04712 0.00141 ( 1)
 222 L   0.92714 0.02447 0.04708 0.00131 ( 1)
 223 G   0.92457 0.02686 0.04713 0.00144 ( 1)
 224 P   0.92641 0.02506 0.04719 0.00134 ( 1)
 225 L   0.93455 0.01763 0.04688 0.00094 ( 1)
 226 F   0.93615 0.01618 0.04681 0.00086 ( 1)
 227 T   0.92902 0.02271 0.04705 0.00121 ( 1)
 228 G   0.92743 0.02401 0.04728 0.00129 ( 1)
 229 Q   0.92388 0.02751 0.04713 0.00148 ( 1)
 230 W   0.92411 0.02729 0.04713 0.00147 ( 1)
 231 N   0.93440 0.01777 0.04689 0.00094 ( 1)
 232 L   0.93455 0.01763 0.04688 0.00094 ( 1)
 233 Y   0.93316 0.01890 0.04694 0.00100 ( 1)
 234 A   0.93500 0.01723 0.04686 0.00091 ( 1)
 235 Q   0.92583 0.02568 0.04711 0.00138 ( 1)
 236 N   0.92596 0.02556 0.04711 0.00137 ( 1)
 237 P   0.92461 0.02682 0.04712 0.00144 ( 1)
 238 D   0.92646 0.02509 0.04710 0.00134 ( 1)
 239 S   0.92747 0.02415 0.04708 0.00129 ( 1)
 240 S   0.68110 0.27092 0.03379 0.01418 ( 1)
 241 S   0.93351 0.01858 0.04692 0.00099 ( 1)
 242 H   0.93364 0.01846 0.04692 0.00098 ( 1)
 243 L   0.92722 0.02438 0.04709 0.00131 ( 1)
 244 F   0.93615 0.01618 0.04681 0.00086 ( 1)
 245 G   0.93345 0.01864 0.04693 0.00099 ( 1)
 246 T   0.92504 0.02642 0.04712 0.00142 ( 1)
 247 S   0.92533 0.02614 0.04713 0.00140 ( 1)
 248 Q   0.92583 0.02568 0.04711 0.00138 ( 1)
 249 G   0.92762 0.02401 0.04708 0.00128 ( 1)
 250 A   0.92954 0.02224 0.04704 0.00119 ( 1)
 251 G   0.92762 0.02401 0.04708 0.00128 ( 1)
 252 T   0.93433 0.01783 0.04689 0.00095 ( 1)
 253 A   0.92540 0.02608 0.04712 0.00140 ( 1)
 254 I   0.93564 0.01664 0.04684 0.00088 ( 1)
 255 L   0.92479 0.02666 0.04712 0.00143 ( 1)
 256 T   0.92504 0.02642 0.04712 0.00142 ( 1)
 257 L   0.93455 0.01763 0.04688 0.00094 ( 1)
 258 L   0.92516 0.02631 0.04712 0.00141 ( 1)
 259 G   0.92512 0.02635 0.04712 0.00141 ( 1)
 260 G   0.92762 0.02401 0.04708 0.00128 ( 1)
 261 F   0.93615 0.01618 0.04681 0.00086 ( 1)
 262 H   0.93364 0.01846 0.04692 0.00098 ( 1)
 263 P   0.92841 0.02328 0.04707 0.00124 ( 1)
 264 Q   0.92583 0.02568 0.04711 0.00138 ( 1)
 265 T   0.92562 0.02588 0.04711 0.00139 ( 1)
 266 Q   0.92583 0.02568 0.04711 0.00138 ( 1)
 267 S   0.93351 0.01858 0.04692 0.00099 ( 1)
 268 L   0.92717 0.02443 0.04709 0.00131 ( 1)
 269 W   0.92411 0.02729 0.04713 0.00147 ( 1)
 270 L   0.92255 0.02876 0.04714 0.00155 ( 1)
 271 T   0.93356 0.01860 0.04685 0.00099 ( 1)
 272 D   0.93494 0.01727 0.04687 0.00092 ( 1)
 273 M   0.93164 0.02029 0.04699 0.00108 ( 1)
 274 A   0.93500 0.01723 0.04686 0.00091 ( 1)
 275 H   0.93364 0.01846 0.04692 0.00098 ( 1)
 276 H   0.93364 0.01846 0.04692 0.00098 ( 1)
 277 H   0.93364 0.01846 0.04692 0.00098 ( 1)
 278 L   0.92722 0.02438 0.04709 0.00131 ( 1)
 279 A   0.93500 0.01723 0.04686 0.00091 ( 1)
 280 I   0.93564 0.01664 0.04684 0.00088 ( 1)
 281 A   0.92954 0.02224 0.04704 0.00119 ( 1)
 282 F   0.93615 0.01618 0.04681 0.00086 ( 1)
 283 I   0.70223 0.24999 0.03473 0.01306 ( 1)
 284 F   0.93615 0.01618 0.04681 0.00086 ( 1)
 285 L   0.92561 0.02586 0.04714 0.00139 ( 1)
 286 V   0.93530 0.01695 0.04685 0.00090 ( 1)
 287 A   0.92540 0.02608 0.04712 0.00140 ( 1)
 288 G   0.93345 0.01864 0.04693 0.00099 ( 1)
 289 H   0.93364 0.01846 0.04692 0.00098 ( 1)
 290 M   0.93164 0.02029 0.04699 0.00108 ( 1)
 291 Y   0.93316 0.01890 0.04694 0.00100 ( 1)
 292 R   0.92787 0.02378 0.04708 0.00127 ( 1)
 293 T   0.93433 0.01783 0.04689 0.00095 ( 1)
 294 N   0.92626 0.02526 0.04712 0.00135 ( 1)
 295 F   0.92732 0.02429 0.04709 0.00130 ( 1)
 296 G   0.93345 0.01864 0.04693 0.00099 ( 1)
 297 I   0.93564 0.01664 0.04684 0.00088 ( 1)
 298 G   0.92738 0.02425 0.04707 0.00130 ( 1)
 299 H   0.92545 0.02604 0.04711 0.00140 ( 1)
 300 S   0.93351 0.01858 0.04692 0.00099 ( 1)
 301 M   0.93164 0.02029 0.04699 0.00108 ( 1)
 302 K   0.92908 0.02266 0.04705 0.00121 ( 1)
 303 D   0.93494 0.01727 0.04687 0.00092 ( 1)
 304 L   0.93455 0.01763 0.04688 0.00094 ( 1)
 305 L   0.92722 0.02438 0.04709 0.00131 ( 1)
 306 D   0.93494 0.01727 0.04687 0.00092 ( 1)
 307 A   0.92954 0.02224 0.04704 0.00119 ( 1)
 308 H   0.93364 0.01846 0.04692 0.00098 ( 1)
 309 I   0.93564 0.01664 0.04684 0.00088 ( 1)
 310 P   0.93353 0.01856 0.04692 0.00099 ( 1)
 311 P   0.92551 0.02596 0.04714 0.00139 ( 1)
 312 G   0.92512 0.02635 0.04712 0.00141 ( 1)
 313 G   0.92627 0.02537 0.04701 0.00136 ( 1)
 314 R   0.92365 0.02773 0.04713 0.00149 ( 1)
 315 L   0.92581 0.02570 0.04711 0.00138 ( 1)
 316 G   0.92762 0.02401 0.04708 0.00128 ( 1)
 317 R   0.93189 0.02006 0.04698 0.00107 ( 1)
 318 G   0.92521 0.02625 0.04712 0.00141 ( 1)
 319 H   0.93355 0.01855 0.04691 0.00099 ( 1)
 320 K   0.92638 0.02517 0.04711 0.00135 ( 1)
 321 G   0.93345 0.01864 0.04693 0.00099 ( 1)
 322 L   0.93455 0.01763 0.04688 0.00094 ( 1)
 323 Y   0.93316 0.01890 0.04694 0.00100 ( 1)
 324 D   0.92646 0.02509 0.04710 0.00134 ( 1)
 325 T   0.92902 0.02271 0.04705 0.00121 ( 1)
 326 I   0.92619 0.02534 0.04710 0.00136 ( 1)
 327 N   0.93338 0.01878 0.04684 0.00100 ( 1)
 328 N   0.93440 0.01777 0.04689 0.00094 ( 1)
 329 S   0.92510 0.02636 0.04712 0.00141 ( 1)
 330 L   0.93455 0.01763 0.04688 0.00094 ( 1)
 331 H   0.93364 0.01846 0.04692 0.00098 ( 1)
 332 F   0.93615 0.01618 0.04681 0.00086 ( 1)
 333 Q   0.92583 0.02568 0.04711 0.00138 ( 1)
 334 L   0.92722 0.02438 0.04709 0.00131 ( 1)
 335 G   0.92516 0.02628 0.04716 0.00141 ( 1)
 336 L   0.93455 0.01763 0.04688 0.00094 ( 1)
 337 A   0.93500 0.01723 0.04686 0.00091 ( 1)
 338 L   0.92479 0.02666 0.04712 0.00143 ( 1)
 339 A   0.92578 0.02571 0.04714 0.00138 ( 1)
 340 S   0.93417 0.01800 0.04687 0.00096 ( 1)
 341 L   0.92722 0.02438 0.04709 0.00131 ( 1)
 342 G   0.92512 0.02635 0.04712 0.00141 ( 1)
 343 V   0.93530 0.01695 0.04685 0.00090 ( 1)
 344 I   0.93564 0.01664 0.04684 0.00088 ( 1)
 345 T   0.93433 0.01783 0.04689 0.00095 ( 1)
 346 S   0.92524 0.02623 0.04713 0.00141 ( 1)
 347 L   0.92580 0.02571 0.04711 0.00138 ( 1)
 348 V   0.92978 0.02201 0.04704 0.00117 ( 1)
 349 A   0.93500 0.01723 0.04686 0.00091 ( 1)
 350 Q   0.92583 0.02568 0.04711 0.00138 ( 1)
 351 H   0.92545 0.02604 0.04711 0.00140 ( 1)
 352 M   0.93164 0.02029 0.04699 0.00108 ( 1)
 353 Y   0.92476 0.02667 0.04714 0.00143 ( 1)
 354 S   0.93445 0.01773 0.04689 0.00094 ( 1)
 355 L   0.92722 0.02438 0.04709 0.00131 ( 1)
 356 P   0.92468 0.02675 0.04713 0.00144 ( 1)
 357 A   0.93500 0.01723 0.04686 0.00091 ( 1)
 358 Y   0.93316 0.01890 0.04694 0.00100 ( 1)
 359 A   0.92954 0.02224 0.04704 0.00119 ( 1)
 360 F   0.92732 0.02429 0.04709 0.00130 ( 1)
 361 I   0.93179 0.02016 0.04698 0.00107 ( 1)
 362 A   0.92954 0.02224 0.04704 0.00119 ( 1)
 363 Q   0.92583 0.02568 0.04711 0.00138 ( 1)
 364 D   0.92646 0.02509 0.04710 0.00134 ( 1)
 365 F   0.93615 0.01618 0.04681 0.00086 ( 1)
 366 T   0.93433 0.01783 0.04689 0.00095 ( 1)
 367 T   0.93433 0.01783 0.04689 0.00095 ( 1)
 368 Q   0.92583 0.02568 0.04711 0.00138 ( 1)
 369 A   0.93500 0.01723 0.04686 0.00091 ( 1)
 370 A   0.92601 0.02552 0.04711 0.00137 ( 1)
 371 L   0.92722 0.02438 0.04709 0.00131 ( 1)
 372 Y   0.93316 0.01890 0.04694 0.00100 ( 1)
 373 T   0.93433 0.01783 0.04689 0.00095 ( 1)
 374 H   0.93364 0.01846 0.04692 0.00098 ( 1)
 375 H   0.92545 0.02604 0.04711 0.00140 ( 1)
 376 Q   0.92583 0.02568 0.04711 0.00138 ( 1)
 377 Y   0.92455 0.02687 0.04713 0.00144 ( 1)
 378 I   0.92619 0.02534 0.04710 0.00136 ( 1)
 379 A   0.92954 0.02224 0.04704 0.00119 ( 1)
 380 G   0.92762 0.02401 0.04708 0.00128 ( 1)
 381 F   0.92732 0.02429 0.04709 0.00130 ( 1)
 382 I   0.92619 0.02534 0.04710 0.00136 ( 1)
 383 M   0.93164 0.02029 0.04699 0.00108 ( 1)
 384 T   0.92902 0.02271 0.04705 0.00121 ( 1)
 385 G   0.92762 0.02401 0.04708 0.00128 ( 1)
 386 A   0.93500 0.01723 0.04686 0.00091 ( 1)
 387 F   0.93615 0.01618 0.04681 0.00086 ( 1)
 388 A   0.93500 0.01723 0.04686 0.00091 ( 1)
 389 H   0.93364 0.01846 0.04692 0.00098 ( 1)
 390 G   0.92762 0.02401 0.04708 0.00128 ( 1)
 391 A   0.93500 0.01723 0.04686 0.00091 ( 1)
 392 I   0.93179 0.02016 0.04698 0.00107 ( 1)
 393 F   0.93615 0.01618 0.04681 0.00086 ( 1)
 394 F   0.93174 0.02059 0.04658 0.00109 ( 1)
 395 I   0.93564 0.01664 0.04684 0.00088 ( 1)
 396 R   0.92787 0.02378 0.04708 0.00127 ( 1)
 397 D   0.93494 0.01727 0.04687 0.00092 ( 1)
 398 Y   0.92443 0.02700 0.04713 0.00145 ( 1)
 399 S   0.93351 0.01858 0.04692 0.00099 ( 1)
 400 P   0.92517 0.02630 0.04712 0.00141 ( 1)
 401 E   0.92973 0.02206 0.04704 0.00118 ( 1)
 402 Q   0.92388 0.02751 0.04713 0.00148 ( 1)
 403 N   0.92865 0.02288 0.04725 0.00123 ( 1)
 404 E   0.92693 0.02466 0.04709 0.00132 ( 1)
 405 D   0.93494 0.01727 0.04687 0.00092 ( 1)
 406 N   0.93440 0.01777 0.04689 0.00094 ( 1)
 407 V   0.92978 0.02201 0.04704 0.00117 ( 1)
 408 L   0.92679 0.02482 0.04706 0.00133 ( 1)
 409 A   0.92954 0.02224 0.04704 0.00119 ( 1)
 410 R   0.92787 0.02378 0.04708 0.00127 ( 1)
 411 M   0.93164 0.02029 0.04699 0.00108 ( 1)
 412 L   0.92722 0.02438 0.04709 0.00131 ( 1)
 413 D   0.92646 0.02509 0.04710 0.00134 ( 1)
 414 H   0.93364 0.01846 0.04692 0.00098 ( 1)
 415 K   0.92908 0.02266 0.04705 0.00121 ( 1)
 416 E   0.92973 0.02206 0.04704 0.00118 ( 1)
 417 A   0.93500 0.01723 0.04686 0.00091 ( 1)
 418 I   0.92656 0.02497 0.04712 0.00134 ( 1)
 419 I   0.93179 0.02016 0.04698 0.00107 ( 1)
 420 S   0.93445 0.01773 0.04689 0.00094 ( 1)
 421 H   0.93364 0.01846 0.04692 0.00098 ( 1)
 422 L   0.92722 0.02438 0.04709 0.00131 ( 1)
 423 S   0.93351 0.01858 0.04692 0.00099 ( 1)
 424 W   0.92411 0.02729 0.04713 0.00147 ( 1)
 425 A   0.93500 0.01723 0.04686 0.00091 ( 1)
 426 S   0.92541 0.02607 0.04712 0.00140 ( 1)
 427 L   0.92516 0.02631 0.04712 0.00141 ( 1)
 428 F   0.93539 0.01694 0.04677 0.00090 ( 1)
 429 L   0.92303 0.02828 0.04717 0.00152 ( 1)
 430 G   0.92512 0.02635 0.04712 0.00141 ( 1)
 431 F   0.92732 0.02429 0.04709 0.00130 ( 1)
 432 H   0.93364 0.01846 0.04692 0.00098 ( 1)
 433 T   0.92504 0.02642 0.04712 0.00142 ( 1)
 434 L   0.92580 0.02571 0.04711 0.00138 ( 1)
 435 G   0.92762 0.02401 0.04708 0.00128 ( 1)
 436 L   0.93455 0.01763 0.04688 0.00094 ( 1)
 437 Y   0.93316 0.01890 0.04694 0.00100 ( 1)
 438 V   0.93530 0.01695 0.04685 0.00090 ( 1)
 439 H   0.93364 0.01846 0.04692 0.00098 ( 1)
 440 N   0.93440 0.01777 0.04689 0.00094 ( 1)
 441 D   0.93494 0.01727 0.04687 0.00092 ( 1)
 442 V   0.93530 0.01695 0.04685 0.00090 ( 1)
 443 M   0.93164 0.02029 0.04699 0.00108 ( 1)
 444 L   0.93455 0.01763 0.04688 0.00094 ( 1)
 445 A   0.92540 0.02608 0.04712 0.00140 ( 1)
 446 F   0.93615 0.01618 0.04681 0.00086 ( 1)
 447 G   0.93321 0.01888 0.04691 0.00100 ( 1)
 448 T   0.93356 0.01860 0.04685 0.00099 ( 1)
 449 P   0.92526 0.02621 0.04712 0.00141 ( 1)
 450 E   0.92693 0.02466 0.04709 0.00132 ( 1)
 451 K   0.92908 0.02266 0.04705 0.00121 ( 1)
 452 Q   0.92583 0.02568 0.04711 0.00138 ( 1)
 453 I   0.92619 0.02534 0.04710 0.00136 ( 1)
 454 L   0.92580 0.02571 0.04711 0.00138 ( 1)
 455 I   0.92619 0.02534 0.04710 0.00136 ( 1)
 456 E   0.92973 0.02206 0.04704 0.00118 ( 1)
 457 P   0.93353 0.01856 0.04692 0.00099 ( 1)
 458 I   0.93179 0.02016 0.04698 0.00107 ( 1)
 459 F   0.93615 0.01618 0.04681 0.00086 ( 1)
 460 A   0.93500 0.01723 0.04686 0.00091 ( 1)
 461 Q   0.92583 0.02568 0.04711 0.00138 ( 1)
 462 W   0.92411 0.02729 0.04713 0.00147 ( 1)
 463 I   0.93179 0.02016 0.04698 0.00107 ( 1)
 464 Q   0.92583 0.02568 0.04711 0.00138 ( 1)
 465 S   0.92812 0.02335 0.04728 0.00125 ( 1)
 466 A   0.93500 0.01723 0.04686 0.00091 ( 1)
 467 H   0.93364 0.01846 0.04692 0.00098 ( 1)
 468 G   0.93345 0.01864 0.04693 0.00099 ( 1)
 469 K   0.92908 0.02266 0.04705 0.00121 ( 1)
 470 T   0.93433 0.01783 0.04689 0.00095 ( 1)
 471 S   0.92726 0.02436 0.04707 0.00130 ( 1)
 472 Y   0.93316 0.01890 0.04694 0.00100 ( 1)
 473 G   0.93345 0.01864 0.04693 0.00099 ( 1)
 474 F   0.93615 0.01618 0.04681 0.00086 ( 1)
 475 D   0.93494 0.01727 0.04687 0.00092 ( 1)
 476 V   0.64640 0.30534 0.03223 0.01603 ( 1)
 477 L   0.93455 0.01763 0.04688 0.00094 ( 1)
 478 L   0.92722 0.02438 0.04709 0.00131 ( 1)
 479 S   0.93445 0.01773 0.04689 0.00094 ( 1)
 480 S   0.92747 0.02415 0.04708 0.00129 ( 1)
 481 T   0.92902 0.02271 0.04705 0.00121 ( 1)
 482 N   0.92961 0.02191 0.04730 0.00117 ( 1)
 483 G   0.92457 0.02686 0.04713 0.00144 ( 1)
 484 P   0.92516 0.02632 0.04712 0.00141 ( 1)
 485 A   0.92954 0.02224 0.04704 0.00119 ( 1)
 486 F   0.92732 0.02429 0.04709 0.00130 ( 1)
 487 N   0.93440 0.01777 0.04689 0.00094 ( 1)
 488 A   0.92614 0.02538 0.04711 0.00136 ( 1)
 489 G   0.93345 0.01864 0.04693 0.00099 ( 1)
 490 R   0.92365 0.02773 0.04713 0.00149 ( 1)
 491 S   0.92556 0.02592 0.04713 0.00139 ( 1)
 492 I   0.93108 0.02087 0.04694 0.00111 ( 1)
 493 W   0.92411 0.02729 0.04713 0.00147 ( 1)
 494 L   0.92580 0.02571 0.04711 0.00138 ( 1)
 495 P   0.92461 0.02682 0.04712 0.00144 ( 1)
 496 G   0.93345 0.01864 0.04693 0.00099 ( 1)
 497 W   0.92411 0.02729 0.04713 0.00147 ( 1)
 498 L   0.92722 0.02438 0.04709 0.00131 ( 1)
 499 N   0.93440 0.01777 0.04689 0.00094 ( 1)
 500 A   0.93500 0.01723 0.04686 0.00091 ( 1)
 501 V   0.93530 0.01695 0.04685 0.00090 ( 1)
 502 N   0.93440 0.01777 0.04689 0.00094 ( 1)
 503 E   0.92722 0.02437 0.04711 0.00130 ( 1)
 504 T   0.93433 0.01783 0.04689 0.00095 ( 1)
 505 S   0.93351 0.01858 0.04692 0.00099 ( 1)
 506 N   0.93440 0.01777 0.04689 0.00094 ( 1)
 507 S   0.92747 0.02415 0.04708 0.00129 ( 1)
 508 L   0.92479 0.02666 0.04712 0.00143 ( 1)
 509 F   0.92732 0.02429 0.04709 0.00130 ( 1)
 510 L   0.92722 0.02438 0.04709 0.00131 ( 1)
 511 T   0.92902 0.02271 0.04705 0.00121 ( 1)
 512 I   0.92943 0.02211 0.04728 0.00118 ( 1)
 513 G   0.92560 0.02584 0.04718 0.00139 ( 1)
 514 P   0.92470 0.02674 0.04713 0.00143 ( 1)
 515 G   0.92762 0.02401 0.04708 0.00128 ( 1)
 516 D   0.92646 0.02509 0.04710 0.00134 ( 1)
 517 F   0.93615 0.01618 0.04681 0.00086 ( 1)
 518 L   0.92722 0.02438 0.04709 0.00131 ( 1)
 519 V   0.93530 0.01695 0.04685 0.00090 ( 1)
 520 H   0.93364 0.01846 0.04692 0.00098 ( 1)
 521 H   0.93364 0.01846 0.04692 0.00098 ( 1)
 522 A   0.93500 0.01723 0.04686 0.00091 ( 1)
 523 I   0.93564 0.01664 0.04684 0.00088 ( 1)
 524 A   0.93500 0.01723 0.04686 0.00091 ( 1)
 525 L   0.92255 0.02876 0.04714 0.00155 ( 1)
 526 G   0.93345 0.01864 0.04693 0.00099 ( 1)
 527 L   0.92722 0.02438 0.04709 0.00131 ( 1)
 528 H   0.93364 0.01846 0.04692 0.00098 ( 1)
 529 T   0.92902 0.02271 0.04705 0.00121 ( 1)
 530 T   0.93433 0.01783 0.04689 0.00095 ( 1)
 531 T   0.92902 0.02271 0.04705 0.00121 ( 1)
 532 L   0.92580 0.02571 0.04711 0.00138 ( 1)
 533 I   0.92619 0.02534 0.04710 0.00136 ( 1)
 534 L   0.92722 0.02438 0.04709 0.00131 ( 1)
 535 V   0.92978 0.02201 0.04704 0.00117 ( 1)
 536 K   0.92630 0.02524 0.04710 0.00135 ( 1)
 537 G   0.93345 0.01864 0.04693 0.00099 ( 1)
 538 A   0.93500 0.01723 0.04686 0.00091 ( 1)
 539 L   0.92722 0.02438 0.04709 0.00131 ( 1)
 540 D   0.93494 0.01727 0.04687 0.00092 ( 1)
 541 A   0.92954 0.02224 0.04704 0.00119 ( 1)
 542 R   0.93161 0.02034 0.04696 0.00108 ( 1)
 543 G   0.93345 0.01864 0.04693 0.00099 ( 1)
 544 S   0.92516 0.02631 0.04712 0.00141 ( 1)
 545 K   0.92908 0.02266 0.04705 0.00121 ( 1)
 546 L   0.92722 0.02438 0.04709 0.00131 ( 1)
 547 M   0.93164 0.02029 0.04699 0.00108 ( 1)
 548 P   0.92551 0.02596 0.04714 0.00139 ( 1)
 549 D   0.93494 0.01727 0.04687 0.00092 ( 1)
 550 K   0.92908 0.02266 0.04705 0.00121 ( 1)
 551 K   0.92908 0.02266 0.04705 0.00121 ( 1)
 552 D   0.93494 0.01727 0.04687 0.00092 ( 1)
 553 F   0.92732 0.02429 0.04709 0.00130 ( 1)
 554 G   0.93345 0.01864 0.04693 0.00099 ( 1)
 555 Y   0.93316 0.01890 0.04694 0.00100 ( 1)
 556 S   0.93351 0.01858 0.04692 0.00099 ( 1)
 557 F   0.93615 0.01618 0.04681 0.00086 ( 1)
 558 P   0.92517 0.02630 0.04712 0.00141 ( 1)
 559 C   0.92484 0.02661 0.04712 0.00143 ( 1)
 560 D   0.92684 0.02471 0.04712 0.00132 ( 1)
 561 G   0.92467 0.02676 0.04713 0.00144 ( 1)
 562 P   0.92517 0.02630 0.04712 0.00141 ( 1)
 563 G   0.92762 0.02401 0.04708 0.00128 ( 1)
 564 R   0.92381 0.02758 0.04713 0.00148 ( 1)
 565 G   0.92457 0.02686 0.04713 0.00144 ( 1)
 566 G   0.93345 0.01864 0.04693 0.00099 ( 1)
 567 T   0.93433 0.01783 0.04689 0.00095 ( 1)
 568 C   0.93332 0.01875 0.04693 0.00100 ( 1)
 569 D   0.93494 0.01727 0.04687 0.00092 ( 1)
 570 I   0.93564 0.01664 0.04684 0.00088 ( 1)
 571 S   0.92501 0.02645 0.04712 0.00142 ( 1)
 572 A   0.93500 0.01723 0.04686 0.00091 ( 1)
 573 W   0.92411 0.02729 0.04713 0.00147 ( 1)
 574 D   0.92646 0.02509 0.04710 0.00134 ( 1)
 575 A   0.92903 0.02274 0.04701 0.00121 ( 1)
 576 F   0.93615 0.01618 0.04681 0.00086 ( 1)
 577 Y   0.93316 0.01890 0.04694 0.00100 ( 1)
 578 L   0.92580 0.02571 0.04711 0.00138 ( 1)
 579 A   0.92947 0.02230 0.04704 0.00119 ( 1)
 580 V   0.93530 0.01695 0.04685 0.00090 ( 1)
 581 F   0.93615 0.01618 0.04681 0.00086 ( 1)
 582 W   0.92411 0.02729 0.04713 0.00147 ( 1)
 583 M   0.93164 0.02029 0.04699 0.00108 ( 1)
 584 L   0.92722 0.02438 0.04709 0.00131 ( 1)
 585 N   0.93440 0.01777 0.04689 0.00094 ( 1)
 586 T   0.93433 0.01783 0.04689 0.00095 ( 1)
 587 I   0.92619 0.02534 0.04710 0.00136 ( 1)
 588 G   0.92762 0.02401 0.04708 0.00128 ( 1)
 589 W   0.92411 0.02729 0.04713 0.00147 ( 1)
 590 V   0.93530 0.01695 0.04685 0.00090 ( 1)
 591 T   0.93433 0.01783 0.04689 0.00095 ( 1)
 592 F   0.93615 0.01618 0.04681 0.00086 ( 1)
 593 Y   0.93316 0.01890 0.04694 0.00100 ( 1)
 594 W   0.92411 0.02729 0.04713 0.00147 ( 1)
 595 H   0.93364 0.01846 0.04692 0.00098 ( 1)
 596 W   0.92411 0.02729 0.04713 0.00147 ( 1)
 597 K   0.92757 0.02417 0.04697 0.00129 ( 1)
 598 H   0.93364 0.01846 0.04692 0.00098 ( 1)
 599 I   0.92619 0.02534 0.04710 0.00136 ( 1)
 600 T   0.92902 0.02271 0.04705 0.00121 ( 1)
 601 L   0.92722 0.02438 0.04709 0.00131 ( 1)
 602 W   0.92411 0.02729 0.04713 0.00147 ( 1)
 603 Q   0.92388 0.02751 0.04713 0.00148 ( 1)
 604 G   0.93345 0.01864 0.04693 0.00099 ( 1)
 605 N   0.92596 0.02556 0.04711 0.00137 ( 1)
 606 V   0.93530 0.01695 0.04685 0.00090 ( 1)
 607 S   0.92501 0.02645 0.04712 0.00142 ( 1)
 608 Q   0.92393 0.02746 0.04714 0.00147 ( 1)
 609 F   0.93615 0.01618 0.04681 0.00086 ( 1)
 610 N   0.93410 0.01807 0.04687 0.00096 ( 1)
 611 E   0.92973 0.02206 0.04704 0.00118 ( 1)
 612 S   0.93445 0.01773 0.04689 0.00094 ( 1)
 613 S   0.92510 0.02636 0.04712 0.00141 ( 1)
 614 T   0.93433 0.01783 0.04689 0.00095 ( 1)
 615 Y   0.93316 0.01890 0.04694 0.00100 ( 1)
 616 L   0.92580 0.02571 0.04711 0.00138 ( 1)
 617 M   0.93164 0.02029 0.04699 0.00108 ( 1)
 618 G   0.92457 0.02686 0.04713 0.00144 ( 1)
 619 W   0.92411 0.02729 0.04713 0.00147 ( 1)
 620 L   0.92722 0.02438 0.04709 0.00131 ( 1)
 621 R   0.92787 0.02378 0.04708 0.00127 ( 1)
 622 D   0.93494 0.01727 0.04687 0.00092 ( 1)
 623 Y   0.93316 0.01890 0.04694 0.00100 ( 1)
 624 L   0.92671 0.02480 0.04716 0.00133 ( 1)
 625 W   0.92411 0.02729 0.04713 0.00147 ( 1)
 626 L   0.92722 0.02438 0.04709 0.00131 ( 1)
 627 N   0.92596 0.02556 0.04711 0.00137 ( 1)
 628 S   0.93445 0.01773 0.04689 0.00094 ( 1)
 629 S   0.92747 0.02415 0.04708 0.00129 ( 1)
 630 Q   0.92583 0.02568 0.04711 0.00138 ( 1)
 631 L   0.93455 0.01763 0.04688 0.00094 ( 1)
 632 I   0.92619 0.02534 0.04710 0.00136 ( 1)
 633 N   0.93440 0.01777 0.04689 0.00094 ( 1)
 634 G   0.92762 0.02401 0.04708 0.00128 ( 1)
 635 Y   0.93316 0.01890 0.04694 0.00100 ( 1)
 636 N   0.92596 0.02556 0.04711 0.00137 ( 1)
 637 P   0.93327 0.01882 0.04691 0.00100 ( 1)
 638 F   0.93615 0.01618 0.04681 0.00086 ( 1)
 639 G   0.93345 0.01864 0.04693 0.00099 ( 1)
 640 M   0.93164 0.02029 0.04699 0.00108 ( 1)
 641 N   0.93440 0.01777 0.04689 0.00094 ( 1)
 642 S   0.93351 0.01858 0.04692 0.00099 ( 1)
 643 L   0.92722 0.02438 0.04709 0.00131 ( 1)
 644 S   0.92501 0.02645 0.04712 0.00142 ( 1)
 645 V   0.92558 0.02592 0.04711 0.00139 ( 1)
 646 W   0.92411 0.02729 0.04713 0.00147 ( 1)
 647 A   0.92601 0.02552 0.04711 0.00137 ( 1)
 648 W   0.92411 0.02729 0.04713 0.00147 ( 1)
 649 M   0.93164 0.02029 0.04699 0.00108 ( 1)
 650 F   0.92768 0.02394 0.04711 0.00128 ( 1)
 651 L   0.92722 0.02438 0.04709 0.00131 ( 1)
 652 F   0.93615 0.01618 0.04681 0.00086 ( 1)
 653 G   0.92762 0.02401 0.04708 0.00128 ( 1)
 654 H   0.93364 0.01846 0.04692 0.00098 ( 1)
 655 L   0.92516 0.02631 0.04712 0.00141 ( 1)
 656 V   0.93498 0.01728 0.04683 0.00092 ( 1)
 657 W   0.92411 0.02729 0.04713 0.00147 ( 1)
 658 A   0.93500 0.01723 0.04686 0.00091 ( 1)
 659 T   0.93433 0.01783 0.04689 0.00095 ( 1)
 660 G   0.92762 0.02401 0.04708 0.00128 ( 1)
 661 F   0.93615 0.01618 0.04681 0.00086 ( 1)
 662 M   0.93164 0.02029 0.04699 0.00108 ( 1)
 663 F   0.92732 0.02429 0.04709 0.00130 ( 1)
 664 L   0.92722 0.02438 0.04709 0.00131 ( 1)
 665 I   0.93564 0.01664 0.04684 0.00088 ( 1)
 666 S   0.92510 0.02636 0.04712 0.00141 ( 1)
 667 W   0.92411 0.02729 0.04713 0.00147 ( 1)
 668 R   0.93189 0.02006 0.04698 0.00107 ( 1)
 669 G   0.92457 0.02686 0.04713 0.00144 ( 1)
 670 Y   0.93316 0.01890 0.04694 0.00100 ( 1)
 671 W   0.92411 0.02729 0.04713 0.00147 ( 1)
 672 Q   0.92583 0.02568 0.04711 0.00138 ( 1)
 673 E   0.92973 0.02206 0.04704 0.00118 ( 1)
 674 L   0.92580 0.02571 0.04711 0.00138 ( 1)
 675 I   0.93564 0.01664 0.04684 0.00088 ( 1)
 676 E   0.92973 0.02206 0.04704 0.00118 ( 1)
 677 T   0.93433 0.01783 0.04689 0.00095 ( 1)
 678 L   0.92722 0.02438 0.04709 0.00131 ( 1)
 679 A   0.92954 0.02224 0.04704 0.00119 ( 1)
 680 W   0.92411 0.02729 0.04713 0.00147 ( 1)
 681 A   0.93500 0.01723 0.04686 0.00091 ( 1)
 682 H   0.93364 0.01846 0.04692 0.00098 ( 1)
 683 E   0.92973 0.02206 0.04704 0.00118 ( 1)
 684 R   0.92377 0.02761 0.04713 0.00148 ( 1)
 685 T   0.92902 0.02271 0.04705 0.00121 ( 1)
 686 P   0.93353 0.01856 0.04692 0.00099 ( 1)
 687 L   0.92580 0.02571 0.04711 0.00138 ( 1)
 688 A   0.92568 0.02585 0.04709 0.00139 ( 1)
 689 N   0.93440 0.01777 0.04689 0.00094 ( 1)
 690 L   0.92580 0.02571 0.04711 0.00138 ( 1)
 691 I   0.93564 0.01664 0.04684 0.00088 ( 1)
 692 R   0.93189 0.02006 0.04698 0.00107 ( 1)
 693 W   0.92411 0.02729 0.04713 0.00147 ( 1)
 694 R   0.92787 0.02378 0.04708 0.00127 ( 1)
 695 D   0.93494 0.01727 0.04687 0.00092 ( 1)
 696 K   0.92908 0.02266 0.04705 0.00121 ( 1)
 697 P   0.92551 0.02596 0.04714 0.00139 ( 1)
 698 V   0.92624 0.02530 0.04711 0.00136 ( 1)
 699 A   0.92540 0.02608 0.04712 0.00140 ( 1)
 700 L   0.93455 0.01763 0.04688 0.00094 ( 1)
 701 S   0.92510 0.02636 0.04712 0.00141 ( 1)
 702 I   0.93564 0.01664 0.04684 0.00088 ( 1)
 703 V   0.92620 0.02534 0.04710 0.00136 ( 1)
 704 Q   0.92583 0.02568 0.04711 0.00138 ( 1)
 705 A   0.92954 0.02224 0.04704 0.00119 ( 1)
 706 R   0.92365 0.02773 0.04713 0.00149 ( 1)
 707 L   0.92580 0.02571 0.04711 0.00138 ( 1)
 708 V   0.93530 0.01695 0.04685 0.00090 ( 1)
 709 G   0.92762 0.02401 0.04708 0.00128 ( 1)
 710 L   0.92722 0.02438 0.04709 0.00131 ( 1)
 711 A   0.92540 0.02608 0.04712 0.00140 ( 1)
 712 H   0.92545 0.02604 0.04711 0.00140 ( 1)
 713 F   0.93615 0.01618 0.04681 0.00086 ( 1)
 714 S   0.92812 0.02335 0.04728 0.00125 ( 1)
 715 V   0.92978 0.02201 0.04704 0.00117 ( 1)
 716 G   0.93345 0.01864 0.04693 0.00099 ( 1)
 717 Y   0.93316 0.01890 0.04694 0.00100 ( 1)
 718 I   0.93179 0.02016 0.04698 0.00107 ( 1)
 719 F   0.92841 0.02320 0.04714 0.00124 ( 1)
 720 T   0.93433 0.01783 0.04689 0.00095 ( 1)
 721 Y   0.93316 0.01890 0.04694 0.00100 ( 1)
 722 A   0.92601 0.02552 0.04711 0.00137 ( 1)
 723 A   0.93500 0.01723 0.04686 0.00091 ( 1)
 724 F   0.92732 0.02429 0.04709 0.00130 ( 1)
 725 L   0.92580 0.02571 0.04711 0.00138 ( 1)
 726 I   0.93564 0.01664 0.04684 0.00088 ( 1)
 727 A   0.92540 0.02608 0.04712 0.00140 ( 1)
 728 S   0.93367 0.01850 0.04685 0.00098 ( 1)
 729 T   0.92895 0.02279 0.04705 0.00122 ( 1)
 730 S   0.92578 0.02568 0.04716 0.00138 ( 1)
 731 G   0.92457 0.02686 0.04713 0.00144 ( 1)
 732 K   0.92908 0.02266 0.04705 0.00121 ( 1)
 733 F   0.93615 0.01618 0.04681 0.00086 ( 1)
 734 G   0.93345 0.01864 0.04693 0.00099 ( 1)

