

TREE # 1

  0  0.0000   4183.438069  x:  0.00000   0.01536   0.05114   0.01776   0.05931   0.05839   0.02928   0.03392   0.05956   0.01786   0.04365   0.02348   0.02047   0.01493   0.01851   0.05369   0.04982   0.02500   0.04713   0.03333   0.06137   0.03392   0.01072   0.02064   0.00813   0.06131   0.04098   0.04088   0.06877   0.02560   2.00000   1.09989   0.02896   0.27919   2.57308  
  1 99.0000   4183.422489  x:  0.00000   0.01536   0.05114   0.01776   0.05931   0.05839   0.02928   0.03391   0.05956   0.01786   0.04365   0.02348   0.02047   0.01493   0.01851   0.05369   0.04982   0.02500   0.04713   0.03333   0.06137   0.03392   0.01072   0.02064   0.00812   0.06131   0.04098   0.04088   0.06876   0.02560   2.00000   1.09989   0.02896   0.27919   2.57308  
  2 2767.1079   4084.155330  x:  0.00000   0.01543   0.04203   0.01317   0.05000   0.04873   0.02009   0.02421   0.05108   0.01229   0.03398   0.01783   0.01071   0.01066   0.01455   0.04534   0.04157   0.02068   0.04138   0.02898   0.05205   0.02819   0.00096   0.02002   0.00000   0.05273   0.03681   0.03724   0.06122   0.02083   2.00020   1.10035   0.02850   0.27829   2.57308  
  3 22975.1248   4075.413280  x:  0.00000   0.01546   0.04115   0.01284   0.04910   0.04779   0.01924   0.02326   0.05027   0.01187   0.03304   0.01738   0.00975   0.01039   0.01428   0.04455   0.04079   0.02035   0.04087   0.02863   0.05113   0.02772   0.00000   0.02003   0.00000   0.05191   0.03647   0.03694   0.06052   0.02073   2.00022   1.10041   0.02844   0.27843   2.57308  
  4 120428.7147   3994.024436  x:  0.00000   0.01468   0.03224   0.00993   0.03991   0.03814   0.01102   0.01357   0.04213   0.00841   0.02339   0.01333   0.00000   0.00790   0.01162   0.03663   0.03304   0.01723   0.03594   0.02519   0.04190   0.02307   0.00000   0.01877   0.00000   0.04367   0.03306   0.03358   0.05343   0.01926   2.00044   1.10099   0.02785   0.28011   2.57308  
  5 557094.3972   3913.291314  x:  0.00000   0.01945   0.02104   0.00910   0.02759   0.02465   0.01204   0.00000   0.03206   0.01175   0.00993   0.01300   0.00000   0.00812   0.00953   0.02754   0.02470   0.01364   0.03017   0.02091   0.03108   0.01712   0.00000   0.02103   0.00000   0.03361   0.02792   0.02758   0.04475   0.01909   2.00063   1.10066   0.02820   0.27135   2.57307  
  6 6698.2892   3870.893474  x:  0.00000   0.01931   0.01401   0.00989   0.01912   0.01480   0.01333   0.00000   0.02605   0.00805   0.00000   0.01215   0.00000   0.00655   0.01118   0.02268   0.02067   0.01498   0.02816   0.02080   0.02381   0.01756   0.00000   0.02181   0.00000   0.02761   0.02734   0.02643   0.03980   0.01865   2.00075   1.10036   0.02855   0.26459   2.57307  
  7 8128.7891   3833.230489  x:  0.00000   0.01836   0.00786   0.00645   0.00788   0.00000   0.01097   0.00000   0.02098   0.00686   0.00000   0.00984   0.00000   0.01005   0.00649   0.01979   0.01910   0.01372   0.02852   0.02189   0.01419   0.01936   0.00000   0.02227   0.00000   0.02219   0.02920   0.02969   0.03579   0.01815   2.00092   1.10019   0.02879   0.25770   2.57306  
  8 4691.8634   3817.418529  x:  0.00000   0.01803   0.00714   0.00677   0.00000   0.00000   0.00511   0.00000   0.01920   0.00906   0.00000   0.00891   0.00000   0.00810   0.00863   0.01943   0.01935   0.01131   0.02926   0.02136   0.00656   0.01791   0.00000   0.02173   0.00000   0.01982   0.02939   0.03233   0.03416   0.01797   2.00110   1.10031   0.02873   0.25385   2.57305  
  9 2094.1214   3810.635281  x:  0.00000   0.01853   0.00875   0.00900   0.00000   0.00000   0.00174   0.00000   0.01848   0.00847   0.00000   0.01054   0.00000   0.00656   0.00539   0.01907   0.01891   0.01449   0.02917   0.02014   0.00000   0.01464   0.00000   0.02075   0.00000   0.01844   0.02767   0.03308   0.03302   0.01789   2.00138   1.10092   0.02818   0.25384   2.57304  
 10 884.3468   3798.809387  x:  0.00000   0.01796   0.01183   0.00378   0.00000   0.00000   0.00385   0.00000   0.01427   0.00618   0.00000   0.01000   0.00000   0.00425   0.00491   0.01567   0.01487   0.01746   0.02900   0.01724   0.00000   0.00350   0.00000   0.01557   0.00000   0.01162   0.02166   0.03791   0.02725   0.01763   2.00270   1.10450   0.02478   0.26482   2.57300  
 11 509.9275   3786.682950  x:  0.00000   0.01757   0.01374   0.00062   0.00000   0.00000   0.00354   0.00000   0.00948   0.00605   0.00000   0.00863   0.00000   0.00318   0.00451   0.01055   0.00866   0.01634   0.02617   0.01245   0.00000   0.00703   0.00000   0.01020   0.00000   0.00501   0.01335   0.03809   0.02054   0.01700   2.00414   1.10849   0.02097   0.27757   2.57296  
 12 1259.1183   3782.056810  x:  0.00000   0.01669   0.01399   0.00250   0.00000   0.00000   0.00420   0.00000   0.00694   0.00520   0.00000   0.00608   0.00000   0.00372   0.00373   0.00779   0.00547   0.01354   0.02461   0.01040   0.00000   0.00775   0.00000   0.00776   0.00000   0.00221   0.00991   0.03847   0.01695   0.01665   2.00491   1.11065   0.01891   0.28436   2.57294  
 13 4342.2831   3776.342273  x:  0.00000   0.01447   0.01109   0.00265   0.00000   0.00000   0.00340   0.00000   0.00345   0.00450   0.00000   0.00485   0.00000   0.00466   0.00388   0.00371   0.00224   0.01088   0.02150   0.00951   0.00000   0.00731   0.00000   0.00696   0.00000   0.00599   0.00917   0.03611   0.01209   0.01618   2.00583   1.11309   0.01656   0.29204   2.57292  
 14 1542.2447   3769.973118  x:  0.00000   0.01143   0.00460   0.00242   0.00000   0.00000   0.00235   0.00000   0.00237   0.00366   0.00000   0.00442   0.00000   0.00479   0.00395   0.00136   0.00510   0.00757   0.01654   0.00938   0.00000   0.00642   0.00000   0.00799   0.00000   0.00504   0.01025   0.03059   0.00679   0.01554   2.00689   1.11589   0.01386   0.30103   2.57290  
 15 1669.2329   3767.575337  x:  0.00000   0.01029   0.00132   0.00230   0.00000   0.00000   0.00187   0.00000   0.00228   0.00331   0.00000   0.00414   0.00000   0.00482   0.00401   0.00270   0.00468   0.00633   0.01446   0.00940   0.00000   0.00600   0.00000   0.00842   0.00000   0.00456   0.01069   0.02816   0.00506   0.01528   2.00734   1.11703   0.01276   0.30457   2.57289  
 16 3481.9075   3766.945835  x:  0.00000   0.00992   0.00060   0.00222   0.00000   0.00000   0.00169   0.00000   0.00286   0.00329   0.00000   0.00393   0.00000   0.00477   0.00400   0.00234   0.00406   0.00599   0.01382   0.00965   0.00000   0.00583   0.00000   0.00867   0.00000   0.00417   0.01113   0.02716   0.00571   0.01518   2.00749   1.11739   0.01240   0.30549   2.57288  
 17 865.9643   3766.062459  x:  0.00000   0.00901   0.00125   0.00203   0.00000   0.00000   0.00141   0.00000   0.00286   0.00306   0.00000   0.00344   0.00000   0.00484   0.00396   0.00226   0.00300   0.00516   0.01218   0.01037   0.00000   0.00550   0.00000   0.00953   0.00000   0.00320   0.01247   0.02452   0.00635   0.01493   2.00782   1.11814   0.01168   0.30710   2.57288  
 18 1111.4042   3765.802230  x:  0.00000   0.00918   0.00116   0.00205   0.00000   0.00000   0.00156   0.00000   0.00227   0.00298   0.00000   0.00283   0.00000   0.00438   0.00367   0.00241   0.00332   0.00503   0.01202   0.01027   0.00000   0.00555   0.00000   0.00951   0.00000   0.00336   0.01241   0.02332   0.00712   0.01482   2.00805   1.11865   0.01118   0.30779   2.57287  
 19 265.6726   3765.533009  x:  0.00000   0.00948   0.00128   0.00211   0.00000   0.00000   0.00179   0.00000   0.00288   0.00241   0.00000   0.00264   0.00000   0.00395   0.00331   0.00242   0.00353   0.00450   0.01210   0.00993   0.00000   0.00563   0.00000   0.00932   0.00000   0.00372   0.01206   0.02169   0.00699   0.01466   2.00845   1.11954   0.01031   0.30850   2.57287  
 20 294.1497   3765.257218  x:  0.00000   0.00913   0.00123   0.00207   0.00000   0.00000   0.00184   0.00000   0.00258   0.00193   0.00000   0.00347   0.00000   0.00429   0.00331   0.00246   0.00352   0.00419   0.01294   0.00976   0.00000   0.00557   0.00000   0.00929   0.00000   0.00363   0.01199   0.01967   0.00735   0.01439   2.00921   1.12130   0.00859   0.30815   2.57285  
 21 137.8064   3764.650944  x:  0.00000   0.00814   0.00124   0.00202   0.00000   0.00000   0.00206   0.00000   0.00275   0.00237   0.00000   0.00309   0.00000   0.00478   0.00326   0.00243   0.00343   0.00520   0.01426   0.00973   0.00000   0.00548   0.00000   0.00928   0.00000   0.00351   0.01206   0.01528   0.00702   0.01380   2.01097   1.12535   0.00464   0.30697   2.57281  
 22 723.9784   3764.334097  x:  0.00000   0.00839   0.00124   0.00209   0.00000   0.00000   0.00244   0.00000   0.00274   0.00271   0.00000   0.00367   0.00000   0.00426   0.00290   0.00243   0.00349   0.00527   0.01238   0.01074   0.00000   0.00562   0.00000   0.00825   0.00000   0.00366   0.01236   0.01445   0.00704   0.01361   2.01227   1.12825   0.00179   0.30593   2.57278  
 23 202.4542   3764.253572  x:  0.00000   0.00842   0.00124   0.00209   0.00000   0.00000   0.00246   0.00000   0.00275   0.00272   0.00000   0.00372   0.00000   0.00430   0.00292   0.00244   0.00353   0.00532   0.01204   0.01080   0.00058   0.00562   0.00000   0.00809   0.00000   0.00369   0.01235   0.01432   0.00708   0.01359   2.01252   1.12878   0.00127   0.30571   2.57277  
 24 483.1812   3764.090825  x:  0.00000   0.00834   0.00129   0.00209   0.00000   0.00000   0.00238   0.00000   0.00288   0.00254   0.00000   0.00372   0.00000   0.00503   0.00335   0.00253   0.00382   0.00561   0.01073   0.01010   0.00063   0.00556   0.00000   0.00774   0.00000   0.00383   0.01219   0.01412   0.00743   0.01352   2.01344   1.13070  -0.00061   0.30477   2.57276  
 25 246.2402   3763.666673  x:  0.00000   0.00721   0.00134   0.00221   0.00000   0.00000   0.00282   0.00000   0.00293   0.00305   0.00000   0.00418   0.00000   0.00417   0.00326   0.00257   0.00377   0.00555   0.00992   0.00810   0.00095   0.00576   0.00000   0.00870   0.00000   0.00397   0.01252   0.01451   0.00766   0.01333   2.01632   1.13653  -0.00637   0.30232   2.57271  
 26 217.3299   3759.175321  x:  0.00000   0.00922   0.00143   0.00253   0.00000   0.00000   0.00171   0.00000   0.00299   0.00450   0.00000   0.00457   0.00000   0.00114   0.00611   0.00264   0.00404   0.00387   0.01120   0.00759   0.00124   0.00575   0.00000   0.00794   0.00000   0.00431   0.01225   0.01062   0.00810   0.01350   2.04509   1.19420  -0.06335   0.27531   2.57228  
 27 690.6317   3758.788083  x:  0.00000   0.00825   0.00145   0.00255   0.00000   0.00000   0.00158   0.00000   0.00305   0.00465   0.00000   0.00467   0.00000   0.00108   0.00623   0.00268   0.00423   0.00373   0.01086   0.00884   0.00117   0.00569   0.00000   0.00901   0.00000   0.00451   0.01009   0.01053   0.00832   0.01341   2.04834   1.20070  -0.06979   0.27239   2.57223  
 28 462.3244   3732.692130  x:  0.00000   0.01732   0.00140   0.00317   0.00000   0.00000   0.00319   0.00000   0.00310   0.00344   0.00000   0.00591   0.00000   0.00000   0.00696   0.00275   0.00348   0.00719   0.00714   0.00888   0.00183   0.00750   0.00000   0.01709   0.00000   0.00472   0.01046   0.00538   0.00835   0.01739   2.22362   1.54973  -0.41544   0.12001   2.56980  
 29 442.0850   3732.692130  x:  0.00000   0.01732   0.00140   0.00317   0.00000   0.00000   0.00319   0.00000   0.00310   0.00344   0.00000   0.00591   0.00000   0.00000   0.00696   0.00275   0.00348   0.00719   0.00714   0.00888   0.00183   0.00750   0.00000   0.01709   0.00000   0.00472   0.01046   0.00538   0.00835   0.01739   2.22362   1.54973  -0.41544   0.12001   2.56980  
 30 6112.7261   3723.752576  x:  0.00002   0.01731   0.00140   0.00318   0.00000   0.00000   0.00318   0.00000   0.00311   0.00344   0.00000   0.00590   0.00000   0.00308   0.00696   0.00277   0.00349   0.00719   0.00714   0.00889   0.00182   0.00750   0.00000   0.01709   0.00000   0.00472   0.01047   0.00539   0.00836   0.01741   2.22362   1.54973  -0.41544   0.12000   2.56980  
 31 148858.8756   3715.195502  x:  0.00537   0.01494   0.00143   0.00530   0.00000   0.00000   0.00067   0.00000   0.00503   0.00284   0.00000   0.00482   0.00000   0.00307   0.00539   0.00547   0.00472   0.00735   0.00996   0.00958   0.00063   0.00748   0.00000   0.01538   0.00000   0.00448   0.01234   0.01074   0.00954   0.02215   2.22367   1.54984  -0.41555   0.11885   2.56980  
 32 1743.2932   3713.228198  x:  0.00640   0.01236   0.00139   0.00527   0.00000   0.00000   0.00453   0.00000   0.00526   0.00285   0.00000   0.00419   0.00000   0.00307   0.00421   0.00569   0.00495   0.00748   0.01181   0.01032   0.00097   0.00749   0.00000   0.01357   0.00000   0.00441   0.01382   0.01178   0.01035   0.02626   2.22375   1.54998  -0.41569   0.11741   2.56980  
 33 1263.9472   3709.233857  x:  0.00454   0.00656   0.00152   0.00325   0.00000   0.00000   0.00296   0.00000   0.00407   0.00338   0.00000   0.00422   0.00000   0.00308   0.00365   0.00388   0.00429   0.00765   0.01407   0.01162   0.00000   0.00754   0.00000   0.00974   0.00000   0.00454   0.01610   0.00991   0.01133   0.03391   2.22394   1.55036  -0.41606   0.11348   2.56980  
 34 948.9295   3708.770436  x:  0.00404   0.00655   0.00127   0.00282   0.00000   0.00000   0.00257   0.00000   0.00449   0.00287   0.00000   0.00438   0.00000   0.00307   0.00449   0.00449   0.00450   0.00760   0.01435   0.01203   0.00127   0.00754   0.00000   0.00953   0.00000   0.00449   0.01623   0.00941   0.01125   0.03569   2.22403   1.55055  -0.41625   0.11153   2.56980  
 35 451.9576   3707.872082  x:  0.00265   0.00766   0.00179   0.00451   0.00000   0.00000   0.00249   0.00000   0.00520   0.00235   0.00000   0.00465   0.00000   0.00307   0.00565   0.00549   0.00487   0.00745   0.01427   0.01243   0.00102   0.00752   0.00000   0.00982   0.00000   0.00441   0.01611   0.00803   0.01082   0.03942   2.22430   1.55108  -0.41677   0.10605   2.56979  
 36 674.2870   3706.801653  x:  0.00240   0.00915   0.00062   0.00486   0.00000   0.00000   0.00228   0.00000   0.00508   0.00373   0.00000   0.00462   0.00000   0.00307   0.00548   0.00539   0.00479   0.00739   0.01341   0.01223   0.00121   0.00754   0.00000   0.01080   0.00000   0.00449   0.01552   0.00777   0.01032   0.04277   2.22467   1.55183  -0.41750   0.09839   2.56978  
 37 779.3990   3705.149491  x:  0.00258   0.01211   0.00235   0.00426   0.00000   0.00000   0.00183   0.00000   0.00443   0.00584   0.00000   0.00451   0.00000   0.00307   0.00469   0.00461   0.00442   0.00735   0.01121   0.01149   0.00237   0.00761   0.00000   0.01302   0.00000   0.00469   0.01403   0.00795   0.00938   0.04929   2.22552   1.55355  -0.41919   0.08058   2.56976  
 38 3204.4102   3701.128835  x:  0.00334   0.01400   0.00163   0.00224   0.00000   0.00000   0.00209   0.00000   0.00361   0.00203   0.00000   0.00492   0.00000   0.00308   0.00438   0.00301   0.00410   0.00773   0.00798   0.00956   0.00093   0.00781   0.00000   0.01527   0.00000   0.00472   0.01196   0.00872   0.00937   0.05499   2.22707   1.55674  -0.42231   0.04759   2.56973  
 39 1727.6639   3692.252078  x:  0.00330   0.01344   0.00165   0.00272   0.00000   0.00000   0.00207   0.00000   0.00333   0.00203   0.00000   0.00532   0.00000   0.00308   0.00467   0.00334   0.00378   0.00828   0.00737   0.00812   0.00133   0.00806   0.00000   0.01660   0.00000   0.00482   0.01069   0.00867   0.01039   0.05704   2.22928   1.56134  -0.42681   0.00000   2.56968  
 40 3489.9172   3691.678259  x:  0.00346   0.01312   0.00152   0.00317   0.00000   0.00000   0.00208   0.00000   0.00233   0.00177   0.00000   0.00512   0.00000   0.00308   0.00449   0.00390   0.00306   0.00786   0.00756   0.00873   0.00159   0.00775   0.00000   0.01424   0.00000   0.00467   0.01134   0.00883   0.00971   0.05392   2.22552   1.55347  -0.41910   0.00000   2.56977  
 41 698.6957   3690.509772  x:  0.00359   0.01134   0.00146   0.00345   0.00000   0.00000   0.00230   0.00000   0.00368   0.00224   0.00000   0.00521   0.00000   0.00308   0.00461   0.00432   0.00293   0.00765   0.00738   0.00828   0.00171   0.00744   0.00000   0.00979   0.00000   0.00455   0.01142   0.00896   0.00954   0.04770   2.21782   1.53732  -0.40329   0.00000   2.56993  
 42 2322.4623   3689.888409  x:  0.00353   0.00993   0.00143   0.00367   0.00000   0.00000   0.00234   0.00000   0.00303   0.00236   0.00000   0.00518   0.00000   0.00308   0.00487   0.00424   0.00481   0.00799   0.00850   0.00810   0.00184   0.00768   0.00000   0.00935   0.00000   0.00472   0.01140   0.00891   0.01037   0.04426   2.21343   1.52813  -0.39430   0.00000   2.57003  
 43 1409.7533   3689.244631  x:  0.00336   0.00808   0.00138   0.00365   0.00000   0.00000   0.00235   0.00000   0.00353   0.00223   0.00000   0.00499   0.00000   0.00308   0.00492   0.00434   0.00383   0.00851   0.01015   0.00872   0.00172   0.00813   0.00000   0.01142   0.00000   0.00483   0.01193   0.00873   0.01182   0.04117   2.20945   1.51982  -0.38616   0.00000   2.57011  
 44 981.3418   3689.215134  x:  0.00338   0.00790   0.00141   0.00349   0.00000   0.00000   0.00241   0.00000   0.00346   0.00237   0.00000   0.00516   0.00000   0.00308   0.00505   0.00462   0.00389   0.00842   0.00987   0.00886   0.00157   0.00801   0.00000   0.01160   0.00000   0.00466   0.01217   0.00875   0.01202   0.04105   2.20939   1.51972  -0.38606   0.00000   2.57012  
 45 73.7390   3689.192782  x:  0.00337   0.00779   0.00139   0.00370   0.00000   0.00000   0.00237   0.00000   0.00351   0.00231   0.00000   0.00522   0.00000   0.00308   0.00497   0.00444   0.00397   0.00827   0.00954   0.00897   0.00176   0.00784   0.00000   0.01169   0.00000   0.00468   0.01246   0.00874   0.01226   0.04099   2.20959   1.52022  -0.38655   0.00000   2.57011  
 46 47.7933   3688.995435  x:  0.00318   0.00845   0.00141   0.00348   0.00000   0.00000   0.00230   0.00000   0.00345   0.00232   0.00000   0.00444   0.00000   0.00308   0.00502   0.00469   0.00386   0.00780   0.00950   0.00820   0.00170   0.00759   0.00000   0.01144   0.00000   0.00534   0.01331   0.00856   0.01358   0.04091   2.21295   1.52836  -0.39454   0.00000   2.57004  
 47 89.3983   3687.402534  x:  0.00326   0.01095   0.00145   0.00354   0.00000   0.00000   0.00220   0.00000   0.00319   0.00248   0.00000   0.00682   0.00000   0.00308   0.00495   0.00364   0.00306   0.00799   0.01078   0.00790   0.00187   0.00853   0.00000   0.00979   0.00000   0.00333   0.01378   0.00864   0.01763   0.04038   2.24124   1.59693  -0.46182   0.00000   2.56940  
 48 1027.0194   3682.567137  x:  0.00308   0.01046   0.00135   0.00318   0.00000   0.00000   0.00225   0.00000   0.00309   0.00240   0.00000   0.00867   0.00000   0.00308   0.00290   0.00555   0.00303   0.00980   0.00960   0.01184   0.00143   0.00964   0.00000   0.00772   0.00000   0.00778   0.01035   0.00845   0.02046   0.03825   2.33353   1.82054  -0.68121   0.00000   2.56732  
 49 7185.0630   3676.603124  x:  0.00422   0.00587   0.00129   0.00428   0.00000   0.00000   0.00278   0.00000   0.00262   0.00295   0.00000   0.00427   0.00000   0.00308   0.00834   0.00384   0.00254   0.00945   0.00877   0.01081   0.00128   0.00812   0.00000   0.00816   0.00000   0.00648   0.00885   0.00959   0.01679   0.03600   2.44604   2.09298  -0.94850   0.00000   2.56479  
 50 16329.7341   3674.340582  x:  0.00342   0.00388   0.00116   0.00430   0.00000   0.00000   0.00250   0.00000   0.00303   0.00229   0.00000   0.00384   0.00000   0.00307   0.00589   0.00515   0.00319   0.00895   0.00915   0.00759   0.00185   0.00734   0.00000   0.00929   0.00000   0.00441   0.00990   0.00879   0.01356   0.03519   2.48367   2.18396  -1.03776   0.00000   2.56395  
 51 11883.2633   3674.288065  x:  0.00350   0.00385   0.00117   0.00431   0.00000   0.00000   0.00255   0.00000   0.00301   0.00232   0.00000   0.00436   0.00000   0.00307   0.00604   0.00509   0.00313   0.00897   0.00931   0.00727   0.00184   0.00720   0.00000   0.00937   0.00000   0.00482   0.01020   0.00887   0.01325   0.03519   2.48468   2.18628  -1.04003   0.00000   2.56393  
 52 469.0895   3674.286423  x:  0.00350   0.00387   0.00117   0.00432   0.00000   0.00000   0.00255   0.00000   0.00301   0.00232   0.00000   0.00433   0.00000   0.00307   0.00605   0.00509   0.00313   0.00916   0.00927   0.00726   0.00185   0.00721   0.00000   0.00936   0.00000   0.00482   0.01029   0.00887   0.01324   0.03518   2.48485   2.18633  -1.04007   0.00000   2.56392  
 53 12.4831   3674.248797  x:  0.00348   0.00395   0.00117   0.00428   0.00000   0.00000   0.00254   0.00000   0.00302   0.00231   0.00000   0.00433   0.00000   0.00307   0.00600   0.00508   0.00312   0.00937   0.00944   0.00732   0.00181   0.00647   0.00000   0.00937   0.00000   0.00475   0.01014   0.00885   0.01329   0.03518   2.49366   2.18639  -1.03968   0.00000   2.56372  
 54 10.4737   3669.924754  x:  0.00378   0.00678   0.00122   0.00313   0.00000   0.00000   0.00258   0.00000   0.00385   0.00248   0.00000   0.00362   0.00000   0.00307   0.00530   0.00405   0.00433   0.00487   0.01222   0.01071   0.00000   0.00763   0.00000   0.01018   0.00000   0.00445   0.01489   0.00911   0.00729   0.03366   4.23163   2.19662  -0.96134   0.00000   2.52346  
 55 911.0232   3668.175166  x:  0.00327   0.00792   0.00135   0.00322   0.00000   0.00000   0.00171   0.00000   0.00406   0.00272   0.00000   0.00458   0.00000   0.00307   0.00420   0.00452   0.00461   0.00765   0.01244   0.01107   0.00000   0.00783   0.00000   0.01149   0.00000   0.00400   0.01476   0.00855   0.01126   0.03718   4.12862   2.42718  -0.93332   0.00000   2.41150  
 56  0.4050   3668.159071  x:  0.00326   0.00794   0.00135   0.00323   0.00000   0.00000   0.00169   0.00000   0.00407   0.00272   0.00000   0.00460   0.00000   0.00307   0.00417   0.00453   0.00462   0.00772   0.01244   0.01108   0.00000   0.00784   0.00000   0.01152   0.00000   0.00399   0.01476   0.00854   0.01136   0.03727   4.12609   2.43285  -0.93262   0.00142   2.40874  
 57 109.2876   3667.251216  x:  0.00414   0.00784   0.00140   0.00337   0.00000   0.00000   0.00082   0.00000   0.00424   0.00317   0.00000   0.00437   0.00000   0.00307   0.00468   0.00432   0.00420   0.00794   0.01272   0.01084   0.00000   0.00677   0.00000   0.01010   0.00000   0.00473   0.01410   0.00912   0.01095   0.03698   3.76919   2.98810  -0.78338   0.00887   2.09103  
 58  0.3886   3666.830535  x:  0.00483   0.00815   0.00137   0.00336   0.00000   0.00000   0.00164   0.00000   0.00448   0.00304   0.00000   0.00447   0.00000   0.00307   0.00479   0.00466   0.00415   0.00763   0.01286   0.01079   0.00000   0.00660   0.00000   0.00982   0.00000   0.00468   0.01372   0.00989   0.01064   0.03627   3.54384   3.41884  -0.66257   0.01384   1.83643  
 59  0.7944   3666.264157  x:  0.00381   0.00769   0.00135   0.00284   0.00000   0.00000   0.00150   0.00000   0.00460   0.00292   0.00000   0.00443   0.00000   0.00307   0.00354   0.00463   0.00422   0.00677   0.01340   0.01201   0.00000   0.00750   0.00000   0.01017   0.00000   0.00393   0.01447   0.00991   0.00978   0.03686   3.58754   4.08257  -0.42996   0.01571   1.39373  
 60  0.4441   3666.008585  x:  0.00311   0.00719   0.00134   0.00280   0.00000   0.00000   0.00152   0.00000   0.00458   0.00283   0.00000   0.00426   0.00000   0.00306   0.00472   0.00416   0.00441   0.00709   0.01352   0.01296   0.00000   0.00770   0.00000   0.01004   0.00000   0.00441   0.01513   0.01014   0.01016   0.03704   3.64155   4.51546  -0.26653   0.01631   1.08754  
 61  0.5404   3665.935510  x:  0.00293   0.00727   0.00135   0.00292   0.00000   0.00000   0.00149   0.00000   0.00456   0.00285   0.00000   0.00425   0.00000   0.00306   0.00469   0.00418   0.00444   0.00709   0.01347   0.01278   0.00000   0.00763   0.00000   0.01012   0.00000   0.00440   0.01513   0.01022   0.01021   0.03714   3.60598   4.64588  -0.23027   0.01681   1.00000  
 62  0.5079   3665.640389  x:  0.00115   0.00761   0.00135   0.00329   0.00000   0.00000   0.00136   0.00000   0.00433   0.00295   0.00000   0.00428   0.00000   0.00305   0.00414   0.00450   0.00463   0.00761   0.01318   0.01131   0.00000   0.00689   0.00000   0.01015   0.00000   0.00430   0.01520   0.01156   0.01045   0.03617   3.49717   5.87534   0.14649   0.01834   1.00000  
 63  0.8931   3665.519732  x:  0.00027   0.00769   0.00136   0.00311   0.00000   0.00000   0.00143   0.00000   0.00434   0.00291   0.00000   0.00444   0.00000   0.00304   0.00450   0.00441   0.00452   0.00702   0.01311   0.01161   0.00000   0.00742   0.00000   0.01060   0.00000   0.00438   0.01501   0.01286   0.01070   0.03753   3.58179   6.69252   0.41269   0.02003   1.00000  
 64  0.4318   3665.490787  x:  0.00000   0.00762   0.00136   0.00310   0.00000   0.00000   0.00145   0.00000   0.00434   0.00292   0.00000   0.00442   0.00000   0.00304   0.00449   0.00438   0.00448   0.00710   0.01309   0.01164   0.00000   0.00742   0.00000   0.01053   0.00000   0.00438   0.01496   0.01315   0.01060   0.03740   3.60807   6.84807   0.46861   0.01980   1.00000  
 65  0.5323   3665.490500  x:  0.00000   0.00762   0.00136   0.00310   0.00000   0.00000   0.00145   0.00000   0.00434   0.00292   0.00000   0.00442   0.00000   0.00304   0.00449   0.00438   0.00448   0.00710   0.01309   0.01164   0.00000   0.00742   0.00000   0.01053   0.00000   0.00438   0.01496   0.01305   0.01060   0.03740   3.60858   6.85110   0.46969   0.01980   1.00000  
 66 71.4588   3665.414922  x:  0.00000   0.00736   0.00134   0.00304   0.00000   0.00000   0.00147   0.00000   0.00434   0.00286   0.00000   0.00434   0.00000   0.00303   0.00435   0.00436   0.00425   0.00734   0.01297   0.01164   0.00000   0.00730   0.00000   0.00995   0.00000   0.00432   0.01457   0.01312   0.01037   0.03622   3.71266   8.15713   0.91064   0.01999   1.00000  
 67  1.1407   3665.414912  x:  0.00002   0.00736   0.00134   0.00304   0.00000   0.00000   0.00147   0.00000   0.00434   0.00286   0.00000   0.00434   0.00000   0.00303   0.00435   0.00436   0.00425   0.00734   0.01297   0.01164   0.00000   0.00730   0.00000   0.00995   0.00000   0.00432   0.01457   0.01312   0.01037   0.03622   3.71262   8.15656   0.91045   0.01999   1.00000  
 68 27.6939   3665.402719  x:  0.00000   0.00743   0.00135   0.00307   0.00000   0.00000   0.00147   0.00000   0.00432   0.00288   0.00000   0.00435   0.00000   0.00303   0.00436   0.00436   0.00427   0.00731   0.01292   0.01158   0.00000   0.00729   0.00000   0.01013   0.00000   0.00434   0.01450   0.01314   0.01036   0.03648   3.71605   8.40374   0.99400   0.01971   1.00000  
 69  0.3989   3665.384709  x:  0.00000   0.00761   0.00137   0.00312   0.00000   0.00000   0.00144   0.00000   0.00429   0.00292   0.00000   0.00437   0.00000   0.00301   0.00439   0.00438   0.00436   0.00728   0.01286   0.01154   0.00000   0.00728   0.00000   0.01045   0.00000   0.00438   0.01440   0.01321   0.01041   0.03691   3.69947   9.61404   1.39094   0.02027   1.00000  
 70  0.8118   3665.374422  x:  0.00000   0.00761   0.00135   0.00312   0.00000   0.00000   0.00143   0.00000   0.00431   0.00288   0.00000   0.00436   0.00000   0.00300   0.00440   0.00438   0.00437   0.00714   0.01290   0.01160   0.00000   0.00728   0.00000   0.01026   0.00000   0.00434   0.01449   0.01312   0.01059   0.03664   3.68446  10.40365   1.66156   0.01963   1.00000  
 71  0.4852   3665.374418  x:  0.00002   0.00761   0.00135   0.00312   0.00000   0.00000   0.00143   0.00000   0.00431   0.00288   0.00000   0.00436   0.00000   0.00300   0.00440   0.00438   0.00437   0.00714   0.01290   0.01160   0.00000   0.00728   0.00000   0.01026   0.00000   0.00434   0.01449   0.01312   0.01059   0.03664   3.68442  10.40543   1.66217   0.01963   1.00000  
 72 81.5196   3665.365463  x:  0.00010   0.00751   0.00134   0.00309   0.00000   0.00000   0.00143   0.00000   0.00435   0.00290   0.00000   0.00432   0.00000   0.00299   0.00437   0.00437   0.00434   0.00734   0.01301   0.01172   0.00000   0.00727   0.00000   0.01015   0.00000   0.00435   0.01460   0.01308   0.01033   0.03658   3.65898  11.53196   2.03897   0.01995   1.00000  
 73  0.8103   3665.363235  x:  0.00000   0.00753   0.00135   0.00309   0.00000   0.00000   0.00145   0.00000   0.00435   0.00291   0.00000   0.00435   0.00000   0.00298   0.00437   0.00437   0.00435   0.00730   0.01303   0.01171   0.00000   0.00729   0.00000   0.01020   0.00000   0.00435   0.01464   0.01306   0.01041   0.03667   3.65297  12.15693   2.24748   0.02002   1.00000  
 74  0.5364   3665.363235  x:  0.00000   0.00753   0.00135   0.00309   0.00000   0.00000   0.00145   0.00000   0.00435   0.00291   0.00000   0.00435   0.00000   0.00298   0.00437   0.00437   0.00435   0.00730   0.01303   0.01171   0.00000   0.00729   0.00000   0.01020   0.00000   0.00435   0.01464   0.01306   0.01041   0.03667   3.65297  12.15693   2.24748   0.02002   1.00000  
 75  0.9096   3665.362212  x:  0.00001   0.00753   0.00135   0.00309   0.00000   0.00000   0.00145   0.00000   0.00435   0.00290   0.00000   0.00435   0.00000   0.00289   0.00437   0.00438   0.00435   0.00729   0.01302   0.01169   0.00000   0.00729   0.00000   0.01021   0.00000   0.00435   0.01464   0.01308   0.01042   0.03667   3.65297  12.15693   2.24748   0.02001   1.00000  
 76 20.4982   3665.362096  x:  0.00003   0.00752   0.00135   0.00308   0.00000   0.00000   0.00144   0.00000   0.00435   0.00290   0.00000   0.00435   0.00000   0.00289   0.00438   0.00438   0.00435   0.00729   0.01301   0.01168   0.00000   0.00729   0.00000   0.01021   0.00000   0.00435   0.01463   0.01310   0.01042   0.03667   3.65297  12.15693   2.24748   0.02000   1.00000  
 77  5.9004   3665.362047  x:  0.00004   0.00752   0.00135   0.00308   0.00000   0.00000   0.00145   0.00000   0.00435   0.00290   0.00000   0.00435   0.00000   0.00289   0.00438   0.00438   0.00435   0.00728   0.01301   0.01167   0.00000   0.00729   0.00000   0.01022   0.00000   0.00435   0.01463   0.01311   0.01042   0.03667   3.65297  12.15693   2.24748   0.01999   1.00000  
 78  7.3446   3665.362028  x:  0.00004   0.00752   0.00135   0.00309   0.00000   0.00000   0.00145   0.00000   0.00435   0.00290   0.00000   0.00435   0.00000   0.00289   0.00437   0.00438   0.00435   0.00728   0.01300   0.01165   0.00000   0.00729   0.00000   0.01022   0.00000   0.00435   0.01462   0.01311   0.01042   0.03667   3.65297  12.15693   2.24748   0.01997   1.00000  
 79  1.5490   3665.362022  x:  0.00003   0.00752   0.00135   0.00309   0.00000   0.00000   0.00145   0.00000   0.00435   0.00290   0.00000   0.00435   0.00000   0.00289   0.00438   0.00438   0.00435   0.00728   0.01300   0.01165   0.00000   0.00729   0.00000   0.01022   0.00000   0.00435   0.01462   0.01311   0.01042   0.03668   3.65297  12.15693   2.24748   0.01996   1.00000  
 80  1.8205   3665.362019  x:  0.00003   0.00752   0.00135   0.00309   0.00000   0.00000   0.00145   0.00000   0.00435   0.00290   0.00000   0.00435   0.00000   0.00289   0.00438   0.00438   0.00435   0.00728   0.01300   0.01165   0.00000   0.00729   0.00000   0.01022   0.00000   0.00435   0.01462   0.01311   0.01042   0.03668   3.65297  12.15693   2.24748   0.01995   1.00000  
 81  1.1825   3665.362015  x:  0.00003   0.00752   0.00135   0.00309   0.00000   0.00000   0.00145   0.00000   0.00435   0.00290   0.00000   0.00435   0.00000   0.00289   0.00438   0.00438   0.00435   0.00728   0.01300   0.01166   0.00000   0.00729   0.00000   0.01022   0.00000   0.00435   0.01462   0.01311   0.01042   0.03668   3.65297  12.15693   2.24748   0.01994   1.00000  
 82  2.2303   3665.362014  x:  0.00003   0.00752   0.00135   0.00309   0.00000   0.00000   0.00145   0.00000   0.00435   0.00290   0.00000   0.00435   0.00000   0.00289   0.00438   0.00438   0.00435   0.00728   0.01301   0.01166   0.00000   0.00729   0.00000   0.01022   0.00000   0.00435   0.01462   0.01311   0.01042   0.03668   3.65297  12.15693   2.24748   0.01994   1.00000  
 83  0.8514   3665.362014  x:  0.00003   0.00752   0.00135   0.00309   0.00000   0.00000   0.00145   0.00000   0.00435   0.00290   0.00000   0.00435   0.00000   0.00289   0.00438   0.00438   0.00435   0.00728   0.01301   0.01166   0.00000   0.00729   0.00000   0.01022   0.00000   0.00435   0.01462   0.01311   0.01042   0.03668   3.65297  12.15693   2.24748   0.01994   1.00000  
 84  2.2360   3665.362014  x:  0.00003   0.00752   0.00135   0.00309   0.00000   0.00000   0.00145   0.00000   0.00435   0.00290   0.00000   0.00435   0.00000   0.00289   0.00438   0.00438   0.00435   0.00728   0.01301   0.01166   0.00000   0.00729   0.00000   0.01022   0.00000   0.00435   0.01462   0.01311   0.01042   0.03668   3.65297  12.15693   2.24748   0.01994   1.00000  
 85  0.1460   3665.362014  x:  0.00003   0.00752   0.00135   0.00309   0.00000   0.00000   0.00145   0.00000   0.00435   0.00290   0.00000   0.00435   0.00000   0.00289   0.00438   0.00438   0.00435   0.00728   0.01301   0.01166   0.00000   0.00729   0.00000   0.01022   0.00000   0.00435   0.01462   0.01311   0.01042   0.03668   3.65297  12.15693   2.24748   0.01994   1.00000  
 86  0.1340   3665.362014  x:  0.00003   0.00752   0.00135   0.00309   0.00000   0.00000   0.00145   0.00000   0.00435   0.00290   0.00000   0.00435   0.00000   0.00289   0.00438   0.00438   0.00435   0.00728   0.01301   0.01166   0.00000   0.00729   0.00000   0.01022   0.00000   0.00435   0.01462   0.01311   0.01042   0.03668   3.65297  12.15693   2.24748   0.01994   1.00000  
 87  0.0267   3665.362014  x:  0.00003   0.00752   0.00135   0.00309   0.00000   0.00000   0.00145   0.00000   0.00435   0.00290   0.00000   0.00435   0.00000   0.00289   0.00438   0.00438   0.00435   0.00728   0.01301   0.01166   0.00000   0.00729   0.00000   0.01022   0.00000   0.00435   0.01462   0.01311   0.01042   0.03668   3.65297  12.15693   2.24748   0.01994   1.00000  
 88  0.0218   3665.362013  x:  0.00003   0.00752   0.00135   0.00309   0.00000   0.00000   0.00145   0.00000   0.00435   0.00290   0.00000   0.00435   0.00000   0.00289   0.00438   0.00437   0.00435   0.00728   0.01301   0.01166   0.00000   0.00729   0.00000   0.01022   0.00000   0.00435   0.01462   0.01311   0.01042   0.03668   3.65300  12.15694   2.24748   0.01994   1.00000  
 89  0.1480   3665.362012  x:  0.00003   0.00752   0.00135   0.00309   0.00000   0.00000   0.00145   0.00000   0.00435   0.00290   0.00000   0.00435   0.00000   0.00289   0.00438   0.00438   0.00435   0.00728   0.01300   0.01166   0.00000   0.00729   0.00000   0.01022   0.00000   0.00435   0.01463   0.01311   0.01043   0.03669   3.65316  12.15698   2.24744   0.01994   1.00000  
 90  3.0080   3665.362003  x:  0.00003   0.00752   0.00135   0.00309   0.00000   0.00000   0.00145   0.00000   0.00435   0.00290   0.00000   0.00435   0.00000   0.00289   0.00437   0.00437   0.00435   0.00729   0.01301   0.01166   0.00000   0.00729   0.00000   0.01022   0.00000   0.00435   0.01463   0.01311   0.01042   0.03671   3.65443  12.15727   2.24714   0.01994   1.00000  
 91 11.1952   3665.361995  x:  0.00003   0.00752   0.00135   0.00309   0.00000   0.00000   0.00145   0.00000   0.00435   0.00290   0.00000   0.00435   0.00000   0.00289   0.00437   0.00437   0.00435   0.00728   0.01301   0.01166   0.00000   0.00729   0.00000   0.01022   0.00000   0.00435   0.01462   0.01312   0.01042   0.03671   3.65559  12.15755   2.24687   0.01994   1.00000  
 92 32.7403   3665.361989  x:  0.00003   0.00752   0.00135   0.00309   0.00000   0.00000   0.00145   0.00000   0.00434   0.00290   0.00000   0.00435   0.00000   0.00289   0.00437   0.00437   0.00435   0.00728   0.01301   0.01165   0.00000   0.00729   0.00000   0.01022   0.00000   0.00435   0.01463   0.01312   0.01042   0.03670   3.65654  12.15777   2.24665   0.01994   1.00000  
 93 40.8843   3665.361982  x:  0.00003   0.00752   0.00135   0.00309   0.00000   0.00000   0.00145   0.00000   0.00435   0.00290   0.00000   0.00435   0.00000   0.00289   0.00437   0.00437   0.00435   0.00729   0.01301   0.01165   0.00000   0.00729   0.00000   0.01022   0.00000   0.00435   0.01463   0.01312   0.01042   0.03668   3.65747  12.15799   2.24643   0.01994   1.00000  
 94 59.6165   3665.361981  x:  0.00003   0.00752   0.00135   0.00309   0.00000   0.00000   0.00145   0.00000   0.00435   0.00290   0.00000   0.00435   0.00000   0.00289   0.00437   0.00437   0.00435   0.00728   0.01301   0.01166   0.00000   0.00729   0.00000   0.01022   0.00000   0.00435   0.01463   0.01312   0.01042   0.03668   3.65760  12.15802   2.24640   0.01994   1.00000  
 95 12.1296   3665.361981  x:  0.00003   0.00752   0.00135   0.00309   0.00000   0.00000   0.00145   0.00000   0.00435   0.00290   0.00000   0.00435   0.00000   0.00289   0.00437   0.00437   0.00435   0.00728   0.01301   0.01166   0.00000   0.00729   0.00000   0.01022   0.00000   0.00435   0.01463   0.01312   0.01042   0.03668   3.65760  12.15802   2.24640   0.01994   1.00000  
 96  0.1184   3665.361981  x:  0.00003   0.00752   0.00135   0.00309   0.00000   0.00000   0.00145   0.00000   0.00435   0.00290   0.00000   0.00435   0.00000   0.00289   0.00437   0.00437   0.00435   0.00728   0.01301   0.01166   0.00000   0.00729   0.00000   0.01022   0.00000   0.00435   0.01463   0.01312   0.01042   0.03668   3.65760  12.15802   2.24640   0.01994   1.00000  
 97  0.0450   3665.361981  x:  0.00003   0.00752   0.00135   0.00309   0.00000   0.00000   0.00145   0.00000   0.00435   0.00290   0.00000   0.00435   0.00000   0.00289   0.00437   0.00437   0.00435   0.00728   0.01301   0.01166   0.00000   0.00729   0.00000   0.01022   0.00000   0.00435   0.01463   0.01312   0.01042   0.03668   3.65760  12.15802   2.24640   0.01994   1.00000  
 98  0.0148   3665.361974  x:  0.00002   0.00752   0.00135   0.00309   0.00000   0.00000   0.00145   0.00000   0.00435   0.00290   0.00000   0.00435   0.00000   0.00289   0.00437   0.00437   0.00435   0.00728   0.01301   0.01166   0.00000   0.00729   0.00000   0.01022   0.00000   0.00435   0.01463   0.01312   0.01042   0.03668   3.65760  12.15802   2.24640   0.01994   1.00000  
 99  3.0651   3665.361966  x:  0.00002   0.00752   0.00135   0.00309   0.00000   0.00000   0.00145   0.00000   0.00435   0.00290   0.00000   0.00435   0.00000   0.00290   0.00438   0.00438   0.00435   0.00728   0.01301   0.01166   0.00000   0.00729   0.00000   0.01022   0.00000   0.00435   0.01463   0.01312   0.01042   0.03668   3.65761  12.15802   2.24640   0.01994   1.00000  
100  2.4593   3665.361965  x:  0.00002   0.00752   0.00135   0.00309   0.00000   0.00000   0.00145   0.00000   0.00435   0.00290   0.00000   0.00435   0.00000   0.00289   0.00438   0.00438   0.00435   0.00728   0.01301   0.01166   0.00000   0.00729   0.00000   0.01022   0.00000   0.00435   0.01463   0.01312   0.01042   0.03668   3.65761  12.15802   2.24640   0.01994   1.00000  
101  0.6371   3665.361965  x:  0.00002   0.00752   0.00135   0.00309   0.00000   0.00000   0.00145   0.00000   0.00435   0.00290   0.00000   0.00435   0.00000   0.00289   0.00438   0.00438   0.00435   0.00728   0.01301   0.01166   0.00000   0.00729   0.00000   0.01022   0.00000   0.00435   0.01463   0.01312   0.01042   0.03668   3.65761  12.15802   2.24640   0.01994   1.00000  
102  1.3545   3665.361964  x:  0.00002   0.00752   0.00135   0.00309   0.00000   0.00000   0.00145   0.00000   0.00435   0.00290   0.00000   0.00435   0.00000   0.00289   0.00438   0.00438   0.00435   0.00728   0.01301   0.01166   0.00000   0.00729   0.00000   0.01022   0.00000   0.00435   0.01462   0.01312   0.01042   0.03668   3.65761  12.15802   2.24640   0.01994   1.00000  
103  0.5304   3665.361964  x:  0.00002   0.00752   0.00135   0.00309   0.00000   0.00000   0.00145   0.00000   0.00435   0.00290   0.00000   0.00435   0.00000   0.00289   0.00438   0.00438   0.00435   0.00728   0.01301   0.01166   0.00000   0.00729   0.00000   0.01022   0.00000   0.00435   0.01462   0.01312   0.01042   0.03668   3.65761  12.15802   2.24640   0.01994   1.00000  
104  0.3392   3665.361964  x:  0.00002   0.00752   0.00135   0.00309   0.00000   0.00000   0.00145   0.00000   0.00435   0.00290   0.00000   0.00435   0.00000   0.00289   0.00438   0.00438   0.00435   0.00728   0.01301   0.01166   0.00000   0.00729   0.00000   0.01022   0.00000   0.00435   0.01462   0.01312   0.01042   0.03668   3.65761  12.15802   2.24640   0.01994   1.00000  
105  0.1110   3665.361964  x:  0.00002   0.00752   0.00135   0.00309   0.00000   0.00000   0.00145   0.00000   0.00435   0.00290   0.00000   0.00435   0.00000   0.00289   0.00438   0.00438   0.00435   0.00728   0.01301   0.01166   0.00000   0.00729   0.00000   0.01022   0.00000   0.00435   0.01462   0.01312   0.01042   0.03668   3.65761  12.15802   2.24640   0.01994   1.00000  
106  0.0491   3665.361964  x:  0.00002   0.00752   0.00135   0.00309   0.00000   0.00000   0.00145   0.00000   0.00435   0.00290   0.00000   0.00435   0.00000   0.00289   0.00438   0.00438   0.00435   0.00728   0.01301   0.01166   0.00000   0.00729   0.00000   0.01022   0.00000   0.00435   0.01462   0.01313   0.01042   0.03668   3.65761  12.15802   2.24640   0.01994   1.00000  
107  0.0398   3665.361964  x:  0.00002   0.00752   0.00135   0.00309   0.00000   0.00000   0.00145   0.00000   0.00435   0.00290   0.00000   0.00435   0.00000   0.00289   0.00438   0.00438   0.00435   0.00728   0.01301   0.01166   0.00000   0.00729   0.00000   0.01022   0.00000   0.00435   0.01462   0.01312   0.01042   0.03668   3.65761  12.15802   2.24640   0.01994   1.00000  
108  0.0403   3665.361964  x:  0.00002   0.00752   0.00135   0.00309   0.00000   0.00000   0.00145   0.00000   0.00435   0.00290   0.00000   0.00435   0.00000   0.00289   0.00438   0.00438   0.00435   0.00728   0.01301   0.01166   0.00000   0.00729   0.00000   0.01022   0.00000   0.00435   0.01462   0.01312   0.01042   0.03668   3.65761  12.15802   2.24640   0.01994   1.00000  
109  0.0279   3665.361964  x:  0.00002   0.00752   0.00135   0.00309   0.00000   0.00000   0.00145   0.00000   0.00435   0.00290   0.00000   0.00435   0.00000   0.00289   0.00438   0.00438   0.00435   0.00728   0.01301   0.01166   0.00000   0.00729   0.00000   0.01022   0.00000   0.00435   0.01462   0.01312   0.01042   0.03668   3.65761  12.15802   2.24640   0.01994   1.00000  
110  0.0143   3665.361964  x:  0.00002   0.00752   0.00135   0.00309   0.00000   0.00000   0.00145   0.00000   0.00435   0.00290   0.00000   0.00435   0.00000   0.00289   0.00438   0.00438   0.00435   0.00728   0.01300   0.01166   0.00000   0.00729   0.00000   0.01022   0.00000   0.00435   0.01462   0.01312   0.01042   0.03668   3.65761  12.15802   2.24640   0.01994   1.00000  
111  0.0262   3665.361964  x:  0.00002   0.00752   0.00135   0.00309   0.00000   0.00000   0.00145   0.00000   0.00435   0.00290   0.00000   0.00435   0.00000   0.00289   0.00438   0.00438   0.00435   0.00728   0.01300   0.01166   0.00000   0.00729   0.00000   0.01022   0.00000   0.00435   0.01462   0.01312   0.01042   0.03668   3.65764  12.15804   2.24638   0.01994   1.00000  
112  0.1237   3665.361963  x:  0.00002   0.00752   0.00135   0.00309   0.00000   0.00000   0.00145   0.00000   0.00435   0.00290   0.00000   0.00435   0.00000   0.00289   0.00438   0.00438   0.00435   0.00728   0.01300   0.01166   0.00000   0.00729   0.00000   0.01022   0.00000   0.00435   0.01462   0.01313   0.01042   0.03668   3.65788  12.15817   2.24625   0.01994   1.00000  
113  3.9735   3665.361962  x:  0.00002   0.00752   0.00135   0.00308   0.00000   0.00000   0.00145   0.00000   0.00435   0.00290   0.00000   0.00435   0.00000   0.00289   0.00438   0.00438   0.00435   0.00729   0.01301   0.01166   0.00000   0.00729   0.00000   0.01022   0.00000   0.00435   0.01462   0.01313   0.01042   0.03668   3.65808  12.15828   2.24614   0.01994   1.00000  
114 17.8096   3665.361962  x:  0.00002   0.00753   0.00135   0.00308   0.00000   0.00000   0.00145   0.00000   0.00435   0.00290   0.00000   0.00435   0.00000   0.00289   0.00438   0.00438   0.00435   0.00729   0.01301   0.01166   0.00000   0.00729   0.00000   0.01022   0.00000   0.00435   0.01462   0.01313   0.01042   0.03668   3.65814  12.15831   2.24611   0.01994   1.00000  
115  2.5923   3665.361962  x:  0.00002   0.00753   0.00135   0.00308   0.00000   0.00000   0.00145   0.00000   0.00435   0.00290   0.00000   0.00435   0.00000   0.00289   0.00438   0.00438   0.00435   0.00729   0.01301   0.01166   0.00000   0.00729   0.00000   0.01022   0.00000   0.00435   0.01462   0.01313   0.01042   0.03668   3.65816  12.15832   2.24610   0.01994   1.00000  
116  0.5088   3665.361962  x:  0.00002   0.00753   0.00135   0.00308   0.00000   0.00000   0.00145   0.00000   0.00435   0.00290   0.00000   0.00435   0.00000   0.00289   0.00438   0.00438   0.00435   0.00729   0.01301   0.01166   0.00000   0.00729   0.00000   0.01022   0.00000   0.00435   0.01462   0.01313   0.01042   0.03668   3.65816  12.15832   2.24610   0.01994   1.00000  
117  0.1279   3665.361962  x:  0.00002   0.00753   0.00135   0.00308   0.00000   0.00000   0.00145   0.00000   0.00435   0.00290   0.00000   0.00435   0.00000   0.00289   0.00438   0.00438   0.00435   0.00729   0.01301   0.01166   0.00000   0.00729   0.00000   0.01022   0.00000   0.00435   0.01462   0.01313   0.01042   0.03668   3.65816  12.15832   2.24610   0.01994   1.00000  
118  0.0503   3665.361962  x:  0.00002   0.00753   0.00135   0.00308   0.00000   0.00000   0.00145   0.00000   0.00435   0.00290   0.00000   0.00435   0.00000   0.00289   0.00438   0.00438   0.00435   0.00729   0.01301   0.01166   0.00000   0.00729   0.00000   0.01022   0.00000   0.00435   0.01462   0.01313   0.01042   0.03668   3.65816  12.15832   2.24610   0.01994   1.00000  
119  0.0081   3665.361961  x:  0.00002   0.00753   0.00135   0.00308   0.00000   0.00000   0.00145   0.00000   0.00435   0.00290   0.00000   0.00435   0.00000   0.00289   0.00438   0.00438   0.00435   0.00729   0.01301   0.01166   0.00000   0.00729   0.00000   0.01022   0.00000   0.00435   0.01462   0.01313   0.01042   0.03668   3.65816  12.15836   2.24606   0.01994   1.00000  
120  0.0840   3665.361961  x:  0.00002   0.00752   0.00135   0.00308   0.00000   0.00000   0.00145   0.00000   0.00435   0.00290   0.00000   0.00435   0.00000   0.00289   0.00438   0.00438   0.00435   0.00728   0.01301   0.01166   0.00000   0.00729   0.00000   0.01022   0.00000   0.00435   0.01462   0.01313   0.01042   0.03668   3.65817  12.15850   2.24593   0.01994   1.00000  
121  3.6593   3665.361898  x:  0.00000   0.00752   0.00135   0.00308   0.00000   0.00000   0.00144   0.00000   0.00435   0.00290   0.00000   0.00435   0.00000   0.00289   0.00437   0.00437   0.00435   0.00728   0.01301   0.01166   0.00000   0.00729   0.00000   0.01022   0.00000   0.00435   0.01463   0.01315   0.01042   0.03667   3.65877  12.17246   2.23234   0.01994   1.00000  
122 23.6023   3665.361898  x:  0.00000   0.00752   0.00135   0.00308   0.00000   0.00000   0.00144   0.00000   0.00435   0.00290   0.00000   0.00435   0.00000   0.00289   0.00437   0.00437   0.00435   0.00728   0.01301   0.01166   0.00000   0.00729   0.00000   0.01022   0.00000   0.00435   0.01463   0.01315   0.01042   0.03667   3.65877  12.17247   2.23234   0.01994   1.00000  
123  0.2386   3665.361894  x:  0.00000   0.00752   0.00135   0.00308   0.00000   0.00000   0.00144   0.00000   0.00434   0.00290   0.00000   0.00435   0.00000   0.00289   0.00437   0.00437   0.00435   0.00728   0.01301   0.01166   0.00000   0.00729   0.00000   0.01022   0.00000   0.00435   0.01462   0.01315   0.01042   0.03667   3.65883  12.17378   2.23106   0.01994   1.00000  
124  0.1893   3665.361769  x:  0.00000   0.00751   0.00135   0.00309   0.00000   0.00000   0.00144   0.00000   0.00434   0.00290   0.00000   0.00434   0.00000   0.00290   0.00436   0.00437   0.00436   0.00728   0.01300   0.01165   0.00000   0.00728   0.00000   0.01022   0.00000   0.00434   0.01461   0.01314   0.01041   0.03676   3.66071  12.21259   2.19319   0.01994   1.00000  
125  0.6562   3665.360810  x:  0.00000   0.00749   0.00134   0.00309   0.00000   0.00000   0.00145   0.00000   0.00435   0.00290   0.00000   0.00436   0.00000   0.00288   0.00436   0.00436   0.00434   0.00728   0.01300   0.01162   0.00000   0.00727   0.00000   0.01023   0.00000   0.00435   0.01467   0.01311   0.01039   0.03667   3.67717  12.56121   1.85267   0.01994   1.00000  
126  0.1511   3665.360792  x:  0.00003   0.00749   0.00134   0.00309   0.00000   0.00000   0.00145   0.00000   0.00435   0.00290   0.00000   0.00436   0.00000   0.00288   0.00436   0.00436   0.00434   0.00728   0.01300   0.01162   0.00000   0.00727   0.00000   0.01023   0.00000   0.00435   0.01467   0.01311   0.01039   0.03667   3.67744  12.56690   1.84711   0.01994   1.00000  
127 373.7355   3665.360262  x:  0.00007   0.00751   0.00135   0.00309   0.00000   0.00000   0.00144   0.00000   0.00435   0.00289   0.00000   0.00435   0.00000   0.00289   0.00438   0.00438   0.00435   0.00728   0.01299   0.01166   0.00000   0.00728   0.00000   0.01020   0.00000   0.00434   0.01461   0.01307   0.01043   0.03667   3.68161  12.75482   1.66384   0.02002   1.00000  
128  0.1634   3665.359970  x:  0.00009   0.00750   0.00134   0.00309   0.00000   0.00000   0.00145   0.00000   0.00434   0.00289   0.00000   0.00435   0.00000   0.00289   0.00437   0.00437   0.00436   0.00728   0.01303   0.01166   0.00000   0.00728   0.00000   0.01022   0.00000   0.00434   0.01463   0.01302   0.01044   0.03669   3.68178  13.02369   1.39983   0.02000   1.00000  
129  0.0835   3665.359241  x:  0.00032   0.00752   0.00135   0.00309   0.00000   0.00000   0.00144   0.00000   0.00435   0.00290   0.00000   0.00435   0.00000   0.00289   0.00437   0.00437   0.00434   0.00728   0.01298   0.01165   0.00000   0.00728   0.00000   0.01020   0.00000   0.00435   0.01463   0.01284   0.01042   0.03665   3.66606  13.63259   0.79916   0.01996   1.00000  
130  0.1769   3665.359058  x:  0.00040   0.00752   0.00135   0.00308   0.00000   0.00000   0.00145   0.00000   0.00435   0.00290   0.00000   0.00435   0.00000   0.00289   0.00438   0.00438   0.00435   0.00728   0.01301   0.01166   0.00000   0.00729   0.00000   0.01022   0.00000   0.00435   0.01462   0.01275   0.01042   0.03669   3.65935  13.93586   0.50086   0.01998   1.00000  
131  0.2752   3665.359019  x:  0.00047   0.00752   0.00135   0.00309   0.00000   0.00000   0.00144   0.00000   0.00435   0.00290   0.00000   0.00435   0.00000   0.00289   0.00437   0.00437   0.00435   0.00728   0.01300   0.01165   0.00000   0.00729   0.00000   0.01022   0.00000   0.00435   0.01463   0.01267   0.01042   0.03667   3.65825  14.28654   0.15613   0.01996   1.00000  
132  0.1638   3665.358977  x:  0.00061   0.00752   0.00135   0.00309   0.00000   0.00000   0.00145   0.00000   0.00435   0.00290   0.00000   0.00435   0.00000   0.00289   0.00438   0.00438   0.00435   0.00728   0.01301   0.01166   0.00000   0.00729   0.00000   0.01022   0.00000   0.00435   0.01462   0.01255   0.01042   0.03668   3.66105  14.85241  -0.39912   0.01998   1.00000  
133  0.2272   3665.358967  x:  0.00068   0.00752   0.00135   0.00309   0.00000   0.00000   0.00145   0.00000   0.00435   0.00290   0.00000   0.00435   0.00000   0.00289   0.00437   0.00438   0.00436   0.00728   0.01300   0.01166   0.00000   0.00729   0.00000   0.01022   0.00000   0.00435   0.01462   0.01246   0.01042   0.03668   3.66147  15.23013  -0.77002   0.01998   1.00000  
134  0.2761   3665.358964  x:  0.00079   0.00752   0.00135   0.00309   0.00000   0.00000   0.00145   0.00000   0.00435   0.00290   0.00000   0.00435   0.00000   0.00290   0.00438   0.00438   0.00435   0.00728   0.01301   0.01166   0.00000   0.00729   0.00000   0.01022   0.00000   0.00435   0.01462   0.01235   0.01042   0.03668   3.66101  15.68753  -1.21931   0.01997   1.00000  
135  0.2791   3665.358964  x:  0.00080   0.00752   0.00135   0.00309   0.00000   0.00000   0.00145   0.00000   0.00435   0.00290   0.00000   0.00435   0.00000   0.00290   0.00438   0.00438   0.00435   0.00728   0.01301   0.01166   0.00000   0.00729   0.00000   0.01022   0.00000   0.00435   0.01462   0.01235   0.01042   0.03668   3.66100  15.71276  -1.24409   0.01997   1.00000  
136  0.2820   3665.358964  x:  0.00080   0.00752   0.00135   0.00309   0.00000   0.00000   0.00145   0.00000   0.00435   0.00290   0.00000   0.00435   0.00000   0.00290   0.00438   0.00438   0.00435   0.00728   0.01301   0.01166   0.00000   0.00729   0.00000   0.01022   0.00000   0.00435   0.01462   0.01235   0.01042   0.03668   3.66100  15.71276  -1.24409   0.01997   1.00000  
137  0.4016   3665.358964  x:  0.00080   0.00752   0.00135   0.00309   0.00000   0.00000   0.00145   0.00000   0.00435   0.00290   0.00000   0.00435   0.00000   0.00290   0.00438   0.00438   0.00435   0.00728   0.01301   0.01166   0.00000   0.00729   0.00000   0.01022   0.00000   0.00435   0.01462   0.01235   0.01042   0.03668   3.66103  15.71389  -1.24517   0.01997   1.00000  
138  0.0011   3665.358964  x:  0.00080   0.00752   0.00135   0.00309   0.00000   0.00000   0.00145   0.00000   0.00435   0.00290   0.00000   0.00435   0.00000   0.00290   0.00438   0.00438   0.00435   0.00728   0.01301   0.01166   0.00000   0.00729   0.00000   0.01022   0.00000   0.00435   0.01462   0.01235   0.01042   0.03668   3.66103  15.71396  -1.24523   0.01997   1.00000  
139  0.0007   3665.358964  x:  0.00080   0.00752   0.00135   0.00309   0.00000   0.00000   0.00145   0.00000   0.00435   0.00290   0.00000   0.00435   0.00000   0.00290   0.00438   0.00438   0.00435   0.00728   0.01301   0.01166   0.00000   0.00729   0.00000   0.01022   0.00000   0.00435   0.01462   0.01235   0.01042   0.03668   3.66103  15.71418  -1.24545   0.01997   1.00000  
140  0.0021   3665.358964  x:  0.00080   0.00752   0.00135   0.00309   0.00000   0.00000   0.00145   0.00000   0.00435   0.00290   0.00000   0.00435   0.00000   0.00290   0.00438   0.00438   0.00435   0.00728   0.01301   0.01166   0.00000   0.00729   0.00000   0.01022   0.00000   0.00435   0.01462   0.01235   0.01042   0.03668   3.66102  15.71465  -1.24591   0.01997   1.00000  
141  0.0040   3665.358964  x:  0.00080   0.00752   0.00135   0.00309   0.00000   0.00000   0.00145   0.00000   0.00435   0.00290   0.00000   0.00435   0.00000   0.00290   0.00438   0.00438   0.00435   0.00728   0.01301   0.01166   0.00000   0.00729   0.00000   0.01022   0.00000   0.00435   0.01462   0.01235   0.01042   0.03668   3.66102  15.71543  -1.24667   0.01997   1.00000  
142  0.0062   3665.358964  x:  0.00080   0.00752   0.00135   0.00309   0.00000   0.00000   0.00145   0.00000   0.00435   0.00290   0.00000   0.00435   0.00000   0.00290   0.00438   0.00438   0.00435   0.00728   0.01301   0.01166   0.00000   0.00729   0.00000   0.01022   0.00000   0.00435   0.01462   0.01235   0.01042   0.03668   3.66102  15.71666  -1.24787   0.01997   1.00000  
143  0.0093   3665.358964  x:  0.00080   0.00752   0.00135   0.00309   0.00000   0.00000   0.00145   0.00000   0.00435   0.00290   0.00000   0.00435   0.00000   0.00290   0.00438   0.00438   0.00435   0.00728   0.01301   0.01166   0.00000   0.00729   0.00000   0.01022   0.00000   0.00435   0.01462   0.01235   0.01042   0.03668   3.66102  15.71858  -1.24974   0.01997   1.00000  
144  0.0135   3665.358964  x:  0.00080   0.00752   0.00135   0.00309   0.00000   0.00000   0.00145   0.00000   0.00435   0.00290   0.00000   0.00435   0.00000   0.00290   0.00438   0.00438   0.00435   0.00728   0.01301   0.01166   0.00000   0.00729   0.00000   0.01022   0.00000   0.00435   0.01462   0.01235   0.01042   0.03668   3.66102  15.72145  -1.25253   0.01997   1.00000  
145  0.0187   3665.358964  x:  0.00080   0.00752   0.00135   0.00309   0.00000   0.00000   0.00145   0.00000   0.00435   0.00290   0.00000   0.00435   0.00000   0.00290   0.00438   0.00438   0.00435   0.00728   0.01301   0.01166   0.00000   0.00729   0.00000   0.01022   0.00000   0.00435   0.01462   0.01235   0.01042   0.03668   3.66102  15.72566  -1.25663   0.01997   1.00000  
146  0.0268   3665.358964  x:  0.00080   0.00752   0.00135   0.00309   0.00000   0.00000   0.00145   0.00000   0.00435   0.00290   0.00000   0.00435   0.00000   0.00290   0.00438   0.00438   0.00435   0.00728   0.01301   0.01166   0.00000   0.00729   0.00000   0.01022   0.00000   0.00435   0.01462   0.01235   0.01042   0.03668   3.66102  15.73194  -1.26274   0.01997   1.00000  
147  0.0360   3665.358964  x:  0.00080   0.00752   0.00135   0.00309   0.00000   0.00000   0.00145   0.00000   0.00435   0.00290   0.00000   0.00435   0.00000   0.00290   0.00438   0.00438   0.00435   0.00728   0.01301   0.01166   0.00000   0.00729   0.00000   0.01022   0.00000   0.00435   0.01462   0.01235   0.01042   0.03668   3.66101  15.74130  -1.27185   0.01997   1.00000  
148  0.0484   3665.358964  x:  0.00080   0.00752   0.00135   0.00309   0.00000   0.00000   0.00145   0.00000   0.00435   0.00290   0.00000   0.00435   0.00000   0.00290   0.00438   0.00438   0.00435   0.00728   0.01301   0.01166   0.00000   0.00729   0.00000   0.01022   0.00000   0.00435   0.01462   0.01234   0.01042   0.03668   3.66101  15.75516  -1.28533   0.01997   1.00000  
149  0.0662   3665.358964  x:  0.00081   0.00752   0.00135   0.00309   0.00000   0.00000   0.00145   0.00000   0.00435   0.00290   0.00000   0.00435   0.00000   0.00290   0.00438   0.00438   0.00435   0.00728   0.01301   0.01166   0.00000   0.00729   0.00000   0.01022   0.00000   0.00435   0.01462   0.01234   0.01042   0.03668   3.66101  15.77559  -1.30521   0.01997   1.00000  
150  0.0914   3665.358964  x:  0.00081   0.00752   0.00135   0.00309   0.00000   0.00000   0.00145   0.00000   0.00435   0.00290   0.00000   0.00435   0.00000   0.00290   0.00438   0.00438   0.00435   0.00728   0.01301   0.01166   0.00000   0.00729   0.00000   0.01022   0.00000   0.00435   0.01462   0.01234   0.01042   0.03668   3.66100  15.80653  -1.33531   0.01997   1.00000  
151  0.1202   3665.358964  x:  0.00082   0.00752   0.00135   0.00309   0.00000   0.00000   0.00145   0.00000   0.00435   0.00290   0.00000   0.00435   0.00000   0.00289   0.00438   0.00438   0.00435   0.00728   0.01301   0.01166   0.00000   0.00729   0.00000   0.01022   0.00000   0.00435   0.01462   0.01233   0.01042   0.03668   3.66100  15.85305  -1.38057   0.01997   1.00000  
152  0.1622   3665.358964  x:  0.00083   0.00752   0.00135   0.00309   0.00000   0.00000   0.00145   0.00000   0.00435   0.00290   0.00000   0.00435   0.00000   0.00289   0.00438   0.00438   0.00435   0.00728   0.01301   0.01166   0.00000   0.00729   0.00000   0.01022   0.00000   0.00435   0.01462   0.01232   0.01042   0.03668   3.66099  15.92206  -1.44770   0.01997   1.00000  
153  0.2209   3665.358964  x:  0.00084   0.00752   0.00135   0.00309   0.00000   0.00000   0.00145   0.00000   0.00435   0.00290   0.00000   0.00435   0.00000   0.00289   0.00438   0.00438   0.00435   0.00728   0.01301   0.01166   0.00000   0.00729   0.00000   0.01022   0.00000   0.00435   0.01462   0.01231   0.01042   0.03668   3.66099  16.02772  -1.55048   0.01997   1.00000  
154  0.2797   3665.358964  x:  0.00086   0.00752   0.00135   0.00309   0.00000   0.00000   0.00145   0.00000   0.00435   0.00290   0.00000   0.00435   0.00000   0.00289   0.00438   0.00438   0.00435   0.00728   0.01301   0.01166   0.00000   0.00729   0.00000   0.01022   0.00000   0.00435   0.01462   0.01229   0.01042   0.03668   3.66099  16.17761  -1.69629   0.01997   1.00000  
155  0.3597   3665.358964  x:  0.00088   0.00752   0.00135   0.00309   0.00000   0.00000   0.00145   0.00000   0.00435   0.00290   0.00000   0.00435   0.00000   0.00290   0.00438   0.00438   0.00435   0.00728   0.01301   0.01166   0.00000   0.00729   0.00000   0.01022   0.00000   0.00435   0.01462   0.01227   0.01042   0.03668   3.66099  16.32751  -1.84209   0.01997   1.00000  
156  0.4170   3665.358964  x:  0.00090   0.00752   0.00135   0.00309   0.00000   0.00000   0.00145   0.00000   0.00435   0.00290   0.00000   0.00435   0.00000   0.00290   0.00438   0.00438   0.00435   0.00728   0.01301   0.01166   0.00000   0.00729   0.00000   0.01022   0.00000   0.00435   0.01462   0.01225   0.01042   0.03668   3.66099  16.47291  -1.98351   0.01997   1.00000  
157  0.4663   3665.358964  x:  0.00091   0.00752   0.00135   0.00309   0.00000   0.00000   0.00145   0.00000   0.00435   0.00290   0.00000   0.00435   0.00000   0.00290   0.00438   0.00438   0.00435   0.00728   0.01301   0.01166   0.00000   0.00729   0.00000   0.01022   0.00000   0.00435   0.01462   0.01224   0.01042   0.03668   3.66099  16.54953  -2.05804   0.01997   1.00000  
158  0.3853   3665.358964  x:  0.00091   0.00752   0.00135   0.00309   0.00000   0.00000   0.00145   0.00000   0.00435   0.00290   0.00000   0.00435   0.00000   0.00290   0.00438   0.00438   0.00435   0.00728   0.01301   0.01166   0.00000   0.00729   0.00000   0.01022   0.00000   0.00435   0.01462   0.01223   0.01042   0.03668   3.66099  16.60290  -2.10995   0.01997   1.00000  
159  0.3082   3665.358964  x:  0.00092   0.00752   0.00135   0.00309   0.00000   0.00000   0.00145   0.00000   0.00435   0.00290   0.00000   0.00435   0.00000   0.00290   0.00438   0.00438   0.00435   0.00728   0.01301   0.01166   0.00000   0.00729   0.00000   0.01022   0.00000   0.00435   0.01462   0.01223   0.01042   0.03668   3.66100  16.63677  -2.14289   0.01997   1.00000  
160  0.2461   3665.358964  x:  0.00092   0.00752   0.00135   0.00309   0.00000   0.00000   0.00145   0.00000   0.00435   0.00290   0.00000   0.00435   0.00000   0.00290   0.00438   0.00438   0.00435   0.00728   0.01301   0.01166   0.00000   0.00729   0.00000   0.01022   0.00000   0.00435   0.01462   0.01223   0.01042   0.03668   3.66100  16.66153  -2.16697   0.01997   1.00000  
161  0.2042   3665.358964  x:  0.00092   0.00752   0.00135   0.00309   0.00000   0.00000   0.00145   0.00000   0.00435   0.00290   0.00000   0.00435   0.00000   0.00290   0.00438   0.00438   0.00435   0.00728   0.01301   0.01166   0.00000   0.00729   0.00000   0.01022   0.00000   0.00435   0.01462   0.01222   0.01042   0.03668   3.66100  16.69152  -2.19614   0.01997   1.00000  
162  0.1576   3665.358964  x:  0.00093   0.00752   0.00135   0.00309   0.00000   0.00000   0.00145   0.00000   0.00435   0.00290   0.00000   0.00435   0.00000   0.00290   0.00438   0.00438   0.00435   0.00728   0.01301   0.01166   0.00000   0.00729   0.00000   0.01022   0.00000   0.00435   0.01462   0.01222   0.01042   0.03668   3.66100  16.71493  -2.21891   0.01997   1.00000  
163  0.1251   3665.358964  x:  0.00093   0.00752   0.00135   0.00309   0.00000   0.00000   0.00145   0.00000   0.00435   0.00290   0.00000   0.00435   0.00000   0.00290   0.00438   0.00438   0.00435   0.00728   0.01301   0.01166   0.00000   0.00729   0.00000   0.01022   0.00000   0.00435   0.01462   0.01222   0.01042   0.03668   3.66101  16.75663  -2.25947   0.01997   1.00000  
164  0.0807   3665.358964  x:  0.00093   0.00752   0.00135   0.00309   0.00000   0.00000   0.00145   0.00000   0.00435   0.00290   0.00000   0.00435   0.00000   0.00290   0.00438   0.00438   0.00435   0.00728   0.01301   0.01166   0.00000   0.00729   0.00000   0.01022   0.00000   0.00435   0.01462   0.01221   0.01042   0.03668   3.66101  16.79929  -2.30097   0.01998   1.00000  
165  0.0439   3665.358964  x:  0.00094   0.00752   0.00135   0.00309   0.00000   0.00000   0.00145   0.00000   0.00435   0.00290   0.00000   0.00435   0.00000   0.00290   0.00438   0.00438   0.00436   0.00728   0.01301   0.01166   0.00000   0.00729   0.00000   0.01022   0.00000   0.00435   0.01462   0.01221   0.01042   0.03668   3.66101  16.84767  -2.34804   0.01998   1.00000  
166  0.0084   3665.358960  x:  0.00091   0.00752   0.00135   0.00309   0.00000   0.00000   0.00145   0.00000   0.00435   0.00290   0.00000   0.00435   0.00000   0.00290   0.00438   0.00438   0.00436   0.00728   0.01301   0.01166   0.00000   0.00729   0.00000   0.01022   0.00000   0.00435   0.01462   0.01223   0.01043   0.03668   3.66106  17.96125  -3.43180   0.01998   1.00000  
167  0.2598   3665.358960  x:  0.00091   0.00752   0.00135   0.00309   0.00000   0.00000   0.00145   0.00000   0.00435   0.00290   0.00000   0.00435   0.00000   0.00290   0.00438   0.00438   0.00436   0.00728   0.01301   0.01166   0.00000   0.00729   0.00000   0.01022   0.00000   0.00435   0.01462   0.01223   0.01043   0.03668   3.66106  17.84102  -3.31479   0.01998   1.00000  
168  0.9668   3665.358960  x:  0.00091   0.00752   0.00135   0.00309   0.00000   0.00000   0.00145   0.00000   0.00435   0.00290   0.00000   0.00435   0.00000   0.00290   0.00438   0.00438   0.00436   0.00728   0.01301   0.01166   0.00000   0.00729   0.00000   0.01022   0.00000   0.00435   0.01462   0.01223   0.01043   0.03668   3.66105  17.75804  -3.23404   0.01998   1.00000  
169  0.8645   3665.358960  x:  0.00091   0.00752   0.00135   0.00309   0.00000   0.00000   0.00145   0.00000   0.00435   0.00290   0.00000   0.00435   0.00000   0.00290   0.00438   0.00438   0.00436   0.00728   0.01301   0.01166   0.00000   0.00729   0.00000   0.01022   0.00000   0.00435   0.01462   0.01223   0.01042   0.03668   3.66105  17.70355  -3.18101   0.01998   1.00000  
170  0.6998   3665.358960  x:  0.00091   0.00752   0.00135   0.00309   0.00000   0.00000   0.00145   0.00000   0.00435   0.00290   0.00000   0.00435   0.00000   0.00290   0.00438   0.00438   0.00436   0.00728   0.01301   0.01166   0.00000   0.00729   0.00000   0.01022   0.00000   0.00435   0.01462   0.01223   0.01042   0.03668   3.66104  17.66997  -3.14834   0.01998   1.00000  
171  0.5473   3665.358960  x:  0.00092   0.00752   0.00135   0.00309   0.00000   0.00000   0.00145   0.00000   0.00435   0.00290   0.00000   0.00435   0.00000   0.00290   0.00438   0.00438   0.00436   0.00728   0.01301   0.01166   0.00000   0.00729   0.00000   0.01022   0.00000   0.00435   0.01462   0.01223   0.01042   0.03668   3.66104  17.65030  -3.12920   0.01998   1.00000  
172  0.4637   3665.358960  x:  0.00092   0.00752   0.00135   0.00309   0.00000   0.00000   0.00145   0.00000   0.00435   0.00290   0.00000   0.00435   0.00000   0.00290   0.00438   0.00438   0.00436   0.00728   0.01301   0.01166   0.00000   0.00729   0.00000   0.01022   0.00000   0.00435   0.01462   0.01223   0.01042   0.03668   3.66104  17.63867  -3.11788   0.01998   1.00000  
173  0.3965   3665.358960  x:  0.00092   0.00752   0.00135   0.00309   0.00000   0.00000   0.00145   0.00000   0.00435   0.00290   0.00000   0.00435   0.00000   0.00290   0.00438   0.00438   0.00436   0.00728   0.01301   0.01166   0.00000   0.00729   0.00000   0.01022   0.00000   0.00435   0.01462   0.01223   0.01042   0.03668   3.66104  17.63151  -3.11091   0.01998   1.00000  
174  0.2369   3665.358960  x:  0.00092   0.00752   0.00135   0.00309   0.00000   0.00000   0.00145   0.00000   0.00435   0.00290   0.00000   0.00435   0.00000   0.00290   0.00438   0.00438   0.00436   0.00728   0.01301   0.01166   0.00000   0.00729   0.00000   0.01022   0.00000   0.00435   0.01462   0.01223   0.01042   0.03668   3.66104  17.62892  -3.10839   0.01998   1.00000  
175  0.2036   3665.358960  x:  0.00092   0.00752   0.00135   0.00309   0.00000   0.00000   0.00145   0.00000   0.00435   0.00290   0.00000   0.00435   0.00000   0.00290   0.00438   0.00438   0.00436   0.00728   0.01301   0.01166   0.00000   0.00729   0.00000   0.01022   0.00000   0.00435   0.01462   0.01223   0.01042   0.03668   3.66104  17.62892  -3.10839   0.01998   1.00000  
176  0.2810   3665.358960  x:  0.00092   0.00752   0.00135   0.00309   0.00000   0.00000   0.00145   0.00000   0.00435   0.00290   0.00000   0.00435   0.00000   0.00290   0.00438   0.00438   0.00436   0.00728   0.01301   0.01166   0.00000   0.00729   0.00000   0.01022   0.00000   0.00435   0.01462   0.01223   0.01042   0.03668   3.66104  17.62892  -3.10839   0.01998   1.00000  
check convergence!
