Supplemental results for CODEML (seqf: /Users/YY/Desktop/get/branch_site/modify/modify_trim_muscle_psbT.fa  treef: /Users/YY/Desktop/get/branch_site/16gene_topu.tree)


dN/dS (w) for site classes (K=4)

site class             0        1       2a       2b
proportion       1.00000  0.00000  0.00000  0.00000
background w     0.00000  1.00000  0.00000  1.00000
foreground w     0.00000  1.00000  1.00000  1.00000

Naive Empirical Bayes (NEB) probabilities for 4 classes
(amino acids refer to 1st sequence: MF594405)

   1 M   1.00000 0.00000 0.00000 0.00000 ( 1)
   2 E   1.00000 0.00000 0.00000 0.00000 ( 1)
   3 A   1.00000 0.00000 0.00000 0.00000 ( 1)
   4 L   1.00000 0.00000 0.00000 0.00000 ( 1)
   5 V   1.00000 0.00000 0.00000 0.00000 ( 1)
   6 Y   1.00000 0.00000 0.00000 0.00000 ( 1)
   7 T   1.00000 0.00000 0.00000 0.00000 ( 1)
   8 F   1.00000 0.00000 0.00000 0.00000 ( 1)
   9 L   1.00000 0.00000 0.00000 0.00000 ( 1)
  10 L   1.00000 0.00000 0.00000 0.00000 ( 1)
  11 V   1.00000 0.00000 0.00000 0.00000 ( 1)
  12 S   1.00000 0.00000 0.00000 0.00000 ( 1)
  13 T   1.00000 0.00000 0.00000 0.00000 ( 1)
  14 L   1.00000 0.00000 0.00000 0.00000 ( 1)
  15 G   1.00000 0.00000 0.00000 0.00000 ( 1)
  16 I   1.00000 0.00000 0.00000 0.00000 ( 1)
  17 I   1.00000 0.00000 0.00000 0.00000 ( 1)
  18 F   1.00000 0.00000 0.00000 0.00000 ( 1)
  19 F   1.00000 0.00000 0.00000 0.00000 ( 1)
  20 A   1.00000 0.00000 0.00000 0.00000 ( 1)
  21 I   1.00000 0.00000 0.00000 0.00000 ( 1)
  22 F   1.00000 0.00000 0.00000 0.00000 ( 1)
  23 F   1.00000 0.00000 0.00000 0.00000 ( 1)
  24 R   1.00000 0.00000 0.00000 0.00000 ( 1)
  25 E   1.00000 0.00000 0.00000 0.00000 ( 1)
  26 P   1.00000 0.00000 0.00000 0.00000 ( 1)
  27 P   1.00000 0.00000 0.00000 0.00000 ( 1)
  28 K   1.00000 0.00000 0.00000 0.00000 ( 1)
  29 V   1.00000 0.00000 0.00000 0.00000 ( 1)
  30 P   1.00000 0.00000 0.00000 0.00000 ( 1)
  31 T   1.00000 0.00000 0.00000 0.00000 ( 1)
  32 K   1.00000 0.00000 0.00000 0.00000 ( 1)
  33 K   1.00000 0.00000 0.00000 0.00000 ( 1)


lnL =  -139.947260

