

TREE # 1

  0  0.0000    155.921106  x:  0.00000   0.00454   0.02304   0.00747   0.02677   0.02642   0.01300   0.01537   0.02622   0.00763   0.01972   0.00986   0.00925   0.00630   0.00756   0.02361   0.02180   0.01013   0.01917   0.01319   0.05179   0.01417   0.00496   0.00764   0.00358   0.02693   0.01606   0.04088   0.02840   0.02902   2.00000   1.09989   0.02896   0.27919  
  1 99.0000    155.917138  x:  0.00000   0.00454   0.02303   0.00747   0.02677   0.02642   0.01299   0.01537   0.02621   0.00762   0.01972   0.00985   0.00925   0.00630   0.00755   0.02361   0.02179   0.01012   0.01916   0.01318   0.05179   0.01417   0.00496   0.00764   0.00358   0.02693   0.01606   0.04088   0.02840   0.02902   2.00000   1.09989   0.02896   0.27919  
  2 149.8146    153.060146  x:  0.00000   0.00114   0.01949   0.00391   0.02320   0.02286   0.00799   0.01181   0.02265   0.00406   0.01615   0.00629   0.00568   0.00274   0.00399   0.02004   0.01823   0.00656   0.01560   0.00964   0.04850   0.01077   0.00157   0.00405   0.00000   0.02335   0.01248   0.03508   0.02495   0.04483   1.99990   1.09956   0.02934   0.26351  
  3 184.3663    151.996116  x:  0.00000   0.00000   0.01819   0.00260   0.02188   0.02154   0.00554   0.01049   0.02133   0.00274   0.01483   0.00497   0.00436   0.00142   0.00267   0.01871   0.01691   0.00524   0.01428   0.00834   0.04755   0.00960   0.00040   0.00274   0.00000   0.02203   0.01116   0.03461   0.02369   0.04444   1.99978   1.09929   0.02963   0.25149  
  4 171.2190    151.651936  x:  0.00000   0.00000   0.01774   0.00214   0.02143   0.02108   0.00464   0.01004   0.02088   0.00229   0.01438   0.00451   0.00391   0.00097   0.00221   0.01826   0.01645   0.00479   0.01382   0.00789   0.04799   0.00920   0.00000   0.00229   0.00000   0.02159   0.01072   0.03523   0.02326   0.04463   1.99974   1.09925   0.02969   0.24754  
  5 1173.5179    150.979676  x:  0.00000   0.00000   0.01683   0.00118   0.02052   0.02017   0.00229   0.00909   0.01996   0.00133   0.01345   0.00356   0.00295   0.00000   0.00125   0.01734   0.01553   0.00383   0.01289   0.00695   0.05096   0.00842   0.00000   0.00144   0.00000   0.02079   0.00989   0.03384   0.02243   0.04443   1.99969   1.09953   0.02940   0.24086  
  6 335.3847    150.488190  x:  0.00000   0.00000   0.01616   0.00044   0.01987   0.01952   0.00000   0.00839   0.01931   0.00059   0.01276   0.00283   0.00222   0.00000   0.00051   0.01667   0.01486   0.00310   0.01220   0.00625   0.05109   0.00789   0.00000   0.00089   0.00000   0.02032   0.00937   0.03376   0.02188   0.04447   1.99967   1.10015   0.02876   0.23757  
  7 189.4777    150.228321  x:  0.00000   0.00000   0.01578   0.00000   0.01949   0.01914   0.00000   0.00797   0.01893   0.00015   0.01236   0.00239   0.00178   0.00000   0.00006   0.01628   0.01446   0.00267   0.01180   0.00583   0.05117   0.00747   0.00000   0.00058   0.00000   0.02008   0.00910   0.03372   0.02152   0.04449   1.99964   1.10119   0.02773   0.23385  
  8 81.4972    150.202681  x:  0.00000   0.00000   0.01574   0.00000   0.01945   0.01910   0.00000   0.00792   0.01889   0.00009   0.01231   0.00234   0.00172   0.00000   0.00000   0.01624   0.01442   0.00261   0.01175   0.00578   0.05117   0.00744   0.00000   0.00057   0.00000   0.02008   0.00909   0.03372   0.02149   0.04450   1.99964   1.10134   0.02759   0.23360  
  9 58.1759    150.165580  x:  0.00000   0.00000   0.01567   0.00000   0.01939   0.01904   0.00000   0.00785   0.01883   0.00000   0.01224   0.00226   0.00164   0.00000   0.00000   0.01617   0.01435   0.00253   0.01168   0.00571   0.05118   0.00738   0.00000   0.00054   0.00000   0.02007   0.00907   0.03371   0.02144   0.04450   1.99963   1.10169   0.02726   0.23304  
 10 187.0062    149.598608  x:  0.00000   0.00000   0.01455   0.00000   0.01837   0.01801   0.00000   0.00643   0.01779   0.00000   0.01098   0.00065   0.00000   0.00000   0.00000   0.01504   0.01316   0.00091   0.01038   0.00427   0.05127   0.00679   0.00000   0.00027   0.00000   0.02047   0.00910   0.03369   0.02074   0.04454   1.99959   1.10677   0.02236   0.22656  
 11 120.0776    149.399221  x:  0.00000   0.00000   0.01413   0.00000   0.01799   0.01762   0.00000   0.00587   0.01740   0.00000   0.01048   0.00000   0.00000   0.00000   0.00000   0.01461   0.01270   0.00027   0.00988   0.00370   0.05131   0.00653   0.00000   0.00021   0.00000   0.02071   0.00917   0.03368   0.02047   0.04455   1.99956   1.10937   0.01984   0.22331  
 12 461.2655    149.339241  x:  0.00000   0.00000   0.01397   0.00000   0.01785   0.01748   0.00000   0.00565   0.01726   0.00000   0.01029   0.00000   0.00000   0.00000   0.00000   0.01445   0.01252   0.00000   0.00968   0.00348   0.05133   0.00647   0.00000   0.00024   0.00000   0.02089   0.00927   0.03368   0.02039   0.04456   1.99956   1.11019   0.01905   0.22235  
 13 627.3005    148.508304  x:  0.00000   0.00000   0.01151   0.00000   0.01573   0.01532   0.00000   0.00224   0.01505   0.00000   0.00736   0.00000   0.00000   0.00000   0.00000   0.01196   0.00985   0.00000   0.00667   0.00000   0.05154   0.00546   0.00000   0.00058   0.00000   0.02338   0.01055   0.03364   0.01910   0.04464   1.99943   1.12377   0.00590   0.20629  
 14 7324.9938    147.968865  x:  0.00000   0.00000   0.00986   0.00000   0.01425   0.01381   0.00000   0.00000   0.01352   0.00000   0.00539   0.00000   0.00000   0.00000   0.00000   0.01026   0.00804   0.00000   0.00467   0.00000   0.05168   0.00455   0.00000   0.00053   0.00000   0.02458   0.01105   0.03361   0.01809   0.04470   1.99934   1.13328  -0.00331   0.19505  
 15 6068.4090    147.781414  x:  0.00000   0.00000   0.00856   0.00000   0.01392   0.01349   0.00000   0.00000   0.01321   0.00000   0.00519   0.00000   0.00000   0.00000   0.00000   0.00999   0.00779   0.00000   0.00446   0.00000   0.05171   0.00415   0.00000   0.00000   0.00000   0.02375   0.01040   0.03361   0.01766   0.04471   1.99923   1.13443  -0.00440   0.19336  
 16 34.2766    146.686103  x:  0.00000   0.00000   0.00000   0.00000   0.01192   0.01153   0.00000   0.00000   0.01129   0.00000   0.00382   0.00000   0.00000   0.00000   0.00000   0.00828   0.00622   0.00000   0.00310   0.00000   0.05210   0.00182   0.00000   0.00000   0.00000   0.01958   0.00710   0.03353   0.01510   0.04491   1.99815   1.15067  -0.01990   0.16934  
 17 228.5113    145.531748  x:  0.00000   0.00000   0.00000   0.00000   0.00910   0.00881   0.00000   0.00000   0.00877   0.00000   0.00286   0.00000   0.00000   0.00000   0.00000   0.00632   0.00462   0.00000   0.00212   0.00000   0.05247   0.00000   0.00000   0.00000   0.00000   0.01114   0.00113   0.03348   0.01079   0.04510   1.99719   1.17326  -0.04168   0.14242  
 18 277.4578    145.531748  x:  0.00000   0.00000   0.00000   0.00000   0.00910   0.00881   0.00000   0.00000   0.00877   0.00000   0.00286   0.00000   0.00000   0.00000   0.00000   0.00632   0.00462   0.00000   0.00212   0.00000   0.05247   0.00000   0.00000   0.00000   0.00000   0.01114   0.00113   0.03348   0.01079   0.04510   1.99719   1.17326  -0.04168   0.14242  
 19 45.0224    145.193186  x:  0.00000   0.00000   0.00000   0.00000   0.00798   0.00769   0.00000   0.00000   0.00765   0.00000   0.00174   0.00000   0.00000   0.00000   0.00000   0.00520   0.00350   0.00000   0.00100   0.00000   0.05209   0.00000   0.00000   0.00000   0.00000   0.01002   0.00000   0.03349   0.00969   0.04483   1.99722   1.17329  -0.04170   0.14225  
 20 94.6060    144.872347  x:  0.00000   0.00000   0.00000   0.00000   0.00699   0.00669   0.00000   0.00000   0.00665   0.00000   0.00075   0.00000   0.00000   0.00000   0.00000   0.00420   0.00251   0.00000   0.00000   0.00000   0.04924   0.00000   0.00000   0.00000   0.00000   0.00902   0.00000   0.03686   0.00872   0.04281   1.99718   1.17341  -0.04182   0.13811  
 21 65.5628    144.660362  x:  0.00000   0.00000   0.00000   0.00000   0.00625   0.00595   0.00000   0.00000   0.00591   0.00000   0.00000   0.00000   0.00000   0.00000   0.00000   0.00346   0.00177   0.00000   0.00000   0.00000   0.04790   0.00000   0.00000   0.00000   0.00000   0.00829   0.00000   0.03618   0.00798   0.04224   1.99713   1.17353  -0.04195   0.13363  
 22 68.3453    144.251406  x:  0.00000   0.00000   0.00000   0.00000   0.00448   0.00419   0.00000   0.00000   0.00414   0.00000   0.00000   0.00000   0.00000   0.00000   0.00000   0.00169   0.00000   0.00000   0.00000   0.00000   0.04757   0.00000   0.00000   0.00000   0.00000   0.00656   0.00000   0.03621   0.00622   0.04244   1.99702   1.17384  -0.04226   0.12422  
 23 391.4795    143.911026  x:  0.00000   0.00000   0.00000   0.00000   0.00280   0.00251   0.00000   0.00000   0.00246   0.00000   0.00000   0.00000   0.00000   0.00000   0.00000   0.00000   0.00000   0.00000   0.00000   0.00000   0.04714   0.00000   0.00000   0.00000   0.00000   0.00490   0.00000   0.03627   0.00454   0.04281   1.99693   1.17413  -0.04254   0.11515  
 24 73724.0501    143.484570  x:  0.00000   0.00000   0.00000   0.00000   0.00035   0.00006   0.00000   0.00000   0.00000   0.00000   0.00000   0.00000   0.00000   0.00000   0.00000   0.00000   0.00000   0.00000   0.00000   0.00000   0.04683   0.00000   0.00000   0.00000   0.00000   0.00242   0.00000   0.03633   0.00208   0.04299   1.99676   1.17438  -0.04280   0.10122  
 25 2044.9621    143.475349  x:  0.00000   0.00000   0.00000   0.00000   0.00030   0.00000   0.00000   0.00000   0.00000   0.00000   0.00000   0.00000   0.00000   0.00000   0.00000   0.00000   0.00000   0.00000   0.00000   0.00000   0.04682   0.00000   0.00000   0.00000   0.00000   0.00234   0.00000   0.03633   0.00202   0.04300   1.99676   1.17435  -0.04276   0.10082  
 26 428.2387    143.438454  x:  0.00000   0.00000   0.00000   0.00000   0.00000   0.00000   0.00000   0.00000   0.00000   0.00000   0.00000   0.00000   0.00000   0.00000   0.00000   0.00000   0.00000   0.00000   0.00000   0.00000   0.04676   0.00000   0.00000   0.00000   0.00000   0.00198   0.00000   0.03634   0.00171   0.04303   1.99672   1.17415  -0.04257   0.09888  
 27 68192.9241    143.311507  x:  0.00000   0.00000   0.00000   0.00000   0.00000   0.00000   0.00000   0.00000   0.00000   0.00000   0.00000   0.00000   0.00000   0.00000   0.00000   0.00000   0.00000   0.00000   0.00000   0.00000   0.04665   0.00000   0.00000   0.00000   0.00000   0.00000   0.00000   0.03636   0.00001   0.04308   1.99668   1.17384  -0.04225   0.09465  
 28 156.1032    143.311183  x:  0.00000   0.00000   0.00000   0.00000   0.00000   0.00000   0.00000   0.00000   0.00000   0.00000   0.00000   0.00000   0.00000   0.00000   0.00000   0.00000   0.00000   0.00000   0.00000   0.00000   0.04665   0.00000   0.00000   0.00000   0.00000   0.00000   0.00000   0.03636   0.00000   0.04308   1.99668   1.17383  -0.04225   0.09463  
 29 17429.3355    143.311183  x:  0.00000   0.00000   0.00000   0.00000   0.00000   0.00000   0.00000   0.00000   0.00000   0.00000   0.00000   0.00000   0.00000   0.00000   0.00000   0.00000   0.00000   0.00000   0.00000   0.00000   0.04665   0.00000   0.00000   0.00000   0.00000   0.00000   0.00000   0.03636   0.00000   0.04308   1.99668   1.17383  -0.04225   0.09463  
 30  2.0645    143.186052  x:  0.00000   0.00000   0.00000   0.00000   0.00000   0.00000   0.00000   0.00000   0.00000   0.00000   0.00000   0.00000   0.00000   0.00000   0.00000   0.00000   0.00000   0.00000   0.00000   0.00000   0.03239   0.00000   0.00000   0.00000   0.00000   0.00000   0.00000   0.03269   0.00000   0.03204   1.99782   1.17518  -0.04360   0.08726  
 31 11.2796    142.822682  x:  0.00000   0.00000   0.00000   0.00000   0.00000   0.00000   0.00000   0.00000   0.00000   0.00000   0.00000   0.00000   0.00000   0.00000   0.00000   0.00000   0.00000   0.00000   0.00000   0.00000   0.02602   0.00000   0.00000   0.00000   0.00000   0.00000   0.00000   0.03988   0.00000   0.03903   2.01204   1.19186  -0.06028   0.00000  
 32  4.9345    142.508727  x:  0.00000   0.00000   0.00000   0.00000   0.00000   0.00000   0.00000   0.00000   0.00000   0.00000   0.00000   0.00000   0.00000   0.00000   0.00000   0.00000   0.00000   0.00000   0.00000   0.00000   0.03732   0.00000   0.00000   0.00000   0.00000   0.00000   0.00000   0.07437   0.00000   0.04754   2.27735   1.50733  -0.37575   0.00000  
 33 10.1543    142.304275  x:  0.00000   0.00000   0.00000   0.00000   0.00000   0.00000   0.00000   0.00000   0.00000   0.00000   0.00000   0.00000   0.00000   0.00000   0.00000   0.00000   0.00000   0.00000   0.00000   0.00000   0.03561   0.00000   0.00000   0.00000   0.00000   0.00000   0.00000   0.05286   0.00000   0.07848   2.44367   1.70477  -0.57319   0.00000  
 34 55.3493    141.348762  x:  0.00000   0.00000   0.00000   0.00000   0.00000   0.00000   0.00000   0.00000   0.00000   0.00000   0.00000   0.00000   0.00000   0.00000   0.00000   0.00000   0.00000   0.00000   0.00000   0.00000   0.01597   0.00000   0.00000   0.00000   0.00000   0.00000   0.00000   0.04507   0.00000   0.03683   3.24528   2.30889  -1.17730   0.00000  
 35  0.7193    140.928366  x:  0.00000   0.00000   0.00000   0.00000   0.00000   0.00000   0.00000   0.00000   0.00000   0.00000   0.00000   0.00000   0.00000   0.00000   0.00000   0.00000   0.00000   0.00000   0.00000   0.00000   0.02910   0.00000   0.00000   0.00000   0.00000   0.00000   0.00000   0.02930   0.00000   0.02256   3.92239   2.52918  -1.39759   0.00000  
 36  1.2868    140.919949  x:  0.00485   0.00000   0.00000   0.00000   0.00000   0.00000   0.00000   0.00000   0.00000   0.00000   0.00000   0.00000   0.00000   0.00000   0.00000   0.00000   0.00000   0.00000   0.00000   0.00000   0.02994   0.00000   0.00000   0.00000   0.00000   0.00000   0.00000   0.02830   0.00000   0.02170   3.96588   2.54359  -1.41200   0.00000  
 37 34.1627    140.743460  x:  0.02317   0.00000   0.00000   0.00000   0.00000   0.00000   0.00000   0.00000   0.00000   0.00000   0.00000   0.00000   0.00000   0.00000   0.00000   0.00000   0.00000   0.00000   0.00000   0.00000   0.03810   0.00000   0.00000   0.00000   0.00000   0.00000   0.00000   0.01352   0.00000   0.03710   4.48564   2.79723  -1.66564   0.00000  
 38  1.2989    140.602800  x:  0.03204   0.00000   0.00000   0.00000   0.00000   0.00000   0.00000   0.00000   0.00000   0.00000   0.00000   0.00000   0.00000   0.00000   0.00000   0.00000   0.00000   0.00000   0.00000   0.00000   0.03838   0.00000   0.00000   0.00000   0.00000   0.00000   0.00000   0.00000   0.00000   0.03394   5.19841   3.14500  -2.01341   0.00000  
 39  0.7944    140.574097  x:  0.03993   0.00000   0.00000   0.00000   0.00000   0.00000   0.00000   0.00000   0.00000   0.00000   0.00000   0.00000   0.00000   0.00000   0.00000   0.00000   0.00000   0.00000   0.00000   0.00000   0.03870   0.00000   0.00000   0.00000   0.00000   0.00000   0.00000   0.00000   0.00000   0.03240   5.62245   3.34200  -2.21041   0.00000  
 40 16.4453    140.427554  x:  0.03247   0.00000   0.00000   0.00000   0.00000   0.00000   0.00000   0.00000   0.00000   0.00000   0.00000   0.00000   0.00000   0.00000   0.00000   0.00000   0.00000   0.00000   0.00000   0.00000   0.02633   0.00000   0.00000   0.00000   0.00000   0.00000   0.00000   0.00000   0.00000   0.02707   7.12421   4.06988  -2.93829   0.00000  
 41  0.4566    140.291305  x:  0.03229   0.00000   0.00000   0.00000   0.00000   0.00000   0.00000   0.00000   0.00000   0.00000   0.00000   0.00000   0.00000   0.00000   0.00000   0.00000   0.00000   0.00000   0.00000   0.00000   0.03340   0.00000   0.00000   0.00000   0.00000   0.00000   0.00000   0.00000   0.00000   0.03933  10.40149   5.51635  -4.38476   0.00000  
 42  0.8403    140.179405  x:  0.02947   0.00000   0.00000   0.00000   0.00000   0.00000   0.00000   0.00000   0.00000   0.00000   0.00000   0.00000   0.00000   0.00000   0.00000   0.00000   0.00000   0.00000   0.00000   0.00000   0.02581   0.00000   0.00000   0.00000   0.00000   0.00000   0.00000   0.00000   0.00000   0.02913  15.12790   7.59589  -6.46429   0.00000  
 43  1.5920    140.107258  x:  0.03464   0.00000   0.00000   0.00000   0.00000   0.00000   0.00000   0.00000   0.00000   0.00000   0.00000   0.00000   0.00000   0.00000   0.00000   0.00000   0.00000   0.00000   0.00000   0.00000   0.03489   0.00000   0.00000   0.00000   0.00000   0.00000   0.00000   0.00000   0.00000   0.02920  21.49070  10.33390  -9.20229   0.00000  
 44  2.6522    140.065457  x:  0.02698   0.00000   0.00000   0.00000   0.00000   0.00000   0.00000   0.00000   0.00000   0.00000   0.00000   0.00000   0.00000   0.00000   0.00000   0.00000   0.00000   0.00000   0.00000   0.00000   0.03354   0.00000   0.00000   0.00000   0.00000   0.00000   0.00000   0.00000   0.00000   0.02974  28.31960  13.33265  -12.20104   0.00000  
 45  3.7100    140.023485  x:  0.03258   0.00000   0.00000   0.00000   0.00000   0.00000   0.00000   0.00000   0.00000   0.00000   0.00000   0.00000   0.00000   0.00000   0.00000   0.00000   0.00000   0.00000   0.00000   0.00000   0.03006   0.00000   0.00000   0.00000   0.00000   0.00000   0.00000   0.00000   0.00000   0.02663  42.90533  19.74745  -18.61582   0.00000  
 46  5.0972    139.997035  x:  0.03065   0.00000   0.00000   0.00000   0.00000   0.00000   0.00000   0.00000   0.00000   0.00000   0.00000   0.00000   0.00000   0.00000   0.00000   0.00000   0.00000   0.00000   0.00000   0.00000   0.03083   0.00000   0.00000   0.00000   0.00000   0.00000   0.00000   0.00000   0.00000   0.03263  58.11323  26.43603  -25.30438   0.00000  
 47  8.3559    139.975288  x:  0.02877   0.00000   0.00000   0.00000   0.00000   0.00000   0.00000   0.00000   0.00000   0.00000   0.00000   0.00000   0.00000   0.00000   0.00000   0.00000   0.00000   0.00000   0.00000   0.00000   0.02975   0.00000   0.00000   0.00000   0.00000   0.00000   0.00000   0.00000   0.00000   0.02801  90.77195  40.74991  -39.61823   0.00000  
 48  9.3043    139.962492  x:  0.03147   0.00000   0.00000   0.00000   0.00000   0.00000   0.00000   0.00000   0.00000   0.00000   0.00000   0.00000   0.00000   0.00000   0.00000   0.00000   0.00000   0.00000   0.00000   0.00000   0.03221   0.00000   0.00000   0.00000   0.00000   0.00000   0.00000   0.00000   0.00000   0.03042  123.48058  55.09551  -53.96379   0.00000  
 49 15.2177    139.951281  x:  0.02884   0.00000   0.00000   0.00000   0.00000   0.00000   0.00000   0.00000   0.00000   0.00000   0.00000   0.00000   0.00000   0.00000   0.00000   0.00000   0.00000   0.00000   0.00000   0.00000   0.03019   0.00000   0.00000   0.00000   0.00000   0.00000   0.00000   0.00000   0.00000   0.02895  204.93368  90.83327  -89.70146   0.00000  
 50 21.5621    139.948636  x:  0.02947   0.00000   0.00000   0.00000   0.00000   0.00000   0.00000   0.00000   0.00000   0.00000   0.00000   0.00000   0.00000   0.00000   0.00000   0.00000   0.00000   0.00000   0.00000   0.00000   0.03051   0.00000   0.00000   0.00000   0.00000   0.00000   0.00000   0.00000   0.00000   0.02925  223.55010  99.00000  -97.86817   0.00000  
 51 33.8144    139.948636  x:  0.02947   0.00000   0.00000   0.00000   0.00000   0.00000   0.00000   0.00000   0.00000   0.00000   0.00000   0.00000   0.00000   0.00000   0.00000   0.00000   0.00000   0.00000   0.00000   0.00000   0.03051   0.00000   0.00000   0.00000   0.00000   0.00000   0.00000   0.00000   0.00000   0.02925  223.55010  99.00000  -97.86817   0.00000  
 52 89.3206    139.948037  x:  0.03029   0.00000   0.00000   0.00000   0.00000   0.00000   0.00000   0.00000   0.00000   0.00000   0.00000   0.00000   0.00000   0.00000   0.00000   0.00000   0.00000   0.00000   0.00000   0.00000   0.03099   0.00000   0.00000   0.00000   0.00000   0.00000   0.00000   0.00000   0.00000   0.02974  223.55010  99.00000  -97.86817   0.00000  
 53  1.1335    139.948036  x:  0.03028   0.00000   0.00000   0.00000   0.00000   0.00000   0.00000   0.00000   0.00000   0.00000   0.00000   0.00000   0.00000   0.00000   0.00000   0.00000   0.00000   0.00000   0.00000   0.00000   0.03101   0.00000   0.00000   0.00000   0.00000   0.00000   0.00000   0.00000   0.00000   0.02972  223.55010  99.00000  -97.86817   0.00000  
 54  0.0334    139.948036  x:  0.03028   0.00000   0.00000   0.00000   0.00000   0.00000   0.00000   0.00000   0.00000   0.00000   0.00000   0.00000   0.00000   0.00000   0.00000   0.00000   0.00000   0.00000   0.00000   0.00000   0.03101   0.00000   0.00000   0.00000   0.00000   0.00000   0.00000   0.00000   0.00000   0.02972  223.55010  99.00000  -97.86817   0.00000  
 55  0.0013    139.948036  x:  0.03028   0.00000   0.00000   0.00000   0.00000   0.00000   0.00000   0.00000   0.00000   0.00000   0.00000   0.00000   0.00000   0.00000   0.00000   0.00000   0.00000   0.00000   0.00000   0.00000   0.03101   0.00000   0.00000   0.00000   0.00000   0.00000   0.00000   0.00000   0.00000   0.02972  223.55068  99.00000  -97.86817   0.00000  
 56  0.0001    139.948035  x:  0.03020   0.00000   0.00000   0.00000   0.00000   0.00000   0.00000   0.00000   0.00000   0.00000   0.00000   0.00000   0.00000   0.00000   0.00000   0.00000   0.00000   0.00000   0.00000   0.00000   0.03098   0.00000   0.00000   0.00000   0.00000   0.00000   0.00000   0.00010   0.00000   0.02970  223.57857  99.00000  -97.86817   0.00000  
 57  6.0819    139.948028  x:  0.02926   0.00000   0.00000   0.00000   0.00000   0.00000   0.00000   0.00000   0.00000   0.00000   0.00000   0.00000   0.00000   0.00000   0.00000   0.00000   0.00000   0.00000   0.00000   0.00000   0.03090   0.00000   0.00000   0.00000   0.00000   0.00000   0.00000   0.00090   0.00000   0.02964  223.93685  99.00000  -97.86817   0.00000  
 58  0.0448    139.947972  x:  0.02747   0.00000   0.00000   0.00000   0.00000   0.00000   0.00000   0.00000   0.00000   0.00000   0.00000   0.00000   0.00000   0.00000   0.00000   0.00000   0.00000   0.00000   0.00000   0.00000   0.03106   0.00000   0.00000   0.00000   0.00000   0.00000   0.00000   0.00294   0.00000   0.02976  224.61173  99.00000  -97.86817   0.00000  
 59  0.1050    139.947269  x:  0.00000   0.00000   0.00000   0.00000   0.00000   0.00000   0.00000   0.00000   0.00000   0.00000   0.00000   0.00000   0.00000   0.00000   0.00000   0.00000   0.00000   0.00000   0.00000   0.00000   0.03105   0.00000   0.00000   0.00000   0.00000   0.00000   0.00000   0.03040   0.00000   0.02975  234.99153  99.00000  -97.86817   0.00000  
 60  1.3161    139.947269  x:  0.00000   0.00000   0.00000   0.00000   0.00000   0.00000   0.00000   0.00000   0.00000   0.00000   0.00000   0.00000   0.00000   0.00000   0.00000   0.00000   0.00000   0.00000   0.00000   0.00000   0.03105   0.00000   0.00000   0.00000   0.00000   0.00000   0.00000   0.03040   0.00000   0.02975  234.99153  99.00000  -97.86817   0.00000  
 61 170.5794    139.947260  x:  0.00000   0.00000   0.00000   0.00000   0.00000   0.00000   0.00000   0.00000   0.00000   0.00000   0.00000   0.00000   0.00000   0.00000   0.00000   0.00000   0.00000   0.00000   0.00000   0.00000   0.03101   0.00000   0.00000   0.00000   0.00000   0.00000   0.00000   0.03028   0.00000   0.02972  234.99153  99.00000  -97.86817   0.00000  
 62  0.1366    139.947260  x:  0.00000   0.00000   0.00000   0.00000   0.00000   0.00000   0.00000   0.00000   0.00000   0.00000   0.00000   0.00000   0.00000   0.00000   0.00000   0.00000   0.00000   0.00000   0.00000   0.00000   0.03101   0.00000   0.00000   0.00000   0.00000   0.00000   0.00000   0.03028   0.00000   0.02972  234.99153  99.00000  -97.86817   0.00000  