Supplemental results for CODEML (seqf: /Users/YY/Desktop/get/branch_site/modify/modify_trim_muscle_rpl14.fa  treef: /Users/YY/Desktop/get/branch_site/16gene_topu.tree)


dN/dS (w) for site classes (K=4)

site class             0        1       2a       2b
proportion       0.80789  0.06341  0.11933  0.00937
background w     0.05851  1.00000  0.05851  1.00000
foreground w     0.05851  1.00000  2.57300  2.57300

Naive Empirical Bayes (NEB) probabilities for 4 classes
(amino acids refer to 1st sequence: NC_015113)

   1 M   0.83620 0.03510 0.12351 0.00518 ( 1)
   2 I   0.83653 0.03478 0.12356 0.00514 ( 1)
   3 Q   0.82073 0.05057 0.12123 0.00747 ( 1)
   4 P   0.81844 0.05287 0.12089 0.00781 ( 1)
   5 Q   0.81549 0.05581 0.12045 0.00824 ( 1)
   6 T   0.82165 0.04965 0.12136 0.00733 ( 1)
   7 L   0.82556 0.04574 0.12194 0.00676 ( 1)
   8 L   0.81418 0.05712 0.12026 0.00844 ( 1)
   9 N   0.83524 0.03607 0.12337 0.00533 ( 1)
  10 V   0.83374 0.03756 0.12315 0.00555 ( 1)
  11 A   0.82260 0.04871 0.12150 0.00719 ( 1)
  12 D   0.83557 0.03573 0.12342 0.00528 ( 1)
  13 N   0.82358 0.04772 0.12165 0.00705 ( 1)
  14 S   0.82234 0.04896 0.12146 0.00723 ( 1)
  15 G   0.82098 0.05032 0.12126 0.00743 ( 1)
  16 A   0.83547 0.03584 0.12340 0.00529 ( 1)
  17 R   0.81777 0.05353 0.12079 0.00791 ( 1)
  18 E   0.49214 0.37917 0.07269 0.05600 ( 1)
  19 L   0.81418 0.05712 0.12026 0.00844 ( 1)
  20 M   0.83620 0.03510 0.12351 0.00518 ( 1)
  21 C   0.82188 0.04942 0.12140 0.00730 ( 1)
  22 I   0.83653 0.03478 0.12356 0.00514 ( 1)
  23 R   0.81819 0.05311 0.12085 0.00785 ( 1)
  24 I   0.82355 0.04776 0.12164 0.00705 ( 1)
  25 I   0.83840 0.03291 0.12383 0.00486 ( 1)
  26 G   0.83128 0.04003 0.12278 0.00591 ( 1)
  27 A   0.83436 0.03694 0.12324 0.00546 ( 1)
  28 S   0.82234 0.04896 0.12146 0.00723 ( 1)
  29 N   0.83524 0.03607 0.12337 0.00533 ( 1)
  30 R   0.82305 0.04825 0.12157 0.00713 ( 1)
  31 R   0.81819 0.05311 0.12085 0.00785 ( 1)
  32 Y   0.82355 0.04775 0.12164 0.00705 ( 1)
  33 A   0.83435 0.03695 0.12324 0.00546 ( 1)
  34 H   0.82511 0.04620 0.12187 0.00682 ( 1)
  35 I   0.82355 0.04776 0.12164 0.00705 ( 1)
  36 G   0.83322 0.03808 0.12307 0.00562 ( 1)
  37 D   0.82399 0.04731 0.12171 0.00699 ( 1)
  38 V   0.83539 0.03591 0.12339 0.00530 ( 1)
  39 I   0.83653 0.03478 0.12356 0.00514 ( 1)
  40 V   0.50285 0.36845 0.07427 0.05442 ( 1)
  41 A   0.83547 0.03584 0.12340 0.00529 ( 1)
  42 V   0.82237 0.04894 0.12147 0.00723 ( 1)
  43 I   0.82355 0.04776 0.12164 0.00705 ( 1)
  44 K   0.83337 0.03794 0.12309 0.00560 ( 1)
  45 E   0.47922 0.39209 0.07078 0.05791 ( 1)
  46 A   0.83380 0.03751 0.12315 0.00554 ( 1)
  47 V   0.82385 0.04745 0.12169 0.00701 ( 1)
  48 P   0.82335 0.04796 0.12161 0.00708 ( 1)
  49 N   0.83524 0.03607 0.12337 0.00533 ( 1)
  50 M   0.83620 0.03510 0.12351 0.00518 ( 1)
  51 P   0.81689 0.05441 0.12066 0.00804 ( 1)
  52 L   0.82004 0.05126 0.12112 0.00757 ( 1)
  53 A   0.05796 0.81334 0.00856 0.12013 ( 2)
  54 R   0.83161 0.03969 0.12283 0.00586 ( 1)
  55 S   0.82060 0.05070 0.12121 0.00749 ( 1)
  56 E   0.82494 0.04637 0.12185 0.00685 ( 1)
  57 V   0.82237 0.04894 0.12147 0.00723 ( 1)
  58 V   0.82225 0.04906 0.12145 0.00725 ( 1)
  59 R   0.83093 0.04038 0.12273 0.00596 ( 1)
  60 A   0.83547 0.03584 0.12340 0.00529 ( 1)
  61 V   0.83374 0.03756 0.12315 0.00555 ( 1)
  62 I   0.83653 0.03478 0.12356 0.00514 ( 1)
  63 V   0.83374 0.03756 0.12315 0.00555 ( 1)
  64 R   0.82305 0.04825 0.12157 0.00713 ( 1)
  65 T   0.83453 0.03677 0.12326 0.00543 ( 1)
  66 C   0.82188 0.04942 0.12140 0.00730 ( 1)
  67 K   0.83337 0.03794 0.12309 0.00560 ( 1)
  68 E   0.83373 0.03757 0.12314 0.00555 ( 1)
  69 L   0.81683 0.05447 0.12065 0.00805 ( 1)
  70 K   0.83337 0.03794 0.12309 0.00560 ( 1)
  71 R   0.82305 0.04825 0.12157 0.00713 ( 1)
  72 D   0.83557 0.03573 0.12342 0.00528 ( 1)
  73 N   0.82358 0.04772 0.12165 0.00705 ( 1)
  74 G   0.83322 0.03808 0.12307 0.00562 ( 1)
  75 M   0.83620 0.03510 0.12351 0.00518 ( 1)
  76 I   0.83840 0.03291 0.12383 0.00486 ( 1)
  77 I   0.83840 0.03291 0.12383 0.00486 ( 1)
  78 R   0.81819 0.05311 0.12085 0.00785 ( 1)
  79 Y   0.82341 0.04789 0.12162 0.00707 ( 1)
  80 D   0.50332 0.36799 0.07434 0.05435 ( 1)
  81 D   0.82399 0.04731 0.12171 0.00699 ( 1)
  82 N   0.83524 0.03607 0.12337 0.00533 ( 1)
  83 A   0.83547 0.03584 0.12340 0.00529 ( 1)
  84 A   0.82407 0.04723 0.12172 0.00698 ( 1)
  85 V   0.83539 0.03591 0.12339 0.00530 ( 1)
  86 V   0.82225 0.04906 0.12145 0.00725 ( 1)
  87 I   0.83653 0.03478 0.12356 0.00514 ( 1)
  88 D   0.82496 0.04635 0.12185 0.00685 ( 1)
  89 Q   0.82073 0.05057 0.12123 0.00747 ( 1)
  90 E   0.83373 0.03757 0.12314 0.00555 ( 1)
  91 G   0.83128 0.04003 0.12278 0.00591 ( 1)
  92 N   0.82505 0.04625 0.12186 0.00683 ( 1)
  93 P   0.81685 0.05445 0.12065 0.00804 ( 1)
  94 K   0.83337 0.03794 0.12309 0.00560 ( 1)
  95 G   0.83128 0.04003 0.12278 0.00591 ( 1)
  96 T   0.83453 0.03677 0.12326 0.00543 ( 1)
  97 R   0.81819 0.05311 0.12085 0.00785 ( 1)
  98 I   0.50729 0.36402 0.07493 0.05377 ( 1)
  99 F   0.82716 0.04414 0.12218 0.00652 ( 1)
 100 G   0.83322 0.03808 0.12307 0.00562 ( 1)
 101 A   0.83380 0.03751 0.12315 0.00554 ( 1)
 102 I   0.83653 0.03478 0.12356 0.00514 ( 1)
 103 A   0.82223 0.04908 0.12145 0.00725 ( 1)
 104 R   0.81681 0.05450 0.12065 0.00805 ( 1)
 105 E   0.83373 0.03757 0.12314 0.00555 ( 1)
 106 L   0.81418 0.05712 0.12026 0.00844 ( 1)
 107 R   0.83161 0.03969 0.12283 0.00586 ( 1)
 108 Q   0.81549 0.05581 0.12045 0.00824 ( 1)
 109 L   0.81814 0.05316 0.12084 0.00785 ( 1)
 110 N   0.83524 0.03607 0.12337 0.00533 ( 1)
 111 F   0.82716 0.04414 0.12218 0.00652 ( 1)
 112 T   0.83453 0.03677 0.12326 0.00543 ( 1)
 113 K   0.83337 0.03794 0.12309 0.00560 ( 1)
 114 I   0.83840 0.03291 0.12383 0.00486 ( 1)
 115 V   0.83539 0.03591 0.12339 0.00530 ( 1)
 116 S   0.82060 0.05070 0.12121 0.00749 ( 1)
 117 L   0.81814 0.05316 0.12084 0.00785 ( 1)
 118 A   0.83525 0.03606 0.12337 0.00533 ( 1)
 119 P   0.81604 0.05526 0.12053 0.00816 ( 1)
 120 E   0.82494 0.04637 0.12185 0.00685 ( 1)
 121 V   0.83374 0.03756 0.12315 0.00555 ( 1)
 122 L   0.81418 0.05712 0.12026 0.00844 ( 1)


lnL =  -640.900653

Bayes Empirical Bayes (BEB) probabilities for 4 classes (class)
(amino acids refer to 1st sequence: NC_015113)

   1 M   0.64357 0.03707 0.29990 0.01946 ( 1)
   2 I   0.64390 0.03674 0.30007 0.01929 ( 1)
   3 Q   0.62830 0.05234 0.29189 0.02747 ( 1)
   4 P   0.62607 0.05456 0.29073 0.02864 ( 1)
   5 Q   0.62323 0.05740 0.28924 0.03013 ( 1)
   6 T   0.62919 0.05145 0.29236 0.02701 ( 1)
   7 L   0.63301 0.04762 0.29436 0.02500 ( 1)
   8 L   0.62198 0.05866 0.28858 0.03078 ( 1)
   9 N   0.64260 0.03803 0.29939 0.01997 ( 1)
  10 V   0.64110 0.03954 0.29860 0.02076 ( 1)
  11 A   0.63011 0.05053 0.29284 0.02652 ( 1)
  12 D   0.64294 0.03770 0.29956 0.01980 ( 1)
  13 N   0.63107 0.04956 0.29334 0.02602 ( 1)
  14 S   0.62987 0.05077 0.29271 0.02665 ( 1)
  15 G   0.62854 0.05209 0.29202 0.02735 ( 1)
  16 A   0.64283 0.03781 0.29951 0.01985 ( 1)
  17 R   0.62543 0.05520 0.29039 0.02897 ( 1)
  18 E   0.37248 0.30816 0.16044 0.15892 ( 1)
  19 L   0.62198 0.05866 0.28858 0.03078 ( 1)
  20 M   0.64357 0.03707 0.29990 0.01946 ( 1)
  21 C   0.62941 0.05122 0.29248 0.02689 ( 1)
  22 I   0.64390 0.03674 0.30007 0.01929 ( 1)
  23 R   0.62583 0.05480 0.29060 0.02876 ( 1)
  24 I   0.63104 0.04960 0.29333 0.02604 ( 1)
  25 I   0.64578 0.03486 0.30105 0.01831 ( 1)
  26 G   0.63865 0.04199 0.29732 0.02205 ( 1)
  27 A   0.64173 0.03891 0.29893 0.02043 ( 1)
  28 S   0.62987 0.05077 0.29271 0.02665 ( 1)
  29 N   0.64260 0.03803 0.29939 0.01997 ( 1)
  30 R   0.63056 0.05008 0.29308 0.02629 ( 1)
  31 R   0.62583 0.05480 0.29060 0.02876 ( 1)
  32 Y   0.63104 0.04959 0.29333 0.02603 ( 1)
  33 A   0.64172 0.03892 0.29892 0.02044 ( 1)
  34 H   0.63256 0.04807 0.29413 0.02524 ( 1)
  35 I   0.63104 0.04960 0.29333 0.02604 ( 1)
  36 G   0.64059 0.04005 0.29833 0.02103 ( 1)
  37 D   0.63148 0.04916 0.29356 0.02581 ( 1)
  38 V   0.64276 0.03788 0.29947 0.01989 ( 1)
  39 I   0.64390 0.03674 0.30007 0.01929 ( 1)
  40 V   0.37964 0.30099 0.16396 0.15540 ( 1)
  41 A   0.64283 0.03781 0.29951 0.01985 ( 1)
  42 V   0.62989 0.05075 0.29272 0.02664 ( 1)
  43 I   0.63104 0.04960 0.29333 0.02604 ( 1)
  44 K   0.64073 0.03991 0.29841 0.02095 ( 1)
  45 E   0.36387 0.31676 0.15624 0.16312 ( 1)
  46 A   0.64116 0.03948 0.29863 0.02073 ( 1)
  47 V   0.63134 0.04930 0.29348 0.02588 ( 1)
  48 P   0.63084 0.04979 0.29322 0.02614 ( 1)
  49 N   0.64260 0.03803 0.29939 0.01997 ( 1)
  50 M   0.64357 0.03707 0.29990 0.01946 ( 1)
  51 P   0.62458 0.05605 0.28995 0.02942 ( 1)
  52 L   0.62763 0.05301 0.29154 0.02783 ( 1)
  53 A   0.08511 0.59553 0.03085 0.28851 ( 2)
  54 R   0.63898 0.04166 0.29749 0.02187 ( 1)
  55 S   0.62817 0.05246 0.29183 0.02754 ( 1)
  56 E   0.63240 0.04824 0.29404 0.02532 ( 1)
  57 V   0.62989 0.05075 0.29272 0.02664 ( 1)
  58 V   0.62977 0.05087 0.29266 0.02670 ( 1)
  59 R   0.63830 0.04233 0.29713 0.02223 ( 1)
  60 A   0.64283 0.03781 0.29951 0.01985 ( 1)
  61 V   0.64110 0.03954 0.29860 0.02076 ( 1)
  62 I   0.64390 0.03674 0.30007 0.01929 ( 1)
  63 V   0.64110 0.03954 0.29860 0.02076 ( 1)
  64 R   0.63056 0.05008 0.29308 0.02629 ( 1)
  65 T   0.64190 0.03874 0.29902 0.02034 ( 1)
  66 C   0.62941 0.05122 0.29248 0.02689 ( 1)
  67 K   0.64073 0.03991 0.29841 0.02095 ( 1)
  68 E   0.64110 0.03954 0.29860 0.02076 ( 1)
  69 L   0.62452 0.05611 0.28991 0.02945 ( 1)
  70 K   0.64073 0.03991 0.29841 0.02095 ( 1)
  71 R   0.63056 0.05008 0.29308 0.02629 ( 1)
  72 D   0.64294 0.03770 0.29956 0.01980 ( 1)
  73 N   0.63107 0.04956 0.29334 0.02602 ( 1)
  74 G   0.64059 0.04005 0.29833 0.02103 ( 1)
  75 M   0.64357 0.03707 0.29990 0.01946 ( 1)
  76 I   0.64578 0.03486 0.30105 0.01831 ( 1)
  77 I   0.64578 0.03486 0.30105 0.01831 ( 1)
  78 R   0.62583 0.05480 0.29060 0.02876 ( 1)
  79 Y   0.63090 0.04973 0.29326 0.02611 ( 1)
  80 D   0.37996 0.30068 0.16411 0.15525 ( 1)
  81 D   0.63148 0.04916 0.29356 0.02581 ( 1)
  82 N   0.64260 0.03803 0.29939 0.01997 ( 1)
  83 A   0.64283 0.03781 0.29951 0.01985 ( 1)
  84 A   0.63155 0.04908 0.29360 0.02577 ( 1)
  85 V   0.64276 0.03788 0.29947 0.01989 ( 1)
  86 V   0.62977 0.05087 0.29266 0.02670 ( 1)
  87 I   0.64390 0.03674 0.30007 0.01929 ( 1)
  88 D   0.63242 0.04822 0.29405 0.02531 ( 1)
  89 Q   0.62830 0.05234 0.29189 0.02747 ( 1)
  90 E   0.64110 0.03954 0.29860 0.02076 ( 1)
  91 G   0.63865 0.04199 0.29732 0.02205 ( 1)
  92 N   0.63251 0.04813 0.29410 0.02527 ( 1)
  93 P   0.62454 0.05609 0.28993 0.02944 ( 1)
  94 K   0.64073 0.03991 0.29841 0.02095 ( 1)
  95 G   0.63865 0.04199 0.29732 0.02205 ( 1)
  96 T   0.64190 0.03874 0.29902 0.02034 ( 1)
  97 R   0.62583 0.05480 0.29060 0.02876 ( 1)
  98 I   0.38262 0.29802 0.16542 0.15394 ( 1)
  99 F   0.63458 0.04605 0.29518 0.02418 ( 1)
 100 G   0.64059 0.04005 0.29833 0.02103 ( 1)
 101 A   0.64116 0.03948 0.29863 0.02073 ( 1)
 102 I   0.64390 0.03674 0.30007 0.01929 ( 1)
 103 A   0.62975 0.05088 0.29265 0.02671 ( 1)
 104 R   0.62450 0.05613 0.28990 0.02946 ( 1)
 105 E   0.64110 0.03954 0.29860 0.02076 ( 1)
 106 L   0.62198 0.05866 0.28858 0.03078 ( 1)
 107 R   0.63898 0.04166 0.29749 0.02187 ( 1)
 108 Q   0.62323 0.05740 0.28924 0.03013 ( 1)
 109 L   0.62579 0.05485 0.29058 0.02879 ( 1)
 110 N   0.64260 0.03803 0.29939 0.01997 ( 1)
 111 F   0.63458 0.04605 0.29518 0.02418 ( 1)
 112 T   0.64190 0.03874 0.29902 0.02034 ( 1)
 113 K   0.64073 0.03991 0.29841 0.02095 ( 1)
 114 I   0.64578 0.03486 0.30105 0.01831 ( 1)
 115 V   0.64276 0.03788 0.29947 0.01989 ( 1)
 116 S   0.62817 0.05246 0.29183 0.02754 ( 1)
 117 L   0.62579 0.05485 0.29058 0.02879 ( 1)
 118 A   0.64261 0.03802 0.29939 0.01997 ( 1)
 119 P   0.62376 0.05687 0.28952 0.02985 ( 1)
 120 E   0.63240 0.04824 0.29404 0.02532 ( 1)
 121 V   0.64110 0.03954 0.29860 0.02076 ( 1)
 122 L   0.62198 0.05866 0.28858 0.03078 ( 1)

