

TREE # 1

  0  0.0000    654.194499  x:  0.00000   0.00766   0.00245   0.00153   0.00343   0.00342   0.00152   0.00193   0.00305   0.00844   0.00308   0.00967   0.00137   0.00910   0.00098   0.00307   0.00290   0.00934   0.00994   0.00982   0.00434   0.03467   0.00949   0.04288   0.00000   0.00335   0.01020   0.02641   0.00396   0.04955   2.00000   1.09989   0.02896   0.27919   2.57308  
  1 99.0000    654.192970  x:  0.00000   0.00766   0.00245   0.00153   0.00343   0.00342   0.00152   0.00193   0.00305   0.00844   0.00308   0.00967   0.00137   0.00910   0.00098   0.00307   0.00290   0.00934   0.00994   0.00982   0.00434   0.03467   0.00949   0.04288   0.00000   0.00335   0.01020   0.02641   0.00396   0.04955   2.00000   1.09989   0.02896   0.27919   2.57308  
  2 471.3614    652.419536  x:  0.00000   0.00834   0.00148   0.00056   0.00246   0.00245   0.00051   0.00096   0.00209   0.00858   0.00211   0.00934   0.00039   0.00895   0.00000   0.00209   0.00192   0.00911   0.00955   0.00945   0.00338   0.03473   0.00921   0.04297   0.00000   0.00238   0.00974   0.02565   0.00299   0.04971   2.00003   1.09991   0.02894   0.27899   2.57308  
  3 8395.4384    651.756700  x:  0.00000   0.00809   0.00111   0.00021   0.00209   0.00207   0.00009   0.00059   0.00173   0.00856   0.00173   0.00926   0.00000   0.00893   0.00000   0.00171   0.00154   0.00907   0.00942   0.00935   0.00300   0.03484   0.00915   0.04312   0.00000   0.00200   0.00957   0.02466   0.00260   0.04992   2.00004   1.09992   0.02894   0.27879   2.57308  
  4 1387.2406    651.645958  x:  0.00000   0.00817   0.00104   0.00015   0.00202   0.00200   0.00000   0.00053   0.00167   0.00855   0.00167   0.00930   0.00000   0.00894   0.00000   0.00164   0.00146   0.00909   0.00948   0.00939   0.00293   0.03486   0.00918   0.04314   0.00000   0.00194   0.00964   0.02445   0.00253   0.04997   2.00004   1.09992   0.02893   0.27872   2.57308  
  5 823.0966    651.365576  x:  0.00000   0.00816   0.00086   0.00000   0.00184   0.00178   0.00000   0.00036   0.00153   0.00864   0.00147   0.00926   0.00000   0.00890   0.00000   0.00142   0.00123   0.00903   0.00948   0.00938   0.00271   0.03482   0.00913   0.04316   0.00000   0.00175   0.00971   0.02437   0.00231   0.05004   2.00005   1.09992   0.02894   0.27824   2.57308  
  6 193.8714    650.818072  x:  0.00000   0.00817   0.00048   0.00000   0.00146   0.00134   0.00000   0.00000   0.00124   0.00866   0.00105   0.00922   0.00000   0.00888   0.00000   0.00098   0.00076   0.00900   0.00947   0.00935   0.00226   0.03474   0.00909   0.04318   0.00000   0.00136   0.00973   0.02424   0.00184   0.05016   2.00007   1.09992   0.02894   0.27724   2.57308  
  7 16230.5019    650.202372  x:  0.00000   0.00820   0.00000   0.00000   0.00099   0.00081   0.00000   0.00000   0.00090   0.00847   0.00056   0.00910   0.00000   0.00885   0.00000   0.00043   0.00018   0.00892   0.00942   0.00925   0.00170   0.03447   0.00898   0.04326   0.00000   0.00089   0.00987   0.02409   0.00128   0.05053   2.00009   1.09991   0.02896   0.27597   2.57308  
  8 8146.9657    650.036632  x:  0.00000   0.00821   0.00000   0.00000   0.00085   0.00065   0.00000   0.00000   0.00081   0.00852   0.00041   0.00911   0.00000   0.00886   0.00000   0.00027   0.00000   0.00893   0.00941   0.00925   0.00154   0.03431   0.00900   0.04330   0.00000   0.00075   0.00984   0.02406   0.00111   0.05074   2.00010   1.09991   0.02896   0.27557   2.57308  
  9 2408.5993    649.799253  x:  0.00000   0.00821   0.00000   0.00000   0.00057   0.00038   0.00000   0.00000   0.00073   0.00847   0.00018   0.00914   0.00000   0.00873   0.00000   0.00000   0.00000   0.00878   0.00956   0.00938   0.00126   0.03442   0.00892   0.04333   0.00000   0.00051   0.00969   0.02406   0.00082   0.05104   2.00011   1.09988   0.02899   0.27481   2.57308  
 10 413.4792    649.638529  x:  0.00000   0.00822   0.00000   0.00000   0.00035   0.00016   0.00000   0.00000   0.00068   0.00848   0.00000   0.00911   0.00000   0.00875   0.00000   0.00000   0.00000   0.00879   0.00955   0.00935   0.00105   0.03454   0.00891   0.04335   0.00000   0.00032   0.00971   0.02405   0.00060   0.05120   2.00013   1.09985   0.02902   0.27423   2.57308  
 11 1205.0540    649.532840  x:  0.00000   0.00822   0.00000   0.00000   0.00019   0.00000   0.00000   0.00000   0.00064   0.00849   0.00000   0.00912   0.00000   0.00873   0.00000   0.00000   0.00000   0.00877   0.00953   0.00935   0.00089   0.03455   0.00891   0.04335   0.00000   0.00017   0.00972   0.02402   0.00043   0.05124   2.00014   1.09984   0.02904   0.27380   2.57308  
 12 3146.2607    649.438522  x:  0.00000   0.00823   0.00000   0.00000   0.00000   0.00000   0.00000   0.00000   0.00059   0.00849   0.00000   0.00911   0.00000   0.00872   0.00000   0.00000   0.00000   0.00877   0.00952   0.00934   0.00072   0.03454   0.00890   0.04335   0.00000   0.00002   0.00972   0.02398   0.00025   0.05126   2.00015   1.09982   0.02906   0.27335   2.57308  
 13 29719.0689    649.432839  x:  0.00000   0.00823   0.00000   0.00000   0.00000   0.00000   0.00000   0.00000   0.00059   0.00849   0.00000   0.00911   0.00000   0.00872   0.00000   0.00000   0.00000   0.00877   0.00952   0.00934   0.00070   0.03454   0.00890   0.04336   0.00000   0.00000   0.00972   0.02398   0.00024   0.05127   2.00015   1.09982   0.02906   0.27332   2.57308  
 14 2320.1333    649.359777  x:  0.00000   0.00823   0.00000   0.00000   0.00000   0.00000   0.00000   0.00000   0.00049   0.00850   0.00000   0.00911   0.00000   0.00872   0.00000   0.00000   0.00000   0.00875   0.00951   0.00933   0.00047   0.03454   0.00889   0.04340   0.00000   0.00000   0.00972   0.02396   0.00000   0.05129   2.00016   1.09981   0.02906   0.27292   2.57308  
 15 3608.3676    649.267961  x:  0.00000   0.00824   0.00000   0.00000   0.00000   0.00000   0.00000   0.00000   0.00029   0.00850   0.00000   0.00907   0.00000   0.00868   0.00000   0.00000   0.00000   0.00876   0.00948   0.00936   0.00000   0.03454   0.00889   0.04337   0.00000   0.00000   0.00973   0.02391   0.00000   0.05137   2.00018   1.09980   0.02908   0.27219   2.57308  
 16 3410.2636    649.219947  x:  0.00000   0.00825   0.00000   0.00000   0.00000   0.00000   0.00000   0.00000   0.00000   0.00851   0.00000   0.00909   0.00000   0.00869   0.00000   0.00000   0.00000   0.00872   0.00948   0.00931   0.00000   0.03453   0.00888   0.04327   0.00000   0.00000   0.00973   0.02385   0.00000   0.05146   2.00020   1.09979   0.02909   0.27139   2.57308  
 17 1762.8125    649.109654  x:  0.00000   0.00829   0.00000   0.00000   0.00000   0.00000   0.00000   0.00000   0.00000   0.00853   0.00000   0.01063   0.00000   0.00727   0.00000   0.00000   0.00000   0.01083   0.00985   0.00820   0.00000   0.03451   0.00656   0.04305   0.00000   0.00000   0.00971   0.02350   0.00000   0.05182   2.00149   1.10117   0.02772   0.25922   2.57307  
 18 34.7129    644.818784  x:  0.00000   0.00898   0.00000   0.00000   0.00000   0.00000   0.00000   0.00000   0.00000   0.00954   0.00000   0.00965   0.00000   0.00718   0.00000   0.00000   0.00000   0.01017   0.01001   0.00723   0.00000   0.03461   0.00548   0.04679   0.00000   0.00000   0.00940   0.01899   0.00000   0.05459   2.03317   1.13724  -0.00816   0.00000   2.57304  
 19 141.3644    643.412596  x:  0.00000   0.00927   0.00000   0.00000   0.00000   0.00000   0.00000   0.00000   0.00000   0.00922   0.00000   0.01145   0.00000   0.00570   0.00000   0.00000   0.00000   0.01014   0.00816   0.00634   0.00000   0.03684   0.00582   0.04197   0.00000   0.00000   0.00947   0.01623   0.00000   0.06686   2.38109   1.48451  -0.35523   0.00000   2.57299  
 20  5.7760    643.110167  x:  0.00000   0.00936   0.00000   0.00000   0.00000   0.00000   0.00000   0.00000   0.00000   0.00910   0.00000   0.01207   0.00000   0.00522   0.00000   0.00000   0.00000   0.01014   0.00750   0.00605   0.00000   0.03763   0.00596   0.03995   0.00000   0.00000   0.00944   0.01518   0.00000   0.07104   2.51935   1.61395  -0.48460   0.04434   2.57298  
 21 71.7943    642.352251  x:  0.00000   0.00868   0.00000   0.00000   0.00000   0.00000   0.00000   0.00000   0.00000   0.00927   0.00000   0.00923   0.00000   0.00849   0.00000   0.00000   0.00000   0.01059   0.00998   0.00746   0.00000   0.03441   0.00562   0.03037   0.00000   0.00000   0.00736   0.01446   0.00000   0.05454   2.87373   1.69194  -0.56287   0.05115   2.57307  
 22  2.8787    642.329924  x:  0.00242   0.00868   0.00000   0.00000   0.00000   0.00000   0.00000   0.00000   0.00000   0.00927   0.00000   0.00921   0.00000   0.00851   0.00000   0.00000   0.00000   0.01059   0.01000   0.00748   0.00000   0.03438   0.00562   0.03030   0.00000   0.00000   0.00735   0.01446   0.00000   0.05440   2.87709   1.69261  -0.56355   0.05121   2.57307  
 23 33.5966    641.585023  x:  0.00000   0.00839   0.00000   0.00000   0.00000   0.00000   0.00000   0.00000   0.00000   0.00811   0.00000   0.00889   0.00000   0.00873   0.00000   0.00000   0.00000   0.00827   0.00858   0.00854   0.00000   0.03242   0.00789   0.04043   0.00000   0.00000   0.00849   0.01685   0.00000   0.04554   3.30923   1.70748  -0.57879   0.05390   2.57318  
 24  2.6631    641.464704  x:  0.00000   0.00839   0.00000   0.00000   0.00000   0.00000   0.00000   0.00000   0.00000   0.00713   0.00000   0.00829   0.00000   0.00972   0.00000   0.00000   0.00000   0.00862   0.00940   0.00877   0.00000   0.03070   0.00789   0.04268   0.00000   0.00000   0.00849   0.01961   0.00000   0.05228   3.50279   1.70964  -0.58088   0.05596   2.57315  
 25  1.1789    641.289217  x:  0.00000   0.00780   0.00000   0.00000   0.00000   0.00000   0.00000   0.00000   0.00000   0.00951   0.00000   0.00888   0.00000   0.00917   0.00000   0.00000   0.00000   0.00882   0.00900   0.00977   0.00000   0.03739   0.00918   0.04349   0.00000   0.00000   0.00814   0.02045   0.00000   0.05448   3.87628   1.69248  -0.56367   0.05288   2.57311  
 26  1.2414    641.078473  x:  0.00000   0.00873   0.00000   0.00000   0.00000   0.00000   0.00000   0.00000   0.00000   0.00706   0.00000   0.00826   0.00000   0.00794   0.00000   0.00000   0.00000   0.00902   0.00701   0.00873   0.00000   0.03618   0.01055   0.04178   0.00000   0.00000   0.00771   0.01756   0.00000   0.05283   4.40207   1.74656  -0.61789   0.05096   2.57319  
 27  0.6372    641.006120  x:  0.00000   0.00815   0.00000   0.00000   0.00000   0.00000   0.00000   0.00000   0.00000   0.00797   0.00000   0.00772   0.00000   0.00735   0.00000   0.00000   0.00000   0.00822   0.00792   0.00856   0.00000   0.03417   0.01032   0.04141   0.00000   0.00000   0.00980   0.01683   0.00000   0.05237   4.61377   1.80149  -0.67269   0.05583   2.57313  
 28  1.3423    640.942300  x:  0.00000   0.00885   0.00000   0.00000   0.00000   0.00000   0.00000   0.00000   0.00000   0.00855   0.00000   0.00865   0.00000   0.00849   0.00000   0.00000   0.00000   0.00794   0.00856   0.00796   0.00000   0.03346   0.00954   0.04363   0.00000   0.00000   0.00859   0.01612   0.00000   0.05208   4.84816   1.87451  -0.74565   0.06416   2.57312  
 29  0.4779    640.940681  x:  0.00069   0.00887   0.00000   0.00000   0.00000   0.00000   0.00000   0.00000   0.00000   0.00857   0.00000   0.00867   0.00000   0.00852   0.00000   0.00000   0.00000   0.00793   0.00858   0.00795   0.00000   0.03344   0.00952   0.04369   0.00000   0.00000   0.00856   0.01610   0.00000   0.05207   4.85471   1.87654  -0.74768   0.06439   2.57312  
 30 50.3390    640.914767  x:  0.00116   0.00812   0.00000   0.00000   0.00000   0.00000   0.00000   0.00000   0.00000   0.00825   0.00000   0.00870   0.00000   0.00877   0.00000   0.00000   0.00000   0.00832   0.00829   0.00885   0.00000   0.03388   0.00851   0.04382   0.00000   0.00000   0.00860   0.01561   0.00000   0.05238   5.06876   1.88013  -0.75118   0.06179   2.57308  
 31  0.2604    640.906057  x:  0.00049   0.00845   0.00000   0.00000   0.00000   0.00000   0.00000   0.00000   0.00000   0.00836   0.00000   0.00808   0.00000   0.00839   0.00000   0.00000   0.00000   0.00839   0.00836   0.00853   0.00000   0.03415   0.00831   0.04344   0.00000   0.00000   0.00828   0.01625   0.00000   0.05188   5.18741   1.87847  -0.74941   0.06002   2.57304  
 32  0.2301    640.903499  x:  0.00022   0.00840   0.00000   0.00000   0.00000   0.00000   0.00000   0.00000   0.00000   0.00829   0.00000   0.00843   0.00000   0.00825   0.00000   0.00000   0.00000   0.00839   0.00836   0.00827   0.00000   0.03412   0.00836   0.04293   0.00000   0.00000   0.00839   0.01653   0.00000   0.05207   5.25472   1.86822  -0.73912   0.05862   2.57302  
 33  0.1135    640.901905  x:  0.00005   0.00844   0.00000   0.00000   0.00000   0.00000   0.00000   0.00000   0.00000   0.00838   0.00000   0.00834   0.00000   0.00826   0.00000   0.00000   0.00000   0.00830   0.00823   0.00833   0.00000   0.03410   0.00837   0.04274   0.00000   0.00000   0.00839   0.01671   0.00000   0.05279   5.30803   1.86453  -0.73538   0.05982   2.57300  
 34  0.0438    640.901425  x:  0.00000   0.00839   0.00000   0.00000   0.00000   0.00000   0.00000   0.00000   0.00000   0.00835   0.00000   0.00832   0.00000   0.00829   0.00000   0.00000   0.00000   0.00834   0.00831   0.00831   0.00000   0.03415   0.00840   0.04277   0.00000   0.00000   0.00836   0.01674   0.00000   0.05281   5.31919   1.85954  -0.73038   0.05972   2.57300  
 35  0.0296    640.901011  x:  0.00000   0.00841   0.00000   0.00000   0.00000   0.00000   0.00000   0.00000   0.00000   0.00834   0.00000   0.00832   0.00000   0.00832   0.00000   0.00000   0.00000   0.00834   0.00834   0.00834   0.00000   0.03413   0.00838   0.04282   0.00000   0.00000   0.00837   0.01698   0.00000   0.05264   5.33683   1.84812  -0.71896   0.05919   2.57300  
 36  0.0424    640.900735  x:  0.00000   0.00839   0.00000   0.00000   0.00000   0.00000   0.00000   0.00000   0.00000   0.00833   0.00000   0.00834   0.00000   0.00836   0.00000   0.00000   0.00000   0.00836   0.00838   0.00839   0.00000   0.03407   0.00839   0.04296   0.00000   0.00000   0.00834   0.01680   0.00000   0.05252   5.33848   1.84072  -0.71157   0.05873   2.57300  
 37  0.0161    640.900678  x:  0.00000   0.00839   0.00000   0.00000   0.00000   0.00000   0.00000   0.00000   0.00000   0.00832   0.00000   0.00832   0.00000   0.00837   0.00000   0.00000   0.00000   0.00834   0.00835   0.00834   0.00000   0.03413   0.00837   0.04297   0.00000   0.00000   0.00837   0.01677   0.00000   0.05248   5.33939   1.83885  -0.70969   0.05866   2.57300  
 38  0.0032    640.900654  x:  0.00000   0.00839   0.00000   0.00000   0.00000   0.00000   0.00000   0.00000   0.00000   0.00834   0.00000   0.00832   0.00000   0.00833   0.00000   0.00000   0.00000   0.00833   0.00834   0.00833   0.00000   0.03409   0.00838   0.04295   0.00000   0.00000   0.00836   0.01676   0.00000   0.05249   5.34066   1.83718  -0.70802   0.05852   2.57300  
 39  0.0037    640.900653  x:  0.00000   0.00840   0.00000   0.00000   0.00000   0.00000   0.00000   0.00000   0.00000   0.00834   0.00000   0.00832   0.00000   0.00833   0.00000   0.00000   0.00000   0.00833   0.00834   0.00833   0.00000   0.03409   0.00837   0.04295   0.00000   0.00000   0.00836   0.01676   0.00000   0.05250   5.34047   1.83700  -0.70784   0.05851   2.57300  
 40  0.0004    640.900653  x:  0.00000   0.00840   0.00000   0.00000   0.00000   0.00000   0.00000   0.00000   0.00000   0.00834   0.00000   0.00832   0.00000   0.00833   0.00000   0.00000   0.00000   0.00833   0.00834   0.00833   0.00000   0.03409   0.00837   0.04295   0.00000   0.00000   0.00836   0.01676   0.00000   0.05250   5.34000   1.83698  -0.70782   0.05851   2.57300  
 41  0.0004    640.900653  x:  0.00000   0.00840   0.00000   0.00000   0.00000   0.00000   0.00000   0.00000   0.00000   0.00834   0.00000   0.00832   0.00000   0.00833   0.00000   0.00000   0.00000   0.00833   0.00834   0.00833   0.00000   0.03409   0.00837   0.04295   0.00000   0.00000   0.00836   0.01676   0.00000   0.05250   5.33991   1.83697  -0.70781   0.05851   2.57300  