Supplemental results for CODEML (seqf: /Users/YY/Desktop/get/branch_site/modify/modify_trim_muscle_ndhJ.fa  treef: /Users/YY/Desktop/get/branch_site/16gene_topu.tree)


dN/dS (w) for site classes (K=4)

site class             0        1       2a       2b
proportion       0.84815  0.04354  0.10302  0.00529
background w     0.08575  1.00000  0.08575  1.00000
foreground w     0.08575  1.00000  2.56624  2.56624

Naive Empirical Bayes (NEB) probabilities for 4 classes
(amino acids refer to 1st sequence: NC_027834)

   1 M   0.86988 0.02181 0.10566 0.00265 ( 1)
   2 Q   0.86221 0.02948 0.10473 0.00358 ( 1)
   3 G   0.87280 0.01889 0.10601 0.00229 ( 1)
   4 R   0.69870 0.19299 0.08487 0.02344 ( 1)
   5 L   0.86159 0.03010 0.10465 0.00366 ( 1)
   6 S   0.87127 0.02042 0.10583 0.00248 ( 1)
   7 A   0.87180 0.01989 0.10589 0.00242 ( 1)
   8 W   0.86022 0.03147 0.10449 0.00382 ( 1)
   9 L   0.86288 0.02881 0.10481 0.00350 ( 1)
  10 V   0.85669 0.03500 0.10406 0.00425 ( 1)
  11 K   0.86553 0.02616 0.10513 0.00318 ( 1)
  12 H   0.87561 0.01609 0.10635 0.00195 ( 1)
  13 G   0.86575 0.02594 0.10516 0.00315 ( 1)
  14 L   0.86110 0.03059 0.10459 0.00372 ( 1)
  15 I   0.87363 0.01806 0.10611 0.00219 ( 1)
  16 H   0.87561 0.01609 0.10635 0.00195 ( 1)
  17 R   0.86561 0.02608 0.10514 0.00317 ( 1)
  18 S   0.87028 0.02141 0.10571 0.00260 ( 1)
  19 L   0.86159 0.03010 0.10465 0.00366 ( 1)
  20 G   0.86976 0.02194 0.10564 0.00266 ( 1)
  21 F   0.87511 0.01658 0.10629 0.00201 ( 1)
  22 D   0.87670 0.01499 0.10649 0.00182 ( 1)
  23 Y   0.85699 0.03470 0.10409 0.00421 ( 1)
  24 Q   0.86527 0.02642 0.10510 0.00321 ( 1)
  25 G   0.86575 0.02594 0.10516 0.00315 ( 1)
  26 I   0.86979 0.02190 0.10565 0.00266 ( 1)
  27 E   0.86921 0.02248 0.10558 0.00273 ( 1)
  28 T   0.87035 0.02135 0.10572 0.00259 ( 1)
  29 L   0.86288 0.02881 0.10481 0.00350 ( 1)
  30 Q   0.86540 0.02629 0.10511 0.00319 ( 1)
  31 I   0.86979 0.02190 0.10565 0.00266 ( 1)
  32 K   0.86924 0.02245 0.10558 0.00273 ( 1)
  33 P   0.85517 0.03652 0.10387 0.00444 ( 1)
  34 E   0.86636 0.02533 0.10523 0.00308 ( 1)
  35 D   0.87670 0.01499 0.10649 0.00182 ( 1)
  36 W   0.86022 0.03147 0.10449 0.00382 ( 1)
  37 H   0.87561 0.01609 0.10635 0.00195 ( 1)
  38 S   0.85585 0.03585 0.10396 0.00435 ( 1)
  39 I   0.87363 0.01806 0.10611 0.00219 ( 1)
  40 A   0.87180 0.01989 0.10589 0.00242 ( 1)
  41 V   0.85669 0.03500 0.10406 0.00425 ( 1)
  42 I   0.87363 0.01806 0.10611 0.00219 ( 1)
  43 L   0.15806 0.73363 0.01920 0.08911 ( 2)
  44 Y   0.87364 0.01805 0.10612 0.00219 ( 1)
  45 I   0.86979 0.02190 0.10565 0.00266 ( 1)
  46 Y   0.87364 0.01805 0.10612 0.00219 ( 1)
  47 G   0.87280 0.01889 0.10601 0.00229 ( 1)
  48 Y   0.85699 0.03470 0.10409 0.00421 ( 1)
  49 N   0.87609 0.01561 0.10641 0.00190 ( 1)
  50 Y   0.87364 0.01805 0.10612 0.00219 ( 1)
  51 L   0.63215 0.25954 0.07678 0.03152 ( 1)
  52 R   0.85569 0.03600 0.10394 0.00437 ( 1)
  53 S   0.85585 0.03585 0.10396 0.00435 ( 1)
  54 Q   0.86540 0.02629 0.10511 0.00319 ( 1)
  55 C   0.87300 0.01869 0.10604 0.00227 ( 1)
  56 A   0.86041 0.03128 0.10451 0.00380 ( 1)
  57 Y   0.87364 0.01805 0.10612 0.00219 ( 1)
  58 D   0.87656 0.01513 0.10647 0.00184 ( 1)
  59 L   0.66686 0.22483 0.08100 0.02731 ( 1)
  60 A   0.86621 0.02548 0.10521 0.00310 ( 1)
  61 P   0.86419 0.02750 0.10497 0.00334 ( 1)
  62 G   0.87219 0.01951 0.10594 0.00237 ( 1)
  63 G   0.86575 0.02594 0.10516 0.00315 ( 1)
  64 L   0.85780 0.03389 0.10419 0.00412 ( 1)
  65 L   0.86288 0.02881 0.10481 0.00350 ( 1)
  66 A   0.87180 0.01989 0.10589 0.00242 ( 1)
  67 S   0.87299 0.01870 0.10604 0.00227 ( 1)
  68 V   0.86257 0.02912 0.10477 0.00354 ( 1)
  69 Y   0.87278 0.01892 0.10601 0.00230 ( 1)
  70 H   0.87561 0.01609 0.10635 0.00195 ( 1)
  71 L   0.86969 0.02201 0.10564 0.00267 ( 1)
  72 T   0.86063 0.03106 0.10454 0.00377 ( 1)
  73 R   0.86561 0.02608 0.10514 0.00317 ( 1)
  74 I   0.86979 0.02190 0.10565 0.00266 ( 1)
  75 E   0.86636 0.02533 0.10523 0.00308 ( 1)
  76 Y   0.71651 0.17518 0.08703 0.02128 ( 1)
  77 D   0.60523 0.28646 0.07351 0.03479 ( 1)
  78 V   0.86257 0.02912 0.10477 0.00354 ( 1)
  79 D   0.87670 0.01499 0.10649 0.00182 ( 1)
  80 Q   0.86540 0.02629 0.10511 0.00319 ( 1)
  81 P   0.86443 0.02727 0.10500 0.00331 ( 1)
  82 E   0.87014 0.02155 0.10569 0.00262 ( 1)
  83 E   0.86663 0.02506 0.10526 0.00304 ( 1)
  84 V   0.86716 0.02454 0.10533 0.00298 ( 1)
  85 C   0.85759 0.03410 0.10417 0.00414 ( 1)
  86 I   0.86979 0.02190 0.10565 0.00266 ( 1)
  87 K   0.86924 0.02245 0.10558 0.00273 ( 1)
  88 V   0.86754 0.02415 0.10537 0.00293 ( 1)
  89 F   0.87511 0.01658 0.10629 0.00201 ( 1)
  90 A   0.59847 0.29322 0.07269 0.03562 ( 1)
  91 P   0.64405 0.24764 0.07823 0.03008 ( 1)
  92 R   0.86301 0.02868 0.10482 0.00348 ( 1)
  93 K   0.66601 0.22569 0.08090 0.02741 ( 1)
  94 N   0.87609 0.01561 0.10641 0.00190 ( 1)
  95 P   0.86973 0.02196 0.10564 0.00267 ( 1)
  96 R   0.86039 0.03130 0.10451 0.00380 ( 1)
  97 I   0.87363 0.01806 0.10611 0.00219 ( 1)
  98 P   0.86021 0.03148 0.10449 0.00382 ( 1)
  99 S   0.87085 0.02084 0.10578 0.00253 ( 1)
 100 V   0.87302 0.01867 0.10604 0.00227 ( 1)
 101 F   0.86104 0.03066 0.10459 0.00372 ( 1)
 102 W   0.86022 0.03147 0.10449 0.00382 ( 1)
 103 V   0.87302 0.01867 0.10604 0.00227 ( 1)
 104 W   0.86022 0.03147 0.10449 0.00382 ( 1)
 105 K   0.86924 0.02245 0.10558 0.00273 ( 1)
 106 S   0.71301 0.17868 0.08660 0.02170 ( 1)
 107 V   0.86257 0.02912 0.10477 0.00354 ( 1)
 108 D   0.87670 0.01499 0.10649 0.00182 ( 1)
 109 F   0.87511 0.01658 0.10629 0.00201 ( 1)
 110 Q   0.86540 0.02629 0.10511 0.00319 ( 1)
 111 E   0.86977 0.02192 0.10564 0.00266 ( 1)
 112 R   0.86006 0.03163 0.10447 0.00384 ( 1)
 113 E   0.86722 0.02448 0.10534 0.00297 ( 1)
 114 S   0.87127 0.02042 0.10583 0.00248 ( 1)
 115 F   0.72375 0.16795 0.08791 0.02040 ( 1)
 116 D   0.87670 0.01499 0.10649 0.00182 ( 1)
 117 M   0.86988 0.02181 0.10566 0.00265 ( 1)
 118 L   0.86159 0.03010 0.10465 0.00366 ( 1)
 119 G   0.86575 0.02594 0.10516 0.00315 ( 1)
 120 I   0.86979 0.02190 0.10565 0.00266 ( 1)
 121 S   0.87127 0.02042 0.10583 0.00248 ( 1)
 122 Y   0.87364 0.01805 0.10612 0.00219 ( 1)
 123 D   0.74237 0.14932 0.09017 0.01814 ( 1)
 124 N   0.87609 0.01561 0.10641 0.00190 ( 1)
 125 H   0.87561 0.01609 0.10635 0.00195 ( 1)
 126 P   0.86021 0.03148 0.10449 0.00382 ( 1)
 127 R   0.87091 0.02078 0.10578 0.00252 ( 1)
 128 L   0.86159 0.03010 0.10465 0.00366 ( 1)
 129 K   0.86924 0.02245 0.10558 0.00273 ( 1)
 130 R   0.85706 0.03463 0.10410 0.00421 ( 1)
 131 I   0.85817 0.03352 0.10424 0.00407 ( 1)
 132 L   0.86288 0.02881 0.10481 0.00350 ( 1)
 133 M   0.86988 0.02181 0.10566 0.00265 ( 1)
 134 P   0.86973 0.02196 0.10564 0.00267 ( 1)
 135 E   0.87014 0.02155 0.10569 0.00262 ( 1)
 136 S   0.87299 0.01870 0.10604 0.00227 ( 1)
 137 W   0.86022 0.03147 0.10449 0.00382 ( 1)
 138 I   0.86985 0.02184 0.10566 0.00265 ( 1)
 139 G   0.86552 0.02617 0.10513 0.00318 ( 1)
 140 W   0.86022 0.03147 0.10449 0.00382 ( 1)
 141 P   0.86973 0.02196 0.10564 0.00267 ( 1)
 142 L   0.86288 0.02881 0.10481 0.00350 ( 1)
 143 R   0.87091 0.02078 0.10578 0.00252 ( 1)
 144 K   0.86535 0.02635 0.10511 0.00320 ( 1)
 145 D   0.87670 0.01499 0.10649 0.00182 ( 1)
 146 Y   0.87364 0.01805 0.10612 0.00219 ( 1)
 147 I   0.87363 0.01806 0.10611 0.00219 ( 1)
 148 A   0.60104 0.29065 0.07301 0.03530 ( 1)
 149 P   0.85517 0.03652 0.10387 0.00444 ( 1)
 150 N   0.87609 0.01561 0.10641 0.00190 ( 1)
 151 F   0.87511 0.01658 0.10629 0.00201 ( 1)
 152 Y   0.87364 0.01805 0.10612 0.00219 ( 1)
 153 E   0.87014 0.02155 0.10569 0.00262 ( 1)
 154 I   0.86979 0.02190 0.10565 0.00266 ( 1)
 155 Q   0.86540 0.02629 0.10511 0.00319 ( 1)
 156 D   0.87670 0.01499 0.10649 0.00182 ( 1)
 157 A   0.87180 0.01989 0.10589 0.00242 ( 1)
 158 H   0.87561 0.01609 0.10635 0.00195 ( 1)


lnL =  -897.706670

Bayes Empirical Bayes (BEB) probabilities for 4 classes (class)
(amino acids refer to 1st sequence: NC_027834)

   1 M   0.64383 0.03085 0.30880 0.01652 ( 1)
   2 Q   0.63318 0.04149 0.30310 0.02223 ( 1)
   3 G   0.64793 0.02674 0.31100 0.01432 ( 1)
   4 R   0.39934 0.27534 0.17842 0.14690 ( 1)
   5 L   0.63233 0.04235 0.30264 0.02269 ( 1)
   6 S   0.64578 0.02890 0.30984 0.01548 ( 1)
   7 A   0.64652 0.02816 0.31024 0.01508 ( 1)
   8 W   0.63045 0.04422 0.30163 0.02369 ( 1)
   9 L   0.63411 0.04057 0.30359 0.02173 ( 1)
  10 V   0.62564 0.04904 0.29906 0.02627 ( 1)
  11 K   0.63778 0.03690 0.30556 0.01977 ( 1)
  12 H   0.65189 0.02279 0.31312 0.01220 ( 1)
  13 G   0.63808 0.03660 0.30572 0.01961 ( 1)
  14 L   0.63166 0.04301 0.30228 0.02304 ( 1)
  15 I   0.64910 0.02558 0.31162 0.01370 ( 1)
  16 H   0.65189 0.02279 0.31312 0.01220 ( 1)
  17 R   0.63789 0.03679 0.30562 0.01971 ( 1)
  18 S   0.64439 0.03029 0.30910 0.01623 ( 1)
  19 L   0.63233 0.04235 0.30264 0.02269 ( 1)
  20 G   0.64366 0.03102 0.30870 0.01662 ( 1)
  21 F   0.65119 0.02349 0.31274 0.01258 ( 1)
  22 D   0.65344 0.02124 0.31395 0.01137 ( 1)
  23 Y   0.62605 0.04862 0.29928 0.02605 ( 1)
  24 Q   0.63741 0.03726 0.30536 0.01996 ( 1)
  25 G   0.63808 0.03660 0.30572 0.01961 ( 1)
  26 I   0.64370 0.03098 0.30873 0.01659 ( 1)
  27 E   0.64290 0.03178 0.30830 0.01702 ( 1)
  28 T   0.64448 0.03020 0.30915 0.01618 ( 1)
  29 L   0.63411 0.04057 0.30359 0.02173 ( 1)
  30 Q   0.63758 0.03709 0.30545 0.01987 ( 1)
  31 I   0.64370 0.03098 0.30873 0.01659 ( 1)
  32 K   0.64293 0.03175 0.30832 0.01701 ( 1)
  33 P   0.62358 0.05109 0.29796 0.02737 ( 1)
  34 E   0.63892 0.03576 0.30617 0.01916 ( 1)
  35 D   0.65344 0.02124 0.31395 0.01137 ( 1)
  36 W   0.63045 0.04422 0.30163 0.02369 ( 1)
  37 H   0.65189 0.02279 0.31312 0.01220 ( 1)
  38 S   0.62450 0.05018 0.29845 0.02688 ( 1)
  39 I   0.64910 0.02558 0.31162 0.01370 ( 1)
  40 A   0.64652 0.02816 0.31024 0.01508 ( 1)
  41 V   0.62564 0.04904 0.29906 0.02627 ( 1)
  42 I   0.64910 0.02558 0.31162 0.01370 ( 1)
  43 L   0.07272 0.60195 0.02483 0.30050 ( 2)
  44 Y   0.64912 0.02556 0.31163 0.01369 ( 1)
  45 I   0.64370 0.03098 0.30873 0.01659 ( 1)
  46 Y   0.64912 0.02556 0.31163 0.01369 ( 1)
  47 G   0.64793 0.02674 0.31100 0.01432 ( 1)
  48 Y   0.62605 0.04862 0.29928 0.02605 ( 1)
  49 N   0.65257 0.02211 0.31348 0.01184 ( 1)
  50 Y   0.64912 0.02556 0.31163 0.01369 ( 1)
  51 L   0.34001 0.33466 0.14834 0.17699 ( 1)
  52 R   0.62428 0.05039 0.29833 0.02700 ( 1)
  53 S   0.62450 0.05018 0.29845 0.02688 ( 1)
  54 Q   0.63758 0.03709 0.30545 0.01987 ( 1)
  55 C   0.64821 0.02647 0.31114 0.01418 ( 1)
  56 A   0.63071 0.04397 0.30177 0.02355 ( 1)
  57 Y   0.64912 0.02556 0.31163 0.01369 ( 1)
  58 D   0.65324 0.02144 0.31384 0.01148 ( 1)
  59 L   0.36962 0.30506 0.16325 0.16207 ( 1)
  60 A   0.63871 0.03597 0.30606 0.01927 ( 1)
  61 P   0.63592 0.03876 0.30456 0.02076 ( 1)
  62 G   0.64706 0.02762 0.31053 0.01479 ( 1)
  63 G   0.63808 0.03660 0.30572 0.01961 ( 1)
  64 L   0.62715 0.04753 0.29987 0.02546 ( 1)
  65 L   0.63411 0.04057 0.30359 0.02173 ( 1)
  66 A   0.64652 0.02816 0.31024 0.01508 ( 1)
  67 S   0.64820 0.02648 0.31114 0.01418 ( 1)
  68 V   0.63368 0.04099 0.30336 0.02196 ( 1)
  69 Y   0.64790 0.02678 0.31098 0.01434 ( 1)
  70 H   0.65189 0.02279 0.31312 0.01220 ( 1)
  71 L   0.64355 0.03112 0.30866 0.01667 ( 1)
  72 T   0.63101 0.04366 0.30194 0.02339 ( 1)
  73 R   0.63789 0.03679 0.30562 0.01971 ( 1)
  74 I   0.64370 0.03098 0.30873 0.01659 ( 1)
  75 E   0.63892 0.03576 0.30617 0.01916 ( 1)
  76 Y   0.41725 0.25743 0.18765 0.13767 ( 1)
  77 D   0.31873 0.35594 0.13775 0.18758 ( 2)
  78 V   0.63368 0.04099 0.30336 0.02196 ( 1)
  79 D   0.65344 0.02124 0.31395 0.01137 ( 1)
  80 Q   0.63758 0.03709 0.30545 0.01987 ( 1)
  81 P   0.63624 0.03844 0.30473 0.02059 ( 1)
  82 E   0.64419 0.03049 0.30899 0.01633 ( 1)
  83 E   0.63929 0.03538 0.30637 0.01895 ( 1)
  84 V   0.64003 0.03465 0.30676 0.01856 ( 1)
  85 C   0.62687 0.04780 0.29972 0.02561 ( 1)
  86 I   0.64370 0.03098 0.30873 0.01659 ( 1)
  87 K   0.64293 0.03175 0.30832 0.01701 ( 1)
  88 V   0.64056 0.03411 0.30705 0.01827 ( 1)
  89 F   0.65119 0.02349 0.31274 0.01258 ( 1)
  90 A   0.31360 0.36107 0.13522 0.19011 ( 2)
  91 P   0.34985 0.32482 0.15327 0.17205 ( 1)
  92 R   0.63428 0.04039 0.30368 0.02164 ( 1)
  93 K   0.36887 0.30581 0.16287 0.16245 ( 1)
  94 N   0.65257 0.02211 0.31348 0.01184 ( 1)
  95 P   0.64362 0.03105 0.30869 0.01663 ( 1)
  96 R   0.63069 0.04398 0.30176 0.02356 ( 1)
  97 I   0.64910 0.02558 0.31162 0.01370 ( 1)
  98 P   0.63044 0.04423 0.30163 0.02370 ( 1)
  99 S   0.64519 0.02949 0.30953 0.01580 ( 1)
 100 V   0.64824 0.02643 0.31116 0.01416 ( 1)
 101 F   0.63157 0.04310 0.30223 0.02309 ( 1)
 102 W   0.63045 0.04422 0.30163 0.02369 ( 1)
 103 V   0.64824 0.02643 0.31116 0.01416 ( 1)
 104 W   0.63045 0.04422 0.30163 0.02369 ( 1)
 105 K   0.64293 0.03175 0.30832 0.01701 ( 1)
 106 S   0.41364 0.26104 0.18578 0.13954 ( 1)
 107 V   0.63368 0.04099 0.30336 0.02196 ( 1)
 108 D   0.65344 0.02124 0.31395 0.01137 ( 1)
 109 F   0.65119 0.02349 0.31274 0.01258 ( 1)
 110 Q   0.63758 0.03709 0.30545 0.01987 ( 1)
 111 E   0.64368 0.03100 0.30872 0.01661 ( 1)
 112 R   0.63023 0.04444 0.30152 0.02381 ( 1)
 113 E   0.64011 0.03456 0.30681 0.01852 ( 1)
 114 S   0.64578 0.02890 0.30984 0.01548 ( 1)
 115 F   0.42481 0.24987 0.19156 0.13376 ( 1)
 116 D   0.65344 0.02124 0.31395 0.01137 ( 1)
 117 M   0.64383 0.03085 0.30880 0.01652 ( 1)
 118 L   0.63233 0.04235 0.30264 0.02269 ( 1)
 119 G   0.63808 0.03660 0.30572 0.01961 ( 1)
 120 I   0.64370 0.03098 0.30873 0.01659 ( 1)
 121 S   0.64578 0.02890 0.30984 0.01548 ( 1)
 122 Y   0.64912 0.02556 0.31163 0.01369 ( 1)
 123 D   0.44509 0.22959 0.20212 0.12320 ( 1)
 124 N   0.65257 0.02211 0.31348 0.01184 ( 1)
 125 H   0.65189 0.02279 0.31312 0.01220 ( 1)
 126 P   0.63044 0.04423 0.30163 0.02370 ( 1)
 127 R   0.64528 0.02940 0.30957 0.01575 ( 1)
 128 L   0.63233 0.04235 0.30264 0.02269 ( 1)
 129 K   0.64293 0.03175 0.30832 0.01701 ( 1)
 130 R   0.62615 0.04852 0.29933 0.02599 ( 1)
 131 I   0.62765 0.04702 0.30014 0.02519 ( 1)
 132 L   0.63411 0.04057 0.30359 0.02173 ( 1)
 133 M   0.64383 0.03085 0.30880 0.01652 ( 1)
 134 P   0.64362 0.03105 0.30869 0.01663 ( 1)
 135 E   0.64419 0.03049 0.30899 0.01633 ( 1)
 136 S   0.64820 0.02648 0.31114 0.01418 ( 1)
 137 W   0.63045 0.04422 0.30163 0.02369 ( 1)
 138 I   0.64379 0.03088 0.30878 0.01654 ( 1)
 139 G   0.63775 0.03692 0.30554 0.01978 ( 1)
 140 W   0.63045 0.04422 0.30163 0.02369 ( 1)
 141 P   0.64362 0.03105 0.30869 0.01663 ( 1)
 142 L   0.63411 0.04057 0.30359 0.02173 ( 1)
 143 R   0.64528 0.02940 0.30957 0.01575 ( 1)
 144 K   0.63751 0.03716 0.30542 0.01991 ( 1)
 145 D   0.65344 0.02124 0.31395 0.01137 ( 1)
 146 Y   0.64912 0.02556 0.31163 0.01369 ( 1)
 147 I   0.64910 0.02558 0.31162 0.01370 ( 1)
 148 A   0.31554 0.35913 0.13617 0.18915 ( 2)
 149 P   0.62358 0.05109 0.29796 0.02737 ( 1)
 150 N   0.65257 0.02211 0.31348 0.01184 ( 1)
 151 F   0.65119 0.02349 0.31274 0.01258 ( 1)
 152 Y   0.64912 0.02556 0.31163 0.01369 ( 1)
 153 E   0.64419 0.03049 0.30899 0.01633 ( 1)
 154 I   0.64370 0.03098 0.30873 0.01659 ( 1)
 155 Q   0.63758 0.03709 0.30545 0.01987 ( 1)
 156 D   0.65344 0.02124 0.31395 0.01137 ( 1)
 157 A   0.64652 0.02816 0.31024 0.01508 ( 1)
 158 H   0.65189 0.02279 0.31312 0.01220 ( 1)

