

TREE # 1

  0  0.0000    963.826871  x:  0.00000   0.01052   0.03766   0.02386   0.04082   0.04069   0.02053   0.02770   0.04444   0.01554   0.03051   0.01512   0.01414   0.01311   0.01172   0.04397   0.03373   0.02164   0.03335   0.02210   0.04529   0.03105   0.00779   0.03295   0.00351   0.05382   0.03961   0.04088   0.05204   0.03167   2.00000   1.09989   0.02896   0.27919   2.57308  
  1 99.0000    963.819795  x:  0.00000   0.01051   0.03766   0.02386   0.04081   0.04069   0.02053   0.02770   0.04444   0.01553   0.03051   0.01512   0.01414   0.01311   0.01172   0.04397   0.03372   0.02164   0.03334   0.02210   0.04529   0.03105   0.00779   0.03296   0.00351   0.05382   0.03961   0.04088   0.05204   0.03167   2.00000   1.09989   0.02896   0.27919   2.57308  
  2 554.4502    956.560770  x:  0.00000   0.00976   0.03498   0.02368   0.03731   0.03716   0.01682   0.02556   0.04170   0.01472   0.02699   0.01158   0.01059   0.01281   0.00822   0.04194   0.03019   0.02110   0.03093   0.01984   0.04222   0.03006   0.00426   0.03297   0.00000   0.05230   0.03869   0.04047   0.04982   0.03166   2.00006   1.10001   0.02885   0.27854   2.57308  
  3 11216.0564    947.681497  x:  0.00000   0.00804   0.03119   0.02351   0.03299   0.03285   0.01225   0.02198   0.03786   0.01341   0.02266   0.00722   0.00622   0.01320   0.00395   0.03885   0.02586   0.02031   0.02722   0.01631   0.03826   0.02817   0.00000   0.03214   0.00000   0.05005   0.03704   0.04055   0.04658   0.03043   2.00011   1.10007   0.02879   0.27599   2.57308  
  4 15449.3399    940.146001  x:  0.00000   0.01137   0.02763   0.02325   0.02899   0.02888   0.00799   0.01902   0.03377   0.01440   0.01864   0.00317   0.00217   0.01262   0.00000   0.03564   0.02188   0.02047   0.02348   0.01413   0.03446   0.02705   0.00000   0.03241   0.00000   0.04786   0.03563   0.04138   0.04306   0.03166   2.00011   1.09995   0.02894   0.26954   2.57307  
  5 1946.1248    937.150144  x:  0.00000   0.01142   0.02632   0.02326   0.02685   0.02676   0.00565   0.01964   0.03229   0.01414   0.01648   0.00101   0.00000   0.01256   0.00000   0.03506   0.01975   0.02047   0.02302   0.01350   0.03272   0.02781   0.00000   0.03265   0.00000   0.04741   0.03600   0.04114   0.04197   0.03135   2.00012   1.09988   0.02903   0.26567   2.57307  
  6 1329.6636    935.991530  x:  0.00000   0.01131   0.02597   0.02321   0.02586   0.02577   0.00449   0.01961   0.03190   0.01415   0.01548   0.00000   0.00000   0.01260   0.00000   0.03500   0.01875   0.02039   0.02302   0.01344   0.03193   0.02781   0.00000   0.03244   0.00000   0.04723   0.03610   0.04107   0.04172   0.03151   2.00012   1.09986   0.02906   0.26403   2.57307  
  7 4593.2681    932.262276  x:  0.00000   0.01108   0.02501   0.02317   0.02215   0.02203   0.00000   0.01910   0.03086   0.01403   0.01171   0.00000   0.00000   0.01250   0.00000   0.03483   0.01500   0.02028   0.02296   0.01343   0.02907   0.02761   0.00000   0.03257   0.00000   0.04655   0.03617   0.04096   0.04111   0.03127   2.00012   1.09981   0.02913   0.25819   2.57306  
  8 16024.2077    923.358176  x:  0.00000   0.01036   0.02418   0.02331   0.01068   0.01013   0.00000   0.01847   0.03067   0.01208   0.00000   0.00000   0.00000   0.01359   0.00000   0.03227   0.00311   0.02058   0.01928   0.01209   0.02267   0.03021   0.00000   0.03177   0.00000   0.04457   0.03491   0.04186   0.04042   0.03263   2.00006   1.09994   0.02898   0.24342   2.57309  
  9 3398.4385    921.558698  x:  0.00000   0.01005   0.02410   0.02311   0.00774   0.00702   0.00000   0.01855   0.03070   0.01267   0.00000   0.00000   0.00000   0.01304   0.00000   0.03149   0.00000   0.02013   0.01847   0.01132   0.02152   0.03044   0.00000   0.03146   0.00000   0.04404   0.03505   0.04181   0.04011   0.03250   2.00003   1.10004   0.02886   0.24042   2.57310  
 10 2501.4243    918.678530  x:  0.00000   0.01054   0.02381   0.02299   0.00117   0.00000   0.00000   0.01847   0.03007   0.01196   0.00000   0.00000   0.00000   0.01325   0.00000   0.03037   0.00000   0.01972   0.01826   0.00977   0.01951   0.02975   0.00000   0.03120   0.00000   0.04290   0.03590   0.04115   0.03890   0.03248   1.99996   1.10037   0.02847   0.23557   2.57314  
 11 1731.7442    918.362910  x:  0.00000   0.01044   0.02369   0.02302   0.00000   0.00000   0.00000   0.01837   0.02984   0.01202   0.00000   0.00000   0.00000   0.01327   0.00000   0.03035   0.00000   0.01982   0.01826   0.00965   0.01915   0.02981   0.00000   0.03122   0.00000   0.04277   0.03583   0.04111   0.03869   0.03252   1.99995   1.10044   0.02840   0.23493   2.57314  
 12 1408.8196    913.084416  x:  0.00000   0.01016   0.01726   0.02023   0.00000   0.00000   0.00000   0.01491   0.01929   0.00802   0.00000   0.00000   0.00000   0.00936   0.00000   0.03154   0.00000   0.01338   0.01445   0.01460   0.00000   0.03476   0.00000   0.02781   0.00000   0.03931   0.03255   0.04207   0.03368   0.03091   1.99982   1.10343   0.02510   0.21638   2.57333  
 13 458.1962    911.819036  x:  0.00000   0.00595   0.00587   0.01977   0.00000   0.00000   0.00000   0.01296   0.01516   0.00938   0.00000   0.00000   0.00000   0.01342   0.00000   0.02806   0.00000   0.01084   0.00608   0.02516   0.00000   0.03445   0.00000   0.03091   0.00000   0.03298   0.04051   0.04209   0.03655   0.03192   2.00035   1.10655   0.02187   0.21016   2.57341  
 14 110.5980    911.539363  x:  0.00000   0.00509   0.00126   0.01985   0.00000   0.00000   0.00000   0.01234   0.01532   0.00844   0.00000   0.00000   0.00000   0.01128   0.00000   0.02320   0.00000   0.01292   0.00770   0.02825   0.00000   0.03485   0.00000   0.02961   0.00000   0.02992   0.04169   0.04259   0.03836   0.03168   2.00085   1.10815   0.02026   0.20982   2.57341  
 15 70.8173    911.330126  x:  0.00000   0.00491   0.00395   0.02272   0.00000   0.00000   0.00000   0.01223   0.01218   0.00871   0.00000   0.00000   0.00000   0.01126   0.00000   0.01841   0.00000   0.01219   0.00827   0.02994   0.00000   0.03525   0.00000   0.02911   0.00000   0.02587   0.04038   0.03845   0.04050   0.03139   2.00272   1.11246   0.01608   0.21152   2.57337  
 16 24.1604    910.748368  x:  0.00000   0.00631   0.00298   0.01786   0.00000   0.00000   0.00000   0.01334   0.01364   0.00744   0.00000   0.00000   0.00000   0.01020   0.00000   0.01623   0.00000   0.01549   0.00498   0.02681   0.00000   0.03215   0.00000   0.02858   0.00000   0.02364   0.03630   0.02858   0.04179   0.03057   2.00999   1.12907  -0.00003   0.21953   2.57317  
 17 35.3467    909.964548  x:  0.00000   0.00761   0.00000   0.01697   0.00000   0.00000   0.00000   0.01281   0.01606   0.00740   0.00000   0.00000   0.00000   0.01122   0.00000   0.01359   0.00000   0.01249   0.00621   0.02099   0.00000   0.03137   0.00000   0.03073   0.00000   0.02295   0.03349   0.02640   0.04153   0.03117   2.01725   1.14581  -0.01632   0.22750   2.57299  
 18 161.9895    908.762847  x:  0.00000   0.00893   0.00000   0.02202   0.00000   0.00000   0.00000   0.01147   0.01669   0.00425   0.00000   0.00000   0.00000   0.00644   0.00000   0.01245   0.00000   0.01202   0.00398   0.00887   0.00000   0.02740   0.00000   0.03189   0.00000   0.02138   0.03634   0.02992   0.03843   0.03286   2.03298   1.18212  -0.05169   0.24413   2.57262  
 19 294.8276    908.286134  x:  0.00000   0.00662   0.00000   0.01654   0.00000   0.00000   0.00000   0.01075   0.01446   0.00328   0.00000   0.00000   0.00000   0.00593   0.00000   0.00916   0.00000   0.01349   0.00434   0.00957   0.00000   0.02639   0.00000   0.03359   0.00000   0.02073   0.03988   0.03471   0.03114   0.03396   2.03809   1.19396  -0.06335   0.24819   2.57254  
 20 91.1493    907.903010  x:  0.00000   0.00620   0.00000   0.01728   0.00000   0.00000   0.00000   0.01005   0.01713   0.00312   0.00000   0.00000   0.00000   0.00554   0.00000   0.01108   0.00000   0.01313   0.00447   0.01129   0.00000   0.02615   0.00000   0.03372   0.00000   0.01539   0.04035   0.03336   0.02129   0.03460   2.04453   1.20885  -0.07820   0.25318   2.57250  
 21 56.5343    907.390476  x:  0.00000   0.00619   0.00000   0.01982   0.00000   0.00000   0.00000   0.00857   0.01603   0.00329   0.00000   0.00000   0.00000   0.00540   0.00000   0.00967   0.00000   0.01326   0.00422   0.01287   0.00000   0.02351   0.00000   0.03366   0.00000   0.02032   0.04040   0.02922   0.01306   0.03563   2.05463   1.23233  -0.10172   0.26050   2.57248  
 22 123.3738    906.339111  x:  0.00000   0.00758   0.00000   0.01673   0.00000   0.00000   0.00000   0.00796   0.00627   0.00341   0.00000   0.00000   0.00000   0.00606   0.00000   0.01294   0.00000   0.01418   0.00568   0.00837   0.00000   0.01883   0.00000   0.03531   0.00000   0.01979   0.03990   0.02684   0.01160   0.03807   2.07419   1.27776  -0.14733   0.27290   2.57247  
 23 208.9434    905.130697  x:  0.00000   0.00756   0.00000   0.01887   0.00000   0.00000   0.00000   0.01338   0.00642   0.00377   0.00000   0.00000   0.00000   0.00542   0.00000   0.01330   0.00000   0.01434   0.00573   0.01317   0.00000   0.00944   0.00000   0.03854   0.00000   0.02054   0.03675   0.03061   0.01402   0.03967   2.10589   1.35043  -0.22042   0.21572   2.57261  
 24 31.8519    902.748562  x:  0.00000   0.00916   0.00000   0.01909   0.00000   0.00000   0.00000   0.00357   0.00851   0.00388   0.00000   0.00000   0.00000   0.00325   0.00000   0.01607   0.00000   0.01603   0.00718   0.01777   0.00000   0.00806   0.00000   0.04245   0.00000   0.02381   0.04465   0.02932   0.02098   0.04108   2.15959   1.47329  -0.34397   0.11544   2.57284  
 25 845.7767    901.546135  x:  0.00000   0.01150   0.00000   0.01891   0.00000   0.00000   0.00000   0.00598   0.00915   0.00452   0.00000   0.00000   0.00000   0.00280   0.00000   0.01614   0.00000   0.01607   0.00783   0.01928   0.00000   0.00872   0.00000   0.04247   0.00000   0.02440   0.04945   0.03091   0.02122   0.04250   2.19252   1.55382  -0.42438   0.05461   2.57280  
 26 75.5214    901.215196  x:  0.00000   0.01253   0.00000   0.01893   0.00000   0.00000   0.00000   0.00443   0.00966   0.00511   0.00000   0.00000   0.00000   0.00508   0.00000   0.01508   0.00000   0.01672   0.00740   0.01830   0.00000   0.00807   0.00000   0.04163   0.00000   0.02294   0.04655   0.03480   0.01983   0.03966   2.21721   1.59688  -0.46538   0.04853   2.57206  
 27  6.4441    899.805944  x:  0.00000   0.00749   0.00000   0.02022   0.00000   0.00000   0.00000   0.00344   0.00645   0.00727   0.00000   0.00000   0.00000   0.00433   0.00000   0.01519   0.00000   0.01786   0.00521   0.01786   0.00000   0.01207   0.00000   0.04724   0.00000   0.02233   0.02847   0.03959   0.02007   0.03919   2.35607   1.80325  -0.66210   0.07359   2.56837  
 28  7.0388    899.402403  x:  0.00000   0.00378   0.00000   0.02022   0.00000   0.00000   0.00000   0.00419   0.00733   0.00700   0.00000   0.00000   0.00000   0.00509   0.00000   0.01616   0.00000   0.01703   0.00525   0.01489   0.00000   0.01198   0.00000   0.04405   0.00000   0.02317   0.02859   0.03640   0.02053   0.04101   2.44009   1.85345  -0.70998   0.07910   2.56751  
 29  1.8482    899.365984  x:  0.00000   0.00308   0.00215   0.02023   0.00000   0.00000   0.00000   0.00433   0.00750   0.00695   0.00000   0.00000   0.00000   0.00523   0.00000   0.01635   0.00000   0.01688   0.00526   0.01432   0.00000   0.01196   0.00000   0.04344   0.00000   0.02333   0.02862   0.03580   0.02061   0.04136   2.45620   1.86302  -0.71910   0.08016   2.56734  
 30 345.6450    898.795653  x:  0.00000   0.00503   0.00145   0.01850   0.00000   0.00000   0.00000   0.00558   0.00970   0.00940   0.00000   0.00000   0.00000   0.00531   0.00000   0.01393   0.00000   0.01599   0.00566   0.00803   0.00000   0.01249   0.00000   0.03839   0.00000   0.02047   0.02866   0.03644   0.01706   0.04164   2.65655   1.90263  -0.75693   0.10044   2.56668  
 31  2.4215    898.360653  x:  0.00000   0.00710   0.00000   0.02117   0.00000   0.00000   0.00000   0.00676   0.00900   0.00633   0.00000   0.00000   0.00000   0.00706   0.00000   0.01447   0.00000   0.01579   0.00665   0.00864   0.00000   0.01493   0.00000   0.04071   0.00000   0.02189   0.02738   0.03157   0.01812   0.04339   2.77687   1.92708  -0.78092   0.10082   2.56650  
 32  1.1855    897.939423  x:  0.00000   0.00587   0.00199   0.02178   0.00000   0.00000   0.00000   0.00688   0.00706   0.00702   0.00000   0.00000   0.00000   0.00674   0.00000   0.01359   0.00000   0.01398   0.00688   0.00349   0.00000   0.01623   0.00000   0.04066   0.00000   0.02074   0.02918   0.02731   0.01567   0.03998   2.72650   1.93399  -0.79048   0.08510   2.56749  
 33  0.1581    897.938877  x:  0.00049   0.00585   0.00202   0.02179   0.00000   0.00000   0.00000   0.00688   0.00704   0.00702   0.00000   0.00000   0.00000   0.00673   0.00000   0.01358   0.00000   0.01396   0.00688   0.00343   0.00000   0.01624   0.00000   0.04066   0.00000   0.02073   0.02920   0.02725   0.01564   0.03994   2.72579   1.93409  -0.79061   0.08490   2.56751  
 34  3.3700    897.787584  x:  0.00192   0.00557   0.00361   0.02144   0.00000   0.00000   0.00000   0.00694   0.00634   0.00725   0.00000   0.00000   0.00000   0.00678   0.00000   0.01342   0.00000   0.01299   0.00684   0.00435   0.00000   0.01777   0.00000   0.04078   0.00000   0.02031   0.02898   0.02608   0.01402   0.04309   2.58181   1.95832  -0.81153   0.07676   2.56624  
 35  0.4775    897.743812  x:  0.00142   0.00549   0.00424   0.02107   0.00000   0.00000   0.00000   0.00708   0.00711   0.00689   0.00000   0.00000   0.00000   0.00681   0.00000   0.01397   0.00000   0.01330   0.00695   0.00379   0.00000   0.01843   0.00000   0.04213   0.00000   0.02072   0.02723   0.02638   0.01310   0.04140   2.50146   1.99893  -0.85315   0.08075   2.56662  
 36  0.2468    897.716610  x:  0.00148   0.00579   0.00431   0.02072   0.00000   0.00000   0.00000   0.00695   0.00675   0.00682   0.00000   0.00000   0.00000   0.00702   0.00000   0.01382   0.00000   0.01338   0.00684   0.00350   0.00000   0.01948   0.00000   0.04162   0.00000   0.02086   0.02774   0.02610   0.01384   0.04248   2.43445   2.05004  -0.90336   0.08711   2.56628  
 37  0.1728    897.708559  x:  0.00164   0.00616   0.00398   0.02058   0.00000   0.00000   0.00000   0.00681   0.00687   0.00676   0.00000   0.00000   0.00000   0.00694   0.00000   0.01361   0.00000   0.01373   0.00681   0.00365   0.00000   0.02017   0.00000   0.04205   0.00000   0.02074   0.02754   0.02598   0.01398   0.04255   2.45808   2.05127  -0.90418   0.08500   2.56613  
 38  0.0275    897.707442  x:  0.00177   0.00616   0.00400   0.02063   0.00000   0.00000   0.00000   0.00680   0.00672   0.00672   0.00000   0.00000   0.00000   0.00691   0.00000   0.01352   0.00000   0.01367   0.00679   0.00368   0.00000   0.02032   0.00000   0.04202   0.00000   0.02067   0.02762   0.02587   0.01392   0.04198   2.46561   2.05670  -0.91024   0.08564   2.56636  
 39  0.0266    897.706845  x:  0.00184   0.00610   0.00409   0.02068   0.00000   0.00000   0.00000   0.00673   0.00673   0.00675   0.00000   0.00000   0.00000   0.00684   0.00000   0.01351   0.00000   0.01359   0.00676   0.00351   0.00000   0.02045   0.00000   0.04184   0.00000   0.02064   0.02751   0.02576   0.01385   0.04208   2.46846   2.06040  -0.91369   0.08573   2.56627  
 40  0.0089    897.706731  x:  0.00184   0.00608   0.00411   0.02069   0.00000   0.00000   0.00000   0.00673   0.00676   0.00677   0.00000   0.00000   0.00000   0.00680   0.00000   0.01357   0.00000   0.01359   0.00675   0.00352   0.00000   0.02050   0.00000   0.04191   0.00000   0.02068   0.02762   0.02579   0.01386   0.04208   2.46904   2.06029  -0.91365   0.08580   2.56630  
 41  0.0007    897.706683  x:  0.00182   0.00608   0.00410   0.02071   0.00000   0.00000   0.00000   0.00674   0.00674   0.00677   0.00000   0.00000   0.00000   0.00677   0.00000   0.01359   0.00000   0.01360   0.00674   0.00354   0.00000   0.02050   0.00000   0.04191   0.00000   0.02069   0.02754   0.02583   0.01387   0.04210   2.46879   2.06018  -0.91348   0.08585   2.56627  
 42  0.0004    897.706672  x:  0.00178   0.00609   0.00409   0.02071   0.00000   0.00000   0.00000   0.00675   0.00675   0.00676   0.00000   0.00000   0.00000   0.00676   0.00000   0.01358   0.00000   0.01360   0.00675   0.00355   0.00000   0.02051   0.00000   0.04189   0.00000   0.02068   0.02756   0.02585   0.01387   0.04212   2.46869   2.05915  -0.91242   0.08579   2.56626  
 43  0.0010    897.706670  x:  0.00179   0.00608   0.00409   0.02071   0.00000   0.00000   0.00000   0.00675   0.00675   0.00676   0.00000   0.00000   0.00000   0.00675   0.00000   0.01358   0.00000   0.01360   0.00675   0.00354   0.00000   0.02051   0.00000   0.04190   0.00000   0.02067   0.02756   0.02585   0.01387   0.04211   2.46856   2.05853  -0.91180   0.08577   2.56626  
 44  0.0007    897.706670  x:  0.00179   0.00608   0.00409   0.02070   0.00000   0.00000   0.00000   0.00675   0.00675   0.00676   0.00000   0.00000   0.00000   0.00676   0.00000   0.01358   0.00000   0.01360   0.00675   0.00354   0.00000   0.02051   0.00000   0.04189   0.00000   0.02068   0.02756   0.02585   0.01387   0.04211   2.46863   2.05827  -0.91152   0.08576   2.56625  
 45  0.0003    897.706670  x:  0.00179   0.00608   0.00409   0.02071   0.00000   0.00000   0.00000   0.00675   0.00675   0.00676   0.00000   0.00000   0.00000   0.00676   0.00000   0.01358   0.00000   0.01360   0.00675   0.00354   0.00000   0.02051   0.00000   0.04189   0.00000   0.02068   0.02756   0.02585   0.01387   0.04211   2.46856   2.05811  -0.91134   0.08576   2.56624  
 46  0.0002    897.706670  x:  0.00179   0.00608   0.00409   0.02071   0.00000   0.00000   0.00000   0.00675   0.00675   0.00676   0.00000   0.00000   0.00000   0.00676   0.00000   0.01358   0.00000   0.01360   0.00675   0.00354   0.00000   0.02051   0.00000   0.04190   0.00000   0.02068   0.02756   0.02585   0.01387   0.04211   2.46858   2.05806  -0.91128   0.08575   2.56624  