Supplemental results for CODEML (seqf: /Users/YY/Desktop/get/branch_site/modify/modify_trim_muscle_rpl33.fa  treef: /Users/YY/Desktop/get/branch_site/16gene_topu.tree)


dN/dS (w) for site classes (K=4)

site class             0        1       2a       2b
proportion       0.84525  0.04452  0.10471  0.00552
background w     0.16697  1.00000  0.16697  1.00000
foreground w     0.16697  1.00000  2.57289  2.57289

Naive Empirical Bayes (NEB) probabilities for 4 classes
(amino acids refer to 1st sequence: NC_029393)

   1 M   0.86912 0.02065 0.10766 0.00256 ( 1)
   2 A   0.85311 0.03667 0.10568 0.00454 ( 1)
   3 K   0.86561 0.02416 0.10723 0.00299 ( 1)
   4 G   0.86005 0.02973 0.10654 0.00368 ( 1)
   5 K   0.86764 0.02213 0.10748 0.00274 ( 1)
   6 D   0.87127 0.01850 0.10793 0.00229 ( 1)
   7 V   0.71199 0.17778 0.08820 0.02202 ( 1)
   8 R   0.85233 0.03745 0.10558 0.00464 ( 1)
   9 I   0.86687 0.02290 0.10738 0.00284 ( 1)
  10 T   0.86033 0.02945 0.10657 0.00365 ( 1)
  11 V   0.86618 0.02360 0.10730 0.00292 ( 1)
  12 I   0.86848 0.02130 0.10758 0.00264 ( 1)
  13 L   0.85481 0.03497 0.10589 0.00433 ( 1)
  14 E   0.86572 0.02406 0.10724 0.00298 ( 1)
  15 C   0.86355 0.02623 0.10697 0.00325 ( 1)
  16 T   0.85811 0.03166 0.10630 0.00392 ( 1)
  17 G   0.77393 0.11585 0.09587 0.01435 ( 1)
  18 C   0.86355 0.02623 0.10697 0.00325 ( 1)
  19 V   0.86618 0.02360 0.10730 0.00292 ( 1)
  20 R   0.85233 0.03745 0.10558 0.00464 ( 1)
  21 N   0.86205 0.02773 0.10679 0.00343 ( 1)
  22 G   0.46773 0.42204 0.05794 0.05228 ( 1)
  23 V   0.76420 0.12557 0.09467 0.01556 ( 1)
  24 N   0.87258 0.01720 0.10809 0.00213 ( 1)
  25 K   0.86561 0.02416 0.10723 0.00299 ( 1)
  26 V   0.86149 0.02829 0.10672 0.00350 ( 1)
  27 S   0.85401 0.03577 0.10579 0.00443 ( 1)
  28 T   0.86084 0.02893 0.10664 0.00358 ( 1)
  29 G   0.86569 0.02409 0.10724 0.00298 ( 1)
  30 I   0.86848 0.02130 0.10758 0.00264 ( 1)
  31 S   0.85132 0.03846 0.10546 0.00476 ( 1)
  32 R   0.86654 0.02324 0.10734 0.00288 ( 1)
  33 Y   0.86436 0.02542 0.10707 0.00315 ( 1)
  34 I   0.86848 0.02130 0.10758 0.00264 ( 1)
  35 T   0.86636 0.02341 0.10732 0.00290 ( 1)
  36 E   0.86572 0.02406 0.10724 0.00298 ( 1)
  37 K   0.86561 0.02416 0.10723 0.00299 ( 1)
  38 N   0.87258 0.01720 0.10809 0.00213 ( 1)
  39 R   0.85797 0.03181 0.10628 0.00394 ( 1)
  40 H   0.85766 0.03211 0.10624 0.00398 ( 1)
  41 N   0.86178 0.02800 0.10675 0.00347 ( 1)
  42 T   0.86033 0.02945 0.10657 0.00365 ( 1)
  43 P   0.85897 0.03081 0.10641 0.00382 ( 1)
  44 N   0.87258 0.01720 0.10809 0.00213 ( 1)
  45 R   0.85233 0.03745 0.10558 0.00464 ( 1)
  46 L   0.85405 0.03573 0.10580 0.00443 ( 1)
  47 E   0.86572 0.02406 0.10724 0.00298 ( 1)
  48 L   0.85478 0.03500 0.10589 0.00434 ( 1)
  49 R   0.75799 0.13179 0.09390 0.01633 ( 1)
  50 K   0.86764 0.02213 0.10748 0.00274 ( 1)
  51 F   0.85435 0.03543 0.10583 0.00439 ( 1)
  52 C   0.86355 0.02623 0.10697 0.00325 ( 1)
  53 P   0.85551 0.03426 0.10598 0.00424 ( 1)
  54 F   0.75159 0.13819 0.09310 0.01712 ( 1)
  55 C   0.86355 0.02623 0.10697 0.00325 ( 1)
  56 Y   0.85587 0.03391 0.10602 0.00420 ( 1)
  57 K   0.86764 0.02213 0.10748 0.00274 ( 1)
  58 H   0.86586 0.02392 0.10726 0.00296 ( 1)
  59 M   0.74743 0.14235 0.09259 0.01763 ( 1)
  60 I   0.77596 0.11382 0.09612 0.01410 ( 1)
  61 H   0.86586 0.02392 0.10726 0.00296 ( 1)
  62 G   0.85979 0.02999 0.10651 0.00372 ( 1)
  63 E   0.86350 0.02628 0.10697 0.00326 ( 1)
  64 I   0.86687 0.02290 0.10738 0.00284 ( 1)
  65 K   0.86561 0.02416 0.10723 0.00299 ( 1)
  66 K   0.86764 0.02213 0.10748 0.00274 ( 1)


lnL =  -386.542557

Bayes Empirical Bayes (BEB) probabilities for 4 classes (class)
(amino acids refer to 1st sequence: NC_029393)

   1 M   0.62354 0.04996 0.30087 0.02563 ( 1)
   2 A   0.58817 0.08532 0.28269 0.04382 ( 1)
   3 K   0.61549 0.05801 0.29673 0.02977 ( 1)
   4 G   0.60304 0.07045 0.29034 0.03617 ( 1)
   5 K   0.62014 0.05336 0.29912 0.02738 ( 1)
   6 D   0.62858 0.04492 0.30346 0.02304 ( 1)
   7 V   0.34426 0.32924 0.15627 0.17023 ( 1)
   8 R   0.58654 0.08695 0.28185 0.04466 ( 1)
   9 I   0.61837 0.05513 0.29821 0.02829 ( 1)
  10 T   0.60366 0.06984 0.29065 0.03585 ( 1)
  11 V   0.61677 0.05673 0.29739 0.02911 ( 1)
  12 I   0.62208 0.05142 0.30012 0.02638 ( 1)
  13 L   0.59176 0.08174 0.28453 0.04197 ( 1)
  14 E   0.61572 0.05778 0.29685 0.02965 ( 1)
  15 C   0.61081 0.06269 0.29433 0.03217 ( 1)
  16 T   0.59885 0.07465 0.28818 0.03832 ( 1)
  17 G   0.40912 0.26438 0.18966 0.13684 ( 1)
  18 C   0.61081 0.06269 0.29433 0.03217 ( 1)
  19 V   0.61677 0.05673 0.29739 0.02911 ( 1)
  20 R   0.58654 0.08695 0.28185 0.04466 ( 1)
  21 N   0.60747 0.06603 0.29261 0.03389 ( 1)
  22 G   0.18793 0.48557 0.07860 0.24790 ( 2)
  23 V   0.39735 0.27615 0.18357 0.14293 ( 1)
  24 N   0.63169 0.04181 0.30505 0.02144 ( 1)
  25 K   0.61549 0.05801 0.29673 0.02977 ( 1)
  26 V   0.60621 0.06728 0.29197 0.03454 ( 1)
  27 S   0.59006 0.08343 0.28366 0.04285 ( 1)
  28 T   0.60480 0.06870 0.29124 0.03526 ( 1)
  29 G   0.61565 0.05784 0.29682 0.02968 ( 1)
  30 I   0.62208 0.05142 0.30012 0.02638 ( 1)
  31 S   0.58445 0.08904 0.28077 0.04573 ( 1)
  32 R   0.61759 0.05591 0.29781 0.02869 ( 1)
  33 Y   0.61264 0.06086 0.29527 0.03123 ( 1)
  34 I   0.62208 0.05142 0.30012 0.02638 ( 1)
  35 T   0.61718 0.05631 0.29760 0.02890 ( 1)
  36 E   0.61572 0.05778 0.29685 0.02965 ( 1)
  37 K   0.61549 0.05801 0.29673 0.02977 ( 1)
  38 N   0.63169 0.04181 0.30505 0.02144 ( 1)
  39 R   0.59851 0.07499 0.28800 0.03850 ( 1)
  40 H   0.59788 0.07561 0.28768 0.03882 ( 1)
  41 N   0.60686 0.06664 0.29230 0.03421 ( 1)
  42 T   0.60366 0.06984 0.29065 0.03585 ( 1)
  43 P   0.60067 0.07282 0.28912 0.03739 ( 1)
  44 N   0.63169 0.04181 0.30505 0.02144 ( 1)
  45 R   0.58654 0.08695 0.28185 0.04466 ( 1)
  46 L   0.59018 0.08331 0.28372 0.04278 ( 1)
  47 E   0.61572 0.05778 0.29685 0.02965 ( 1)
  48 L   0.59170 0.08180 0.28450 0.04200 ( 1)
  49 R   0.39026 0.28324 0.17991 0.14659 ( 1)
  50 K   0.62014 0.05336 0.29912 0.02738 ( 1)
  51 F   0.59078 0.08271 0.28403 0.04248 ( 1)
  52 C   0.61081 0.06269 0.29433 0.03217 ( 1)
  53 P   0.59325 0.08025 0.28530 0.04121 ( 1)
  54 F   0.38313 0.29037 0.17623 0.15027 ( 1)
  55 C   0.61081 0.06269 0.29433 0.03217 ( 1)
  56 Y   0.59402 0.07947 0.28570 0.04081 ( 1)
  57 K   0.62014 0.05336 0.29912 0.02738 ( 1)
  58 H   0.61603 0.05747 0.29701 0.02949 ( 1)
  59 M   0.37863 0.29487 0.17391 0.15259 ( 1)
  60 I   0.41170 0.26180 0.19100 0.13550 ( 1)
  61 H   0.61603 0.05747 0.29701 0.02949 ( 1)
  62 G   0.60247 0.07103 0.29004 0.03646 ( 1)
  63 E   0.61069 0.06281 0.29427 0.03223 ( 1)
  64 I   0.61837 0.05513 0.29821 0.02829 ( 1)
  65 K   0.61549 0.05801 0.29673 0.02977 ( 1)
  66 K   0.62014 0.05336 0.29912 0.02738 ( 1)

