

TREE # 1

  0  0.0000    403.400469  x:  0.00000   0.00474   0.03136   0.01871   0.02250   0.02224   0.01070   0.01291   0.02202   0.00641   0.01656   0.00828   0.00777   0.00551   0.00604   0.03207   0.03013   0.02032   0.01564   0.01054   0.02316   0.02401   0.00417   0.01852   0.00297   0.03417   0.03758   0.04088   0.03327   0.12362   2.00000   1.09989   0.02896   0.27919   2.57308  
  1 99.0000    403.395470  x:  0.00000   0.00474   0.03136   0.01871   0.02250   0.02224   0.01070   0.01291   0.02201   0.00640   0.01656   0.00827   0.00777   0.00551   0.00603   0.03207   0.03013   0.02032   0.01564   0.01053   0.02316   0.02401   0.00417   0.01852   0.00296   0.03417   0.03758   0.04088   0.03326   0.12362   2.00000   1.09989   0.02896   0.27919   2.57308  
  2 261.7570    399.517591  x:  0.00000   0.00173   0.02745   0.01691   0.01953   0.01925   0.00729   0.00988   0.01899   0.00337   0.01353   0.00524   0.00473   0.00253   0.00306   0.02813   0.02607   0.01787   0.01264   0.00750   0.02021   0.02020   0.00124   0.01706   0.00000   0.03035   0.03721   0.03847   0.02952   0.12656   2.00002   1.09976   0.02910   0.27623   2.57308  
  3 1194.0534    397.753499  x:  0.00000   0.00030   0.02537   0.01914   0.01815   0.01785   0.00524   0.00839   0.01750   0.00188   0.01204   0.00375   0.00324   0.00117   0.00169   0.02587   0.02424   0.02005   0.01118   0.00601   0.01890   0.02123   0.00000   0.01877   0.00000   0.02778   0.03688   0.03643   0.02704   0.12965   1.99998   1.09946   0.02942   0.27152   2.57308  
  4 321.8694    397.432697  x:  0.00000   0.00000   0.02539   0.01896   0.01786   0.01756   0.00474   0.00807   0.01718   0.00156   0.01172   0.00343   0.00292   0.00089   0.00141   0.02585   0.02435   0.02003   0.01087   0.00570   0.01863   0.02152   0.00000   0.01862   0.00000   0.02761   0.03683   0.03632   0.02690   0.13028   1.99996   1.09936   0.02952   0.27002   2.57308  
  5 266.8610    396.490499  x:  0.00000   0.00000   0.02546   0.01905   0.01695   0.01664   0.00309   0.00706   0.01617   0.00055   0.01070   0.00242   0.00191   0.00000   0.00052   0.02590   0.02444   0.01987   0.00987   0.00468   0.01779   0.02123   0.00000   0.01875   0.00000   0.02753   0.03678   0.03630   0.02684   0.13163   1.99990   1.09905   0.02986   0.26520   2.57307  
  6 1835.6527    396.012631  x:  0.00000   0.00000   0.02541   0.01904   0.01647   0.01615   0.00218   0.00652   0.01563   0.00000   0.01016   0.00188   0.00136   0.00000   0.00004   0.02586   0.02437   0.01988   0.00934   0.00414   0.01735   0.02116   0.00000   0.01870   0.00000   0.02751   0.03676   0.03628   0.02682   0.13208   1.99986   1.09888   0.03003   0.26264   2.57307  
  7 10833.5925    395.977706  x:  0.00000   0.00000   0.02540   0.01903   0.01643   0.01611   0.00211   0.00647   0.01558   0.00000   0.01012   0.00183   0.00132   0.00000   0.00000   0.02586   0.02436   0.01988   0.00930   0.00410   0.01731   0.02116   0.00000   0.01870   0.00000   0.02751   0.03676   0.03627   0.02682   0.13212   1.99986   1.09887   0.03005   0.26243   2.57307  
  8 181653.9131    394.983447  x:  0.00000   0.00000   0.02498   0.01878   0.01525   0.01492   0.00012   0.00516   0.01427   0.00000   0.00880   0.00052   0.00000   0.00000   0.00000   0.02559   0.02370   0.01947   0.00800   0.00277   0.01619   0.02149   0.00000   0.01910   0.00000   0.02789   0.03694   0.03639   0.02707   0.13325   1.99978   1.09842   0.03052   0.25581   2.57307  
  9 2081.8614    394.929730  x:  0.00000   0.00000   0.02497   0.01879   0.01518   0.01485   0.00000   0.00508   0.01419   0.00000   0.00872   0.00044   0.00000   0.00000   0.00000   0.02558   0.02370   0.01946   0.00792   0.00269   0.01612   0.02148   0.00000   0.01909   0.00000   0.02788   0.03694   0.03638   0.02706   0.13330   1.99978   1.09839   0.03055   0.25542   2.57307  
 10 2737.3919    394.666182  x:  0.00000   0.00000   0.02496   0.01867   0.01479   0.01445   0.00000   0.00464   0.01375   0.00000   0.00828   0.00000   0.00000   0.00000   0.00000   0.02558   0.02366   0.01953   0.00749   0.00225   0.01574   0.02141   0.00000   0.01914   0.00000   0.02781   0.03691   0.03635   0.02701   0.13352   1.99976   1.09825   0.03071   0.25331   2.57307  
 11 8946.3817    393.487903  x:  0.00000   0.00000   0.02514   0.01887   0.01272   0.01235   0.00000   0.00242   0.01153   0.00000   0.00606   0.00000   0.00000   0.00000   0.00000   0.02598   0.02277   0.01934   0.00530   0.00000   0.01378   0.02140   0.00000   0.01887   0.00000   0.02729   0.03660   0.03661   0.02679   0.13455   1.99963   1.09774   0.03125   0.24517   2.57307  
 12 1886.0444    392.373878  x:  0.00000   0.00000   0.02488   0.01887   0.01044   0.01004   0.00000   0.00000   0.00912   0.00000   0.00364   0.00000   0.00000   0.00000   0.00000   0.02583   0.02256   0.01934   0.00293   0.00000   0.01164   0.02125   0.00000   0.01870   0.00000   0.02721   0.03656   0.03662   0.02675   0.13564   1.99949   1.09728   0.03175   0.23729   2.57306  
 13 5273.1363    391.188955  x:  0.00000   0.00000   0.02475   0.01887   0.00762   0.00717   0.00000   0.00000   0.00615   0.00000   0.00067   0.00000   0.00000   0.00000   0.00000   0.02564   0.02222   0.01933   0.00000   0.00000   0.00899   0.02108   0.00000   0.01852   0.00000   0.02721   0.03652   0.03644   0.02665   0.13691   1.99933   1.09671   0.03236   0.22779   2.57306  
 14 54757.1036    390.963736  x:  0.00000   0.00000   0.02461   0.01887   0.00698   0.00652   0.00000   0.00000   0.00549   0.00000   0.00000   0.00000   0.00000   0.00000   0.00000   0.02563   0.02220   0.01933   0.00000   0.00000   0.00840   0.02104   0.00000   0.01848   0.00000   0.02713   0.03650   0.03652   0.02664   0.13717   1.99930   1.09659   0.03249   0.22579   2.57306  
 15 7279.5103    389.461329  x:  0.00000   0.00000   0.02476   0.01887   0.00155   0.00100   0.00000   0.00000   0.00000   0.00000   0.00000   0.00000   0.00000   0.00000   0.00000   0.02495   0.02170   0.01932   0.00000   0.00000   0.00342   0.02079   0.00000   0.01820   0.00000   0.02691   0.03664   0.03645   0.02666   0.13904   1.99904   1.09575   0.03340   0.21156   2.57306  
 16 1468.7938    389.254881  x:  0.00000   0.00000   0.02463   0.01887   0.00056   0.00000   0.00000   0.00000   0.00000   0.00000   0.00000   0.00000   0.00000   0.00000   0.00000   0.02504   0.02162   0.01931   0.00000   0.00000   0.00252   0.02074   0.00000   0.01815   0.00000   0.02700   0.03656   0.03632   0.02659   0.13936   1.99900   1.09561   0.03355   0.20915   2.57305  
 17 4166.0096    389.178073  x:  0.00000   0.00000   0.02463   0.01887   0.00000   0.00000   0.00000   0.00000   0.00000   0.00000   0.00000   0.00000   0.00000   0.00000   0.00000   0.02499   0.02160   0.01931   0.00000   0.00000   0.00202   0.02073   0.00000   0.01814   0.00000   0.02699   0.03656   0.03635   0.02656   0.13947   1.99898   1.09555   0.03361   0.20824   2.57305  
 18 539.4040    389.026212  x:  0.00000   0.00000   0.02452   0.01887   0.00000   0.00000   0.00000   0.00000   0.00000   0.00000   0.00000   0.00000   0.00000   0.00000   0.00000   0.02507   0.02152   0.01930   0.00000   0.00000   0.00000   0.02068   0.00000   0.01809   0.00000   0.02662   0.03676   0.03606   0.02701   0.13976   1.99894   1.09541   0.03376   0.20559   2.57305  
 19 476.7736    388.393711  x:  0.00000   0.00000   0.02343   0.01885   0.00000   0.00000   0.00000   0.00000   0.00000   0.00000   0.00000   0.00000   0.00000   0.00000   0.00000   0.01853   0.02176   0.01654   0.00000   0.00000   0.00000   0.02016   0.00000   0.01824   0.00000   0.02428   0.01989   0.03389   0.02758   0.14028   2.00236   1.10040   0.02918   0.12605   2.57302  
 20 18.1897    387.719735  x:  0.00000   0.00000   0.02257   0.01891   0.00000   0.00000   0.00000   0.00000   0.00000   0.00000   0.00000   0.00000   0.00000   0.00000   0.00000   0.01909   0.02118   0.01414   0.00000   0.00000   0.00000   0.01942   0.00000   0.01818   0.00000   0.02284   0.02438   0.03257   0.01626   0.14039   2.00647   1.10653   0.02352   0.03439   2.57298  
 21 141.2872    387.390423  x:  0.00000   0.00000   0.01690   0.01692   0.00000   0.00000   0.00000   0.00000   0.00000   0.00000   0.00000   0.00000   0.00000   0.00000   0.00000   0.01451   0.01688   0.01427   0.00000   0.00000   0.00000   0.01608   0.00000   0.01542   0.00000   0.01857   0.02549   0.03550   0.01056   0.15375   2.05220   1.13172  -0.00103   0.05610   2.57290  
 22  1.4533    387.264249  x:  0.00000   0.00000   0.01415   0.01576   0.00000   0.00000   0.00000   0.00000   0.00000   0.00000   0.00000   0.00000   0.00000   0.00000   0.00000   0.01270   0.01486   0.01710   0.00000   0.00000   0.00000   0.01584   0.00000   0.01395   0.00000   0.01824   0.02601   0.03950   0.01435   0.15273   2.11313   1.18631  -0.05537   0.05500   2.57286  
 23  2.0840    387.139546  x:  0.00000   0.00000   0.01395   0.01487   0.00000   0.00000   0.00000   0.00000   0.00000   0.00000   0.00000   0.00000   0.00000   0.00000   0.00000   0.01268   0.01603   0.01613   0.00000   0.00000   0.00000   0.01604   0.00000   0.01514   0.00000   0.01222   0.02679   0.03930   0.01477   0.14360   2.18765   1.24446  -0.11327   0.07106   2.57281  
 24  4.5495    386.828761  x:  0.00000   0.00000   0.01473   0.01281   0.00000   0.00000   0.00000   0.00000   0.00000   0.00000   0.00000   0.00000   0.00000   0.00000   0.00000   0.01659   0.01138   0.01590   0.00000   0.00000   0.00000   0.01385   0.00000   0.01529   0.00000   0.01347   0.02727   0.02960   0.01568   0.14520   2.45606   1.44079  -0.30909   0.11848   2.57269  
 25  3.7695    386.822341  x:  0.00301   0.00000   0.01478   0.01267   0.00000   0.00000   0.00000   0.00000   0.00000   0.00000   0.00000   0.00000   0.00000   0.00000   0.00000   0.01686   0.01108   0.01586   0.00000   0.00000   0.00000   0.01368   0.00000   0.01531   0.00000   0.01358   0.02733   0.02883   0.01576   0.14536   2.47770   1.45653  -0.32480   0.12229   2.57268  
 26 37.0001    386.707866  x:  0.00875   0.00000   0.01376   0.01352   0.00000   0.00000   0.00000   0.00000   0.00000   0.00000   0.00000   0.00000   0.00000   0.00000   0.00000   0.01433   0.01486   0.01410   0.00000   0.00000   0.00000   0.01294   0.00000   0.01540   0.00000   0.01553   0.02941   0.02293   0.01701   0.14804   2.63708   1.56672  -0.43575   0.15019   2.57285  
 27  4.1396    386.648405  x:  0.00962   0.00000   0.01709   0.01500   0.00000   0.00000   0.00000   0.00000   0.00000   0.00000   0.00000   0.00000   0.00000   0.00000   0.00000   0.01353   0.01493   0.01558   0.00000   0.00000   0.00000   0.01510   0.00000   0.01396   0.00000   0.01518   0.03013   0.02208   0.01611   0.14848   2.75052   1.61446  -0.48385   0.15386   2.57288  
 28  0.6178    386.622035  x:  0.00951   0.00000   0.01532   0.01574   0.00000   0.00000   0.00000   0.00000   0.00000   0.00000   0.00000   0.00000   0.00000   0.00000   0.00000   0.01573   0.01576   0.01629   0.00000   0.00000   0.00000   0.01612   0.00000   0.01359   0.00000   0.01518   0.02980   0.02242   0.01523   0.14818   2.80277   1.63244  -0.50197   0.15289   2.57289  
 29  0.8938    386.582297  x:  0.01019   0.00000   0.01518   0.01527   0.00000   0.00000   0.00000   0.00000   0.00000   0.00000   0.00000   0.00000   0.00000   0.00000   0.00000   0.01507   0.01541   0.01601   0.00000   0.00000   0.00000   0.01612   0.00000   0.01615   0.00000   0.01574   0.03061   0.02114   0.01401   0.14447   2.90554   1.66876  -0.53798   0.14294   2.57285  
 30  0.2634    386.569440  x:  0.01002   0.00000   0.01559   0.01606   0.00000   0.00000   0.00000   0.00000   0.00000   0.00000   0.00000   0.00000   0.00000   0.00000   0.00000   0.01549   0.01530   0.01509   0.00000   0.00000   0.00000   0.01483   0.00000   0.01576   0.00000   0.01495   0.03055   0.02094   0.01428   0.14640   2.92829   1.70725  -0.57660   0.14134   2.57288  
 31  0.1701    386.562139  x:  0.01244   0.00000   0.01503   0.01579   0.00000   0.00000   0.00000   0.00000   0.00000   0.00000   0.00000   0.00000   0.00000   0.00000   0.00000   0.01508   0.01488   0.01462   0.00000   0.00000   0.00000   0.01479   0.00000   0.01477   0.00000   0.01495   0.03085   0.01811   0.01439   0.14291   2.95115   1.75103  -0.62044   0.14594   2.57291  
 32  0.2620    386.553542  x:  0.01485   0.00000   0.01502   0.01439   0.00000   0.00000   0.00000   0.00000   0.00000   0.00000   0.00000   0.00000   0.00000   0.00000   0.00000   0.01510   0.01522   0.01497   0.00000   0.00000   0.00000   0.01488   0.00000   0.01469   0.00000   0.01464   0.03078   0.01545   0.01476   0.14518   2.96671   1.82315  -0.69240   0.15309   2.57286  
 33  0.3202    386.549134  x:  0.01650   0.00000   0.01478   0.01502   0.00000   0.00000   0.00000   0.00000   0.00000   0.00000   0.00000   0.00000   0.00000   0.00000   0.00000   0.01509   0.01484   0.01483   0.00000   0.00000   0.00000   0.01531   0.00000   0.01517   0.00000   0.01474   0.03079   0.01390   0.01525   0.14586   2.96574   1.88303  -0.75239   0.16054   2.57288  
 34  0.1236    386.546575  x:  0.01796   0.00000   0.01493   0.01522   0.00000   0.00000   0.00000   0.00000   0.00000   0.00000   0.00000   0.00000   0.00000   0.00000   0.00000   0.01517   0.01497   0.01550   0.00000   0.00000   0.00000   0.01478   0.00000   0.01518   0.00000   0.01494   0.03074   0.01262   0.01526   0.14460   2.96417   1.92217  -0.79148   0.16382   2.57287  
 35  0.1751    386.543472  x:  0.01931   0.00000   0.01523   0.01513   0.00000   0.00000   0.00000   0.00000   0.00000   0.00000   0.00000   0.00000   0.00000   0.00000   0.00000   0.01533   0.01508   0.01516   0.00000   0.00000   0.00000   0.01512   0.00000   0.01502   0.00000   0.01529   0.03061   0.01167   0.01509   0.14427   2.94213   1.98083  -0.85022   0.16344   2.57288  
 36  0.0742    386.542635  x:  0.02004   0.00000   0.01503   0.01515   0.00000   0.00000   0.00000   0.00000   0.00000   0.00000   0.00000   0.00000   0.00000   0.00000   0.00000   0.01516   0.01504   0.01519   0.00000   0.00000   0.00000   0.01504   0.00000   0.01498   0.00000   0.01506   0.03057   0.01061   0.01489   0.14444   2.92098   2.02411  -0.89349   0.16631   2.57288  
 37  0.0531    386.542562  x:  0.02023   0.00000   0.01508   0.01512   0.00000   0.00000   0.00000   0.00000   0.00000   0.00000   0.00000   0.00000   0.00000   0.00000   0.00000   0.01520   0.01508   0.01516   0.00000   0.00000   0.00000   0.01502   0.00000   0.01502   0.00000   0.01506   0.03066   0.01039   0.01499   0.14427   2.91620   2.03433  -0.90371   0.16696   2.57288  
 38  0.0155    386.542558  x:  0.02029   0.00000   0.01507   0.01513   0.00000   0.00000   0.00000   0.00000   0.00000   0.00000   0.00000   0.00000   0.00000   0.00000   0.00000   0.01520   0.01508   0.01517   0.00000   0.00000   0.00000   0.01502   0.00000   0.01502   0.00000   0.01507   0.03067   0.01034   0.01499   0.14429   2.91566   2.03602  -0.90541   0.16689   2.57288  
 39  0.0026    386.542558  x:  0.02032   0.00000   0.01507   0.01513   0.00000   0.00000   0.00000   0.00000   0.00000   0.00000   0.00000   0.00000   0.00000   0.00000   0.00000   0.01520   0.01508   0.01517   0.00000   0.00000   0.00000   0.01503   0.00000   0.01502   0.00000   0.01507   0.03067   0.01031   0.01499   0.14429   2.91586   2.03703  -0.90642   0.16697   2.57288  
 40  0.0011    386.542557  x:  0.02033   0.00000   0.01507   0.01513   0.00000   0.00000   0.00000   0.00000   0.00000   0.00000   0.00000   0.00000   0.00000   0.00000   0.00000   0.01520   0.01508   0.01517   0.00000   0.00000   0.00000   0.01502   0.00000   0.01502   0.00000   0.01507   0.03067   0.01031   0.01499   0.14429   2.91610   2.03714  -0.90653   0.16697   2.57288  
 41  0.0002    386.542557  x:  0.02033   0.00000   0.01507   0.01513   0.00000   0.00000   0.00000   0.00000   0.00000   0.00000   0.00000   0.00000   0.00000   0.00000   0.00000   0.01520   0.01508   0.01517   0.00000   0.00000   0.00000   0.01502   0.00000   0.01502   0.00000   0.01507   0.03067   0.01031   0.01499   0.14429   2.91610   2.03713  -0.90653   0.16697   2.57288  
 42  0.0000    386.542557  x:  0.02033   0.00000   0.01507   0.01513   0.00000   0.00000   0.00000   0.00000   0.00000   0.00000   0.00000   0.00000   0.00000   0.00000   0.00000   0.01520   0.01508   0.01517   0.00000   0.00000   0.00000   0.01502   0.00000   0.01502   0.00000   0.01507   0.03067   0.01031   0.01499   0.14429   2.91610   2.03713  -0.90654   0.16697   2.57289  
 43  0.0000    386.542557  x:  0.02033   0.00000   0.01507   0.01513   0.00000   0.00000   0.00000   0.00000   0.00000   0.00000   0.00000   0.00000   0.00000   0.00000   0.00000   0.01520   0.01508   0.01517   0.00000   0.00000   0.00000   0.01502   0.00000   0.01502   0.00000   0.01507   0.03067   0.01031   0.01499   0.14429   2.91610   2.03713  -0.90654   0.16697   2.57289  
 44  0.0000    386.542557  x:  0.02033   0.00000   0.01507   0.01513   0.00000   0.00000   0.00000   0.00000   0.00000   0.00000   0.00000   0.00000   0.00000   0.00000   0.00000   0.01520   0.01508   0.01517   0.00000   0.00000   0.00000   0.01502   0.00000   0.01502   0.00000   0.01507   0.03067   0.01031   0.01499   0.14429   2.91610   2.03713  -0.90654   0.16697   2.57289  