

TREE # 1

  0  0.0000   2689.315320  x:  0.00000   0.01545   0.05535   0.01846   0.06170   0.06166   0.03102   0.03690   0.06089   0.01750   0.04934   0.02405   0.02252   0.01652   0.02014   0.05753   0.05325   0.02825   0.05110   0.03750   0.06392   0.04566   0.01382   0.02836   0.00869   0.06692   0.05008   0.04088   0.08197   0.04739   2.00000   1.09989   0.02896   0.27919  
  1 99.0000   2689.306553  x:  0.00000   0.01545   0.05535   0.01846   0.06170   0.06166   0.03102   0.03690   0.06089   0.01750   0.04934   0.02404   0.02252   0.01651   0.02013   0.05752   0.05325   0.02825   0.05110   0.03749   0.06392   0.04566   0.01382   0.02836   0.00869   0.06692   0.05008   0.04088   0.08197   0.04739   2.00000   1.09989   0.02896   0.27919  
  2 1298.8266   2627.832911  x:  0.00000   0.01720   0.04092   0.01199   0.04443   0.04557   0.01605   0.02427   0.04358   0.00000   0.03804   0.01457   0.00985   0.01191   0.01654   0.04405   0.04010   0.02443   0.04333   0.03323   0.04692   0.04447   0.01157   0.02739   0.01077   0.05514   0.04820   0.03655   0.07386   0.03966   2.00066   1.10093   0.02793   0.27039  
  3 3947.4592   2568.911104  x:  0.00000   0.01861   0.02062   0.01655   0.01627   0.02072   0.00000   0.01119   0.01528   0.00000   0.02589   0.01332   0.00386   0.01817   0.02045   0.02617   0.02338   0.02597   0.03691   0.03206   0.01913   0.04358   0.01311   0.02473   0.01378   0.03975   0.04705   0.03456   0.06409   0.04364   2.00177   1.10365   0.02515   0.27228  
  4 3964.4777   2541.116712  x:  0.00000   0.01937   0.00957   0.01845   0.00106   0.00729   0.00018   0.00391   0.00000   0.00000   0.01913   0.01216   0.00019   0.02103   0.02218   0.01640   0.01422   0.02649   0.03324   0.03121   0.00413   0.04305   0.01372   0.02338   0.01532   0.03132   0.04636   0.03328   0.05870   0.04540   2.00236   1.10508   0.02369   0.27273  
  5 16656.9386   2539.323466  x:  0.00000   0.01942   0.00880   0.01853   0.00000   0.00635   0.00019   0.00341   0.00000   0.00000   0.01864   0.01203   0.00031   0.02118   0.02226   0.01571   0.01358   0.02650   0.03296   0.03113   0.00308   0.04301   0.01373   0.02330   0.01542   0.03072   0.04630   0.03317   0.05832   0.04548   2.00241   1.10518   0.02360   0.27271  
  6 30472.6748   2536.450858  x:  0.00000   0.01937   0.00743   0.01845   0.00000   0.00440   0.00019   0.00490   0.00000   0.00000   0.01770   0.01173   0.00032   0.02116   0.02219   0.01427   0.01239   0.02636   0.03232   0.03088   0.00000   0.04285   0.01354   0.02335   0.01540   0.02928   0.04611   0.03283   0.05732   0.04540   2.00253   1.10547   0.02330   0.27291  
  7 1996.3645   2531.503199  x:  0.00000   0.01648   0.01005   0.01749   0.00000   0.00613   0.00014   0.00394   0.00000   0.00000   0.01364   0.01280   0.00026   0.01884   0.02009   0.00553   0.00997   0.02434   0.02708   0.02843   0.00000   0.04038   0.00936   0.02651   0.01212   0.01364   0.04354   0.02886   0.04517   0.04231   2.00443   1.11028   0.01838   0.28390  
  8 337.1999   2529.974428  x:  0.00000   0.01596   0.00848   0.01613   0.00000   0.00432   0.00012   0.00295   0.00000   0.00000   0.01214   0.01169   0.00020   0.01705   0.01869   0.01036   0.00925   0.02297   0.02414   0.02685   0.00000   0.03915   0.00763   0.02631   0.01114   0.00908   0.04222   0.02646   0.03824   0.04136   2.00574   1.11349   0.01511   0.29031  
  9 389.5788   2528.480302  x:  0.00000   0.01666   0.00571   0.01374   0.00000   0.00411   0.00008   0.00210   0.00000   0.00000   0.01117   0.00874   0.00014   0.01429   0.01693   0.00935   0.00873   0.02119   0.02074   0.02475   0.00000   0.03791   0.00699   0.02450   0.01139   0.01349   0.04071   0.02342   0.03011   0.04133   2.00775   1.11828   0.01023   0.29826  
 10 321.4838   2528.027235  x:  0.00000   0.01887   0.00676   0.01202   0.00000   0.00470   0.00009   0.00233   0.00000   0.00000   0.01085   0.00626   0.00015   0.01303   0.01668   0.00914   0.00763   0.02062   0.02030   0.02388   0.00000   0.03805   0.00909   0.02207   0.01382   0.01251   0.04036   0.02254   0.02987   0.04305   2.00924   1.12152   0.00694   0.29940  
 11 132.7578   2527.548963  x:  0.00000   0.02092   0.00630   0.00913   0.00000   0.00335   0.00008   0.00191   0.00000   0.00000   0.01128   0.00772   0.00012   0.01076   0.01577   0.00838   0.00919   0.01965   0.02074   0.02297   0.00000   0.03849   0.00975   0.02179   0.01643   0.01164   0.04002   0.02190   0.03215   0.04405   2.01187   1.12703   0.00136   0.29876  
 12 142.6805   2526.797373  x:  0.00000   0.02267   0.00374   0.00840   0.00000   0.00586   0.00008   0.00208   0.00000   0.00000   0.00992   0.00893   0.00013   0.00960   0.01513   0.00883   0.00731   0.01895   0.02091   0.02234   0.00000   0.03924   0.00810   0.02361   0.01988   0.01143   0.03974   0.02159   0.03541   0.04481   2.01718   1.13797  -0.00972   0.29387  
 13 220.6374   2524.946288  x:  0.00000   0.02463   0.00666   0.00981   0.00000   0.00445   0.00007   0.00180   0.00000   0.00000   0.00793   0.00843   0.00011   0.00933   0.01405   0.00951   0.00486   0.01804   0.02032   0.02175   0.00000   0.04057   0.00283   0.02744   0.02589   0.01313   0.03931   0.02112   0.04006   0.04574   2.03014   1.16457  -0.03662   0.27915  
 14 722.5420   2518.981699  x:  0.00000   0.02518   0.00580   0.01597   0.00000   0.00487   0.00008   0.00184   0.00000   0.00000   0.00806   0.00240   0.00012   0.01167   0.01191   0.00995   0.01148   0.01677   0.01650   0.02119   0.00000   0.04308   0.00055   0.03625   0.03852   0.01307   0.03841   0.01965   0.04584   0.04829   2.06988   1.24582  -0.11881   0.22696  
 15 1667.4918   2515.126080  x:  0.00000   0.02469   0.00638   0.01999   0.00000   0.00488   0.00009   0.00183   0.00000   0.00000   0.00755   0.00065   0.00012   0.01253   0.00970   0.01087   0.01385   0.01544   0.01360   0.02060   0.00000   0.04466   0.00276   0.04361   0.04662   0.01401   0.03762   0.01831   0.04923   0.04978   2.09927   1.30589  -0.17957   0.18773  
 16 19287.5932   2501.503120  x:  0.00000   0.02512   0.00872   0.03040   0.00000   0.00653   0.00012   0.00259   0.00000   0.00000   0.00707   0.00249   0.00017   0.01520   0.00417   0.01366   0.02025   0.01175   0.00349   0.01831   0.00000   0.04879   0.00500   0.05660   0.07144   0.01657   0.03546   0.01344   0.05388   0.05542   2.18411   1.47914  -0.35479   0.07046  
 17 31130.3399   2493.788096  x:  0.00000   0.02480   0.00960   0.03474   0.00000   0.00718   0.00013   0.00283   0.00000   0.00000   0.00728   0.00277   0.00018   0.01576   0.00274   0.01488   0.02263   0.01013   0.00409   0.01720   0.00000   0.05050   0.00558   0.06265   0.08301   0.01767   0.03439   0.01112   0.05469   0.05798   2.22687   1.56649  -0.44313   0.01117  
 18 37555.2635   2493.472759  x:  0.00000   0.02464   0.00970   0.03456   0.00000   0.00721   0.00014   0.00284   0.00000   0.00000   0.00735   0.00274   0.00018   0.01538   0.00399   0.01497   0.02272   0.01018   0.00362   0.01718   0.00000   0.05056   0.00558   0.06313   0.08349   0.01778   0.03436   0.01124   0.05485   0.05810   2.22957   1.57198  -0.44868   0.00752  
 19 2321.2745   2493.307647  x:  0.00000   0.02410   0.00966   0.03390   0.00000   0.00720   0.00014   0.00281   0.00000   0.00000   0.00736   0.00262   0.00018   0.01487   0.00354   0.01494   0.02250   0.01151   0.00323   0.01779   0.00000   0.05039   0.00544   0.06267   0.08314   0.01778   0.03472   0.01279   0.05510   0.05808   2.23119   1.57497  -0.45170   0.00633  
 20 202.8908   2492.825135  x:  0.00612   0.02372   0.00975   0.03413   0.00000   0.00726   0.00014   0.00286   0.00000   0.00000   0.00596   0.00274   0.00019   0.01537   0.00401   0.01498   0.02308   0.00985   0.00365   0.01757   0.00000   0.05029   0.00557   0.06213   0.08277   0.01790   0.03481   0.01157   0.05548   0.05793   2.23144   1.57492  -0.45162   0.00751  
 21 135.3301   2491.352344  x:  0.02087   0.02196   0.00928   0.03449   0.00000   0.00711   0.00013   0.00273   0.00000   0.00000   0.01018   0.00260   0.00018   0.01660   0.00482   0.01478   0.02107   0.00974   0.00389   0.01806   0.00000   0.04993   0.00532   0.06093   0.08078   0.01773   0.03575   0.00000   0.05847   0.05656   2.23301   1.57576  -0.45241   0.01175  
 22 271.0864   2490.369714  x:  0.03019   0.01982   0.00934   0.03355   0.00000   0.00719   0.00013   0.00277   0.00000   0.00000   0.00765   0.00263   0.00018   0.01684   0.00554   0.01484   0.02156   0.01416   0.00433   0.02000   0.00000   0.04941   0.00531   0.05854   0.07784   0.01811   0.03742   0.00000   0.06190   0.05526   2.23683   1.58082  -0.45745   0.01404  
 23 403.2514   2489.517075  x:  0.03114   0.01706   0.00876   0.03166   0.00000   0.00718   0.00012   0.00258   0.00000   0.00000   0.00658   0.00219   0.00017   0.01737   0.00531   0.01440   0.02035   0.01075   0.00367   0.02497   0.00000   0.04823   0.00470   0.05191   0.06917   0.01813   0.04166   0.00000   0.06764   0.05315   2.24736   1.59703  -0.47372   0.01517  
 24 162.6593   2487.180886  x:  0.03196   0.02202   0.00803   0.03006   0.00000   0.00716   0.00012   0.00244   0.00000   0.00000   0.00579   0.00158   0.00016   0.01882   0.00527   0.01376   0.01867   0.01117   0.00307   0.01446   0.00000   0.04640   0.00388   0.04170   0.04371   0.01855   0.04200   0.00000   0.07794   0.04847   2.27813   1.64259  -0.51935   0.01940  
 25 266.8778   2483.854114  x:  0.03229   0.03750   0.00791   0.02701   0.00000   0.00701   0.00015   0.00259   0.00000   0.00000   0.00568   0.00115   0.00017   0.01423   0.00550   0.01352   0.01779   0.01067   0.00289   0.02228   0.00000   0.04706   0.00329   0.03842   0.01769   0.01905   0.02910   0.00000   0.08075   0.04528   2.32816   1.71463  -0.59143   0.02675  
 26 476.5082   2478.088264  x:  0.02756   0.04172   0.00925   0.01761   0.00000   0.00681   0.00023   0.00320   0.00000   0.00000   0.00591   0.00079   0.00023   0.00447   0.00577   0.01409   0.01749   0.01125   0.00299   0.02245   0.00000   0.04744   0.00268   0.04316   0.00491   0.01992   0.04340   0.00000   0.07427   0.04447   2.41208   1.83460  -0.71147   0.03916  
 27 628.2562   2476.162132  x:  0.02484   0.03757   0.01008   0.00712   0.00000   0.00705   0.00024   0.00347   0.00000   0.00000   0.00584   0.00054   0.00026   0.00865   0.00581   0.01457   0.01682   0.01177   0.00295   0.02181   0.00000   0.04529   0.00224   0.04457   0.00309   0.02075   0.04229   0.00000   0.07304   0.04411   2.44337   1.87922  -0.75611   0.04338  
 28 1256.0998   2474.455998  x:  0.02129   0.02647   0.01033   0.00414   0.00000   0.00696   0.00027   0.00357   0.00000   0.00000   0.00574   0.00035   0.00027   0.00503   0.00588   0.01483   0.01627   0.01239   0.00295   0.01986   0.00000   0.04020   0.00188   0.04172   0.00499   0.02140   0.03549   0.00000   0.07476   0.04347   2.47265   1.92074  -0.79764   0.04700  
 29 888.2318   2473.295480  x:  0.01976   0.02653   0.01003   0.00539   0.00000   0.00677   0.00027   0.00349   0.00000   0.00000   0.00580   0.00040   0.00026   0.00498   0.00592   0.01465   0.01610   0.01272   0.00309   0.02010   0.00000   0.02780   0.00193   0.04101   0.00418   0.02130   0.03510   0.00000   0.07620   0.04515   2.55547   1.93120  -0.80501   0.04733  
 30  8.1221   2470.344539  x:  0.01572   0.01718   0.00911   0.00737   0.00000   0.00631   0.00027   0.00319   0.00000   0.00000   0.00579   0.00043   0.00024   0.00395   0.00602   0.01397   0.01501   0.01371   0.00333   0.01864   0.00000   0.03292   0.00185   0.03514   0.00104   0.02085   0.03021   0.00000   0.07832   0.04784   2.75218   1.95629  -0.82280   0.04916  
 31 751.9177   2464.740025  x:  0.00617   0.01041   0.00747   0.00742   0.00000   0.00491   0.00030   0.00276   0.00000   0.00000   0.00616   0.00066   0.00021   0.00595   0.00643   0.01261   0.01312   0.01613   0.00402   0.01936   0.00000   0.03815   0.00186   0.03167   0.00457   0.01948   0.03244   0.00000   0.07352   0.05406   3.29323   2.05029  -0.88939   0.05737  
 32 13.2773   2461.720009  x:  0.00000   0.00604   0.00642   0.00745   0.00000   0.00401   0.00032   0.00248   0.00000   0.00000   0.00641   0.00081   0.00020   0.00724   0.00669   0.01174   0.01189   0.01770   0.00447   0.01983   0.00000   0.04152   0.00187   0.02944   0.00685   0.01859   0.03389   0.01742   0.07042   0.05808   3.64293   2.11083  -0.93221   0.06265  
 33 8974.0781   2454.754512  x:  0.00000   0.01035   0.00596   0.00155   0.00000   0.00272   0.00047   0.00254   0.00000   0.00000   0.00756   0.00125   0.00022   0.00643   0.00668   0.01131   0.01097   0.01709   0.00530   0.02087   0.00000   0.04247   0.00217   0.03372   0.00663   0.01844   0.03697   0.01746   0.06023   0.06561   4.19407   1.89084  -0.66982   0.04029  
 34  7.6210   2449.465976  x:  0.00000   0.01524   0.00403   0.00603   0.00000   0.00067   0.00059   0.00272   0.00000   0.00000   0.00948   0.00091   0.00025   0.00655   0.00653   0.00940   0.00885   0.01605   0.00638   0.02128   0.00000   0.04549   0.00191   0.03515   0.00771   0.01645   0.04007   0.01714   0.04752   0.07937   4.44502   1.80000  -0.50286   0.02153  
 35  2.3264   2445.163446  x:  0.00000   0.01459   0.00485   0.00822   0.00000   0.00611   0.00061   0.00339   0.00000   0.00000   0.01192   0.00094   0.00034   0.00581   0.00628   0.00806   0.00907   0.01401   0.00792   0.02006   0.00000   0.04665   0.00208   0.03725   0.00832   0.01436   0.04082   0.01451   0.03266   0.09805   4.29091   1.78028  -0.37284   0.00000  
 36  1.1623   2445.163446  x:  0.00000   0.01459   0.00485   0.00822   0.00000   0.00611   0.00061   0.00339   0.00000   0.00000   0.01192   0.00094   0.00034   0.00581   0.00628   0.00806   0.00907   0.01401   0.00792   0.02006   0.00000   0.04665   0.00208   0.03725   0.00832   0.01436   0.04082   0.01451   0.03266   0.09805   4.29091   1.78028  -0.37284   0.00000  
 37 55.4120   2440.727961  x:  0.00010   0.01443   0.00494   0.00799   0.00000   0.00571   0.00329   0.00388   0.00000   0.00000   0.01188   0.00468   0.00567   0.00579   0.00655   0.00810   0.00902   0.01402   0.00904   0.02007   0.00000   0.04652   0.00259   0.03720   0.00805   0.01436   0.04077   0.01461   0.03273   0.09813   4.29091   1.78028  -0.37284   0.00005  
 38 3418.0239   2437.551158  x:  0.00094   0.01295   0.00570   0.00594   0.00000   0.00209   0.00293   0.00716   0.00000   0.00000   0.01153   0.00716   0.00369   0.00556   0.00876   0.00849   0.00860   0.01416   0.01772   0.02020   0.00000   0.04525   0.00566   0.03677   0.00545   0.01442   0.04030   0.01545   0.03341   0.09895   4.29087   1.78032  -0.37287   0.00074  
 39 608.3877   2437.213873  x:  0.00120   0.01201   0.00564   0.00544   0.00000   0.00386   0.00330   0.00627   0.00000   0.00000   0.01140   0.00708   0.00354   0.00559   0.00892   0.00861   0.00850   0.01425   0.01954   0.02031   0.00000   0.04417   0.00500   0.03643   0.00389   0.01451   0.03992   0.01571   0.03393   0.09969   4.29083   1.78035  -0.37290   0.00137  
 40 218.9783   2437.032826  x:  0.00130   0.01113   0.00552   0.00560   0.00000   0.00299   0.00323   0.00491   0.00000   0.00000   0.01132   0.00655   0.00394   0.00565   0.00865   0.00865   0.00851   0.01435   0.02035   0.02043   0.00000   0.04264   0.00424   0.03598   0.00355   0.01466   0.03943   0.01581   0.03461   0.10083   4.29078   1.78041  -0.37295   0.00219  
 41 149.3232   2436.873889  x:  0.00124   0.01036   0.00554   0.00591   0.00000   0.00334   0.00327   0.00519   0.00000   0.00000   0.01130   0.00614   0.00415   0.00568   0.00823   0.00863   0.00858   0.01448   0.02072   0.02063   0.00000   0.03965   0.00456   0.03516   0.00491   0.01487   0.03851   0.01575   0.03583   0.10323   4.29065   1.78056  -0.37308   0.00349  
 42 119.1260   2436.765504  x:  0.00106   0.01098   0.00565   0.00580   0.00000   0.00315   0.00324   0.00588   0.00000   0.00000   0.01143   0.00664   0.00388   0.00567   0.00834   0.00859   0.00865   0.01451   0.01982   0.02073   0.00000   0.03713   0.00432   0.03459   0.00418   0.01489   0.03782   0.01557   0.03679   0.10579   4.29049   1.78076  -0.37327   0.00430  
 43 110.8137   2436.741566  x:  0.00109   0.01133   0.00560   0.00563   0.00000   0.00317   0.00324   0.00541   0.00000   0.00000   0.01144   0.00673   0.00382   0.00566   0.00864   0.00863   0.00859   0.01447   0.01963   0.02070   0.00000   0.03675   0.00488   0.03459   0.00411   0.01482   0.03776   0.01560   0.03693   0.10691   4.29040   1.78090  -0.37340   0.00422  
 44 52.4211   2436.697388  x:  0.00131   0.01148   0.00553   0.00587   0.00000   0.00319   0.00324   0.00559   0.00000   0.00000   0.01137   0.00636   0.00405   0.00565   0.00888   0.00874   0.00846   0.01433   0.01982   0.02050   0.00000   0.03711   0.00466   0.03507   0.00415   0.01462   0.03810   0.01582   0.03676   0.11077   4.29003   1.78150  -0.37395   0.00319  
 45 37.1041   2436.682387  x:  0.00114   0.01125   0.00562   0.00566   0.00000   0.00317   0.00328   0.00549   0.00000   0.00000   0.01138   0.00667   0.00384   0.00565   0.00852   0.00863   0.00859   0.01437   0.01983   0.02050   0.00000   0.03746   0.00457   0.03523   0.00425   0.01467   0.03824   0.01565   0.03660   0.11223   4.28985   1.78179  -0.37422   0.00301  
 46 50.9728   2436.678792  x:  0.00103   0.01114   0.00559   0.00574   0.00000   0.00319   0.00315   0.00554   0.00000   0.00000   0.01141   0.00665   0.00391   0.00566   0.00850   0.00860   0.00860   0.01443   0.01979   0.02056   0.00000   0.03771   0.00471   0.03520   0.00412   0.01477   0.03827   0.01554   0.03649   0.11261   4.28973   1.78195  -0.37437   0.00326  
 47 16.9433   2436.676229  x:  0.00103   0.01113   0.00559   0.00575   0.00000   0.00316   0.00332   0.00556   0.00000   0.00000   0.01143   0.00658   0.00387   0.00567   0.00857   0.00862   0.00859   0.01448   0.01976   0.02063   0.00000   0.03796   0.00473   0.03514   0.00411   0.01484   0.03829   0.01554   0.03640   0.11289   4.28958   1.78216  -0.37456   0.00360  
 48 20.2312   2436.674049  x:  0.00112   0.01123   0.00562   0.00569   0.00000   0.00318   0.00324   0.00555   0.00000   0.00000   0.01144   0.00664   0.00388   0.00566   0.00864   0.00866   0.00858   0.01450   0.01976   0.02069   0.00000   0.03817   0.00464   0.03508   0.00420   0.01487   0.03830   0.01563   0.03635   0.11309   4.28940   1.78242  -0.37480   0.00394  
 49 19.3089   2436.672252  x:  0.00117   0.01136   0.00559   0.00580   0.00000   0.00319   0.00325   0.00553   0.00000   0.00000   0.01142   0.00667   0.00385   0.00569   0.00849   0.00864   0.00863   0.01443   0.01982   0.02066   0.00000   0.03826   0.00467   0.03508   0.00418   0.01475   0.03832   0.01568   0.03639   0.11314   4.28909   1.78287  -0.37521   0.00413  
 50  8.8509   2436.662240  x:  0.00102   0.01144   0.00560   0.00549   0.00000   0.00317   0.00326   0.00560   0.00000   0.00000   0.01143   0.00644   0.00399   0.00563   0.00841   0.00857   0.00866   0.01422   0.01987   0.02046   0.00000   0.03840   0.00468   0.03520   0.00416   0.01434   0.03847   0.01553   0.03672   0.11316   4.28697   1.78595  -0.37805   0.00460  
 51 22.4553   2436.613464  x:  0.00062   0.01111   0.00579   0.00596   0.00000   0.00321   0.00323   0.00548   0.00000   0.00000   0.01148   0.00680   0.00378   0.00573   0.00901   0.00865   0.00847   0.01403   0.01982   0.01988   0.00000   0.03872   0.00450   0.03577   0.00431   0.01387   0.03903   0.01513   0.03809   0.11301   4.27624   1.80160  -0.39245   0.00607  
 52 167.0551   2436.465996  x:  0.00126   0.01082   0.00509   0.00560   0.00000   0.00311   0.00323   0.00568   0.00000   0.00000   0.01148   0.00683   0.00376   0.00559   0.00859   0.00883   0.00862   0.01475   0.01939   0.01970   0.00000   0.03907   0.00477   0.03682   0.00407   0.01514   0.04003   0.01577   0.04073   0.11246   4.24349   1.84938  -0.43641   0.00930  
 53 578.7231   2436.341733  x:  0.00115   0.01149   0.00669   0.00568   0.00000   0.00315   0.00327   0.00554   0.00000   0.00000   0.01136   0.00639   0.00400   0.00578   0.00825   0.00848   0.00867   0.01495   0.01968   0.02060   0.00000   0.03885   0.00485   0.03668   0.00395   0.01578   0.03994   0.01565   0.04085   0.11195   4.21452   1.89159  -0.47524   0.01163  
 54 979.1678   2436.081409  x:  0.00028   0.01212   0.00520   0.00571   0.00000   0.00317   0.00325   0.00538   0.00000   0.00000   0.01120   0.00651   0.00391   0.00558   0.00847   0.00817   0.00849   0.01434   0.02035   0.02236   0.00000   0.03788   0.00434   0.03499   0.00430   0.01530   0.03850   0.01479   0.03820   0.11098   4.15794   1.97390  -0.55095   0.01599  
 55 1513.0087   2435.974438  x:  0.00091   0.01093   0.00556   0.00557   0.00000   0.00308   0.00324   0.00549   0.00000   0.00000   0.01133   0.00660   0.00386   0.00567   0.00837   0.00875   0.00849   0.01400   0.01969   0.02162   0.00000   0.03738   0.00465   0.03387   0.00404   0.01421   0.03745   0.01540   0.03622   0.11060   4.13447   2.00789  -0.58221   0.01792  
 56 989.0472   2435.960316  x:  0.00094   0.01100   0.00557   0.00561   0.00000   0.00308   0.00324   0.00547   0.00000   0.00000   0.01126   0.00659   0.00386   0.00550   0.00844   0.00829   0.00849   0.01420   0.01974   0.02073   0.00000   0.03728   0.00463   0.03369   0.00405   0.01438   0.03720   0.01544   0.03578   0.11055   4.13129   2.01235  -0.58630   0.01825  
 57 152.4542   2435.958511  x:  0.00089   0.01108   0.00555   0.00558   0.00000   0.00309   0.00324   0.00547   0.00000   0.00000   0.01125   0.00657   0.00387   0.00566   0.00840   0.00841   0.00849   0.01423   0.01979   0.02053   0.00000   0.03726   0.00461   0.03369   0.00406   0.01447   0.03715   0.01539   0.03571   0.11054   4.13083   2.01293  -0.58682   0.01830  
 58 36.3825   2435.958271  x:  0.00088   0.01110   0.00556   0.00559   0.00000   0.00309   0.00324   0.00546   0.00000   0.00000   0.01126   0.00657   0.00387   0.00560   0.00839   0.00847   0.00849   0.01422   0.01980   0.02050   0.00000   0.03726   0.00461   0.03370   0.00406   0.01450   0.03713   0.01537   0.03569   0.11054   4.13072   2.01299  -0.58687   0.01831  
 59  6.1413   2435.956757  x:  0.00090   0.01107   0.00556   0.00559   0.00000   0.00309   0.00324   0.00546   0.00000   0.00000   0.01135   0.00657   0.00387   0.00562   0.00840   0.00843   0.00850   0.01400   0.01979   0.02050   0.00000   0.03723   0.00461   0.03399   0.00406   0.01460   0.03697   0.01540   0.03562   0.11054   4.12919   2.01311  -0.58681   0.01837  
 60  3.3282   2435.949259  x:  0.00090   0.01108   0.00556   0.00559   0.00000   0.00308   0.00324   0.00547   0.00000   0.00000   0.01105   0.00658   0.00386   0.00561   0.00838   0.00847   0.00842   0.01433   0.01978   0.02061   0.00000   0.03715   0.00462   0.03476   0.00407   0.01441   0.03654   0.01540   0.03545   0.11052   4.12107   2.01356  -0.58634   0.01853  
 61 29.7192   2435.896229  x:  0.00090   0.01123   0.00553   0.00564   0.00000   0.00311   0.00324   0.00543   0.00000   0.00000   0.01232   0.00650   0.00390   0.00563   0.00858   0.00851   0.00927   0.01525   0.01998   0.02068   0.00000   0.03710   0.00454   0.03528   0.00415   0.01395   0.03627   0.01539   0.03535   0.11049   4.06136   2.01661  -0.58257   0.01843  
 62 117.8669   2435.280325  x:  0.00103   0.01140   0.00552   0.00561   0.00000   0.00299   0.00320   0.00549   0.00000   0.00000   0.01366   0.00656   0.00377   0.00564   0.00779   0.00830   0.00653   0.01548   0.02015   0.02062   0.00000   0.03729   0.00465   0.03504   0.00411   0.01394   0.03674   0.01548   0.03563   0.11032   3.44562   2.04783  -0.54346   0.01717  
 63 1586.2572   2434.999645  x:  0.00104   0.01123   0.00557   0.00564   0.00000   0.00295   0.00318   0.00553   0.00000   0.00000   0.01195   0.00651   0.00375   0.00564   0.00842   0.00849   0.00839   0.01473   0.02005   0.02054   0.00000   0.03741   0.00468   0.03470   0.00410   0.01436   0.03712   0.01546   0.03580   0.11024   3.13801   2.06343  -0.52391   0.01651  
 64 9383.7019   2434.999614  x:  0.00104   0.01123   0.00557   0.00564   0.00000   0.00295   0.00318   0.00553   0.00000   0.00000   0.01195   0.00651   0.00375   0.00564   0.00842   0.00849   0.00839   0.01473   0.02005   0.02054   0.00000   0.03738   0.00467   0.03472   0.00410   0.01436   0.03719   0.01547   0.03577   0.11023   3.13801   2.06345  -0.52389   0.01653  
 65  0.4088   2434.921068  x:  0.00111   0.01112   0.00557   0.00563   0.00000   0.00278   0.00308   0.00564   0.00000   0.00000   0.01093   0.00643   0.00350   0.00561   0.00864   0.00855   0.00863   0.01409   0.02018   0.02030   0.00000   0.03749   0.00479   0.03444   0.00407   0.01469   0.03778   0.01550   0.03580   0.11023   3.25773   2.16200  -0.39909   0.01389  
 66  0.3331   2434.813949  x:  0.00058   0.01112   0.00558   0.00560   0.00000   0.00272   0.00279   0.00588   0.00000   0.00000   0.01145   0.00588   0.00264   0.00559   0.00859   0.00852   0.00826   0.01413   0.02086   0.02001   0.00000   0.03766   0.00502   0.03487   0.00406   0.01483   0.03851   0.01625   0.03610   0.11069   3.17385   2.67120   0.07615   0.01393  
 67  0.1993   2434.764850  x:  0.00043   0.01113   0.00558   0.00560   0.00000   0.00279   0.00264   0.00573   0.00000   0.00000   0.01127   0.00512   0.00266   0.00560   0.00861   0.00852   0.00846   0.01429   0.02066   0.02033   0.00000   0.03742   0.00488   0.03478   0.00406   0.01460   0.03777   0.01621   0.03587   0.11041   3.22310   2.99492   0.38796   0.01561  
 68  0.2894   2434.741568  x:  0.00056   0.01115   0.00557   0.00562   0.00000   0.00285   0.00272   0.00554   0.00000   0.00000   0.01123   0.00539   0.00242   0.00561   0.00854   0.00852   0.00855   0.01433   0.01996   0.02044   0.00000   0.03734   0.00466   0.03450   0.00407   0.01451   0.03739   0.01596   0.03565   0.11006   3.22649   3.20607   0.63440   0.01466  
 69  0.2028   2434.719245  x:  0.00041   0.01117   0.00556   0.00567   0.00000   0.00284   0.00267   0.00549   0.00000   0.00000   0.01133   0.00524   0.00277   0.00563   0.00848   0.00852   0.00850   0.01424   0.01944   0.02026   0.00000   0.03753   0.00460   0.03443   0.00413   0.01462   0.03778   0.01616   0.03580   0.11016   3.20207   3.52448   0.98399   0.01350  
 70  0.2249   2434.686185  x:  0.00000   0.01117   0.00554   0.00568   0.00000   0.00284   0.00277   0.00559   0.00000   0.00000   0.01132   0.00538   0.00273   0.00562   0.00849   0.00853   0.00847   0.01417   0.01956   0.02016   0.00000   0.03766   0.00470   0.03463   0.00415   0.01472   0.03817   0.01663   0.03597   0.11043   3.20901   3.98323   1.42106   0.01423  
 71  0.4172   2434.686053  x:  0.00000   0.01117   0.00554   0.00568   0.00000   0.00284   0.00277   0.00559   0.00000   0.00000   0.01132   0.00538   0.00273   0.00562   0.00849   0.00853   0.00847   0.01417   0.01956   0.02016   0.00000   0.03766   0.00470   0.03463   0.00415   0.01473   0.03817   0.01651   0.03597   0.11044   3.20907   3.98719   1.42484   0.01424  
 72 43.8866   2434.648720  x:  0.00000   0.01116   0.00554   0.00561   0.00000   0.00278   0.00286   0.00568   0.00000   0.00000   0.01129   0.00577   0.00278   0.00559   0.00854   0.00851   0.00845   0.01427   0.02032   0.02038   0.00000   0.03744   0.00482   0.03475   0.00407   0.01462   0.03774   0.01671   0.03578   0.11038   3.21967   5.44643   2.84451   0.01508  
 73  1.1486   2434.640069  x:  0.00000   0.01114   0.00560   0.00564   0.00000   0.00284   0.00287   0.00562   0.00000   0.00000   0.01125   0.00559   0.00280   0.00562   0.00857   0.00853   0.00849   0.01427   0.02014   0.02026   0.00000   0.03748   0.00475   0.03462   0.00409   0.01461   0.03779   0.01655   0.03588   0.11032   3.21142   6.04882   3.48519   0.01426  
 74  0.4697   2434.640034  x:  0.00007   0.01114   0.00560   0.00564   0.00000   0.00284   0.00287   0.00562   0.00000   0.00000   0.01125   0.00559   0.00280   0.00562   0.00857   0.00853   0.00849   0.01427   0.02014   0.02026   0.00000   0.03748   0.00475   0.03462   0.00409   0.01461   0.03780   0.01655   0.03589   0.11032   3.21132   6.05560   3.49240   0.01425  
 75 164.6507   2434.636829  x:  0.00015   0.01115   0.00554   0.00562   0.00000   0.00277   0.00276   0.00565   0.00000   0.00000   0.01133   0.00564   0.00280   0.00561   0.00855   0.00853   0.00849   0.01426   0.02024   0.02037   0.00000   0.03751   0.00478   0.03456   0.00407   0.01462   0.03769   0.01646   0.03581   0.11036   3.21647   6.93668   4.36587   0.01452  
 76  0.4607   2434.635068  x:  0.00018   0.01115   0.00558   0.00562   0.00000   0.00283   0.00288   0.00566   0.00000   0.00000   0.01128   0.00561   0.00279   0.00561   0.00857   0.00853   0.00848   0.01427   0.02025   0.02034   0.00000   0.03745   0.00479   0.03463   0.00408   0.01462   0.03777   0.01639   0.03579   0.11031   3.21426   7.69580   5.12290   0.01451  
 77  0.5688   2434.634303  x:  0.00040   0.01115   0.00558   0.00563   0.00000   0.00282   0.00283   0.00563   0.00000   0.00000   0.01127   0.00563   0.00280   0.00562   0.00856   0.00853   0.00849   0.01427   0.02014   0.02027   0.00000   0.03750   0.00476   0.03464   0.00408   0.01462   0.03778   0.01627   0.03590   0.11036   3.21374   8.51297   5.94256   0.01444  
 78  0.5537   2434.633966  x:  0.00042   0.01116   0.00556   0.00563   0.00000   0.00282   0.00284   0.00564   0.00000   0.00000   0.01131   0.00561   0.00280   0.00561   0.00855   0.00853   0.00848   0.01427   0.02018   0.02035   0.00000   0.03749   0.00478   0.03462   0.00408   0.01462   0.03776   0.01618   0.03580   0.11034   3.21476   9.38474   6.81156   0.01448  
 79  0.5338   2434.633818  x:  0.00054   0.01114   0.00558   0.00563   0.00000   0.00281   0.00284   0.00564   0.00000   0.00000   0.01126   0.00562   0.00280   0.00561   0.00856   0.00852   0.00848   0.01426   0.02018   0.02030   0.00000   0.03748   0.00477   0.03463   0.00408   0.01462   0.03776   0.01608   0.03586   0.11033   3.21375  10.16414   7.59170   0.01450  
 80  0.4881   2434.633753  x:  0.00064   0.01115   0.00557   0.00563   0.00000   0.00282   0.00284   0.00564   0.00000   0.00000   0.01130   0.00562   0.00280   0.00561   0.00856   0.00853   0.00849   0.01427   0.02018   0.02032   0.00000   0.03749   0.00477   0.03462   0.00408   0.01462   0.03777   0.01598   0.03583   0.11034   3.21489  11.03425   8.46306   0.01445  
 81  0.5084   2434.633725  x:  0.00074   0.01115   0.00557   0.00563   0.00000   0.00281   0.00284   0.00564   0.00000   0.00000   0.01128   0.00562   0.00280   0.00561   0.00856   0.00853   0.00848   0.01426   0.02018   0.02032   0.00000   0.03748   0.00477   0.03462   0.00408   0.01462   0.03776   0.01588   0.03584   0.11034   3.21372  11.87752   9.30518   0.01449  
 82  0.5097   2434.633714  x:  0.00083   0.01115   0.00557   0.00563   0.00000   0.00282   0.00284   0.00564   0.00000   0.00000   0.01129   0.00562   0.00280   0.00561   0.00856   0.00853   0.00849   0.01427   0.02018   0.02031   0.00000   0.03748   0.00477   0.03463   0.00408   0.01462   0.03777   0.01579   0.03584   0.11034   3.21459  12.64294  10.07114   0.01447  
 83  0.5015   2434.633708  x:  0.00095   0.01115   0.00557   0.00563   0.00000   0.00281   0.00284   0.00564   0.00000   0.00000   0.01129   0.00562   0.00280   0.00561   0.00856   0.00853   0.00848   0.01427   0.02018   0.02032   0.00000   0.03749   0.00477   0.03462   0.00408   0.01462   0.03776   0.01567   0.03584   0.11034   3.21414  13.62026  11.04829   0.01447  
 84  0.5554   2434.633706  x:  0.00101   0.01115   0.00557   0.00563   0.00000   0.00282   0.00284   0.00564   0.00000   0.00000   0.01128   0.00562   0.00280   0.00561   0.00856   0.00853   0.00848   0.01427   0.02018   0.02032   0.00000   0.03748   0.00477   0.03463   0.00408   0.01462   0.03777   0.01560   0.03584   0.11034   3.21421  14.16444  11.59240   0.01448  
 85  0.4940   2434.633704  x:  0.00119   0.01115   0.00557   0.00563   0.00000   0.00282   0.00284   0.00564   0.00000   0.00000   0.01129   0.00562   0.00280   0.00561   0.00856   0.00853   0.00849   0.01427   0.02018   0.02031   0.00000   0.03748   0.00477   0.03463   0.00408   0.01462   0.03777   0.01543   0.03584   0.11034   3.21446  15.64426  13.07241   0.01448  
 86  0.6365   2434.633704  x:  0.00129   0.01115   0.00557   0.00563   0.00000   0.00281   0.00284   0.00564   0.00000   0.00000   0.01129   0.00562   0.00280   0.00561   0.00856   0.00853   0.00848   0.01427   0.02018   0.02032   0.00000   0.03748   0.00477   0.03462   0.00408   0.01462   0.03777   0.01533   0.03584   0.11034   3.21422  16.46598  13.89402   0.01448  
 87  0.7263   2434.633704  x:  0.00157   0.01115   0.00557   0.00563   0.00000   0.00281   0.00284   0.00564   0.00000   0.00000   0.01129   0.00562   0.00280   0.00561   0.00856   0.00853   0.00848   0.01427   0.02018   0.02031   0.00000   0.03748   0.00477   0.03463   0.00408   0.01462   0.03777   0.01505   0.03584   0.11034   3.21427  18.83950  16.26747   0.01448  
 88  0.8339   2434.633704  x:  0.00202   0.01115   0.00557   0.00563   0.00000   0.00281   0.00284   0.00564   0.00000   0.00000   0.01129   0.00562   0.00280   0.00561   0.00856   0.00853   0.00848   0.01427   0.02018   0.02031   0.00000   0.03748   0.00477   0.03463   0.00408   0.01462   0.03777   0.01460   0.03584   0.11034   3.21429  22.65400  20.08201   0.01448  
 89  3.8106   2434.633704  x:  0.00202   0.01115   0.00557   0.00563   0.00000   0.00281   0.00284   0.00564   0.00000   0.00000   0.01129   0.00562   0.00280   0.00561   0.00856   0.00853   0.00848   0.01427   0.02018   0.02031   0.00000   0.03748   0.00477   0.03463   0.00408   0.01462   0.03777   0.01460   0.03584   0.11034   3.21429  22.65069  20.07870   0.01448  
 90  5.3908   2434.633704  x:  0.00202   0.01115   0.00557   0.00563   0.00000   0.00281   0.00284   0.00564   0.00000   0.00000   0.01129   0.00562   0.00280   0.00561   0.00856   0.00853   0.00848   0.01427   0.02018   0.02031   0.00000   0.03748   0.00477   0.03463   0.00408   0.01462   0.03777   0.01460   0.03584   0.11034   3.21429  22.65069  20.07870   0.01448  
 91 21.1252   2434.633704  x:  0.00202   0.01115   0.00557   0.00563   0.00000   0.00281   0.00284   0.00564   0.00000   0.00000   0.01129   0.00562   0.00280   0.00561   0.00856   0.00853   0.00848   0.01427   0.02018   0.02031   0.00000   0.03748   0.00477   0.03463   0.00408   0.01462   0.03777   0.01460   0.03584   0.11034   3.21426  22.65020  20.07821   0.01448  
 92  1.0633   2434.633704  x:  0.00202   0.01115   0.00557   0.00563   0.00000   0.00281   0.00284   0.00564   0.00000   0.00000   0.01129   0.00562   0.00280   0.00561   0.00856   0.00853   0.00848   0.01427   0.02018   0.02031   0.00000   0.03748   0.00477   0.03463   0.00408   0.01462   0.03777   0.01460   0.03584   0.11034   3.21413  22.64771  20.07570   0.01448  