Supplemental results for CODEML (seqf: /Users/YY/Desktop/get/branch_site/modify/modify_trim_muscle_rps18.fa  treef: /Users/YY/Desktop/get/branch_site/16gene_topu.tree)


dN/dS (w) for site classes (K=4)

site class             0        1       2a       2b
proportion       0.71449  0.28551  0.00000  0.00000
background w     0.00000  1.00000  0.00000  1.00000
foreground w     0.00000  1.00000  1.00000  1.00000

Naive Empirical Bayes (NEB) probabilities for 4 classes
(amino acids refer to 1st sequence: KM035850)

   1 M   0.82929 0.17071 0.00000 0.00000 ( 1)
   2 D   0.81483 0.18517 0.00000 0.00000 ( 1)
   3 K   0.81638 0.18362 0.00000 0.00000 ( 1)
   4 S   0.00000 1.00000 0.00000 0.00000 ( 2)
   5 K   0.78589 0.21411 0.00000 0.00000 ( 1)
   6 R   0.75700 0.24300 0.00000 0.00000 ( 1)
   7 P   0.79619 0.20381 0.00000 0.00000 ( 1)
   8 F   0.81133 0.18867 0.00000 0.00000 ( 1)
   9 L   0.80129 0.19871 0.00000 0.00000 ( 1)
  10 K   0.81638 0.18362 0.00000 0.00000 ( 1)
  11 S   0.73842 0.26158 0.00000 0.00000 ( 1)
  12 K   0.00000 1.00000 0.00000 0.00000 ( 2)
  13 R   0.75998 0.24002 0.00000 0.00000 ( 1)
  14 S   0.79568 0.20432 0.00000 0.00000 ( 1)
  15 F   0.81133 0.18867 0.00000 0.00000 ( 1)
  16 R   0.79839 0.20161 0.00000 0.00000 ( 1)
  17 R   0.00000 1.00000 0.00000 0.00000 ( 2)
  18 R   0.79839 0.20161 0.00000 0.00000 ( 1)
  19 L   0.75324 0.24676 0.00000 0.00000 ( 1)
  20 P   0.00000 1.00000 0.00000 0.00000 ( 2)
  21 P   0.75939 0.24061 0.00000 0.00000 ( 1)
  22 I   0.80817 0.19183 0.00000 0.00000 ( 1)
  23 Q   0.00000 1.00000 0.00000 0.00000 ( 2)
  24 S   0.75476 0.24524 0.00000 0.00000 ( 1)
  25 G   0.76160 0.23840 0.00000 0.00000 ( 1)
  26 D   0.81483 0.18517 0.00000 0.00000 ( 1)
  27 R   0.76348 0.23652 0.00000 0.00000 ( 1)
  28 I   0.82111 0.17889 0.00000 0.00000 ( 1)
  29 D   0.81483 0.18517 0.00000 0.00000 ( 1)
  30 Y   0.80152 0.19848 0.00000 0.00000 ( 1)
  31 R   0.81186 0.18814 0.00000 0.00000 ( 1)
  32 N   0.76710 0.23290 0.00000 0.00000 ( 1)
  33 M   0.82929 0.17071 0.00000 0.00000 ( 1)
  34 S   0.83264 0.16736 0.00000 0.00000 ( 1)
  35 L   0.76512 0.23488 0.00000 0.00000 ( 1)
  36 I   0.82111 0.17889 0.00000 0.00000 ( 1)
  37 S   0.83264 0.16736 0.00000 0.00000 ( 1)
  38 R   0.75998 0.24002 0.00000 0.00000 ( 1)
  39 F   0.81133 0.18867 0.00000 0.00000 ( 1)
  40 I   0.82111 0.17889 0.00000 0.00000 ( 1)
  41 S   0.76391 0.23609 0.00000 0.00000 ( 1)
  42 E   0.79859 0.20141 0.00000 0.00000 ( 1)
  43 Q   0.77866 0.22134 0.00000 0.00000 ( 1)
  44 G   0.78577 0.21423 0.00000 0.00000 ( 1)
  45 K   0.81638 0.18362 0.00000 0.00000 ( 1)
  46 I   0.82737 0.17263 0.00000 0.00000 ( 1)
  47 L   0.76512 0.23488 0.00000 0.00000 ( 1)
  48 S   0.79568 0.20432 0.00000 0.00000 ( 1)
  49 R   0.81186 0.18814 0.00000 0.00000 ( 1)
  50 R   0.75423 0.24577 0.00000 0.00000 ( 1)
  51 V   0.76681 0.23319 0.00000 0.00000 ( 1)
  52 N   0.83324 0.16676 0.00000 0.00000 ( 1)
  53 R   0.81186 0.18814 0.00000 0.00000 ( 1)
  54 L   0.75324 0.24676 0.00000 0.00000 ( 1)
  55 T   0.74619 0.25381 0.00000 0.00000 ( 1)
  56 L   0.75324 0.24676 0.00000 0.00000 ( 1)
  57 K   0.81638 0.18362 0.00000 0.00000 ( 1)
  58 Q   0.77962 0.22038 0.00000 0.00000 ( 1)
  59 Q   0.77962 0.22038 0.00000 0.00000 ( 1)
  60 R   0.75998 0.24002 0.00000 0.00000 ( 1)
  61 L   0.76512 0.23488 0.00000 0.00000 ( 1)
  62 I   0.82111 0.17889 0.00000 0.00000 ( 1)
  63 T   0.81862 0.18138 0.00000 0.00000 ( 1)
  64 I   0.82111 0.17889 0.00000 0.00000 ( 1)
  65 A   0.79610 0.20390 0.00000 0.00000 ( 1)
  66 I   0.82737 0.17263 0.00000 0.00000 ( 1)
  67 K   0.81430 0.18570 0.00000 0.00000 ( 1)
  68 Q   0.77817 0.22183 0.00000 0.00000 ( 1)
  69 A   0.79610 0.20390 0.00000 0.00000 ( 1)
  70 R   0.79839 0.20161 0.00000 0.00000 ( 1)
  71 I   0.82111 0.17889 0.00000 0.00000 ( 1)
  72 L   0.76512 0.23488 0.00000 0.00000 ( 1)
  73 S   0.79568 0.20432 0.00000 0.00000 ( 1)
  74 L   0.75324 0.24676 0.00000 0.00000 ( 1)
  75 L   0.76512 0.23488 0.00000 0.00000 ( 1)
  76 P   0.78846 0.21154 0.00000 0.00000 ( 1)
  77 F   0.81133 0.18867 0.00000 0.00000 ( 1)
  78 L   0.80129 0.19871 0.00000 0.00000 ( 1)
  79 N   0.83324 0.16676 0.00000 0.00000 ( 1)
  80 N   0.83324 0.16676 0.00000 0.00000 ( 1)
  81 E   0.76936 0.23064 0.00000 0.00000 ( 1)
  82 K   0.81638 0.18362 0.00000 0.00000 ( 1)
  83 Q   0.76138 0.23862 0.00000 0.00000 ( 1)
  84 F   0.81133 0.18867 0.00000 0.00000 ( 1)
  85 E   0.79859 0.20141 0.00000 0.00000 ( 1)
  86 R   0.81186 0.18814 0.00000 0.00000 ( 1)
  87 T   0.75193 0.24807 0.00000 0.00000 ( 1)
  88 E   0.76936 0.23064 0.00000 0.00000 ( 1)
  89 L   0.00000 1.00000 0.00000 0.00000 ( 2)
  90 T   0.00000 1.00000 0.00000 0.00000 ( 2)
  91 T   0.00000 1.00000 0.00000 0.00000 ( 2)
  92 R   0.00000 1.00000 0.00000 0.00000 ( 2)
  93 T   0.81862 0.18138 0.00000 0.00000 ( 1)
  94 A   0.75931 0.24069 0.00000 0.00000 ( 1)
  95 G   0.79997 0.20003 0.00000 0.00000 ( 1)
  96 L   0.00000 1.00000 0.00000 0.00000 ( 2)
  97 R   0.75998 0.24002 0.00000 0.00000 ( 1)
  98 A   0.73854 0.26146 0.00000 0.00000 ( 1)
  99 R   0.81186 0.18814 0.00000 0.00000 ( 1)
 100 N   0.83324 0.16676 0.00000 0.00000 ( 1)
 101 K   0.81638 0.18362 0.00000 0.00000 ( 1)


lnL =  -558.916213

