

TREE # 1

  0  0.0000    619.690159  x:  0.00000   0.01636   0.04463   0.01624   0.05337   0.05264   0.03080   0.03066   0.05233   0.02463   0.03922   0.01959   0.02307   0.01238   0.01521   0.05624   0.04342   0.02483   0.04152   0.04533   0.05545   0.02831   0.00987   0.01998   0.00706   0.05851   0.04614   0.04088   0.05863   0.02923   2.00000   1.09989   0.02896   0.27919  
  1 99.0000    619.686926  x:  0.00000   0.01636   0.04463   0.01624   0.05337   0.05263   0.03080   0.03066   0.05232   0.02463   0.03921   0.01959   0.02307   0.01237   0.01521   0.05624   0.04342   0.02483   0.04152   0.04533   0.05545   0.02830   0.00987   0.01998   0.00706   0.05851   0.04613   0.04088   0.05862   0.02923   2.00000   1.09989   0.02896   0.27919  
  2 383.1900    607.963630  x:  0.00000   0.01466   0.03756   0.00914   0.04626   0.04553   0.02647   0.02355   0.04528   0.02412   0.03217   0.01245   0.01998   0.00525   0.00804   0.05225   0.03630   0.02143   0.03659   0.04536   0.04843   0.02115   0.00269   0.01748   0.00000   0.05292   0.04447   0.03838   0.05164   0.03166   2.00013   1.09984   0.02903   0.27723  
  3 87035.4809    603.664841  x:  0.00000   0.01375   0.03491   0.00649   0.04360   0.04288   0.02403   0.02088   0.04266   0.02393   0.02955   0.00977   0.01805   0.00259   0.00536   0.05046   0.03363   0.01935   0.03427   0.04553   0.04580   0.01847   0.00000   0.01588   0.00000   0.05061   0.04370   0.03836   0.04899   0.03164   2.00017   1.09976   0.02911   0.27578  
  4 9876.4275    599.728358  x:  0.00000   0.01461   0.03230   0.00392   0.04097   0.04028   0.02156   0.01822   0.04010   0.02374   0.02700   0.00710   0.01785   0.00000   0.00271   0.04810   0.03097   0.01852   0.03123   0.04570   0.04323   0.01581   0.00000   0.01685   0.00000   0.04787   0.04270   0.04036   0.04632   0.03338   2.00018   1.09944   0.02945   0.27160  
  5 1315.9428    596.133908  x:  0.00000   0.01300   0.02964   0.00133   0.03828   0.03763   0.02153   0.01550   0.03752   0.02372   0.02441   0.00437   0.01832   0.00000   0.00000   0.04625   0.02825   0.01921   0.02914   0.04559   0.04062   0.01308   0.00000   0.01612   0.00000   0.04532   0.04220   0.04120   0.04358   0.03394   2.00018   1.09897   0.02993   0.26572  
  6 1520.6392    594.458840  x:  0.00000   0.01319   0.02828   0.00000   0.03691   0.03628   0.02170   0.01411   0.03620   0.02368   0.02309   0.00297   0.01802   0.00000   0.00000   0.04566   0.02686   0.01907   0.02864   0.04554   0.03931   0.01170   0.00000   0.01572   0.00000   0.04427   0.04210   0.04101   0.04219   0.03412   2.00017   1.09871   0.03020   0.26251  
  7 3646.8184    591.202426  x:  0.00000   0.01284   0.02540   0.00000   0.03399   0.03343   0.02139   0.01116   0.03337   0.02361   0.02027   0.00000   0.01746   0.00000   0.00000   0.04484   0.02392   0.01842   0.02810   0.04548   0.03650   0.00875   0.00000   0.01578   0.00000   0.04246   0.04191   0.04042   0.03925   0.03435   2.00015   1.09818   0.03075   0.25587  
  8 13856.1848    582.511241  x:  0.00000   0.01248   0.01686   0.00000   0.02534   0.02501   0.01914   0.00240   0.02492   0.02346   0.01182   0.00000   0.01698   0.00000   0.00000   0.04330   0.01520   0.01741   0.02695   0.04550   0.02819   0.00000   0.00000   0.01423   0.00000   0.03864   0.04107   0.03927   0.03056   0.03533   2.00009   1.09673   0.03227   0.23735  
  9 22796.6462    580.360578  x:  0.00000   0.01236   0.01453   0.00000   0.02298   0.02270   0.01865   0.00000   0.02259   0.02340   0.00949   0.00000   0.01672   0.00000   0.00000   0.04288   0.01282   0.01714   0.02657   0.04550   0.02592   0.00000   0.00000   0.01387   0.00000   0.03773   0.04083   0.03904   0.02819   0.03562   2.00007   1.09634   0.03268   0.23240  
 10 202030.5615    572.457153  x:  0.00000   0.01183   0.00498   0.00000   0.01330   0.01327   0.01660   0.00000   0.01310   0.02315   0.00000   0.00000   0.01541   0.00000   0.00000   0.04127   0.00306   0.01625   0.02507   0.04553   0.01663   0.00000   0.00000   0.01235   0.00000   0.03390   0.03979   0.03819   0.01846   0.03690   2.00000   1.09476   0.03434   0.21210  
 11 455923.0231    570.276514  x:  0.00000   0.01167   0.00200   0.00000   0.01027   0.01032   0.01621   0.00000   0.01013   0.02300   0.00000   0.00000   0.01540   0.00000   0.00000   0.04075   0.00000   0.01551   0.02448   0.04558   0.01372   0.00000   0.00000   0.01185   0.00000   0.03302   0.03939   0.03795   0.01542   0.03727   1.99998   1.09427   0.03485   0.20586  
 12 12941.4977    569.015691  x:  0.00000   0.01159   0.00000   0.00000   0.00826   0.00836   0.01580   0.00000   0.00816   0.02295   0.00000   0.00000   0.01518   0.00000   0.00000   0.04036   0.00000   0.01538   0.02410   0.04559   0.01178   0.00000   0.00000   0.01159   0.00000   0.03250   0.03916   0.03770   0.01340   0.03745   1.99997   1.09395   0.03519   0.20174  
 13 19031.6575    564.912484  x:  0.00000   0.01110   0.00000   0.00000   0.00000   0.00028   0.01519   0.00000   0.00049   0.02246   0.00000   0.00000   0.01432   0.00000   0.00000   0.04028   0.00000   0.01433   0.02459   0.04561   0.00379   0.00000   0.00000   0.01046   0.00000   0.02974   0.03885   0.03883   0.00514   0.03872   1.99992   1.09283   0.03637   0.18724  
 14 2933.7383    564.795130  x:  0.00000   0.01110   0.00000   0.00000   0.00000   0.00000   0.01516   0.00000   0.00024   0.02247   0.00000   0.00000   0.01431   0.00000   0.00000   0.04027   0.00000   0.01430   0.02453   0.04562   0.00351   0.00000   0.00000   0.01044   0.00000   0.02968   0.03882   0.03880   0.00485   0.03873   1.99991   1.09280   0.03640   0.18678  
 15 2945.1078    564.712442  x:  0.00000   0.01109   0.00000   0.00000   0.00000   0.00000   0.01513   0.00000   0.00000   0.02239   0.00000   0.00000   0.01431   0.00000   0.00000   0.04022   0.00000   0.01428   0.02450   0.04561   0.00326   0.00000   0.00000   0.01041   0.00000   0.02965   0.03881   0.03878   0.00459   0.03874   1.99991   1.09277   0.03643   0.18638  
 16 3129.8976    563.992697  x:  0.00000   0.01101   0.00000   0.00000   0.00000   0.00000   0.01483   0.00000   0.00000   0.02281   0.00000   0.00000   0.01419   0.00000   0.00000   0.03911   0.00000   0.01397   0.02466   0.04539   0.00000   0.00000   0.00000   0.01015   0.00000   0.02950   0.03895   0.03874   0.00126   0.03899   1.99991   1.09249   0.03673   0.18239  
 17 1051.5888    563.847860  x:  0.00000   0.01099   0.00000   0.00000   0.00000   0.00000   0.01479   0.00000   0.00000   0.02279   0.00000   0.00000   0.01414   0.00000   0.00000   0.03913   0.00000   0.01394   0.02462   0.04551   0.00000   0.00000   0.00000   0.01010   0.00000   0.02932   0.03880   0.03872   0.00000   0.03902   1.99991   1.09243   0.03680   0.18138  
 18 448.7080    563.041026  x:  0.00000   0.01092   0.00000   0.00000   0.00000   0.00000   0.01135   0.00000   0.00000   0.02328   0.00000   0.00000   0.01428   0.00000   0.00000   0.04751   0.00000   0.01198   0.01582   0.03256   0.00000   0.00000   0.00000   0.00919   0.00000   0.01461   0.04586   0.03575   0.00000   0.03971   2.00086   1.09253   0.03703   0.16081  
 19 51.5552    562.846372  x:  0.00000   0.01118   0.00000   0.00000   0.00000   0.00000   0.01161   0.00000   0.00000   0.02327   0.00000   0.00000   0.01535   0.00000   0.00000   0.04381   0.00000   0.01208   0.01586   0.03809   0.00000   0.00000   0.00000   0.00999   0.00000   0.00933   0.05052   0.03376   0.00000   0.03882   2.00248   1.09489   0.03491   0.16511  
 20 12.5248    561.699947  x:  0.00000   0.01112   0.00000   0.00000   0.00000   0.00000   0.01777   0.00000   0.00000   0.02098   0.00000   0.00000   0.01366   0.00000   0.00000   0.02241   0.00000   0.00968   0.01173   0.03004   0.00000   0.00000   0.00000   0.01309   0.00000   0.00697   0.03733   0.02545   0.00000   0.03706   2.01947   1.11292   0.01918   0.14576  
 21  9.6817    561.521699  x:  0.00000   0.01082   0.00000   0.00000   0.00000   0.00000   0.01828   0.00000   0.00000   0.02073   0.00000   0.00000   0.01276   0.00000   0.00000   0.02133   0.00000   0.00896   0.00748   0.03245   0.00000   0.00000   0.00000   0.01315   0.00000   0.00869   0.04131   0.02464   0.00000   0.03765   2.02285   1.11551   0.01706   0.13034  
 22 48.9571    560.640009  x:  0.00000   0.01218   0.00000   0.00000   0.00000   0.00000   0.01349   0.00000   0.00000   0.02065   0.00000   0.00000   0.01634   0.00000   0.00000   0.01813   0.00000   0.00985   0.00998   0.03337   0.00000   0.00000   0.00000   0.01478   0.00000   0.01148   0.04537   0.01847   0.00000   0.03319   2.05305   1.13612  -0.00005   0.00000  
 23 14.4649    560.640009  x:  0.00000   0.01218   0.00000   0.00000   0.00000   0.00000   0.01349   0.00000   0.00000   0.02065   0.00000   0.00000   0.01634   0.00000   0.00000   0.01813   0.00000   0.00985   0.00998   0.03337   0.00000   0.00000   0.00000   0.01478   0.00000   0.01148   0.04537   0.01847   0.00000   0.03319   2.05305   1.13612  -0.00005   0.00000  
 24  2.7018    560.089164  x:  0.00272   0.00979   0.00000   0.00000   0.00000   0.00000   0.00938   0.00000   0.00000   0.02112   0.00000   0.00000   0.01005   0.00000   0.00000   0.02121   0.00000   0.01112   0.01113   0.03840   0.00000   0.00000   0.00000   0.00964   0.00000   0.01005   0.04014   0.02119   0.00000   0.03844   2.05330   1.13603   0.00008   0.00000  
 25 73.6813    559.942104  x:  0.00090   0.01098   0.00000   0.00000   0.00000   0.00000   0.01092   0.00000   0.00000   0.02132   0.00000   0.00000   0.00957   0.00000   0.00000   0.02211   0.00000   0.01022   0.01035   0.04251   0.00000   0.00000   0.00000   0.01045   0.00000   0.01086   0.03388   0.01936   0.00000   0.04272   2.05371   1.13588   0.00028   0.00000  
 26 37.3840    559.925948  x:  0.00127   0.01068   0.00000   0.00000   0.00000   0.00000   0.01060   0.00000   0.00000   0.02126   0.00000   0.00000   0.01099   0.00000   0.00000   0.02168   0.00000   0.01049   0.01056   0.04306   0.00000   0.00000   0.00000   0.01077   0.00000   0.01064   0.03245   0.01974   0.00000   0.04329   2.05394   1.13580   0.00040   0.00000  
 27 17.4995    559.923932  x:  0.00133   0.01066   0.00000   0.00000   0.00000   0.00000   0.01061   0.00000   0.00000   0.02117   0.00000   0.00000   0.01071   0.00000   0.00000   0.02094   0.00000   0.01050   0.01059   0.04288   0.00000   0.00000   0.00000   0.01079   0.00000   0.01063   0.03193   0.01980   0.00000   0.04312   2.05434   1.13566   0.00060   0.00000  
 28  3.8750    559.922703  x:  0.00117   0.01062   0.00000   0.00000   0.00000   0.00000   0.01048   0.00000   0.00000   0.02113   0.00000   0.00000   0.01079   0.00000   0.00000   0.02098   0.00000   0.01043   0.01048   0.04262   0.00000   0.00000   0.00000   0.01045   0.00000   0.01058   0.03156   0.01964   0.00000   0.04285   2.05532   1.13531   0.00108   0.00000  
 29  2.4470    559.917947  x:  0.00135   0.01061   0.00000   0.00000   0.00000   0.00000   0.01060   0.00000   0.00000   0.02111   0.00000   0.00000   0.01060   0.00000   0.00000   0.02177   0.00000   0.01049   0.01058   0.04192   0.00000   0.00000   0.00000   0.01078   0.00000   0.01059   0.03067   0.01982   0.00000   0.04215   2.06016   1.13361   0.00346   0.00000  
 30  7.4861    559.637814  x:  0.00159   0.01349   0.00000   0.00000   0.00000   0.00000   0.00969   0.00000   0.00000   0.02413   0.00000   0.00000   0.01118   0.00000   0.00000   0.02148   0.00000   0.01231   0.01212   0.04268   0.00000   0.00000   0.00000   0.01016   0.00000   0.01331   0.03191   0.02005   0.00000   0.04302   2.38418   1.02071   0.16223   0.00000  
 31 19.7294    559.512744  x:  0.00162   0.01063   0.00000   0.00000   0.00000   0.00000   0.01102   0.00000   0.00000   0.02328   0.00000   0.00000   0.01104   0.00000   0.00000   0.02142   0.00000   0.01050   0.01056   0.04338   0.00000   0.00000   0.00000   0.01092   0.00000   0.01059   0.03285   0.02008   0.00000   0.04371   2.51781   0.97432   0.22754   0.00000  
 32 730.9520    559.504800  x:  0.00141   0.01064   0.00000   0.00000   0.00000   0.00000   0.01060   0.00000   0.00000   0.02155   0.00000   0.00000   0.01097   0.00000   0.00000   0.02155   0.00000   0.01064   0.01076   0.04352   0.00000   0.00000   0.00000   0.01116   0.00000   0.01065   0.03299   0.01987   0.00000   0.04380   2.52659   0.97154   0.23158   0.00000  
 33 44.2853    559.504115  x:  0.00154   0.01075   0.00000   0.00000   0.00000   0.00000   0.01080   0.00000   0.00000   0.02131   0.00000   0.00000   0.01102   0.00000   0.00000   0.02157   0.00000   0.01062   0.01069   0.04354   0.00000   0.00000   0.00000   0.01098   0.00000   0.01072   0.03299   0.02000   0.00000   0.04380   2.52749   0.97146   0.23180   0.00000  
 34  5.9180    559.397660  x:  0.00095   0.00976   0.00000   0.00000   0.00000   0.00000   0.01216   0.00000   0.00000   0.02118   0.00000   0.00000   0.01090   0.00000   0.00000   0.02143   0.00000   0.01147   0.01247   0.04756   0.00000   0.00000   0.00000   0.01016   0.00000   0.01021   0.03257   0.01940   0.00000   0.03946   2.72434   1.02969   0.20757   0.00000  
 35  2.7336    559.296336  x:  0.00162   0.01082   0.00000   0.00000   0.00000   0.00000   0.01003   0.00000   0.00000   0.02114   0.00000   0.00000   0.01067   0.00000   0.00000   0.02131   0.00000   0.00989   0.00996   0.04873   0.00000   0.00000   0.00000   0.01096   0.00000   0.01043   0.03224   0.02006   0.00000   0.03798   2.90439   1.08309   0.18529   0.00000  
 36 660.3213    559.183191  x:  0.00135   0.00995   0.00000   0.00000   0.00000   0.00000   0.01050   0.00000   0.00000   0.02082   0.00000   0.00000   0.01049   0.00000   0.00000   0.02113   0.00000   0.01086   0.00971   0.04274   0.00000   0.00000   0.00000   0.01064   0.00000   0.01058   0.03194   0.01978   0.00000   0.04345   3.11287   1.14508   0.15941   0.00000  
 37 363.5591    559.178684  x:  0.00138   0.01027   0.00000   0.00000   0.00000   0.00000   0.01048   0.00000   0.00000   0.02081   0.00000   0.00000   0.01051   0.00000   0.00000   0.02113   0.00000   0.01026   0.01029   0.04244   0.00000   0.00000   0.00000   0.01057   0.00000   0.01026   0.03193   0.01981   0.00000   0.04374   3.12113   1.14754   0.15840   0.00000  
 38 78.6492    559.178630  x:  0.00138   0.01022   0.00000   0.00000   0.00000   0.00000   0.01047   0.00000   0.00000   0.02081   0.00000   0.00000   0.01052   0.00000   0.00000   0.02113   0.00000   0.01021   0.01031   0.04244   0.00000   0.00000   0.00000   0.01057   0.00000   0.01033   0.03193   0.01982   0.00000   0.04374   3.12142   1.14763   0.15859   0.00000  
 39  0.2495    559.112004  x:  0.00153   0.01091   0.00000   0.00000   0.00000   0.00000   0.01046   0.00000   0.00000   0.02151   0.00000   0.00000   0.01063   0.00000   0.00000   0.02161   0.00000   0.01084   0.01090   0.04310   0.00000   0.00000   0.00000   0.01068   0.00000   0.01095   0.03204   0.01987   0.00000   0.04354   3.50008   1.27674   0.41984   0.00000  
 40  3.2664    559.080713  x:  0.00159   0.01014   0.00000   0.00000   0.00000   0.00000   0.01048   0.00000   0.00000   0.02089   0.00000   0.00000   0.01061   0.00000   0.00000   0.02114   0.00000   0.01017   0.01031   0.04310   0.00000   0.00000   0.00000   0.01039   0.00000   0.00998   0.03197   0.01974   0.00000   0.04262   3.70406   1.62243   0.70624   0.00000  
 41  0.1616    559.010687  x:  0.00145   0.01132   0.00000   0.00000   0.00000   0.00000   0.01077   0.00000   0.00000   0.02175   0.00000   0.00000   0.01062   0.00000   0.00000   0.02144   0.00000   0.01135   0.01114   0.04341   0.00000   0.00000   0.00000   0.01091   0.00000   0.01192   0.03203   0.01942   0.00000   0.04276   3.76416   2.75370   1.80862   0.00000  
 42  0.2889    558.942602  x:  0.00198   0.01046   0.00000   0.00000   0.00000   0.00000   0.01043   0.00000   0.00000   0.02106   0.00000   0.00000   0.01056   0.00000   0.00000   0.02160   0.00000   0.01045   0.01051   0.04276   0.00000   0.00000   0.00000   0.01062   0.00000   0.01055   0.03209   0.01965   0.00000   0.04404   3.47906   3.72197   2.85102   0.00000  
 43  0.6644    558.927787  x:  0.00193   0.01056   0.00000   0.00000   0.00000   0.00000   0.01070   0.00000   0.00000   0.02130   0.00000   0.00000   0.01065   0.00000   0.00000   0.02129   0.00000   0.01055   0.01064   0.04326   0.00000   0.00000   0.00000   0.01054   0.00000   0.01047   0.03201   0.01934   0.00000   0.04313   3.40690   4.52016   3.58142   0.00000  
 44  0.6029    558.920372  x:  0.00204   0.01066   0.00000   0.00000   0.00000   0.00000   0.01044   0.00000   0.00000   0.02112   0.00000   0.00000   0.01058   0.00000   0.00000   0.02149   0.00000   0.01062   0.01065   0.04273   0.00000   0.00000   0.00000   0.01070   0.00000   0.01073   0.03207   0.01925   0.00000   0.04325   3.48404   5.62814   4.72334   0.00000  
 45  0.4877    558.917938  x:  0.00218   0.01055   0.00000   0.00000   0.00000   0.00000   0.01066   0.00000   0.00000   0.02133   0.00000   0.00000   0.01063   0.00000   0.00000   0.02138   0.00000   0.01053   0.01063   0.04329   0.00000   0.00000   0.00000   0.01054   0.00000   0.01052   0.03200   0.01922   0.00000   0.04336   3.44058   6.41240   5.49239   0.00000  
 46  0.5516    558.916885  x:  0.00219   0.01062   0.00000   0.00000   0.00000   0.00000   0.01054   0.00000   0.00000   0.02114   0.00000   0.00000   0.01061   0.00000   0.00000   0.02139   0.00000   0.01061   0.01064   0.04281   0.00000   0.00000   0.00000   0.01066   0.00000   0.01064   0.03209   0.01905   0.00000   0.04328   3.45535   7.48590   6.56704   0.00000  
 47  0.5185    558.916494  x:  0.00231   0.01059   0.00000   0.00000   0.00000   0.00000   0.01059   0.00000   0.00000   0.02128   0.00000   0.00000   0.01061   0.00000   0.00000   0.02142   0.00000   0.01056   0.01064   0.04317   0.00000   0.00000   0.00000   0.01058   0.00000   0.01059   0.03202   0.01907   0.00000   0.04333   3.45274   8.21371   7.29812   0.00000  
 48  0.5250    558.916318  x:  0.00235   0.01058   0.00000   0.00000   0.00000   0.00000   0.01060   0.00000   0.00000   0.02120   0.00000   0.00000   0.01062   0.00000   0.00000   0.02138   0.00000   0.01057   0.01064   0.04296   0.00000   0.00000   0.00000   0.01060   0.00000   0.01059   0.03205   0.01895   0.00000   0.04329   3.44945   9.35775   8.43848   0.00000  
 49  0.5178    558.916257  x:  0.00241   0.01060   0.00000   0.00000   0.00000   0.00000   0.01057   0.00000   0.00000   0.02125   0.00000   0.00000   0.01061   0.00000   0.00000   0.02142   0.00000   0.01057   0.01064   0.04310   0.00000   0.00000   0.00000   0.01060   0.00000   0.01060   0.03203   0.01894   0.00000   0.04332   3.45333  10.08189   9.16538   0.00000  
 50  0.5094    558.916231  x:  0.00244   0.01058   0.00000   0.00000   0.00000   0.00000   0.01060   0.00000   0.00000   0.02123   0.00000   0.00000   0.01062   0.00000   0.00000   0.02139   0.00000   0.01057   0.01064   0.04302   0.00000   0.00000   0.00000   0.01060   0.00000   0.01058   0.03204   0.01889   0.00000   0.04331   3.45087  11.10924  10.19152   0.00000  
 51  0.4775    558.916220  x:  0.00246   0.01060   0.00000   0.00000   0.00000   0.00000   0.01058   0.00000   0.00000   0.02124   0.00000   0.00000   0.01061   0.00000   0.00000   0.02141   0.00000   0.01057   0.01064   0.04307   0.00000   0.00000   0.00000   0.01060   0.00000   0.01060   0.03204   0.01887   0.00000   0.04332   3.45235  11.85111  10.93388   0.00000  
 52  0.4984    558.916216  x:  0.00248   0.01059   0.00000   0.00000   0.00000   0.00000   0.01059   0.00000   0.00000   0.02124   0.00000   0.00000   0.01062   0.00000   0.00000   0.02140   0.00000   0.01057   0.01064   0.04304   0.00000   0.00000   0.00000   0.01060   0.00000   0.01059   0.03204   0.01886   0.00000   0.04331   3.45176  12.90139  11.98413   0.00000  
 53  0.4927    558.916214  x:  0.00249   0.01059   0.00000   0.00000   0.00000   0.00000   0.01058   0.00000   0.00000   0.02123   0.00000   0.00000   0.01061   0.00000   0.00000   0.02140   0.00000   0.01057   0.01064   0.04306   0.00000   0.00000   0.00000   0.01060   0.00000   0.01060   0.03204   0.01885   0.00000   0.04332   3.45199  13.62069  12.70333   0.00000  
 54  0.4881    558.916213  x:  0.00248   0.01059   0.00000   0.00000   0.00000   0.00000   0.01059   0.00000   0.00000   0.02124   0.00000   0.00000   0.01061   0.00000   0.00000   0.02140   0.00000   0.01057   0.01064   0.04305   0.00000   0.00000   0.00000   0.01060   0.00000   0.01059   0.03204   0.01886   0.00000   0.04331   3.45198  14.69323  13.77600   0.00000  
 55  0.4873    558.916213  x:  0.00247   0.01059   0.00000   0.00000   0.00000   0.00000   0.01058   0.00000   0.00000   0.02124   0.00000   0.00000   0.01061   0.00000   0.00000   0.02140   0.00000   0.01057   0.01064   0.04306   0.00000   0.00000   0.00000   0.01060   0.00000   0.01059   0.03204   0.01887   0.00000   0.04332   3.45193  15.38419  14.46685   0.00000  
 56  0.4743    558.916213  x:  0.00245   0.01059   0.00000   0.00000   0.00000   0.00000   0.01059   0.00000   0.00000   0.02124   0.00000   0.00000   0.01061   0.00000   0.00000   0.02140   0.00000   0.01057   0.01064   0.04306   0.00000   0.00000   0.00000   0.01060   0.00000   0.01059   0.03204   0.01889   0.00000   0.04331   3.45200  16.34961  15.43234   0.00000  
 57  0.4527    558.916213  x:  0.00242   0.01059   0.00000   0.00000   0.00000   0.00000   0.01058   0.00000   0.00000   0.02124   0.00000   0.00000   0.01061   0.00000   0.00000   0.02140   0.00000   0.01057   0.01064   0.04306   0.00000   0.00000   0.00000   0.01060   0.00000   0.01059   0.03204   0.01892   0.00000   0.04331   3.45193  16.98655  16.06923   0.00000  
 58  0.4156    558.916213  x:  0.00239   0.01059   0.00000   0.00000   0.00000   0.00000   0.01058   0.00000   0.00000   0.02124   0.00000   0.00000   0.01061   0.00000   0.00000   0.02140   0.00000   0.01057   0.01064   0.04306   0.00000   0.00000   0.00000   0.01060   0.00000   0.01059   0.03204   0.01895   0.00000   0.04331   3.45197  17.48676  16.56946   0.00000  
 59  0.3150    558.916213  x:  0.00235   0.01059   0.00000   0.00000   0.00000   0.00000   0.01058   0.00000   0.00000   0.02124   0.00000   0.00000   0.01061   0.00000   0.00000   0.02140   0.00000   0.01057   0.01064   0.04306   0.00000   0.00000   0.00000   0.01060   0.00000   0.01059   0.03204   0.01898   0.00000   0.04331   3.45194  17.96460  17.04729   0.00000  
 60  0.2439    558.916213  x:  0.00235   0.01059   0.00000   0.00000   0.00000   0.00000   0.01058   0.00000   0.00000   0.02124   0.00000   0.00000   0.01061   0.00000   0.00000   0.02140   0.00000   0.01057   0.01064   0.04306   0.00000   0.00000   0.00000   0.01060   0.00000   0.01059   0.03204   0.01899   0.00000   0.04331   3.45195  17.94985  17.03255   0.00000  
 61  0.0245    558.916213  x:  0.00231   0.01059   0.00000   0.00000   0.00000   0.00000   0.01058   0.00000   0.00000   0.02124   0.00000   0.00000   0.01061   0.00000   0.00000   0.02140   0.00000   0.01057   0.01064   0.04306   0.00000   0.00000   0.00000   0.01060   0.00000   0.01059   0.03204   0.01903   0.00000   0.04331   3.45197  18.16065  17.24336   0.00000  
 62  0.1007    558.916213  x:  0.00232   0.01059   0.00000   0.00000   0.00000   0.00000   0.01058   0.00000   0.00000   0.02124   0.00000   0.00000   0.01061   0.00000   0.00000   0.02140   0.00000   0.01057   0.01064   0.04306   0.00000   0.00000   0.00000   0.01060   0.00000   0.01059   0.03204   0.01902   0.00000   0.04331   3.45196  18.11463  17.19733   0.00000  
 63  0.0875    558.916213  x:  0.00230   0.01059   0.00000   0.00000   0.00000   0.00000   0.01058   0.00000   0.00000   0.02124   0.00000   0.00000   0.01061   0.00000   0.00000   0.02140   0.00000   0.01057   0.01064   0.04306   0.00000   0.00000   0.00000   0.01060   0.00000   0.01059   0.03204   0.01904   0.00000   0.04331   3.45196  18.10606  17.18875   0.00000  
 64  0.0074    558.916213  x:  0.00211   0.01059   0.00000   0.00000   0.00000   0.00000   0.01058   0.00000   0.00000   0.02124   0.00000   0.00000   0.01061   0.00000   0.00000   0.02140   0.00000   0.01057   0.01064   0.04306   0.00000   0.00000   0.00000   0.01060   0.00000   0.01059   0.03204   0.01923   0.00000   0.04331   3.45195  18.33613  17.41883   0.00000  
 65  0.0407    558.916213  x:  0.00064   0.01059   0.00000   0.00000   0.00000   0.00000   0.01058   0.00000   0.00000   0.02124   0.00000   0.00000   0.01061   0.00000   0.00000   0.02140   0.00000   0.01057   0.01064   0.04306   0.00000   0.00000   0.00000   0.01060   0.00000   0.01059   0.03204   0.02070   0.00000   0.04331   3.45193  19.57153  18.65422   0.00000  
 66  0.5043    558.916213  x:  0.00000   0.01059   0.00000   0.00000   0.00000   0.00000   0.01058   0.00000   0.00000   0.02124   0.00000   0.00000   0.01061   0.00000   0.00000   0.02140   0.00000   0.01057   0.01064   0.04306   0.00000   0.00000   0.00000   0.01060   0.00000   0.01059   0.03204   0.02133   0.00000   0.04331   3.45193  19.97552  19.05820   0.00000  
 67  1.9085    558.916213  x:  0.00000   0.01059   0.00000   0.00000   0.00000   0.00000   0.01058   0.00000   0.00000   0.02124   0.00000   0.00000   0.01061   0.00000   0.00000   0.02140   0.00000   0.01057   0.01064   0.04306   0.00000   0.00000   0.00000   0.01060   0.00000   0.01059   0.03204   0.02133   0.00000   0.04331   3.45193  19.97551  19.05820   0.00000  
 68  6.7303    558.916213  x:  0.00000   0.01059   0.00000   0.00000   0.00000   0.00000   0.01058   0.00000   0.00000   0.02124   0.00000   0.00000   0.01061   0.00000   0.00000   0.02140   0.00000   0.01057   0.01064   0.04306   0.00000   0.00000   0.00000   0.01060   0.00000   0.01059   0.03204   0.02133   0.00000   0.04331   3.45193  19.97040  19.05309   0.00000  
 69  0.7018    558.916213  x:  0.00000   0.01059   0.00000   0.00000   0.00000   0.00000   0.01058   0.00000   0.00000   0.02124   0.00000   0.00000   0.01061   0.00000   0.00000   0.02140   0.00000   0.01057   0.01064   0.04306   0.00000   0.00000   0.00000   0.01060   0.00000   0.01059   0.03204   0.02133   0.00000   0.04331   3.45195  19.97035  19.05305   0.00000  
 70  0.0001    558.916213  x:  0.00000   0.01059   0.00000   0.00000   0.00000   0.00000   0.01058   0.00000   0.00000   0.02124   0.00000   0.00000   0.01061   0.00000   0.00000   0.02140   0.00000   0.01057   0.01064   0.04306   0.00000   0.00000   0.00000   0.01060   0.00000   0.01059   0.03204   0.02133   0.00000   0.04331   3.45195  19.97035  19.05305   0.00000  