Supplemental results for CODEML (seqf: /Users/YY/Desktop/get/branch_site/modify/modify_trim_muscle_ndhC.fa  treef: /Users/YY/Desktop/get/branch_site/16gene_topu.tree)


dN/dS (w) for site classes (K=4)

site class             0        1       2a       2b
proportion       1.00000  0.00000  0.00000  0.00000
background w     0.14107  1.00000  0.14107  1.00000
foreground w     0.14107  1.00000  1.00000  1.00000

Naive Empirical Bayes (NEB) probabilities for 4 classes
(amino acids refer to 1st sequence: KM035850)

   1 M   1.00000 0.00000 0.00000 0.00000 ( 1)
   2 F   1.00000 0.00000 0.00000 0.00000 ( 1)
   3 L   1.00000 0.00000 0.00000 0.00000 ( 1)
   4 L   1.00000 0.00000 0.00000 0.00000 ( 1)
   5 Y   1.00000 0.00000 0.00000 0.00000 ( 1)
   6 E   1.00000 0.00000 0.00000 0.00000 ( 1)
   7 Y   1.00000 0.00000 0.00000 0.00000 ( 1)
   8 D   1.00000 0.00000 0.00000 0.00000 ( 1)
   9 L   1.00000 0.00000 0.00000 0.00000 ( 1)
  10 F   1.00000 0.00000 0.00000 0.00000 ( 1)
  11 W   1.00000 0.00000 0.00000 0.00000 ( 1)
  12 A   1.00000 0.00000 0.00000 0.00000 ( 1)
  13 F   1.00000 0.00000 0.00000 0.00000 ( 1)
  14 L   1.00000 0.00000 0.00000 0.00000 ( 1)
  15 I   1.00000 0.00000 0.00000 0.00000 ( 1)
  16 I   1.00000 0.00000 0.00000 0.00000 ( 1)
  17 S   1.00000 0.00000 0.00000 0.00000 ( 1)
  18 S   1.00000 0.00000 0.00000 0.00000 ( 1)
  19 L   1.00000 0.00000 0.00000 0.00000 ( 1)
  20 I   1.00000 0.00000 0.00000 0.00000 ( 1)
  21 P   1.00000 0.00000 0.00000 0.00000 ( 1)
  22 I   1.00000 0.00000 0.00000 0.00000 ( 1)
  23 L   1.00000 0.00000 0.00000 0.00000 ( 1)
  24 A   1.00000 0.00000 0.00000 0.00000 ( 1)
  25 F   1.00000 0.00000 0.00000 0.00000 ( 1)
  26 F   1.00000 0.00000 0.00000 0.00000 ( 1)
  27 V   1.00000 0.00000 0.00000 0.00000 ( 1)
  28 S   1.00000 0.00000 0.00000 0.00000 ( 1)
  29 G   1.00000 0.00000 0.00000 0.00000 ( 1)
  30 V   1.00000 0.00000 0.00000 0.00000 ( 1)
  31 L   1.00000 0.00000 0.00000 0.00000 ( 1)
  32 A   1.00000 0.00000 0.00000 0.00000 ( 1)
  33 P   1.00000 0.00000 0.00000 0.00000 ( 1)
  34 I   1.00000 0.00000 0.00000 0.00000 ( 1)
  35 N   1.00000 0.00000 0.00000 0.00000 ( 1)
  36 K   1.00000 0.00000 0.00000 0.00000 ( 1)
  37 G   1.00000 0.00000 0.00000 0.00000 ( 1)
  38 P   1.00000 0.00000 0.00000 0.00000 ( 1)
  39 E   1.00000 0.00000 0.00000 0.00000 ( 1)
  40 K   1.00000 0.00000 0.00000 0.00000 ( 1)
  41 L   1.00000 0.00000 0.00000 0.00000 ( 1)
  42 S   1.00000 0.00000 0.00000 0.00000 ( 1)
  43 S   1.00000 0.00000 0.00000 0.00000 ( 1)
  44 Y   1.00000 0.00000 0.00000 0.00000 ( 1)
  45 E   1.00000 0.00000 0.00000 0.00000 ( 1)
  46 S   1.00000 0.00000 0.00000 0.00000 ( 1)
  47 G   1.00000 0.00000 0.00000 0.00000 ( 1)
  48 I   1.00000 0.00000 0.00000 0.00000 ( 1)
  49 E   1.00000 0.00000 0.00000 0.00000 ( 1)
  50 P   1.00000 0.00000 0.00000 0.00000 ( 1)
  51 M   1.00000 0.00000 0.00000 0.00000 ( 1)
  52 G   1.00000 0.00000 0.00000 0.00000 ( 1)
  53 S   1.00000 0.00000 0.00000 0.00000 ( 1)
  54 A   1.00000 0.00000 0.00000 0.00000 ( 1)
  55 W   1.00000 0.00000 0.00000 0.00000 ( 1)
  56 L   1.00000 0.00000 0.00000 0.00000 ( 1)
  57 Q   1.00000 0.00000 0.00000 0.00000 ( 1)
  58 F   1.00000 0.00000 0.00000 0.00000 ( 1)
  59 R   1.00000 0.00000 0.00000 0.00000 ( 1)
  60 I   1.00000 0.00000 0.00000 0.00000 ( 1)
  61 R   1.00000 0.00000 0.00000 0.00000 ( 1)
  62 Y   1.00000 0.00000 0.00000 0.00000 ( 1)
  63 Y   1.00000 0.00000 0.00000 0.00000 ( 1)
  64 M   1.00000 0.00000 0.00000 0.00000 ( 1)
  65 F   1.00000 0.00000 0.00000 0.00000 ( 1)
  66 A   1.00000 0.00000 0.00000 0.00000 ( 1)
  67 L   1.00000 0.00000 0.00000 0.00000 ( 1)
  68 V   1.00000 0.00000 0.00000 0.00000 ( 1)
  69 F   1.00000 0.00000 0.00000 0.00000 ( 1)
  70 V   1.00000 0.00000 0.00000 0.00000 ( 1)
  71 V   1.00000 0.00000 0.00000 0.00000 ( 1)
  72 F   1.00000 0.00000 0.00000 0.00000 ( 1)
  73 D   1.00000 0.00000 0.00000 0.00000 ( 1)
  74 V   1.00000 0.00000 0.00000 0.00000 ( 1)
  75 E   1.00000 0.00000 0.00000 0.00000 ( 1)
  76 T   1.00000 0.00000 0.00000 0.00000 ( 1)
  77 V   1.00000 0.00000 0.00000 0.00000 ( 1)
  78 F   1.00000 0.00000 0.00000 0.00000 ( 1)
  79 L   1.00000 0.00000 0.00000 0.00000 ( 1)
  80 Y   1.00000 0.00000 0.00000 0.00000 ( 1)
  81 P   1.00000 0.00000 0.00000 0.00000 ( 1)
  82 W   1.00000 0.00000 0.00000 0.00000 ( 1)
  83 A   1.00000 0.00000 0.00000 0.00000 ( 1)
  84 M   1.00000 0.00000 0.00000 0.00000 ( 1)
  85 S   1.00000 0.00000 0.00000 0.00000 ( 1)
  86 F   1.00000 0.00000 0.00000 0.00000 ( 1)
  87 D   1.00000 0.00000 0.00000 0.00000 ( 1)
  88 V   1.00000 0.00000 0.00000 0.00000 ( 1)
  89 L   1.00000 0.00000 0.00000 0.00000 ( 1)
  90 G   1.00000 0.00000 0.00000 0.00000 ( 1)
  91 V   1.00000 0.00000 0.00000 0.00000 ( 1)
  92 S   1.00000 0.00000 0.00000 0.00000 ( 1)
  93 V   1.00000 0.00000 0.00000 0.00000 ( 1)
  94 F   1.00000 0.00000 0.00000 0.00000 ( 1)
  95 V   1.00000 0.00000 0.00000 0.00000 ( 1)
  96 E   1.00000 0.00000 0.00000 0.00000 ( 1)
  97 A   1.00000 0.00000 0.00000 0.00000 ( 1)
  98 L   1.00000 0.00000 0.00000 0.00000 ( 1)
  99 I   1.00000 0.00000 0.00000 0.00000 ( 1)
 100 F   1.00000 0.00000 0.00000 0.00000 ( 1)
 101 V   1.00000 0.00000 0.00000 0.00000 ( 1)
 102 L   1.00000 0.00000 0.00000 0.00000 ( 1)
 103 I   1.00000 0.00000 0.00000 0.00000 ( 1)
 104 L   1.00000 0.00000 0.00000 0.00000 ( 1)
 105 I   1.00000 0.00000 0.00000 0.00000 ( 1)
 106 V   1.00000 0.00000 0.00000 0.00000 ( 1)
 107 G   1.00000 0.00000 0.00000 0.00000 ( 1)
 108 L   1.00000 0.00000 0.00000 0.00000 ( 1)
 109 V   1.00000 0.00000 0.00000 0.00000 ( 1)
 110 Y   1.00000 0.00000 0.00000 0.00000 ( 1)
 111 A   1.00000 0.00000 0.00000 0.00000 ( 1)
 112 W   1.00000 0.00000 0.00000 0.00000 ( 1)
 113 R   1.00000 0.00000 0.00000 0.00000 ( 1)
 114 K   1.00000 0.00000 0.00000 0.00000 ( 1)
 115 G   1.00000 0.00000 0.00000 0.00000 ( 1)
 116 A   1.00000 0.00000 0.00000 0.00000 ( 1)
 117 L   1.00000 0.00000 0.00000 0.00000 ( 1)
 118 E   1.00000 0.00000 0.00000 0.00000 ( 1)
 119 W   1.00000 0.00000 0.00000 0.00000 ( 1)
 120 S   1.00000 0.00000 0.00000 0.00000 ( 1)


lnL =  -656.747851

