

TREE # 1

  0  0.0000    713.941141  x:  0.00000   0.02087   0.03584   0.01439   0.04686   0.04263   0.02099   0.02492   0.04208   0.01230   0.03180   0.02573   0.01485   0.01010   0.01218   0.03807   0.03510   0.01741   0.04024   0.03613   0.05258   0.02273   0.01054   0.01956   0.00331   0.04798   0.03088   0.04088   0.05834   0.04696   2.00000   1.09989   0.02896   0.27919  
  1 99.0000    713.928410  x:  0.00000   0.02087   0.03584   0.01438   0.04686   0.04262   0.02098   0.02492   0.04208   0.01229   0.03179   0.02573   0.01485   0.01010   0.01218   0.03806   0.03509   0.01741   0.04023   0.03613   0.05258   0.02272   0.01054   0.01956   0.00330   0.04797   0.03088   0.04088   0.05834   0.04697   2.00000   1.09989   0.02896   0.27919  
  2 430.2584    707.907062  x:  0.00000   0.02085   0.03258   0.01352   0.04363   0.03934   0.01754   0.02164   0.03881   0.00899   0.02850   0.02503   0.01154   0.00679   0.00887   0.03478   0.03181   0.01600   0.03869   0.03569   0.05052   0.01942   0.00857   0.01905   0.00000   0.04515   0.02911   0.04051   0.05670   0.04890   2.00004   1.09997   0.02889   0.27808  
  3 602930.1919    696.199250  x:  0.00000   0.02084   0.02590   0.01178   0.03703   0.03262   0.01046   0.01493   0.03210   0.00221   0.02176   0.02358   0.00477   0.00000   0.00209   0.02804   0.02507   0.01274   0.03538   0.03481   0.04621   0.01266   0.00419   0.01796   0.00000   0.03907   0.02547   0.04048   0.05326   0.05251   2.00013   1.10012   0.02874   0.27560  
  4 183034.2318    692.828779  x:  0.00000   0.02080   0.02384   0.01150   0.03501   0.03055   0.00825   0.01287   0.03005   0.00013   0.01968   0.02311   0.00268   0.00000   0.00000   0.02597   0.02300   0.01264   0.03436   0.03454   0.04482   0.01059   0.00362   0.01834   0.00000   0.03749   0.02386   0.04067   0.05214   0.05454   2.00015   1.10013   0.02873   0.27411  
  5 6092.1423    692.653169  x:  0.00000   0.02082   0.02372   0.01149   0.03490   0.03043   0.00812   0.01275   0.02993   0.00000   0.01956   0.02311   0.00256   0.00000   0.00000   0.02585   0.02287   0.01264   0.03433   0.03453   0.04475   0.01047   0.00356   0.01831   0.00000   0.03746   0.02379   0.04064   0.05208   0.05462   2.00015   1.10013   0.02874   0.27399  
  6 4716.0811    689.244945  x:  0.00000   0.02097   0.02120   0.01096   0.03237   0.02789   0.00541   0.01021   0.02740   0.00000   0.01701   0.02289   0.00000   0.00000   0.00000   0.02331   0.02033   0.01205   0.03372   0.03422   0.04341   0.00791   0.00242   0.01840   0.00000   0.03718   0.02239   0.03996   0.05092   0.05604   2.00018   1.10007   0.02880   0.27131  
  7 19978.8410    684.464207  x:  0.00000   0.02096   0.01736   0.01070   0.02852   0.02403   0.00128   0.00633   0.02353   0.00000   0.01314   0.02228   0.00000   0.00000   0.00000   0.01944   0.01646   0.01137   0.03268   0.03382   0.04150   0.00401   0.00000   0.01874   0.00000   0.03702   0.02019   0.03927   0.04928   0.05828   2.00021   1.09998   0.02890   0.26725  
  8 41969.8728    683.020861  x:  0.00000   0.02082   0.01617   0.01088   0.02732   0.02283   0.00000   0.00514   0.02233   0.00000   0.01194   0.02195   0.00000   0.00000   0.00000   0.01824   0.01526   0.01102   0.03235   0.03369   0.04090   0.00280   0.00000   0.01877   0.00000   0.03689   0.01975   0.03901   0.04877   0.05902   2.00022   1.09995   0.02894   0.26595  
  9 26732.9007    680.064290  x:  0.00000   0.02038   0.01342   0.01049   0.02455   0.02006   0.00000   0.00234   0.01955   0.00000   0.00915   0.02112   0.00000   0.00000   0.00000   0.01546   0.01248   0.01101   0.03152   0.03349   0.03969   0.00000   0.00000   0.01874   0.00000   0.03625   0.01975   0.03892   0.04775   0.06057   2.00024   1.09987   0.02903   0.26297  
 10 9174.1984    677.850919  x:  0.00000   0.02050   0.01112   0.01042   0.02223   0.01774   0.00000   0.00000   0.01721   0.00000   0.00683   0.02096   0.00000   0.00000   0.00000   0.01314   0.01016   0.01073   0.03090   0.03332   0.03888   0.00000   0.00000   0.01883   0.00000   0.03546   0.01978   0.03902   0.04706   0.06194   2.00025   1.09979   0.02911   0.26052  
 11 14553.3903    672.000207  x:  0.00000   0.01983   0.00436   0.00997   0.01533   0.01094   0.00000   0.00000   0.01027   0.00000   0.00000   0.01983   0.00000   0.00000   0.00000   0.00633   0.00332   0.01011   0.02969   0.03273   0.03691   0.00000   0.00000   0.01835   0.00000   0.03235   0.01841   0.03907   0.04530   0.06486   2.00027   1.09955   0.02938   0.25339  
 12 11172.3664    669.519269  x:  0.00000   0.02009   0.00108   0.00985   0.01200   0.00763   0.00000   0.00000   0.00695   0.00000   0.00000   0.01908   0.00000   0.00000   0.00000   0.00301   0.00000   0.01001   0.02888   0.03249   0.03578   0.00000   0.00000   0.01865   0.00000   0.03090   0.01829   0.03837   0.04426   0.06617   2.00028   1.09945   0.02950   0.25014  
 13 4658.3108    668.848795  x:  0.00000   0.01993   0.00000   0.00981   0.01090   0.00655   0.00000   0.00000   0.00587   0.00000   0.00000   0.01910   0.00000   0.00000   0.00000   0.00193   0.00000   0.00994   0.02866   0.03242   0.03541   0.00000   0.00000   0.01868   0.00000   0.03061   0.01829   0.03827   0.04392   0.06663   2.00028   1.09942   0.02954   0.24919  
 14 7463.4875    667.915772  x:  0.00000   0.02007   0.00000   0.00973   0.00894   0.00462   0.00000   0.00000   0.00398   0.00000   0.00000   0.01872   0.00000   0.00000   0.00000   0.00000   0.00000   0.00979   0.02847   0.03230   0.03493   0.00000   0.00000   0.01851   0.00000   0.03044   0.01823   0.03848   0.04350   0.06740   2.00028   1.09938   0.02959   0.24773  
 15 4107.8143    666.368822  x:  0.00000   0.01998   0.00000   0.00967   0.00472   0.00049   0.00000   0.00000   0.00000   0.00000   0.00000   0.01849   0.00000   0.00000   0.00000   0.00000   0.00000   0.00978   0.02781   0.03221   0.03469   0.00000   0.00000   0.01868   0.00000   0.02919   0.01795   0.03834   0.04320   0.06821   2.00030   1.09931   0.02967   0.24442  
 16 797.4653    666.236622  x:  0.00000   0.01998   0.00000   0.00967   0.00422   0.00000   0.00000   0.00000   0.00000   0.00000   0.00000   0.01846   0.00000   0.00000   0.00000   0.00000   0.00000   0.00978   0.02784   0.03213   0.03453   0.00000   0.00000   0.01870   0.00000   0.02909   0.01794   0.03835   0.04309   0.06828   2.00030   1.09931   0.02968   0.24412  
 17 1172.6612    665.600743  x:  0.00000   0.02009   0.00000   0.00963   0.00000   0.00000   0.00000   0.00000   0.00000   0.00000   0.00000   0.01833   0.00000   0.00000   0.00000   0.00000   0.00000   0.00978   0.02708   0.03256   0.03353   0.00000   0.00000   0.01859   0.00000   0.02874   0.01779   0.03831   0.04220   0.06865   2.00031   1.09931   0.02968   0.24228  
 18 904.9570    665.329105  x:  0.00000   0.02078   0.00000   0.00955   0.00000   0.00000   0.00000   0.00000   0.00000   0.00000   0.00000   0.01833   0.00000   0.00000   0.00000   0.00000   0.00000   0.01020   0.01982   0.02436   0.03646   0.00000   0.00000   0.01744   0.00000   0.02870   0.01686   0.03860   0.03755   0.06809   2.00065   1.10067   0.02830   0.23970  
 19 29.3131    664.767244  x:  0.00000   0.02187   0.00000   0.00958   0.00000   0.00000   0.00000   0.00000   0.00000   0.00000   0.00000   0.01815   0.00000   0.00000   0.00000   0.00000   0.00000   0.01068   0.02460   0.02500   0.04623   0.00000   0.00000   0.01831   0.00000   0.01966   0.01400   0.03946   0.02119   0.07047   2.00280   1.10900   0.01980   0.23344  
 20 14.0631    663.959489  x:  0.00000   0.02377   0.00000   0.00954   0.00000   0.00000   0.00000   0.00000   0.00000   0.00000   0.00000   0.01821   0.00000   0.00000   0.00000   0.00000   0.00000   0.01158   0.02594   0.02282   0.04210   0.00000   0.00000   0.01844   0.00000   0.00774   0.00908   0.03899   0.02728   0.07213   2.00628   1.12264   0.00589   0.22486  
 21 28.2023    663.455851  x:  0.00000   0.02785   0.00000   0.01193   0.00000   0.00000   0.00000   0.00000   0.00000   0.00000   0.00000   0.02192   0.00000   0.00000   0.00000   0.00000   0.00000   0.01443   0.02707   0.02282   0.03044   0.00000   0.00000   0.01735   0.00000   0.00889   0.00686   0.04337   0.02423   0.05706   2.01348   1.14803  -0.01987   0.20801  
 22  8.8134    662.026624  x:  0.00000   0.03291   0.00000   0.01593   0.00000   0.00000   0.00000   0.00000   0.00000   0.00000   0.00000   0.02344   0.00000   0.00000   0.00000   0.00000   0.00000   0.01892   0.03420   0.01759   0.01914   0.00000   0.00000   0.01517   0.00000   0.00841   0.01378   0.02689   0.02355   0.06049   2.03945   1.24304  -0.11570   0.10955  
 23 22.1677    661.857183  x:  0.00000   0.03379   0.00000   0.01664   0.00000   0.00000   0.00000   0.00000   0.00000   0.00000   0.00000   0.02371   0.00000   0.00000   0.00000   0.00000   0.00000   0.01970   0.03544   0.01667   0.01716   0.00000   0.00375   0.01480   0.00000   0.00832   0.01499   0.02404   0.02343   0.06110   2.04403   1.25979  -0.13259   0.09228  
 24 799.7924    661.542074  x:  0.00000   0.03508   0.00000   0.01707   0.00000   0.00000   0.00000   0.00000   0.00000   0.00000   0.00000   0.02502   0.00000   0.00000   0.00000   0.00000   0.00000   0.02066   0.03591   0.01640   0.01583   0.00000   0.00439   0.01706   0.00000   0.00750   0.01775   0.03183   0.02341   0.06208   2.05519   1.30259  -0.17515   0.06171  
 25  7.7294    661.495673  x:  0.00630   0.03480   0.00000   0.01683   0.00000   0.00000   0.00000   0.00000   0.00000   0.00000   0.00000   0.02477   0.00000   0.00000   0.00000   0.00000   0.00000   0.02031   0.03570   0.01643   0.01554   0.00000   0.00422   0.01644   0.00000   0.00771   0.01694   0.02958   0.02318   0.06205   2.05300   1.29390  -0.16652   0.07349  
 26 22.1155    661.196744  x:  0.00143   0.03634   0.00000   0.01582   0.00000   0.00000   0.00000   0.00000   0.00000   0.00000   0.00000   0.02692   0.00000   0.00000   0.00000   0.00000   0.00000   0.01968   0.03505   0.01600   0.00810   0.00000   0.00474   0.01764   0.00000   0.00696   0.01817   0.03296   0.02068   0.06485   2.07034   1.35809  -0.23061   0.08919  
 27 16.2499    659.425975  x:  0.01401   0.03357   0.00000   0.01237   0.00000   0.00000   0.00000   0.00000   0.00000   0.00000   0.00000   0.03373   0.00000   0.00000   0.00000   0.00000   0.00000   0.00779   0.03036   0.02175   0.00862   0.00000   0.00606   0.00713   0.00000   0.00532   0.01364   0.02107   0.01740   0.06689   2.17841   1.73271  -0.60652   0.12584  
 28 10.6364    658.788330  x:  0.02125   0.03046   0.00000   0.00909   0.00000   0.00000   0.00000   0.00000   0.00000   0.00000   0.00000   0.02965   0.00000   0.00000   0.00000   0.00000   0.00000   0.00762   0.02313   0.02676   0.00944   0.00000   0.00567   0.01283   0.00000   0.00237   0.01384   0.01332   0.01524   0.05840   2.23666   1.90358  -0.77670   0.15746  
 29  6.0136    658.603834  x:  0.02116   0.02988   0.00000   0.00824   0.00000   0.00000   0.00000   0.00000   0.00000   0.00000   0.00000   0.02789   0.00000   0.00000   0.00000   0.00000   0.00000   0.01257   0.02167   0.02869   0.00949   0.00000   0.00438   0.01254   0.00000   0.00348   0.01159   0.01336   0.01556   0.06442   2.25957   1.96002  -0.83234   0.16233  
 30  3.0475    658.206138  x:  0.02329   0.03469   0.00000   0.00446   0.00000   0.00000   0.00000   0.00000   0.00000   0.00000   0.00000   0.02316   0.00000   0.00000   0.00000   0.00000   0.00000   0.01159   0.02056   0.02992   0.00894   0.00000   0.00891   0.00950   0.00000   0.00000   0.01587   0.01118   0.01448   0.06347   2.31199   1.98860  -0.85887   0.15339  
 31  0.3516    657.834085  x:  0.02067   0.04179   0.00000   0.00640   0.00000   0.00000   0.00000   0.00000   0.00000   0.00000   0.00000   0.01851   0.00000   0.00000   0.00000   0.00000   0.00000   0.00868   0.01813   0.03094   0.00979   0.00000   0.00900   0.01152   0.00000   0.00000   0.01548   0.01300   0.01492   0.07555   2.37706   2.01418  -0.88278   0.14412  
 32  0.8398    657.644628  x:  0.01886   0.03285   0.00000   0.00548   0.00000   0.00000   0.00000   0.00000   0.00000   0.00000   0.00000   0.01685   0.00000   0.00000   0.00000   0.00000   0.00000   0.00728   0.01875   0.02891   0.00983   0.00000   0.00853   0.01185   0.00000   0.00000   0.01378   0.01453   0.01607   0.07901   2.39422   2.01400  -0.88075   0.13001  
 33  0.1749    657.554750  x:  0.01925   0.03069   0.00000   0.00570   0.00000   0.00000   0.00000   0.00000   0.00000   0.00000   0.00000   0.02123   0.00000   0.00000   0.00000   0.00000   0.00000   0.00702   0.01787   0.02931   0.01066   0.00000   0.00973   0.01186   0.00000   0.00000   0.01501   0.01393   0.01604   0.08246   2.39681   2.00510  -0.87045   0.12320  
 34  0.2750    657.465539  x:  0.01951   0.03077   0.00000   0.00596   0.00000   0.00000   0.00000   0.00000   0.00000   0.00000   0.00000   0.02169   0.00000   0.00000   0.00000   0.00000   0.00000   0.00950   0.02002   0.02988   0.01101   0.00000   0.00868   0.01216   0.00000   0.00000   0.01507   0.01425   0.01713   0.08655   2.28247   2.05652  -0.91496   0.11887  
 35  0.1686    657.424992  x:  0.02496   0.03273   0.00000   0.00587   0.00000   0.00000   0.00000   0.00000   0.00000   0.00000   0.00000   0.02223   0.00000   0.00000   0.00000   0.00000   0.00000   0.00887   0.01937   0.02941   0.01090   0.00000   0.00821   0.01139   0.00000   0.00000   0.01446   0.00931   0.01626   0.08998   2.19447   2.17556  -1.02172   0.12591  
 36  0.1586    657.396052  x:  0.03318   0.03371   0.00000   0.00618   0.00000   0.00000   0.00000   0.00000   0.00000   0.00000   0.00000   0.02187   0.00000   0.00000   0.00000   0.00000   0.00000   0.00857   0.01872   0.03024   0.01032   0.00000   0.00842   0.01041   0.00000   0.00000   0.01437   0.00143   0.01623   0.08998   2.19823   2.21832  -1.04840   0.11760  
 37  0.0663    657.387587  x:  0.03457   0.03366   0.00000   0.00616   0.00000   0.00000   0.00000   0.00000   0.00000   0.00000   0.00000   0.02190   0.00000   0.00000   0.00000   0.00000   0.00000   0.00854   0.01877   0.03020   0.01035   0.00000   0.00839   0.01040   0.00000   0.00000   0.01439   0.00000   0.01632   0.09000   2.21028   2.23022  -1.05695   0.11796  
 38  0.1899    657.384082  x:  0.03621   0.03357   0.00000   0.00616   0.00000   0.00000   0.00000   0.00000   0.00000   0.00000   0.00000   0.02191   0.00000   0.00000   0.00000   0.00000   0.00000   0.00853   0.01879   0.03016   0.01036   0.00000   0.00836   0.01040   0.00000   0.00000   0.01440   0.00000   0.01631   0.08996   2.21587   2.24170  -1.06467   0.11824  
 39  0.4972    657.361113  x:  0.03578   0.03210   0.00000   0.00587   0.00000   0.00000   0.00000   0.00000   0.00000   0.00000   0.00000   0.02201   0.00000   0.00000   0.00000   0.00000   0.00000   0.00884   0.01962   0.02883   0.01060   0.00000   0.00800   0.01163   0.00000   0.00000   0.01488   0.00000   0.01593   0.08919   2.27721   2.26163  -1.06966   0.12186  
 40  0.0761    657.357742  x:  0.03563   0.03227   0.00000   0.00581   0.00000   0.00000   0.00000   0.00000   0.00000   0.00000   0.00000   0.02208   0.00000   0.00000   0.00000   0.00000   0.00000   0.00881   0.01953   0.02882   0.01057   0.00000   0.00807   0.01182   0.00000   0.00000   0.01504   0.00000   0.01697   0.08852   2.27482   2.27528  -1.07384   0.12289  
 41  0.0190    657.343105  x:  0.03554   0.03353   0.00000   0.00591   0.00000   0.00000   0.00000   0.00000   0.00000   0.00000   0.00000   0.02234   0.00000   0.00000   0.00000   0.00000   0.00000   0.00863   0.01998   0.02803   0.01049   0.00000   0.00857   0.01212   0.00000   0.00000   0.01488   0.00000   0.01639   0.08608   2.27268   2.40233  -1.10552   0.12225  
 42  0.0257    657.326642  x:  0.03545   0.03267   0.00000   0.00570   0.00000   0.00000   0.00000   0.00000   0.00000   0.00000   0.00000   0.02254   0.00000   0.00000   0.00000   0.00000   0.00000   0.00900   0.01849   0.02857   0.01036   0.00000   0.00814   0.01250   0.00000   0.00000   0.01430   0.00000   0.01623   0.08545   2.25500   2.55530  -1.13650   0.12303  
 43  0.0851    657.280650  x:  0.03541   0.03217   0.00000   0.00532   0.00000   0.00000   0.00000   0.00000   0.00000   0.00000   0.00000   0.02265   0.00000   0.00000   0.00000   0.00000   0.00000   0.00880   0.02073   0.03079   0.01064   0.00000   0.00837   0.01257   0.00000   0.00000   0.01466   0.00000   0.01629   0.08868   2.19628   2.95961  -1.13692   0.12614  
 44  0.1146    657.046469  x:  0.03379   0.03155   0.00000   0.00784   0.00000   0.00000   0.00000   0.00000   0.00000   0.00000   0.00000   0.02117   0.00000   0.00000   0.00000   0.00000   0.00000   0.00873   0.01991   0.03239   0.01152   0.00000   0.00827   0.01165   0.00000   0.00000   0.01489   0.00000   0.01705   0.08452   2.50989   4.46898  -0.53467   0.13080  
 45  0.2069    656.824958  x:  0.03378   0.02612   0.00000   0.00810   0.00000   0.00000   0.00000   0.00000   0.00000   0.00000   0.00000   0.01880   0.00000   0.00000   0.00000   0.00000   0.00000   0.00818   0.01813   0.02884   0.01075   0.00000   0.00892   0.00825   0.00000   0.00000   0.01717   0.00000   0.01689   0.08621   2.46902   6.31662   0.22122   0.14034  
 46  0.9061    656.768115  x:  0.03368   0.02741   0.00000   0.00871   0.00000   0.00000   0.00000   0.00000   0.00000   0.00000   0.00000   0.01873   0.00000   0.00000   0.00000   0.00000   0.00000   0.00910   0.01875   0.02814   0.01009   0.00000   0.00897   0.00957   0.00000   0.00000   0.01878   0.00000   0.01673   0.08618   2.29922   6.94602   0.35792   0.14369  
 47  0.4517    656.768087  x:  0.03368   0.02741   0.00000   0.00871   0.00000   0.00000   0.00000   0.00000   0.00000   0.00000   0.00000   0.01873   0.00000   0.00000   0.00000   0.00000   0.00000   0.00910   0.01875   0.02814   0.01009   0.00000   0.00897   0.00957   0.00000   0.00000   0.01878   0.00014   0.01673   0.08618   2.29909   6.94657   0.35806   0.14370  
 48  1.5241    656.759926  x:  0.03372   0.02690   0.00000   0.00917   0.00000   0.00000   0.00000   0.00000   0.00000   0.00000   0.00000   0.01845   0.00000   0.00000   0.00000   0.00000   0.00000   0.00938   0.01867   0.02854   0.01047   0.00000   0.00926   0.00906   0.00000   0.00000   0.01898   0.00017   0.01647   0.08577   2.26175   7.31341   0.49556   0.14094  
 49  0.3354    656.757603  x:  0.03367   0.02676   0.00000   0.00956   0.00000   0.00000   0.00000   0.00000   0.00000   0.00000   0.00000   0.01870   0.00000   0.00000   0.00000   0.00000   0.00000   0.00928   0.01855   0.02871   0.01029   0.00000   0.00932   0.00920   0.00000   0.00000   0.01874   0.00024   0.01642   0.08537   2.28344   7.58443   0.54947   0.14157  
 50  0.1354    656.755919  x:  0.03358   0.02733   0.00000   0.00971   0.00000   0.00000   0.00000   0.00000   0.00000   0.00000   0.00000   0.01845   0.00000   0.00000   0.00000   0.00000   0.00000   0.00925   0.01855   0.02849   0.01049   0.00000   0.00932   0.00919   0.00000   0.00000   0.01868   0.00029   0.01651   0.08588   2.28423   7.90520   0.57909   0.14162  
 51  0.1269    656.752974  x:  0.03343   0.02665   0.00000   0.00958   0.00000   0.00000   0.00000   0.00000   0.00000   0.00000   0.00000   0.01851   0.00000   0.00000   0.00000   0.00000   0.00000   0.00926   0.01882   0.02825   0.01038   0.00000   0.00920   0.00930   0.00000   0.00000   0.01853   0.00044   0.01666   0.08637   2.26843   8.56113   0.61011   0.14054  
 52  0.1993    656.749702  x:  0.03327   0.02716   0.00000   0.00923   0.00000   0.00000   0.00000   0.00000   0.00000   0.00000   0.00000   0.01875   0.00000   0.00000   0.00000   0.00000   0.00000   0.00933   0.01851   0.02862   0.01030   0.00000   0.00927   0.00913   0.00000   0.00000   0.01854   0.00062   0.01643   0.08585   2.28420   9.39622   0.62971   0.14102  
 53  0.3739    656.748705  x:  0.03308   0.02698   0.00000   0.00926   0.00000   0.00000   0.00000   0.00000   0.00000   0.00000   0.00000   0.01854   0.00000   0.00000   0.00000   0.00000   0.00000   0.00922   0.01867   0.02854   0.01047   0.00000   0.00925   0.00928   0.00000   0.00000   0.01864   0.00080   0.01654   0.08553   2.28043  10.28016   0.71191   0.14115  
 54  0.3968    656.748210  x:  0.03290   0.02705   0.00000   0.00932   0.00000   0.00000   0.00000   0.00000   0.00000   0.00000   0.00000   0.01867   0.00000   0.00000   0.00000   0.00000   0.00000   0.00924   0.01865   0.02858   0.01032   0.00000   0.00924   0.00915   0.00000   0.00000   0.01867   0.00099   0.01649   0.08584   2.27802  11.22610   0.79653   0.14110  
 55  0.4151    656.748016  x:  0.03272   0.02702   0.00000   0.00929   0.00000   0.00000   0.00000   0.00000   0.00000   0.00000   0.00000   0.01865   0.00000   0.00000   0.00000   0.00000   0.00000   0.00927   0.01857   0.02856   0.01041   0.00000   0.00923   0.00922   0.00000   0.00000   0.01867   0.00116   0.01650   0.08574   2.28412  12.06323   0.85872   0.14098  
 56  0.4096    656.747917  x:  0.03252   0.02705   0.00000   0.00930   0.00000   0.00000   0.00000   0.00000   0.00000   0.00000   0.00000   0.01862   0.00000   0.00000   0.00000   0.00000   0.00000   0.00925   0.01867   0.02855   0.01037   0.00000   0.00924   0.00920   0.00000   0.00000   0.01864   0.00137   0.01651   0.08570   2.27955  13.06911   0.93972   0.14114  
 57  0.4256    656.747879  x:  0.03232   0.02702   0.00000   0.00930   0.00000   0.00000   0.00000   0.00000   0.00000   0.00000   0.00000   0.01865   0.00000   0.00000   0.00000   0.00000   0.00000   0.00926   0.01859   0.02857   0.01038   0.00000   0.00925   0.00920   0.00000   0.00000   0.01864   0.00157   0.01649   0.08578   2.28120  14.05028   1.01845   0.14103  
 58  0.4075    656.747863  x:  0.03213   0.02704   0.00000   0.00930   0.00000   0.00000   0.00000   0.00000   0.00000   0.00000   0.00000   0.01862   0.00000   0.00000   0.00000   0.00000   0.00000   0.00925   0.01864   0.02855   0.01038   0.00000   0.00924   0.00920   0.00000   0.00000   0.01864   0.00175   0.01651   0.08573   2.28088  14.94559   1.09005   0.14110  
 59  0.3583    656.747856  x:  0.03192   0.02703   0.00000   0.00930   0.00000   0.00000   0.00000   0.00000   0.00000   0.00000   0.00000   0.01864   0.00000   0.00000   0.00000   0.00000   0.00000   0.00926   0.01861   0.02856   0.01038   0.00000   0.00924   0.00920   0.00000   0.00000   0.01865   0.00197   0.01650   0.08576   2.28080  15.98416   1.17399   0.14106  
 60  0.3843    656.747853  x:  0.03174   0.02704   0.00000   0.00930   0.00000   0.00000   0.00000   0.00000   0.00000   0.00000   0.00000   0.01863   0.00000   0.00000   0.00000   0.00000   0.00000   0.00925   0.01863   0.02856   0.01038   0.00000   0.00924   0.00920   0.00000   0.00000   0.01864   0.00214   0.01650   0.08574   2.28105  16.85538   1.24368   0.14107  
 61  0.3740    656.747852  x:  0.03153   0.02703   0.00000   0.00930   0.00000   0.00000   0.00000   0.00000   0.00000   0.00000   0.00000   0.01864   0.00000   0.00000   0.00000   0.00000   0.00000   0.00926   0.01862   0.02856   0.01038   0.00000   0.00924   0.00920   0.00000   0.00000   0.01864   0.00236   0.01650   0.08575   2.28077  17.89775   1.32742   0.14107  
 62  0.3758    656.747852  x:  0.03135   0.02703   0.00000   0.00930   0.00000   0.00000   0.00000   0.00000   0.00000   0.00000   0.00000   0.01863   0.00000   0.00000   0.00000   0.00000   0.00000   0.00926   0.01862   0.02856   0.01038   0.00000   0.00924   0.00920   0.00000   0.00000   0.01864   0.00254   0.01650   0.08574   2.28101  18.77634   1.39791   0.14107  
 63  0.3850    656.747852  x:  0.03115   0.02703   0.00000   0.00930   0.00000   0.00000   0.00000   0.00000   0.00000   0.00000   0.00000   0.01864   0.00000   0.00000   0.00000   0.00000   0.00000   0.00926   0.01862   0.02856   0.01038   0.00000   0.00924   0.00920   0.00000   0.00000   0.01864   0.00273   0.01650   0.08575   2.28083  19.73403   1.47477   0.14108  
 64  0.3725    656.747851  x:  0.03095   0.02703   0.00000   0.00930   0.00000   0.00000   0.00000   0.00000   0.00000   0.00000   0.00000   0.01863   0.00000   0.00000   0.00000   0.00000   0.00000   0.00926   0.01862   0.02856   0.01038   0.00000   0.00924   0.00920   0.00000   0.00000   0.01864   0.00294   0.01650   0.08574   2.28096  20.71163   1.55330   0.14107  
 65  0.3890    656.747851  x:  0.03081   0.02703   0.00000   0.00930   0.00000   0.00000   0.00000   0.00000   0.00000   0.00000   0.00000   0.01864   0.00000   0.00000   0.00000   0.00000   0.00000   0.00926   0.01862   0.02856   0.01038   0.00000   0.00924   0.00920   0.00000   0.00000   0.01864   0.00307   0.01650   0.08574   2.28089  21.39643   1.60824   0.14107  
 66  0.3390    656.747851  x:  0.03051   0.02703   0.00000   0.00930   0.00000   0.00000   0.00000   0.00000   0.00000   0.00000   0.00000   0.01863   0.00000   0.00000   0.00000   0.00000   0.00000   0.00926   0.01862   0.02856   0.01038   0.00000   0.00924   0.00920   0.00000   0.00000   0.01864   0.00338   0.01650   0.08575   2.28093  22.88040   1.72740   0.14107  
 67  0.3850    656.747851  x:  0.03047   0.02703   0.00000   0.00930   0.00000   0.00000   0.00000   0.00000   0.00000   0.00000   0.00000   0.01863   0.00000   0.00000   0.00000   0.00000   0.00000   0.00926   0.01862   0.02856   0.01038   0.00000   0.00924   0.00920   0.00000   0.00000   0.01864   0.00342   0.01650   0.08575   2.28091  23.06323   1.74206   0.14107  
 68  0.1580    656.747851  x:  0.03027   0.02703   0.00000   0.00930   0.00000   0.00000   0.00000   0.00000   0.00000   0.00000   0.00000   0.01864   0.00000   0.00000   0.00000   0.00000   0.00000   0.00926   0.01862   0.02856   0.01038   0.00000   0.00924   0.00920   0.00000   0.00000   0.01864   0.00361   0.01650   0.08574   2.28090  24.01900   1.81877   0.14107  
 69  0.3288    656.747851  x:  0.03030   0.02703   0.00000   0.00930   0.00000   0.00000   0.00000   0.00000   0.00000   0.00000   0.00000   0.01863   0.00000   0.00000   0.00000   0.00000   0.00000   0.00926   0.01862   0.02856   0.01038   0.00000   0.00924   0.00920   0.00000   0.00000   0.01864   0.00359   0.01650   0.08575   2.28091  23.89993   1.80923   0.14107  
 70  0.0644    656.747851  x:  0.03027   0.02703   0.00000   0.00930   0.00000   0.00000   0.00000   0.00000   0.00000   0.00000   0.00000   0.01863   0.00000   0.00000   0.00000   0.00000   0.00000   0.00926   0.01862   0.02856   0.01038   0.00000   0.00924   0.00920   0.00000   0.00000   0.01864   0.00361   0.01650   0.08575   2.28091  24.01900   1.81878   0.14107  
 71  0.1349    656.747851  x:  0.03015   0.02703   0.00000   0.00930   0.00000   0.00000   0.00000   0.00000   0.00000   0.00000   0.00000   0.01863   0.00000   0.00000   0.00000   0.00000   0.00000   0.00926   0.01862   0.02856   0.01038   0.00000   0.00924   0.00920   0.00000   0.00000   0.01864   0.00374   0.01650   0.08574   2.28091  24.62910   1.86775   0.14107  
 72  0.3761    656.747851  x:  0.03018   0.02703   0.00000   0.00930   0.00000   0.00000   0.00000   0.00000   0.00000   0.00000   0.00000   0.01863   0.00000   0.00000   0.00000   0.00000   0.00000   0.00926   0.01862   0.02856   0.01038   0.00000   0.00924   0.00920   0.00000   0.00000   0.01864   0.00371   0.01650   0.08574   2.28091  24.49633   1.85710   0.14107  
 73  0.3330    656.747851  x:  0.03018   0.02703   0.00000   0.00930   0.00000   0.00000   0.00000   0.00000   0.00000   0.00000   0.00000   0.01863   0.00000   0.00000   0.00000   0.00000   0.00000   0.00926   0.01862   0.02856   0.01038   0.00000   0.00924   0.00920   0.00000   0.00000   0.01864   0.00371   0.01650   0.08574   2.28091  24.49426   1.85693   0.14107  
 74  0.3512    656.747851  x:  0.03017   0.02703   0.00000   0.00930   0.00000   0.00000   0.00000   0.00000   0.00000   0.00000   0.00000   0.01863   0.00000   0.00000   0.00000   0.00000   0.00000   0.00926   0.01862   0.02856   0.01038   0.00000   0.00924   0.00920   0.00000   0.00000   0.01864   0.00371   0.01650   0.08575   2.28091  24.50854   1.85808   0.14107  
 75  0.0047    656.747851  x:  0.03017   0.02703   0.00000   0.00930   0.00000   0.00000   0.00000   0.00000   0.00000   0.00000   0.00000   0.01863   0.00000   0.00000   0.00000   0.00000   0.00000   0.00926   0.01862   0.02856   0.01038   0.00000   0.00924   0.00920   0.00000   0.00000   0.01864   0.00371   0.01650   0.08575   2.28091  24.50854   1.85808   0.14107  
 76  0.0060    656.747851  x:  0.03017   0.02703   0.00000   0.00930   0.00000   0.00000   0.00000   0.00000   0.00000   0.00000   0.00000   0.01863   0.00000   0.00000   0.00000   0.00000   0.00000   0.00926   0.01862   0.02856   0.01038   0.00000   0.00924   0.00920   0.00000   0.00000   0.01864   0.00371   0.01650   0.08575   2.28091  24.50854   1.85808   0.14107  
 77  0.0338    656.747851  x:  0.03017   0.02703   0.00000   0.00930   0.00000   0.00000   0.00000   0.00000   0.00000   0.00000   0.00000   0.01863   0.00000   0.00000   0.00000   0.00000   0.00000   0.00926   0.01862   0.02856   0.01038   0.00000   0.00924   0.00920   0.00000   0.00000   0.01864   0.00371   0.01650   0.08575   2.28091  24.50854   1.85808   0.14107  
check convergence!
