Supplemental results for CODEML (seqf: /Users/YY/Desktop/get/branch_site/modify/modify_trim_muscle_atpF.fa  treef: /Users/YY/Desktop/get/branch_site/16gene_topu.tree)


dN/dS (w) for site classes (K=4)

site class             0        1       2a       2b
proportion       0.75938  0.09125  0.13334  0.01602
background w     0.09878  1.00000  0.09878  1.00000
foreground w     0.09878  1.00000  2.57198  2.57198

Naive Empirical Bayes (NEB) probabilities for 4 classes
(amino acids refer to 1st sequence: NC_033343)

   1 M   0.81694 0.03369 0.14345 0.00592 ( 1)
   2 K   0.81580 0.03484 0.14325 0.00612 ( 1)
   3 N   0.61159 0.23905 0.10739 0.04198 ( 1)
   4 V   0.80980 0.04083 0.14220 0.00717 ( 1)
   5 T   0.78368 0.06696 0.13761 0.01176 ( 1)
   6 D   0.81824 0.03240 0.14368 0.00569 ( 1)
   7 S   0.79642 0.05422 0.13985 0.00952 ( 1)
   8 F   0.79236 0.05828 0.13913 0.01023 ( 1)
   9 V   0.80860 0.04204 0.14198 0.00738 ( 1)
  10 S   0.49942 0.35121 0.08770 0.06167 ( 1)
  11 L   0.79153 0.05910 0.13899 0.01038 ( 1)
  12 G   0.78453 0.06610 0.13776 0.01161 ( 1)
  13 H   0.48709 0.36354 0.08553 0.06384 ( 1)
  14 W   0.78532 0.06531 0.13790 0.01147 ( 1)
  15 P   0.78710 0.06353 0.13821 0.01116 ( 1)
  16 S   0.77788 0.07275 0.13659 0.01277 ( 1)
  17 A   0.78264 0.06800 0.13743 0.01194 ( 1)
  18 G   0.79216 0.05847 0.13910 0.01027 ( 1)
  19 S   0.81348 0.03716 0.14284 0.00652 ( 1)
  20 F   0.79236 0.05828 0.13913 0.01023 ( 1)
  21 G   0.79216 0.05847 0.13910 0.01027 ( 1)
  22 F   0.81083 0.03980 0.14238 0.00699 ( 1)
  23 N   0.81937 0.03127 0.14387 0.00549 ( 1)
  24 T   0.78368 0.06696 0.13761 0.01176 ( 1)
  25 D   0.81824 0.03240 0.14368 0.00569 ( 1)
  26 I   0.81304 0.03760 0.14276 0.00660 ( 1)
  27 L   0.79615 0.05448 0.13980 0.00957 ( 1)
  28 A   0.80540 0.04523 0.14142 0.00794 ( 1)
  29 T   0.80703 0.04360 0.14171 0.00766 ( 1)
  30 N   0.81937 0.03127 0.14387 0.00549 ( 1)
  31 L   0.79743 0.05321 0.14002 0.00934 ( 1)
  32 I   0.81629 0.03435 0.14333 0.00603 ( 1)
  33 N   0.81937 0.03127 0.14387 0.00549 ( 1)
  34 L   0.79743 0.05321 0.14002 0.00934 ( 1)
  35 S   0.81348 0.03716 0.14284 0.00652 ( 1)
  36 V   0.80980 0.04083 0.14220 0.00717 ( 1)
  37 V   0.79475 0.05589 0.13955 0.00981 ( 1)
  38 L   0.80400 0.04664 0.14118 0.00819 ( 1)
  39 G   0.79216 0.05847 0.13910 0.01027 ( 1)
  40 V   0.80980 0.04083 0.14220 0.00717 ( 1)
  41 L   0.78954 0.06109 0.13864 0.01073 ( 1)
  42 V   0.80514 0.04550 0.14138 0.00799 ( 1)
  43 F   0.81083 0.03980 0.14238 0.00699 ( 1)
  44 F   0.81083 0.03980 0.14238 0.00699 ( 1)
  45 G   0.80413 0.04651 0.14120 0.00817 ( 1)
  46 K   0.80429 0.04635 0.14123 0.00814 ( 1)
  47 G   0.80413 0.04651 0.14120 0.00817 ( 1)
  48 V   0.79475 0.05589 0.13955 0.00981 ( 1)
  49 L   0.79615 0.05448 0.13980 0.00957 ( 1)
  50 S   0.81348 0.03716 0.14284 0.00652 ( 1)
  51 D   0.81824 0.03240 0.14368 0.00569 ( 1)
  52 L   0.79615 0.05448 0.13980 0.00957 ( 1)
  53 L   0.79615 0.05448 0.13980 0.00957 ( 1)
  54 D   0.81824 0.03240 0.14368 0.00569 ( 1)
  55 N   0.81937 0.03127 0.14387 0.00549 ( 1)
  56 R   0.78872 0.06191 0.13850 0.01087 ( 1)
  57 K   0.81580 0.03484 0.14325 0.00612 ( 1)
  58 Q   0.79368 0.05696 0.13937 0.01000 ( 1)
  59 R   0.79992 0.05071 0.14046 0.00890 ( 1)
  60 I   0.79210 0.05853 0.13909 0.01028 ( 1)
  61 L   0.78954 0.06109 0.13864 0.01073 ( 1)
  62 N   0.81937 0.03127 0.14387 0.00549 ( 1)
  63 T   0.80583 0.04480 0.14150 0.00787 ( 1)
  64 I   0.81304 0.03760 0.14276 0.00660 ( 1)
  65 R   0.78872 0.06191 0.13850 0.01087 ( 1)
  66 N   0.81937 0.03127 0.14387 0.00549 ( 1)
  67 S   0.78844 0.06219 0.13845 0.01092 ( 1)
  68 E   0.81465 0.03598 0.14305 0.00632 ( 1)
  69 E   0.81465 0.03598 0.14305 0.00632 ( 1)
  70 L   0.78703 0.06360 0.13820 0.01117 ( 1)
  71 R   0.79845 0.05219 0.14020 0.00916 ( 1)
  72 G   0.49314 0.35750 0.08659 0.06277 ( 1)
  73 G   0.80209 0.04854 0.14084 0.00852 ( 1)
  74 A   0.78264 0.06800 0.13743 0.01194 ( 1)
  75 I   0.14279 0.70785 0.02507 0.12429 ( 2)
  76 E   0.81465 0.03598 0.14305 0.00632 ( 1)
  77 Q   0.79368 0.05696 0.13937 0.01000 ( 1)
  78 L   0.78740 0.06323 0.13826 0.01110 ( 1)
  79 E   0.81465 0.03598 0.14305 0.00632 ( 1)
  80 K   0.80429 0.04635 0.14123 0.00814 ( 1)
  81 A   0.78372 0.06691 0.13762 0.01175 ( 1)
  82 R   0.78290 0.06773 0.13747 0.01189 ( 1)
  83 T   0.80602 0.04462 0.14153 0.00783 ( 1)
  84 R   0.77908 0.07155 0.13680 0.01256 ( 1)
  85 L   0.79615 0.05448 0.13980 0.00957 ( 1)
  86 R   0.78872 0.06191 0.13850 0.01087 ( 1)
  87 K   0.81580 0.03484 0.14325 0.00612 ( 1)
  88 V   0.42061 0.43003 0.07386 0.07551 ( 2)
  89 E   0.58432 0.26632 0.10260 0.04676 ( 1)
  90 M   0.81694 0.03369 0.14345 0.00592 ( 1)
  91 E   0.80294 0.04769 0.14099 0.00837 ( 1)
  92 A   0.52528 0.32536 0.09224 0.05713 ( 1)
  93 D   0.59449 0.25615 0.10439 0.04498 ( 1)
  94 Q   0.79368 0.05696 0.13937 0.01000 ( 1)
  95 F   0.81083 0.03980 0.14238 0.00699 ( 1)
  96 R   0.78872 0.06191 0.13850 0.01087 ( 1)
  97 V   0.78623 0.06440 0.13806 0.01131 ( 1)
  98 N   0.81937 0.03127 0.14387 0.00549 ( 1)
  99 G   0.80413 0.04651 0.14120 0.00817 ( 1)
 100 Y   0.78283 0.06781 0.13746 0.01191 ( 1)
 101 S   0.79642 0.05422 0.13985 0.00952 ( 1)
 102 E   0.80294 0.04769 0.14099 0.00837 ( 1)
 103 I   0.81629 0.03435 0.14333 0.00603 ( 1)
 104 E   0.80294 0.04769 0.14099 0.00837 ( 1)
 105 R   0.78872 0.06191 0.13850 0.01087 ( 1)
 106 E   0.81465 0.03598 0.14305 0.00632 ( 1)
 107 K   0.52542 0.32522 0.09226 0.05711 ( 1)
 108 L   0.01213 0.83850 0.00213 0.14724 ( 2)
 109 N   0.81937 0.03127 0.14387 0.00549 ( 1)
 110 F   0.81083 0.03980 0.14238 0.00699 ( 1)
 111 I   0.55794 0.29270 0.09797 0.05140 ( 1)
 112 N   0.81937 0.03127 0.14387 0.00549 ( 1)
 113 S   0.77788 0.07275 0.13659 0.01277 ( 1)
 114 T   0.80229 0.04834 0.14088 0.00849 ( 1)
 115 S   0.50001 0.35062 0.08780 0.06157 ( 1)
 116 K   0.80429 0.04635 0.14123 0.00814 ( 1)
 117 T   0.54034 0.31029 0.09488 0.05449 ( 1)
 118 L   0.78954 0.06109 0.13864 0.01073 ( 1)
 119 K   0.81580 0.03484 0.14325 0.00612 ( 1)
 120 Q   0.80475 0.04588 0.14131 0.00806 ( 1)
 121 L   0.79512 0.05552 0.13962 0.00975 ( 1)
 122 E   0.81465 0.03598 0.14305 0.00632 ( 1)
 123 N   0.81937 0.03127 0.14387 0.00549 ( 1)
 124 Y   0.78283 0.06781 0.13746 0.01191 ( 1)
 125 K   0.81580 0.03484 0.14325 0.00612 ( 1)
 126 N   0.80149 0.04914 0.14074 0.00863 ( 1)
 127 E   0.81465 0.03598 0.14305 0.00632 ( 1)
 128 T   0.80583 0.04480 0.14150 0.00787 ( 1)
 129 I   0.81304 0.03760 0.14276 0.00660 ( 1)
 130 Q   0.01580 0.83484 0.00277 0.14659 ( 2)
 131 F   0.81083 0.03980 0.14238 0.00699 ( 1)
 132 E   0.81465 0.03598 0.14305 0.00632 ( 1)
 133 Q   0.80475 0.04588 0.14131 0.00806 ( 1)
 134 Q   0.80475 0.04588 0.14131 0.00806 ( 1)
 135 R   0.51468 0.33595 0.09038 0.05899 ( 1)
 136 A   0.49911 0.35152 0.08764 0.06173 ( 1)
 137 I   0.55794 0.29270 0.09797 0.05140 ( 1)
 138 N   0.61259 0.23805 0.10757 0.04180 ( 1)
 139 Q   0.80475 0.04588 0.14131 0.00806 ( 1)
 140 V   0.78586 0.06477 0.13799 0.01137 ( 1)
 141 R   0.78872 0.06191 0.13850 0.01087 ( 1)
 142 Q   0.80414 0.04649 0.14120 0.00816 ( 1)
 143 R   0.45118 0.39945 0.07922 0.07014 ( 1)
 144 V   0.80860 0.04204 0.14198 0.00738 ( 1)
 145 F   0.79236 0.05828 0.13913 0.01023 ( 1)
 146 Q   0.80475 0.04588 0.14131 0.00806 ( 1)
 147 Q   0.53926 0.31138 0.09469 0.05468 ( 1)
 148 A   0.78749 0.06315 0.13828 0.01109 ( 1)
 149 L   0.79615 0.05448 0.13980 0.00957 ( 1)
 150 Q   0.80475 0.04588 0.14131 0.00806 ( 1)
 151 G   0.79216 0.05847 0.13910 0.01027 ( 1)
 152 A   0.80422 0.04641 0.14122 0.00815 ( 1)
 153 L   0.79743 0.05321 0.14002 0.00934 ( 1)
 154 G   0.80084 0.04979 0.14062 0.00874 ( 1)
 155 T   0.80583 0.04480 0.14150 0.00787 ( 1)
 156 L   0.78486 0.06577 0.13782 0.01155 ( 1)
 157 S   0.80401 0.04663 0.14118 0.00819 ( 1)
 158 S   0.81348 0.03716 0.14284 0.00652 ( 1)
 159 C   0.80019 0.05044 0.14051 0.00886 ( 1)
 160 L   0.78954 0.06109 0.13864 0.01073 ( 1)
 161 N   0.80206 0.04857 0.14084 0.00853 ( 1)
 162 N   0.80203 0.04860 0.14083 0.00853 ( 1)
 163 E   0.80294 0.04769 0.14099 0.00837 ( 1)
 164 L   0.79615 0.05448 0.13980 0.00957 ( 1)
 165 H   0.81143 0.03921 0.14248 0.00688 ( 1)
 166 L   0.79615 0.05448 0.13980 0.00957 ( 1)
 167 R   0.79845 0.05219 0.14020 0.00916 ( 1)
 168 T   0.79525 0.05538 0.13964 0.00972 ( 1)
 169 I   0.80711 0.04352 0.14172 0.00764 ( 1)
 170 R   0.79845 0.05219 0.14020 0.00916 ( 1)
 171 A   0.78264 0.06800 0.13743 0.01194 ( 1)
 172 N   0.81937 0.03127 0.14387 0.00549 ( 1)
 173 I   0.81304 0.03760 0.14276 0.00660 ( 1)
 174 G   0.45829 0.39234 0.08047 0.06889 ( 1)
 175 M   0.60004 0.25059 0.10536 0.04400 ( 1)
 176 L   0.78942 0.06122 0.13862 0.01075 ( 1)
 177 G   0.79216 0.05847 0.13910 0.01027 ( 1)
 178 A   0.80540 0.04523 0.14142 0.00794 ( 1)
 179 I   0.81629 0.03435 0.14333 0.00603 ( 1)
 180 T   0.78838 0.06226 0.13843 0.01093 ( 1)
 181 D   0.81824 0.03240 0.14368 0.00569 ( 1)


lnL = -1140.002731

Bayes Empirical Bayes (BEB) probabilities for 4 classes (class)
(amino acids refer to 1st sequence: NC_033343)

   1 M   0.63097 0.03210 0.31972 0.01722 ( 1)
   2 K   0.62989 0.03318 0.31914 0.01780 ( 1)
   3 N   0.42452 0.23855 0.20832 0.12861 ( 1)
   4 V   0.62423 0.03884 0.31610 0.02083 ( 1)
   5 T   0.59995 0.06311 0.30308 0.03386 ( 1)
   6 D   0.63220 0.03086 0.32038 0.01656 ( 1)
   7 S   0.61170 0.05136 0.30938 0.02756 ( 1)
   8 F   0.60794 0.05512 0.30736 0.02957 ( 1)
   9 V   0.62309 0.03997 0.31549 0.02144 ( 1)
  10 S   0.34932 0.31374 0.16810 0.16883 ( 1)
  11 L   0.60718 0.05589 0.30695 0.02998 ( 1)
  12 G   0.60073 0.06233 0.30349 0.03344 ( 1)
  13 H   0.34169 0.32137 0.16405 0.17288 ( 1)
  14 W   0.60146 0.06161 0.30388 0.03305 ( 1)
  15 P   0.60309 0.05997 0.30476 0.03218 ( 1)
  16 S   0.59466 0.06841 0.30024 0.03670 ( 1)
  17 A   0.59900 0.06407 0.30256 0.03437 ( 1)
  18 G   0.60776 0.05530 0.30726 0.02967 ( 1)
  19 S   0.62769 0.03538 0.31796 0.01898 ( 1)
  20 F   0.60794 0.05512 0.30736 0.02957 ( 1)
  21 G   0.60776 0.05530 0.30726 0.02967 ( 1)
  22 F   0.62520 0.03787 0.31662 0.02032 ( 1)
  23 N   0.63327 0.02979 0.32095 0.01598 ( 1)
  24 T   0.59995 0.06311 0.30308 0.03386 ( 1)
  25 D   0.63220 0.03086 0.32038 0.01656 ( 1)
  26 I   0.62728 0.03579 0.31774 0.01920 ( 1)
  27 L   0.61146 0.05160 0.30925 0.02769 ( 1)
  28 A   0.62009 0.04298 0.31388 0.02306 ( 1)
  29 T   0.62162 0.04145 0.31470 0.02224 ( 1)
  30 N   0.63327 0.02979 0.32095 0.01598 ( 1)
  31 L   0.61264 0.05042 0.30988 0.02705 ( 1)
  32 I   0.63036 0.03271 0.31939 0.01755 ( 1)
  33 N   0.63327 0.02979 0.32095 0.01598 ( 1)
  34 L   0.61264 0.05042 0.30988 0.02705 ( 1)
  35 S   0.62769 0.03538 0.31796 0.01898 ( 1)
  36 V   0.62423 0.03884 0.31610 0.02083 ( 1)
  37 V   0.61015 0.05291 0.30855 0.02839 ( 1)
  38 L   0.61877 0.04429 0.31317 0.02376 ( 1)
  39 G   0.60776 0.05530 0.30726 0.02967 ( 1)
  40 V   0.62423 0.03884 0.31610 0.02083 ( 1)
  41 L   0.60534 0.05773 0.30597 0.03097 ( 1)
  42 V   0.61985 0.04322 0.31375 0.02319 ( 1)
  43 F   0.62520 0.03787 0.31662 0.02032 ( 1)
  44 F   0.62520 0.03787 0.31662 0.02032 ( 1)
  45 G   0.61890 0.04417 0.31324 0.02370 ( 1)
  46 K   0.61905 0.04402 0.31332 0.02362 ( 1)
  47 G   0.61890 0.04417 0.31324 0.02370 ( 1)
  48 V   0.61015 0.05291 0.30855 0.02839 ( 1)
  49 L   0.61146 0.05160 0.30925 0.02769 ( 1)
  50 S   0.62769 0.03538 0.31796 0.01898 ( 1)
  51 D   0.63220 0.03086 0.32038 0.01656 ( 1)
  52 L   0.61146 0.05160 0.30925 0.02769 ( 1)
  53 L   0.61146 0.05160 0.30925 0.02769 ( 1)
  54 D   0.63220 0.03086 0.32038 0.01656 ( 1)
  55 N   0.63327 0.02979 0.32095 0.01598 ( 1)
  56 R   0.60459 0.05848 0.30556 0.03137 ( 1)
  57 K   0.62989 0.03318 0.31914 0.01780 ( 1)
  58 Q   0.60916 0.05390 0.30802 0.02892 ( 1)
  59 R   0.61498 0.04808 0.31114 0.02580 ( 1)
  60 I   0.60770 0.05536 0.30723 0.02970 ( 1)
  61 L   0.60534 0.05773 0.30597 0.03097 ( 1)
  62 N   0.63327 0.02979 0.32095 0.01598 ( 1)
  63 T   0.62050 0.04257 0.31410 0.02284 ( 1)
  64 I   0.62728 0.03579 0.31774 0.01920 ( 1)
  65 R   0.60459 0.05848 0.30556 0.03137 ( 1)
  66 N   0.63327 0.02979 0.32095 0.01598 ( 1)
  67 S   0.60433 0.05873 0.30542 0.03151 ( 1)
  68 E   0.62881 0.03426 0.31855 0.01838 ( 1)
  69 E   0.62881 0.03426 0.31855 0.01838 ( 1)
  70 L   0.60303 0.06003 0.30473 0.03221 ( 1)
  71 R   0.61359 0.04947 0.31039 0.02654 ( 1)
  72 G   0.34542 0.31764 0.16603 0.17091 ( 1)
  73 G   0.61699 0.04607 0.31222 0.02472 ( 1)
  74 A   0.59900 0.06407 0.30256 0.03437 ( 1)
  75 I   0.14575 0.51731 0.06312 0.27381 ( 2)
  76 E   0.62881 0.03426 0.31855 0.01838 ( 1)
  77 Q   0.60916 0.05390 0.30802 0.02892 ( 1)
  78 L   0.60337 0.05969 0.30491 0.03202 ( 1)
  79 E   0.62881 0.03426 0.31855 0.01838 ( 1)
  80 K   0.61905 0.04402 0.31332 0.02362 ( 1)
  81 A   0.59999 0.06307 0.30310 0.03384 ( 1)
  82 R   0.59924 0.06382 0.30269 0.03424 ( 1)
  83 T   0.62067 0.04240 0.31419 0.02275 ( 1)
  84 R   0.59575 0.06731 0.30082 0.03611 ( 1)
  85 L   0.61146 0.05160 0.30925 0.02769 ( 1)
  86 R   0.60459 0.05848 0.30556 0.03137 ( 1)
  87 K   0.62989 0.03318 0.31914 0.01780 ( 1)
  88 V   0.30188 0.36119 0.14301 0.19393 ( 2)
  89 E   0.40505 0.25802 0.19787 0.13906 ( 1)
  90 M   0.63097 0.03210 0.31972 0.01722 ( 1)
  91 E   0.61779 0.04528 0.31264 0.02429 ( 1)
  92 A   0.36564 0.29742 0.17679 0.16014 ( 1)
  93 D   0.41219 0.25088 0.20170 0.13523 ( 1)
  94 Q   0.60916 0.05390 0.30802 0.02892 ( 1)
  95 F   0.62520 0.03787 0.31662 0.02032 ( 1)
  96 R   0.60459 0.05848 0.30556 0.03137 ( 1)
  97 V   0.60229 0.06077 0.30433 0.03260 ( 1)
  98 N   0.63327 0.02979 0.32095 0.01598 ( 1)
  99 G   0.61890 0.04417 0.31324 0.02370 ( 1)
 100 Y   0.59917 0.06389 0.30266 0.03428 ( 1)
 101 S   0.61170 0.05136 0.30938 0.02756 ( 1)
 102 E   0.61779 0.04528 0.31264 0.02429 ( 1)
 103 I   0.63036 0.03271 0.31939 0.01755 ( 1)
 104 E   0.61779 0.04528 0.31264 0.02429 ( 1)
 105 R   0.60459 0.05848 0.30556 0.03137 ( 1)
 106 E   0.62881 0.03426 0.31855 0.01838 ( 1)
 107 K   0.36574 0.29733 0.17684 0.16009 ( 1)
 108 L   0.02646 0.63661 0.01038 0.32656 ( 2)
 109 N   0.63327 0.02979 0.32095 0.01598 ( 1)
 110 F   0.62520 0.03787 0.31662 0.02032 ( 1)
 111 I   0.38702 0.27605 0.18821 0.14872 ( 1)
 112 N   0.63327 0.02979 0.32095 0.01598 ( 1)
 113 S   0.59466 0.06841 0.30024 0.03670 ( 1)
 114 T   0.61718 0.04588 0.31232 0.02462 ( 1)
 115 S   0.34969 0.31338 0.16830 0.16864 ( 1)
 116 K   0.61905 0.04402 0.31332 0.02362 ( 1)
 117 T   0.37539 0.28768 0.18199 0.15494 ( 1)
 118 L   0.60534 0.05773 0.30597 0.03097 ( 1)
 119 K   0.62989 0.03318 0.31914 0.01780 ( 1)
 120 Q   0.61948 0.04358 0.31355 0.02338 ( 1)
 121 L   0.61053 0.05253 0.30875 0.02818 ( 1)
 122 E   0.62881 0.03426 0.31855 0.01838 ( 1)
 123 N   0.63327 0.02979 0.32095 0.01598 ( 1)
 124 Y   0.59917 0.06389 0.30266 0.03428 ( 1)
 125 K   0.62989 0.03318 0.31914 0.01780 ( 1)
 126 N   0.61643 0.04663 0.31192 0.02502 ( 1)
 127 E   0.62881 0.03426 0.31855 0.01838 ( 1)
 128 T   0.62050 0.04257 0.31410 0.02284 ( 1)
 129 I   0.62728 0.03579 0.31774 0.01920 ( 1)
 130 Q   0.03348 0.62958 0.01322 0.32372 ( 2)
 131 F   0.62520 0.03787 0.31662 0.02032 ( 1)
 132 E   0.62881 0.03426 0.31855 0.01838 ( 1)
 133 Q   0.61948 0.04358 0.31355 0.02338 ( 1)
 134 Q   0.61948 0.04358 0.31355 0.02338 ( 1)
 135 R   0.35890 0.30417 0.17320 0.16374 ( 1)
 136 A   0.34913 0.31394 0.16800 0.16894 ( 1)
 137 I   0.38702 0.27605 0.18821 0.14872 ( 1)
 138 N   0.42525 0.23782 0.20871 0.12822 ( 1)
 139 Q   0.61948 0.04358 0.31355 0.02338 ( 1)
 140 V   0.60196 0.06111 0.30415 0.03278 ( 1)
 141 R   0.60459 0.05848 0.30556 0.03137 ( 1)
 142 Q   0.61891 0.04415 0.31325 0.02369 ( 1)
 143 R   0.31995 0.34311 0.15255 0.18439 ( 2)
 144 V   0.62309 0.03997 0.31549 0.02144 ( 1)
 145 F   0.60794 0.05512 0.30736 0.02957 ( 1)
 146 Q   0.61948 0.04358 0.31355 0.02338 ( 1)
 147 Q   0.37468 0.28839 0.18161 0.15532 ( 1)
 148 A   0.60345 0.05961 0.30495 0.03198 ( 1)
 149 L   0.61146 0.05160 0.30925 0.02769 ( 1)
 150 Q   0.61948 0.04358 0.31355 0.02338 ( 1)
 151 G   0.60776 0.05530 0.30726 0.02967 ( 1)
 152 A   0.61898 0.04408 0.31329 0.02365 ( 1)
 153 L   0.61264 0.05042 0.30988 0.02705 ( 1)
 154 G   0.61583 0.04724 0.31159 0.02534 ( 1)
 155 T   0.62050 0.04257 0.31410 0.02284 ( 1)
 156 L   0.60104 0.06202 0.30366 0.03328 ( 1)
 157 S   0.61880 0.04427 0.31319 0.02375 ( 1)
 158 S   0.62769 0.03538 0.31796 0.01898 ( 1)
 159 C   0.61522 0.04785 0.31127 0.02567 ( 1)
 160 L   0.60534 0.05773 0.30597 0.03097 ( 1)
 161 N   0.61697 0.04610 0.31220 0.02473 ( 1)
 162 N   0.61694 0.04613 0.31219 0.02475 ( 1)
 163 E   0.61779 0.04528 0.31264 0.02429 ( 1)
 164 L   0.61146 0.05160 0.30925 0.02769 ( 1)
 165 H   0.62576 0.03731 0.31692 0.02002 ( 1)
 166 L   0.61146 0.05160 0.30925 0.02769 ( 1)
 167 R   0.61359 0.04947 0.31039 0.02654 ( 1)
 168 T   0.61062 0.05244 0.30880 0.02814 ( 1)
 169 I   0.62170 0.04137 0.31474 0.02219 ( 1)
 170 R   0.61359 0.04947 0.31039 0.02654 ( 1)
 171 A   0.59900 0.06407 0.30256 0.03437 ( 1)
 172 N   0.63327 0.02979 0.32095 0.01598 ( 1)
 173 I   0.62728 0.03579 0.31774 0.01920 ( 1)
 174 G   0.32421 0.33886 0.15479 0.18214 ( 2)
 175 M   0.41615 0.24692 0.20382 0.13311 ( 1)
 176 L   0.60523 0.05783 0.30591 0.03103 ( 1)
 177 G   0.60776 0.05530 0.30726 0.02967 ( 1)
 178 A   0.62009 0.04298 0.31388 0.02306 ( 1)
 179 I   0.63036 0.03271 0.31939 0.01755 ( 1)
 180 T   0.60427 0.05879 0.30539 0.03154 ( 1)
 181 D   0.63220 0.03086 0.32038 0.01656 ( 1)

