

TREE # 1

  0  0.0000   1252.161383  x:  0.00000   0.02030   0.04747   0.02998   0.05941   0.05860   0.02886   0.03411   0.06042   0.01695   0.04599   0.02414   0.02053   0.01397   0.02147   0.05675   0.05064   0.02247   0.04527   0.03647   0.06292   0.03601   0.01337   0.03101   0.00778   0.06653   0.04258   0.04088   0.07725   0.06916   2.00000   1.09989   0.02896   0.27919   2.57308  
  1 99.0000   1252.157176  x:  0.00000   0.02030   0.04747   0.02998   0.05940   0.05860   0.02886   0.03411   0.06042   0.01695   0.04599   0.02414   0.02053   0.01397   0.02147   0.05675   0.05063   0.02247   0.04527   0.03647   0.06292   0.03601   0.01337   0.03101   0.00778   0.06653   0.04258   0.04088   0.07725   0.06916   2.00000   1.09989   0.02896   0.27919   2.57308  
  2 693.4670   1231.916083  x:  0.00000   0.01821   0.03977   0.03050   0.05158   0.05078   0.02072   0.02627   0.05371   0.00905   0.03971   0.01991   0.01264   0.00611   0.02042   0.05124   0.04420   0.01465   0.03963   0.03595   0.05613   0.03221   0.01287   0.03044   0.00000   0.06152   0.03932   0.03790   0.07370   0.07021   2.00001   1.10010   0.02875   0.27801   2.57308  
  3 7120.6664   1215.834643  x:  0.00000   0.01597   0.03380   0.03111   0.04559   0.04469   0.01431   0.02016   0.04786   0.00290   0.03374   0.01398   0.00650   0.00000   0.01937   0.04585   0.03830   0.00867   0.03452   0.03510   0.05038   0.02748   0.01373   0.02821   0.00000   0.05663   0.03530   0.03523   0.07015   0.07014   1.99993   1.09997   0.02889   0.27368   2.57308  
  4 13279.7397   1208.846801  x:  0.00000   0.01575   0.03102   0.03119   0.04289   0.04184   0.01124   0.01731   0.04474   0.00000   0.03057   0.01473   0.00361   0.00000   0.01970   0.04288   0.03512   0.00598   0.03170   0.03544   0.04738   0.02585   0.01327   0.03013   0.00000   0.05388   0.03369   0.03437   0.06815   0.06912   1.99980   1.09960   0.02928   0.26805   2.57308  
  5 2144.6816   1202.055898  x:  0.00000   0.01562   0.02756   0.03132   0.03953   0.03828   0.00737   0.01375   0.04138   0.00000   0.02802   0.01664   0.00000   0.00000   0.01953   0.04048   0.03217   0.00262   0.02920   0.03605   0.04396   0.02664   0.01276   0.02790   0.00000   0.05155   0.03397   0.03422   0.06655   0.06980   1.99961   1.09912   0.02980   0.26058   2.57308  
  6 2303.9069   1198.216581  x:  0.00000   0.01523   0.02491   0.03151   0.03692   0.03555   0.00432   0.01099   0.03954   0.00000   0.02751   0.01590   0.00000   0.00000   0.01926   0.03998   0.03107   0.00000   0.02844   0.03608   0.04183   0.02765   0.01335   0.02829   0.00000   0.05094   0.03482   0.03446   0.06616   0.06990   1.99947   1.09880   0.03013   0.25554   2.57308  
  7 2154.8625   1194.034317  x:  0.00000   0.01524   0.02133   0.03155   0.03330   0.03185   0.00000   0.00724   0.03779   0.00000   0.02751   0.01530   0.00000   0.00000   0.01946   0.03992   0.03044   0.00000   0.02799   0.03600   0.03952   0.02743   0.01263   0.02815   0.00000   0.05074   0.03481   0.03454   0.06602   0.06960   1.99927   1.09845   0.03051   0.24947   2.57308  
  8 4560.3298   1187.762765  x:  0.00000   0.01534   0.01443   0.03137   0.02631   0.02471   0.00000   0.00000   0.03537   0.00000   0.02736   0.01560   0.00000   0.00000   0.01896   0.03971   0.02976   0.00000   0.02748   0.03577   0.03594   0.02631   0.01378   0.02800   0.00000   0.05040   0.03387   0.03422   0.06567   0.06993   1.99889   1.09787   0.03112   0.23886   2.57309  
  9 8438.8331   1178.095543  x:  0.00000   0.01504   0.00000   0.03213   0.01168   0.00964   0.00000   0.00000   0.03528   0.00000   0.02422   0.01462   0.00000   0.00000   0.01890   0.03679   0.02914   0.00000   0.02718   0.03535   0.03361   0.02737   0.01378   0.02777   0.00000   0.04821   0.03288   0.03219   0.06317   0.06950   1.99808   1.09716   0.03186   0.22196   2.57311  
 10 2652.3581   1173.597864  x:  0.00000   0.01507   0.00000   0.03049   0.00242   0.00000   0.00000   0.00000   0.03497   0.00000   0.02298   0.01381   0.00000   0.00000   0.01854   0.03539   0.02784   0.00000   0.02580   0.03544   0.03291   0.02666   0.01371   0.02768   0.00000   0.04677   0.03359   0.03246   0.06210   0.06952   1.99759   1.09689   0.03216   0.21336   2.57312  
 11 3656.0635   1172.876069  x:  0.00000   0.01498   0.00000   0.03086   0.00000   0.00000   0.00000   0.00000   0.03469   0.00000   0.02287   0.01374   0.00000   0.00000   0.01854   0.03520   0.02738   0.00000   0.02543   0.03539   0.03272   0.02644   0.01373   0.02765   0.00000   0.04647   0.03367   0.03261   0.06195   0.06954   1.99747   1.09686   0.03220   0.21166   2.57313  
 12 2134.5958   1164.565304  x:  0.00000   0.00151   0.00000   0.02635   0.00000   0.00000   0.00000   0.00000   0.01432   0.00000   0.02102   0.01198   0.00000   0.00000   0.01922   0.03387   0.01595   0.00000   0.01837   0.03913   0.01634   0.03453   0.01282   0.02659   0.00000   0.04278   0.01922   0.02302   0.06030   0.06759   1.99370   1.09841   0.03089   0.17578   2.57321  
 13 310.2823   1161.424953  x:  0.00000   0.00464   0.00000   0.02455   0.00000   0.00000   0.00000   0.00000   0.00338   0.00000   0.01970   0.00918   0.00000   0.00000   0.01887   0.03321   0.01067   0.00000   0.01522   0.04081   0.00734   0.03982   0.01296   0.02631   0.00000   0.04122   0.01157   0.01687   0.05953   0.06765   1.99191   1.09944   0.02998   0.16063   2.57326  
 14 1222.3393   1160.901028  x:  0.00000   0.00497   0.00000   0.02447   0.00000   0.00000   0.00000   0.00000   0.00538   0.00000   0.01924   0.00892   0.00000   0.00000   0.01865   0.03342   0.00988   0.00000   0.01411   0.04121   0.00185   0.03987   0.01299   0.02624   0.00000   0.04133   0.01170   0.01464   0.05966   0.06752   1.99165   1.09996   0.02949   0.15961   2.57326  
 15 154.5606   1160.715546  x:  0.00000   0.00482   0.00000   0.02470   0.00000   0.00000   0.00000   0.00000   0.00423   0.00000   0.01778   0.00905   0.00000   0.00000   0.01838   0.03383   0.01118   0.00000   0.01339   0.04141   0.00136   0.03849   0.01307   0.02616   0.00000   0.04224   0.01430   0.01110   0.05926   0.06718   1.99158   1.10093   0.02856   0.16016   2.57324  
 16 48.9081   1160.106125  x:  0.00000   0.00490   0.00000   0.02514   0.00000   0.00000   0.00000   0.00000   0.00543   0.00000   0.01103   0.00798   0.00000   0.00000   0.01712   0.03701   0.00910   0.00000   0.00742   0.04372   0.00325   0.03847   0.01301   0.02627   0.00000   0.04717   0.01375   0.00813   0.05767   0.06765   1.99140   1.10686   0.02294   0.16090   2.57314  
 17 31.5554   1159.630769  x:  0.00474   0.00486   0.00000   0.02519   0.00000   0.00000   0.00000   0.00000   0.00548   0.00000   0.00573   0.00734   0.00000   0.00000   0.01626   0.03740   0.00924   0.00000   0.00654   0.04487   0.00322   0.03778   0.01282   0.02639   0.00000   0.04951   0.01356   0.00866   0.05545   0.06829   1.99127   1.11172   0.01832   0.16275   2.57307  
 18 166.7560   1157.588167  x:  0.01125   0.00518   0.00000   0.02345   0.00000   0.00000   0.00000   0.00000   0.00669   0.00000   0.00728   0.00529   0.00000   0.00000   0.01440   0.02796   0.00248   0.00000   0.01072   0.04777   0.00437   0.03535   0.01256   0.02654   0.00000   0.04812   0.01446   0.00395   0.04111   0.07041   1.99079   1.13213  -0.00110   0.16911   2.57274  
 19 106.7210   1155.535309  x:  0.01458   0.00531   0.00000   0.02200   0.00000   0.00000   0.00000   0.00000   0.00738   0.00000   0.01014   0.00249   0.00000   0.00000   0.01272   0.01468   0.00581   0.00000   0.00837   0.05057   0.00419   0.03367   0.01230   0.02682   0.00000   0.04243   0.01354   0.00205   0.02458   0.07355   1.99023   1.15688  -0.02465   0.17669   2.57235  
 20 633.3430   1153.843193  x:  0.01120   0.00549   0.00000   0.01820   0.00000   0.00000   0.00000   0.00000   0.00751   0.00000   0.00399   0.00229   0.00000   0.00000   0.01295   0.00824   0.00579   0.00000   0.01244   0.03971   0.00408   0.03286   0.01203   0.02690   0.00000   0.02847   0.01357   0.00087   0.02658   0.07498   1.98974   1.17789  -0.04467   0.18311   2.57202  
 21 153.6302   1153.536937  x:  0.01248   0.00556   0.00000   0.01764   0.00000   0.00000   0.00000   0.00000   0.00773   0.00000   0.00431   0.00242   0.00000   0.00000   0.01251   0.00920   0.00577   0.00000   0.01198   0.03755   0.00435   0.03318   0.01189   0.02689   0.00000   0.02489   0.01345   0.00000   0.02617   0.07481   1.98966   1.18062  -0.04729   0.18367   2.57198  
 22 150.8108   1153.536937  x:  0.01248   0.00556   0.00000   0.01764   0.00000   0.00000   0.00000   0.00000   0.00773   0.00000   0.00431   0.00242   0.00000   0.00000   0.01251   0.00920   0.00577   0.00000   0.01198   0.03755   0.00435   0.03318   0.01189   0.02689   0.00000   0.02489   0.01345   0.00000   0.02617   0.07481   1.98966   1.18062  -0.04729   0.18367   2.57198  
 23 34.2799   1149.361860  x:  0.01286   0.01237   0.00000   0.02573   0.00000   0.00000   0.00000   0.00000   0.00535   0.00000   0.00711   0.01440   0.00000   0.00000   0.01173   0.01129   0.00564   0.00000   0.00788   0.03538   0.00000   0.02746   0.00736   0.02938   0.00000   0.02215   0.01588   0.00038   0.02761   0.08288   1.98965   1.18081  -0.04749   0.18234   2.57198  
 24 421.9653   1146.066905  x:  0.01270   0.01436   0.00000   0.03400   0.00000   0.00000   0.00000   0.00000   0.00569   0.00000   0.00450   0.00777   0.00000   0.00000   0.01106   0.01218   0.00582   0.00000   0.00340   0.03120   0.00000   0.01550   0.00210   0.03334   0.00000   0.01737   0.01816   0.00022   0.02859   0.09897   1.98962   1.18125  -0.04793   0.17925   2.57198  
 25 299.0437   1144.853261  x:  0.01262   0.01530   0.00000   0.03865   0.00000   0.00000   0.00000   0.00000   0.00556   0.00000   0.00472   0.00512   0.00000   0.00000   0.01082   0.01255   0.00581   0.00000   0.00409   0.02876   0.00000   0.00851   0.00621   0.03554   0.00000   0.01490   0.01923   0.00014   0.02916   0.10900   1.98960   1.18156  -0.04823   0.17712   2.57198  
 26 642.7068   1144.230192  x:  0.01248   0.01359   0.00000   0.03991   0.00000   0.00000   0.00000   0.00000   0.00582   0.00000   0.00647   0.00490   0.00000   0.00000   0.01127   0.01185   0.00567   0.00000   0.00853   0.02752   0.00000   0.00885   0.00487   0.03642   0.00000   0.01523   0.01877   0.00000   0.02925   0.11747   1.98958   1.18192  -0.04859   0.17461   2.57198  
 27 173.5753   1144.230192  x:  0.01248   0.01359   0.00000   0.03991   0.00000   0.00000   0.00000   0.00000   0.00582   0.00000   0.00647   0.00490   0.00000   0.00000   0.01127   0.01185   0.00567   0.00000   0.00853   0.02752   0.00000   0.00885   0.00487   0.03642   0.00000   0.01523   0.01877   0.00000   0.02925   0.11747   1.98958   1.18192  -0.04859   0.17461   2.57198  
 28 190.1183   1143.856698  x:  0.01254   0.01244   0.00000   0.03829   0.00000   0.00000   0.00000   0.00000   0.00559   0.00000   0.00508   0.00689   0.00000   0.00000   0.01150   0.01146   0.00579   0.00000   0.00574   0.02787   0.00000   0.01238   0.00702   0.03593   0.00000   0.01679   0.01785   0.00007   0.02905   0.12068   1.98956   1.18217  -0.04884   0.17284   2.57198  
 29 107.6044   1143.446498  x:  0.01254   0.01039   0.00000   0.03424   0.00000   0.00000   0.00000   0.00000   0.00590   0.00000   0.00676   0.00476   0.00000   0.00000   0.01175   0.01107   0.00567   0.00000   0.00502   0.02891   0.00000   0.01436   0.00485   0.03472   0.00000   0.01913   0.01615   0.00006   0.02858   0.13002   1.98949   1.18295  -0.04963   0.16726   2.57198  
 30 90.5499   1143.089124  x:  0.01248   0.01063   0.00000   0.03186   0.00000   0.00000   0.00000   0.00000   0.00578   0.00000   0.00627   0.00546   0.00000   0.00000   0.01169   0.01120   0.00571   0.00000   0.00693   0.02949   0.00000   0.01352   0.00536   0.03402   0.00000   0.01959   0.01583   0.00000   0.02836   0.13745   1.98942   1.18365  -0.05033   0.16229   2.57198  
 31 164.5586   1142.747625  x:  0.01249   0.01296   0.00000   0.03095   0.00000   0.00000   0.00000   0.00000   0.00578   0.00000   0.00529   0.00504   0.00000   0.00000   0.01148   0.01165   0.00578   0.00000   0.00432   0.02952   0.00000   0.01073   0.00563   0.03383   0.00000   0.01814   0.01718   0.00002   0.02845   0.14795   1.98931   1.18488  -0.05156   0.15361   2.57198  
 32 175.3570   1142.423041  x:  0.01254   0.01321   0.00000   0.03594   0.00000   0.00000   0.00000   0.00000   0.00595   0.00000   0.00745   0.00614   0.00000   0.00000   0.01165   0.01137   0.00568   0.00000   0.00458   0.02800   0.00000   0.01273   0.00541   0.03541   0.00000   0.01476   0.01972   0.00007   0.02937   0.15817   1.98910   1.18678  -0.05346   0.14021   2.57198  
 33 106.5870   1142.291199  x:  0.01248   0.01279   0.00000   0.03769   0.00000   0.00000   0.00000   0.00000   0.00587   0.00000   0.00651   0.00531   0.00000   0.00000   0.01170   0.01137   0.00578   0.00000   0.00490   0.02764   0.00000   0.01298   0.00554   0.03599   0.00000   0.01493   0.01984   0.00000   0.02966   0.16001   1.98902   1.18740  -0.05407   0.13590   2.57198  
 34 127.6596   1142.061723  x:  0.01232   0.01161   0.00000   0.04184   0.00000   0.00000   0.00000   0.00000   0.00610   0.00000   0.00615   0.00707   0.00000   0.00000   0.01164   0.01171   0.00546   0.00000   0.00440   0.02750   0.00000   0.01110   0.00427   0.03739   0.00000   0.01785   0.01820   0.00000   0.03027   0.16245   1.98871   1.18955  -0.05623   0.12088   2.57198  
 35 125.7640   1141.864285  x:  0.01228   0.01184   0.00000   0.04364   0.00000   0.00000   0.00000   0.00000   0.00610   0.00000   0.00820   0.00652   0.00000   0.00000   0.01156   0.01180   0.00571   0.00000   0.00412   0.02821   0.00000   0.00998   0.00661   0.03794   0.00000   0.01947   0.01649   0.00000   0.03046   0.16273   1.98835   1.19183  -0.05851   0.10509   2.57198  
 36 180.6882   1141.272432  x:  0.01242   0.01559   0.00000   0.04238   0.00000   0.00000   0.00000   0.00000   0.00541   0.00000   0.00772   0.00635   0.00000   0.00000   0.01151   0.01161   0.00595   0.00000   0.00459   0.03112   0.00000   0.01209   0.00530   0.03729   0.00000   0.01887   0.01526   0.00000   0.03002   0.15929   1.98723   1.19834  -0.06501   0.06061   2.57198  
 37 218.2153   1141.122072  x:  0.01216   0.01306   0.00000   0.04069   0.00000   0.00000   0.00000   0.00000   0.00690   0.00000   0.00732   0.00641   0.00000   0.00000   0.01159   0.01145   0.00513   0.00000   0.00441   0.03060   0.00000   0.01142   0.00569   0.03671   0.00000   0.01774   0.01694   0.00000   0.02982   0.15783   1.98683   1.20027  -0.06694   0.04821   2.57198  
 38 145.1672   1141.091431  x:  0.01202   0.01215   0.00000   0.04014   0.00000   0.00000   0.00000   0.00000   0.00595   0.00000   0.00738   0.00652   0.00000   0.00000   0.01153   0.01144   0.00583   0.00000   0.00428   0.02991   0.00000   0.01109   0.00565   0.03653   0.00000   0.01739   0.01730   0.00000   0.02980   0.15749   1.98670   1.20073  -0.06741   0.04568   2.57198  
 39 65.0337   1141.085078  x:  0.01193   0.01219   0.00000   0.03992   0.00000   0.00000   0.00000   0.00000   0.00565   0.00000   0.00740   0.00649   0.00000   0.00000   0.01144   0.01146   0.00542   0.00000   0.00429   0.02908   0.00000   0.01109   0.00567   0.03647   0.00000   0.01737   0.01713   0.00000   0.02984   0.15741   1.98659   1.20095  -0.06762   0.04520   2.57198  
 40 14.7616   1141.080582  x:  0.01187   0.01236   0.00000   0.03972   0.00000   0.00000   0.00000   0.00000   0.00589   0.00000   0.00740   0.00650   0.00000   0.00000   0.01139   0.01145   0.00562   0.00000   0.00432   0.02819   0.00000   0.01113   0.00565   0.03641   0.00000   0.01740   0.01690   0.00000   0.02989   0.15734   1.98645   1.20121  -0.06788   0.04490   2.57198  
 41 16.0270   1141.075924  x:  0.01220   0.01249   0.00000   0.03960   0.00000   0.00000   0.00000   0.00000   0.00584   0.00000   0.00744   0.00649   0.00000   0.00000   0.01202   0.01127   0.00562   0.00000   0.00438   0.02801   0.00000   0.01107   0.00566   0.03639   0.00000   0.01768   0.01714   0.00000   0.03002   0.15726   1.98550   1.20263  -0.06930   0.04509   2.57198  
 42  3.0604   1140.953054  x:  0.01389   0.01275   0.00000   0.03783   0.00000   0.00000   0.00000   0.00000   0.00575   0.00000   0.00758   0.00634   0.00000   0.00000   0.01008   0.01250   0.00570   0.00000   0.00528   0.02806   0.00000   0.01079   0.00567   0.03623   0.00000   0.01973   0.01879   0.00000   0.03131   0.15550   1.95866   1.24295  -0.10963   0.05168   2.57198  
 43 28.4164   1140.562115  x:  0.01084   0.01184   0.00000   0.03362   0.00000   0.00000   0.00000   0.00000   0.00570   0.00000   0.00661   0.00629   0.00000   0.00000   0.01116   0.01174   0.00560   0.00000   0.00734   0.02966   0.00000   0.00826   0.00553   0.03565   0.00000   0.01894   0.01561   0.00000   0.03143   0.15046   1.87623   1.36669  -0.23336   0.07218   2.57198  
 44 519.8627   1140.534500  x:  0.01192   0.01168   0.00000   0.03393   0.00000   0.00000   0.00000   0.00000   0.00570   0.00000   0.00651   0.00627   0.00000   0.00000   0.01110   0.01188   0.00558   0.00000   0.00748   0.02945   0.00000   0.00804   0.00552   0.03480   0.00000   0.01883   0.01530   0.00000   0.02866   0.15016   1.87012   1.37576  -0.24244   0.07368   2.57198  
 45 73.0313   1140.532280  x:  0.01157   0.01178   0.00000   0.03398   0.00000   0.00000   0.00000   0.00000   0.00568   0.00000   0.00655   0.00627   0.00000   0.00000   0.01110   0.01183   0.00559   0.00000   0.00751   0.02941   0.00000   0.00806   0.00552   0.03469   0.00000   0.01908   0.01557   0.00000   0.02828   0.15014   1.86953   1.37659  -0.24327   0.07381   2.57198  
 46 13.5860   1140.527919  x:  0.01114   0.01191   0.00000   0.03406   0.00000   0.00000   0.00000   0.00000   0.00566   0.00000   0.00661   0.00626   0.00000   0.00000   0.01109   0.01177   0.00560   0.00000   0.00753   0.02936   0.00000   0.00810   0.00552   0.03453   0.00000   0.01937   0.01590   0.00115   0.02782   0.15012   1.86844   1.37805  -0.24473   0.07404   2.57198  
 47 15.1392   1140.526066  x:  0.01101   0.01191   0.00000   0.03410   0.00000   0.00000   0.00000   0.00000   0.00566   0.00000   0.00663   0.00626   0.00000   0.00000   0.01128   0.01224   0.00560   0.00000   0.00753   0.02935   0.00000   0.00815   0.00552   0.03441   0.00000   0.01938   0.01592   0.00129   0.02779   0.15013   1.86766   1.37901  -0.24569   0.07419   2.57198  
 48  6.4119   1140.419695  x:  0.01107   0.01191   0.00000   0.03590   0.00000   0.00000   0.00000   0.00000   0.00565   0.00000   0.00653   0.00622   0.00000   0.00000   0.01108   0.01172   0.00559   0.00000   0.00720   0.02936   0.00000   0.00848   0.00553   0.02973   0.00000   0.01913   0.01585   0.00105   0.02945   0.15096   1.81818   1.43874  -0.30541   0.08330   2.57198  
 49 17.2081   1140.110372  x:  0.01223   0.01206   0.00000   0.03597   0.00000   0.00000   0.00000   0.00000   0.00565   0.00000   0.00644   0.00608   0.00000   0.00000   0.01105   0.01150   0.00556   0.00000   0.00630   0.02887   0.00000   0.00981   0.00556   0.03448   0.00000   0.01834   0.01595   0.00021   0.02858   0.15332   1.67118   1.61598  -0.48266   0.11025   2.57198  
 50 431.0565   1140.051918  x:  0.01226   0.01203   0.00000   0.03517   0.00000   0.00000   0.00000   0.00000   0.00563   0.00000   0.00602   0.00590   0.00000   0.00000   0.01114   0.01138   0.00559   0.00000   0.00634   0.02878   0.00000   0.01038   0.00557   0.03445   0.00000   0.01792   0.01616   0.00019   0.02837   0.15329   1.56418   1.58985  -0.45653   0.10031   2.57198  
 51  0.3456   1140.007647  x:  0.01232   0.01181   0.00000   0.03371   0.00000   0.00000   0.00000   0.00000   0.00560   0.00000   0.00542   0.00562   0.00000   0.00000   0.01124   0.01113   0.00559   0.00000   0.00616   0.02827   0.00000   0.01131   0.00556   0.03441   0.00000   0.01698   0.01662   0.00007   0.02801   0.15243   1.62508   1.60208  -0.46877   0.09819   2.57198  
 52  0.1669   1140.003105  x:  0.01210   0.01187   0.00000   0.03400   0.00000   0.00000   0.00000   0.00000   0.00560   0.00000   0.00565   0.00560   0.00000   0.00000   0.01131   0.01126   0.00563   0.00000   0.00611   0.02811   0.00000   0.01138   0.00567   0.03447   0.00000   0.01701   0.01698   0.00029   0.02819   0.15309   1.61834   1.61957  -0.48626   0.09812   2.57198  
 53  0.0257   1140.002752  x:  0.01205   0.01185   0.00000   0.03393   0.00000   0.00000   0.00000   0.00000   0.00561   0.00000   0.00560   0.00562   0.00000   0.00000   0.01130   0.01126   0.00563   0.00000   0.00617   0.02810   0.00000   0.01138   0.00568   0.03438   0.00000   0.01704   0.01703   0.00036   0.02815   0.15284   1.61584   1.62582  -0.49250   0.09889   2.57198  
 54  0.0103   1140.002732  x:  0.01205   0.01187   0.00000   0.03394   0.00000   0.00000   0.00000   0.00000   0.00560   0.00000   0.00560   0.00563   0.00000   0.00000   0.01129   0.01125   0.00563   0.00000   0.00619   0.02811   0.00000   0.01138   0.00568   0.03438   0.00000   0.01703   0.01701   0.00036   0.02815   0.15281   1.61617   1.62610  -0.49278   0.09878   2.57198  
 55  0.0006   1140.002731  x:  0.01206   0.01186   0.00000   0.03394   0.00000   0.00000   0.00000   0.00000   0.00561   0.00000   0.00560   0.00563   0.00000   0.00000   0.01129   0.01125   0.00563   0.00000   0.00620   0.02810   0.00000   0.01138   0.00568   0.03438   0.00000   0.01703   0.01701   0.00036   0.02816   0.15280   1.61626   1.62608  -0.49276   0.09878   2.57198  
 56  0.0001   1140.002731  x:  0.01206   0.01186   0.00000   0.03394   0.00000   0.00000   0.00000   0.00000   0.00561   0.00000   0.00560   0.00562   0.00000   0.00000   0.01129   0.01125   0.00563   0.00000   0.00620   0.02810   0.00000   0.01138   0.00568   0.03438   0.00000   0.01703   0.01701   0.00035   0.02816   0.15280   1.61625   1.62609  -0.49277   0.09878   2.57198  
 57  0.0000   1140.002731  x:  0.01206   0.01186   0.00000   0.03394   0.00000   0.00000   0.00000   0.00000   0.00561   0.00000   0.00560   0.00562   0.00000   0.00000   0.01129   0.01125   0.00563   0.00000   0.00620   0.02810   0.00000   0.01138   0.00568   0.03438   0.00000   0.01703   0.01701   0.00035   0.02816   0.15280   1.61625   1.62609  -0.49277   0.09878   2.57198  
 58  0.0000   1140.002731  x:  0.01206   0.01186   0.00000   0.03394   0.00000   0.00000   0.00000   0.00000   0.00561   0.00000   0.00560   0.00562   0.00000   0.00000   0.01129   0.01125   0.00563   0.00000   0.00620   0.02810   0.00000   0.01138   0.00568   0.03438   0.00000   0.01703   0.01701   0.00035   0.02816   0.15280   1.61625   1.62609  -0.49277   0.09878   2.57198  
 59  0.0000   1140.002731  x:  0.01206   0.01186   0.00000   0.03394   0.00000   0.00000   0.00000   0.00000   0.00561   0.00000   0.00560   0.00562   0.00000   0.00000   0.01129   0.01125   0.00563   0.00000   0.00620   0.02810   0.00000   0.01138   0.00568   0.03438   0.00000   0.01703   0.01701   0.00035   0.02816   0.15280   1.61625   1.62609  -0.49277   0.09878   2.57198  
check convergence!
