

TREE # 1

  0  0.0000   1252.102020  x:  0.00000   0.02030   0.04747   0.02998   0.05941   0.05860   0.02886   0.03411   0.06042   0.01695   0.04599   0.02414   0.02053   0.01397   0.02147   0.05675   0.05064   0.02247   0.04527   0.03647   0.06292   0.03601   0.01337   0.03101   0.00778   0.06653   0.04258   0.04088   0.07725   0.06916   2.00000   1.09989   0.02896   0.27919  
  1 99.0000   1252.097815  x:  0.00000   0.02030   0.04747   0.02998   0.05940   0.05860   0.02886   0.03411   0.06042   0.01695   0.04599   0.02414   0.02053   0.01397   0.02147   0.05675   0.05063   0.02247   0.04527   0.03647   0.06292   0.03601   0.01337   0.03101   0.00778   0.06653   0.04258   0.04088   0.07725   0.06916   2.00000   1.09989   0.02896   0.27919  
  2 692.9818   1231.895824  x:  0.00000   0.01821   0.03977   0.03049   0.05158   0.05078   0.02082   0.02627   0.05371   0.00905   0.03971   0.01992   0.01264   0.00611   0.02043   0.05124   0.04420   0.01465   0.03963   0.03596   0.05614   0.03222   0.01287   0.03043   0.00000   0.06153   0.03933   0.03791   0.07370   0.07019   1.99999   1.10010   0.02875   0.27799  
  3 7076.1113   1215.857822  x:  0.00000   0.01598   0.03380   0.03109   0.04559   0.04470   0.01436   0.02016   0.04788   0.00290   0.03378   0.01407   0.00651   0.00000   0.01938   0.04589   0.03833   0.00867   0.03454   0.03512   0.05039   0.02754   0.01370   0.02823   0.00000   0.05666   0.03534   0.03523   0.07018   0.07014   1.99990   1.09997   0.02889   0.27368  
  4 13860.6195   1208.875721  x:  0.00000   0.01576   0.03102   0.03117   0.04288   0.04184   0.01113   0.01731   0.04479   0.00000   0.03065   0.01478   0.00362   0.00000   0.01970   0.04296   0.03519   0.00597   0.03176   0.03545   0.04741   0.02594   0.01324   0.03012   0.00000   0.05395   0.03376   0.03438   0.06821   0.06914   1.99975   1.09960   0.02927   0.26812  
  5 2207.9467   1202.077896  x:  0.00000   0.01563   0.02755   0.03130   0.03950   0.03827   0.00708   0.01374   0.04146   0.00000   0.02814   0.01666   0.00000   0.00000   0.01951   0.04060   0.03227   0.00259   0.02929   0.03603   0.04403   0.02670   0.01273   0.02794   0.00000   0.05167   0.03403   0.03420   0.06663   0.06983   1.99953   1.09911   0.02978   0.26080  
  6 2390.8799   1198.301878  x:  0.00000   0.01523   0.02494   0.03148   0.03692   0.03558   0.00403   0.01102   0.03967   0.00000   0.02766   0.01593   0.00000   0.00000   0.01925   0.04012   0.03122   0.00000   0.02855   0.03604   0.04195   0.02766   0.01330   0.02832   0.00000   0.05108   0.03484   0.03443   0.06626   0.06994   1.99937   1.09881   0.03010   0.25597  
  7 2203.8563   1194.326062  x:  0.00000   0.01526   0.02148   0.03151   0.03342   0.03202   0.00000   0.00741   0.03804   0.00000   0.02767   0.01533   0.00000   0.00000   0.01944   0.04008   0.03065   0.00000   0.02815   0.03595   0.03977   0.02740   0.01256   0.02816   0.00000   0.05090   0.03479   0.03447   0.06613   0.06965   1.99916   1.09848   0.03044   0.25038  
  8 4385.5427   1187.917983  x:  0.00000   0.01538   0.01441   0.03131   0.02623   0.02471   0.00000   0.00000   0.03558   0.00000   0.02758   0.01553   0.00000   0.00000   0.01901   0.03992   0.02998   0.00000   0.02765   0.03569   0.03613   0.02618   0.01347   0.02798   0.00000   0.05060   0.03379   0.03412   0.06579   0.06992   1.99872   1.09790   0.03102   0.23996  
  9 9374.6699   1178.146603  x:  0.00000   0.01510   0.00000   0.03206   0.01156   0.00969   0.00000   0.00000   0.03499   0.00000   0.02475   0.01452   0.00000   0.00000   0.01891   0.03725   0.02927   0.00000   0.02729   0.03525   0.03334   0.02686   0.01328   0.02770   0.00000   0.04854   0.03268   0.03221   0.06345   0.06949   1.99784   1.09716   0.03178   0.22325  
 10 3241.1749   1173.519524  x:  0.00000   0.01515   0.00000   0.03042   0.00217   0.00000   0.00000   0.00000   0.03445   0.00000   0.02350   0.01366   0.00000   0.00000   0.01873   0.03589   0.02798   0.00000   0.02593   0.03531   0.03232   0.02609   0.01316   0.02757   0.00000   0.04716   0.03328   0.03240   0.06240   0.06954   1.99730   1.09683   0.03212   0.21435  
 11 4455.9629   1172.860524  x:  0.00000   0.01508   0.00000   0.03076   0.00000   0.00000   0.00000   0.00000   0.03416   0.00000   0.02341   0.01359   0.00000   0.00000   0.01869   0.03574   0.02756   0.00000   0.02559   0.03526   0.03211   0.02585   0.01316   0.02755   0.00000   0.04690   0.03335   0.03255   0.06229   0.06955   1.99719   1.09679   0.03216   0.21281  
 12 2087.8254   1165.230593  x:  0.00000   0.00159   0.00000   0.02725   0.00000   0.00000   0.00000   0.00000   0.01453   0.00000   0.02277   0.01227   0.00000   0.00000   0.02000   0.03524   0.01635   0.00000   0.01885   0.03846   0.01661   0.03315   0.01204   0.02655   0.00000   0.04384   0.01980   0.02470   0.06146   0.06786   1.99359   1.09799   0.03114   0.18126  
 13 305.1518   1162.155921  x:  0.00000   0.00464   0.00000   0.02569   0.00000   0.00000   0.00000   0.00000   0.00340   0.00000   0.02206   0.00958   0.00000   0.00000   0.02000   0.03498   0.01088   0.00000   0.01569   0.04001   0.00763   0.03857   0.01215   0.02628   0.00000   0.04251   0.01203   0.01899   0.06108   0.06805   1.99180   1.09890   0.03032   0.16764  
 14 1049.6304   1161.601043  x:  0.00000   0.00500   0.00000   0.02559   0.00000   0.00000   0.00000   0.00000   0.00550   0.00000   0.02181   0.00928   0.00000   0.00000   0.01985   0.03529   0.00978   0.00000   0.01437   0.04042   0.00193   0.03882   0.01220   0.02621   0.00000   0.04256   0.01200   0.01656   0.06127   0.06793   1.99149   1.09943   0.02982   0.16655  
 15 155.6644   1161.347587  x:  0.00000   0.00485   0.00000   0.02579   0.00000   0.00000   0.00000   0.00000   0.00433   0.00000   0.02056   0.00941   0.00000   0.00000   0.01961   0.03589   0.01098   0.00000   0.01314   0.04061   0.00142   0.03742   0.01234   0.02609   0.00000   0.04338   0.01500   0.01158   0.06081   0.06746   1.99130   1.10058   0.02871   0.16667  
 16 51.6535   1160.744098  x:  0.00000   0.00500   0.00000   0.02590   0.00000   0.00000   0.00000   0.00000   0.00581   0.00000   0.01594   0.00839   0.00000   0.00000   0.01872   0.03865   0.00842   0.00000   0.00741   0.04221   0.00369   0.03800   0.01242   0.02611   0.00000   0.04624   0.01393   0.00766   0.05925   0.06774   1.99064   1.10559   0.02391   0.16483  
 17 33.7407   1159.815213  x:  0.00790   0.00502   0.00000   0.02579   0.00000   0.00000   0.00000   0.00000   0.00644   0.00000   0.00712   0.00716   0.00000   0.00000   0.01733   0.04011   0.00847   0.00000   0.00441   0.04385   0.00442   0.03749   0.01224   0.02622   0.00000   0.04894   0.01309   0.00651   0.05556   0.06858   1.98966   1.11361   0.01620   0.16449  
 18 189.7912   1158.964125  x:  0.00979   0.00516   0.00000   0.02490   0.00000   0.00000   0.00000   0.00000   0.00685   0.00000   0.00315   0.00628   0.00000   0.00000   0.01640   0.03825   0.00492   0.00000   0.00862   0.04509   0.00483   0.03609   0.01211   0.02624   0.00000   0.04809   0.01345   0.00479   0.05076   0.06937   1.98872   1.12166   0.00846   0.16421  
 19 158.7338   1155.967868  x:  0.01691   0.00549   0.00000   0.02290   0.00000   0.00000   0.00000   0.00000   0.00824   0.00000   0.00646   0.00363   0.00000   0.00000   0.01415   0.02579   0.00374   0.00000   0.01037   0.04749   0.00571   0.03465   0.01189   0.02627   0.00000   0.04027   0.01247   0.00000   0.03385   0.07155   1.98615   1.14359  -0.01265   0.16311  
 20 347.2401   1154.447789  x:  0.01372   0.00551   0.00000   0.02131   0.00000   0.00000   0.00000   0.00000   0.00821   0.00000   0.00364   0.00185   0.00000   0.00000   0.01388   0.01564   0.01039   0.00000   0.00992   0.04589   0.00460   0.03374   0.01186   0.02638   0.00000   0.03174   0.01106   0.00000   0.02578   0.07381   1.98414   1.16112  -0.02951   0.16305  
 21 398.8236   1153.597286  x:  0.01631   0.00573   0.00000   0.01842   0.00000   0.00000   0.00000   0.00000   0.00871   0.00000   0.00336   0.00276   0.00000   0.00000   0.01331   0.00963   0.00980   0.00000   0.00948   0.03357   0.00528   0.03500   0.01146   0.02626   0.00000   0.02424   0.01058   0.00000   0.02889   0.07312   1.98298   1.17116  -0.03923   0.16310  
 22 125.3588   1153.467901  x:  0.01684   0.00580   0.00000   0.01799   0.00000   0.00000   0.00000   0.00000   0.00884   0.00000   0.00330   0.00281   0.00000   0.00000   0.01451   0.01212   0.00988   0.00000   0.00946   0.03211   0.00535   0.03517   0.01168   0.02624   0.00000   0.01987   0.01053   0.00000   0.02809   0.07359   1.98269   1.17369  -0.04173   0.16327  
 23 50.8094   1152.549320  x:  0.01448   0.00555   0.00000   0.01875   0.00000   0.00000   0.00000   0.00000   0.00820   0.00000   0.00336   0.00210   0.00000   0.00000   0.01829   0.00872   0.00827   0.00000   0.00824   0.04094   0.00487   0.03258   0.01170   0.02721   0.00000   0.01280   0.01199   0.00000   0.03378   0.07900   1.97872   1.20885  -0.07721   0.17155  
 24 20.0954   1151.293919  x:  0.00694   0.00523   0.00000   0.01789   0.00000   0.00000   0.00000   0.00000   0.00655   0.00000   0.00280   0.00356   0.00000   0.00000   0.01471   0.00857   0.00687   0.00000   0.00589   0.04069   0.00251   0.03040   0.00913   0.02847   0.00000   0.01159   0.01399   0.00000   0.02602   0.08218   1.97347   1.25575  -0.12453   0.18254  
 25 253.1788   1150.537693  x:  0.00108   0.00499   0.00000   0.01715   0.00000   0.00000   0.00000   0.00000   0.00527   0.00000   0.00236   0.00472   0.00000   0.00000   0.01338   0.00825   0.00568   0.00000   0.00400   0.04014   0.00062   0.02863   0.00742   0.02948   0.00000   0.01126   0.01563   0.01250   0.01955   0.08536   1.96910   1.29487  -0.16397   0.18993  
 26 568.1517   1150.330556  x:  0.00090   0.00505   0.00000   0.01681   0.00000   0.00000   0.00000   0.00000   0.00526   0.00000   0.00235   0.00478   0.00000   0.00000   0.01877   0.00753   0.00526   0.00000   0.00374   0.03871   0.00037   0.02830   0.00846   0.02963   0.00000   0.01355   0.01600   0.01227   0.01791   0.08807   1.96783   1.30627  -0.17542   0.18523  
 27 43.7889   1146.332966  x:  0.00381   0.00556   0.00000   0.01486   0.00000   0.00000   0.00000   0.00000   0.00642   0.00000   0.00287   0.00626   0.00000   0.00000   0.01783   0.00926   0.00861   0.00000   0.00598   0.04581   0.00088   0.02515   0.00499   0.03328   0.00000   0.01612   0.01579   0.01030   0.02116   0.10259   1.94769   1.48664  -0.35626   0.08069  
 28 131.7455   1144.175408  x:  0.00286   0.00512   0.00000   0.01571   0.00000   0.00000   0.00000   0.00000   0.00554   0.00000   0.00298   0.00494   0.00000   0.00000   0.01553   0.01038   0.00721   0.00000   0.00521   0.03583   0.00000   0.01685   0.00243   0.03469   0.00000   0.01824   0.01489   0.01041   0.02522   0.11124   1.92709   1.57202  -0.44239   0.10626  
 29 14.3146   1143.053275  x:  0.00548   0.00482   0.00000   0.01911   0.00000   0.00000   0.00000   0.00000   0.00556   0.00000   0.00302   0.00562   0.00000   0.00000   0.01414   0.01063   0.00809   0.00000   0.00589   0.03623   0.00000   0.00871   0.00556   0.03538   0.00000   0.01833   0.01215   0.00817   0.02530   0.11861   1.89879   1.64573  -0.51322   0.12299  
 30 11.0140   1141.969283  x:  0.00399   0.00490   0.00000   0.02402   0.00000   0.00000   0.00000   0.00000   0.00509   0.00000   0.00325   0.00476   0.00000   0.00000   0.01107   0.01103   0.00682   0.00000   0.00535   0.02531   0.00000   0.01631   0.00750   0.03685   0.00000   0.01874   0.01308   0.00933   0.02628   0.12632   1.81579   1.74477  -0.61292   0.12289  
 31  4.0845   1141.664432  x:  0.00742   0.00538   0.00000   0.02835   0.00000   0.00000   0.00000   0.00000   0.00599   0.00000   0.00350   0.00587   0.00000   0.00000   0.01251   0.01046   0.00826   0.00000   0.00665   0.02903   0.00000   0.01770   0.00630   0.03699   0.00000   0.01798   0.01216   0.00653   0.02381   0.13026   1.73354   1.72898  -0.59756   0.12576  
 32  1.6005   1140.775728  x:  0.00484   0.00736   0.00000   0.02865   0.00000   0.00000   0.00000   0.00000   0.00674   0.00000   0.00463   0.00579   0.00000   0.00000   0.01120   0.01064   0.00761   0.00000   0.00671   0.02570   0.00000   0.01323   0.00583   0.03472   0.00000   0.01786   0.01735   0.00924   0.02292   0.13572   1.42923   1.67593  -0.54445   0.10055  
 33  2.8769   1140.317726  x:  0.00466   0.00892   0.00000   0.03083   0.00000   0.00000   0.00000   0.00000   0.00696   0.00000   0.00526   0.00603   0.00000   0.00000   0.01037   0.01097   0.00660   0.00000   0.00619   0.02711   0.00000   0.01151   0.00558   0.03307   0.00000   0.01767   0.01943   0.00911   0.02424   0.14462   1.72968   1.61040  -0.47901   0.09389  
 34  0.8486   1140.146803  x:  0.00498   0.00946   0.00000   0.03108   0.00000   0.00000   0.00000   0.00000   0.00627   0.00000   0.00529   0.00609   0.00000   0.00000   0.01102   0.01175   0.00548   0.00000   0.00539   0.02994   0.00000   0.01210   0.00604   0.03429   0.00000   0.01815   0.01860   0.00839   0.02799   0.15226   1.65705   1.57224  -0.44081   0.09398  
 35  0.2103   1140.090773  x:  0.00547   0.00973   0.00000   0.03256   0.00000   0.00000   0.00000   0.00000   0.00590   0.00000   0.00530   0.00591   0.00000   0.00000   0.01210   0.01142   0.00486   0.00000   0.00529   0.02883   0.00000   0.01129   0.00567   0.03404   0.00000   0.01734   0.01768   0.00748   0.02811   0.15150   1.63694   1.61603  -0.48470   0.09322  
 36  0.2525   1140.034984  x:  0.00600   0.01043   0.00000   0.03325   0.00000   0.00000   0.00000   0.00000   0.00566   0.00000   0.00554   0.00586   0.00000   0.00000   0.01180   0.01122   0.00524   0.00000   0.00603   0.02748   0.00000   0.01097   0.00555   0.03463   0.00000   0.01693   0.01737   0.00667   0.02805   0.15394   1.62735   1.63606  -0.50480   0.10311  
 37  0.0720   1140.017570  x:  0.00668   0.01075   0.00000   0.03388   0.00000   0.00000   0.00000   0.00000   0.00554   0.00000   0.00548   0.00582   0.00000   0.00000   0.01095   0.01109   0.00559   0.00000   0.00607   0.02804   0.00000   0.01118   0.00547   0.03451   0.00000   0.01695   0.01681   0.00572   0.02808   0.15441   1.60819   1.63897  -0.50759   0.10010  
 38  0.0332   1140.007461  x:  0.00711   0.01133   0.00000   0.03426   0.00000   0.00000   0.00000   0.00000   0.00566   0.00000   0.00551   0.00571   0.00000   0.00000   0.01148   0.01128   0.00585   0.00000   0.00617   0.02807   0.00000   0.01157   0.00562   0.03453   0.00000   0.01694   0.01713   0.00518   0.02829   0.15369   1.61651   1.62799  -0.49673   0.09865  
 39  0.0149   1140.003606  x:  0.00714   0.01169   0.00000   0.03419   0.00000   0.00000   0.00000   0.00000   0.00564   0.00000   0.00562   0.00558   0.00000   0.00000   0.01123   0.01130   0.00559   0.00000   0.00621   0.02822   0.00000   0.01146   0.00570   0.03433   0.00000   0.01700   0.01716   0.00512   0.02816   0.15295   1.61784   1.62646  -0.49514   0.09909  
 40  0.0031   1140.002928  x:  0.00711   0.01180   0.00000   0.03405   0.00000   0.00000   0.00000   0.00000   0.00561   0.00000   0.00562   0.00558   0.00000   0.00000   0.01128   0.01127   0.00563   0.00000   0.00620   0.02808   0.00000   0.01133   0.00570   0.03445   0.00000   0.01701   0.01703   0.00524   0.02818   0.15287   1.61642   1.62184  -0.49049   0.09842  
 41  0.0069   1140.002787  x:  0.00707   0.01183   0.00000   0.03400   0.00000   0.00000   0.00000   0.00000   0.00560   0.00000   0.00561   0.00560   0.00000   0.00000   0.01130   0.01125   0.00564   0.00000   0.00619   0.02809   0.00000   0.01135   0.00569   0.03431   0.00000   0.01702   0.01700   0.00533   0.02819   0.15278   1.61585   1.62442  -0.49304   0.09876  
 42  0.0044   1140.002740  x:  0.00704   0.01185   0.00000   0.03396   0.00000   0.00000   0.00000   0.00000   0.00560   0.00000   0.00560   0.00561   0.00000   0.00000   0.01129   0.01125   0.00563   0.00000   0.00619   0.02811   0.00000   0.01138   0.00569   0.03440   0.00000   0.01703   0.01700   0.00539   0.02816   0.15275   1.61628   1.62534  -0.49398   0.09884  
 43  0.0016   1140.002731  x:  0.00703   0.01186   0.00000   0.03394   0.00000   0.00000   0.00000   0.00000   0.00561   0.00000   0.00560   0.00562   0.00000   0.00000   0.01129   0.01125   0.00563   0.00000   0.00620   0.02811   0.00000   0.01138   0.00568   0.03438   0.00000   0.01703   0.01700   0.00540   0.02815   0.15281   1.61635   1.62496  -0.49360   0.09877  
 44  0.0004   1140.002730  x:  0.00702   0.01186   0.00000   0.03394   0.00000   0.00000   0.00000   0.00000   0.00561   0.00000   0.00560   0.00562   0.00000   0.00000   0.01129   0.01125   0.00563   0.00000   0.00620   0.02811   0.00000   0.01138   0.00568   0.03438   0.00000   0.01703   0.01701   0.00540   0.02816   0.15280   1.61625   1.62515  -0.49379   0.09878  
 45  0.0002   1140.002730  x:  0.00702   0.01186   0.00000   0.03394   0.00000   0.00000   0.00000   0.00000   0.00560   0.00000   0.00560   0.00562   0.00000   0.00000   0.01129   0.01125   0.00563   0.00000   0.00620   0.02810   0.00000   0.01138   0.00568   0.03438   0.00000   0.01703   0.01701   0.00540   0.02816   0.15280   1.61624   1.62513  -0.49376   0.09878  
 46  0.0000   1140.002730  x:  0.00702   0.01186   0.00000   0.03394   0.00000   0.00000   0.00000   0.00000   0.00561   0.00000   0.00560   0.00562   0.00000   0.00000   0.01129   0.01125   0.00563   0.00000   0.00620   0.02810   0.00000   0.01138   0.00568   0.03438   0.00000   0.01703   0.01701   0.00540   0.02816   0.15280   1.61624   1.62512  -0.49375   0.09878  
 47  0.0000   1140.002730  x:  0.00702   0.01186   0.00000   0.03394   0.00000   0.00000   0.00000   0.00000   0.00561   0.00000   0.00560   0.00562   0.00000   0.00000   0.01129   0.01125   0.00563   0.00000   0.00620   0.02810   0.00000   0.01138   0.00568   0.03438   0.00000   0.01703   0.01701   0.00540   0.02816   0.15280   1.61625   1.62512  -0.49375   0.09878  