Supplemental results for CODEML (seqf: /Users/YY/Desktop/get/branch_site/modify/modify_trim_muscle_psbC.fa  treef: /Users/YY/Desktop/get/branch_site/16gene_topu.tree)


dN/dS (w) for site classes (K=4)

site class             0        1       2a       2b
proportion       0.99998  0.00000  0.00002  0.00000
background w     0.02687  1.00000  0.02687  1.00000
foreground w     0.02687  1.00000  1.00000  1.00000

Naive Empirical Bayes (NEB) probabilities for 4 classes
(amino acids refer to 1st sequence: NC_027834)

   1 M   0.99998 0.00000 0.00002 0.00000 ( 1)
   2 K   0.99998 0.00000 0.00002 0.00000 ( 1)
   3 T   0.99998 0.00000 0.00002 0.00000 ( 1)
   4 L   0.99998 0.00000 0.00002 0.00000 ( 1)
   5 Y   0.99998 0.00000 0.00002 0.00000 ( 1)
   6 S   0.99998 0.00000 0.00002 0.00000 ( 1)
   7 L   0.99998 0.00000 0.00002 0.00000 ( 1)
   8 R   0.99998 0.00000 0.00002 0.00000 ( 1)
   9 R   0.99998 0.00000 0.00002 0.00000 ( 1)
  10 F   0.99998 0.00000 0.00002 0.00000 ( 1)
  11 Y   0.99998 0.00000 0.00002 0.00000 ( 1)
  12 H   0.99998 0.00000 0.00002 0.00000 ( 1)
  13 V   0.99998 0.00000 0.00002 0.00000 ( 1)
  14 E   0.99998 0.00000 0.00002 0.00000 ( 1)
  15 T   0.99998 0.00000 0.00002 0.00000 ( 1)
  16 L   0.99998 0.00000 0.00002 0.00000 ( 1)
  17 F   0.99998 0.00000 0.00002 0.00000 ( 1)
  18 N   0.99998 0.00000 0.00002 0.00000 ( 1)
  19 G   0.99998 0.00000 0.00002 0.00000 ( 1)
  20 T   0.99998 0.00000 0.00002 0.00000 ( 1)
  21 L   0.99998 0.00000 0.00002 0.00000 ( 1)
  22 A   0.99998 0.00000 0.00002 0.00000 ( 1)
  23 L   0.99998 0.00000 0.00002 0.00000 ( 1)
  24 S   0.99998 0.00000 0.00002 0.00000 ( 1)
  25 G   0.99998 0.00000 0.00002 0.00000 ( 1)
  26 R   0.99998 0.00000 0.00002 0.00000 ( 1)
  27 D   0.99998 0.00000 0.00002 0.00000 ( 1)
  28 Q   0.99998 0.00000 0.00002 0.00000 ( 1)
  29 E   0.99998 0.00000 0.00002 0.00000 ( 1)
  30 T   0.99998 0.00000 0.00002 0.00000 ( 1)
  31 T   0.99998 0.00000 0.00002 0.00000 ( 1)
  32 G   0.99998 0.00000 0.00002 0.00000 ( 1)
  33 F   0.99998 0.00000 0.00002 0.00000 ( 1)
  34 A   0.99998 0.00000 0.00002 0.00000 ( 1)
  35 W   0.99998 0.00000 0.00002 0.00000 ( 1)
  36 W   0.99998 0.00000 0.00002 0.00000 ( 1)
  37 A   0.99998 0.00000 0.00002 0.00000 ( 1)
  38 G   0.99998 0.00000 0.00002 0.00000 ( 1)
  39 N   0.99998 0.00000 0.00002 0.00000 ( 1)
  40 A   0.99998 0.00000 0.00002 0.00000 ( 1)
  41 R   0.99998 0.00000 0.00002 0.00000 ( 1)
  42 L   0.99998 0.00000 0.00002 0.00000 ( 1)
  43 I   0.99998 0.00000 0.00002 0.00000 ( 1)
  44 N   0.99998 0.00000 0.00002 0.00000 ( 1)
  45 L   0.99998 0.00000 0.00002 0.00000 ( 1)
  46 S   0.99998 0.00000 0.00002 0.00000 ( 1)
  47 G   0.99998 0.00000 0.00002 0.00000 ( 1)
  48 K   0.99998 0.00000 0.00002 0.00000 ( 1)
  49 L   0.99998 0.00000 0.00002 0.00000 ( 1)
  50 L   0.99998 0.00000 0.00002 0.00000 ( 1)
  51 G   0.99998 0.00000 0.00002 0.00000 ( 1)
  52 A   0.99998 0.00000 0.00002 0.00000 ( 1)
  53 H   0.99998 0.00000 0.00002 0.00000 ( 1)
  54 V   0.99998 0.00000 0.00002 0.00000 ( 1)
  55 A   0.99998 0.00000 0.00002 0.00000 ( 1)
  56 H   0.99998 0.00000 0.00002 0.00000 ( 1)
  57 A   0.99998 0.00000 0.00002 0.00000 ( 1)
  58 G   0.99998 0.00000 0.00002 0.00000 ( 1)
  59 L   0.99998 0.00000 0.00002 0.00000 ( 1)
  60 I   0.99998 0.00000 0.00002 0.00000 ( 1)
  61 V   0.99998 0.00000 0.00002 0.00000 ( 1)
  62 F   0.99998 0.00000 0.00002 0.00000 ( 1)
  63 W   0.99998 0.00000 0.00002 0.00000 ( 1)
  64 A   0.99998 0.00000 0.00002 0.00000 ( 1)
  65 G   0.99998 0.00000 0.00002 0.00000 ( 1)
  66 G   0.99998 0.00000 0.00002 0.00000 ( 1)
  67 M   0.99998 0.00000 0.00002 0.00000 ( 1)
  68 N   0.99998 0.00000 0.00002 0.00000 ( 1)
  69 L   0.99998 0.00000 0.00002 0.00000 ( 1)
  70 F   0.99998 0.00000 0.00002 0.00000 ( 1)
  71 E   0.99998 0.00000 0.00002 0.00000 ( 1)
  72 V   0.99998 0.00000 0.00002 0.00000 ( 1)
  73 A   0.99998 0.00000 0.00002 0.00000 ( 1)
  74 H   0.99998 0.00000 0.00002 0.00000 ( 1)
  75 F   0.99998 0.00000 0.00002 0.00000 ( 1)
  76 V   0.99998 0.00000 0.00002 0.00000 ( 1)
  77 P   0.99998 0.00000 0.00002 0.00000 ( 1)
  78 E   0.99998 0.00000 0.00002 0.00000 ( 1)
  79 K   0.99998 0.00000 0.00002 0.00000 ( 1)
  80 P   0.99998 0.00000 0.00002 0.00000 ( 1)
  81 M   0.99998 0.00000 0.00002 0.00000 ( 1)
  82 Y   0.99998 0.00000 0.00002 0.00000 ( 1)
  83 E   0.99998 0.00000 0.00002 0.00000 ( 1)
  84 Q   0.99998 0.00000 0.00002 0.00000 ( 1)
  85 G   0.99998 0.00000 0.00002 0.00000 ( 1)
  86 L   0.99998 0.00000 0.00002 0.00000 ( 1)
  87 I   0.99998 0.00000 0.00002 0.00000 ( 1)
  88 L   0.99998 0.00000 0.00002 0.00000 ( 1)
  89 L   0.99998 0.00000 0.00002 0.00000 ( 1)
  90 P   0.99998 0.00000 0.00002 0.00000 ( 1)
  91 H   0.99998 0.00000 0.00002 0.00000 ( 1)
  92 L   0.99998 0.00000 0.00002 0.00000 ( 1)
  93 A   0.99998 0.00000 0.00002 0.00000 ( 1)
  94 T   0.99998 0.00000 0.00002 0.00000 ( 1)
  95 L   0.99998 0.00000 0.00002 0.00000 ( 1)
  96 G   0.99998 0.00000 0.00002 0.00000 ( 1)
  97 W   0.99998 0.00000 0.00002 0.00000 ( 1)
  98 G   0.99998 0.00000 0.00002 0.00000 ( 1)
  99 V   0.99998 0.00000 0.00002 0.00000 ( 1)
 100 G   0.99998 0.00000 0.00002 0.00000 ( 1)
 101 P   0.99998 0.00000 0.00002 0.00000 ( 1)
 102 G   0.99998 0.00000 0.00002 0.00000 ( 1)
 103 G   0.99998 0.00000 0.00002 0.00000 ( 1)
 104 E   0.99998 0.00000 0.00002 0.00000 ( 1)
 105 V   0.99998 0.00000 0.00002 0.00000 ( 1)
 106 I   0.99998 0.00000 0.00002 0.00000 ( 1)
 107 D   0.99998 0.00000 0.00002 0.00000 ( 1)
 108 T   0.99998 0.00000 0.00002 0.00000 ( 1)
 109 F   0.99998 0.00000 0.00002 0.00000 ( 1)
 110 P   0.99998 0.00000 0.00002 0.00000 ( 1)
 111 Y   0.99998 0.00000 0.00002 0.00000 ( 1)
 112 F   0.99998 0.00000 0.00002 0.00000 ( 1)
 113 V   0.99998 0.00000 0.00002 0.00000 ( 1)
 114 S   0.99998 0.00000 0.00002 0.00000 ( 1)
 115 G   0.99998 0.00000 0.00002 0.00000 ( 1)
 116 V   0.99998 0.00000 0.00002 0.00000 ( 1)
 117 L   0.99998 0.00000 0.00002 0.00000 ( 1)
 118 H   0.99998 0.00000 0.00002 0.00000 ( 1)
 119 L   0.99998 0.00000 0.00002 0.00000 ( 1)
 120 I   0.99998 0.00000 0.00002 0.00000 ( 1)
 121 S   0.99998 0.00000 0.00002 0.00000 ( 1)
 122 S   0.99998 0.00000 0.00002 0.00000 ( 1)
 123 A   0.99998 0.00000 0.00002 0.00000 ( 1)
 124 V   0.99998 0.00000 0.00002 0.00000 ( 1)
 125 L   0.99998 0.00000 0.00002 0.00000 ( 1)
 126 G   0.99998 0.00000 0.00002 0.00000 ( 1)
 127 F   0.99998 0.00000 0.00002 0.00000 ( 1)
 128 G   0.99998 0.00000 0.00002 0.00000 ( 1)
 129 G   0.99998 0.00000 0.00002 0.00000 ( 1)
 130 I   0.99998 0.00000 0.00002 0.00000 ( 1)
 131 Y   0.99998 0.00000 0.00002 0.00000 ( 1)
 132 H   0.99998 0.00000 0.00002 0.00000 ( 1)
 133 A   0.99998 0.00000 0.00002 0.00000 ( 1)
 134 L   0.99998 0.00000 0.00002 0.00000 ( 1)
 135 L   0.99998 0.00000 0.00002 0.00000 ( 1)
 136 G   0.99998 0.00000 0.00002 0.00000 ( 1)
 137 P   0.99998 0.00000 0.00002 0.00000 ( 1)
 138 E   0.99998 0.00000 0.00002 0.00000 ( 1)
 139 T   0.99998 0.00000 0.00002 0.00000 ( 1)
 140 L   0.99998 0.00000 0.00002 0.00000 ( 1)
 141 E   0.99998 0.00000 0.00002 0.00000 ( 1)
 142 E   0.99998 0.00000 0.00002 0.00000 ( 1)
 143 S   0.99998 0.00000 0.00002 0.00000 ( 1)
 144 F   0.99998 0.00000 0.00002 0.00000 ( 1)
 145 P   0.99998 0.00000 0.00002 0.00000 ( 1)
 146 F   0.99998 0.00000 0.00002 0.00000 ( 1)
 147 F   0.99998 0.00000 0.00002 0.00000 ( 1)
 148 G   0.99998 0.00000 0.00002 0.00000 ( 1)
 149 Y   0.99998 0.00000 0.00002 0.00000 ( 1)
 150 V   0.99998 0.00000 0.00002 0.00000 ( 1)
 151 W   0.99998 0.00000 0.00002 0.00000 ( 1)
 152 K   0.99998 0.00000 0.00002 0.00000 ( 1)
 153 D   0.99998 0.00000 0.00002 0.00000 ( 1)
 154 R   0.99998 0.00000 0.00002 0.00000 ( 1)
 155 N   0.99998 0.00000 0.00002 0.00000 ( 1)
 156 K   0.99998 0.00000 0.00002 0.00000 ( 1)
 157 M   0.99998 0.00000 0.00002 0.00000 ( 1)
 158 T   0.99998 0.00000 0.00002 0.00000 ( 1)
 159 T   0.99998 0.00000 0.00002 0.00000 ( 1)
 160 I   0.99998 0.00000 0.00002 0.00000 ( 1)
 161 L   0.99998 0.00000 0.00002 0.00000 ( 1)
 162 G   0.99998 0.00000 0.00002 0.00000 ( 1)
 163 I   0.99998 0.00000 0.00002 0.00000 ( 1)
 164 H   0.99998 0.00000 0.00002 0.00000 ( 1)
 165 L   0.99998 0.00000 0.00002 0.00000 ( 1)
 166 I   0.99998 0.00000 0.00002 0.00000 ( 1)
 167 L   0.99998 0.00000 0.00002 0.00000 ( 1)
 168 L   0.99998 0.00000 0.00002 0.00000 ( 1)
 169 G   0.99998 0.00000 0.00002 0.00000 ( 1)
 170 I   0.99998 0.00000 0.00002 0.00000 ( 1)
 171 G   0.99998 0.00000 0.00002 0.00000 ( 1)
 172 A   0.99998 0.00000 0.00002 0.00000 ( 1)
 173 F   0.99998 0.00000 0.00002 0.00000 ( 1)
 174 L   0.99998 0.00000 0.00002 0.00000 ( 1)
 175 L   0.99998 0.00000 0.00002 0.00000 ( 1)
 176 V   0.99998 0.00000 0.00002 0.00000 ( 1)
 177 F   0.99998 0.00000 0.00002 0.00000 ( 1)
 178 K   0.99998 0.00000 0.00002 0.00000 ( 1)
 179 A   0.99998 0.00000 0.00002 0.00000 ( 1)
 180 L   0.99998 0.00000 0.00002 0.00000 ( 1)
 181 Y   0.99998 0.00000 0.00002 0.00000 ( 1)
 182 F   0.99998 0.00000 0.00002 0.00000 ( 1)
 183 G   0.99998 0.00000 0.00002 0.00000 ( 1)
 184 G   0.99998 0.00000 0.00002 0.00000 ( 1)
 185 V   0.99998 0.00000 0.00002 0.00000 ( 1)
 186 Y   0.99998 0.00000 0.00002 0.00000 ( 1)
 187 D   0.99998 0.00000 0.00002 0.00000 ( 1)
 188 T   0.99998 0.00000 0.00002 0.00000 ( 1)
 189 W   0.99998 0.00000 0.00002 0.00000 ( 1)
 190 A   0.99998 0.00000 0.00002 0.00000 ( 1)
 191 P   0.99998 0.00000 0.00002 0.00000 ( 1)
 192 G   0.99998 0.00000 0.00002 0.00000 ( 1)
 193 G   0.99998 0.00000 0.00002 0.00000 ( 1)
 194 G   0.99998 0.00000 0.00002 0.00000 ( 1)
 195 D   0.99998 0.00000 0.00002 0.00000 ( 1)
 196 V   0.99998 0.00000 0.00002 0.00000 ( 1)
 197 R   0.99998 0.00000 0.00002 0.00000 ( 1)
 198 K   0.99998 0.00000 0.00002 0.00000 ( 1)
 199 I   0.99998 0.00000 0.00002 0.00000 ( 1)
 200 T   0.99998 0.00000 0.00002 0.00000 ( 1)
 201 N   0.99998 0.00000 0.00002 0.00000 ( 1)
 202 L   0.99998 0.00000 0.00002 0.00000 ( 1)
 203 T   0.99998 0.00000 0.00002 0.00000 ( 1)
 204 L   0.99998 0.00000 0.00002 0.00000 ( 1)
 205 N   0.99998 0.00000 0.00002 0.00000 ( 1)
 206 P   0.99998 0.00000 0.00002 0.00000 ( 1)
 207 S   0.99998 0.00000 0.00002 0.00000 ( 1)
 208 I   0.99998 0.00000 0.00002 0.00000 ( 1)
 209 I   0.99998 0.00000 0.00002 0.00000 ( 1)
 210 F   0.99998 0.00000 0.00002 0.00000 ( 1)
 211 G   0.99998 0.00000 0.00002 0.00000 ( 1)
 212 Y   0.99998 0.00000 0.00002 0.00000 ( 1)
 213 L   0.99998 0.00000 0.00002 0.00000 ( 1)
 214 L   0.99998 0.00000 0.00002 0.00000 ( 1)
 215 K   0.99998 0.00000 0.00002 0.00000 ( 1)
 216 S   0.99998 0.00000 0.00002 0.00000 ( 1)
 217 P   0.99998 0.00000 0.00002 0.00000 ( 1)
 218 F   0.99998 0.00000 0.00002 0.00000 ( 1)
 219 G   0.99998 0.00000 0.00002 0.00000 ( 1)
 220 G   0.99998 0.00000 0.00002 0.00000 ( 1)
 221 E   0.99998 0.00000 0.00002 0.00000 ( 1)
 222 G   0.99998 0.00000 0.00002 0.00000 ( 1)
 223 W   0.99998 0.00000 0.00002 0.00000 ( 1)
 224 I   0.99998 0.00000 0.00002 0.00000 ( 1)
 225 V   0.99998 0.00000 0.00002 0.00000 ( 1)
 226 S   0.99998 0.00000 0.00002 0.00000 ( 1)
 227 V   0.99998 0.00000 0.00002 0.00000 ( 1)
 228 D   0.99998 0.00000 0.00002 0.00000 ( 1)
 229 D   0.99998 0.00000 0.00002 0.00000 ( 1)
 230 L   0.99998 0.00000 0.00002 0.00000 ( 1)
 231 E   0.99998 0.00000 0.00002 0.00000 ( 1)
 232 D   0.99998 0.00000 0.00002 0.00000 ( 1)
 233 I   0.99998 0.00000 0.00002 0.00000 ( 1)
 234 I   0.99998 0.00000 0.00002 0.00000 ( 1)
 235 G   0.99998 0.00000 0.00002 0.00000 ( 1)
 236 G   0.99998 0.00000 0.00002 0.00000 ( 1)
 237 H   0.99998 0.00000 0.00002 0.00000 ( 1)
 238 V   0.99998 0.00000 0.00002 0.00000 ( 1)
 239 W   0.99998 0.00000 0.00002 0.00000 ( 1)
 240 L   0.99998 0.00000 0.00002 0.00000 ( 1)
 241 G   0.99998 0.00000 0.00002 0.00000 ( 1)
 242 S   0.99998 0.00000 0.00002 0.00000 ( 1)
 243 I   0.99998 0.00000 0.00002 0.00000 ( 1)
 244 C   0.99998 0.00000 0.00002 0.00000 ( 1)
 245 I   0.99998 0.00000 0.00002 0.00000 ( 1)
 246 L   0.99998 0.00000 0.00002 0.00000 ( 1)
 247 G   0.99998 0.00000 0.00002 0.00000 ( 1)
 248 G   0.99998 0.00000 0.00002 0.00000 ( 1)
 249 I   0.99998 0.00000 0.00002 0.00000 ( 1)
 250 W   0.99998 0.00000 0.00002 0.00000 ( 1)
 251 H   0.99998 0.00000 0.00002 0.00000 ( 1)
 252 I   0.99998 0.00000 0.00002 0.00000 ( 1)
 253 L   0.99998 0.00000 0.00002 0.00000 ( 1)
 254 T   0.99998 0.00000 0.00002 0.00000 ( 1)
 255 K   0.99998 0.00000 0.00002 0.00000 ( 1)
 256 P   0.99998 0.00000 0.00002 0.00000 ( 1)
 257 F   0.99998 0.00000 0.00002 0.00000 ( 1)
 258 A   0.99998 0.00000 0.00002 0.00000 ( 1)
 259 W   0.99998 0.00000 0.00002 0.00000 ( 1)
 260 A   0.99998 0.00000 0.00002 0.00000 ( 1)
 261 R   0.99998 0.00000 0.00002 0.00000 ( 1)
 262 R   0.99998 0.00000 0.00002 0.00000 ( 1)
 263 A   0.99998 0.00000 0.00002 0.00000 ( 1)
 264 L   0.99998 0.00000 0.00002 0.00000 ( 1)
 265 V   0.99998 0.00000 0.00002 0.00000 ( 1)
 266 W   0.99998 0.00000 0.00002 0.00000 ( 1)
 267 S   0.99998 0.00000 0.00002 0.00000 ( 1)
 268 G   0.99998 0.00000 0.00002 0.00000 ( 1)
 269 E   0.99998 0.00000 0.00002 0.00000 ( 1)
 270 A   0.99998 0.00000 0.00002 0.00000 ( 1)
 271 Y   0.99998 0.00000 0.00002 0.00000 ( 1)
 272 L   0.99998 0.00000 0.00002 0.00000 ( 1)
 273 S   0.99998 0.00000 0.00002 0.00000 ( 1)
 274 Y   0.99998 0.00000 0.00002 0.00000 ( 1)
 275 S   0.99998 0.00000 0.00002 0.00000 ( 1)
 276 L   0.99998 0.00000 0.00002 0.00000 ( 1)
 277 A   0.99998 0.00000 0.00002 0.00000 ( 1)
 278 A   0.99998 0.00000 0.00002 0.00000 ( 1)
 279 L   0.99998 0.00000 0.00002 0.00000 ( 1)
 280 S   0.99998 0.00000 0.00002 0.00000 ( 1)
 281 V   0.99998 0.00000 0.00002 0.00000 ( 1)
 282 F   0.99998 0.00000 0.00002 0.00000 ( 1)
 283 G   0.99998 0.00000 0.00002 0.00000 ( 1)
 284 F   0.99998 0.00000 0.00002 0.00000 ( 1)
 285 I   0.99998 0.00000 0.00002 0.00000 ( 1)
 286 A   0.99998 0.00000 0.00002 0.00000 ( 1)
 287 C   0.99998 0.00000 0.00002 0.00000 ( 1)
 288 C   0.99998 0.00000 0.00002 0.00000 ( 1)
 289 F   0.99998 0.00000 0.00002 0.00000 ( 1)
 290 V   0.99998 0.00000 0.00002 0.00000 ( 1)
 291 W   0.99998 0.00000 0.00002 0.00000 ( 1)
 292 F   0.99998 0.00000 0.00002 0.00000 ( 1)
 293 N   0.99998 0.00000 0.00002 0.00000 ( 1)
 294 N   0.99998 0.00000 0.00002 0.00000 ( 1)
 295 T   0.99998 0.00000 0.00002 0.00000 ( 1)
 296 A   0.99998 0.00000 0.00002 0.00000 ( 1)
 297 Y   0.99998 0.00000 0.00002 0.00000 ( 1)
 298 P   0.99998 0.00000 0.00002 0.00000 ( 1)
 299 S   0.99998 0.00000 0.00002 0.00000 ( 1)
 300 E   0.99998 0.00000 0.00002 0.00000 ( 1)
 301 F   0.99998 0.00000 0.00002 0.00000 ( 1)
 302 Y   0.99998 0.00000 0.00002 0.00000 ( 1)
 303 G   0.99998 0.00000 0.00002 0.00000 ( 1)
 304 P   0.99998 0.00000 0.00002 0.00000 ( 1)
 305 T   0.99998 0.00000 0.00002 0.00000 ( 1)
 306 G   0.99998 0.00000 0.00002 0.00000 ( 1)
 307 P   0.99998 0.00000 0.00002 0.00000 ( 1)
 308 E   0.99998 0.00000 0.00002 0.00000 ( 1)
 309 A   0.99998 0.00000 0.00002 0.00000 ( 1)
 310 S   0.99998 0.00000 0.00002 0.00000 ( 1)
 311 Q   0.99998 0.00000 0.00002 0.00000 ( 1)
 312 A   0.99998 0.00000 0.00002 0.00000 ( 1)
 313 Q   0.99998 0.00000 0.00002 0.00000 ( 1)
 314 A   0.99998 0.00000 0.00002 0.00000 ( 1)
 315 F   0.99998 0.00000 0.00002 0.00000 ( 1)
 316 T   0.99998 0.00000 0.00002 0.00000 ( 1)
 317 F   0.99998 0.00000 0.00002 0.00000 ( 1)
 318 L   0.99998 0.00000 0.00002 0.00000 ( 1)
 319 V   0.99998 0.00000 0.00002 0.00000 ( 1)
 320 R   0.99998 0.00000 0.00002 0.00000 ( 1)
 321 D   0.99998 0.00000 0.00002 0.00000 ( 1)
 322 Q   0.99998 0.00000 0.00002 0.00000 ( 1)
 323 R   0.99998 0.00000 0.00002 0.00000 ( 1)
 324 L   0.99998 0.00000 0.00002 0.00000 ( 1)
 325 G   0.99998 0.00000 0.00002 0.00000 ( 1)
 326 A   0.99998 0.00000 0.00002 0.00000 ( 1)
 327 N   0.99998 0.00000 0.00002 0.00000 ( 1)
 328 V   0.99998 0.00000 0.00002 0.00000 ( 1)
 329 G   0.99998 0.00000 0.00002 0.00000 ( 1)
 330 S   0.99998 0.00000 0.00002 0.00000 ( 1)
 331 A   0.99998 0.00000 0.00002 0.00000 ( 1)
 332 Q   0.99998 0.00000 0.00002 0.00000 ( 1)
 333 G   0.99998 0.00000 0.00002 0.00000 ( 1)
 334 P   0.99998 0.00000 0.00002 0.00000 ( 1)
 335 T   0.99998 0.00000 0.00002 0.00000 ( 1)
 336 G   0.99998 0.00000 0.00002 0.00000 ( 1)
 337 L   0.99998 0.00000 0.00002 0.00000 ( 1)
 338 G   0.99998 0.00000 0.00002 0.00000 ( 1)
 339 K   0.99998 0.00000 0.00002 0.00000 ( 1)
 340 Y   0.99998 0.00000 0.00002 0.00000 ( 1)
 341 L   0.99998 0.00000 0.00002 0.00000 ( 1)
 342 M   0.99998 0.00000 0.00002 0.00000 ( 1)
 343 R   0.99998 0.00000 0.00002 0.00000 ( 1)
 344 S   0.99998 0.00000 0.00002 0.00000 ( 1)
 345 P   0.99998 0.00000 0.00002 0.00000 ( 1)
 346 T   0.99998 0.00000 0.00002 0.00000 ( 1)
 347 G   0.99998 0.00000 0.00002 0.00000 ( 1)
 348 E   0.99998 0.00000 0.00002 0.00000 ( 1)
 349 V   0.99998 0.00000 0.00002 0.00000 ( 1)
 350 I   0.99998 0.00000 0.00002 0.00000 ( 1)
 351 F   0.99998 0.00000 0.00002 0.00000 ( 1)
 352 G   0.99998 0.00000 0.00002 0.00000 ( 1)
 353 G   0.99998 0.00000 0.00002 0.00000 ( 1)
 354 E   0.99998 0.00000 0.00002 0.00000 ( 1)
 355 T   0.99998 0.00000 0.00002 0.00000 ( 1)
 356 M   0.99998 0.00000 0.00002 0.00000 ( 1)
 357 R   0.99998 0.00000 0.00002 0.00000 ( 1)
 358 F   0.99998 0.00000 0.00002 0.00000 ( 1)
 359 W   0.99998 0.00000 0.00002 0.00000 ( 1)
 360 D   0.99998 0.00000 0.00002 0.00000 ( 1)
 361 L   0.99998 0.00000 0.00002 0.00000 ( 1)
 362 R   0.99998 0.00000 0.00002 0.00000 ( 1)
 363 A   0.99998 0.00000 0.00002 0.00000 ( 1)
 364 P   0.99998 0.00000 0.00002 0.00000 ( 1)
 365 W   0.99998 0.00000 0.00002 0.00000 ( 1)
 366 L   0.99998 0.00000 0.00002 0.00000 ( 1)
 367 E   0.99998 0.00000 0.00002 0.00000 ( 1)
 368 P   0.99998 0.00000 0.00002 0.00000 ( 1)
 369 L   0.99998 0.00000 0.00002 0.00000 ( 1)
 370 R   0.99998 0.00000 0.00002 0.00000 ( 1)
 371 G   0.99998 0.00000 0.00002 0.00000 ( 1)
 372 P   0.99998 0.00000 0.00002 0.00000 ( 1)
 373 N   0.99998 0.00000 0.00002 0.00000 ( 1)
 374 G   0.99998 0.00000 0.00002 0.00000 ( 1)
 375 L   0.99998 0.00000 0.00002 0.00000 ( 1)
 376 D   0.99998 0.00000 0.00002 0.00000 ( 1)
 377 L   0.99998 0.00000 0.00002 0.00000 ( 1)
 378 S   0.99998 0.00000 0.00002 0.00000 ( 1)
 379 R   0.99998 0.00000 0.00002 0.00000 ( 1)
 380 L   0.99998 0.00000 0.00002 0.00000 ( 1)
 381 K   0.99998 0.00000 0.00002 0.00000 ( 1)
 382 K   0.99998 0.00000 0.00002 0.00000 ( 1)
 383 D   0.99998 0.00000 0.00002 0.00000 ( 1)
 384 I   0.99998 0.00000 0.00002 0.00000 ( 1)
 385 Q   0.99998 0.00000 0.00002 0.00000 ( 1)
 386 P   0.99998 0.00000 0.00002 0.00000 ( 1)
 387 W   0.99998 0.00000 0.00002 0.00000 ( 1)
 388 Q   0.99998 0.00000 0.00002 0.00000 ( 1)
 389 E   0.99998 0.00000 0.00002 0.00000 ( 1)
 390 R   0.99998 0.00000 0.00002 0.00000 ( 1)
 391 R   0.99998 0.00000 0.00002 0.00000 ( 1)
 392 S   0.99998 0.00000 0.00002 0.00000 ( 1)
 393 A   0.99998 0.00000 0.00002 0.00000 ( 1)
 394 E   0.99998 0.00000 0.00002 0.00000 ( 1)
 395 Y   0.99998 0.00000 0.00002 0.00000 ( 1)
 396 M   0.99998 0.00000 0.00002 0.00000 ( 1)
 397 T   0.99998 0.00000 0.00002 0.00000 ( 1)
 398 H   0.99998 0.00000 0.00002 0.00000 ( 1)
 399 A   0.99998 0.00000 0.00002 0.00000 ( 1)
 400 P   0.99998 0.00000 0.00002 0.00000 ( 1)
 401 L   0.99998 0.00000 0.00002 0.00000 ( 1)
 402 G   0.99998 0.00000 0.00002 0.00000 ( 1)
 403 S   0.99998 0.00000 0.00002 0.00000 ( 1)
 404 L   0.99998 0.00000 0.00002 0.00000 ( 1)
 405 N   0.99998 0.00000 0.00002 0.00000 ( 1)
 406 S   0.99998 0.00000 0.00002 0.00000 ( 1)
 407 V   0.99998 0.00000 0.00002 0.00000 ( 1)
 408 G   0.99998 0.00000 0.00002 0.00000 ( 1)
 409 G   0.99998 0.00000 0.00002 0.00000 ( 1)
 410 V   0.99998 0.00000 0.00002 0.00000 ( 1)
 411 A   0.99998 0.00000 0.00002 0.00000 ( 1)
 412 T   0.99998 0.00000 0.00002 0.00000 ( 1)
 413 E   0.99998 0.00000 0.00002 0.00000 ( 1)
 414 I   0.99998 0.00000 0.00002 0.00000 ( 1)
 415 N   0.99998 0.00000 0.00002 0.00000 ( 1)
 416 A   0.99998 0.00000 0.00002 0.00000 ( 1)
 417 V   0.99998 0.00000 0.00002 0.00000 ( 1)
 418 N   0.99998 0.00000 0.00002 0.00000 ( 1)
 419 Y   0.99998 0.00000 0.00002 0.00000 ( 1)
 420 V   0.99998 0.00000 0.00002 0.00000 ( 1)
 421 S   0.99998 0.00000 0.00002 0.00000 ( 1)
 422 P   0.99998 0.00000 0.00002 0.00000 ( 1)
 423 R   0.99998 0.00000 0.00002 0.00000 ( 1)
 424 S   0.99998 0.00000 0.00002 0.00000 ( 1)
 425 W   0.99998 0.00000 0.00002 0.00000 ( 1)
 426 L   0.99998 0.00000 0.00002 0.00000 ( 1)
 427 A   0.99998 0.00000 0.00002 0.00000 ( 1)
 428 T   0.99998 0.00000 0.00002 0.00000 ( 1)
 429 S   0.99998 0.00000 0.00002 0.00000 ( 1)
 430 H   0.99998 0.00000 0.00002 0.00000 ( 1)
 431 F   0.99998 0.00000 0.00002 0.00000 ( 1)
 432 V   0.99998 0.00000 0.00002 0.00000 ( 1)
 433 L   0.99998 0.00000 0.00002 0.00000 ( 1)
 434 G   0.99998 0.00000 0.00002 0.00000 ( 1)
 435 F   0.99998 0.00000 0.00002 0.00000 ( 1)
 436 F   0.99998 0.00000 0.00002 0.00000 ( 1)
 437 L   0.99998 0.00000 0.00002 0.00000 ( 1)
 438 F   0.99998 0.00000 0.00002 0.00000 ( 1)
 439 V   0.99998 0.00000 0.00002 0.00000 ( 1)
 440 G   0.99998 0.00000 0.00002 0.00000 ( 1)
 441 H   0.99998 0.00000 0.00002 0.00000 ( 1)
 442 L   0.99998 0.00000 0.00002 0.00000 ( 1)
 443 W   0.99998 0.00000 0.00002 0.00000 ( 1)
 444 H   0.99998 0.00000 0.00002 0.00000 ( 1)
 445 A   0.99998 0.00000 0.00002 0.00000 ( 1)
 446 G   0.99998 0.00000 0.00002 0.00000 ( 1)
 447 R   0.99998 0.00000 0.00002 0.00000 ( 1)
 448 A   0.99998 0.00000 0.00002 0.00000 ( 1)
 449 R   0.99998 0.00000 0.00002 0.00000 ( 1)
 450 A   0.99998 0.00000 0.00002 0.00000 ( 1)
 451 A   0.99998 0.00000 0.00002 0.00000 ( 1)
 452 A   0.99998 0.00000 0.00002 0.00000 ( 1)
 453 A   0.99998 0.00000 0.00002 0.00000 ( 1)
 454 G   0.99998 0.00000 0.00002 0.00000 ( 1)
 455 F   0.99998 0.00000 0.00002 0.00000 ( 1)
 456 E   0.99998 0.00000 0.00002 0.00000 ( 1)
 457 K   0.99998 0.00000 0.00002 0.00000 ( 1)
 458 G   0.99998 0.00000 0.00002 0.00000 ( 1)
 459 I   0.99998 0.00000 0.00002 0.00000 ( 1)
 460 D   0.99998 0.00000 0.00002 0.00000 ( 1)
 461 R   0.99998 0.00000 0.00002 0.00000 ( 1)
 462 D   0.99998 0.00000 0.00002 0.00000 ( 1)
 463 F   0.99998 0.00000 0.00002 0.00000 ( 1)
 464 E   0.99998 0.00000 0.00002 0.00000 ( 1)
 465 P   0.99998 0.00000 0.00002 0.00000 ( 1)
 466 V   0.99998 0.00000 0.00002 0.00000 ( 1)
 467 L   0.99998 0.00000 0.00002 0.00000 ( 1)
 468 S   0.99998 0.00000 0.00002 0.00000 ( 1)
 469 M   0.99998 0.00000 0.00002 0.00000 ( 1)
 470 T   0.99998 0.00000 0.00002 0.00000 ( 1)
 471 P   0.99998 0.00000 0.00002 0.00000 ( 1)
 472 L   0.99998 0.00000 0.00002 0.00000 ( 1)
 473 N   0.99998 0.00000 0.00002 0.00000 ( 1)


lnL = -2381.335798

