

TREE # 1

  0  0.0000   2748.291775  x:  0.00000   0.01524   0.05344   0.01769   0.06204   0.06135   0.03032   0.03574   0.06096   0.01771   0.04748   0.02290   0.02150   0.01454   0.01853   0.05715   0.05150   0.02758   0.04757   0.03067   0.06423   0.03966   0.01353   0.02481   0.00786   0.06451   0.04522   0.04088   0.07448   0.02686   2.00000   1.09989   0.02896   0.27919  
  1 99.0000   2748.281464  x:  0.00000   0.01524   0.05344   0.01769   0.06204   0.06135   0.03032   0.03574   0.06096   0.01771   0.04747   0.02290   0.02150   0.01454   0.01853   0.05715   0.05150   0.02758   0.04757   0.03067   0.06423   0.03966   0.01353   0.02481   0.00786   0.06450   0.04522   0.04088   0.07448   0.02687   2.00000   1.09989   0.02896   0.27919  
  2 1872.7977   2683.603105  x:  0.00000   0.01156   0.04558   0.00981   0.05418   0.05348   0.02211   0.02783   0.05308   0.00978   0.04066   0.01497   0.01357   0.00662   0.01245   0.05056   0.04410   0.02434   0.04177   0.02282   0.05643   0.03654   0.01081   0.02435   0.00000   0.05745   0.04229   0.03639   0.06902   0.02702   2.00008   1.10011   0.02875   0.27658  
  3 68584.3254   2631.402024  x:  0.00000   0.00756   0.03904   0.00323   0.04762   0.04692   0.01521   0.02123   0.04652   0.00316   0.03480   0.00835   0.00695   0.00000   0.00661   0.04490   0.03785   0.02112   0.03664   0.01626   0.04993   0.03359   0.00786   0.02401   0.00000   0.05150   0.03954   0.03253   0.06429   0.02587   2.00013   1.10022   0.02864   0.27328  
  4 303402.5353   2607.888291  x:  0.00000   0.00830   0.03595   0.00011   0.04451   0.04378   0.01178   0.01808   0.04339   0.00000   0.03167   0.00519   0.00379   0.00000   0.00680   0.04184   0.03470   0.01908   0.03365   0.01317   0.04684   0.03158   0.00805   0.02387   0.00000   0.04848   0.03757   0.03067   0.06161   0.02535   2.00013   1.09999   0.02888   0.26772  
  5 9225.0022   2607.195583  x:  0.00000   0.00826   0.03584   0.00000   0.04440   0.04367   0.01166   0.01797   0.04328   0.00000   0.03159   0.00509   0.00368   0.00000   0.00683   0.04175   0.03460   0.01913   0.03358   0.01306   0.04674   0.03157   0.00806   0.02387   0.00000   0.04838   0.03755   0.03065   0.06153   0.02534   2.00012   1.09998   0.02889   0.26751  
  6 12470.3897   2586.251538  x:  0.00000   0.00915   0.03215   0.00000   0.04075   0.04003   0.00761   0.01431   0.03964   0.00000   0.02940   0.00141   0.00000   0.00000   0.00561   0.03933   0.03155   0.01996   0.03244   0.00940   0.04313   0.03209   0.00728   0.02384   0.00000   0.04553   0.03781   0.03074   0.05943   0.02521   2.00009   1.09964   0.02925   0.25983  
  7 19802.2035   2579.461159  x:  0.00000   0.00896   0.03072   0.00000   0.03936   0.03864   0.00606   0.01291   0.03825   0.00000   0.02894   0.00000   0.00000   0.00000   0.00548   0.03875   0.03058   0.01949   0.03245   0.00798   0.04176   0.03229   0.00743   0.02383   0.00000   0.04463   0.03805   0.03094   0.05895   0.02517   2.00007   1.09955   0.02935   0.25724  
  8 19773.0388   2556.624246  x:  0.00000   0.00866   0.02507   0.00000   0.03393   0.03323   0.00000   0.00744   0.03283   0.00000   0.02797   0.00000   0.00000   0.00000   0.00635   0.03726   0.02740   0.01819   0.03284   0.00235   0.03640   0.03202   0.00581   0.02372   0.00000   0.04166   0.03821   0.03133   0.05778   0.02461   2.00001   1.09928   0.02963   0.24836  
  9 34921.9212   2548.457615  x:  0.00000   0.00855   0.02271   0.00000   0.03169   0.03099   0.00000   0.00519   0.03060   0.00000   0.02784   0.00000   0.00000   0.00000   0.00615   0.03693   0.02638   0.01812   0.03295   0.00000   0.03420   0.03140   0.00579   0.02369   0.00000   0.04067   0.03780   0.03122   0.05754   0.02446   1.99998   1.09919   0.02972   0.24483  
 10 30278.2717   2532.372776  x:  0.00000   0.00832   0.01714   0.00000   0.02656   0.02586   0.00000   0.00000   0.02548   0.00000   0.02733   0.00000   0.00000   0.00000   0.00588   0.03639   0.02508   0.01766   0.03163   0.00000   0.02916   0.03160   0.00564   0.02370   0.00000   0.03923   0.03714   0.03018   0.05700   0.02410   1.99991   1.09910   0.02981   0.23768  
 11 24154.0722   2489.934453  x:  0.00000   0.00758   0.00000   0.00000   0.01077   0.01002   0.00000   0.00000   0.00970   0.00000   0.02394   0.00000   0.00000   0.00000   0.00510   0.03337   0.02238   0.01658   0.02842   0.00000   0.01362   0.02849   0.00525   0.02247   0.00000   0.03582   0.03805   0.02992   0.05382   0.02337   1.99970   1.09912   0.02983   0.21840  
 12 25898.3607   2468.443660  x:  0.00000   0.00716   0.00000   0.00000   0.00107   0.00027   0.00000   0.00000   0.00000   0.00000   0.02187   0.00000   0.00000   0.00000   0.00465   0.03115   0.02052   0.01591   0.02789   0.00000   0.00407   0.02744   0.00499   0.02364   0.00000   0.03360   0.03707   0.02983   0.05164   0.02308   1.99958   1.09918   0.02980   0.20755  
 13 38033.2449   2467.976875  x:  0.00000   0.00715   0.00000   0.00000   0.00080   0.00000   0.00000   0.00000   0.00000   0.00000   0.02182   0.00000   0.00000   0.00000   0.00464   0.03109   0.02046   0.01589   0.02789   0.00000   0.00381   0.02743   0.00498   0.02361   0.00000   0.03354   0.03703   0.02982   0.05159   0.02307   1.99957   1.09918   0.02980   0.20727  
 14 38938.3581   2466.992090  x:  0.00000   0.00713   0.00000   0.00000   0.00000   0.00000   0.00000   0.00000   0.00000   0.00000   0.02185   0.00000   0.00000   0.00000   0.00462   0.03103   0.02025   0.01586   0.02779   0.00000   0.00303   0.02733   0.00497   0.02365   0.00000   0.03331   0.03712   0.02968   0.05153   0.02304   1.99957   1.09919   0.02980   0.20658  
 15 6568.2408   2465.131304  x:  0.00000   0.00706   0.00000   0.00000   0.00000   0.00000   0.00000   0.00000   0.00000   0.00000   0.02146   0.00000   0.00000   0.00000   0.00456   0.03114   0.02005   0.01575   0.02726   0.00000   0.00000   0.02721   0.00494   0.02366   0.00000   0.03286   0.03681   0.03020   0.05157   0.02305   1.99957   1.09927   0.02972   0.20496  
 16 1843.4947   2450.411094  x:  0.00000   0.00674   0.00000   0.00000   0.00000   0.00000   0.00000   0.00000   0.00000   0.00000   0.00210   0.00000   0.00000   0.00000   0.00386   0.02329   0.01833   0.01463   0.03405   0.00000   0.00000   0.02543   0.00481   0.02369   0.00000   0.02231   0.03731   0.01959   0.04616   0.02233   1.99999   1.10776   0.02099   0.18231  
 17 228.5531   2435.545314  x:  0.00000   0.00620   0.00000   0.00000   0.00000   0.00000   0.00000   0.00000   0.00000   0.00000   0.00407   0.00000   0.00000   0.00000   0.00316   0.00331   0.01517   0.01313   0.03547   0.00000   0.00000   0.02433   0.00455   0.02325   0.00000   0.00898   0.03439   0.01551   0.02918   0.02284   2.00061   1.11900   0.00942   0.16488  
 18 755.2790   2430.651960  x:  0.00000   0.00609   0.00000   0.00000   0.00000   0.00000   0.00000   0.00000   0.00000   0.00000   0.00463   0.00000   0.00000   0.00000   0.00301   0.00666   0.00854   0.01269   0.03670   0.00000   0.00000   0.02429   0.00449   0.02291   0.00000   0.00325   0.03321   0.01357   0.01400   0.02336   2.00099   1.12462   0.00366   0.16172  
 19 640.7592   2429.415394  x:  0.00000   0.00606   0.00000   0.00000   0.00000   0.00000   0.00000   0.00000   0.00000   0.00000   0.00464   0.00000   0.00000   0.00000   0.00298   0.00664   0.00305   0.01257   0.03667   0.00000   0.00000   0.02431   0.00452   0.02277   0.00000   0.00585   0.03280   0.01325   0.01130   0.02353   2.00116   1.12653   0.00171   0.16099  
 20 460.6704   2429.184814  x:  0.00000   0.00610   0.00000   0.00000   0.00000   0.00000   0.00000   0.00000   0.00000   0.00000   0.00463   0.00000   0.00000   0.00000   0.00302   0.00662   0.00173   0.01262   0.03664   0.00000   0.00000   0.02444   0.00453   0.02270   0.00000   0.00528   0.03279   0.01320   0.01230   0.02362   2.00127   1.12738   0.00086   0.16184  
 21 123.7324   2423.510406  x:  0.00000   0.00582   0.00000   0.00000   0.00000   0.00000   0.00000   0.00000   0.00000   0.00000   0.00545   0.00000   0.00000   0.00000   0.00244   0.00770   0.00215   0.01221   0.03467   0.00000   0.00000   0.02301   0.00479   0.02102   0.00000   0.00628   0.03132   0.00355   0.01495   0.02447   2.00975   1.17609  -0.04715   0.11423  
 22 64.6208   2420.773446  x:  0.00365   0.00572   0.00000   0.00000   0.00000   0.00000   0.00000   0.00000   0.00000   0.00000   0.00575   0.00000   0.00000   0.00000   0.00223   0.00810   0.00230   0.01206   0.03395   0.00000   0.00000   0.02248   0.00488   0.02041   0.00000   0.00664   0.03079   0.00000   0.01593   0.02479   2.01291   1.19432  -0.06511   0.09647  
 23 6490.8904   2420.773446  x:  0.00365   0.00572   0.00000   0.00000   0.00000   0.00000   0.00000   0.00000   0.00000   0.00000   0.00575   0.00000   0.00000   0.00000   0.00223   0.00810   0.00230   0.01206   0.03395   0.00000   0.00000   0.02248   0.00488   0.02041   0.00000   0.00664   0.03079   0.00000   0.01593   0.02479   2.01291   1.19432  -0.06511   0.09647  
 24 4181.7011   2417.610759  x:  0.00998   0.00503   0.00000   0.00000   0.00000   0.00000   0.00000   0.00000   0.00000   0.00000   0.00505   0.00000   0.00000   0.00000   0.00242   0.00760   0.00236   0.01196   0.03124   0.00000   0.00000   0.02187   0.00477   0.02055   0.00000   0.00557   0.02991   0.00633   0.01657   0.02750   2.01295   1.19446  -0.06526   0.09563  
 25 1124.0367   2412.074936  x:  0.00894   0.00311   0.00000   0.00000   0.00000   0.00000   0.00000   0.00000   0.00000   0.00000   0.00309   0.00000   0.00000   0.00000   0.00200   0.00577   0.00229   0.01157   0.01524   0.00000   0.00000   0.01870   0.00455   0.02135   0.00000   0.00177   0.02506   0.00529   0.01876   0.04053   2.01316   1.19535  -0.06614   0.09048  
 26 491.3804   2410.427028  x:  0.00874   0.00356   0.00000   0.00000   0.00000   0.00000   0.00000   0.00000   0.00000   0.00000   0.00356   0.00000   0.00000   0.00000   0.00228   0.00560   0.00232   0.01145   0.00848   0.00000   0.00000   0.01755   0.00454   0.02162   0.00000   0.00428   0.02314   0.00510   0.01950   0.04548   2.01325   1.19576  -0.06656   0.08808  
 27 1684.8276   2410.186935  x:  0.00877   0.00477   0.00000   0.00000   0.00000   0.00000   0.00000   0.00000   0.00000   0.00000   0.00477   0.00000   0.00000   0.00000   0.00235   0.00666   0.00235   0.01153   0.00779   0.00000   0.00000   0.01763   0.00469   0.02159   0.00000   0.00371   0.02281   0.00512   0.01936   0.04640   2.01332   1.19603  -0.06682   0.08656  
 28 231.6581   2409.024514  x:  0.00864   0.00381   0.00000   0.00000   0.00000   0.00000   0.00000   0.00000   0.00000   0.00000   0.00380   0.00000   0.00000   0.00000   0.00160   0.01169   0.00209   0.01254   0.01095   0.00000   0.00000   0.02016   0.00515   0.02086   0.00000   0.00475   0.02105   0.00499   0.01666   0.05337   2.01416   1.19967  -0.07046   0.06593  
 29 170.0058   2407.881697  x:  0.00835   0.00385   0.00000   0.00000   0.00000   0.00000   0.00000   0.00000   0.00000   0.00000   0.00387   0.00000   0.00000   0.00000   0.00712   0.01229   0.00353   0.01320   0.01475   0.00000   0.00000   0.02304   0.00461   0.02021   0.00000   0.00507   0.02055   0.00470   0.01411   0.06069   2.01550   1.20543  -0.07622   0.03328  
 30 1049.0132   2404.673709  x:  0.00826   0.00496   0.00000   0.00000   0.00000   0.00000   0.00000   0.00000   0.00000   0.00000   0.00497   0.00000   0.00000   0.00000   0.00706   0.01015   0.00243   0.01332   0.01736   0.00000   0.00000   0.02500   0.00455   0.02009   0.00000   0.00539   0.02155   0.00462   0.01357   0.06543   2.01684   1.21129  -0.08209   0.00000  
 31 1962.0976   2404.191880  x:  0.00827   0.00466   0.00000   0.00000   0.00000   0.00000   0.00000   0.00000   0.00000   0.00000   0.00463   0.00000   0.00000   0.00000   0.00681   0.00972   0.00112   0.01305   0.01551   0.00000   0.00000   0.02352   0.00425   0.02012   0.00000   0.00502   0.02106   0.00463   0.01389   0.06207   2.01580   1.20674  -0.07753   0.00000  
 32 11.2805   2402.555992  x:  0.00823   0.00500   0.00000   0.00000   0.00000   0.00000   0.00000   0.00000   0.00000   0.00000   0.00484   0.00000   0.00000   0.00000   0.00325   0.00510   0.00182   0.01220   0.01179   0.00000   0.00000   0.02041   0.00371   0.02011   0.00000   0.00419   0.02062   0.00459   0.01455   0.05529   2.01346   1.19640  -0.06719   0.00000  
 33 1010.0941   2402.352838  x:  0.00818   0.00487   0.00000   0.00000   0.00000   0.00000   0.00000   0.00000   0.00000   0.00000   0.00494   0.00000   0.00000   0.00000   0.00321   0.00469   0.00172   0.01197   0.01165   0.00000   0.00000   0.02058   0.00544   0.02055   0.00000   0.00418   0.02240   0.00453   0.01586   0.05560   2.01358   1.19693  -0.06772   0.00000  
 34 136.0013   2402.129539  x:  0.00808   0.00489   0.00000   0.00000   0.00000   0.00000   0.00000   0.00000   0.00000   0.00000   0.00491   0.00000   0.00000   0.00000   0.00302   0.00503   0.00174   0.01168   0.01166   0.00000   0.00000   0.02108   0.00428   0.02139   0.00000   0.00425   0.02566   0.00444   0.01794   0.05670   2.01412   1.19935  -0.07014   0.00000  
 35 182.6227   2401.816850  x:  0.00813   0.00554   0.00000   0.00000   0.00000   0.00000   0.00000   0.00000   0.00000   0.00000   0.00400   0.00000   0.00000   0.00000   0.00285   0.00497   0.00169   0.01393   0.01070   0.00000   0.00000   0.02026   0.00436   0.02238   0.00000   0.00415   0.02843   0.00449   0.01534   0.05677   2.01738   1.21424  -0.08503   0.00000  
 36 76.9531   2401.343997  x:  0.00815   0.00355   0.00000   0.00000   0.00000   0.00000   0.00000   0.00000   0.00000   0.00000   0.00593   0.00000   0.00000   0.00000   0.00268   0.00490   0.00164   0.01457   0.01036   0.00000   0.00000   0.01937   0.00419   0.02293   0.00000   0.00412   0.02995   0.00451   0.01353   0.05706   2.02267   1.23844  -0.10923   0.00000  
 37 749.2123   2394.052359  x:  0.00790   0.00609   0.00000   0.00000   0.00000   0.00000   0.00000   0.00000   0.00000   0.00000   0.00582   0.00000   0.00000   0.00000   0.00233   0.00360   0.00119   0.00647   0.01518   0.00000   0.00000   0.01241   0.00400   0.02291   0.00000   0.00468   0.03096   0.00426   0.01083   0.06372   2.10288   1.60525  -0.47605   0.00000  
 38 2066.3273   2391.082308  x:  0.00776   0.00651   0.00000   0.00000   0.00000   0.00000   0.00000   0.00000   0.00000   0.00000   0.00665   0.00000   0.00000   0.00000   0.00228   0.00186   0.00091   0.01205   0.01637   0.00000   0.00000   0.01646   0.00345   0.02116   0.00000   0.00478   0.02877   0.00412   0.01420   0.06578   2.13986   1.77416  -0.64495   0.00000  
 39 8585.5815   2390.816988  x:  0.00781   0.00635   0.00000   0.00000   0.00000   0.00000   0.00000   0.00000   0.00000   0.00000   0.00634   0.00000   0.00000   0.00000   0.00213   0.00177   0.00088   0.01058   0.01482   0.00000   0.00000   0.01983   0.00343   0.01946   0.00000   0.00462   0.02947   0.00417   0.01309   0.06512   2.14319   1.78875  -0.65954   0.00000  
 40 529.0254   2390.811411  x:  0.00781   0.00634   0.00000   0.00000   0.00000   0.00000   0.00000   0.00000   0.00000   0.00000   0.00634   0.00000   0.00000   0.00000   0.00213   0.00180   0.00088   0.01066   0.01480   0.00000   0.00000   0.01964   0.00343   0.01885   0.00000   0.00462   0.02962   0.00416   0.01314   0.06514   2.14345   1.78899  -0.65978   0.00000  
 41 13.0889   2385.024000  x:  0.00779   0.00540   0.00000   0.00000   0.00000   0.00000   0.00000   0.00000   0.00000   0.00000   0.00555   0.00000   0.00000   0.00000   0.00233   0.00675   0.00143   0.01193   0.00959   0.00000   0.00000   0.02626   0.00464   0.02400   0.00000   0.00374   0.02327   0.00418   0.01681   0.05406   3.02693   2.02839  -0.89919   0.00000  
 42  5.8484   2383.141399  x:  0.00740   0.00484   0.00000   0.00000   0.00000   0.00000   0.00000   0.00000   0.00000   0.00000   0.00495   0.00000   0.00000   0.00000   0.00155   0.00659   0.00197   0.01165   0.00725   0.00000   0.00000   0.02157   0.00466   0.02139   0.00000   0.00359   0.02228   0.00388   0.01831   0.04077   2.43195   2.15863  -1.02943   0.00000  
 43  0.6993   2383.093597  x:  0.00739   0.00482   0.00000   0.00000   0.00000   0.00000   0.00000   0.00000   0.00000   0.00000   0.00493   0.00000   0.00000   0.00000   0.00152   0.00659   0.00199   0.01164   0.00716   0.00000   0.00000   0.02139   0.00467   0.02129   0.00000   0.00358   0.02224   0.00386   0.01837   0.04026   2.40914   2.16363  -1.03443   0.00346  
 44 200.8042   2382.724691  x:  0.00715   0.00473   0.00000   0.00000   0.00000   0.00000   0.00000   0.00000   0.00000   0.00000   0.00481   0.00000   0.00000   0.00000   0.00272   0.00670   0.00217   0.01182   0.00895   0.00000   0.00000   0.01987   0.00471   0.02057   0.00000   0.00401   0.02263   0.00367   0.01830   0.04008   2.20108   2.22592  -1.09671   0.00624  
 45  0.5962   2382.451431  x:  0.00677   0.00449   0.00000   0.00000   0.00000   0.00000   0.00000   0.00000   0.00000   0.00000   0.00445   0.00000   0.00000   0.00000   0.00253   0.00656   0.00240   0.01171   0.00972   0.00000   0.00000   0.01728   0.00457   0.01968   0.00000   0.00456   0.02296   0.00329   0.01829   0.04122   2.46401   2.28185  -1.15263   0.00906  
 46  0.3381   2382.251270  x:  0.00642   0.00453   0.00000   0.00000   0.00000   0.00000   0.00000   0.00000   0.00000   0.00000   0.00449   0.00000   0.00000   0.00000   0.00194   0.00704   0.00245   0.01151   0.00967   0.00000   0.00000   0.01752   0.00450   0.02042   0.00000   0.00501   0.02340   0.00287   0.01759   0.04438   2.33345   2.41527  -1.28601   0.01443  
 47  0.1806   2382.030903  x:  0.00641   0.00422   0.00000   0.00000   0.00000   0.00000   0.00000   0.00000   0.00000   0.00000   0.00423   0.00000   0.00000   0.00000   0.00251   0.00749   0.00236   0.01085   0.00813   0.00000   0.00000   0.01826   0.00445   0.02086   0.00000   0.00507   0.02294   0.00264   0.01691   0.04263   2.40848   2.59779  -1.46848   0.01999  
 48  0.2221   2381.833401  x:  0.00704   0.00456   0.00000   0.00000   0.00000   0.00000   0.00000   0.00000   0.00000   0.00000   0.00472   0.00000   0.00000   0.00000   0.00209   0.00781   0.00229   0.01102   0.00930   0.00000   0.00000   0.01829   0.00461   0.02096   0.00000   0.00495   0.02176   0.00283   0.01704   0.03961   2.43797   2.79251  -1.66313   0.02286  
 49  0.1904   2381.623830  x:  0.00776   0.00477   0.00000   0.00000   0.00000   0.00000   0.00000   0.00000   0.00000   0.00000   0.00483   0.00000   0.00000   0.00000   0.00229   0.00775   0.00219   0.01135   0.00895   0.00000   0.00000   0.01797   0.00462   0.01974   0.00000   0.00449   0.02402   0.00267   0.01775   0.04257   2.42364   3.05662  -1.92708   0.02277  
 50  0.1591   2381.518443  x:  0.00797   0.00460   0.00000   0.00000   0.00000   0.00000   0.00000   0.00000   0.00000   0.00000   0.00451   0.00000   0.00000   0.00000   0.00227   0.00775   0.00224   0.01120   0.00889   0.00000   0.00000   0.01774   0.00452   0.02012   0.00000   0.00449   0.02243   0.00206   0.01794   0.04252   2.40126   3.37804  -2.24836   0.02753  
 51  0.2541   2381.441349  x:  0.00838   0.00438   0.00000   0.00000   0.00000   0.00000   0.00000   0.00000   0.00000   0.00000   0.00430   0.00000   0.00000   0.00000   0.00224   0.00730   0.00228   0.01127   0.00903   0.00000   0.00000   0.01819   0.00448   0.02074   0.00000   0.00437   0.02180   0.00158   0.01781   0.04157   2.41891   3.57755  -2.44772   0.02484  
 52  0.1896   2381.387254  x:  0.00908   0.00430   0.00000   0.00000   0.00000   0.00000   0.00000   0.00000   0.00000   0.00000   0.00442   0.00000   0.00000   0.00000   0.00220   0.00693   0.00232   0.01145   0.00916   0.00000   0.00000   0.01829   0.00456   0.02069   0.00000   0.00437   0.02329   0.00092   0.01740   0.04150   2.40667   3.95143  -2.82139   0.02715  
 53  0.3253   2381.362522  x:  0.00970   0.00450   0.00000   0.00000   0.00000   0.00000   0.00000   0.00000   0.00000   0.00000   0.00452   0.00000   0.00000   0.00000   0.00226   0.00652   0.00227   0.01136   0.00908   0.00000   0.00000   0.01821   0.00458   0.02029   0.00000   0.00447   0.02270   0.00023   0.01762   0.04234   2.39851   4.22106  -3.09084   0.02666  
 54  0.2030   2381.357474  x:  0.00994   0.00451   0.00000   0.00000   0.00000   0.00000   0.00000   0.00000   0.00000   0.00000   0.00452   0.00000   0.00000   0.00000   0.00225   0.00651   0.00225   0.01135   0.00905   0.00000   0.00000   0.01823   0.00454   0.02041   0.00000   0.00452   0.02272   0.00000   0.01760   0.04202   2.40248   4.30623  -3.17595   0.02677  
 55  0.1389   2381.357473  x:  0.00993   0.00451   0.00000   0.00000   0.00000   0.00000   0.00000   0.00000   0.00000   0.00000   0.00452   0.00000   0.00000   0.00000   0.00225   0.00651   0.00225   0.01135   0.00905   0.00000   0.00000   0.01823   0.00454   0.02041   0.00000   0.00452   0.02272   0.00000   0.01760   0.04202   2.40249   4.30634  -3.17606   0.02677  
 56  1.8846   2381.350157  x:  0.00992   0.00452   0.00000   0.00000   0.00000   0.00000   0.00000   0.00000   0.00000   0.00000   0.00454   0.00000   0.00000   0.00000   0.00224   0.00657   0.00218   0.01136   0.00899   0.00000   0.00000   0.01828   0.00450   0.02064   0.00000   0.00467   0.02278   0.00000   0.01757   0.04145   2.41141   4.61251  -3.48204   0.02696  
 57  0.4228   2381.350146  x:  0.00992   0.00452   0.00000   0.00000   0.00000   0.00000   0.00000   0.00000   0.00000   0.00000   0.00454   0.00000   0.00000   0.00000   0.00224   0.00657   0.00218   0.01136   0.00899   0.00000   0.00000   0.01828   0.00450   0.02064   0.00000   0.00467   0.02278   0.00003   0.01757   0.04145   2.41141   4.61268  -3.48221   0.02696  
 58  9.2806   2381.348355  x:  0.00994   0.00452   0.00000   0.00000   0.00000   0.00000   0.00000   0.00000   0.00000   0.00000   0.00454   0.00000   0.00000   0.00000   0.00224   0.00659   0.00218   0.01136   0.00899   0.00000   0.00000   0.01826   0.00451   0.02061   0.00000   0.00467   0.02278   0.00000   0.01758   0.04152   2.41037   4.66183  -3.53133   0.02694  
 59  0.1341   2381.341454  x:  0.01021   0.00451   0.00000   0.00000   0.00000   0.00000   0.00000   0.00000   0.00000   0.00000   0.00453   0.00000   0.00000   0.00000   0.00228   0.00680   0.00225   0.01136   0.00906   0.00000   0.00000   0.01821   0.00457   0.02043   0.00000   0.00463   0.02278   0.00000   0.01761   0.04192   2.40474   5.09278  -3.96199   0.02687  
 60  0.6372   2381.338718  x:  0.00991   0.00448   0.00000   0.00000   0.00000   0.00000   0.00000   0.00000   0.00000   0.00000   0.00450   0.00000   0.00000   0.00000   0.00223   0.00685   0.00225   0.01133   0.00904   0.00000   0.00000   0.01815   0.00454   0.02036   0.00000   0.00458   0.02276   0.00000   0.01762   0.04196   2.40242   5.29704  -4.16611   0.02681  
 61  0.3812   2381.338661  x:  0.00985   0.00447   0.00000   0.00000   0.00000   0.00000   0.00000   0.00000   0.00000   0.00000   0.00449   0.00000   0.00000   0.00000   0.00222   0.00686   0.00225   0.01132   0.00903   0.00000   0.00000   0.01814   0.00453   0.02035   0.00000   0.00457   0.02275   0.00010   0.01762   0.04197   2.40195   5.33832  -4.20736   0.02679  
 62 719.6025   2381.336979  x:  0.00966   0.00450   0.00000   0.00000   0.00000   0.00000   0.00000   0.00000   0.00000   0.00000   0.00452   0.00000   0.00000   0.00000   0.00224   0.00681   0.00223   0.01133   0.00903   0.00000   0.00000   0.01825   0.00454   0.02052   0.00000   0.00454   0.02275   0.00030   0.01754   0.04181   2.41078   5.82812  -4.69683   0.02695  
 63  0.2293   2381.336371  x:  0.00952   0.00449   0.00000   0.00000   0.00000   0.00000   0.00000   0.00000   0.00000   0.00000   0.00452   0.00000   0.00000   0.00000   0.00225   0.00677   0.00224   0.01133   0.00904   0.00000   0.00000   0.01815   0.00454   0.02044   0.00000   0.00455   0.02278   0.00042   0.01759   0.04181   2.40391   6.14184  -5.01034   0.02681  
 64  0.2147   2381.336065  x:  0.00935   0.00450   0.00000   0.00000   0.00000   0.00000   0.00000   0.00000   0.00000   0.00000   0.00451   0.00000   0.00000   0.00000   0.00225   0.00679   0.00225   0.01133   0.00905   0.00000   0.00000   0.01822   0.00454   0.02045   0.00000   0.00457   0.02274   0.00060   0.01760   0.04193   2.40542   6.54357  -5.41180   0.02692  
 65  0.2478   2381.335919  x:  0.00917   0.00450   0.00000   0.00000   0.00000   0.00000   0.00000   0.00000   0.00000   0.00000   0.00452   0.00000   0.00000   0.00000   0.00225   0.00680   0.00225   0.01135   0.00903   0.00000   0.00000   0.01819   0.00455   0.02046   0.00000   0.00457   0.02277   0.00078   0.01759   0.04183   2.40598   6.91487  -5.78285   0.02683  
 66  0.2451   2381.335850  x:  0.00893   0.00450   0.00000   0.00000   0.00000   0.00000   0.00000   0.00000   0.00000   0.00000   0.00452   0.00000   0.00000   0.00000   0.00225   0.00680   0.00225   0.01133   0.00904   0.00000   0.00000   0.01819   0.00454   0.02044   0.00000   0.00457   0.02275   0.00102   0.01760   0.04187   2.40520   7.37353  -6.24119   0.02690  
 67  0.2450   2381.335822  x:  0.00875   0.00450   0.00000   0.00000   0.00000   0.00000   0.00000   0.00000   0.00000   0.00000   0.00452   0.00000   0.00000   0.00000   0.00225   0.00679   0.00225   0.01134   0.00904   0.00000   0.00000   0.01820   0.00454   0.02046   0.00000   0.00457   0.02276   0.00119   0.01759   0.04186   2.40589   7.73201  -6.59943   0.02685  
 68  0.2456   2381.335808  x:  0.00850   0.00450   0.00000   0.00000   0.00000   0.00000   0.00000   0.00000   0.00000   0.00000   0.00452   0.00000   0.00000   0.00000   0.00225   0.00679   0.00225   0.01134   0.00904   0.00000   0.00000   0.01819   0.00454   0.02045   0.00000   0.00457   0.02276   0.00145   0.01759   0.04185   2.40537   8.22235  -7.08943   0.02689  
 69  0.2580   2381.335803  x:  0.00834   0.00450   0.00000   0.00000   0.00000   0.00000   0.00000   0.00000   0.00000   0.00000   0.00452   0.00000   0.00000   0.00000   0.00225   0.00679   0.00225   0.01134   0.00904   0.00000   0.00000   0.01820   0.00454   0.02045   0.00000   0.00457   0.02276   0.00160   0.01759   0.04186   2.40567   8.54233  -7.40919   0.02686  
 70  0.2346   2381.335800  x:  0.00809   0.00450   0.00000   0.00000   0.00000   0.00000   0.00000   0.00000   0.00000   0.00000   0.00452   0.00000   0.00000   0.00000   0.00225   0.00679   0.00225   0.01134   0.00904   0.00000   0.00000   0.01820   0.00454   0.02045   0.00000   0.00457   0.02276   0.00186   0.01759   0.04186   2.40560   9.05568  -7.92219   0.02687  
 71  0.2497   2381.335799  x:  0.00783   0.00450   0.00000   0.00000   0.00000   0.00000   0.00000   0.00000   0.00000   0.00000   0.00452   0.00000   0.00000   0.00000   0.00225   0.00679   0.00225   0.01134   0.00904   0.00000   0.00000   0.01820   0.00454   0.02045   0.00000   0.00457   0.02276   0.00212   0.01759   0.04186   2.40561   9.56114  -8.42732   0.02687  
 72  0.2775   2381.335799  x:  0.00776   0.00450   0.00000   0.00000   0.00000   0.00000   0.00000   0.00000   0.00000   0.00000   0.00452   0.00000   0.00000   0.00000   0.00225   0.00679   0.00225   0.01134   0.00904   0.00000   0.00000   0.01820   0.00454   0.02045   0.00000   0.00457   0.02276   0.00219   0.01759   0.04186   2.40561   9.70423  -8.57030   0.02687  
 73  0.1652   2381.335799  x:  0.00750   0.00450   0.00000   0.00000   0.00000   0.00000   0.00000   0.00000   0.00000   0.00000   0.00452   0.00000   0.00000   0.00000   0.00225   0.00679   0.00225   0.01134   0.00904   0.00000   0.00000   0.01820   0.00454   0.02045   0.00000   0.00457   0.02276   0.00244   0.01759   0.04186   2.40561  10.21813  -9.08385   0.02687  
 74  0.3203   2381.335798  x:  0.00720   0.00450   0.00000   0.00000   0.00000   0.00000   0.00000   0.00000   0.00000   0.00000   0.00452   0.00000   0.00000   0.00000   0.00225   0.00679   0.00225   0.01134   0.00904   0.00000   0.00000   0.01820   0.00454   0.02045   0.00000   0.00457   0.02276   0.00274   0.01759   0.04186   2.40561  10.80905  -9.67437   0.02687  
 75  0.2163   2381.335798  x:  0.00721   0.00450   0.00000   0.00000   0.00000   0.00000   0.00000   0.00000   0.00000   0.00000   0.00452   0.00000   0.00000   0.00000   0.00225   0.00679   0.00225   0.01134   0.00904   0.00000   0.00000   0.01820   0.00454   0.02045   0.00000   0.00457   0.02276   0.00274   0.01759   0.04186   2.40561  10.79636  -9.66169   0.02687  
 76  0.0606   2381.335798  x:  0.00721   0.00450   0.00000   0.00000   0.00000   0.00000   0.00000   0.00000   0.00000   0.00000   0.00452   0.00000   0.00000   0.00000   0.00225   0.00679   0.00225   0.01134   0.00904   0.00000   0.00000   0.01820   0.00454   0.02045   0.00000   0.00457   0.02276   0.00274   0.01759   0.04186   2.40561  10.79715  -9.66248   0.02687  
 77  0.0271   2381.335798  x:  0.00718   0.00450   0.00000   0.00000   0.00000   0.00000   0.00000   0.00000   0.00000   0.00000   0.00452   0.00000   0.00000   0.00000   0.00225   0.00679   0.00225   0.01134   0.00904   0.00000   0.00000   0.01820   0.00454   0.02045   0.00000   0.00457   0.02276   0.00277   0.01759   0.04186   2.40561  10.85664  -9.72193   0.02687  
 78  0.6981   2381.335798  x:  0.00718   0.00450   0.00000   0.00000   0.00000   0.00000   0.00000   0.00000   0.00000   0.00000   0.00452   0.00000   0.00000   0.00000   0.00225   0.00679   0.00225   0.01134   0.00904   0.00000   0.00000   0.01820   0.00454   0.02045   0.00000   0.00457   0.02276   0.00277   0.01759   0.04186   2.40561  10.85664  -9.72193   0.02687  
 79  0.2508   2381.335798  x:  0.00718   0.00450   0.00000   0.00000   0.00000   0.00000   0.00000   0.00000   0.00000   0.00000   0.00452   0.00000   0.00000   0.00000   0.00225   0.00679   0.00225   0.01134   0.00904   0.00000   0.00000   0.01820   0.00454   0.02045   0.00000   0.00457   0.02276   0.00277   0.01759   0.04186   2.40561  10.85664  -9.72193   0.02687  
check convergence!
