

TREE # 1

  0  0.0000    243.642387  x:  0.00000   0.01420   0.05731   0.02697   0.06676   0.06551   0.03217   0.03821   0.06516   0.01896   0.04901   0.02449   0.02300   0.01581   0.01857   0.06707   0.06262   0.02508   0.04745   0.03258   0.06906   0.04363   0.01211   0.01899   0.00891   0.06693   0.03991   0.04088   0.07218   0.04882   2.00000   1.09989   0.02896   0.27919   2.57308  
  1 99.0000    243.641558  x:  0.00000   0.01420   0.05730   0.02697   0.06676   0.06551   0.03217   0.03821   0.06516   0.01896   0.04901   0.02449   0.02300   0.01581   0.01857   0.06707   0.06262   0.02508   0.04745   0.03258   0.06906   0.04363   0.01211   0.01899   0.00891   0.06693   0.03991   0.04088   0.07218   0.04882   2.00000   1.09989   0.02896   0.27919   2.57308  
  2 189.8801    235.344002  x:  0.00000   0.00531   0.04856   0.02688   0.05811   0.05681   0.02287   0.02935   0.05636   0.01006   0.04017   0.01560   0.01410   0.00692   0.00968   0.06217   0.05787   0.01635   0.03870   0.02372   0.06029   0.04074   0.00330   0.01010   0.00000   0.05815   0.03107   0.03226   0.06348   0.05521   2.00020   1.10008   0.02878   0.27518   2.57308  
  3 17800.0400    232.078405  x:  0.00000   0.00189   0.04533   0.02737   0.05514   0.05357   0.01899   0.02594   0.05296   0.00664   0.03676   0.01219   0.01067   0.00369   0.00645   0.05769   0.05301   0.01326   0.03547   0.02029   0.05704   0.03649   0.00000   0.00667   0.00000   0.05474   0.02765   0.02895   0.05979   0.05478   1.99998   1.09941   0.02950   0.26287   2.57307  
  4 462.0105    230.431502  x:  0.00000   0.00000   0.04358   0.02666   0.05361   0.05187   0.01665   0.02407   0.05110   0.00476   0.03490   0.01031   0.00879   0.00195   0.00469   0.05667   0.05220   0.01160   0.03371   0.01841   0.05528   0.03857   0.00000   0.00477   0.00000   0.05287   0.02577   0.02705   0.05756   0.05465   1.99981   1.09906   0.02988   0.25463   2.57307  
  5 697.2595    228.744370  x:  0.00000   0.00000   0.04165   0.02885   0.05201   0.05009   0.01364   0.02202   0.04908   0.00269   0.03286   0.00825   0.00671   0.00000   0.00274   0.05792   0.05396   0.00983   0.03178   0.01631   0.05336   0.03908   0.00000   0.00267   0.00000   0.05081   0.02369   0.02474   0.05477   0.05463   1.99960   1.09892   0.03006   0.24553   2.57307  
  6 864.1683    226.689761  x:  0.00000   0.00000   0.03920   0.02714   0.04999   0.04792   0.00914   0.01947   0.04660   0.00010   0.03033   0.00567   0.00411   0.00000   0.00024   0.06092   0.05737   0.00754   0.02932   0.01368   0.05102   0.03736   0.00000   0.00000   0.00000   0.04826   0.02108   0.02150   0.05079   0.05460   1.99932   1.09911   0.02990   0.23436   2.57307  
  7 1085.0309    226.604992  x:  0.00000   0.00000   0.03911   0.02714   0.04990   0.04785   0.00882   0.01939   0.04652   0.00000   0.03025   0.00558   0.00402   0.00000   0.00014   0.06097   0.05734   0.00746   0.02923   0.01358   0.05095   0.03736   0.00000   0.00000   0.00000   0.04818   0.02099   0.02131   0.05054   0.05462   1.99931   1.09920   0.02981   0.23405   2.57307  
  8 273.0918    226.502365  x:  0.00000   0.00000   0.03899   0.02714   0.04979   0.04774   0.00850   0.01927   0.04641   0.00000   0.03013   0.00546   0.00390   0.00000   0.00000   0.06131   0.05709   0.00735   0.02910   0.01345   0.05085   0.03735   0.00000   0.00000   0.00000   0.04806   0.02086   0.02110   0.05025   0.05466   1.99929   1.09933   0.02968   0.23364   2.57307  
  9 688.1158    224.420023  x:  0.00000   0.00000   0.03512   0.02712   0.04571   0.04434   0.01361   0.01545   0.04275   0.00000   0.02640   0.00158   0.00000   0.00000   0.00000   0.06116   0.05652   0.00379   0.02519   0.00936   0.04672   0.03695   0.00000   0.00000   0.00000   0.04421   0.01686   0.02164   0.04695   0.05589   1.99887   1.10676   0.02292   0.22588   2.57288  
 10 75.5365    223.541060  x:  0.00000   0.00000   0.03369   0.02710   0.04438   0.04313   0.01379   0.01389   0.04123   0.00000   0.02485   0.00000   0.00000   0.00000   0.00000   0.06103   0.05628   0.00262   0.02374   0.00769   0.04493   0.03675   0.00000   0.00000   0.00000   0.04263   0.01523   0.02205   0.04495   0.05657   1.99861   1.11066   0.01928   0.22126   2.57280  
 11 497.8957    221.758599  x:  0.00000   0.00000   0.03026   0.02711   0.04120   0.04057   0.01137   0.01041   0.03797   0.00000   0.02147   0.00000   0.00000   0.00000   0.00000   0.06106   0.05596   0.00000   0.02024   0.00382   0.04080   0.03648   0.00000   0.00000   0.00000   0.03910   0.01148   0.02309   0.04381   0.05743   1.99805   1.11887   0.01147   0.21277   2.57265  
 12 250.9051    219.902152  x:  0.00000   0.00000   0.02746   0.02722   0.03889   0.03864   0.01093   0.00693   0.03469   0.00000   0.01811   0.00000   0.00000   0.00000   0.00000   0.06111   0.05550   0.00000   0.01737   0.00000   0.03675   0.03615   0.00000   0.00000   0.00000   0.03559   0.00777   0.01966   0.03925   0.05865   1.99722   1.13071   0.00026   0.20075   2.57245  
 13 333.6399    216.483509  x:  0.00000   0.00000   0.02190   0.02743   0.03493   0.03497   0.01087   0.00000   0.02825   0.00000   0.01145   0.00000   0.00000   0.00000   0.00000   0.06124   0.05462   0.00000   0.01163   0.00000   0.02868   0.03550   0.00000   0.00000   0.00000   0.02861   0.00034   0.01175   0.02896   0.06102   1.99560   1.15378  -0.02156   0.17754   2.57204  
 14 13137.1590    216.335765  x:  0.00000   0.00000   0.02169   0.02744   0.03478   0.03480   0.01079   0.00000   0.02794   0.00000   0.01114   0.00000   0.00000   0.00000   0.00000   0.06125   0.05457   0.00000   0.01142   0.00000   0.02831   0.03547   0.00000   0.00000   0.00000   0.02828   0.00000   0.01142   0.02849   0.06115   1.99549   1.15511  -0.02282   0.17622   2.57202  
 15 368.3685    211.516819  x:  0.00000   0.00000   0.01398   0.02783   0.02930   0.02881   0.00782   0.00000   0.01700   0.00000   0.00000   0.00000   0.00000   0.00000   0.00000   0.06158   0.05277   0.00000   0.00342   0.00000   0.01477   0.03423   0.00000   0.00000   0.00000   0.01642   0.00000   0.00002   0.01210   0.06557   1.99163   1.20328  -0.06841   0.12971   2.57118  
 16 14057.9441    211.502809  x:  0.00000   0.00000   0.01399   0.02783   0.02927   0.02874   0.00778   0.00000   0.01692   0.00000   0.00000   0.00000   0.00000   0.00000   0.00000   0.06158   0.05276   0.00000   0.00344   0.00000   0.01475   0.03422   0.00000   0.00000   0.00000   0.01638   0.00000   0.00000   0.01207   0.06559   1.99160   1.20338  -0.06849   0.12957   2.57117  
 17 26.7720    209.039752  x:  0.00000   0.00000   0.01851   0.02818   0.02225   0.01383   0.00058   0.00000   0.00000   0.00000   0.00000   0.00000   0.00000   0.00000   0.00000   0.06161   0.05143   0.00000   0.00972   0.00000   0.01088   0.03321   0.00000   0.00000   0.00000   0.00796   0.00000   0.00000   0.00637   0.06881   1.98771   1.22050  -0.08284   0.10534   2.57039  
 18 1551.7659    208.905788  x:  0.00000   0.00000   0.01881   0.02821   0.02186   0.01282   0.00000   0.00000   0.00000   0.00000   0.00000   0.00000   0.00000   0.00000   0.00000   0.06161   0.05131   0.00000   0.01016   0.00000   0.01062   0.03312   0.00000   0.00000   0.00000   0.00736   0.00000   0.00000   0.00590   0.06907   1.98739   1.22192  -0.08403   0.10337   2.57033  
 19 1655.7126    207.531700  x:  0.00000   0.00000   0.02090   0.02858   0.01783   0.00128   0.00000   0.00000   0.00000   0.00000   0.00000   0.00000   0.00000   0.00000   0.00000   0.06160   0.04999   0.00000   0.01390   0.00000   0.00709   0.03219   0.00000   0.00000   0.00000   0.00021   0.00000   0.00000   0.00000   0.07195   1.98386   1.23574  -0.09520   0.08248   2.56957  
 20 1830.5890    207.531700  x:  0.00000   0.00000   0.02090   0.02858   0.01783   0.00128   0.00000   0.00000   0.00000   0.00000   0.00000   0.00000   0.00000   0.00000   0.00000   0.06160   0.04999   0.00000   0.01390   0.00000   0.00709   0.03219   0.00000   0.00000   0.00000   0.00021   0.00000   0.00000   0.00000   0.07195   1.98386   1.23574  -0.09520   0.08248   2.56957  
 21 1902.2774    207.477277  x:  0.00000   0.00000   0.02069   0.02856   0.01762   0.00107   0.00000   0.00000   0.00000   0.00000   0.00000   0.00000   0.00000   0.00000   0.00000   0.06148   0.04989   0.00000   0.01369   0.00000   0.00688   0.03215   0.00000   0.00000   0.00000   0.00000   0.00000   0.00000   0.00000   0.07206   1.98386   1.23575  -0.09521   0.08241   2.56957  
 22 98.9726    207.237169  x:  0.00000   0.00000   0.01963   0.02849   0.01655   0.00000   0.00000   0.00000   0.00000   0.00000   0.00000   0.00000   0.00000   0.00000   0.00000   0.06087   0.04937   0.00000   0.01263   0.00000   0.00581   0.03195   0.00000   0.00000   0.00000   0.00000   0.00000   0.00000   0.00000   0.07269   1.98389   1.23579  -0.09525   0.08203   2.56957  
 23 56883.1337    206.199755  x:  0.00000   0.00000   0.01392   0.02930   0.01084   0.00000   0.00000   0.00000   0.00000   0.00000   0.00000   0.00000   0.00000   0.00000   0.00000   0.05798   0.04735   0.00000   0.00691   0.00000   0.00000   0.03276   0.00000   0.00000   0.00000   0.00000   0.00000   0.00000   0.00000   0.07449   1.98394   1.23602  -0.09548   0.07767   2.56957  
 24 161.6759    205.226430  x:  0.00000   0.00000   0.00702   0.02879   0.00401   0.00000   0.00000   0.00000   0.00000   0.00000   0.00000   0.00000   0.00000   0.00000   0.00000   0.05503   0.04536   0.00000   0.00000   0.00000   0.00000   0.03220   0.00000   0.00000   0.00000   0.00000   0.00000   0.00000   0.00000   0.07631   1.98399   1.23631  -0.09577   0.07249   2.56957  
 25 2523.8199    204.851984  x:  0.00000   0.00000   0.00274   0.02953   0.00000   0.00000   0.00000   0.00000   0.00000   0.00000   0.00000   0.00000   0.00000   0.00000   0.00000   0.05485   0.04517   0.00000   0.00000   0.00000   0.00000   0.03160   0.00000   0.00000   0.00000   0.00000   0.00000   0.00000   0.00000   0.07765   1.98405   1.23655  -0.09601   0.07001   2.56957  
 26 377.9434    204.716551  x:  0.00000   0.00000   0.00000   0.02928   0.00000   0.00000   0.00000   0.00000   0.00000   0.00000   0.00000   0.00000   0.00000   0.00000   0.00000   0.05480   0.04496   0.00000   0.00000   0.00000   0.00000   0.03193   0.00000   0.00000   0.00000   0.00000   0.00000   0.00000   0.00000   0.07833   1.98409   1.23672  -0.09618   0.06857   2.56957  
 27 292.7851    203.370055  x:  0.00000   0.00000   0.00000   0.03164   0.00000   0.00000   0.00000   0.00000   0.00000   0.00000   0.00000   0.00000   0.00000   0.00000   0.00000   0.03272   0.02308   0.00000   0.00000   0.00000   0.00000   0.02599   0.00000   0.00000   0.00000   0.00000   0.00000   0.00000   0.00000   0.07910   1.98747   1.24769  -0.10715   0.00000   2.56957  
 28 42.0734    203.312635  x:  0.00000   0.00000   0.00000   0.03146   0.00000   0.00000   0.00000   0.00000   0.00000   0.00000   0.00000   0.00000   0.00000   0.00000   0.00000   0.02483   0.02774   0.00000   0.00000   0.00000   0.00000   0.02565   0.00000   0.00000   0.00000   0.00000   0.00000   0.00000   0.00000   0.08018   1.98870   1.25098  -0.11044   0.00000   2.56957  
 29 12.5192    201.289564  x:  0.00000   0.00000   0.00000   0.02470   0.00000   0.00000   0.00000   0.00000   0.00000   0.00000   0.00000   0.00000   0.00000   0.00000   0.00000   0.01876   0.01386   0.00000   0.00000   0.00000   0.00000   0.01120   0.00000   0.00000   0.00000   0.00000   0.00000   0.00000   0.00000   0.11716   2.29402   1.97437  -0.83383   0.00000   2.56957  
 30  3.9755    201.034845  x:  0.00000   0.00000   0.00000   0.03052   0.00000   0.00000   0.00000   0.00000   0.00000   0.00000   0.00000   0.00000   0.00000   0.00000   0.00000   0.01606   0.01072   0.00000   0.00000   0.00000   0.00000   0.02107   0.00000   0.00000   0.00000   0.00000   0.00000   0.00000   0.00000   0.11907   2.35933   2.09687  -0.95633   0.00000   2.56957  
 31  6.0330    200.245860  x:  0.00000   0.00000   0.00000   0.02635   0.00000   0.00000   0.00000   0.00000   0.00000   0.00000   0.00000   0.00000   0.00000   0.00000   0.00000   0.02865   0.03051   0.00000   0.00000   0.00000   0.00000   0.03059   0.00000   0.00000   0.00000   0.00000   0.00000   0.00000   0.00000   0.12896   2.82829   2.44278  -1.30224   0.00000   2.56956  
 32  1.6502    200.156186  x:  0.00000   0.00000   0.00000   0.01811   0.00000   0.00000   0.00000   0.00000   0.00000   0.00000   0.00000   0.00000   0.00000   0.00000   0.00000   0.02696   0.02960   0.00000   0.00000   0.00000   0.00000   0.03092   0.00000   0.00000   0.00000   0.00000   0.00000   0.00000   0.00000   0.12138   2.95629   2.52061  -1.38007   0.00000   2.56956  
 33  0.4162    199.739983  x:  0.00000   0.00000   0.00000   0.02496   0.00000   0.00000   0.00000   0.00000   0.00000   0.00000   0.00000   0.00000   0.00000   0.00000   0.00000   0.01897   0.02557   0.00000   0.00000   0.00000   0.00000   0.02566   0.00000   0.00000   0.00000   0.00000   0.00000   0.00000   0.00000   0.09148   3.89755   3.04173  -1.90119   0.00000   2.56956  
 34  0.9366    199.643255  x:  0.00000   0.00000   0.00000   0.02544   0.00000   0.00000   0.00000   0.00000   0.00000   0.00000   0.00000   0.00000   0.00000   0.00000   0.00000   0.02776   0.02192   0.00000   0.00000   0.00000   0.00000   0.02387   0.00000   0.00000   0.00000   0.00000   0.00000   0.00000   0.00000   0.09551   4.28010   3.26616  -2.12562   0.00000   2.56956  
 35  0.4193    199.556658  x:  0.00000   0.00000   0.00000   0.02297   0.00000   0.00000   0.00000   0.00000   0.00000   0.00000   0.00000   0.00000   0.00000   0.00000   0.00000   0.02298   0.02391   0.00000   0.00000   0.00000   0.00000   0.02218   0.00000   0.00000   0.00000   0.00000   0.00000   0.00000   0.00000   0.10779   5.06772   3.74628  -2.60575   0.00000   2.56957  
 36  0.3743    199.532586  x:  0.00000   0.00000   0.00000   0.02238   0.00000   0.00000   0.00000   0.00000   0.00000   0.00000   0.00000   0.00000   0.00000   0.00000   0.00000   0.02336   0.02269   0.00000   0.00000   0.00000   0.00000   0.02231   0.00000   0.00000   0.00000   0.00000   0.00000   0.00000   0.00000   0.09833   5.61899   4.05443  -2.91390   0.00000   2.56957  
 37  0.3444    199.524913  x:  0.00000   0.00000   0.00000   0.02356   0.00000   0.00000   0.00000   0.00000   0.00000   0.00000   0.00000   0.00000   0.00000   0.00000   0.00000   0.02354   0.02375   0.00000   0.00000   0.00000   0.00000   0.02347   0.00000   0.00000   0.00000   0.00000   0.00000   0.00000   0.00000   0.10098   5.96509   4.27035  -3.12982   0.00000   2.56957  
 38  0.2400    199.524099  x:  0.00000   0.00000   0.00000   0.02307   0.00000   0.00000   0.00000   0.00000   0.00000   0.00000   0.00000   0.00000   0.00000   0.00000   0.00000   0.02342   0.02330   0.00000   0.00000   0.00000   0.00000   0.02348   0.00000   0.00000   0.00000   0.00000   0.00000   0.00000   0.00000   0.10043   6.12141   4.37651  -3.23599   0.00000   2.56957  
 39  0.1204    199.523726  x:  0.00000   0.00000   0.00000   0.02338   0.00000   0.00000   0.00000   0.00000   0.00000   0.00000   0.00000   0.00000   0.00000   0.00000   0.00000   0.02345   0.02307   0.00000   0.00000   0.00000   0.00000   0.02343   0.00000   0.00000   0.00000   0.00000   0.00000   0.00000   0.00000   0.10147   6.14495   4.43690  -3.29638   0.00000   2.56957  
 40  0.0195    199.521187  x:  0.00000   0.00000   0.00000   0.02338   0.00000   0.00000   0.00000   0.00000   0.00000   0.00000   0.00000   0.00000   0.00000   0.00000   0.00000   0.02320   0.02285   0.00000   0.00000   0.00000   0.00000   0.02359   0.00000   0.00000   0.00000   0.00000   0.00000   0.00000   0.00000   0.10096   5.97390   4.59232  -3.45182   0.00000   2.56958  
 41  0.0348    199.518787  x:  0.00000   0.00000   0.00000   0.02331   0.00000   0.00000   0.00000   0.00000   0.00000   0.00000   0.00000   0.00000   0.00000   0.00000   0.00000   0.02324   0.02291   0.00000   0.00000   0.00000   0.00000   0.02398   0.00000   0.00000   0.00000   0.00000   0.00000   0.00000   0.00000   0.10061   5.63518   4.99055  -3.85011   0.00000   2.56960  
 42  0.4620    199.517201  x:  0.00000   0.00000   0.00000   0.02316   0.00000   0.00000   0.00000   0.00000   0.00000   0.00000   0.00000   0.00000   0.00000   0.00000   0.00000   0.02354   0.02322   0.00000   0.00000   0.00000   0.00000   0.02376   0.00000   0.00000   0.00000   0.00000   0.00000   0.00000   0.00000   0.10100   5.88845   5.48446  -4.34407   0.00000   2.56962  
 43  0.2259    199.516583  x:  0.00000   0.00000   0.00000   0.02328   0.00000   0.00000   0.00000   0.00000   0.00000   0.00000   0.00000   0.00000   0.00000   0.00000   0.00000   0.02349   0.02341   0.00000   0.00000   0.00000   0.00000   0.02342   0.00000   0.00000   0.00000   0.00000   0.00000   0.00000   0.00000   0.10073   5.72945   5.87567  -4.73533   0.00000   2.56964  
 44  0.2733    199.516390  x:  0.00000   0.00000   0.00000   0.02317   0.00000   0.00000   0.00000   0.00000   0.00000   0.00000   0.00000   0.00000   0.00000   0.00000   0.00000   0.02352   0.02332   0.00000   0.00000   0.00000   0.00000   0.02338   0.00000   0.00000   0.00000   0.00000   0.00000   0.00000   0.00000   0.10075   5.81913   6.37713  -5.23684   0.00000   2.56966  
 45  0.2069    199.516287  x:  0.00000   0.00000   0.00000   0.02328   0.00000   0.00000   0.00000   0.00000   0.00000   0.00000   0.00000   0.00000   0.00000   0.00000   0.00000   0.02347   0.02334   0.00000   0.00000   0.00000   0.00000   0.02350   0.00000   0.00000   0.00000   0.00000   0.00000   0.00000   0.00000   0.10077   5.74964   6.77509  -5.63484   0.00000   2.56968  
 46  0.2418    199.516251  x:  0.00000   0.00000   0.00000   0.02322   0.00000   0.00000   0.00000   0.00000   0.00000   0.00000   0.00000   0.00000   0.00000   0.00000   0.00000   0.02348   0.02328   0.00000   0.00000   0.00000   0.00000   0.02352   0.00000   0.00000   0.00000   0.00000   0.00000   0.00000   0.00000   0.10075   5.78576   7.28963  -6.14944   0.00000   2.56970  
 47  0.2504    199.516237  x:  0.00000   0.00000   0.00000   0.02326   0.00000   0.00000   0.00000   0.00000   0.00000   0.00000   0.00000   0.00000   0.00000   0.00000   0.00000   0.02347   0.02333   0.00000   0.00000   0.00000   0.00000   0.02349   0.00000   0.00000   0.00000   0.00000   0.00000   0.00000   0.00000   0.10077   5.76053   7.70849  -6.56834   0.00000   2.56972  
 48  0.2397    199.516231  x:  0.00000   0.00000   0.00000   0.02323   0.00000   0.00000   0.00000   0.00000   0.00000   0.00000   0.00000   0.00000   0.00000   0.00000   0.00000   0.02349   0.02332   0.00000   0.00000   0.00000   0.00000   0.02349   0.00000   0.00000   0.00000   0.00000   0.00000   0.00000   0.00000   0.10075   5.77696   8.16840  -7.02830   0.00000   2.56973  
 49  0.2398    199.516229  x:  0.00000   0.00000   0.00000   0.02325   0.00000   0.00000   0.00000   0.00000   0.00000   0.00000   0.00000   0.00000   0.00000   0.00000   0.00000   0.02348   0.02332   0.00000   0.00000   0.00000   0.00000   0.02349   0.00000   0.00000   0.00000   0.00000   0.00000   0.00000   0.00000   0.10077   5.76607   8.59150  -7.45144   0.00000   2.56975  
 50  0.2404    199.516228  x:  0.00000   0.00000   0.00000   0.02324   0.00000   0.00000   0.00000   0.00000   0.00000   0.00000   0.00000   0.00000   0.00000   0.00000   0.00000   0.02348   0.02331   0.00000   0.00000   0.00000   0.00000   0.02350   0.00000   0.00000   0.00000   0.00000   0.00000   0.00000   0.00000   0.10076   5.77285   9.06313  -7.92313   0.00000   2.56977  
 51  0.2475    199.516227  x:  0.00000   0.00000   0.00000   0.02325   0.00000   0.00000   0.00000   0.00000   0.00000   0.00000   0.00000   0.00000   0.00000   0.00000   0.00000   0.02348   0.02332   0.00000   0.00000   0.00000   0.00000   0.02349   0.00000   0.00000   0.00000   0.00000   0.00000   0.00000   0.00000   0.10077   5.76851   9.47519  -8.33524   0.00000   2.56979  
 52  0.2423    199.516227  x:  0.00000   0.00000   0.00000   0.02324   0.00000   0.00000   0.00000   0.00000   0.00000   0.00000   0.00000   0.00000   0.00000   0.00000   0.00000   0.02348   0.02332   0.00000   0.00000   0.00000   0.00000   0.02350   0.00000   0.00000   0.00000   0.00000   0.00000   0.00000   0.00000   0.10076   5.77126   9.96277  -8.82287   0.00000   2.56981  
 53  0.2469    199.516227  x:  0.00000   0.00000   0.00000   0.02325   0.00000   0.00000   0.00000   0.00000   0.00000   0.00000   0.00000   0.00000   0.00000   0.00000   0.00000   0.02348   0.02332   0.00000   0.00000   0.00000   0.00000   0.02349   0.00000   0.00000   0.00000   0.00000   0.00000   0.00000   0.00000   0.10076   5.76948  10.35545  -9.21559   0.00000   2.56983  
 54  0.2411    199.516227  x:  0.00000   0.00000   0.00000   0.02325   0.00000   0.00000   0.00000   0.00000   0.00000   0.00000   0.00000   0.00000   0.00000   0.00000   0.00000   0.02348   0.02332   0.00000   0.00000   0.00000   0.00000   0.02350   0.00000   0.00000   0.00000   0.00000   0.00000   0.00000   0.00000   0.10076   5.77059  10.87084  -9.73103   0.00000   2.56985  
 55  0.2460    199.516227  x:  0.00000   0.00000   0.00000   0.02325   0.00000   0.00000   0.00000   0.00000   0.00000   0.00000   0.00000   0.00000   0.00000   0.00000   0.00000   0.02348   0.02332   0.00000   0.00000   0.00000   0.00000   0.02350   0.00000   0.00000   0.00000   0.00000   0.00000   0.00000   0.00000   0.10076   5.76988  11.22858  -10.08881   0.00000   2.56986  
 56  0.2366    199.516227  x:  0.00000   0.00000   0.00000   0.02325   0.00000   0.00000   0.00000   0.00000   0.00000   0.00000   0.00000   0.00000   0.00000   0.00000   0.00000   0.02348   0.02332   0.00000   0.00000   0.00000   0.00000   0.02350   0.00000   0.00000   0.00000   0.00000   0.00000   0.00000   0.00000   0.10076   5.77031  11.81646  -10.67676   0.00000   2.56989  
 57  0.2469    199.516227  x:  0.00000   0.00000   0.00000   0.02325   0.00000   0.00000   0.00000   0.00000   0.00000   0.00000   0.00000   0.00000   0.00000   0.00000   0.00000   0.02348   0.02332   0.00000   0.00000   0.00000   0.00000   0.02350   0.00000   0.00000   0.00000   0.00000   0.00000   0.00000   0.00000   0.10076   5.77004  12.08977  -10.95009   0.00000   2.56990  
 58  0.2150    199.516227  x:  0.00000   0.00000   0.00000   0.02325   0.00000   0.00000   0.00000   0.00000   0.00000   0.00000   0.00000   0.00000   0.00000   0.00000   0.00000   0.02348   0.02332   0.00000   0.00000   0.00000   0.00000   0.02350   0.00000   0.00000   0.00000   0.00000   0.00000   0.00000   0.00000   0.10076   5.77018  13.05214  -11.91257   0.00000   2.56994  
 59  0.2496    199.516227  x:  0.00000   0.00000   0.00000   0.02325   0.00000   0.00000   0.00000   0.00000   0.00000   0.00000   0.00000   0.00000   0.00000   0.00000   0.00000   0.02348   0.02332   0.00000   0.00000   0.00000   0.00000   0.02350   0.00000   0.00000   0.00000   0.00000   0.00000   0.00000   0.00000   0.10076   5.77011  13.11643  -11.97687   0.00000   2.56994  
 60  0.0864    199.516227  x:  0.00000   0.00000   0.00000   0.02325   0.00000   0.00000   0.00000   0.00000   0.00000   0.00000   0.00000   0.00000   0.00000   0.00000   0.00000   0.02348   0.02332   0.00000   0.00000   0.00000   0.00000   0.02350   0.00000   0.00000   0.00000   0.00000   0.00000   0.00000   0.00000   0.10076   5.77008  13.28951  -12.14996   0.00000   2.56995  
 61  0.2115    199.516227  x:  0.00000   0.00000   0.00000   0.02325   0.00000   0.00000   0.00000   0.00000   0.00000   0.00000   0.00000   0.00000   0.00000   0.00000   0.00000   0.02348   0.02332   0.00000   0.00000   0.00000   0.00000   0.02350   0.00000   0.00000   0.00000   0.00000   0.00000   0.00000   0.00000   0.10076   5.77012  13.70414  -12.56464   0.00000   2.56997  
 62  0.1160    199.516227  x:  0.00000   0.00000   0.00000   0.02325   0.00000   0.00000   0.00000   0.00000   0.00000   0.00000   0.00000   0.00000   0.00000   0.00000   0.00000   0.02348   0.02332   0.00000   0.00000   0.00000   0.00000   0.02350   0.00000   0.00000   0.00000   0.00000   0.00000   0.00000   0.00000   0.10076   5.77011  13.71718  -12.57768   0.00000   2.56997  
 63  0.0292    199.516227  x:  0.00000   0.00000   0.00000   0.02325   0.00000   0.00000   0.00000   0.00000   0.00000   0.00000   0.00000   0.00000   0.00000   0.00000   0.00000   0.02348   0.02332   0.00000   0.00000   0.00000   0.00000   0.02350   0.00000   0.00000   0.00000   0.00000   0.00000   0.00000   0.00000   0.10076   5.77011  13.73022  -12.59072   0.00000   2.56997  
 64  0.6560    199.516227  x:  0.00000   0.00000   0.00000   0.02325   0.00000   0.00000   0.00000   0.00000   0.00000   0.00000   0.00000   0.00000   0.00000   0.00000   0.00000   0.02348   0.02332   0.00000   0.00000   0.00000   0.00000   0.02350   0.00000   0.00000   0.00000   0.00000   0.00000   0.00000   0.00000   0.10076   5.77011  13.73024  -12.59074   0.00000   2.56997  
 65  0.0012    199.516227  x:  0.00000   0.00000   0.00000   0.02325   0.00000   0.00000   0.00000   0.00000   0.00000   0.00000   0.00000   0.00000   0.00000   0.00000   0.00000   0.02348   0.02332   0.00000   0.00000   0.00000   0.00000   0.02350   0.00000   0.00000   0.00000   0.00000   0.00000   0.00000   0.00000   0.10076   5.77011  13.73024  -12.59074   0.00000   2.56997  
 66  1.0599    199.516227  x:  0.00000   0.00000   0.00000   0.02325   0.00000   0.00000   0.00000   0.00000   0.00000   0.00000   0.00000   0.00000   0.00000   0.00000   0.00000   0.02348   0.02332   0.00000   0.00000   0.00000   0.00000   0.02350   0.00000   0.00000   0.00000   0.00000   0.00000   0.00000   0.00000   0.10076   5.77011  13.73047  -12.59097   0.00000   2.56997  
 67  0.3291    199.516227  x:  0.00000   0.00000   0.00000   0.02325   0.00000   0.00000   0.00000   0.00000   0.00000   0.00000   0.00000   0.00000   0.00000   0.00000   0.00000   0.02348   0.02332   0.00000   0.00000   0.00000   0.00000   0.02350   0.00000   0.00000   0.00000   0.00000   0.00000   0.00000   0.00000   0.10076   5.77011  13.73047  -12.59097   0.00000   2.56997  
 68  0.0018    199.516227  x:  0.00000   0.00000   0.00000   0.02325   0.00000   0.00000   0.00000   0.00000   0.00000   0.00000   0.00000   0.00000   0.00000   0.00000   0.00000   0.02348   0.02332   0.00000   0.00000   0.00000   0.00000   0.02350   0.00000   0.00000   0.00000   0.00000   0.00000   0.00000   0.00000   0.10076   5.77011  13.73047  -12.59097   0.00000   2.56997  
 69  0.0004    199.516227  x:  0.00000   0.00000   0.00000   0.02325   0.00000   0.00000   0.00000   0.00000   0.00000   0.00000   0.00000   0.00000   0.00000   0.00000   0.00000   0.02348   0.02332   0.00000   0.00000   0.00000   0.00000   0.02350   0.00000   0.00000   0.00000   0.00000   0.00000   0.00000   0.00000   0.10076   5.77011  13.73047  -12.59097   0.00000   2.56997  
check convergence!
