

TREE # 1

  0  0.0000    899.816595  x:  0.00000   0.01796   0.05923   0.01972   0.06945   0.06839   0.03360   0.03978   0.06776   0.02017   0.05303   0.02576   0.02414   0.01652   0.01953   0.06356   0.05898   0.02633   0.05582   0.03918   0.07217   0.04561   0.01669   0.02942   0.01139   0.07645   0.05683   0.04088   0.08418   0.04575   2.00000   1.09989   0.02896   0.27919  
  1 99.0000    899.814167  x:  0.00000   0.01796   0.05923   0.01972   0.06945   0.06839   0.03360   0.03977   0.06776   0.02016   0.05303   0.02576   0.02414   0.01652   0.01953   0.06356   0.05898   0.02633   0.05582   0.03918   0.07217   0.04561   0.01669   0.02942   0.01139   0.07645   0.05683   0.04088   0.08418   0.04575   2.00000   1.09989   0.02896   0.27919  
  2 510.3503    867.114686  x:  0.00000   0.01105   0.04292   0.00325   0.05316   0.05209   0.01612   0.02333   0.05141   0.00367   0.04040   0.00927   0.00765   0.00000   0.00301   0.05022   0.04583   0.00984   0.04897   0.03256   0.05779   0.04401   0.01628   0.02947   0.01096   0.06773   0.05676   0.02919   0.07465   0.04415   2.00045   1.10093   0.02793   0.26710  
  3 3578.6291    861.489962  x:  0.00000   0.00982   0.03995   0.00024   0.05019   0.04912   0.01294   0.02033   0.04843   0.00067   0.03810   0.00626   0.00464   0.00000   0.00000   0.04779   0.04343   0.00683   0.04773   0.03137   0.05518   0.04371   0.01621   0.02947   0.01088   0.06614   0.05675   0.02707   0.07292   0.04387   2.00053   1.10112   0.02774   0.26494  
  4 30716708.3853    861.073479  x:  0.00000   0.00979   0.03971   0.00000   0.04995   0.04889   0.01268   0.02009   0.04819   0.00043   0.03793   0.00602   0.00440   0.00000   0.00000   0.04761   0.04325   0.00659   0.04764   0.03128   0.05498   0.04368   0.01620   0.02947   0.01087   0.06601   0.05674   0.02693   0.07278   0.04385   2.00054   1.10113   0.02773   0.26471  
  5 34363.5307    860.417871  x:  0.00000   0.00968   0.03929   0.00000   0.04954   0.04847   0.01224   0.01967   0.04777   0.00000   0.03771   0.00560   0.00397   0.00000   0.00000   0.04733   0.04300   0.00617   0.04753   0.03121   0.05463   0.04370   0.01610   0.02945   0.01092   0.06584   0.05674   0.02673   0.07259   0.04382   2.00055   1.10114   0.02772   0.26432  
  6 16493.7302    854.899351  x:  0.00000   0.00850   0.03538   0.00000   0.04562   0.04455   0.00810   0.01571   0.04383   0.00000   0.03607   0.00163   0.00000   0.00000   0.00000   0.04513   0.04104   0.00220   0.04681   0.03053   0.05128   0.04415   0.01690   0.02952   0.01053   0.06445   0.05670   0.02465   0.07143   0.04345   2.00064   1.10124   0.02762   0.26081  
  7 12279.7713    852.862133  x:  0.00000   0.00836   0.03380   0.00000   0.04400   0.04294   0.00635   0.01409   0.04222   0.00000   0.03538   0.00000   0.00000   0.00000   0.00000   0.04442   0.04037   0.00058   0.04636   0.02968   0.04994   0.04355   0.01664   0.02963   0.01030   0.06405   0.05684   0.02382   0.07114   0.04325   2.00068   1.10136   0.02750   0.25969  
  8 3373.5073    852.190353  x:  0.00000   0.00838   0.03324   0.00000   0.04343   0.04237   0.00572   0.01352   0.04166   0.00000   0.03506   0.00000   0.00000   0.00000   0.00000   0.04414   0.04009   0.00000   0.04613   0.02947   0.04946   0.04346   0.01669   0.02957   0.01047   0.06387   0.05686   0.02353   0.07097   0.04324   2.00069   1.10140   0.02745   0.25926  
  9 5521.1716    846.722763  x:  0.00000   0.00863   0.02828   0.00000   0.03827   0.03721   0.00000   0.00837   0.03657   0.00000   0.03199   0.00000   0.00000   0.00000   0.00000   0.04139   0.03728   0.00000   0.04416   0.02902   0.04506   0.04390   0.01601   0.02926   0.00985   0.06192   0.05651   0.02131   0.06912   0.04282   2.00080   1.10187   0.02695   0.25553  
 10 6600.4927    839.489027  x:  0.00000   0.00946   0.02022   0.00000   0.02987   0.02880   0.00000   0.00000   0.02831   0.00000   0.02953   0.00000   0.00000   0.00000   0.00000   0.03712   0.03350   0.00000   0.04449   0.02766   0.03751   0.04439   0.01538   0.03289   0.01069   0.05884   0.05655   0.01793   0.06653   0.04194   2.00096   1.10257   0.02618   0.25018  
 11 2777.1780    824.401727  x:  0.00000   0.01095   0.00000   0.00000   0.00870   0.00763   0.00000   0.00000   0.00759   0.00000   0.02719   0.00000   0.00000   0.00000   0.00000   0.02802   0.02648   0.00000   0.04690   0.02237   0.01776   0.04390   0.01397   0.03050   0.01014   0.05234   0.05741   0.00895   0.06249   0.04091   2.00135   1.10409   0.02450   0.23671  
 12 3461.6555    820.065576  x:  0.00000   0.01195   0.00000   0.00000   0.00108   0.00000   0.00000   0.00000   0.00015   0.00000   0.02577   0.00000   0.00000   0.00000   0.00000   0.02629   0.02521   0.00000   0.04512   0.02146   0.01038   0.04401   0.01336   0.03065   0.01008   0.05111   0.05771   0.00552   0.06266   0.04039   2.00148   1.10465   0.02392   0.23227  
 13 3430.5292    819.997398  x:  0.00000   0.01197   0.00000   0.00000   0.00093   0.00000   0.00000   0.00000   0.00000   0.00000   0.02574   0.00000   0.00000   0.00000   0.00000   0.02626   0.02518   0.00000   0.04509   0.02143   0.01024   0.04402   0.01335   0.03065   0.01008   0.05108   0.05772   0.00545   0.06266   0.04038   2.00148   1.10466   0.02391   0.23218  
 14 66118.2993    819.664217  x:  0.00000   0.01219   0.00000   0.00000   0.00000   0.00000   0.00000   0.00000   0.00000   0.00000   0.02561   0.00000   0.00000   0.00000   0.00000   0.02604   0.02502   0.00000   0.04496   0.02148   0.00923   0.04396   0.01324   0.03066   0.01007   0.05093   0.05780   0.00479   0.06268   0.04032   2.00150   1.10474   0.02383   0.23158  
 15 3110.4756    817.803086  x:  0.00000   0.01412   0.00000   0.00000   0.00000   0.00000   0.00000   0.00000   0.00000   0.00000   0.02534   0.00000   0.00000   0.00000   0.00000   0.02382   0.02429   0.00000   0.04270   0.02029   0.00000   0.04493   0.01228   0.03084   0.00996   0.05006   0.05848   0.00007   0.06283   0.03976   2.00167   1.10563   0.02288   0.22698  
 16 1072.2203    817.790598  x:  0.00000   0.01415   0.00000   0.00000   0.00000   0.00000   0.00000   0.00000   0.00000   0.00000   0.02532   0.00000   0.00000   0.00000   0.00000   0.02380   0.02428   0.00000   0.04267   0.02027   0.00000   0.04494   0.01226   0.03085   0.00996   0.05005   0.05848   0.00000   0.06284   0.03975   2.00167   1.10564   0.02287   0.22692  
 17 3099.8059    815.062533  x:  0.00000   0.02992   0.00000   0.00000   0.00000   0.00000   0.00000   0.00000   0.00000   0.00000   0.01887   0.00000   0.00000   0.00000   0.00000   0.01349   0.01884   0.00000   0.02805   0.01020   0.00000   0.05405   0.00398   0.03211   0.00902   0.04498   0.06278   0.00000   0.06227   0.03556   2.00301   1.11298   0.01505   0.19088  
 18 4898.7392    813.076799  x:  0.00000   0.03122   0.00000   0.00000   0.00000   0.00000   0.00000   0.00000   0.00000   0.00000   0.00458   0.00000   0.00000   0.00000   0.00000   0.02084   0.01410   0.00000   0.03039   0.01043   0.00000   0.05040   0.00356   0.03132   0.00882   0.04743   0.06314   0.00000   0.04872   0.03433   2.00489   1.13092  -0.00329   0.16629  
 19 47.5495    812.157317  x:  0.00000   0.03195   0.00000   0.00000   0.00000   0.00000   0.00000   0.00000   0.00000   0.00000   0.00668   0.00000   0.00000   0.00000   0.00000   0.02561   0.00493   0.00000   0.02889   0.01090   0.00000   0.04883   0.00330   0.03115   0.00906   0.04567   0.06072   0.00000   0.04471   0.03372   2.00610   1.14300  -0.01557   0.15290  
 20 129.7970    807.079782  x:  0.00000   0.03630   0.00000   0.00000   0.00000   0.00000   0.00000   0.00000   0.00000   0.00000   0.00735   0.00000   0.00000   0.00000   0.00000   0.02572   0.00742   0.00000   0.02896   0.01470   0.00000   0.03987   0.00207   0.02946   0.01182   0.01235   0.04133   0.00000   0.03187   0.03063   2.01366   1.21770  -0.09143   0.07500  
 21 196.9450    801.483090  x:  0.00000   0.04109   0.00000   0.00000   0.00000   0.00000   0.00000   0.00000   0.00000   0.00000   0.00572   0.00000   0.00000   0.00000   0.00000   0.00768   0.00600   0.00000   0.03326   0.02094   0.00000   0.03352   0.00130   0.02780   0.01253   0.01672   0.03194   0.00000   0.02359   0.02842   2.02092   1.28941  -0.16423   0.00000  
 22 459.8026    801.247738  x:  0.00000   0.04171   0.00000   0.00000   0.00000   0.00000   0.00000   0.00000   0.00000   0.00000   0.00545   0.00000   0.00000   0.00000   0.00000   0.00512   0.00563   0.00000   0.03344   0.02267   0.00000   0.03407   0.00128   0.02743   0.01220   0.01523   0.03864   0.00000   0.02173   0.02845   2.02242   1.30131  -0.17627   0.00000  
 23 74.5041    800.148528  x:  0.00000   0.04002   0.00000   0.00000   0.00000   0.00000   0.00000   0.00000   0.00000   0.00000   0.00463   0.00000   0.00000   0.00000   0.00000   0.00193   0.00497   0.00000   0.03182   0.02097   0.00000   0.03813   0.00254   0.02835   0.01224   0.01512   0.03206   0.00000   0.02166   0.03183   2.03097   1.32181  -0.19661   0.00000  
 24  9.3634    798.958209  x:  0.00000   0.04315   0.00000   0.00000   0.00000   0.00000   0.00000   0.00000   0.00000   0.00000   0.00502   0.00000   0.00000   0.00000   0.00000   0.00334   0.00570   0.00000   0.02592   0.02163   0.00000   0.03675   0.00355   0.02881   0.01153   0.01607   0.03099   0.00000   0.01208   0.03329   2.04963   1.39477  -0.27037   0.00000  
 25 61.1771    796.465117  x:  0.00000   0.04388   0.00000   0.00000   0.00000   0.00000   0.00000   0.00000   0.00000   0.00000   0.00311   0.00000   0.00000   0.00000   0.00000   0.00333   0.00481   0.00000   0.01101   0.02515   0.00000   0.03082   0.00268   0.02969   0.01191   0.01453   0.02860   0.00000   0.01629   0.03523   2.09858   1.58529  -0.46299   0.00000  
 26 73.2736    793.874470  x:  0.00000   0.04216   0.00000   0.00000   0.00000   0.00000   0.00000   0.00000   0.00000   0.00000   0.00294   0.00000   0.00000   0.00000   0.00000   0.00306   0.00348   0.00000   0.02220   0.01602   0.00000   0.01821   0.00173   0.03033   0.01033   0.01196   0.02630   0.00000   0.01701   0.03971   2.18671   1.80552  -0.68087   0.00000  
 27 24.5558    792.473804  x:  0.00000   0.03242   0.00000   0.00000   0.00000   0.00000   0.00000   0.00000   0.00000   0.00000   0.00451   0.00000   0.00000   0.00000   0.00000   0.00269   0.00529   0.00000   0.01919   0.01137   0.00000   0.01302   0.00119   0.03338   0.00788   0.01781   0.03168   0.00000   0.01729   0.04817   2.25341   1.74524  -0.61735   0.00000  
 28  7.2652    789.651230  x:  0.00000   0.02312   0.00000   0.00000   0.00000   0.00000   0.00000   0.00000   0.00000   0.00000   0.00468   0.00000   0.00000   0.00000   0.00000   0.00373   0.00513   0.00000   0.02040   0.00671   0.00000   0.01950   0.00197   0.03450   0.00104   0.02042   0.03516   0.00000   0.01995   0.05003   2.51559   1.79891  -0.66835   0.00000  
 29  4.0063    787.846090  x:  0.00000   0.01638   0.00000   0.00000   0.00000   0.00000   0.00000   0.00000   0.00000   0.00000   0.00504   0.00000   0.00000   0.00000   0.00000   0.00473   0.00516   0.00000   0.02143   0.00309   0.00000   0.02318   0.00287   0.03412   0.00608   0.02294   0.03972   0.00000   0.02249   0.05227   2.77208   1.83994  -0.70495   0.00000  
 30 10.5656    784.108779  x:  0.00000   0.01496   0.00000   0.00000   0.00000   0.00000   0.00000   0.00000   0.00000   0.00000   0.00843   0.00000   0.00000   0.00000   0.00000   0.00746   0.00758   0.00000   0.02521   0.01485   0.00000   0.02361   0.00767   0.04224   0.01043   0.03191   0.05698   0.00000   0.03308   0.04918   3.63160   1.99823  -0.85213   0.00000  
 31  8.2747    783.988931  x:  0.00000   0.01491   0.00000   0.00000   0.00000   0.00000   0.00000   0.00000   0.00000   0.00000   0.00856   0.00000   0.00000   0.00000   0.00000   0.00756   0.00768   0.00000   0.02535   0.01530   0.00000   0.02363   0.00785   0.04255   0.01060   0.03225   0.05764   0.00000   0.03349   0.04906   3.66457   2.00430  -0.85777   0.00493  
 32 378.6662    782.813792  x:  0.00000   0.02027   0.00000   0.00000   0.00000   0.00000   0.00000   0.00000   0.00000   0.00000   0.00930   0.00000   0.00000   0.00000   0.00000   0.00874   0.00761   0.00000   0.02319   0.01546   0.00000   0.02419   0.00934   0.02390   0.01039   0.02945   0.06209   0.00000   0.03620   0.05950   3.66251   2.03543  -0.90517   0.00630  
 33  0.0984    780.533110  x:  0.00000   0.02173   0.00000   0.00000   0.00000   0.00000   0.00000   0.00000   0.00000   0.00000   0.00948   0.00000   0.00000   0.00000   0.00000   0.01092   0.00666   0.00000   0.01818   0.01563   0.00000   0.03366   0.01150   0.04683   0.01035   0.02139   0.07329   0.00000   0.04088   0.08686   3.41831   2.15801  -1.03674   0.01239  
 34  0.4390    779.672497  x:  0.00000   0.01095   0.00000   0.00000   0.00000   0.00000   0.00000   0.00000   0.00000   0.00000   0.00989   0.00000   0.00000   0.00000   0.00000   0.01006   0.00955   0.00000   0.01971   0.01533   0.00000   0.03825   0.01216   0.04002   0.00906   0.02323   0.07260   0.00000   0.04128   0.09067   3.46489   2.35236  -1.23690   0.01566  
 35  0.3002    779.171016  x:  0.00000   0.01906   0.00000   0.00000   0.00000   0.00000   0.00000   0.00000   0.00000   0.00000   0.01047   0.00000   0.00000   0.00000   0.00000   0.00917   0.01227   0.00000   0.02351   0.01448   0.00000   0.04207   0.01297   0.03756   0.00794   0.02700   0.07007   0.00000   0.04154   0.09220   3.63086   2.53637  -1.42661   0.01866  
 36  0.5486    778.648705  x:  0.00000   0.01676   0.00000   0.00000   0.00000   0.00000   0.00000   0.00000   0.00000   0.00000   0.00713   0.00000   0.00000   0.00000   0.00000   0.00941   0.00989   0.00000   0.02704   0.01399   0.00000   0.04465   0.01352   0.03387   0.00625   0.03065   0.06475   0.00000   0.04060   0.10378   3.82544   2.54761  -1.44945   0.01217  
 37  0.1628    778.490591  x:  0.00000   0.01592   0.00000   0.00000   0.00000   0.00000   0.00000   0.00000   0.00000   0.00000   0.00933   0.00000   0.00000   0.00000   0.00000   0.00890   0.00823   0.00000   0.02635   0.01421   0.00000   0.04713   0.01371   0.03660   0.00534   0.03028   0.05942   0.00000   0.03927   0.11081   3.83463   2.64285  -1.55108   0.01403  
 38  0.0758    778.437060  x:  0.00000   0.01690   0.00000   0.00000   0.00000   0.00000   0.00000   0.00000   0.00000   0.00000   0.00818   0.00000   0.00000   0.00000   0.00000   0.00876   0.00787   0.00000   0.02645   0.01545   0.00000   0.04577   0.01339   0.03853   0.00545   0.02978   0.05759   0.00000   0.03732   0.11459   3.71784   2.60967  -1.52139   0.01300  
 39  0.0387    778.400562  x:  0.00000   0.01709   0.00000   0.00000   0.00000   0.00000   0.00000   0.00000   0.00000   0.00000   0.00826   0.00000   0.00000   0.00000   0.00000   0.00827   0.00901   0.00000   0.02627   0.01681   0.00000   0.04467   0.01291   0.03672   0.00578   0.02918   0.05738   0.00000   0.03596   0.11486   3.70041   2.61264  -1.52703   0.01434  
 40  0.0096    778.379901  x:  0.00000   0.01613   0.00000   0.00000   0.00000   0.00000   0.00000   0.00000   0.00000   0.00000   0.00877   0.00000   0.00000   0.00000   0.00000   0.00810   0.00837   0.00000   0.02653   0.01780   0.00000   0.04433   0.01232   0.03540   0.00582   0.02977   0.05758   0.00000   0.03574   0.11589   3.76888   2.60388  -1.52093   0.01361  
 41  0.0268    778.357735  x:  0.00000   0.01670   0.00000   0.00000   0.00000   0.00000   0.00000   0.00000   0.00000   0.00000   0.00901   0.00000   0.00000   0.00000   0.00000   0.00828   0.00846   0.00000   0.02732   0.01874   0.00000   0.04388   0.01139   0.03743   0.00583   0.03055   0.05991   0.00000   0.03696   0.11660   3.76108   2.59725  -1.51558   0.01358  
 42  0.0038    778.343822  x:  0.00000   0.01698   0.00000   0.00000   0.00000   0.00000   0.00000   0.00000   0.00000   0.00000   0.00920   0.00000   0.00000   0.00000   0.00000   0.00815   0.00908   0.00000   0.02750   0.01859   0.00000   0.04466   0.01042   0.03662   0.00529   0.03068   0.05891   0.00000   0.03740   0.11719   3.77279   2.62498  -1.54663   0.01352  
 43  0.0166    778.334591  x:  0.00000   0.01675   0.00000   0.00000   0.00000   0.00000   0.00000   0.00000   0.00000   0.00000   0.00868   0.00000   0.00000   0.00000   0.00000   0.00846   0.00865   0.00000   0.02686   0.01807   0.00000   0.04472   0.00972   0.03637   0.00517   0.03049   0.05907   0.00000   0.03773   0.11674   3.75469   2.62213  -1.54427   0.01389  
 44  0.0077    778.332962  x:  0.00000   0.01691   0.00000   0.00000   0.00000   0.00000   0.00000   0.00000   0.00000   0.00000   0.00874   0.00000   0.00000   0.00000   0.00000   0.00851   0.00860   0.00000   0.02666   0.01794   0.00000   0.04449   0.00958   0.03665   0.00542   0.03028   0.05867   0.00000   0.03730   0.11628   3.74503   2.61289  -1.53460   0.01366  
 45  0.0077    778.331468  x:  0.00000   0.01687   0.00000   0.00000   0.00000   0.00000   0.00000   0.00000   0.00000   0.00000   0.00886   0.00000   0.00000   0.00000   0.00000   0.00864   0.00869   0.00000   0.02694   0.01774   0.00000   0.04460   0.00950   0.03650   0.00564   0.03050   0.05853   0.00000   0.03703   0.11652   3.74915   2.62171  -1.54378   0.01388  
 46  0.0042    778.331270  x:  0.00000   0.01683   0.00000   0.00000   0.00000   0.00000   0.00000   0.00000   0.00000   0.00000   0.00880   0.00000   0.00000   0.00000   0.00000   0.00870   0.00867   0.00000   0.02700   0.01770   0.00000   0.04459   0.00950   0.03649   0.00565   0.03048   0.05870   0.00000   0.03701   0.11686   3.74791   2.62096  -1.54320   0.01379  
 47  0.0010    778.331237  x:  0.00000   0.01685   0.00000   0.00000   0.00000   0.00000   0.00000   0.00000   0.00000   0.00000   0.00882   0.00000   0.00000   0.00000   0.00000   0.00870   0.00869   0.00000   0.02696   0.01768   0.00000   0.04456   0.00951   0.03649   0.00564   0.03041   0.05875   0.00000   0.03698   0.11698   3.74937   2.62141  -1.54369   0.01380  
 48  0.0008    778.331227  x:  0.00000   0.01684   0.00000   0.00000   0.00000   0.00000   0.00000   0.00000   0.00000   0.00000   0.00883   0.00000   0.00000   0.00000   0.00000   0.00870   0.00868   0.00000   0.02695   0.01767   0.00000   0.04452   0.00951   0.03649   0.00563   0.03045   0.05878   0.00000   0.03698   0.11699   3.75096   2.62130  -1.54350   0.01380  
 49  0.0006    778.331225  x:  0.00000   0.01684   0.00000   0.00000   0.00000   0.00000   0.00000   0.00000   0.00000   0.00000   0.00883   0.00000   0.00000   0.00000   0.00000   0.00870   0.00869   0.00000   0.02696   0.01766   0.00000   0.04451   0.00951   0.03650   0.00562   0.03046   0.05877   0.00000   0.03698   0.11699   3.75026   2.62129  -1.54347   0.01380  
 50  0.0005    778.331225  x:  0.00000   0.01684   0.00000   0.00000   0.00000   0.00000   0.00000   0.00000   0.00000   0.00000   0.00883   0.00000   0.00000   0.00000   0.00000   0.00869   0.00869   0.00000   0.02696   0.01766   0.00000   0.04451   0.00951   0.03650   0.00562   0.03046   0.05877   0.00000   0.03698   0.11700   3.74987   2.62109  -1.54320   0.01380  
 51  0.0001    778.331225  x:  0.00000   0.01684   0.00000   0.00000   0.00000   0.00000   0.00000   0.00000   0.00000   0.00000   0.00883   0.00000   0.00000   0.00000   0.00000   0.00869   0.00869   0.00000   0.02696   0.01766   0.00000   0.04451   0.00951   0.03650   0.00563   0.03046   0.05877   0.00000   0.03698   0.11701   3.75016   2.62099  -1.54307   0.01380  
 52  0.0002    778.331225  x:  0.00000   0.01684   0.00000   0.00000   0.00000   0.00000   0.00000   0.00000   0.00000   0.00000   0.00883   0.00000   0.00000   0.00000   0.00000   0.00869   0.00869   0.00000   0.02696   0.01766   0.00000   0.04451   0.00951   0.03650   0.00563   0.03046   0.05877   0.00000   0.03698   0.11701   3.75022   2.62101  -1.54306   0.01380  
 53  0.0001    778.331225  x:  0.00000   0.01684   0.00000   0.00000   0.00000   0.00000   0.00000   0.00000   0.00000   0.00000   0.00883   0.00000   0.00000   0.00000   0.00000   0.00869   0.00869   0.00000   0.02696   0.01766   0.00000   0.04451   0.00951   0.03650   0.00563   0.03046   0.05877   0.00000   0.03698   0.11701   3.75019   2.62105  -1.54305   0.01380  
 54  0.0000    778.331225  x:  0.00000   0.01684   0.00000   0.00000   0.00000   0.00000   0.00000   0.00000   0.00000   0.00000   0.00883   0.00000   0.00000   0.00000   0.00000   0.00869   0.00869   0.00000   0.02696   0.01766   0.00000   0.04451   0.00951   0.03650   0.00563   0.03046   0.05877   0.00000   0.03698   0.11701   3.75020   2.62105  -1.54305   0.01380  
 55  0.0000    778.331225  x:  0.00000   0.01684   0.00000   0.00000   0.00000   0.00000   0.00000   0.00000   0.00000   0.00000   0.00883   0.00000   0.00000   0.00000   0.00000   0.00869   0.00869   0.00000   0.02696   0.01766   0.00000   0.04451   0.00951   0.03650   0.00563   0.03046   0.05877   0.00000   0.03698   0.11701   3.75020   2.62113  -1.54301   0.01380  
 56  0.0000    778.331225  x:  0.00000   0.01684   0.00000   0.00000   0.00000   0.00000   0.00000   0.00000   0.00000   0.00000   0.00883   0.00000   0.00000   0.00000   0.00000   0.00869   0.00869   0.00000   0.02696   0.01766   0.00000   0.04451   0.00951   0.03650   0.00563   0.03046   0.05877   0.00000   0.03698   0.11701   3.75020   2.62113  -1.54301   0.01380  
 57  0.0000    778.331225  x:  0.00000   0.01684   0.00000   0.00000   0.00000   0.00000   0.00000   0.00000   0.00000   0.00000   0.00883   0.00000   0.00000   0.00000   0.00000   0.00869   0.00869   0.00000   0.02696   0.01766   0.00000   0.04451   0.00951   0.03650   0.00563   0.03046   0.05877   0.00000   0.03698   0.11701   3.75020   2.62113  -1.54300   0.01380  
 58  0.0000    778.331225  x:  0.00000   0.01684   0.00000   0.00000   0.00000   0.00000   0.00000   0.00000   0.00000   0.00000   0.00883   0.00000   0.00000   0.00000   0.00000   0.00869   0.00869   0.00000   0.02696   0.01766   0.00000   0.04451   0.00951   0.03650   0.00563   0.03046   0.05877   0.00000   0.03698   0.11701   3.75020   2.62115  -1.54299   0.01380  
 59  0.0000    778.331225  x:  0.00000   0.01684   0.00000   0.00000   0.00000   0.00000   0.00000   0.00000   0.00000   0.00000   0.00883   0.00000   0.00000   0.00000   0.00000   0.00869   0.00869   0.00000   0.02696   0.01766   0.00000   0.04451   0.00951   0.03650   0.00563   0.03046   0.05877   0.00000   0.03698   0.11701   3.75020   2.62120  -1.54294   0.01380  
 60  0.0001    778.331225  x:  0.00000   0.01684   0.00000   0.00000   0.00000   0.00000   0.00000   0.00000   0.00000   0.00000   0.00883   0.00000   0.00000   0.00000   0.00000   0.00869   0.00869   0.00000   0.02696   0.01766   0.00000   0.04451   0.00951   0.03650   0.00563   0.03046   0.05877   0.00000   0.03698   0.11701   3.75019   2.62137  -1.54276   0.01380  
 61  0.0001    778.331225  x:  0.00000   0.01684   0.00000   0.00000   0.00000   0.00000   0.00000   0.00000   0.00000   0.00000   0.00883   0.00000   0.00000   0.00000   0.00000   0.00869   0.00869   0.00000   0.02696   0.01766   0.00000   0.04451   0.00951   0.03650   0.00563   0.03046   0.05876   0.00000   0.03698   0.11701   3.75017   2.62301  -1.54111   0.01380  
 62  0.0003    778.331224  x:  0.00000   0.01684   0.00000   0.00000   0.00000   0.00000   0.00000   0.00000   0.00000   0.00000   0.00883   0.00000   0.00000   0.00000   0.00000   0.00869   0.00869   0.00000   0.02696   0.01766   0.00000   0.04451   0.00951   0.03650   0.00563   0.03046   0.05877   0.00000   0.03698   0.11701   3.75019   2.62846  -1.53567   0.01380  
 63  0.0010    778.331223  x:  0.00000   0.01683   0.00000   0.00000   0.00000   0.00000   0.00000   0.00000   0.00000   0.00000   0.00883   0.00000   0.00000   0.00000   0.00000   0.00869   0.00869   0.00000   0.02695   0.01766   0.00000   0.04452   0.00951   0.03650   0.00563   0.03046   0.05877   0.00000   0.03698   0.11700   3.75041   2.80782  -1.35650   0.01379  
 64  0.1159    778.331216  x:  0.00000   0.01684   0.00000   0.00000   0.00000   0.00000   0.00000   0.00000   0.00000   0.00000   0.00883   0.00000   0.00000   0.00000   0.00000   0.00869   0.00869   0.00000   0.02695   0.01766   0.00000   0.04451   0.00951   0.03650   0.00563   0.03046   0.05876   0.00000   0.03699   0.11701   3.75032   3.55363  -0.61060   0.01379  
 65  0.1319    778.331210  x:  0.00000   0.01685   0.00000   0.00000   0.00000   0.00000   0.00000   0.00000   0.00000   0.00000   0.00883   0.00000   0.00000   0.00000   0.00000   0.00870   0.00869   0.00000   0.02695   0.01766   0.00000   0.04450   0.00951   0.03649   0.00563   0.03046   0.05875   0.00000   0.03700   0.11703   3.75015   6.29444   2.13061   0.01380  
 66  1.3510    778.331209  x:  0.00000   0.01685   0.00000   0.00000   0.00000   0.00000   0.00000   0.00000   0.00000   0.00000   0.00883   0.00000   0.00000   0.00000   0.00000   0.00870   0.00869   0.00000   0.02695   0.01766   0.00000   0.04451   0.00951   0.03649   0.00563   0.03046   0.05876   0.00000   0.03699   0.11702   3.75021   5.64701   1.48305   0.01380  
 67  1.5927    778.331209  x:  0.00000   0.01685   0.00000   0.00000   0.00000   0.00000   0.00000   0.00000   0.00000   0.00000   0.00883   0.00000   0.00000   0.00000   0.00000   0.00870   0.00869   0.00000   0.02695   0.01766   0.00000   0.04451   0.00951   0.03649   0.00563   0.03046   0.05876   0.00000   0.03699   0.11702   3.75021   5.64701   1.48305   0.01380  
 68  2.0544    778.331209  x:  0.00000   0.01684   0.00000   0.00000   0.00000   0.00000   0.00000   0.00000   0.00000   0.00000   0.00883   0.00000   0.00000   0.00000   0.00000   0.00869   0.00869   0.00000   0.02695   0.01766   0.00000   0.04451   0.00951   0.03650   0.00563   0.03046   0.05876   0.00000   0.03699   0.11701   3.75024   5.64706   1.48297   0.01380  
 69  0.0001    778.331209  x:  0.00000   0.01684   0.00000   0.00000   0.00000   0.00000   0.00000   0.00000   0.00000   0.00000   0.00883   0.00000   0.00000   0.00000   0.00000   0.00869   0.00869   0.00000   0.02696   0.01766   0.00000   0.04451   0.00951   0.03650   0.00563   0.03046   0.05877   0.00000   0.03698   0.11701   3.75022   5.64716   1.48301   0.01380  
 70  0.0001    778.331209  x:  0.00000   0.01684   0.00000   0.00000   0.00000   0.00000   0.00000   0.00000   0.00000   0.00000   0.00883   0.00000   0.00000   0.00000   0.00000   0.00869   0.00869   0.00000   0.02696   0.01766   0.00000   0.04451   0.00951   0.03650   0.00563   0.03046   0.05877   0.00000   0.03698   0.11701   3.75020   5.64717   1.48305   0.01380  
 71  0.0000    778.331209  x:  0.00000   0.01684   0.00000   0.00000   0.00000   0.00000   0.00000   0.00000   0.00000   0.00000   0.00883   0.00000   0.00000   0.00000   0.00000   0.00869   0.00869   0.00000   0.02696   0.01766   0.00000   0.04451   0.00951   0.03650   0.00563   0.03046   0.05877   0.00000   0.03698   0.11701   3.75020   5.64717   1.48304   0.01380  