Supplemental results for CODEML (seqf: /Users/YY/Desktop/get/branch_site/modify/modify_trim_muscle_atpH.fa  treef: /Users/YY/Desktop/get/branch_site/16gene_topu.tree)


dN/dS (w) for site classes (K=4)

site class             0        1       2a       2b
proportion       1.00000  0.00000  0.00000  0.00000
background w     0.00000  1.00000  0.00000  1.00000
foreground w     0.00000  1.00000  2.42901  2.42901
(note that p[2] is zero)


Naive Empirical Bayes (NEB) probabilities for 4 classes
(amino acids refer to 1st sequence: NC_015821)

   1 M   1.00000 0.00000 0.00000 0.00000 ( 1)
   2 N   1.00000 0.00000 0.00000 0.00000 ( 1)
   3 P   1.00000 0.00000 0.00000 0.00000 ( 1)
   4 L   1.00000 0.00000 0.00000 0.00000 ( 1)
   5 I   1.00000 0.00000 0.00000 0.00000 ( 1)
   6 S   1.00000 0.00000 0.00000 0.00000 ( 1)
   7 A   1.00000 0.00000 0.00000 0.00000 ( 1)
   8 A   1.00000 0.00000 0.00000 0.00000 ( 1)
   9 S   1.00000 0.00000 0.00000 0.00000 ( 1)
  10 V   1.00000 0.00000 0.00000 0.00000 ( 1)
  11 I   1.00000 0.00000 0.00000 0.00000 ( 1)
  12 A   1.00000 0.00000 0.00000 0.00000 ( 1)
  13 A   1.00000 0.00000 0.00000 0.00000 ( 1)
  14 G   1.00000 0.00000 0.00000 0.00000 ( 1)
  15 L   1.00000 0.00000 0.00000 0.00000 ( 1)
  16 A   1.00000 0.00000 0.00000 0.00000 ( 1)
  17 V   1.00000 0.00000 0.00000 0.00000 ( 1)
  18 G   1.00000 0.00000 0.00000 0.00000 ( 1)
  19 L   1.00000 0.00000 0.00000 0.00000 ( 1)
  20 A   1.00000 0.00000 0.00000 0.00000 ( 1)
  21 S   1.00000 0.00000 0.00000 0.00000 ( 1)
  22 I   1.00000 0.00000 0.00000 0.00000 ( 1)
  23 G   1.00000 0.00000 0.00000 0.00000 ( 1)
  24 P   1.00000 0.00000 0.00000 0.00000 ( 1)
  25 G   1.00000 0.00000 0.00000 0.00000 ( 1)
  26 V   1.00000 0.00000 0.00000 0.00000 ( 1)
  27 G   1.00000 0.00000 0.00000 0.00000 ( 1)
  28 Q   1.00000 0.00000 0.00000 0.00000 ( 1)
  29 G   1.00000 0.00000 0.00000 0.00000 ( 1)
  30 T   1.00000 0.00000 0.00000 0.00000 ( 1)
  31 A   1.00000 0.00000 0.00000 0.00000 ( 1)
  32 A   1.00000 0.00000 0.00000 0.00000 ( 1)
  33 G   1.00000 0.00000 0.00000 0.00000 ( 1)
  34 Q   1.00000 0.00000 0.00000 0.00000 ( 1)
  35 A   1.00000 0.00000 0.00000 0.00000 ( 1)
  36 V   1.00000 0.00000 0.00000 0.00000 ( 1)
  37 E   1.00000 0.00000 0.00000 0.00000 ( 1)
  38 G   1.00000 0.00000 0.00000 0.00000 ( 1)
  39 I   1.00000 0.00000 0.00000 0.00000 ( 1)
  40 A   1.00000 0.00000 0.00000 0.00000 ( 1)
  41 R   1.00000 0.00000 0.00000 0.00000 ( 1)
  42 Q   1.00000 0.00000 0.00000 0.00000 ( 1)
  43 P   1.00000 0.00000 0.00000 0.00000 ( 1)
  44 E   1.00000 0.00000 0.00000 0.00000 ( 1)
  45 A   1.00000 0.00000 0.00000 0.00000 ( 1)
  46 E   1.00000 0.00000 0.00000 0.00000 ( 1)
  47 G   1.00000 0.00000 0.00000 0.00000 ( 1)
  48 K   1.00000 0.00000 0.00000 0.00000 ( 1)
  49 I   1.00000 0.00000 0.00000 0.00000 ( 1)
  50 R   1.00000 0.00000 0.00000 0.00000 ( 1)
  51 G   1.00000 0.00000 0.00000 0.00000 ( 1)
  52 T   1.00000 0.00000 0.00000 0.00000 ( 1)
  53 L   1.00000 0.00000 0.00000 0.00000 ( 1)
  54 L   1.00000 0.00000 0.00000 0.00000 ( 1)
  55 L   1.00000 0.00000 0.00000 0.00000 ( 1)
  56 S   1.00000 0.00000 0.00000 0.00000 ( 1)
  57 L   1.00000 0.00000 0.00000 0.00000 ( 1)
  58 A   1.00000 0.00000 0.00000 0.00000 ( 1)
  59 F   1.00000 0.00000 0.00000 0.00000 ( 1)
  60 M   1.00000 0.00000 0.00000 0.00000 ( 1)
  61 E   1.00000 0.00000 0.00000 0.00000 ( 1)
  62 A   1.00000 0.00000 0.00000 0.00000 ( 1)
  63 L   1.00000 0.00000 0.00000 0.00000 ( 1)
  64 T   1.00000 0.00000 0.00000 0.00000 ( 1)
  65 I   1.00000 0.00000 0.00000 0.00000 ( 1)
  66 Y   1.00000 0.00000 0.00000 0.00000 ( 1)
  67 G   1.00000 0.00000 0.00000 0.00000 ( 1)
  68 L   1.00000 0.00000 0.00000 0.00000 ( 1)
  69 V   1.00000 0.00000 0.00000 0.00000 ( 1)
  70 V   1.00000 0.00000 0.00000 0.00000 ( 1)
  71 A   1.00000 0.00000 0.00000 0.00000 ( 1)
  72 L   1.00000 0.00000 0.00000 0.00000 ( 1)
  73 A   1.00000 0.00000 0.00000 0.00000 ( 1)
  74 L   1.00000 0.00000 0.00000 0.00000 ( 1)
  75 L   1.00000 0.00000 0.00000 0.00000 ( 1)
  76 F   1.00000 0.00000 0.00000 0.00000 ( 1)
  77 A   1.00000 0.00000 0.00000 0.00000 ( 1)
  78 N   1.00000 0.00000 0.00000 0.00000 ( 1)
  79 P   1.00000 0.00000 0.00000 0.00000 ( 1)
  80 F   1.00000 0.00000 0.00000 0.00000 ( 1)
  81 V   1.00000 0.00000 0.00000 0.00000 ( 1)


lnL =  -348.704651

Bayes Empirical Bayes (BEB) probabilities for 4 classes (class)
(amino acids refer to 1st sequence: NC_015821)

   1 M   0.68759 0.03919 0.25511 0.01811 ( 1)
   2 N   0.68583 0.04094 0.25431 0.01891 ( 1)
   3 P   0.68365 0.04312 0.25332 0.01991 ( 1)
   4 L   0.67894 0.04783 0.25118 0.02205 ( 1)
   5 I   0.69432 0.03247 0.25818 0.01503 ( 1)
   6 S   0.68756 0.03921 0.25510 0.01812 ( 1)
   7 A   0.67899 0.04778 0.25120 0.02203 ( 1)
   8 A   0.69449 0.03230 0.25826 0.01495 ( 1)
   9 S   0.67917 0.04760 0.25129 0.02195 ( 1)
  10 V   0.69386 0.03293 0.25797 0.01524 ( 1)
  11 I   0.69432 0.03247 0.25818 0.01503 ( 1)
  12 A   0.69449 0.03230 0.25826 0.01495 ( 1)
  13 A   0.69449 0.03230 0.25826 0.01495 ( 1)
  14 G   0.68350 0.04327 0.25325 0.01998 ( 1)
  15 L   0.67958 0.04719 0.25147 0.02176 ( 1)
  16 A   0.69449 0.03230 0.25826 0.01495 ( 1)
  17 V   0.68821 0.03857 0.25539 0.01783 ( 1)
  18 G   0.68052 0.04625 0.25189 0.02134 ( 1)
  19 L   0.68794 0.03884 0.25527 0.01795 ( 1)
  20 A   0.69449 0.03230 0.25826 0.01495 ( 1)
  21 S   0.68756 0.03921 0.25510 0.01812 ( 1)
  22 I   0.69432 0.03247 0.25818 0.01503 ( 1)
  23 G   0.68350 0.04327 0.25325 0.01998 ( 1)
  24 P   0.68763 0.03915 0.25513 0.01809 ( 1)
  25 G   0.68350 0.04327 0.25325 0.01998 ( 1)
  26 V   0.69386 0.03293 0.25797 0.01524 ( 1)
  27 G   0.68771 0.03907 0.25516 0.01806 ( 1)
  28 Q   0.67945 0.04731 0.25141 0.02182 ( 1)
  29 G   0.68771 0.03907 0.25516 0.01806 ( 1)
  30 T   0.69319 0.03360 0.25766 0.01555 ( 1)
  31 A   0.69449 0.03230 0.25826 0.01495 ( 1)
  32 A   0.68368 0.04309 0.25333 0.01989 ( 1)
  33 G   0.67765 0.04912 0.25059 0.02264 ( 1)
  34 Q   0.67945 0.04731 0.25141 0.02182 ( 1)
  35 A   0.69449 0.03230 0.25826 0.01495 ( 1)
  36 V   0.68821 0.03857 0.25539 0.01783 ( 1)
  37 E   0.68478 0.04199 0.25383 0.01939 ( 1)
  38 G   0.68771 0.03907 0.25516 0.01806 ( 1)
  39 I   0.67922 0.04755 0.25131 0.02193 ( 1)
  40 A   0.68368 0.04309 0.25333 0.01989 ( 1)
  41 R   0.68278 0.04399 0.25292 0.02030 ( 1)
  42 Q   0.67808 0.04869 0.25079 0.02245 ( 1)
  43 P   0.67997 0.04681 0.25163 0.02159 ( 1)
  44 E   0.68157 0.04521 0.25237 0.02086 ( 1)
  45 A   0.68368 0.04309 0.25333 0.01989 ( 1)
  46 E   0.68179 0.04498 0.25247 0.02076 ( 1)
  47 G   0.68350 0.04327 0.25325 0.01998 ( 1)
  48 K   0.68240 0.04438 0.25275 0.02048 ( 1)
  49 I   0.68836 0.03842 0.25546 0.01776 ( 1)
  50 R   0.67870 0.04807 0.25107 0.02216 ( 1)
  51 G   0.68771 0.03907 0.25516 0.01806 ( 1)
  52 T   0.69319 0.03360 0.25766 0.01555 ( 1)
  53 L   0.68136 0.04541 0.25228 0.02095 ( 1)
  54 L   0.67958 0.04719 0.25147 0.02176 ( 1)
  55 L   0.68794 0.03884 0.25527 0.01795 ( 1)
  56 S   0.68673 0.04005 0.25472 0.01850 ( 1)
  57 L   0.68109 0.04568 0.25215 0.02108 ( 1)
  58 A   0.69449 0.03230 0.25826 0.01495 ( 1)
  59 F   0.68860 0.03818 0.25557 0.01765 ( 1)
  60 M   0.68759 0.03919 0.25511 0.01811 ( 1)
  61 E   0.68478 0.04199 0.25383 0.01939 ( 1)
  62 A   0.69449 0.03230 0.25826 0.01495 ( 1)
  63 L   0.68136 0.04541 0.25228 0.02095 ( 1)
  64 T   0.68764 0.03914 0.25513 0.01809 ( 1)
  65 I   0.69432 0.03247 0.25818 0.01503 ( 1)
  66 Y   0.68245 0.04433 0.25277 0.02046 ( 1)
  67 G   0.67844 0.04833 0.25095 0.02228 ( 1)
  68 L   0.67883 0.04794 0.25113 0.02210 ( 1)
  69 V   0.69386 0.03293 0.25797 0.01524 ( 1)
  70 V   0.68821 0.03857 0.25539 0.01783 ( 1)
  71 A   0.68866 0.03812 0.25560 0.01762 ( 1)
  72 L   0.68136 0.04541 0.25228 0.02095 ( 1)
  73 A   0.68866 0.03812 0.25560 0.01762 ( 1)
  74 L   0.68794 0.03884 0.25527 0.01795 ( 1)
  75 L   0.68136 0.04541 0.25228 0.02095 ( 1)
  76 F   0.68860 0.03818 0.25557 0.01765 ( 1)
  77 A   0.68368 0.04309 0.25333 0.01989 ( 1)
  78 N   0.68583 0.04094 0.25431 0.01891 ( 1)
  79 P   0.68763 0.03915 0.25513 0.01809 ( 1)
  80 F   0.68860 0.03818 0.25557 0.01765 ( 1)
  81 V   0.69386 0.03293 0.25797 0.01524 ( 1)

