

TREE # 1

  0  0.0000    425.434127  x:  0.00000   0.01829   0.05795   0.01871   0.06727   0.06639   0.03267   0.03863   0.06588   0.01917   0.04956   0.02477   0.02325   0.01584   0.01898   0.05933   0.05477   0.02545   0.05234   0.03313   0.06999   0.03976   0.01247   0.01915   0.00901   0.07182   0.04450   0.04088   0.07358   0.02157   2.00000   1.09989   0.02896   0.27919   2.57308  
  1 99.0000    425.432694  x:  0.00000   0.01829   0.05795   0.01871   0.06727   0.06639   0.03267   0.03863   0.06588   0.01917   0.04955   0.02476   0.02325   0.01584   0.01898   0.05933   0.05477   0.02545   0.05234   0.03312   0.06999   0.03976   0.01247   0.01915   0.00901   0.07182   0.04450   0.04088   0.07358   0.02157   2.00000   1.09989   0.02896   0.27919   2.57308  
  2 343.3628    409.807855  x:  0.00000   0.01439   0.04912   0.00971   0.05833   0.05746   0.02309   0.02964   0.05694   0.01014   0.04058   0.01575   0.01423   0.00680   0.00995   0.05037   0.04581   0.01643   0.04521   0.02427   0.06112   0.03301   0.00348   0.01014   0.00000   0.06443   0.03759   0.03213   0.06479   0.03039   2.00016   1.09950   0.02938   0.27022   2.57308  
  3 14890.5105    403.857732  x:  0.00000   0.01673   0.04578   0.00623   0.05487   0.05399   0.01933   0.02616   0.05348   0.00664   0.03710   0.01225   0.01074   0.00331   0.00645   0.04690   0.04234   0.01294   0.04205   0.02095   0.05772   0.03017   0.00000   0.00665   0.00000   0.06125   0.03458   0.02894   0.06150   0.03120   2.00027   1.09888   0.03003   0.26137   2.57307  
  4 2182.6584    398.533187  x:  0.00000   0.01551   0.04259   0.00295   0.05160   0.05072   0.01572   0.02287   0.05020   0.00334   0.03382   0.00896   0.00744   0.00000   0.00315   0.04362   0.03906   0.00964   0.03969   0.01775   0.05452   0.02881   0.00000   0.00334   0.00000   0.05847   0.03271   0.02600   0.05845   0.03016   2.00038   1.09817   0.03077   0.25172   2.57307  
  5 4786.2135    394.223989  x:  0.00000   0.01548   0.03969   0.00000   0.04868   0.04780   0.01237   0.01993   0.04729   0.00038   0.03089   0.00600   0.00448   0.00000   0.00018   0.04070   0.03613   0.00669   0.03896   0.01486   0.05166   0.02947   0.00000   0.00038   0.00000   0.05666   0.03281   0.02345   0.05576   0.03049   2.00046   1.09758   0.03139   0.24368   2.57307  
  6 5672.0204    393.976496  x:  0.00000   0.01548   0.03952   0.00000   0.04850   0.04763   0.01217   0.01975   0.04711   0.00021   0.03071   0.00582   0.00430   0.00000   0.00000   0.04053   0.03596   0.00651   0.03891   0.01469   0.05149   0.02952   0.00000   0.00020   0.00000   0.05654   0.03281   0.02329   0.05560   0.03051   2.00047   1.09755   0.03142   0.24319   2.57307  
  7 916736.3713    393.718938  x:  0.00000   0.01548   0.03933   0.00000   0.04831   0.04743   0.01195   0.01956   0.04692   0.00001   0.03051   0.00563   0.00411   0.00000   0.00000   0.04033   0.03576   0.00631   0.03887   0.01450   0.05130   0.02956   0.00000   0.00000   0.00000   0.05642   0.03283   0.02312   0.05542   0.03053   2.00047   1.09751   0.03146   0.24266   2.57307  
  8 37013.5523    393.711992  x:  0.00000   0.01548   0.03933   0.00000   0.04831   0.04743   0.01194   0.01955   0.04691   0.00000   0.03051   0.00562   0.00410   0.00000   0.00000   0.04033   0.03576   0.00631   0.03887   0.01449   0.05130   0.02957   0.00000   0.00000   0.00000   0.05642   0.03283   0.02311   0.05542   0.03053   2.00047   1.09751   0.03146   0.24264   2.57307  
  9 6730.9556    388.854087  x:  0.00000   0.01546   0.03531   0.00000   0.04427   0.04339   0.00688   0.01548   0.04288   0.00000   0.02645   0.00152   0.00000   0.00000   0.00000   0.03628   0.03170   0.00222   0.03730   0.01042   0.04732   0.03030   0.00000   0.00000   0.00000   0.05412   0.03364   0.01947   0.05164   0.03095   2.00059   1.09680   0.03219   0.23240   2.57307  
 10 10431.9847    387.157485  x:  0.00000   0.01546   0.03381   0.00000   0.04277   0.04189   0.00499   0.01396   0.04138   0.00000   0.02494   0.00000   0.00000   0.00000   0.00000   0.03478   0.03020   0.00070   0.03698   0.00891   0.04584   0.03059   0.00000   0.00000   0.00000   0.05318   0.03381   0.01810   0.05023   0.03110   2.00063   1.09654   0.03246   0.22862   2.57307  
 11 59643.8766    386.421153  x:  0.00000   0.01545   0.03313   0.00000   0.04208   0.04120   0.00414   0.01327   0.04069   0.00000   0.02424   0.00000   0.00000   0.00000   0.00000   0.03409   0.02950   0.00000   0.03694   0.00822   0.04516   0.03071   0.00000   0.00000   0.00000   0.05259   0.03386   0.01748   0.04958   0.03117   2.00065   1.09642   0.03258   0.22681   2.57307  
 12 17778.1053    383.188341  x:  0.00000   0.01545   0.02988   0.00000   0.03875   0.03787   0.00000   0.00993   0.03737   0.00000   0.02090   0.00000   0.00000   0.00000   0.00000   0.03076   0.02617   0.00000   0.03602   0.00493   0.04187   0.03127   0.00000   0.00000   0.00000   0.05181   0.03435   0.01441   0.04642   0.03148   2.00075   1.09593   0.03309   0.21830   2.57307  
 13 2355.9399    378.933308  x:  0.00000   0.01545   0.02499   0.00000   0.03395   0.03307   0.00000   0.00510   0.03257   0.00000   0.01607   0.00000   0.00000   0.00000   0.00000   0.02595   0.02134   0.00000   0.03531   0.00000   0.03709   0.03195   0.00000   0.00000   0.00000   0.05003   0.03485   0.00991   0.04183   0.03190   2.00088   1.09533   0.03369   0.20719   2.57308  
 14 5728.1547    374.774969  x:  0.00000   0.01553   0.02004   0.00000   0.02887   0.02798   0.00000   0.00000   0.02750   0.00000   0.01096   0.00000   0.00000   0.00000   0.00000   0.02086   0.01624   0.00000   0.03507   0.00000   0.03203   0.03269   0.00000   0.00000   0.00000   0.04769   0.03534   0.00517   0.03695   0.03237   2.00105   1.09474   0.03408   0.19358   2.57315  
 15 2139.7600    370.824615  x:  0.00000   0.01561   0.01568   0.00000   0.02347   0.02257   0.00000   0.00000   0.02211   0.00000   0.00551   0.00000   0.00000   0.00000   0.00000   0.01544   0.01080   0.00000   0.03482   0.00000   0.02662   0.03334   0.00000   0.00000   0.00000   0.04596   0.03585   0.00000   0.03171   0.03284   2.00122   1.09427   0.03436   0.18008   2.57324  
 16 5446.9407    367.181116  x:  0.00000   0.01572   0.01099   0.00000   0.01798   0.01709   0.00000   0.00000   0.01663   0.00000   0.00000   0.00000   0.00000   0.00000   0.00000   0.00995   0.00530   0.00000   0.03483   0.00000   0.02118   0.03402   0.00000   0.00000   0.00000   0.04453   0.03649   0.00000   0.02648   0.03337   2.00142   1.09379   0.03461   0.16421   2.57333  
 17 2017.6266    364.067854  x:  0.00000   0.01582   0.00644   0.00000   0.01271   0.01181   0.00000   0.00000   0.01137   0.00000   0.00000   0.00000   0.00000   0.00000   0.00000   0.00466   0.00000   0.00000   0.03477   0.00000   0.01602   0.03464   0.00000   0.00000   0.00000   0.04322   0.03706   0.00000   0.02159   0.03386   2.00160   1.09344   0.03475   0.14971   2.57341  
 18 14218.7900    361.636110  x:  0.00000   0.01591   0.00246   0.00000   0.00805   0.00715   0.00000   0.00000   0.00672   0.00000   0.00000   0.00000   0.00000   0.00000   0.00000   0.00000   0.00000   0.00000   0.03464   0.00000   0.01146   0.03527   0.00000   0.00000   0.00000   0.04183   0.03762   0.00000   0.01727   0.03434   2.00178   1.09311   0.03488   0.13586   2.57349  
 19 5249.7780    360.371573  x:  0.00000   0.01596   0.00000   0.00000   0.00521   0.00431   0.00000   0.00000   0.00389   0.00000   0.00000   0.00000   0.00000   0.00000   0.00000   0.00000   0.00000   0.00000   0.03470   0.00000   0.00866   0.03559   0.00000   0.00000   0.00000   0.04128   0.03794   0.00000   0.01461   0.03460   2.00188   1.09297   0.03491   0.12783   2.57354  
 20 7794.8904    358.883117  x:  0.00000   0.01604   0.00000   0.00000   0.00132   0.00042   0.00000   0.00000   0.00000   0.00000   0.00000   0.00000   0.00000   0.00000   0.00000   0.00000   0.00000   0.00000   0.03478   0.00000   0.00484   0.03601   0.00000   0.00000   0.00000   0.04052   0.03837   0.00000   0.01097   0.03496   2.00203   1.09277   0.03495   0.11680   2.57360  
 21 2155251.7593    358.755682  x:  0.00000   0.01605   0.00000   0.00000   0.00091   0.00000   0.00000   0.00000   0.00000   0.00000   0.00000   0.00000   0.00000   0.00000   0.00000   0.00000   0.00000   0.00000   0.03479   0.00000   0.00443   0.03605   0.00000   0.00000   0.00000   0.04047   0.03841   0.00000   0.01058   0.03500   2.00204   1.09276   0.03494   0.11576   2.57361  
 22 2496.2742    358.545345  x:  0.00000   0.01606   0.00000   0.00000   0.00000   0.00000   0.00000   0.00000   0.00000   0.00000   0.00000   0.00000   0.00000   0.00000   0.00000   0.00000   0.00000   0.00000   0.03480   0.00000   0.00353   0.03612   0.00000   0.00000   0.00000   0.04035   0.03848   0.00000   0.00973   0.03506   2.00207   1.09278   0.03490   0.11382   2.57362  
 23 2972.4638    358.005396  x:  0.00000   0.01610   0.00000   0.00000   0.00000   0.00000   0.00000   0.00000   0.00000   0.00000   0.00000   0.00000   0.00000   0.00000   0.00000   0.00000   0.00000   0.00000   0.03502   0.00000   0.00000   0.03628   0.00000   0.00000   0.00000   0.04029   0.03870   0.00000   0.00635   0.03524   2.00218   1.09296   0.03464   0.10770   2.57365  
 24 843.1824    357.462828  x:  0.00000   0.01616   0.00000   0.00000   0.00000   0.00000   0.00000   0.00000   0.00000   0.00000   0.00000   0.00000   0.00000   0.00000   0.00000   0.00000   0.00000   0.00000   0.03507   0.00000   0.00000   0.03658   0.00000   0.00000   0.00000   0.04000   0.03904   0.00000   0.00000   0.03554   2.00236   1.09367   0.03381   0.09821   2.57370  
 25 1922.8094    356.005128  x:  0.00000   0.01687   0.00000   0.00000   0.00000   0.00000   0.00000   0.00000   0.00000   0.00000   0.00000   0.00000   0.00000   0.00000   0.00000   0.00000   0.00000   0.00000   0.03105   0.00000   0.00000   0.04115   0.00000   0.00000   0.00000   0.02733   0.04240   0.00000   0.00000   0.03915   2.00453   1.09600   0.02997   0.00000   2.57430  
 26 142.0083    353.324768  x:  0.00000   0.01289   0.00000   0.00000   0.00000   0.00000   0.00000   0.00000   0.00000   0.00000   0.00000   0.00000   0.00000   0.00000   0.00000   0.00000   0.00000   0.00000   0.02433   0.00000   0.00000   0.01539   0.00000   0.00000   0.00000   0.02311   0.00948   0.00000   0.00000   0.03167   2.03106   1.23042  -0.09901   0.00000   2.57205  
 27  5.0872    352.994623  x:  0.00000   0.01275   0.00000   0.00000   0.00000   0.00000   0.00000   0.00000   0.00000   0.00000   0.00000   0.00000   0.00000   0.00000   0.00000   0.00000   0.00000   0.00000   0.01281   0.00000   0.00000   0.01185   0.00000   0.00000   0.00000   0.02523   0.01236   0.00000   0.00000   0.03014   2.04263   1.26350  -0.13168   0.00000   2.57189  
 28  4.9217    352.596724  x:  0.00000   0.01247   0.00000   0.00000   0.00000   0.00000   0.00000   0.00000   0.00000   0.00000   0.00000   0.00000   0.00000   0.00000   0.00000   0.00000   0.00000   0.00000   0.01695   0.00000   0.00000   0.00752   0.00000   0.00000   0.00000   0.01481   0.01581   0.00000   0.00000   0.02501   2.07334   1.34477  -0.21059   0.00000   2.57107  
 29  5.7326    352.297598  x:  0.00000   0.01269   0.00000   0.00000   0.00000   0.00000   0.00000   0.00000   0.00000   0.00000   0.00000   0.00000   0.00000   0.00000   0.00000   0.00000   0.00000   0.00000   0.01455   0.00000   0.00000   0.01136   0.00000   0.00000   0.00000   0.00866   0.01545   0.00000   0.00000   0.02097   2.10395   1.41513  -0.27946   0.00000   2.57052  
 30 11.5815    351.794648  x:  0.00000   0.01524   0.00000   0.00000   0.00000   0.00000   0.00000   0.00000   0.00000   0.00000   0.00000   0.00000   0.00000   0.00000   0.00000   0.00000   0.00000   0.00000   0.01106   0.00000   0.00000   0.01080   0.00000   0.00000   0.00000   0.00536   0.01337   0.00000   0.00000   0.03533   2.41263   1.57760  -0.43629   0.00000   2.56849  
 31  1.0274    350.523360  x:  0.00000   0.01795   0.00000   0.00000   0.00000   0.00000   0.00000   0.00000   0.00000   0.00000   0.00000   0.00000   0.00000   0.00000   0.00000   0.00000   0.00000   0.00000   0.00517   0.00000   0.00000   0.01522   0.00000   0.00000   0.00000   0.01504   0.01048   0.00000   0.00000   0.03826   3.38899   1.98419  -0.82873   0.00000   2.56330  
 32  3.3182    349.836854  x:  0.00000   0.01644   0.00000   0.00000   0.00000   0.00000   0.00000   0.00000   0.00000   0.00000   0.00000   0.00000   0.00000   0.00000   0.00000   0.00000   0.00000   0.00000   0.01542   0.00000   0.00000   0.01960   0.00000   0.00000   0.00000   0.01864   0.01535   0.00000   0.00000   0.04244   4.08829   2.24998  -1.08760   0.00000   2.56094  
 33  2.3751    349.244484  x:  0.00000   0.00968   0.00000   0.00000   0.00000   0.00000   0.00000   0.00000   0.00000   0.00000   0.00000   0.00000   0.00000   0.00000   0.00000   0.00000   0.00000   0.00000   0.01547   0.00000   0.00000   0.01593   0.00000   0.00000   0.00000   0.01661   0.00968   0.00000   0.00000   0.02741   4.65393   2.56884  -1.40049   0.00000   2.55884  
 34  0.7422    349.069121  x:  0.00000   0.01439   0.00000   0.00000   0.00000   0.00000   0.00000   0.00000   0.00000   0.00000   0.00000   0.00000   0.00000   0.00000   0.00000   0.00000   0.00000   0.00000   0.01502   0.00000   0.00000   0.01422   0.00000   0.00000   0.00000   0.01563   0.01139   0.00000   0.00000   0.02129   4.94499   2.74282  -1.56526   0.00000   2.55539  
 35  0.7286    348.910958  x:  0.00000   0.01233   0.00000   0.00000   0.00000   0.00000   0.00000   0.00000   0.00000   0.00000   0.00000   0.00000   0.00000   0.00000   0.00000   0.00000   0.00000   0.00000   0.01348   0.00000   0.00000   0.01334   0.00000   0.00000   0.00000   0.01447   0.01719   0.00000   0.00000   0.02571   5.37303   2.99942  -1.81649   0.00000   2.55359  
 36  0.5565    348.808300  x:  0.00000   0.01499   0.00000   0.00000   0.00000   0.00000   0.00000   0.00000   0.00000   0.00000   0.00000   0.00000   0.00000   0.00000   0.00000   0.00000   0.00000   0.00000   0.01345   0.00000   0.00000   0.01129   0.00000   0.00000   0.00000   0.01324   0.01355   0.00000   0.00000   0.02835   5.91515   3.33738  -2.14206   0.00000   2.54904  
 37  0.4556    348.758069  x:  0.00000   0.01249   0.00000   0.00000   0.00000   0.00000   0.00000   0.00000   0.00000   0.00000   0.00000   0.00000   0.00000   0.00000   0.00000   0.00000   0.00000   0.00000   0.01311   0.00000   0.00000   0.01250   0.00000   0.00000   0.00000   0.01234   0.01271   0.00000   0.00000   0.02562   6.40509   3.63809  -2.43566   0.00000   2.54654  
 38  0.3911    348.746874  x:  0.00000   0.01318   0.00000   0.00000   0.00000   0.00000   0.00000   0.00000   0.00000   0.00000   0.00000   0.00000   0.00000   0.00000   0.00000   0.00000   0.00000   0.00000   0.01321   0.00000   0.00000   0.01362   0.00000   0.00000   0.00000   0.01283   0.01295   0.00000   0.00000   0.02707   6.61993   3.78657  -2.57936   0.00000   2.54481  
 39  0.1902    348.740544  x:  0.00000   0.01296   0.00000   0.00000   0.00000   0.00000   0.00000   0.00000   0.00000   0.00000   0.00000   0.00000   0.00000   0.00000   0.00000   0.00000   0.00000   0.00000   0.01295   0.00000   0.00000   0.01298   0.00000   0.00000   0.00000   0.01291   0.01339   0.00000   0.00000   0.02634   6.90864   4.02209  -2.80794   0.00000   2.54232  
 40  0.1645    348.737479  x:  0.00000   0.01333   0.00000   0.00000   0.00000   0.00000   0.00000   0.00000   0.00000   0.00000   0.00000   0.00000   0.00000   0.00000   0.00000   0.00000   0.00000   0.00000   0.01323   0.00000   0.00000   0.01285   0.00000   0.00000   0.00000   0.01340   0.01271   0.00000   0.00000   0.02657   6.91492   4.11584  -2.89856   0.00000   2.54118  
 41  0.0484    348.725892  x:  0.00000   0.01281   0.00000   0.00000   0.00000   0.00000   0.00000   0.00000   0.00000   0.00000   0.00000   0.00000   0.00000   0.00000   0.00000   0.00000   0.00000   0.00000   0.01354   0.00000   0.00000   0.01297   0.00000   0.00000   0.00000   0.01463   0.01385   0.00000   0.00000   0.02674   6.38032   4.36886  -3.14478   0.00000   2.53876  
 42  0.0801    348.712828  x:  0.00000   0.01297   0.00000   0.00000   0.00000   0.00000   0.00000   0.00000   0.00000   0.00000   0.00000   0.00000   0.00000   0.00000   0.00000   0.00000   0.00000   0.00000   0.01314   0.00000   0.00000   0.01267   0.00000   0.00000   0.00000   0.01345   0.01271   0.00000   0.00000   0.02618   5.94388   4.58422  -3.35387   0.00000   2.53649  
 43  0.1793    348.708656  x:  0.00000   0.01317   0.00000   0.00000   0.00000   0.00000   0.00000   0.00000   0.00000   0.00000   0.00000   0.00000   0.00000   0.00000   0.00000   0.00000   0.00000   0.00000   0.01292   0.00000   0.00000   0.01326   0.00000   0.00000   0.00000   0.01306   0.01331   0.00000   0.00000   0.02668   5.92323   4.94650  -3.70556   0.00000   2.53268  
 44  0.2141    348.706017  x:  0.00000   0.01306   0.00000   0.00000   0.00000   0.00000   0.00000   0.00000   0.00000   0.00000   0.00000   0.00000   0.00000   0.00000   0.00000   0.00000   0.00000   0.00000   0.01324   0.00000   0.00000   0.01288   0.00000   0.00000   0.00000   0.01332   0.01298   0.00000   0.00000   0.02636   6.04983   5.52946  -4.27134   0.00000   2.52650  
 45  0.2358    348.705251  x:  0.00000   0.01307   0.00000   0.00000   0.00000   0.00000   0.00000   0.00000   0.00000   0.00000   0.00000   0.00000   0.00000   0.00000   0.00000   0.00000   0.00000   0.00000   0.01320   0.00000   0.00000   0.01305   0.00000   0.00000   0.00000   0.01312   0.01316   0.00000   0.00000   0.02655   5.93473   5.87987  -4.61158   0.00000   2.52285  
 46  0.2575    348.704914  x:  0.00000   0.01309   0.00000   0.00000   0.00000   0.00000   0.00000   0.00000   0.00000   0.00000   0.00000   0.00000   0.00000   0.00000   0.00000   0.00000   0.00000   0.00000   0.01324   0.00000   0.00000   0.01301   0.00000   0.00000   0.00000   0.01313   0.01312   0.00000   0.00000   0.02652   6.03350   6.39980  -5.11619   0.00000   2.51734  
 47  0.2482    348.704766  x:  0.00000   0.01306   0.00000   0.00000   0.00000   0.00000   0.00000   0.00000   0.00000   0.00000   0.00000   0.00000   0.00000   0.00000   0.00000   0.00000   0.00000   0.00000   0.01325   0.00000   0.00000   0.01300   0.00000   0.00000   0.00000   0.01320   0.01312   0.00000   0.00000   0.02650   5.96156   6.75980  -5.46568   0.00000   2.51356  
 48  0.2605    348.704694  x:  0.00000   0.01308   0.00000   0.00000   0.00000   0.00000   0.00000   0.00000   0.00000   0.00000   0.00000   0.00000   0.00000   0.00000   0.00000   0.00000   0.00000   0.00000   0.01316   0.00000   0.00000   0.01303   0.00000   0.00000   0.00000   0.01313   0.01312   0.00000   0.00000   0.02651   5.98588   7.26912  -5.96006   0.00000   2.50819  
 49  0.2610    348.704672  x:  0.00000   0.01307   0.00000   0.00000   0.00000   0.00000   0.00000   0.00000   0.00000   0.00000   0.00000   0.00000   0.00000   0.00000   0.00000   0.00000   0.00000   0.00000   0.01318   0.00000   0.00000   0.01301   0.00000   0.00000   0.00000   0.01321   0.01312   0.00000   0.00000   0.02651   5.98204   7.60868  -6.28966   0.00000   2.50461  
 50  0.2444    348.704660  x:  0.00000   0.01307   0.00000   0.00000   0.00000   0.00000   0.00000   0.00000   0.00000   0.00000   0.00000   0.00000   0.00000   0.00000   0.00000   0.00000   0.00000   0.00000   0.01316   0.00000   0.00000   0.01302   0.00000   0.00000   0.00000   0.01316   0.01311   0.00000   0.00000   0.02650   5.97814   8.09533  -6.76205   0.00000   2.49948  
 51  0.2048    348.704654  x:  0.00000   0.01308   0.00000   0.00000   0.00000   0.00000   0.00000   0.00000   0.00000   0.00000   0.00000   0.00000   0.00000   0.00000   0.00000   0.00000   0.00000   0.00000   0.01319   0.00000   0.00000   0.01302   0.00000   0.00000   0.00000   0.01319   0.01312   0.00000   0.00000   0.02651   5.98329   8.50727  -7.16191   0.00000   2.49514  
 52  0.2512    348.704652  x:  0.00000   0.01308   0.00000   0.00000   0.00000   0.00000   0.00000   0.00000   0.00000   0.00000   0.00000   0.00000   0.00000   0.00000   0.00000   0.00000   0.00000   0.00000   0.01319   0.00000   0.00000   0.01301   0.00000   0.00000   0.00000   0.01317   0.01311   0.00000   0.00000   0.02650   5.97982   8.94763  -7.58937   0.00000   2.49050  
 53  0.2404    348.704651  x:  0.00000   0.01308   0.00000   0.00000   0.00000   0.00000   0.00000   0.00000   0.00000   0.00000   0.00000   0.00000   0.00000   0.00000   0.00000   0.00000   0.00000   0.00000   0.01319   0.00000   0.00000   0.01302   0.00000   0.00000   0.00000   0.01318   0.01312   0.00000   0.00000   0.02651   5.98232   9.33326  -7.96368   0.00000   2.48643  
 54  0.2061    348.704651  x:  0.00000   0.01308   0.00000   0.00000   0.00000   0.00000   0.00000   0.00000   0.00000   0.00000   0.00000   0.00000   0.00000   0.00000   0.00000   0.00000   0.00000   0.00000   0.01318   0.00000   0.00000   0.01302   0.00000   0.00000   0.00000   0.01318   0.01311   0.00000   0.00000   0.02651   5.98056   9.88488  -8.49913   0.00000   2.48062  
 55  0.2588    348.704651  x:  0.00000   0.01308   0.00000   0.00000   0.00000   0.00000   0.00000   0.00000   0.00000   0.00000   0.00000   0.00000   0.00000   0.00000   0.00000   0.00000   0.00000   0.00000   0.01318   0.00000   0.00000   0.01302   0.00000   0.00000   0.00000   0.01318   0.01312   0.00000   0.00000   0.02651   5.98159  10.17745  -8.78313   0.00000   2.47753  
 56  0.2085    348.704651  x:  0.00000   0.01308   0.00000   0.00000   0.00000   0.00000   0.00000   0.00000   0.00000   0.00000   0.00000   0.00000   0.00000   0.00000   0.00000   0.00000   0.00000   0.00000   0.01319   0.00000   0.00000   0.01302   0.00000   0.00000   0.00000   0.01318   0.01312   0.00000   0.00000   0.02651   5.98097  11.08133  -9.66051   0.00000   2.46801  
 57  0.2621    348.704651  x:  0.00000   0.01308   0.00000   0.00000   0.00000   0.00000   0.00000   0.00000   0.00000   0.00000   0.00000   0.00000   0.00000   0.00000   0.00000   0.00000   0.00000   0.00000   0.01319   0.00000   0.00000   0.01302   0.00000   0.00000   0.00000   0.01318   0.01312   0.00000   0.00000   0.02651   5.98132  11.24181  -9.81628   0.00000   2.46632  
 58  0.1666    348.704651  x:  0.00000   0.01308   0.00000   0.00000   0.00000   0.00000   0.00000   0.00000   0.00000   0.00000   0.00000   0.00000   0.00000   0.00000   0.00000   0.00000   0.00000   0.00000   0.01318   0.00000   0.00000   0.01302   0.00000   0.00000   0.00000   0.01318   0.01312   0.00000   0.00000   0.02651   5.98139  11.88370  -10.43936   0.00000   2.45955  
 59  0.2286    348.704651  x:  0.00000   0.01308   0.00000   0.00000   0.00000   0.00000   0.00000   0.00000   0.00000   0.00000   0.00000   0.00000   0.00000   0.00000   0.00000   0.00000   0.00000   0.00000   0.01318   0.00000   0.00000   0.01302   0.00000   0.00000   0.00000   0.01318   0.01312   0.00000   0.00000   0.02651   5.98122  12.30069  -10.84412   0.00000   2.45515  
 60  0.2416    348.704651  x:  0.00000   0.01308   0.00000   0.00000   0.00000   0.00000   0.00000   0.00000   0.00000   0.00000   0.00000   0.00000   0.00000   0.00000   0.00000   0.00000   0.00000   0.00000   0.01318   0.00000   0.00000   0.01302   0.00000   0.00000   0.00000   0.01318   0.01312   0.00000   0.00000   0.02651   5.98128  12.43114  -10.97075   0.00000   2.45378  
 61  0.1679    348.704651  x:  0.00000   0.01308   0.00000   0.00000   0.00000   0.00000   0.00000   0.00000   0.00000   0.00000   0.00000   0.00000   0.00000   0.00000   0.00000   0.00000   0.00000   0.00000   0.01318   0.00000   0.00000   0.01302   0.00000   0.00000   0.00000   0.01318   0.01312   0.00000   0.00000   0.02651   5.98131  12.75126  -11.28148   0.00000   2.45040  
 62  0.3845    348.704651  x:  0.00000   0.01308   0.00000   0.00000   0.00000   0.00000   0.00000   0.00000   0.00000   0.00000   0.00000   0.00000   0.00000   0.00000   0.00000   0.00000   0.00000   0.00000   0.01318   0.00000   0.00000   0.01302   0.00000   0.00000   0.00000   0.01318   0.01312   0.00000   0.00000   0.02651   5.98128  14.78166  -13.25236   0.00000   2.42900  
 63  0.3537    348.704651  x:  0.00000   0.01308   0.00000   0.00000   0.00000   0.00000   0.00000   0.00000   0.00000   0.00000   0.00000   0.00000   0.00000   0.00000   0.00000   0.00000   0.00000   0.00000   0.01318   0.00000   0.00000   0.01302   0.00000   0.00000   0.00000   0.01318   0.01312   0.00000   0.00000   0.02651   5.98128  14.78088  -13.25160   0.00000   2.42901  
 64  0.1749    348.704651  x:  0.00000   0.01308   0.00000   0.00000   0.00000   0.00000   0.00000   0.00000   0.00000   0.00000   0.00000   0.00000   0.00000   0.00000   0.00000   0.00000   0.00000   0.00000   0.01318   0.00000   0.00000   0.01302   0.00000   0.00000   0.00000   0.01318   0.01312   0.00000   0.00000   0.02651   5.98128  14.78088  -13.25160   0.00000   2.42901  
 65  0.0013    348.704651  x:  0.00000   0.01308   0.00000   0.00000   0.00000   0.00000   0.00000   0.00000   0.00000   0.00000   0.00000   0.00000   0.00000   0.00000   0.00000   0.00000   0.00000   0.00000   0.01318   0.00000   0.00000   0.01302   0.00000   0.00000   0.00000   0.01318   0.01312   0.00000   0.00000   0.02651   5.98128  14.78088  -13.25160   0.00000   2.42901  