Supplemental results for CODEML (seqf: /Users/YY/Desktop/get/branch_site/modify/modify_trim_muscle_rps16.fa  treef: /Users/YY/Desktop/get/branch_site/16gene_topu.tree)


dN/dS (w) for site classes (K=4)

site class             0        1       2a       2b
proportion       0.00000  0.00000  0.84002  0.15998
background w     0.00000  1.00000  0.00000  1.00000
foreground w     0.00000  1.00000 93.62137 93.62137

Naive Empirical Bayes (NEB) probabilities for 4 classes
(amino acids refer to 1st sequence: MF594405)

   1 M   0.00000 0.00000 0.89336 0.10664 ( 3)
   2 V   0.00000 0.00000 0.00001 0.99999 ( 4)
   3 K   0.00000 0.00000 0.89818 0.10182 ( 3)
   4 L   0.00000 0.00000 0.88971 0.11029 ( 3)
   5 R   0.00000 0.00000 0.89244 0.10756 ( 3)
   6 L   0.00000 0.00000 0.85687 0.14313 ( 3)
   7 K   0.00000 0.00000 0.89818 0.10182 ( 3)
   8 R   0.00000 0.00000 0.86391 0.13609 ( 3)
   9 C   0.00000 0.00000 0.88921 0.11079 ( 3)
  10 G   0.00000 0.00000 0.90332 0.09668 ( 3)
  11 R   0.00000 0.00000 0.89167 0.10833 ( 3)
  12 K   0.00000 0.00000 0.87727 0.12273 ( 3)
  13 Q   0.00000 0.00000 0.88158 0.11842 ( 3)
  14 R   0.00000 0.00000 0.87098 0.12902 ( 3)
  15 A   0.00000 0.00000 0.85998 0.14002 ( 3)
  16 V   0.00000 0.00000 0.86121 0.13879 ( 3)
  17 Y   0.00000 0.00000 0.89328 0.10672 ( 3)
  18 R   0.00000 0.00000 0.87098 0.12902 ( 3)
  19 I   0.00000 0.00000 0.86421 0.13579 ( 3)
  20 V   0.00000 0.00000 0.89950 0.10050 ( 3)
  21 A   0.00000 0.00000 0.88630 0.11370 ( 3)
  22 I   0.00000 0.00000 0.90185 0.09815 ( 3)
  23 D   0.00000 0.00000 0.91167 0.08833 ( 3)
  24 V   0.00000 0.00000 0.89950 0.10050 ( 3)
  25 R   0.00000 0.00000 0.87098 0.12902 ( 3)
  26 S   0.00000 0.00000 0.85523 0.14477 ( 3)
  27 R   0.00000 0.00000 0.87098 0.12902 ( 3)
  28 R   0.00000 0.00000 0.89167 0.10833 ( 3)
  29 E   0.00000 0.00000 0.89928 0.10072 ( 3)
  30 G   0.00000 0.00000 0.89000 0.11000 ( 3)
  31 R   0.00000 0.00000 0.89167 0.10833 ( 3)
  32 D   0.00000 0.00000 0.91167 0.08833 ( 3)
  33 L   0.00000 0.00000 0.88971 0.11029 ( 3)
  34 R   0.00000 0.00000 0.86106 0.13894 ( 3)
  35 N   0.00000 0.00000 0.87202 0.12798 ( 3)
  36 V   0.00000 0.00000 0.87988 0.12012 ( 3)
  37 G   0.00000 0.00000 0.90332 0.09668 ( 3)
  38 F   0.00000 0.00000 0.89393 0.10607 ( 3)
  39 Y   0.00000 0.00000 0.89328 0.10672 ( 3)
  40 D   0.00000 0.00000 0.91167 0.08833 ( 3)
  41 P   0.00000 0.00000 0.86029 0.13971 ( 3)
  42 I   0.00000 0.00000 0.89702 0.10298 ( 3)
  43 K   0.00000 0.00000 0.87727 0.12273 ( 3)
  44 N   0.00000 0.00000 0.91073 0.08927 ( 3)
  45 Q   0.00000 0.00000 0.88158 0.11842 ( 3)
  46 S   0.00000 0.00000 0.90673 0.09327 ( 3)
  47 Y   0.00000 0.00000 0.89328 0.10672 ( 3)
  48 L   0.00000 0.00000 0.86414 0.13586 ( 3)
  49 N   0.00000 0.00000 0.87202 0.12798 ( 3)
  50 V   0.00000 0.00000 0.89950 0.10050 ( 3)
  51 P   0.00000 0.00000 0.88631 0.11369 ( 3)
  52 A   0.00000 0.00000 0.89675 0.10325 ( 3)
  53 I   0.00000 0.00000 0.90185 0.09815 ( 3)
  54 L   0.00000 0.00000 0.86976 0.13024 ( 3)
  55 Y   0.00000 0.00000 0.89328 0.10672 ( 3)
  56 F   0.00000 0.00000 0.86224 0.13776 ( 3)
  57 L   0.00000 0.00000 0.88971 0.11029 ( 3)
  58 E   0.00000 0.00000 0.89928 0.10072 ( 3)
  59 K   0.00000 0.00000 0.00000 1.00000 ( 4)
  60 G   0.00000 0.00000 0.86627 0.13373 ( 3)
  61 A   0.00000 0.00000 0.89675 0.10325 ( 3)
  62 Q   0.00000 0.00000 0.86682 0.13318 ( 3)
  63 P   0.00000 0.00000 0.86964 0.13036 ( 3)
  64 T   0.00000 0.00000 0.88422 0.11578 ( 3)
  65 G   0.00000 0.00000 0.89000 0.11000 ( 3)
  66 T   0.00000 0.00000 0.89431 0.10569 ( 3)
  67 V   0.00000 0.00000 0.89950 0.10050 ( 3)
  68 R   0.00000 0.00000 0.86106 0.13894 ( 3)
  69 Y   0.00000 0.00000 0.91166 0.08834 ( 3)
  70 L   0.00000 0.00000 0.00001 0.99999 ( 4)
  71 L   0.00000 0.00000 0.86414 0.13586 ( 3)
  72 K   0.00000 0.00000 0.89818 0.10182 ( 3)
  73 K   0.00000 0.00000 0.00000 1.00000 ( 4)
  74 A   0.00000 0.00000 0.86784 0.13216 ( 3)
  75 E   0.00000 0.00000 0.87916 0.12084 ( 3)
  76 V   0.00000 0.00000 0.89950 0.10050 ( 3)
  77 F   0.00000 0.00000 0.89393 0.10607 ( 3)
  78 K   0.00000 0.00000 0.87727 0.12273 ( 3)


lnL =  -404.581875

Bayes Empirical Bayes (BEB) probabilities for 4 classes (class)
(amino acids refer to 1st sequence: MF594405)

   1 M   0.45875 0.05847 0.42654 0.05624 ( 1)
   2 V   0.20295 0.31424 0.17848 0.30433 ( 2)
   3 K   0.46108 0.05617 0.42874 0.05401 ( 1)
   4 L   0.45699 0.06022 0.42487 0.05793 ( 1)
   5 R   0.45831 0.05891 0.42612 0.05666 ( 1)
   6 L   0.44155 0.07551 0.41018 0.07276 ( 1)
   7 K   0.46108 0.05617 0.42874 0.05401 ( 1)
   8 R   0.44478 0.07228 0.41331 0.06963 ( 1)
   9 C   0.45676 0.06045 0.42465 0.05815 ( 1)
  10 G   0.46359 0.05369 0.43111 0.05161 ( 1)
  11 R   0.45794 0.05928 0.42576 0.05702 ( 1)
  12 K   0.45107 0.06608 0.41925 0.06360 ( 1)
  13 Q   0.45311 0.06406 0.42119 0.06165 ( 1)
  14 R   0.44811 0.06901 0.41643 0.06645 ( 1)
  15 A   0.44299 0.07408 0.41155 0.07138 ( 1)
  16 V   0.44355 0.07352 0.41210 0.07083 ( 1)
  17 Y   0.45871 0.05851 0.42650 0.05627 ( 1)
  18 R   0.44811 0.06901 0.41643 0.06645 ( 1)
  19 I   0.44495 0.07214 0.41343 0.06949 ( 1)
  20 V   0.46172 0.05554 0.42934 0.05340 ( 1)
  21 A   0.45536 0.06183 0.42332 0.05949 ( 1)
  22 I   0.46287 0.05440 0.43043 0.05230 ( 1)
  23 D   0.46771 0.04962 0.43500 0.04767 ( 1)
  24 V   0.46172 0.05554 0.42934 0.05340 ( 1)
  25 R   0.44811 0.06901 0.41643 0.06645 ( 1)
  26 S   0.44078 0.07626 0.40947 0.07349 ( 1)
  27 R   0.44811 0.06901 0.41643 0.06645 ( 1)
  28 R   0.45794 0.05928 0.42576 0.05702 ( 1)
  29 E   0.46162 0.05564 0.42925 0.05349 ( 1)
  30 G   0.45713 0.06008 0.42500 0.05779 ( 1)
  31 R   0.45794 0.05928 0.42576 0.05702 ( 1)
  32 D   0.46771 0.04962 0.43500 0.04767 ( 1)
  33 L   0.45699 0.06022 0.42487 0.05793 ( 1)
  34 R   0.44348 0.07359 0.41203 0.07090 ( 1)
  35 N   0.44860 0.06853 0.41690 0.06598 ( 1)
  36 V   0.45234 0.06486 0.42038 0.06242 ( 1)
  37 G   0.46359 0.05369 0.43111 0.05161 ( 1)
  38 F   0.45903 0.05820 0.42680 0.05597 ( 1)
  39 Y   0.45871 0.05851 0.42650 0.05627 ( 1)
  40 D   0.46771 0.04962 0.43500 0.04767 ( 1)
  41 P   0.44313 0.07394 0.41169 0.07124 ( 1)
  42 I   0.46052 0.05673 0.42821 0.05454 ( 1)
  43 K   0.45107 0.06608 0.41925 0.06360 ( 1)
  44 N   0.46724 0.05008 0.43456 0.04811 ( 1)
  45 Q   0.45311 0.06406 0.42119 0.06165 ( 1)
  46 S   0.46527 0.05203 0.43270 0.05000 ( 1)
  47 Y   0.45871 0.05851 0.42650 0.05627 ( 1)
  48 L   0.44491 0.07217 0.41339 0.06952 ( 1)
  49 N   0.44860 0.06853 0.41690 0.06598 ( 1)
  50 V   0.46172 0.05554 0.42934 0.05340 ( 1)
  51 P   0.45537 0.06182 0.42333 0.05948 ( 1)
  52 A   0.46039 0.05685 0.42809 0.05466 ( 1)
  53 I   0.46287 0.05440 0.43043 0.05230 ( 1)
  54 L   0.44754 0.06958 0.41589 0.06700 ( 1)
  55 Y   0.45871 0.05851 0.42650 0.05627 ( 1)
  56 F   0.44403 0.07305 0.41255 0.07037 ( 1)
  57 L   0.45699 0.06022 0.42487 0.05793 ( 1)
  58 E   0.46162 0.05564 0.42925 0.05349 ( 1)
  59 K   0.04220 0.47493 0.03289 0.44998 ( 2)
  60 G   0.44589 0.07119 0.41435 0.06857 ( 1)
  61 A   0.46039 0.05685 0.42809 0.05466 ( 1)
  62 Q   0.44616 0.07093 0.41458 0.06832 ( 1)
  63 P   0.44742 0.06963 0.41588 0.06706 ( 1)
  64 T   0.45437 0.06281 0.42238 0.06044 ( 1)
  65 G   0.45713 0.06008 0.42500 0.05779 ( 1)
  66 T   0.45921 0.05802 0.42697 0.05579 ( 1)
  67 V   0.46172 0.05554 0.42934 0.05340 ( 1)
  68 R   0.44348 0.07359 0.41203 0.07090 ( 1)
  69 Y   0.02360 0.02966 0.85537 0.09137 ( 3)
  70 L   0.20493 0.31226 0.18035 0.30246 ( 2)
  71 L   0.44491 0.07217 0.41339 0.06952 ( 1)
  72 K   0.46108 0.05617 0.42874 0.05401 ( 1)
  73 K   0.04221 0.47492 0.03291 0.44997 ( 2)
  74 A   0.44672 0.07047 0.41496 0.06785 ( 1)
  75 E   0.45196 0.06519 0.42010 0.06275 ( 1)
  76 V   0.46172 0.05554 0.42934 0.05340 ( 1)
  77 F   0.45903 0.05820 0.42680 0.05597 ( 1)
  78 K   0.45107 0.06608 0.41925 0.06360 ( 1)

