

TREE # 1

  0  0.0000    411.997701  x:  0.00528   0.00416   0.00331   0.01368   0.00374   0.00368   0.01424   0.00214   0.00366   0.00106   0.00275   0.00137   0.00129   0.00089   0.00102   0.01572   0.00301   0.00139   0.01528   0.00158   0.00000   0.01364   0.00111   0.01243   0.00153   0.00357   0.01491   0.04616   0.02915   0.02580   2.00000   1.09989   0.02896   0.27919   2.57308  
  1 99.0000    411.996553  x:  0.00528   0.00416   0.00331   0.01368   0.00374   0.00368   0.01424   0.00214   0.00365   0.00106   0.00275   0.00137   0.00129   0.00089   0.00102   0.01572   0.00301   0.00139   0.01528   0.00158   0.00000   0.01364   0.00111   0.01243   0.00152   0.00357   0.01491   0.04616   0.02915   0.02580   2.00000   1.09989   0.02896   0.27919   2.57308  
  2 328.6898    410.732170  x:  0.00669   0.00333   0.00236   0.01397   0.00284   0.00276   0.01344   0.00121   0.00270   0.00011   0.00180   0.00042   0.00036   0.00000   0.00010   0.01431   0.00206   0.00049   0.01418   0.00063   0.00000   0.01400   0.00033   0.01488   0.00068   0.00268   0.01397   0.04757   0.02921   0.02700   2.00003   1.09985   0.02899   0.27858   2.57308  
  3 484.2147    410.625556  x:  0.00703   0.00331   0.00226   0.01395   0.00277   0.00268   0.01350   0.00111   0.00260   0.00000   0.00169   0.00032   0.00026   0.00000   0.00002   0.01428   0.00196   0.00042   0.01418   0.00053   0.00000   0.01397   0.00034   0.01464   0.00065   0.00261   0.01400   0.04791   0.02925   0.02729   2.00004   1.09983   0.02902   0.27824   2.57308  
  4 104.0562    410.607202  x:  0.00703   0.00331   0.00224   0.01395   0.00276   0.00267   0.01349   0.00109   0.00257   0.00000   0.00167   0.00029   0.00024   0.00000   0.00000   0.01430   0.00194   0.00041   0.01419   0.00050   0.00000   0.01397   0.00034   0.01464   0.00064   0.00260   0.01400   0.04791   0.02925   0.02730   2.00004   1.09982   0.02903   0.27816   2.57308  
  5 120.8272    410.392246  x:  0.00707   0.00328   0.00199   0.01395   0.00260   0.00247   0.01347   0.00086   0.00231   0.00000   0.00140   0.00003   0.00000   0.00000   0.00000   0.01435   0.00168   0.00024   0.01422   0.00024   0.00000   0.01397   0.00040   0.01468   0.00058   0.00244   0.01401   0.04795   0.02925   0.02732   2.00008   1.09973   0.02911   0.27717   2.57309  
  6 13666.1353    410.376728  x:  0.00708   0.00327   0.00197   0.01395   0.00259   0.00246   0.01355   0.00084   0.00228   0.00000   0.00138   0.00000   0.00000   0.00000   0.00000   0.01437   0.00166   0.00023   0.01422   0.00022   0.00000   0.01396   0.00041   0.01471   0.00057   0.00243   0.01400   0.04796   0.02928   0.02730   2.00008   1.09972   0.02912   0.27707   2.57309  
  7 212.5056    410.192253  x:  0.00718   0.00300   0.00174   0.01394   0.00251   0.00223   0.01345   0.00067   0.00203   0.00000   0.00113   0.00000   0.00000   0.00000   0.00000   0.01439   0.00142   0.00015   0.01423   0.00000   0.00000   0.01395   0.00029   0.01471   0.00048   0.00228   0.01402   0.04806   0.02975   0.02710   2.00016   1.09945   0.02939   0.27580   2.57309  
  8 88.0563    409.892522  x:  0.00722   0.00252   0.00135   0.01397   0.00236   0.00183   0.01342   0.00038   0.00161   0.00000   0.00070   0.00000   0.00000   0.00000   0.00000   0.01447   0.00103   0.00000   0.01428   0.00000   0.00000   0.01400   0.00006   0.01476   0.00031   0.00201   0.01401   0.04810   0.02983   0.02716   2.00029   1.09899   0.02985   0.27370   2.57309  
  9 890.6974    409.828373  x:  0.00723   0.00241   0.00126   0.01399   0.00233   0.00174   0.01341   0.00032   0.00151   0.00000   0.00061   0.00000   0.00000   0.00000   0.00000   0.01448   0.00094   0.00000   0.01430   0.00000   0.00000   0.01403   0.00000   0.01477   0.00027   0.00195   0.01400   0.04810   0.02985   0.02718   2.00032   1.09889   0.02995   0.27323   2.57310  
 10 30324.0406    409.568121  x:  0.00710   0.00201   0.00087   0.01392   0.00217   0.00135   0.01336   0.00000   0.00108   0.00000   0.00018   0.00000   0.00000   0.00000   0.00000   0.01457   0.00054   0.00000   0.01433   0.00000   0.00000   0.01394   0.00000   0.01485   0.00014   0.00170   0.01406   0.04798   0.03016   0.02761   2.00046   1.09841   0.03044   0.27114   2.57310  
 11 1259.8907    409.473352  x:  0.00712   0.00189   0.00071   0.01393   0.00210   0.00119   0.01335   0.00000   0.00090   0.00000   0.00000   0.00000   0.00000   0.00000   0.00000   0.01461   0.00037   0.00000   0.01434   0.00000   0.00000   0.01395   0.00000   0.01487   0.00010   0.00159   0.01406   0.04799   0.03017   0.02763   2.00052   1.09821   0.03063   0.27033   2.57310  
 12 976.4739    409.294282  x:  0.00716   0.00161   0.00035   0.01394   0.00194   0.00085   0.01332   0.00000   0.00051   0.00000   0.00000   0.00000   0.00000   0.00000   0.00000   0.01467   0.00000   0.00000   0.01440   0.00000   0.00000   0.01398   0.00000   0.01492   0.00001   0.00137   0.01407   0.04803   0.03021   0.02768   2.00064   1.09779   0.03106   0.26857   2.57310  
 13 130546.8812    409.286346  x:  0.00717   0.00159   0.00033   0.01394   0.00193   0.00083   0.01332   0.00000   0.00049   0.00000   0.00000   0.00000   0.00000   0.00000   0.00000   0.01467   0.00000   0.00000   0.01440   0.00000   0.00000   0.01398   0.00000   0.01492   0.00000   0.00136   0.01407   0.04804   0.03021   0.02769   2.00064   1.09777   0.03107   0.26849   2.57310  
 14 4934.9188    409.153721  x:  0.00719   0.00134   0.00000   0.01390   0.00176   0.00051   0.01329   0.00000   0.00015   0.00000   0.00000   0.00000   0.00000   0.00000   0.00000   0.01476   0.00000   0.00000   0.01441   0.00000   0.00000   0.01402   0.00000   0.01494   0.00000   0.00113   0.01400   0.04806   0.03024   0.02773   2.00073   1.09746   0.03138   0.26716   2.57311  
 15 14075.7017    409.108221  x:  0.00720   0.00123   0.00000   0.01391   0.00169   0.00038   0.01329   0.00000   0.00000   0.00000   0.00000   0.00000   0.00000   0.00000   0.00000   0.01478   0.00000   0.00000   0.01442   0.00000   0.00000   0.01402   0.00000   0.01495   0.00000   0.00104   0.01400   0.04807   0.03026   0.02774   2.00076   1.09735   0.03149   0.26667   2.57311  
 16 1922.6703    409.007855  x:  0.00723   0.00091   0.00000   0.01387   0.00145   0.00000   0.01328   0.00000   0.00000   0.00000   0.00000   0.00000   0.00000   0.00000   0.00000   0.01483   0.00000   0.00000   0.01440   0.00000   0.00000   0.01414   0.00000   0.01499   0.00000   0.00075   0.01409   0.04810   0.03028   0.02778   2.00085   1.09708   0.03176   0.26540   2.57311  
 17 3597.4073    408.820386  x:  0.00728   0.00009   0.00000   0.01391   0.00077   0.00000   0.01324   0.00000   0.00000   0.00000   0.00000   0.00000   0.00000   0.00000   0.00000   0.01495   0.00000   0.00000   0.01443   0.00000   0.00000   0.01417   0.00000   0.01504   0.00000   0.00000   0.01408   0.04815   0.03034   0.02785   2.00101   1.09654   0.03230   0.26285   2.57311  
 18 1392.6718    408.807580  x:  0.00728   0.00000   0.00000   0.01391   0.00070   0.00000   0.01324   0.00000   0.00000   0.00000   0.00000   0.00000   0.00000   0.00000   0.00000   0.01495   0.00000   0.00000   0.01443   0.00000   0.00000   0.01417   0.00000   0.01504   0.00000   0.00000   0.01408   0.04815   0.03034   0.02786   2.00102   1.09650   0.03234   0.26268   2.57311  
 19 554.2002    408.745746  x:  0.00731   0.00000   0.00000   0.01393   0.00000   0.00000   0.01322   0.00000   0.00000   0.00000   0.00000   0.00000   0.00000   0.00000   0.00000   0.01500   0.00000   0.00000   0.01445   0.00000   0.00000   0.01418   0.00000   0.01507   0.00000   0.00000   0.01408   0.04817   0.03037   0.02789   2.00110   1.09627   0.03257   0.26134   2.57312  
 20 1645.1594    406.520108  x:  0.01153   0.00000   0.00000   0.01630   0.00000   0.00000   0.01060   0.00000   0.00000   0.00000   0.00000   0.00000   0.00000   0.00000   0.00000   0.02274   0.00000   0.00000   0.01767   0.00000   0.00000   0.01666   0.00000   0.01943   0.00000   0.00000   0.01441   0.05220   0.03429   0.03302   2.01518   1.06083   0.06686   0.00000   2.57396  
 21 138.8837    405.428837  x:  0.01054   0.00000   0.00000   0.01198   0.00000   0.00000   0.00982   0.00000   0.00000   0.00000   0.00000   0.00000   0.00000   0.00000   0.00000   0.02123   0.00000   0.00000   0.01061   0.00000   0.00000   0.01124   0.00000   0.01609   0.00000   0.00000   0.01267   0.05133   0.02376   0.02651   2.90449   1.31589  -0.22042   0.00000   2.59729  
 22  1.3587    405.167365  x:  0.00751   0.00000   0.00000   0.01226   0.00000   0.00000   0.01161   0.00000   0.00000   0.00000   0.00000   0.00000   0.00000   0.00000   0.00000   0.01442   0.00000   0.00000   0.01624   0.00000   0.00000   0.01409   0.00000   0.01422   0.00000   0.00000   0.01184   0.04835   0.02564   0.02737   3.15615   1.34268  -0.28295   0.00000   2.61585  
 23  2.0586    405.123181  x:  0.00602   0.00000   0.00000   0.01367   0.00000   0.00000   0.01262   0.00000   0.00000   0.00000   0.00000   0.00000   0.00000   0.00000   0.00000   0.01307   0.00000   0.00000   0.01394   0.00000   0.00000   0.01419   0.00000   0.01269   0.00000   0.00000   0.01207   0.04692   0.02621   0.02717   3.21284   1.29468  -0.27819   0.00000   2.63564  
 24  0.5600    405.086634  x:  0.00709   0.00000   0.00000   0.01435   0.00000   0.00000   0.01304   0.00000   0.00000   0.00000   0.00000   0.00000   0.00000   0.00000   0.00000   0.01240   0.00000   0.00000   0.01418   0.00000   0.00000   0.01284   0.00000   0.01349   0.00000   0.00000   0.01493   0.04798   0.02635   0.02653   3.29062   1.21872  -0.37149   0.00000   2.71137  
 25  0.3632    405.042907  x:  0.00781   0.00000   0.00000   0.01485   0.00000   0.00000   0.01372   0.00000   0.00000   0.00000   0.00000   0.00000   0.00000   0.00000   0.00000   0.01438   0.00000   0.00000   0.01256   0.00000   0.00000   0.01359   0.00000   0.01354   0.00000   0.00000   0.01497   0.04869   0.02885   0.02775   3.39336   1.09952  -0.56618   0.00000   2.85049  
 26  0.7072    404.964292  x:  0.00887   0.00000   0.00000   0.01132   0.00000   0.00000   0.01485   0.00000   0.00000   0.00000   0.00000   0.00000   0.00000   0.00000   0.00000   0.01389   0.00000   0.00000   0.01137   0.00000   0.00000   0.01256   0.00000   0.01314   0.00000   0.00000   0.01413   0.04974   0.02876   0.02624   3.57790   0.77503  -0.84810   0.00000   3.11796  
 27  1.7914    404.818648  x:  0.00906   0.00000   0.00000   0.01399   0.00000   0.00000   0.01457   0.00000   0.00000   0.00000   0.00000   0.00000   0.00000   0.00000   0.00000   0.01391   0.00000   0.00000   0.01358   0.00000   0.00000   0.01227   0.00000   0.01324   0.00000   0.00000   0.01216   0.04987   0.02392   0.02691   3.90634   0.01277  -1.66753   0.00000   3.80649  
 28  0.8075    404.747921  x:  0.00694   0.00000   0.00000   0.01317   0.00000   0.00000   0.01247   0.00000   0.00000   0.00000   0.00000   0.00000   0.00000   0.00000   0.00000   0.01310   0.00000   0.00000   0.01389   0.00000   0.00000   0.01375   0.00000   0.01346   0.00000   0.00000   0.01350   0.04775   0.02756   0.02757   3.97384  -0.50414  -2.15779   0.00000   4.24511  
 29  0.6504    404.707387  x:  0.00746   0.00000   0.00000   0.01339   0.00000   0.00000   0.01301   0.00000   0.00000   0.00000   0.00000   0.00000   0.00000   0.00000   0.00000   0.01483   0.00000   0.00000   0.01301   0.00000   0.00000   0.01350   0.00000   0.01322   0.00000   0.00000   0.01359   0.04828   0.02645   0.02590   3.86264  -1.16450  -2.72534   0.00000   4.78926  
 30  0.4657    404.662396  x:  0.00828   0.00000   0.00000   0.01322   0.00000   0.00000   0.01300   0.00000   0.00000   0.00000   0.00000   0.00000   0.00000   0.00000   0.00000   0.01293   0.00000   0.00000   0.01271   0.00000   0.00000   0.01253   0.00000   0.01389   0.00000   0.00000   0.01217   0.04904   0.02674   0.02815   3.66811  -2.03583  -3.65639   0.00000   5.60007  
 31  0.7121    404.634850  x:  0.00760   0.00000   0.00000   0.01285   0.00000   0.00000   0.01299   0.00000   0.00000   0.00000   0.00000   0.00000   0.00000   0.00000   0.00000   0.01335   0.00000   0.00000   0.01359   0.00000   0.00000   0.01334   0.00000   0.01286   0.00000   0.00000   0.01348   0.04841   0.02601   0.02724   3.46465  -2.76439  -4.44791   0.00000   6.29062  
 32  0.9797    404.628246  x:  0.00724   0.00000   0.00000   0.01334   0.00000   0.00000   0.01328   0.00000   0.00000   0.00000   0.00000   0.00000   0.00000   0.00000   0.00000   0.01341   0.00000   0.00000   0.01334   0.00000   0.00000   0.01317   0.00000   0.01331   0.00000   0.00000   0.01323   0.04805   0.02687   0.02643   3.36832  -3.27479  -4.94138   0.00000   6.75004  
 33  0.6347    404.622294  x:  0.00718   0.00000   0.00000   0.01309   0.00000   0.00000   0.01366   0.00000   0.00000   0.00000   0.00000   0.00000   0.00000   0.00000   0.00000   0.01316   0.00000   0.00000   0.01287   0.00000   0.00000   0.01345   0.00000   0.01332   0.00000   0.00000   0.01321   0.04799   0.02612   0.02756   3.39197  -4.37848  -6.02688   0.00000   7.75645  
 34  0.5115    404.612791  x:  0.00757   0.00000   0.00000   0.01306   0.00000   0.00000   0.01332   0.00000   0.00000   0.00000   0.00000   0.00000   0.00000   0.00000   0.00000   0.01334   0.00000   0.00000   0.01350   0.00000   0.00000   0.01286   0.00000   0.01266   0.00000   0.00000   0.01293   0.04839   0.02697   0.02684   3.48436  -6.46777  -8.12935   0.00000   9.68604  
 35  1.5101    404.605315  x:  0.00756   0.00000   0.00000   0.01334   0.00000   0.00000   0.01306   0.00000   0.00000   0.00000   0.00000   0.00000   0.00000   0.00000   0.00000   0.01338   0.00000   0.00000   0.01338   0.00000   0.00000   0.01359   0.00000   0.01366   0.00000   0.00000   0.01336   0.04833   0.02653   0.02633   3.48537  -9.44958  -11.11372   0.00000  12.43298  
 36  2.3873    404.598876  x:  0.00699   0.00000   0.00000   0.01323   0.00000   0.00000   0.01322   0.00000   0.00000   0.00000   0.00000   0.00000   0.00000   0.00000   0.00000   0.01371   0.00000   0.00000   0.01331   0.00000   0.00000   0.01293   0.00000   0.01337   0.00000   0.00000   0.01347   0.04768   0.02642   0.02735   3.44501  -14.23007  -15.88095   0.00000  16.82922  
 37  3.6447    404.592975  x:  0.00775   0.00000   0.00000   0.01316   0.00000   0.00000   0.01333   0.00000   0.00000   0.00000   0.00000   0.00000   0.00000   0.00000   0.00000   0.01313   0.00000   0.00000   0.01313   0.00000   0.00000   0.01334   0.00000   0.01285   0.00000   0.00000   0.01301   0.04828   0.02660   0.02686   3.44467  -21.28468  -22.93969   0.00000  23.32792  
 38  6.2324    404.588032  x:  0.00771   0.00000   0.00000   0.01313   0.00000   0.00000   0.01329   0.00000   0.00000   0.00000   0.00000   0.00000   0.00000   0.00000   0.00000   0.01352   0.00000   0.00000   0.01355   0.00000   0.00000   0.01317   0.00000   0.01359   0.00000   0.00000   0.01328   0.04788   0.02669   0.02663   3.47364  -35.26581  -36.93326   0.00000  36.20868  
 39  7.8766    404.583938  x:  0.00792   0.00000   0.00000   0.01340   0.00000   0.00000   0.01313   0.00000   0.00000   0.00000   0.00000   0.00000   0.00000   0.00000   0.00000   0.01337   0.00000   0.00000   0.01310   0.00000   0.00000   0.01320   0.00000   0.01303   0.00000   0.00000   0.01331   0.04726   0.02642   0.02697   3.45558  -67.13047  -68.78341   0.00000  65.54592  
 40 15.7153    404.582754  x:  0.00837   0.00000   0.00000   0.01337   0.00000   0.00000   0.01315   0.00000   0.00000   0.00000   0.00000   0.00000   0.00000   0.00000   0.00000   0.01333   0.00000   0.00000   0.01306   0.00000   0.00000   0.01323   0.00000   0.01293   0.00000   0.00000   0.01327   0.04689   0.02640   0.02705   3.45101  -97.35082  -99.00000   0.00000  93.37359  
 41 90.4248    404.582613  x:  0.00837   0.00000   0.00000   0.01337   0.00000   0.00000   0.01315   0.00000   0.00000   0.00000   0.00000   0.00000   0.00000   0.00000   0.00000   0.01333   0.00000   0.00000   0.01306   0.00000   0.00000   0.01323   0.00000   0.01293   0.00000   0.00000   0.01327   0.04689   0.02640   0.02705   3.45101  -97.34002  -99.00000   0.00000  93.36365  
 42 107.2104    404.581891  x:  0.00856   0.00000   0.00000   0.01318   0.00000   0.00000   0.01327   0.00000   0.00000   0.00000   0.00000   0.00000   0.00000   0.00000   0.00000   0.01337   0.00000   0.00000   0.01331   0.00000   0.00000   0.01323   0.00000   0.01320   0.00000   0.00000   0.01320   0.04705   0.02658   0.02688   3.45700  -97.34144  -99.00000   0.00000  93.36296  
 43  0.0051    404.581884  x:  0.00855   0.00000   0.00000   0.01320   0.00000   0.00000   0.01327   0.00000   0.00000   0.00000   0.00000   0.00000   0.00000   0.00000   0.00000   0.01338   0.00000   0.00000   0.01331   0.00000   0.00000   0.01322   0.00000   0.01322   0.00000   0.00000   0.01322   0.04703   0.02658   0.02684   3.45929  -97.34148  -99.00000   0.00000  93.36302  
 44  0.0022    404.581884  x:  0.00854   0.00000   0.00000   0.01320   0.00000   0.00000   0.01326   0.00000   0.00000   0.00000   0.00000   0.00000   0.00000   0.00000   0.00000   0.01338   0.00000   0.00000   0.01331   0.00000   0.00000   0.01322   0.00000   0.01322   0.00000   0.00000   0.01322   0.04704   0.02658   0.02684   3.45943  -97.34149  -99.00000   0.00000  93.36308  
 45  0.0002    404.581884  x:  0.00853   0.00000   0.00000   0.01320   0.00000   0.00000   0.01326   0.00000   0.00000   0.00000   0.00000   0.00000   0.00000   0.00000   0.00000   0.01338   0.00000   0.00000   0.01331   0.00000   0.00000   0.01322   0.00000   0.01322   0.00000   0.00000   0.01322   0.04704   0.02658   0.02685   3.45954  -97.34150  -99.00000   0.00000  93.36334  
 46  0.0001    404.581884  x:  0.00845   0.00000   0.00000   0.01320   0.00000   0.00000   0.01326   0.00000   0.00000   0.00000   0.00000   0.00000   0.00000   0.00000   0.00000   0.01338   0.00000   0.00000   0.01331   0.00000   0.00000   0.01322   0.00000   0.01322   0.00000   0.00000   0.01322   0.04713   0.02658   0.02685   3.45972  -97.34151  -99.00000   0.00000  93.36580  
 47  0.0003    404.581883  x:  0.00699   0.00000   0.00000   0.01320   0.00000   0.00000   0.01326   0.00000   0.00000   0.00000   0.00000   0.00000   0.00000   0.00000   0.00000   0.01339   0.00000   0.00000   0.01332   0.00000   0.00000   0.01322   0.00000   0.01322   0.00000   0.00000   0.01322   0.04859   0.02658   0.02686   3.46124  -97.34160  -99.00000   0.00000  93.41008  
 48  0.0170    404.581876  x:  0.00054   0.00000   0.00000   0.01320   0.00000   0.00000   0.01326   0.00000   0.00000   0.00000   0.00000   0.00000   0.00000   0.00000   0.00000   0.01339   0.00000   0.00000   0.01332   0.00000   0.00000   0.01323   0.00000   0.01322   0.00000   0.00000   0.01322   0.05504   0.02658   0.02686   3.46146  -97.34161  -99.00000   0.00000  93.60508  
 49  0.0244    404.581876  x:  0.00000   0.00000   0.00000   0.01320   0.00000   0.00000   0.01326   0.00000   0.00000   0.00000   0.00000   0.00000   0.00000   0.00000   0.00000   0.01339   0.00000   0.00000   0.01332   0.00000   0.00000   0.01323   0.00000   0.01322   0.00000   0.00000   0.01322   0.05558   0.02658   0.02686   3.46146  -97.34161  -99.00000   0.00000  93.62137  
 50 45.4445    404.581876  x:  0.00000   0.00000   0.00000   0.01320   0.00000   0.00000   0.01326   0.00000   0.00000   0.00000   0.00000   0.00000   0.00000   0.00000   0.00000   0.01339   0.00000   0.00000   0.01332   0.00000   0.00000   0.01323   0.00000   0.01322   0.00000   0.00000   0.01322   0.05558   0.02658   0.02686   3.46146  -97.34161  -99.00000   0.00000  93.62137  
 51  1.0486    404.581875  x:  0.00000   0.00000   0.00000   0.01320   0.00000   0.00000   0.01326   0.00000   0.00000   0.00000   0.00000   0.00000   0.00000   0.00000   0.00000   0.01338   0.00000   0.00000   0.01331   0.00000   0.00000   0.01322   0.00000   0.01322   0.00000   0.00000   0.01322   0.05558   0.02658   0.02685   3.46146  -97.34161  -99.00000   0.00000  93.62137  
 52  0.0773    404.581875  x:  0.00000   0.00000   0.00000   0.01320   0.00000   0.00000   0.01327   0.00000   0.00000   0.00000   0.00000   0.00000   0.00000   0.00000   0.00000   0.01338   0.00000   0.00000   0.01331   0.00000   0.00000   0.01322   0.00000   0.01322   0.00000   0.00000   0.01322   0.05558   0.02658   0.02685   3.46146  -97.34161  -99.00000   0.00000  93.62137  
 53  0.0230    404.581875  x:  0.00000   0.00000   0.00000   0.01320   0.00000   0.00000   0.01326   0.00000   0.00000   0.00000   0.00000   0.00000   0.00000   0.00000   0.00000   0.01338   0.00000   0.00000   0.01331   0.00000   0.00000   0.01322   0.00000   0.01322   0.00000   0.00000   0.01322   0.05558   0.02658   0.02684   3.46146  -97.34161  -99.00000   0.00000  93.62137  