Supplemental results for CODEML (seqf: /Users/YY/Desktop/get/branch_site/modify/modify_trim_muscle_psaA.fa  treef: /Users/YY/Desktop/get/branch_site/16gene_topu.tree)


dN/dS (w) for site classes (K=4)

site class             0        1       2a       2b
proportion       0.98465  0.01535  0.00000  0.00000
background w     0.01311  1.00000  0.01311  1.00000
foreground w     0.01311  1.00000  1.00000  1.00000

Naive Empirical Bayes (NEB) probabilities for 4 classes
(amino acids refer to 1st sequence: NC_034643)

   1 M   0.99086 0.00914 0.00000 0.00000 ( 1)
   2 I   0.99218 0.00782 0.00000 0.00000 ( 1)
   3 I   0.99218 0.00782 0.00000 0.00000 ( 1)
   4 R   0.99035 0.00965 0.00000 0.00000 ( 1)
   5 S   0.98772 0.01227 0.00000 0.00000 ( 1)
   6 P   0.98803 0.01197 0.00000 0.00000 ( 1)
   7 E   0.98991 0.01008 0.00000 0.00000 ( 1)
   8 P   0.98932 0.01068 0.00000 0.00000 ( 1)
   9 E   0.98991 0.01008 0.00000 0.00000 ( 1)
  10 V   0.99008 0.00991 0.00000 0.00000 ( 1)
  11 K   0.98960 0.01040 0.00000 0.00000 ( 1)
  12 I   0.99218 0.00782 0.00000 0.00000 ( 1)
  13 L   0.98773 0.01227 0.00000 0.00000 ( 1)
  14 V   0.99008 0.00991 0.00000 0.00000 ( 1)
  15 D   0.99172 0.00828 0.00000 0.00000 ( 1)
  16 R   0.98815 0.01185 0.00000 0.00000 ( 1)
  17 D   0.99172 0.00828 0.00000 0.00000 ( 1)
  18 H   0.98771 0.01229 0.00000 0.00000 ( 1)
  19 I   0.99101 0.00899 0.00000 0.00000 ( 1)
  20 K   0.98960 0.01040 0.00000 0.00000 ( 1)
  21 T   0.99158 0.00842 0.00000 0.00000 ( 1)
  22 S   0.99114 0.00886 0.00000 0.00000 ( 1)
  23 F   0.98841 0.01159 0.00000 0.00000 ( 1)
  24 E   0.98862 0.01137 0.00000 0.00000 ( 1)
  25 E   0.98991 0.01008 0.00000 0.00000 ( 1)
  26 W   0.98722 0.01278 0.00000 0.00000 ( 1)
  27 A   0.98790 0.01210 0.00000 0.00000 ( 1)
  28 R   0.98846 0.01154 0.00000 0.00000 ( 1)
  29 P   0.98787 0.01213 0.00000 0.00000 ( 1)
  30 G   0.99115 0.00885 0.00000 0.00000 ( 1)
  31 H   0.99092 0.00908 0.00000 0.00000 ( 1)
  32 F   0.98841 0.01159 0.00000 0.00000 ( 1)
  33 S   0.98881 0.01119 0.00000 0.00000 ( 1)
  34 R   0.98916 0.01083 0.00000 0.00000 ( 1)
  35 T   0.98973 0.01027 0.00000 0.00000 ( 1)
  36 L   0.98790 0.01210 0.00000 0.00000 ( 1)
  37 A   0.99190 0.00809 0.00000 0.00000 ( 1)
  38 K   0.98960 0.01040 0.00000 0.00000 ( 1)
  39 G   0.98777 0.01223 0.00000 0.00000 ( 1)
  40 P   0.99106 0.00893 0.00000 0.00000 ( 1)
  41 D   0.98825 0.01174 0.00000 0.00000 ( 1)
  42 T   0.99158 0.00842 0.00000 0.00000 ( 1)
  43 T   0.98772 0.01228 0.00000 0.00000 ( 1)
  44 T   0.99158 0.00842 0.00000 0.00000 ( 1)
  45 W   0.98722 0.01278 0.00000 0.00000 ( 1)
  46 I   0.98839 0.01160 0.00000 0.00000 ( 1)
  47 W   0.98722 0.01278 0.00000 0.00000 ( 1)
  48 N   0.98800 0.01200 0.00000 0.00000 ( 1)
  49 L   0.98793 0.01207 0.00000 0.00000 ( 1)
  50 H   0.99092 0.00908 0.00000 0.00000 ( 1)
  51 A   0.99190 0.00809 0.00000 0.00000 ( 1)
  52 D   0.99172 0.00828 0.00000 0.00000 ( 1)
  53 A   0.99190 0.00809 0.00000 0.00000 ( 1)
  54 H   0.98807 0.01193 0.00000 0.00000 ( 1)
  55 D   0.99172 0.00828 0.00000 0.00000 ( 1)
  56 F   0.98841 0.01159 0.00000 0.00000 ( 1)
  57 D   0.99172 0.00828 0.00000 0.00000 ( 1)
  58 S   0.98781 0.01218 0.00000 0.00000 ( 1)
  59 H   0.99092 0.00908 0.00000 0.00000 ( 1)
  60 T   0.98772 0.01228 0.00000 0.00000 ( 1)
  61 S   0.99118 0.00881 0.00000 0.00000 ( 1)
  62 D   0.99172 0.00828 0.00000 0.00000 ( 1)
  63 L   0.98773 0.01227 0.00000 0.00000 ( 1)
  64 E   0.98862 0.01137 0.00000 0.00000 ( 1)
  65 E   0.98862 0.01137 0.00000 0.00000 ( 1)
  66 I   0.98845 0.01155 0.00000 0.00000 ( 1)
  67 S   0.99114 0.00886 0.00000 0.00000 ( 1)
  68 R   0.98738 0.01262 0.00000 0.00000 ( 1)
  69 K   0.98960 0.01040 0.00000 0.00000 ( 1)
  70 V   0.98813 0.01187 0.00000 0.00000 ( 1)
  71 F   0.99196 0.00803 0.00000 0.00000 ( 1)
  72 S   0.99118 0.00881 0.00000 0.00000 ( 1)
  73 A   0.98790 0.01210 0.00000 0.00000 ( 1)
  74 H   0.99092 0.00908 0.00000 0.00000 ( 1)
  75 F   0.98841 0.01159 0.00000 0.00000 ( 1)
  76 G   0.98779 0.01220 0.00000 0.00000 ( 1)
  77 Q   0.98826 0.01174 0.00000 0.00000 ( 1)
  78 L   0.98764 0.01236 0.00000 0.00000 ( 1)
  79 S   0.98748 0.01252 0.00000 0.00000 ( 1)
  80 I   0.98825 0.01175 0.00000 0.00000 ( 1)
  81 I   0.98825 0.01175 0.00000 0.00000 ( 1)
  82 F   0.99196 0.00803 0.00000 0.00000 ( 1)
  83 L   0.99142 0.00857 0.00000 0.00000 ( 1)
  84 W   0.98722 0.01278 0.00000 0.00000 ( 1)
  85 L   0.98723 0.01277 0.00000 0.00000 ( 1)
  86 S   0.99118 0.00881 0.00000 0.00000 ( 1)
  87 G   0.99083 0.00917 0.00000 0.00000 ( 1)
  88 M   0.99086 0.00914 0.00000 0.00000 ( 1)
  89 Y   0.99055 0.00945 0.00000 0.00000 ( 1)
  90 F   0.98841 0.01159 0.00000 0.00000 ( 1)
  91 H   0.99056 0.00944 0.00000 0.00000 ( 1)
  92 G   0.99115 0.00885 0.00000 0.00000 ( 1)
  93 A   0.99190 0.00809 0.00000 0.00000 ( 1)
  94 R   0.99035 0.00965 0.00000 0.00000 ( 1)
  95 F   0.99196 0.00803 0.00000 0.00000 ( 1)
  96 S   0.99105 0.00895 0.00000 0.00000 ( 1)
  97 N   0.99143 0.00857 0.00000 0.00000 ( 1)
  98 Y   0.99055 0.00945 0.00000 0.00000 ( 1)
  99 E   0.98991 0.01008 0.00000 0.00000 ( 1)
 100 A   0.99000 0.01000 0.00000 0.00000 ( 1)
 101 W   0.98722 0.01278 0.00000 0.00000 ( 1)
 102 L   0.98793 0.01207 0.00000 0.00000 ( 1)
 103 S   0.99118 0.00881 0.00000 0.00000 ( 1)
 104 D   0.99172 0.00828 0.00000 0.00000 ( 1)
 105 P   0.98787 0.01213 0.00000 0.00000 ( 1)
 106 T   0.99158 0.00842 0.00000 0.00000 ( 1)
 107 H   0.98771 0.01229 0.00000 0.00000 ( 1)
 108 I   0.99181 0.00818 0.00000 0.00000 ( 1)
 109 G   0.98800 0.01199 0.00000 0.00000 ( 1)
 110 P   0.98890 0.01110 0.00000 0.00000 ( 1)
 111 S   0.99118 0.00881 0.00000 0.00000 ( 1)
 112 A   0.98790 0.01210 0.00000 0.00000 ( 1)
 113 Q   0.98735 0.01265 0.00000 0.00000 ( 1)
 114 V   0.98845 0.01155 0.00000 0.00000 ( 1)
 115 V   0.99200 0.00800 0.00000 0.00000 ( 1)
 116 W   0.98722 0.01278 0.00000 0.00000 ( 1)
 117 P   0.98932 0.01068 0.00000 0.00000 ( 1)
 118 I   0.99101 0.00899 0.00000 0.00000 ( 1)
 119 V   0.98845 0.01155 0.00000 0.00000 ( 1)
 120 G   0.98749 0.01251 0.00000 0.00000 ( 1)
 121 Q   0.98826 0.01174 0.00000 0.00000 ( 1)
 122 E   0.98991 0.01008 0.00000 0.00000 ( 1)
 123 I   0.99101 0.00899 0.00000 0.00000 ( 1)
 124 L   0.98773 0.01227 0.00000 0.00000 ( 1)
 125 N   0.99143 0.00857 0.00000 0.00000 ( 1)
 126 G   0.99115 0.00885 0.00000 0.00000 ( 1)
 127 D   0.99172 0.00828 0.00000 0.00000 ( 1)
 128 V   0.98845 0.01155 0.00000 0.00000 ( 1)
 129 G   0.99115 0.00885 0.00000 0.00000 ( 1)
 130 G   0.98792 0.01208 0.00000 0.00000 ( 1)
 131 G   0.98749 0.01251 0.00000 0.00000 ( 1)
 132 F   0.98841 0.01159 0.00000 0.00000 ( 1)
 133 R   0.98738 0.01262 0.00000 0.00000 ( 1)
 134 G   0.98913 0.01087 0.00000 0.00000 ( 1)
 135 I   0.99101 0.00899 0.00000 0.00000 ( 1)
 136 Q   0.98826 0.01174 0.00000 0.00000 ( 1)
 137 I   0.99101 0.00899 0.00000 0.00000 ( 1)
 138 T   0.98772 0.01228 0.00000 0.00000 ( 1)
 139 S   0.99114 0.00886 0.00000 0.00000 ( 1)
 140 G   0.99107 0.00892 0.00000 0.00000 ( 1)
 141 F   0.99196 0.00803 0.00000 0.00000 ( 1)
 142 F   0.99196 0.00803 0.00000 0.00000 ( 1)
 143 Q   0.98735 0.01265 0.00000 0.00000 ( 1)
 144 L   0.59285 0.40715 0.00000 0.00000 ( 1)
 145 W   0.98722 0.01278 0.00000 0.00000 ( 1)
 146 R   0.98735 0.01265 0.00000 0.00000 ( 1)
 147 A   0.99000 0.01000 0.00000 0.00000 ( 1)
 148 S   0.99062 0.00938 0.00000 0.00000 ( 1)
 149 G   0.98913 0.01087 0.00000 0.00000 ( 1)
 150 I   0.99101 0.00899 0.00000 0.00000 ( 1)
 151 T   0.99158 0.00842 0.00000 0.00000 ( 1)
 152 S   0.99118 0.00881 0.00000 0.00000 ( 1)
 153 E   0.98991 0.01008 0.00000 0.00000 ( 1)
 154 L   0.98773 0.01227 0.00000 0.00000 ( 1)
 155 Q   0.98822 0.01178 0.00000 0.00000 ( 1)
 156 L   0.98764 0.01236 0.00000 0.00000 ( 1)
 157 Y   0.99055 0.00945 0.00000 0.00000 ( 1)
 158 C   0.99057 0.00943 0.00000 0.00000 ( 1)
 159 T   0.98772 0.01228 0.00000 0.00000 ( 1)
 160 A   0.98996 0.01004 0.00000 0.00000 ( 1)
 161 I   0.99218 0.00782 0.00000 0.00000 ( 1)
 162 G   0.99115 0.00885 0.00000 0.00000 ( 1)
 163 A   0.99000 0.01000 0.00000 0.00000 ( 1)
 164 L   0.98773 0.01227 0.00000 0.00000 ( 1)
 165 I   0.98846 0.01154 0.00000 0.00000 ( 1)
 166 F   0.99196 0.00803 0.00000 0.00000 ( 1)
 167 A   0.99000 0.01000 0.00000 0.00000 ( 1)
 168 A   0.98838 0.01161 0.00000 0.00000 ( 1)
 169 L   0.98838 0.01162 0.00000 0.00000 ( 1)
 170 M   0.99086 0.00914 0.00000 0.00000 ( 1)
 171 L   0.99142 0.00857 0.00000 0.00000 ( 1)
 172 F   0.99196 0.00803 0.00000 0.00000 ( 1)
 173 A   0.99190 0.00809 0.00000 0.00000 ( 1)
 174 G   0.99115 0.00885 0.00000 0.00000 ( 1)
 175 W   0.98722 0.01278 0.00000 0.00000 ( 1)
 176 F   0.99196 0.00803 0.00000 0.00000 ( 1)
 177 H   0.99092 0.00908 0.00000 0.00000 ( 1)
 178 Y   0.99055 0.00945 0.00000 0.00000 ( 1)
 179 H   0.99086 0.00914 0.00000 0.00000 ( 1)
 180 K   0.98960 0.01040 0.00000 0.00000 ( 1)
 181 A   0.60695 0.39305 0.00000 0.00000 ( 1)
 182 A   0.99190 0.00809 0.00000 0.00000 ( 1)
 183 P   0.98932 0.01068 0.00000 0.00000 ( 1)
 184 K   0.98960 0.01040 0.00000 0.00000 ( 1)
 185 L   0.98773 0.01227 0.00000 0.00000 ( 1)
 186 A   0.99190 0.00809 0.00000 0.00000 ( 1)
 187 W   0.98722 0.01278 0.00000 0.00000 ( 1)
 188 F   0.99196 0.00803 0.00000 0.00000 ( 1)
 189 Q   0.98826 0.01174 0.00000 0.00000 ( 1)
 190 D   0.99172 0.00828 0.00000 0.00000 ( 1)
 191 V   0.99008 0.00991 0.00000 0.00000 ( 1)
 192 E   0.98991 0.01008 0.00000 0.00000 ( 1)
 193 S   0.99114 0.00886 0.00000 0.00000 ( 1)
 194 M   0.99086 0.00914 0.00000 0.00000 ( 1)
 195 L   0.98771 0.01228 0.00000 0.00000 ( 1)
 196 N   0.99143 0.00857 0.00000 0.00000 ( 1)
 197 H   0.98771 0.01229 0.00000 0.00000 ( 1)
 198 H   0.99092 0.00908 0.00000 0.00000 ( 1)
 199 L   0.98838 0.01162 0.00000 0.00000 ( 1)
 200 A   0.98838 0.01161 0.00000 0.00000 ( 1)
 201 G   0.98792 0.01208 0.00000 0.00000 ( 1)
 202 L   0.98793 0.01207 0.00000 0.00000 ( 1)
 203 L   0.98793 0.01207 0.00000 0.00000 ( 1)
 204 G   0.98913 0.01087 0.00000 0.00000 ( 1)
 205 L   0.98687 0.01313 0.00000 0.00000 ( 1)
 206 G   0.98792 0.01208 0.00000 0.00000 ( 1)
 207 S   0.99114 0.00886 0.00000 0.00000 ( 1)
 208 L   0.98764 0.01236 0.00000 0.00000 ( 1)
 209 S   0.99114 0.00886 0.00000 0.00000 ( 1)
 210 W   0.98722 0.01278 0.00000 0.00000 ( 1)
 211 A   0.98838 0.01161 0.00000 0.00000 ( 1)
 212 G   0.98792 0.01208 0.00000 0.00000 ( 1)
 213 H   0.99092 0.00908 0.00000 0.00000 ( 1)
 214 Q   0.98826 0.01174 0.00000 0.00000 ( 1)
 215 V   0.99008 0.00991 0.00000 0.00000 ( 1)
 216 H   0.99092 0.00908 0.00000 0.00000 ( 1)
 217 V   0.99008 0.00991 0.00000 0.00000 ( 1)
 218 S   0.99114 0.00886 0.00000 0.00000 ( 1)
 219 L   0.98838 0.01162 0.00000 0.00000 ( 1)
 220 P   0.98795 0.01205 0.00000 0.00000 ( 1)
 221 I   0.99218 0.00782 0.00000 0.00000 ( 1)
 222 N   0.98800 0.01200 0.00000 0.00000 ( 1)
 223 Q   0.98826 0.01174 0.00000 0.00000 ( 1)
 224 F   0.99196 0.00803 0.00000 0.00000 ( 1)
 225 L   0.98793 0.01207 0.00000 0.00000 ( 1)
 226 N   0.98839 0.01161 0.00000 0.00000 ( 1)
 227 A   0.99190 0.00809 0.00000 0.00000 ( 1)
 228 G   0.98913 0.01087 0.00000 0.00000 ( 1)
 229 V   0.99008 0.00991 0.00000 0.00000 ( 1)
 230 D   0.99140 0.00860 0.00000 0.00000 ( 1)
 231 P   0.99106 0.00893 0.00000 0.00000 ( 1)
 232 K   0.98960 0.01040 0.00000 0.00000 ( 1)
 233 E   0.98862 0.01137 0.00000 0.00000 ( 1)
 234 I   0.99101 0.00899 0.00000 0.00000 ( 1)
 235 P   0.98932 0.01068 0.00000 0.00000 ( 1)
 236 L   0.99142 0.00857 0.00000 0.00000 ( 1)
 237 P   0.99106 0.00893 0.00000 0.00000 ( 1)
 238 H   0.99092 0.00908 0.00000 0.00000 ( 1)
 239 E   0.98991 0.01008 0.00000 0.00000 ( 1)
 240 F   0.99196 0.00803 0.00000 0.00000 ( 1)
 241 I   0.98825 0.01175 0.00000 0.00000 ( 1)
 242 L   0.98775 0.01225 0.00000 0.00000 ( 1)
 243 N   0.99143 0.00857 0.00000 0.00000 ( 1)
 244 R   0.98726 0.01274 0.00000 0.00000 ( 1)
 245 D   0.99172 0.00828 0.00000 0.00000 ( 1)
 246 L   0.99142 0.00857 0.00000 0.00000 ( 1)
 247 L   0.98773 0.01227 0.00000 0.00000 ( 1)
 248 A   0.99190 0.00809 0.00000 0.00000 ( 1)
 249 Q   0.98826 0.01174 0.00000 0.00000 ( 1)
 250 L   0.99142 0.00857 0.00000 0.00000 ( 1)
 251 Y   0.99055 0.00945 0.00000 0.00000 ( 1)
 252 P   0.98744 0.01255 0.00000 0.00000 ( 1)
 253 S   0.99118 0.00881 0.00000 0.00000 ( 1)
 254 F   0.99196 0.00803 0.00000 0.00000 ( 1)
 255 A   0.99190 0.00809 0.00000 0.00000 ( 1)
 256 E   0.98874 0.01126 0.00000 0.00000 ( 1)
 257 G   0.98913 0.01087 0.00000 0.00000 ( 1)
 258 A   0.99000 0.01000 0.00000 0.00000 ( 1)
 259 T   0.99158 0.00842 0.00000 0.00000 ( 1)
 260 P   0.98744 0.01255 0.00000 0.00000 ( 1)
 261 F   0.99196 0.00803 0.00000 0.00000 ( 1)
 262 F   0.98867 0.01132 0.00000 0.00000 ( 1)
 263 T   0.98772 0.01228 0.00000 0.00000 ( 1)
 264 L   0.98773 0.01227 0.00000 0.00000 ( 1)
 265 N   0.60286 0.39714 0.00000 0.00000 ( 1)
 266 W   0.98722 0.01278 0.00000 0.00000 ( 1)
 267 S   0.98881 0.01119 0.00000 0.00000 ( 1)
 268 K   0.98960 0.01040 0.00000 0.00000 ( 1)
 269 Y   0.99055 0.00945 0.00000 0.00000 ( 1)
 270 S   0.98881 0.01119 0.00000 0.00000 ( 1)
 271 D   0.98865 0.01135 0.00000 0.00000 ( 1)
 272 F   0.99196 0.00803 0.00000 0.00000 ( 1)
 273 L   0.99131 0.00869 0.00000 0.00000 ( 1)
 274 T   0.99158 0.00842 0.00000 0.00000 ( 1)
 275 F   0.99196 0.00803 0.00000 0.00000 ( 1)
 276 R   0.99035 0.00965 0.00000 0.00000 ( 1)
 277 G   0.98913 0.01087 0.00000 0.00000 ( 1)
 278 G   0.98913 0.01087 0.00000 0.00000 ( 1)
 279 L   0.98838 0.01162 0.00000 0.00000 ( 1)
 280 D   0.99172 0.00828 0.00000 0.00000 ( 1)
 281 P   0.98932 0.01068 0.00000 0.00000 ( 1)
 282 V   0.99008 0.00991 0.00000 0.00000 ( 1)
 283 T   0.99158 0.00842 0.00000 0.00000 ( 1)
 284 G   0.98792 0.01208 0.00000 0.00000 ( 1)
 285 G   0.99115 0.00885 0.00000 0.00000 ( 1)
 286 L   0.98783 0.01217 0.00000 0.00000 ( 1)
 287 W   0.98722 0.01278 0.00000 0.00000 ( 1)
 288 L   0.98690 0.01309 0.00000 0.00000 ( 1)
 289 T   0.98772 0.01228 0.00000 0.00000 ( 1)
 290 D   0.99172 0.00828 0.00000 0.00000 ( 1)
 291 I   0.98861 0.01138 0.00000 0.00000 ( 1)
 292 A   0.99000 0.01000 0.00000 0.00000 ( 1)
 293 H   0.98771 0.01229 0.00000 0.00000 ( 1)
 294 H   0.99092 0.00908 0.00000 0.00000 ( 1)
 295 H   0.99092 0.00908 0.00000 0.00000 ( 1)
 296 L   0.98838 0.01162 0.00000 0.00000 ( 1)
 297 A   0.99190 0.00809 0.00000 0.00000 ( 1)
 298 I   0.99218 0.00782 0.00000 0.00000 ( 1)
 299 A   0.99000 0.01000 0.00000 0.00000 ( 1)
 300 I   0.99218 0.00782 0.00000 0.00000 ( 1)
 301 L   0.99142 0.00857 0.00000 0.00000 ( 1)
 302 F   0.98841 0.01159 0.00000 0.00000 ( 1)
 303 L   0.98687 0.01313 0.00000 0.00000 ( 1)
 304 I   0.99101 0.00899 0.00000 0.00000 ( 1)
 305 A   0.98990 0.01009 0.00000 0.00000 ( 1)
 306 G   0.99115 0.00885 0.00000 0.00000 ( 1)
 307 H   0.99092 0.00908 0.00000 0.00000 ( 1)
 308 M   0.99086 0.00914 0.00000 0.00000 ( 1)
 309 Y   0.99055 0.00945 0.00000 0.00000 ( 1)
 310 K   0.98840 0.01159 0.00000 0.00000 ( 1)
 311 T   0.98821 0.01179 0.00000 0.00000 ( 1)
 312 N   0.98800 0.01200 0.00000 0.00000 ( 1)
 313 W   0.98722 0.01278 0.00000 0.00000 ( 1)
 314 G   0.98749 0.01251 0.00000 0.00000 ( 1)
 315 I   0.99218 0.00782 0.00000 0.00000 ( 1)
 316 G   0.99115 0.00885 0.00000 0.00000 ( 1)
 317 H   0.99092 0.00908 0.00000 0.00000 ( 1)
 318 G   0.98749 0.01251 0.00000 0.00000 ( 1)
 319 L   0.98793 0.01207 0.00000 0.00000 ( 1)
 320 K   0.98960 0.01040 0.00000 0.00000 ( 1)
 321 D   0.99172 0.00828 0.00000 0.00000 ( 1)
 322 I   0.99218 0.00782 0.00000 0.00000 ( 1)
 323 L   0.98838 0.01162 0.00000 0.00000 ( 1)
 324 E   0.98991 0.01008 0.00000 0.00000 ( 1)
 325 A   0.99190 0.00809 0.00000 0.00000 ( 1)
 326 H   0.99092 0.00908 0.00000 0.00000 ( 1)
 327 K   0.98960 0.01040 0.00000 0.00000 ( 1)
 328 G   0.99115 0.00885 0.00000 0.00000 ( 1)
 329 P   0.98932 0.01068 0.00000 0.00000 ( 1)
 330 F   0.99196 0.00803 0.00000 0.00000 ( 1)
 331 T   0.98824 0.01176 0.00000 0.00000 ( 1)
 332 G   0.99115 0.00885 0.00000 0.00000 ( 1)
 333 Q   0.98735 0.01265 0.00000 0.00000 ( 1)
 334 G   0.98756 0.01244 0.00000 0.00000 ( 1)
 335 H   0.99092 0.00908 0.00000 0.00000 ( 1)
 336 K   0.98960 0.01040 0.00000 0.00000 ( 1)
 337 G   0.98749 0.01251 0.00000 0.00000 ( 1)
 338 L   0.98793 0.01207 0.00000 0.00000 ( 1)
 339 Y   0.99055 0.00945 0.00000 0.00000 ( 1)
 340 E   0.98870 0.01130 0.00000 0.00000 ( 1)
 341 I   0.98825 0.01175 0.00000 0.00000 ( 1)
 342 L   0.98793 0.01207 0.00000 0.00000 ( 1)
 343 T   0.98973 0.01027 0.00000 0.00000 ( 1)
 344 T   0.98973 0.01027 0.00000 0.00000 ( 1)
 345 S   0.98879 0.01121 0.00000 0.00000 ( 1)
 346 W   0.98722 0.01278 0.00000 0.00000 ( 1)
 347 H   0.99092 0.00908 0.00000 0.00000 ( 1)
 348 A   0.99190 0.00809 0.00000 0.00000 ( 1)
 349 Q   0.98823 0.01177 0.00000 0.00000 ( 1)
 350 L   0.98838 0.01162 0.00000 0.00000 ( 1)
 351 S   0.99114 0.00886 0.00000 0.00000 ( 1)
 352 L   0.99112 0.00888 0.00000 0.00000 ( 1)
 353 N   0.98800 0.01200 0.00000 0.00000 ( 1)
 354 L   0.98784 0.01216 0.00000 0.00000 ( 1)
 355 A   0.99190 0.00809 0.00000 0.00000 ( 1)
 356 M   0.99086 0.00914 0.00000 0.00000 ( 1)
 357 L   0.98838 0.01162 0.00000 0.00000 ( 1)
 358 G   0.98749 0.01251 0.00000 0.00000 ( 1)
 359 S   0.99114 0.00886 0.00000 0.00000 ( 1)
 360 L   0.98838 0.01162 0.00000 0.00000 ( 1)
 361 T   0.98772 0.01228 0.00000 0.00000 ( 1)
 362 I   0.99218 0.00782 0.00000 0.00000 ( 1)
 363 I   0.61660 0.38340 0.00000 0.00000 ( 1)
 364 V   0.99008 0.00991 0.00000 0.00000 ( 1)
 365 A   0.99190 0.00809 0.00000 0.00000 ( 1)
 366 H   0.98774 0.01226 0.00000 0.00000 ( 1)
 367 H   0.99092 0.00908 0.00000 0.00000 ( 1)
 368 M   0.99086 0.00914 0.00000 0.00000 ( 1)
 369 Y   0.99046 0.00953 0.00000 0.00000 ( 1)
 370 S   0.99114 0.00886 0.00000 0.00000 ( 1)
 371 M   0.99086 0.00914 0.00000 0.00000 ( 1)
 372 P   0.98760 0.01239 0.00000 0.00000 ( 1)
 373 P   0.99106 0.00893 0.00000 0.00000 ( 1)
 374 Y   0.99055 0.00945 0.00000 0.00000 ( 1)
 375 P   0.98787 0.01213 0.00000 0.00000 ( 1)
 376 Y   0.99055 0.00945 0.00000 0.00000 ( 1)
 377 L   0.98793 0.01207 0.00000 0.00000 ( 1)
 378 A   0.99190 0.00809 0.00000 0.00000 ( 1)
 379 T   0.99158 0.00842 0.00000 0.00000 ( 1)
 380 D   0.98825 0.01174 0.00000 0.00000 ( 1)
 381 Y   0.99055 0.00945 0.00000 0.00000 ( 1)
 382 G   0.99115 0.00885 0.00000 0.00000 ( 1)
 383 T   0.98973 0.01027 0.00000 0.00000 ( 1)
 384 Q   0.98826 0.01174 0.00000 0.00000 ( 1)
 385 L   0.98687 0.01313 0.00000 0.00000 ( 1)
 386 S   0.98881 0.01119 0.00000 0.00000 ( 1)
 387 L   0.98773 0.01227 0.00000 0.00000 ( 1)
 388 F   0.98841 0.01159 0.00000 0.00000 ( 1)
 389 T   0.98973 0.01027 0.00000 0.00000 ( 1)
 390 H   0.99092 0.00908 0.00000 0.00000 ( 1)
 391 H   0.98782 0.01218 0.00000 0.00000 ( 1)
 392 M   0.99086 0.00914 0.00000 0.00000 ( 1)
 393 W   0.98722 0.01278 0.00000 0.00000 ( 1)
 394 I   0.99218 0.00782 0.00000 0.00000 ( 1)
 395 G   0.99112 0.00887 0.00000 0.00000 ( 1)
 396 G   0.98913 0.01087 0.00000 0.00000 ( 1)
 397 F   0.99196 0.00803 0.00000 0.00000 ( 1)
 398 L   0.98764 0.01236 0.00000 0.00000 ( 1)
 399 I   0.99101 0.00899 0.00000 0.00000 ( 1)
 400 V   0.99192 0.00807 0.00000 0.00000 ( 1)
 401 G   0.98749 0.01251 0.00000 0.00000 ( 1)
 402 A   0.99190 0.00809 0.00000 0.00000 ( 1)
 403 A   0.99190 0.00809 0.00000 0.00000 ( 1)
 404 A   0.98838 0.01161 0.00000 0.00000 ( 1)
 405 H   0.99092 0.00908 0.00000 0.00000 ( 1)
 406 A   0.99000 0.01000 0.00000 0.00000 ( 1)
 407 A   0.98790 0.01210 0.00000 0.00000 ( 1)
 408 I   0.99218 0.00782 0.00000 0.00000 ( 1)
 409 F   0.99196 0.00803 0.00000 0.00000 ( 1)
 410 M   0.99086 0.00914 0.00000 0.00000 ( 1)
 411 V   0.99008 0.00991 0.00000 0.00000 ( 1)
 412 R   0.98916 0.01083 0.00000 0.00000 ( 1)
 413 D   0.98842 0.01157 0.00000 0.00000 ( 1)
 414 Y   0.99055 0.00945 0.00000 0.00000 ( 1)
 415 D   0.99172 0.00828 0.00000 0.00000 ( 1)
 416 P   0.99106 0.00893 0.00000 0.00000 ( 1)
 417 T   0.99158 0.00842 0.00000 0.00000 ( 1)
 418 T   0.99158 0.00842 0.00000 0.00000 ( 1)
 419 R   0.98738 0.01262 0.00000 0.00000 ( 1)
 420 Y   0.98718 0.01282 0.00000 0.00000 ( 1)
 421 N   0.99138 0.00862 0.00000 0.00000 ( 1)
 422 D   0.99172 0.00828 0.00000 0.00000 ( 1)
 423 L   0.98793 0.01207 0.00000 0.00000 ( 1)
 424 L   0.98838 0.01162 0.00000 0.00000 ( 1)
 425 D   0.99172 0.00828 0.00000 0.00000 ( 1)
 426 R   0.99035 0.00965 0.00000 0.00000 ( 1)
 427 V   0.98796 0.01204 0.00000 0.00000 ( 1)
 428 L   0.99104 0.00896 0.00000 0.00000 ( 1)
 429 R   0.98819 0.01181 0.00000 0.00000 ( 1)
 430 H   0.99092 0.00908 0.00000 0.00000 ( 1)
 431 R   0.98708 0.01292 0.00000 0.00000 ( 1)
 432 D   0.99172 0.00828 0.00000 0.00000 ( 1)
 433 A   0.99000 0.01000 0.00000 0.00000 ( 1)
 434 I   0.98975 0.01025 0.00000 0.00000 ( 1)
 435 I   0.99101 0.00899 0.00000 0.00000 ( 1)
 436 S   0.98881 0.01119 0.00000 0.00000 ( 1)
 437 H   0.99092 0.00908 0.00000 0.00000 ( 1)
 438 L   0.98764 0.01236 0.00000 0.00000 ( 1)
 439 N   0.98800 0.01200 0.00000 0.00000 ( 1)
 440 W   0.98722 0.01278 0.00000 0.00000 ( 1)
 441 A   0.99000 0.01000 0.00000 0.00000 ( 1)
 442 C   0.99057 0.00943 0.00000 0.00000 ( 1)
 443 I   0.99101 0.00899 0.00000 0.00000 ( 1)
 444 F   0.99196 0.00803 0.00000 0.00000 ( 1)
 445 L   0.98793 0.01207 0.00000 0.00000 ( 1)
 446 G   0.98749 0.01251 0.00000 0.00000 ( 1)
 447 F   0.99196 0.00803 0.00000 0.00000 ( 1)
 448 H   0.98771 0.01229 0.00000 0.00000 ( 1)
 449 S   0.99118 0.00881 0.00000 0.00000 ( 1)
 450 F   0.99196 0.00803 0.00000 0.00000 ( 1)
 451 G   0.99115 0.00885 0.00000 0.00000 ( 1)
 452 L   0.98773 0.01227 0.00000 0.00000 ( 1)
 453 Y   0.99055 0.00945 0.00000 0.00000 ( 1)
 454 I   0.99218 0.00782 0.00000 0.00000 ( 1)
 455 H   0.99092 0.00908 0.00000 0.00000 ( 1)
 456 N   0.99143 0.00857 0.00000 0.00000 ( 1)
 457 D   0.99172 0.00828 0.00000 0.00000 ( 1)
 458 T   0.98772 0.01228 0.00000 0.00000 ( 1)
 459 M   0.99086 0.00914 0.00000 0.00000 ( 1)
 460 S   0.98781 0.01218 0.00000 0.00000 ( 1)
 461 A   0.99190 0.00809 0.00000 0.00000 ( 1)
 462 L   0.98773 0.01227 0.00000 0.00000 ( 1)
 463 G   0.98792 0.01208 0.00000 0.00000 ( 1)
 464 R   0.99035 0.00965 0.00000 0.00000 ( 1)
 465 P   0.99106 0.00893 0.00000 0.00000 ( 1)
 466 Q   0.98826 0.01174 0.00000 0.00000 ( 1)
 467 D   0.99172 0.00828 0.00000 0.00000 ( 1)
 468 M   0.99086 0.00914 0.00000 0.00000 ( 1)
 469 F   0.99196 0.00803 0.00000 0.00000 ( 1)
 470 S   0.98769 0.01231 0.00000 0.00000 ( 1)
 471 D   0.99172 0.00828 0.00000 0.00000 ( 1)
 472 T   0.98772 0.01228 0.00000 0.00000 ( 1)
 473 A   0.99190 0.00809 0.00000 0.00000 ( 1)
 474 I   0.98844 0.01156 0.00000 0.00000 ( 1)
 475 Q   0.98826 0.01174 0.00000 0.00000 ( 1)
 476 L   0.98838 0.01162 0.00000 0.00000 ( 1)
 477 Q   0.98826 0.01174 0.00000 0.00000 ( 1)
 478 P   0.99106 0.00893 0.00000 0.00000 ( 1)
 479 V   0.98796 0.01204 0.00000 0.00000 ( 1)
 480 F   0.99196 0.00803 0.00000 0.00000 ( 1)
 481 A   0.99189 0.00811 0.00000 0.00000 ( 1)
 482 Q   0.98826 0.01174 0.00000 0.00000 ( 1)
 483 W   0.98722 0.01278 0.00000 0.00000 ( 1)
 484 I   0.99101 0.00899 0.00000 0.00000 ( 1)
 485 Q   0.98826 0.01174 0.00000 0.00000 ( 1)
 486 N   0.98800 0.01200 0.00000 0.00000 ( 1)
 487 T   0.98772 0.01228 0.00000 0.00000 ( 1)
 488 H   0.99092 0.00908 0.00000 0.00000 ( 1)
 489 A   0.99190 0.00809 0.00000 0.00000 ( 1)
 490 L   0.98838 0.01162 0.00000 0.00000 ( 1)
 491 A   0.99000 0.01000 0.00000 0.00000 ( 1)
 492 P   0.98744 0.01255 0.00000 0.00000 ( 1)
 493 S   0.01862 0.98137 0.00000 0.00000 ( 2)
 494 A   0.99000 0.01000 0.00000 0.00000 ( 1)
 495 T   0.98818 0.01182 0.00000 0.00000 ( 1)
 496 A   0.99185 0.00815 0.00000 0.00000 ( 1)
 497 P   0.98893 0.01107 0.00000 0.00000 ( 1)
 498 G   0.99115 0.00885 0.00000 0.00000 ( 1)
 499 A   0.99000 0.01000 0.00000 0.00000 ( 1)
 500 T   0.55912 0.44088 0.00000 0.00000 ( 1)
 501 T   0.98973 0.01027 0.00000 0.00000 ( 1)
 502 S   0.51489 0.48511 0.00000 0.00000 ( 1)
 503 T   0.98776 0.01224 0.00000 0.00000 ( 1)
 504 S   0.99118 0.00881 0.00000 0.00000 ( 1)
 505 L   0.98838 0.01162 0.00000 0.00000 ( 1)
 506 T   0.99158 0.00842 0.00000 0.00000 ( 1)
 507 W   0.98722 0.01278 0.00000 0.00000 ( 1)
 508 G   0.98887 0.01113 0.00000 0.00000 ( 1)
 509 G   0.98764 0.01236 0.00000 0.00000 ( 1)
 510 G   0.99115 0.00885 0.00000 0.00000 ( 1)
 511 D   0.60732 0.39268 0.00000 0.00000 ( 1)
 512 L   0.98838 0.01162 0.00000 0.00000 ( 1)
 513 V   0.99008 0.00991 0.00000 0.00000 ( 1)
 514 A   0.99000 0.01000 0.00000 0.00000 ( 1)
 515 V   0.98845 0.01155 0.00000 0.00000 ( 1)
 516 G   0.99115 0.00885 0.00000 0.00000 ( 1)
 517 G   0.99018 0.00982 0.00000 0.00000 ( 1)
 518 K   0.98960 0.01040 0.00000 0.00000 ( 1)
 519 V   0.98845 0.01155 0.00000 0.00000 ( 1)
 520 A   0.99190 0.00809 0.00000 0.00000 ( 1)
 521 L   0.98773 0.01227 0.00000 0.00000 ( 1)
 522 L   0.98826 0.01174 0.00000 0.00000 ( 1)
 523 P   0.99106 0.00893 0.00000 0.00000 ( 1)
 524 I   0.99218 0.00782 0.00000 0.00000 ( 1)
 525 P   0.98936 0.01064 0.00000 0.00000 ( 1)
 526 L   0.98838 0.01162 0.00000 0.00000 ( 1)
 527 G   0.98913 0.01087 0.00000 0.00000 ( 1)
 528 T   0.99158 0.00842 0.00000 0.00000 ( 1)
 529 A   0.99000 0.01000 0.00000 0.00000 ( 1)
 530 D   0.99172 0.00828 0.00000 0.00000 ( 1)
 531 F   0.99196 0.00803 0.00000 0.00000 ( 1)
 532 L   0.98773 0.01227 0.00000 0.00000 ( 1)
 533 V   0.99008 0.00991 0.00000 0.00000 ( 1)
 534 H   0.99092 0.00908 0.00000 0.00000 ( 1)
 535 H   0.98771 0.01229 0.00000 0.00000 ( 1)
 536 I   0.99218 0.00782 0.00000 0.00000 ( 1)
 537 H   0.99092 0.00908 0.00000 0.00000 ( 1)
 538 A   0.99000 0.01000 0.00000 0.00000 ( 1)
 539 F   0.99196 0.00803 0.00000 0.00000 ( 1)
 540 T   0.98818 0.01182 0.00000 0.00000 ( 1)
 541 I   0.99218 0.00782 0.00000 0.00000 ( 1)
 542 H   0.99092 0.00908 0.00000 0.00000 ( 1)
 543 V   0.98845 0.01155 0.00000 0.00000 ( 1)
 544 T   0.98818 0.01182 0.00000 0.00000 ( 1)
 545 V   0.99008 0.00991 0.00000 0.00000 ( 1)
 546 L   0.98838 0.01162 0.00000 0.00000 ( 1)
 547 I   0.99101 0.00899 0.00000 0.00000 ( 1)
 548 L   0.99142 0.00857 0.00000 0.00000 ( 1)
 549 L   0.98692 0.01308 0.00000 0.00000 ( 1)
 550 K   0.98833 0.01167 0.00000 0.00000 ( 1)
 551 G   0.99115 0.00885 0.00000 0.00000 ( 1)
 552 V   0.99200 0.00800 0.00000 0.00000 ( 1)
 553 L   0.98807 0.01192 0.00000 0.00000 ( 1)
 554 F   0.99196 0.00803 0.00000 0.00000 ( 1)
 555 A   0.99190 0.00809 0.00000 0.00000 ( 1)
 556 R   0.99022 0.00977 0.00000 0.00000 ( 1)
 557 S   0.98781 0.01218 0.00000 0.00000 ( 1)
 558 S   0.98767 0.01233 0.00000 0.00000 ( 1)
 559 R   0.99035 0.00965 0.00000 0.00000 ( 1)
 560 L   0.98773 0.01227 0.00000 0.00000 ( 1)
 561 I   0.99101 0.00899 0.00000 0.00000 ( 1)
 562 P   0.98787 0.01213 0.00000 0.00000 ( 1)
 563 D   0.99172 0.00828 0.00000 0.00000 ( 1)
 564 K   0.98960 0.01040 0.00000 0.00000 ( 1)
 565 A   0.99000 0.01000 0.00000 0.00000 ( 1)
 566 N   0.99143 0.00857 0.00000 0.00000 ( 1)
 567 L   0.99142 0.00857 0.00000 0.00000 ( 1)
 568 G   0.99115 0.00885 0.00000 0.00000 ( 1)
 569 F   0.99196 0.00803 0.00000 0.00000 ( 1)
 570 R   0.99035 0.00965 0.00000 0.00000 ( 1)
 571 F   0.99196 0.00803 0.00000 0.00000 ( 1)
 572 P   0.99106 0.00893 0.00000 0.00000 ( 1)
 573 C   0.99057 0.00943 0.00000 0.00000 ( 1)
 574 D   0.99172 0.00828 0.00000 0.00000 ( 1)
 575 G   0.98800 0.01199 0.00000 0.00000 ( 1)
 576 P   0.99106 0.00893 0.00000 0.00000 ( 1)
 577 G   0.98907 0.01093 0.00000 0.00000 ( 1)
 578 R   0.98886 0.01114 0.00000 0.00000 ( 1)
 579 G   0.98796 0.01204 0.00000 0.00000 ( 1)
 580 G   0.98792 0.01208 0.00000 0.00000 ( 1)
 581 T   0.98824 0.01176 0.00000 0.00000 ( 1)
 582 C   0.99057 0.00943 0.00000 0.00000 ( 1)
 583 Q   0.98826 0.01174 0.00000 0.00000 ( 1)
 584 V   0.98864 0.01136 0.00000 0.00000 ( 1)
 585 S   0.98769 0.01231 0.00000 0.00000 ( 1)
 586 A   0.99190 0.00809 0.00000 0.00000 ( 1)
 587 W   0.98722 0.01278 0.00000 0.00000 ( 1)
 588 D   0.99172 0.00828 0.00000 0.00000 ( 1)
 589 H   0.99092 0.00908 0.00000 0.00000 ( 1)
 590 V   0.98796 0.01204 0.00000 0.00000 ( 1)
 591 F   0.98841 0.01159 0.00000 0.00000 ( 1)
 592 L   0.98838 0.01162 0.00000 0.00000 ( 1)
 593 G   0.98829 0.01170 0.00000 0.00000 ( 1)
 594 L   0.98793 0.01207 0.00000 0.00000 ( 1)
 595 F   0.98841 0.01159 0.00000 0.00000 ( 1)
 596 W   0.98722 0.01278 0.00000 0.00000 ( 1)
 597 M   0.99086 0.00914 0.00000 0.00000 ( 1)
 598 Y   0.99055 0.00945 0.00000 0.00000 ( 1)
 599 N   0.99112 0.00888 0.00000 0.00000 ( 1)
 600 A   0.99000 0.01000 0.00000 0.00000 ( 1)
 601 I   0.99218 0.00782 0.00000 0.00000 ( 1)
 602 S   0.98773 0.01227 0.00000 0.00000 ( 1)
 603 V   0.98896 0.01104 0.00000 0.00000 ( 1)
 604 V   0.99200 0.00800 0.00000 0.00000 ( 1)
 605 I   0.99101 0.00899 0.00000 0.00000 ( 1)
 606 F   0.98841 0.01159 0.00000 0.00000 ( 1)
 607 H   0.99092 0.00908 0.00000 0.00000 ( 1)
 608 F   0.98841 0.01159 0.00000 0.00000 ( 1)
 609 S   0.99118 0.00881 0.00000 0.00000 ( 1)
 610 W   0.98722 0.01278 0.00000 0.00000 ( 1)
 611 K   0.98960 0.01040 0.00000 0.00000 ( 1)
 612 M   0.99086 0.00914 0.00000 0.00000 ( 1)
 613 Q   0.98735 0.01265 0.00000 0.00000 ( 1)
 614 S   0.98881 0.01119 0.00000 0.00000 ( 1)
 615 D   0.99172 0.00828 0.00000 0.00000 ( 1)
 616 V   0.99200 0.00800 0.00000 0.00000 ( 1)
 617 W   0.98722 0.01278 0.00000 0.00000 ( 1)
 618 G   0.98749 0.01251 0.00000 0.00000 ( 1)
 619 S   0.99118 0.00881 0.00000 0.00000 ( 1)
 620 I   0.99101 0.00899 0.00000 0.00000 ( 1)
 621 S   0.99113 0.00887 0.00000 0.00000 ( 1)
 622 D   0.99172 0.00828 0.00000 0.00000 ( 1)
 623 Q   0.98826 0.01174 0.00000 0.00000 ( 1)
 624 G   0.98792 0.01208 0.00000 0.00000 ( 1)
 625 V   0.99008 0.00991 0.00000 0.00000 ( 1)
 626 V   0.99008 0.00991 0.00000 0.00000 ( 1)
 627 T   0.99158 0.00842 0.00000 0.00000 ( 1)
 628 H   0.99092 0.00908 0.00000 0.00000 ( 1)
 629 I   0.98825 0.01175 0.00000 0.00000 ( 1)
 630 T   0.98818 0.01182 0.00000 0.00000 ( 1)
 631 G   0.98913 0.01087 0.00000 0.00000 ( 1)
 632 G   0.98913 0.01087 0.00000 0.00000 ( 1)
 633 N   0.98800 0.01200 0.00000 0.00000 ( 1)
 634 F   0.99196 0.00803 0.00000 0.00000 ( 1)
 635 A   0.98846 0.01154 0.00000 0.00000 ( 1)
 636 Q   0.98735 0.01265 0.00000 0.00000 ( 1)
 637 S   0.99118 0.00881 0.00000 0.00000 ( 1)
 638 S   0.98748 0.01252 0.00000 0.00000 ( 1)
 639 I   0.99218 0.00782 0.00000 0.00000 ( 1)
 640 T   0.99158 0.00842 0.00000 0.00000 ( 1)
 641 I   0.99218 0.00782 0.00000 0.00000 ( 1)
 642 N   0.99143 0.00857 0.00000 0.00000 ( 1)
 643 G   0.98792 0.01208 0.00000 0.00000 ( 1)
 644 W   0.98722 0.01278 0.00000 0.00000 ( 1)
 645 L   0.98773 0.01226 0.00000 0.00000 ( 1)
 646 R   0.98708 0.01292 0.00000 0.00000 ( 1)
 647 D   0.99172 0.00828 0.00000 0.00000 ( 1)
 648 F   0.98841 0.01159 0.00000 0.00000 ( 1)
 649 L   0.98838 0.01162 0.00000 0.00000 ( 1)
 650 W   0.98722 0.01278 0.00000 0.00000 ( 1)
 651 A   0.99000 0.01000 0.00000 0.00000 ( 1)
 652 Q   0.98735 0.01265 0.00000 0.00000 ( 1)
 653 A   0.99000 0.01000 0.00000 0.00000 ( 1)
 654 S   0.98748 0.01252 0.00000 0.00000 ( 1)
 655 Q   0.98798 0.01201 0.00000 0.00000 ( 1)
 656 V   0.99008 0.00991 0.00000 0.00000 ( 1)
 657 I   0.99218 0.00782 0.00000 0.00000 ( 1)
 658 Q   0.98815 0.01184 0.00000 0.00000 ( 1)
 659 S   0.99083 0.00916 0.00000 0.00000 ( 1)
 660 Y   0.99055 0.00945 0.00000 0.00000 ( 1)
 661 G   0.99115 0.00885 0.00000 0.00000 ( 1)
 662 S   0.99114 0.00886 0.00000 0.00000 ( 1)
 663 S   0.98881 0.01119 0.00000 0.00000 ( 1)
 664 L   0.98838 0.01162 0.00000 0.00000 ( 1)
 665 S   0.99094 0.00905 0.00000 0.00000 ( 1)
 666 A   0.99000 0.01000 0.00000 0.00000 ( 1)
 667 Y   0.99055 0.00945 0.00000 0.00000 ( 1)
 668 G   0.98792 0.01208 0.00000 0.00000 ( 1)
 669 L   0.99142 0.00857 0.00000 0.00000 ( 1)
 670 F   0.98841 0.01159 0.00000 0.00000 ( 1)
 671 F   0.98841 0.01159 0.00000 0.00000 ( 1)
 672 L   0.98793 0.01207 0.00000 0.00000 ( 1)
 673 G   0.99115 0.00885 0.00000 0.00000 ( 1)
 674 A   0.98941 0.01059 0.00000 0.00000 ( 1)
 675 H   0.99092 0.00908 0.00000 0.00000 ( 1)
 676 F   0.99196 0.00803 0.00000 0.00000 ( 1)
 677 V   0.99008 0.00991 0.00000 0.00000 ( 1)
 678 W   0.98722 0.01278 0.00000 0.00000 ( 1)
 679 A   0.98790 0.01210 0.00000 0.00000 ( 1)
 680 F   0.99196 0.00803 0.00000 0.00000 ( 1)
 681 S   0.99118 0.00881 0.00000 0.00000 ( 1)
 682 L   0.98838 0.01162 0.00000 0.00000 ( 1)
 683 M   0.99086 0.00914 0.00000 0.00000 ( 1)
 684 F   0.99196 0.00803 0.00000 0.00000 ( 1)
 685 L   0.98793 0.01207 0.00000 0.00000 ( 1)
 686 F   0.98841 0.01159 0.00000 0.00000 ( 1)
 687 S   0.99118 0.00881 0.00000 0.00000 ( 1)
 688 G   0.98913 0.01087 0.00000 0.00000 ( 1)
 689 R   0.99035 0.00965 0.00000 0.00000 ( 1)
 690 G   0.99115 0.00885 0.00000 0.00000 ( 1)
 691 Y   0.99055 0.00945 0.00000 0.00000 ( 1)
 692 W   0.98722 0.01278 0.00000 0.00000 ( 1)
 693 Q   0.98826 0.01174 0.00000 0.00000 ( 1)
 694 E   0.98991 0.01008 0.00000 0.00000 ( 1)
 695 L   0.99142 0.00857 0.00000 0.00000 ( 1)
 696 I   0.99218 0.00782 0.00000 0.00000 ( 1)
 697 E   0.98991 0.01008 0.00000 0.00000 ( 1)
 698 S   0.98748 0.01252 0.00000 0.00000 ( 1)
 699 I   0.98825 0.01175 0.00000 0.00000 ( 1)
 700 V   0.99200 0.00800 0.00000 0.00000 ( 1)
 701 W   0.98722 0.01278 0.00000 0.00000 ( 1)
 702 A   0.99190 0.00809 0.00000 0.00000 ( 1)
 703 H   0.99092 0.00908 0.00000 0.00000 ( 1)
 704 N   0.99143 0.00857 0.00000 0.00000 ( 1)
 705 K   0.98960 0.01040 0.00000 0.00000 ( 1)
 706 L   0.98838 0.01162 0.00000 0.00000 ( 1)
 707 K   0.98960 0.01040 0.00000 0.00000 ( 1)
 708 V   0.99200 0.00800 0.00000 0.00000 ( 1)
 709 A   0.99190 0.00809 0.00000 0.00000 ( 1)
 710 P   0.99106 0.00893 0.00000 0.00000 ( 1)
 711 A   0.99190 0.00809 0.00000 0.00000 ( 1)
 712 T   0.99158 0.00842 0.00000 0.00000 ( 1)
 713 Q   0.98735 0.01265 0.00000 0.00000 ( 1)
 714 P   0.98787 0.01213 0.00000 0.00000 ( 1)
 715 R   0.98916 0.01083 0.00000 0.00000 ( 1)
 716 A   0.98790 0.01210 0.00000 0.00000 ( 1)
 717 L   0.98838 0.01162 0.00000 0.00000 ( 1)
 718 S   0.98781 0.01218 0.00000 0.00000 ( 1)
 719 I   0.99218 0.00782 0.00000 0.00000 ( 1)
 720 V   0.99008 0.00991 0.00000 0.00000 ( 1)
 721 Q   0.98826 0.01174 0.00000 0.00000 ( 1)
 722 G   0.98913 0.01087 0.00000 0.00000 ( 1)
 723 R   0.99035 0.00965 0.00000 0.00000 ( 1)
 724 A   0.99190 0.00809 0.00000 0.00000 ( 1)
 725 V   0.99008 0.00991 0.00000 0.00000 ( 1)
 726 G   0.98913 0.01087 0.00000 0.00000 ( 1)
 727 V   0.99008 0.00991 0.00000 0.00000 ( 1)
 728 T   0.98772 0.01228 0.00000 0.00000 ( 1)
 729 H   0.99092 0.00908 0.00000 0.00000 ( 1)
 730 Y   0.98718 0.01282 0.00000 0.00000 ( 1)
 731 L   0.99142 0.00857 0.00000 0.00000 ( 1)
 732 L   0.98687 0.01313 0.00000 0.00000 ( 1)
 733 G   0.99115 0.00885 0.00000 0.00000 ( 1)
 734 G   0.98913 0.01087 0.00000 0.00000 ( 1)
 735 I   0.99218 0.00782 0.00000 0.00000 ( 1)
 736 A   0.98790 0.01210 0.00000 0.00000 ( 1)
 737 T   0.98973 0.01027 0.00000 0.00000 ( 1)
 738 T   0.98973 0.01027 0.00000 0.00000 ( 1)
 739 W   0.98722 0.01278 0.00000 0.00000 ( 1)
 740 A   0.98845 0.01155 0.00000 0.00000 ( 1)
 741 F   0.98841 0.01159 0.00000 0.00000 ( 1)
 742 F   0.98841 0.01159 0.00000 0.00000 ( 1)
 743 L   0.98838 0.01162 0.00000 0.00000 ( 1)
 744 A   0.99000 0.01000 0.00000 0.00000 ( 1)
 745 R   0.98916 0.01083 0.00000 0.00000 ( 1)
 746 I   0.99218 0.00782 0.00000 0.00000 ( 1)
 747 I   0.99218 0.00782 0.00000 0.00000 ( 1)
 748 A   0.99000 0.01000 0.00000 0.00000 ( 1)
 749 V   0.99008 0.00991 0.00000 0.00000 ( 1)
 750 G   0.98913 0.01087 0.00000 0.00000 ( 1)


lnL = -3736.993531

Bayes Empirical Bayes (BEB) probabilities for 4 classes (class)
(amino acids refer to 1st sequence: NC_034643)

   1 M   0.93662 0.02043 0.04198 0.00096 ( 1)
   2 I   0.93985 0.01762 0.04170 0.00082 ( 1)
   3 I   0.93985 0.01762 0.04170 0.00082 ( 1)
   4 R   0.93538 0.02152 0.04208 0.00102 ( 1)
   5 S   0.92922 0.02702 0.04247 0.00129 ( 1)
   6 P   0.92990 0.02638 0.04246 0.00126 ( 1)
   7 E   0.93435 0.02243 0.04215 0.00106 ( 1)
   8 P   0.93294 0.02369 0.04225 0.00112 ( 1)
   9 E   0.93435 0.02243 0.04215 0.00106 ( 1)
  10 V   0.93476 0.02208 0.04212 0.00104 ( 1)
  11 K   0.93361 0.02309 0.04220 0.00109 ( 1)
  12 I   0.93985 0.01762 0.04170 0.00082 ( 1)
  13 L   0.92925 0.02700 0.04246 0.00129 ( 1)
  14 V   0.93476 0.02208 0.04212 0.00104 ( 1)
  15 D   0.93870 0.01862 0.04181 0.00087 ( 1)
  16 R   0.93022 0.02612 0.04241 0.00124 ( 1)
  17 D   0.93870 0.01862 0.04181 0.00087 ( 1)
  18 H   0.92920 0.02704 0.04247 0.00129 ( 1)
  19 I   0.93697 0.02013 0.04195 0.00095 ( 1)
  20 K   0.93361 0.02309 0.04220 0.00109 ( 1)
  21 T   0.93836 0.01891 0.04184 0.00089 ( 1)
  22 S   0.93729 0.01985 0.04193 0.00093 ( 1)
  23 F   0.93082 0.02559 0.04238 0.00122 ( 1)
  24 E   0.93132 0.02514 0.04235 0.00120 ( 1)
  25 E   0.93435 0.02243 0.04215 0.00106 ( 1)
  26 W   0.92807 0.02807 0.04252 0.00134 ( 1)
  27 A   0.92964 0.02665 0.04244 0.00127 ( 1)
  28 R   0.93086 0.02549 0.04244 0.00121 ( 1)
  29 P   0.92957 0.02671 0.04245 0.00127 ( 1)
  30 G   0.93731 0.01983 0.04193 0.00093 ( 1)
  31 H   0.93676 0.02031 0.04197 0.00096 ( 1)
  32 F   0.93082 0.02559 0.04238 0.00122 ( 1)
  33 S   0.93175 0.02475 0.04232 0.00118 ( 1)
  34 R   0.93258 0.02401 0.04227 0.00114 ( 1)
  35 T   0.93392 0.02282 0.04218 0.00108 ( 1)
  36 L   0.92964 0.02666 0.04243 0.00127 ( 1)
  37 A   0.93916 0.01822 0.04177 0.00085 ( 1)
  38 K   0.93361 0.02309 0.04220 0.00109 ( 1)
  39 G   0.92927 0.02692 0.04252 0.00129 ( 1)
  40 P   0.93711 0.02000 0.04194 0.00094 ( 1)
  41 D   0.93046 0.02591 0.04240 0.00123 ( 1)
  42 T   0.93836 0.01891 0.04184 0.00089 ( 1)
  43 T   0.92922 0.02703 0.04246 0.00129 ( 1)
  44 T   0.93836 0.01891 0.04184 0.00089 ( 1)
  45 W   0.92807 0.02807 0.04252 0.00134 ( 1)
  46 I   0.93075 0.02562 0.04241 0.00122 ( 1)
  47 W   0.92807 0.02807 0.04252 0.00134 ( 1)
  48 N   0.92987 0.02644 0.04243 0.00126 ( 1)
  49 L   0.92971 0.02659 0.04244 0.00127 ( 1)
  50 H   0.93676 0.02031 0.04197 0.00096 ( 1)
  51 A   0.93916 0.01822 0.04177 0.00085 ( 1)
  52 D   0.93870 0.01862 0.04181 0.00087 ( 1)
  53 A   0.93916 0.01822 0.04177 0.00085 ( 1)
  54 H   0.92995 0.02629 0.04250 0.00126 ( 1)
  55 D   0.93870 0.01862 0.04181 0.00087 ( 1)
  56 F   0.93082 0.02559 0.04238 0.00122 ( 1)
  57 D   0.93870 0.01862 0.04181 0.00087 ( 1)
  58 S   0.92944 0.02683 0.04245 0.00128 ( 1)
  59 H   0.93676 0.02031 0.04197 0.00096 ( 1)
  60 T   0.92922 0.02703 0.04246 0.00129 ( 1)
  61 S   0.93740 0.01975 0.04192 0.00093 ( 1)
  62 D   0.93870 0.01862 0.04181 0.00087 ( 1)
  63 L   0.92925 0.02700 0.04246 0.00129 ( 1)
  64 E   0.93132 0.02514 0.04235 0.00120 ( 1)
  65 E   0.93132 0.02514 0.04235 0.00120 ( 1)
  66 I   0.93086 0.02551 0.04242 0.00122 ( 1)
  67 S   0.93729 0.01985 0.04193 0.00093 ( 1)
  68 R   0.92843 0.02774 0.04251 0.00133 ( 1)
  69 K   0.93361 0.02309 0.04220 0.00109 ( 1)
  70 V   0.93013 0.02617 0.04245 0.00125 ( 1)
  71 F   0.93931 0.01809 0.04175 0.00085 ( 1)
  72 S   0.93740 0.01975 0.04192 0.00093 ( 1)
  73 A   0.92964 0.02665 0.04244 0.00127 ( 1)
  74 H   0.93676 0.02031 0.04197 0.00096 ( 1)
  75 F   0.93082 0.02559 0.04238 0.00122 ( 1)
  76 G   0.92942 0.02687 0.04243 0.00128 ( 1)
  77 Q   0.93047 0.02590 0.04240 0.00123 ( 1)
  78 L   0.92903 0.02719 0.04247 0.00130 ( 1)
  79 S   0.92867 0.02752 0.04249 0.00131 ( 1)
  80 I   0.93045 0.02592 0.04240 0.00123 ( 1)
  81 I   0.93045 0.02592 0.04240 0.00123 ( 1)
  82 F   0.93931 0.01809 0.04175 0.00085 ( 1)
  83 L   0.93798 0.01924 0.04187 0.00090 ( 1)
  84 W   0.92807 0.02807 0.04252 0.00134 ( 1)
  85 L   0.92802 0.02804 0.04260 0.00134 ( 1)
  86 S   0.93740 0.01975 0.04192 0.00093 ( 1)
  87 G   0.93663 0.02051 0.04189 0.00096 ( 1)
  88 M   0.93662 0.02043 0.04198 0.00096 ( 1)
  89 Y   0.93588 0.02109 0.04204 0.00099 ( 1)
  90 F   0.93082 0.02559 0.04238 0.00122 ( 1)
  91 H   0.93599 0.02108 0.04194 0.00099 ( 1)
  92 G   0.93731 0.01983 0.04193 0.00093 ( 1)
  93 A   0.93916 0.01822 0.04177 0.00085 ( 1)
  94 R   0.93538 0.02152 0.04208 0.00102 ( 1)
  95 F   0.93931 0.01809 0.04175 0.00085 ( 1)
  96 S   0.93710 0.02004 0.04192 0.00094 ( 1)
  97 N   0.93800 0.01923 0.04187 0.00090 ( 1)
  98 Y   0.93588 0.02109 0.04204 0.00099 ( 1)
  99 E   0.93435 0.02243 0.04215 0.00106 ( 1)
 100 A   0.93456 0.02225 0.04214 0.00105 ( 1)
 101 W   0.92807 0.02807 0.04252 0.00134 ( 1)
 102 L   0.92971 0.02659 0.04244 0.00127 ( 1)
 103 S   0.93740 0.01975 0.04192 0.00093 ( 1)
 104 D   0.93870 0.01862 0.04181 0.00087 ( 1)
 105 P   0.92957 0.02671 0.04245 0.00127 ( 1)
 106 T   0.93836 0.01891 0.04184 0.00089 ( 1)
 107 H   0.92920 0.02704 0.04247 0.00129 ( 1)
 108 I   0.93906 0.01841 0.04166 0.00086 ( 1)
 109 G   0.92986 0.02643 0.04245 0.00126 ( 1)
 110 P   0.93207 0.02456 0.04221 0.00116 ( 1)
 111 S   0.93740 0.01975 0.04192 0.00093 ( 1)
 112 A   0.92964 0.02665 0.04244 0.00127 ( 1)
 113 Q   0.92837 0.02780 0.04251 0.00133 ( 1)
 114 V   0.93091 0.02551 0.04237 0.00121 ( 1)
 115 V   0.93939 0.01802 0.04174 0.00084 ( 1)
 116 W   0.92807 0.02807 0.04252 0.00134 ( 1)
 117 P   0.93294 0.02369 0.04225 0.00112 ( 1)
 118 I   0.93697 0.02013 0.04195 0.00095 ( 1)
 119 V   0.93091 0.02551 0.04237 0.00121 ( 1)
 120 G   0.92869 0.02751 0.04249 0.00131 ( 1)
 121 Q   0.93047 0.02590 0.04240 0.00123 ( 1)
 122 E   0.93435 0.02243 0.04215 0.00106 ( 1)
 123 I   0.93697 0.02013 0.04195 0.00095 ( 1)
 124 L   0.92925 0.02700 0.04246 0.00129 ( 1)
 125 N   0.93800 0.01923 0.04187 0.00090 ( 1)
 126 G   0.93731 0.01983 0.04193 0.00093 ( 1)
 127 D   0.93870 0.01862 0.04181 0.00087 ( 1)
 128 V   0.93091 0.02551 0.04237 0.00121 ( 1)
 129 G   0.93731 0.01983 0.04193 0.00093 ( 1)
 130 G   0.92968 0.02661 0.04244 0.00127 ( 1)
 131 G   0.92869 0.02751 0.04249 0.00131 ( 1)
 132 F   0.93082 0.02559 0.04238 0.00122 ( 1)
 133 R   0.92843 0.02774 0.04251 0.00133 ( 1)
 134 G   0.93250 0.02408 0.04227 0.00114 ( 1)
 135 I   0.93697 0.02013 0.04195 0.00095 ( 1)
 136 Q   0.93047 0.02590 0.04240 0.00123 ( 1)
 137 I   0.93697 0.02013 0.04195 0.00095 ( 1)
 138 T   0.92922 0.02703 0.04246 0.00129 ( 1)
 139 S   0.93729 0.01985 0.04193 0.00093 ( 1)
 140 G   0.93716 0.01998 0.04192 0.00094 ( 1)
 141 F   0.93931 0.01809 0.04175 0.00085 ( 1)
 142 F   0.93931 0.01809 0.04175 0.00085 ( 1)
 143 Q   0.92837 0.02780 0.04251 0.00133 ( 1)
 144 L   0.67114 0.28597 0.02963 0.01325 ( 1)
 145 W   0.92807 0.02807 0.04252 0.00134 ( 1)
 146 R   0.92838 0.02779 0.04250 0.00133 ( 1)
 147 A   0.93456 0.02225 0.04214 0.00105 ( 1)
 148 S   0.93619 0.02095 0.04188 0.00098 ( 1)
 149 G   0.93250 0.02408 0.04227 0.00114 ( 1)
 150 I   0.93697 0.02013 0.04195 0.00095 ( 1)
 151 T   0.93836 0.01891 0.04184 0.00089 ( 1)
 152 S   0.93740 0.01975 0.04192 0.00093 ( 1)
 153 E   0.93435 0.02243 0.04215 0.00106 ( 1)
 154 L   0.92925 0.02700 0.04246 0.00129 ( 1)
 155 Q   0.93038 0.02599 0.04239 0.00124 ( 1)
 156 L   0.92903 0.02720 0.04247 0.00130 ( 1)
 157 Y   0.93588 0.02109 0.04204 0.00099 ( 1)
 158 C   0.93591 0.02106 0.04204 0.00099 ( 1)
 159 T   0.92922 0.02703 0.04246 0.00129 ( 1)
 160 A   0.93447 0.02235 0.04213 0.00106 ( 1)
 161 I   0.93985 0.01762 0.04170 0.00082 ( 1)
 162 G   0.93731 0.01983 0.04193 0.00093 ( 1)
 163 A   0.93456 0.02225 0.04214 0.00105 ( 1)
 164 L   0.92925 0.02700 0.04246 0.00129 ( 1)
 165 I   0.93137 0.02550 0.04192 0.00120 ( 1)
 166 F   0.93931 0.01809 0.04175 0.00085 ( 1)
 167 A   0.93456 0.02225 0.04214 0.00105 ( 1)
 168 A   0.93076 0.02564 0.04238 0.00122 ( 1)
 169 L   0.93074 0.02566 0.04238 0.00122 ( 1)
 170 M   0.93662 0.02043 0.04198 0.00096 ( 1)
 171 L   0.93798 0.01924 0.04187 0.00090 ( 1)
 172 F   0.93931 0.01809 0.04175 0.00085 ( 1)
 173 A   0.93916 0.01822 0.04177 0.00085 ( 1)
 174 G   0.93731 0.01983 0.04193 0.00093 ( 1)
 175 W   0.92807 0.02807 0.04252 0.00134 ( 1)
 176 F   0.93931 0.01809 0.04175 0.00085 ( 1)
 177 H   0.93676 0.02031 0.04197 0.00096 ( 1)
 178 Y   0.93588 0.02109 0.04204 0.00099 ( 1)
 179 H   0.93663 0.02044 0.04197 0.00096 ( 1)
 180 K   0.93361 0.02309 0.04220 0.00109 ( 1)
 181 A   0.68247 0.27479 0.03003 0.01271 ( 1)
 182 A   0.93916 0.01822 0.04177 0.00085 ( 1)
 183 P   0.93294 0.02369 0.04225 0.00112 ( 1)
 184 K   0.93361 0.02309 0.04220 0.00109 ( 1)
 185 L   0.92925 0.02700 0.04246 0.00129 ( 1)
 186 A   0.93916 0.01822 0.04177 0.00085 ( 1)
 187 W   0.92807 0.02807 0.04252 0.00134 ( 1)
 188 F   0.93931 0.01809 0.04175 0.00085 ( 1)
 189 Q   0.93047 0.02590 0.04240 0.00123 ( 1)
 190 D   0.93870 0.01862 0.04181 0.00087 ( 1)
 191 V   0.93476 0.02208 0.04212 0.00104 ( 1)
 192 E   0.93435 0.02243 0.04215 0.00106 ( 1)
 193 S   0.93729 0.01985 0.04193 0.00093 ( 1)
 194 M   0.93662 0.02043 0.04198 0.00096 ( 1)
 195 L   0.92921 0.02704 0.04246 0.00129 ( 1)
 196 N   0.93800 0.01923 0.04187 0.00090 ( 1)
 197 H   0.92920 0.02704 0.04247 0.00129 ( 1)
 198 H   0.93676 0.02031 0.04197 0.00096 ( 1)
 199 L   0.93074 0.02566 0.04238 0.00122 ( 1)
 200 A   0.93076 0.02564 0.04238 0.00122 ( 1)
 201 G   0.92968 0.02661 0.04244 0.00127 ( 1)
 202 L   0.92971 0.02659 0.04244 0.00127 ( 1)
 203 L   0.92971 0.02659 0.04244 0.00127 ( 1)
 204 G   0.93250 0.02408 0.04227 0.00114 ( 1)
 205 L   0.92728 0.02878 0.04256 0.00138 ( 1)
 206 G   0.92968 0.02661 0.04244 0.00127 ( 1)
 207 S   0.93729 0.01985 0.04193 0.00093 ( 1)
 208 L   0.92903 0.02720 0.04247 0.00130 ( 1)
 209 S   0.93729 0.01985 0.04193 0.00093 ( 1)
 210 W   0.92807 0.02807 0.04252 0.00134 ( 1)
 211 A   0.93076 0.02564 0.04238 0.00122 ( 1)
 212 G   0.92968 0.02661 0.04244 0.00127 ( 1)
 213 H   0.93676 0.02031 0.04197 0.00096 ( 1)
 214 Q   0.93047 0.02590 0.04240 0.00123 ( 1)
 215 V   0.93476 0.02208 0.04212 0.00104 ( 1)
 216 H   0.93676 0.02031 0.04197 0.00096 ( 1)
 217 V   0.93476 0.02208 0.04212 0.00104 ( 1)
 218 S   0.93729 0.01985 0.04193 0.00093 ( 1)
 219 L   0.93074 0.02566 0.04238 0.00122 ( 1)
 220 P   0.92974 0.02654 0.04245 0.00127 ( 1)
 221 I   0.93985 0.01762 0.04170 0.00082 ( 1)
 222 N   0.92987 0.02644 0.04243 0.00126 ( 1)
 223 Q   0.93047 0.02590 0.04240 0.00123 ( 1)
 224 F   0.93931 0.01809 0.04175 0.00085 ( 1)
 225 L   0.92971 0.02659 0.04244 0.00127 ( 1)
 226 N   0.93069 0.02562 0.04247 0.00122 ( 1)
 227 A   0.93916 0.01822 0.04177 0.00085 ( 1)
 228 G   0.93250 0.02408 0.04227 0.00114 ( 1)
 229 V   0.93476 0.02208 0.04212 0.00104 ( 1)
 230 D   0.93803 0.01929 0.04178 0.00090 ( 1)
 231 P   0.93711 0.02000 0.04194 0.00094 ( 1)
 232 K   0.93361 0.02309 0.04220 0.00109 ( 1)
 233 E   0.93132 0.02514 0.04235 0.00120 ( 1)
 234 I   0.93697 0.02013 0.04195 0.00095 ( 1)
 235 P   0.93294 0.02369 0.04225 0.00112 ( 1)
 236 L   0.93798 0.01924 0.04187 0.00090 ( 1)
 237 P   0.93711 0.02000 0.04194 0.00094 ( 1)
 238 H   0.93676 0.02031 0.04197 0.00096 ( 1)
 239 E   0.93435 0.02243 0.04215 0.00106 ( 1)
 240 F   0.93931 0.01809 0.04175 0.00085 ( 1)
 241 I   0.93045 0.02592 0.04240 0.00123 ( 1)
 242 L   0.92928 0.02696 0.04246 0.00129 ( 1)
 243 N   0.93800 0.01923 0.04187 0.00090 ( 1)
 244 R   0.92815 0.02799 0.04252 0.00134 ( 1)
 245 D   0.93870 0.01862 0.04181 0.00087 ( 1)
 246 L   0.93798 0.01924 0.04187 0.00090 ( 1)
 247 L   0.92925 0.02700 0.04246 0.00129 ( 1)
 248 A   0.93916 0.01822 0.04177 0.00085 ( 1)
 249 Q   0.93047 0.02590 0.04240 0.00123 ( 1)
 250 L   0.93798 0.01924 0.04187 0.00090 ( 1)
 251 Y   0.93588 0.02109 0.04204 0.00099 ( 1)
 252 P   0.92859 0.02760 0.04250 0.00132 ( 1)
 253 S   0.93740 0.01975 0.04192 0.00093 ( 1)
 254 F   0.93931 0.01809 0.04175 0.00085 ( 1)
 255 A   0.93916 0.01822 0.04177 0.00085 ( 1)
 256 E   0.93156 0.02490 0.04236 0.00118 ( 1)
 257 G   0.93250 0.02408 0.04227 0.00114 ( 1)
 258 A   0.93456 0.02225 0.04214 0.00105 ( 1)
 259 T   0.93836 0.01891 0.04184 0.00089 ( 1)
 260 P   0.92859 0.02760 0.04250 0.00132 ( 1)
 261 F   0.93931 0.01809 0.04175 0.00085 ( 1)
 262 F   0.93137 0.02504 0.04240 0.00119 ( 1)
 263 T   0.92922 0.02703 0.04246 0.00129 ( 1)
 264 L   0.92925 0.02700 0.04246 0.00129 ( 1)
 265 N   0.67914 0.27798 0.02999 0.01289 ( 1)
 266 W   0.92807 0.02807 0.04252 0.00134 ( 1)
 267 S   0.93175 0.02475 0.04232 0.00118 ( 1)
 268 K   0.93361 0.02309 0.04220 0.00109 ( 1)
 269 Y   0.93588 0.02109 0.04204 0.00099 ( 1)
 270 S   0.93175 0.02475 0.04232 0.00118 ( 1)
 271 D   0.93128 0.02509 0.04244 0.00120 ( 1)
 272 F   0.93931 0.01809 0.04175 0.00085 ( 1)
 273 L   0.93774 0.01948 0.04186 0.00091 ( 1)
 274 T   0.93836 0.01891 0.04184 0.00089 ( 1)
 275 F   0.93931 0.01809 0.04175 0.00085 ( 1)
 276 R   0.93538 0.02152 0.04208 0.00102 ( 1)
 277 G   0.93250 0.02408 0.04227 0.00114 ( 1)
 278 G   0.93250 0.02408 0.04227 0.00114 ( 1)
 279 L   0.93074 0.02566 0.04238 0.00122 ( 1)
 280 D   0.93870 0.01862 0.04181 0.00087 ( 1)
 281 P   0.93294 0.02369 0.04225 0.00112 ( 1)
 282 V   0.93476 0.02208 0.04212 0.00104 ( 1)
 283 T   0.93836 0.01891 0.04184 0.00089 ( 1)
 284 G   0.92968 0.02661 0.04244 0.00127 ( 1)
 285 G   0.93731 0.01983 0.04193 0.00093 ( 1)
 286 L   0.92949 0.02680 0.04243 0.00128 ( 1)
 287 W   0.92807 0.02807 0.04252 0.00134 ( 1)
 288 L   0.92735 0.02871 0.04257 0.00138 ( 1)
 289 T   0.92922 0.02703 0.04246 0.00129 ( 1)
 290 D   0.93870 0.01862 0.04181 0.00087 ( 1)
 291 I   0.93120 0.02517 0.04243 0.00120 ( 1)
 292 A   0.93456 0.02225 0.04214 0.00105 ( 1)
 293 H   0.92920 0.02704 0.04247 0.00129 ( 1)
 294 H   0.93676 0.02031 0.04197 0.00096 ( 1)
 295 H   0.93676 0.02031 0.04197 0.00096 ( 1)
 296 L   0.93074 0.02566 0.04238 0.00122 ( 1)
 297 A   0.93916 0.01822 0.04177 0.00085 ( 1)
 298 I   0.93985 0.01762 0.04170 0.00082 ( 1)
 299 A   0.93456 0.02225 0.04214 0.00105 ( 1)
 300 I   0.93985 0.01762 0.04170 0.00082 ( 1)
 301 L   0.93798 0.01924 0.04187 0.00090 ( 1)
 302 F   0.93082 0.02559 0.04238 0.00122 ( 1)
 303 L   0.92728 0.02878 0.04256 0.00138 ( 1)
 304 I   0.93697 0.02013 0.04195 0.00095 ( 1)
 305 A   0.93435 0.02246 0.04213 0.00106 ( 1)
 306 G   0.93731 0.01983 0.04193 0.00093 ( 1)
 307 H   0.93676 0.02031 0.04197 0.00096 ( 1)
 308 M   0.93662 0.02043 0.04198 0.00096 ( 1)
 309 Y   0.93588 0.02109 0.04204 0.00099 ( 1)
 310 K   0.93078 0.02560 0.04239 0.00122 ( 1)
 311 T   0.93025 0.02600 0.04251 0.00124 ( 1)
 312 N   0.92987 0.02644 0.04243 0.00126 ( 1)
 313 W   0.92807 0.02807 0.04252 0.00134 ( 1)
 314 G   0.92869 0.02751 0.04249 0.00131 ( 1)
 315 I   0.93985 0.01762 0.04170 0.00082 ( 1)
 316 G   0.93731 0.01983 0.04193 0.00093 ( 1)
 317 H   0.93676 0.02031 0.04197 0.00096 ( 1)
 318 G   0.92869 0.02751 0.04249 0.00131 ( 1)
 319 L   0.92971 0.02659 0.04244 0.00127 ( 1)
 320 K   0.93361 0.02309 0.04220 0.00109 ( 1)
 321 D   0.93870 0.01862 0.04181 0.00087 ( 1)
 322 I   0.93985 0.01762 0.04170 0.00082 ( 1)
 323 L   0.93074 0.02566 0.04238 0.00122 ( 1)
 324 E   0.93435 0.02243 0.04215 0.00106 ( 1)
 325 A   0.93916 0.01822 0.04177 0.00085 ( 1)
 326 H   0.93676 0.02031 0.04197 0.00096 ( 1)
 327 K   0.93361 0.02309 0.04220 0.00109 ( 1)
 328 G   0.93731 0.01983 0.04193 0.00093 ( 1)
 329 P   0.93294 0.02369 0.04225 0.00112 ( 1)
 330 F   0.93931 0.01809 0.04175 0.00085 ( 1)
 331 T   0.93041 0.02595 0.04241 0.00124 ( 1)
 332 G   0.93731 0.01983 0.04193 0.00093 ( 1)
 333 Q   0.92837 0.02780 0.04251 0.00133 ( 1)
 334 G   0.92884 0.02735 0.04250 0.00131 ( 1)
 335 H   0.93676 0.02031 0.04197 0.00096 ( 1)
 336 K   0.93361 0.02309 0.04220 0.00109 ( 1)
 337 G   0.92869 0.02751 0.04249 0.00131 ( 1)
 338 L   0.92971 0.02659 0.04244 0.00127 ( 1)
 339 Y   0.93588 0.02109 0.04204 0.00099 ( 1)
 340 E   0.93148 0.02498 0.04235 0.00119 ( 1)
 341 I   0.93045 0.02592 0.04240 0.00123 ( 1)
 342 L   0.92971 0.02659 0.04244 0.00127 ( 1)
 343 T   0.93392 0.02282 0.04218 0.00108 ( 1)
 344 T   0.93392 0.02282 0.04218 0.00108 ( 1)
 345 S   0.93171 0.02479 0.04232 0.00118 ( 1)
 346 W   0.92807 0.02807 0.04252 0.00134 ( 1)
 347 H   0.93676 0.02031 0.04197 0.00096 ( 1)
 348 A   0.93916 0.01822 0.04177 0.00085 ( 1)
 349 Q   0.93041 0.02597 0.04239 0.00124 ( 1)
 350 L   0.93074 0.02566 0.04238 0.00122 ( 1)
 351 S   0.93729 0.01985 0.04193 0.00093 ( 1)
 352 L   0.93733 0.01990 0.04184 0.00093 ( 1)
 353 N   0.92987 0.02644 0.04243 0.00126 ( 1)
 354 L   0.92952 0.02677 0.04243 0.00128 ( 1)
 355 A   0.93916 0.01822 0.04177 0.00085 ( 1)
 356 M   0.93662 0.02043 0.04198 0.00096 ( 1)
 357 L   0.93074 0.02566 0.04238 0.00122 ( 1)
 358 G   0.92869 0.02751 0.04249 0.00131 ( 1)
 359 S   0.93729 0.01985 0.04193 0.00093 ( 1)
 360 L   0.93074 0.02566 0.04238 0.00122 ( 1)
 361 T   0.92922 0.02703 0.04246 0.00129 ( 1)
 362 I   0.93985 0.01762 0.04170 0.00082 ( 1)
 363 I   0.69012 0.26723 0.03030 0.01234 ( 1)
 364 V   0.93476 0.02208 0.04212 0.00104 ( 1)
 365 A   0.93916 0.01822 0.04177 0.00085 ( 1)
 366 H   0.92926 0.02698 0.04247 0.00129 ( 1)
 367 H   0.93676 0.02031 0.04197 0.00096 ( 1)
 368 M   0.93662 0.02043 0.04198 0.00096 ( 1)
 369 Y   0.93569 0.02128 0.04203 0.00100 ( 1)
 370 S   0.93729 0.01985 0.04193 0.00093 ( 1)
 371 M   0.93662 0.02043 0.04198 0.00096 ( 1)
 372 P   0.92892 0.02727 0.04251 0.00130 ( 1)
 373 P   0.93711 0.02000 0.04194 0.00094 ( 1)
 374 Y   0.93588 0.02109 0.04204 0.00099 ( 1)
 375 P   0.92957 0.02671 0.04245 0.00127 ( 1)
 376 Y   0.93588 0.02109 0.04204 0.00099 ( 1)
 377 L   0.92971 0.02659 0.04244 0.00127 ( 1)
 378 A   0.93916 0.01822 0.04177 0.00085 ( 1)
 379 T   0.93836 0.01891 0.04184 0.00089 ( 1)
 380 D   0.93046 0.02591 0.04240 0.00123 ( 1)
 381 Y   0.93588 0.02109 0.04204 0.00099 ( 1)
 382 G   0.93731 0.01983 0.04193 0.00093 ( 1)
 383 T   0.93392 0.02282 0.04218 0.00108 ( 1)
 384 Q   0.93047 0.02590 0.04240 0.00123 ( 1)
 385 L   0.92728 0.02878 0.04256 0.00138 ( 1)
 386 S   0.93175 0.02475 0.04232 0.00118 ( 1)
 387 L   0.92925 0.02700 0.04246 0.00129 ( 1)
 388 F   0.93082 0.02559 0.04238 0.00122 ( 1)
 389 T   0.93392 0.02282 0.04218 0.00108 ( 1)
 390 H   0.93676 0.02031 0.04197 0.00096 ( 1)
 391 H   0.92943 0.02682 0.04248 0.00128 ( 1)
 392 M   0.93662 0.02043 0.04198 0.00096 ( 1)
 393 W   0.92807 0.02807 0.04252 0.00134 ( 1)
 394 I   0.93985 0.01762 0.04170 0.00082 ( 1)
 395 G   0.93726 0.01988 0.04192 0.00093 ( 1)
 396 G   0.93250 0.02408 0.04227 0.00114 ( 1)
 397 F   0.93931 0.01809 0.04175 0.00085 ( 1)
 398 L   0.92903 0.02720 0.04247 0.00130 ( 1)
 399 I   0.93697 0.02013 0.04195 0.00095 ( 1)
 400 V   0.93924 0.01818 0.04174 0.00085 ( 1)
 401 G   0.92869 0.02751 0.04249 0.00131 ( 1)
 402 A   0.93916 0.01822 0.04177 0.00085 ( 1)
 403 A   0.93916 0.01822 0.04177 0.00085 ( 1)
 404 A   0.93076 0.02564 0.04238 0.00122 ( 1)
 405 H   0.93676 0.02031 0.04197 0.00096 ( 1)
 406 A   0.93456 0.02225 0.04214 0.00105 ( 1)
 407 A   0.92964 0.02665 0.04244 0.00127 ( 1)
 408 I   0.93985 0.01762 0.04170 0.00082 ( 1)
 409 F   0.93931 0.01809 0.04175 0.00085 ( 1)
 410 M   0.93662 0.02043 0.04198 0.00096 ( 1)
 411 V   0.93476 0.02208 0.04212 0.00104 ( 1)
 412 R   0.93258 0.02401 0.04227 0.00114 ( 1)
 413 D   0.93081 0.02556 0.04241 0.00122 ( 1)
 414 Y   0.93588 0.02109 0.04204 0.00099 ( 1)
 415 D   0.93870 0.01862 0.04181 0.00087 ( 1)
 416 P   0.93711 0.02000 0.04194 0.00094 ( 1)
 417 T   0.93836 0.01891 0.04184 0.00089 ( 1)
 418 T   0.93836 0.01891 0.04184 0.00089 ( 1)
 419 R   0.92843 0.02774 0.04251 0.00133 ( 1)
 420 Y   0.92798 0.02814 0.04253 0.00135 ( 1)
 421 N   0.93789 0.01934 0.04186 0.00091 ( 1)
 422 D   0.93870 0.01862 0.04181 0.00087 ( 1)
 423 L   0.92971 0.02659 0.04244 0.00127 ( 1)
 424 L   0.93074 0.02566 0.04238 0.00122 ( 1)
 425 D   0.93870 0.01862 0.04181 0.00087 ( 1)
 426 R   0.93538 0.02152 0.04208 0.00102 ( 1)
 427 V   0.92977 0.02653 0.04243 0.00127 ( 1)
 428 L   0.93717 0.02006 0.04183 0.00094 ( 1)
 429 R   0.93030 0.02604 0.04241 0.00124 ( 1)
 430 H   0.93676 0.02031 0.04197 0.00096 ( 1)
 431 R   0.92775 0.02836 0.04254 0.00136 ( 1)
 432 D   0.93870 0.01862 0.04181 0.00087 ( 1)
 433 A   0.93456 0.02225 0.04214 0.00105 ( 1)
 434 I   0.93468 0.02280 0.04146 0.00107 ( 1)
 435 I   0.93697 0.02013 0.04195 0.00095 ( 1)
 436 S   0.93175 0.02475 0.04232 0.00118 ( 1)
 437 H   0.93676 0.02031 0.04197 0.00096 ( 1)
 438 L   0.92903 0.02720 0.04247 0.00130 ( 1)
 439 N   0.92987 0.02644 0.04243 0.00126 ( 1)
 440 W   0.92807 0.02807 0.04252 0.00134 ( 1)
 441 A   0.93456 0.02225 0.04214 0.00105 ( 1)
 442 C   0.93591 0.02106 0.04204 0.00099 ( 1)
 443 I   0.93697 0.02013 0.04195 0.00095 ( 1)
 444 F   0.93931 0.01809 0.04175 0.00085 ( 1)
 445 L   0.92971 0.02659 0.04244 0.00127 ( 1)
 446 G   0.92869 0.02751 0.04249 0.00131 ( 1)
 447 F   0.93931 0.01809 0.04175 0.00085 ( 1)
 448 H   0.92920 0.02704 0.04247 0.00129 ( 1)
 449 S   0.93740 0.01975 0.04192 0.00093 ( 1)
 450 F   0.93931 0.01809 0.04175 0.00085 ( 1)
 451 G   0.93731 0.01983 0.04193 0.00093 ( 1)
 452 L   0.92925 0.02700 0.04246 0.00129 ( 1)
 453 Y   0.93588 0.02109 0.04204 0.00099 ( 1)
 454 I   0.93985 0.01762 0.04170 0.00082 ( 1)
 455 H   0.93676 0.02031 0.04197 0.00096 ( 1)
 456 N   0.93800 0.01923 0.04187 0.00090 ( 1)
 457 D   0.93870 0.01862 0.04181 0.00087 ( 1)
 458 T   0.92922 0.02703 0.04246 0.00129 ( 1)
 459 M   0.93662 0.02043 0.04198 0.00096 ( 1)
 460 S   0.92944 0.02683 0.04245 0.00128 ( 1)
 461 A   0.93916 0.01822 0.04177 0.00085 ( 1)
 462 L   0.92925 0.02700 0.04246 0.00129 ( 1)
 463 G   0.92968 0.02661 0.04244 0.00127 ( 1)
 464 R   0.93538 0.02152 0.04208 0.00102 ( 1)
 465 P   0.93711 0.02000 0.04194 0.00094 ( 1)
 466 Q   0.93047 0.02590 0.04240 0.00123 ( 1)
 467 D   0.93870 0.01862 0.04181 0.00087 ( 1)
 468 M   0.93662 0.02043 0.04198 0.00096 ( 1)
 469 F   0.93931 0.01809 0.04175 0.00085 ( 1)
 470 S   0.92915 0.02708 0.04247 0.00129 ( 1)
 471 D   0.93870 0.01862 0.04181 0.00087 ( 1)
 472 T   0.92922 0.02703 0.04246 0.00129 ( 1)
 473 A   0.93916 0.01822 0.04177 0.00085 ( 1)
 474 I   0.93084 0.02553 0.04242 0.00122 ( 1)
 475 Q   0.93047 0.02590 0.04240 0.00123 ( 1)
 476 L   0.93074 0.02566 0.04238 0.00122 ( 1)
 477 Q   0.93047 0.02590 0.04240 0.00123 ( 1)
 478 P   0.93711 0.02000 0.04194 0.00094 ( 1)
 479 V   0.92977 0.02653 0.04243 0.00127 ( 1)
 480 F   0.93931 0.01809 0.04175 0.00085 ( 1)
 481 A   0.93913 0.01825 0.04176 0.00085 ( 1)
 482 Q   0.93047 0.02590 0.04240 0.00123 ( 1)
 483 W   0.92807 0.02807 0.04252 0.00134 ( 1)
 484 I   0.93697 0.02013 0.04195 0.00095 ( 1)
 485 Q   0.93047 0.02590 0.04240 0.00123 ( 1)
 486 N   0.92987 0.02644 0.04243 0.00126 ( 1)
 487 T   0.92922 0.02703 0.04246 0.00129 ( 1)
 488 H   0.93676 0.02031 0.04197 0.00096 ( 1)
 489 A   0.93916 0.01822 0.04177 0.00085 ( 1)
 490 L   0.93074 0.02566 0.04238 0.00122 ( 1)
 491 A   0.93456 0.02225 0.04214 0.00105 ( 1)
 492 P   0.92859 0.02760 0.04250 0.00132 ( 1)
 493 S   0.10012 0.85671 0.00434 0.03884 ( 2)
 494 A   0.93456 0.02225 0.04214 0.00105 ( 1)
 495 T   0.93028 0.02607 0.04241 0.00124 ( 1)
 496 A   0.93904 0.01834 0.04176 0.00086 ( 1)
 497 P   0.93179 0.02449 0.04255 0.00117 ( 1)
 498 G   0.93731 0.01983 0.04193 0.00093 ( 1)
 499 A   0.93456 0.02225 0.04214 0.00105 ( 1)
 500 T   0.64352 0.31313 0.02872 0.01462 ( 1)
 501 T   0.93392 0.02282 0.04218 0.00108 ( 1)
 502 S   0.60617 0.35004 0.02733 0.01646 ( 1)
 503 T   0.92930 0.02695 0.04247 0.00129 ( 1)
 504 S   0.93740 0.01975 0.04192 0.00093 ( 1)
 505 L   0.93074 0.02566 0.04238 0.00122 ( 1)
 506 T   0.93836 0.01891 0.04184 0.00089 ( 1)
 507 W   0.92807 0.02807 0.04252 0.00134 ( 1)
 508 G   0.93166 0.02463 0.04253 0.00117 ( 1)
 509 G   0.92900 0.02719 0.04251 0.00130 ( 1)
 510 G   0.93731 0.01983 0.04193 0.00093 ( 1)
 511 D   0.68273 0.27448 0.03009 0.01271 ( 1)
 512 L   0.93074 0.02566 0.04238 0.00122 ( 1)
 513 V   0.93476 0.02208 0.04212 0.00104 ( 1)
 514 A   0.93456 0.02225 0.04214 0.00105 ( 1)
 515 V   0.93091 0.02551 0.04237 0.00121 ( 1)
 516 G   0.93731 0.01983 0.04193 0.00093 ( 1)
 517 G   0.93526 0.02188 0.04183 0.00103 ( 1)
 518 K   0.93361 0.02309 0.04220 0.00109 ( 1)
 519 V   0.93091 0.02551 0.04237 0.00121 ( 1)
 520 A   0.93916 0.01822 0.04177 0.00085 ( 1)
 521 L   0.92925 0.02700 0.04246 0.00129 ( 1)
 522 L   0.93035 0.02590 0.04251 0.00124 ( 1)
 523 P   0.93711 0.02000 0.04194 0.00094 ( 1)
 524 I   0.93985 0.01762 0.04170 0.00082 ( 1)
 525 P   0.93303 0.02360 0.04225 0.00112 ( 1)
 526 L   0.93074 0.02566 0.04238 0.00122 ( 1)
 527 G   0.93250 0.02408 0.04227 0.00114 ( 1)
 528 T   0.93836 0.01891 0.04184 0.00089 ( 1)
 529 A   0.93456 0.02225 0.04214 0.00105 ( 1)
 530 D   0.93870 0.01862 0.04181 0.00087 ( 1)
 531 F   0.93931 0.01809 0.04175 0.00085 ( 1)
 532 L   0.92925 0.02700 0.04246 0.00129 ( 1)
 533 V   0.93476 0.02208 0.04212 0.00104 ( 1)
 534 H   0.93676 0.02031 0.04197 0.00096 ( 1)
 535 H   0.92920 0.02704 0.04247 0.00129 ( 1)
 536 I   0.93985 0.01762 0.04170 0.00082 ( 1)
 537 H   0.93676 0.02031 0.04197 0.00096 ( 1)
 538 A   0.93456 0.02225 0.04214 0.00105 ( 1)
 539 F   0.93931 0.01809 0.04175 0.00085 ( 1)
 540 T   0.93028 0.02607 0.04241 0.00124 ( 1)
 541 I   0.93985 0.01762 0.04170 0.00082 ( 1)
 542 H   0.93676 0.02031 0.04197 0.00096 ( 1)
 543 V   0.93091 0.02551 0.04237 0.00121 ( 1)
 544 T   0.93028 0.02607 0.04241 0.00124 ( 1)
 545 V   0.93476 0.02208 0.04212 0.00104 ( 1)
 546 L   0.93074 0.02566 0.04238 0.00122 ( 1)
 547 I   0.93697 0.02013 0.04195 0.00095 ( 1)
 548 L   0.93798 0.01924 0.04187 0.00090 ( 1)
 549 L   0.92737 0.02869 0.04257 0.00137 ( 1)
 550 K   0.93063 0.02576 0.04239 0.00123 ( 1)
 551 G   0.93731 0.01983 0.04193 0.00093 ( 1)
 552 V   0.93939 0.01802 0.04174 0.00084 ( 1)
 553 L   0.93001 0.02629 0.04245 0.00125 ( 1)
 554 F   0.93931 0.01809 0.04175 0.00085 ( 1)
 555 A   0.93916 0.01822 0.04177 0.00085 ( 1)
 556 R   0.93512 0.02179 0.04206 0.00103 ( 1)
 557 S   0.92944 0.02683 0.04245 0.00128 ( 1)
 558 S   0.92953 0.02714 0.04205 0.00129 ( 1)
 559 R   0.93538 0.02152 0.04208 0.00102 ( 1)
 560 L   0.92925 0.02700 0.04246 0.00129 ( 1)
 561 I   0.93697 0.02013 0.04195 0.00095 ( 1)
 562 P   0.92957 0.02671 0.04245 0.00127 ( 1)
 563 D   0.93870 0.01862 0.04181 0.00087 ( 1)
 564 K   0.93361 0.02309 0.04220 0.00109 ( 1)
 565 A   0.93456 0.02225 0.04214 0.00105 ( 1)
 566 N   0.93800 0.01923 0.04187 0.00090 ( 1)
 567 L   0.93798 0.01924 0.04187 0.00090 ( 1)
 568 G   0.93731 0.01983 0.04193 0.00093 ( 1)
 569 F   0.93931 0.01809 0.04175 0.00085 ( 1)
 570 R   0.93538 0.02152 0.04208 0.00102 ( 1)
 571 F   0.93931 0.01809 0.04175 0.00085 ( 1)
 572 P   0.93711 0.02000 0.04194 0.00094 ( 1)
 573 C   0.93591 0.02106 0.04204 0.00099 ( 1)
 574 D   0.93870 0.01862 0.04181 0.00087 ( 1)
 575 G   0.92986 0.02643 0.04245 0.00126 ( 1)
 576 P   0.93711 0.02000 0.04194 0.00094 ( 1)
 577 G   0.93237 0.02421 0.04227 0.00115 ( 1)
 578 R   0.93192 0.02467 0.04224 0.00117 ( 1)
 579 G   0.92977 0.02653 0.04244 0.00127 ( 1)
 580 G   0.92968 0.02661 0.04244 0.00127 ( 1)
 581 T   0.93041 0.02595 0.04241 0.00124 ( 1)
 582 C   0.93591 0.02106 0.04204 0.00099 ( 1)
 583 Q   0.93047 0.02590 0.04240 0.00123 ( 1)
 584 V   0.93119 0.02511 0.04250 0.00120 ( 1)
 585 S   0.92915 0.02708 0.04247 0.00129 ( 1)
 586 A   0.93916 0.01822 0.04177 0.00085 ( 1)
 587 W   0.92807 0.02807 0.04252 0.00134 ( 1)
 588 D   0.93870 0.01862 0.04181 0.00087 ( 1)
 589 H   0.93676 0.02031 0.04197 0.00096 ( 1)
 590 V   0.92977 0.02653 0.04243 0.00127 ( 1)
 591 F   0.93082 0.02559 0.04238 0.00122 ( 1)
 592 L   0.93074 0.02566 0.04238 0.00122 ( 1)
 593 G   0.93047 0.02583 0.04248 0.00123 ( 1)
 594 L   0.92971 0.02659 0.04244 0.00127 ( 1)
 595 F   0.93082 0.02559 0.04238 0.00122 ( 1)
 596 W   0.92807 0.02807 0.04252 0.00134 ( 1)
 597 M   0.93662 0.02043 0.04198 0.00096 ( 1)
 598 Y   0.93588 0.02109 0.04204 0.00099 ( 1)
 599 N   0.93733 0.01990 0.04184 0.00093 ( 1)
 600 A   0.93456 0.02225 0.04214 0.00105 ( 1)
 601 I   0.93985 0.01762 0.04170 0.00082 ( 1)
 602 S   0.92923 0.02701 0.04247 0.00129 ( 1)
 603 V   0.93198 0.02444 0.04242 0.00116 ( 1)
 604 V   0.93939 0.01802 0.04174 0.00084 ( 1)
 605 I   0.93697 0.02013 0.04195 0.00095 ( 1)
 606 F   0.93082 0.02559 0.04238 0.00122 ( 1)
 607 H   0.93676 0.02031 0.04197 0.00096 ( 1)
 608 F   0.93082 0.02559 0.04238 0.00122 ( 1)
 609 S   0.93740 0.01975 0.04192 0.00093 ( 1)
 610 W   0.92807 0.02807 0.04252 0.00134 ( 1)
 611 K   0.93361 0.02309 0.04220 0.00109 ( 1)
 612 M   0.93662 0.02043 0.04198 0.00096 ( 1)
 613 Q   0.92837 0.02780 0.04251 0.00133 ( 1)
 614 S   0.93175 0.02475 0.04232 0.00118 ( 1)
 615 D   0.93870 0.01862 0.04181 0.00087 ( 1)
 616 V   0.93939 0.01802 0.04174 0.00084 ( 1)
 617 W   0.92807 0.02807 0.04252 0.00134 ( 1)
 618 G   0.92869 0.02751 0.04249 0.00131 ( 1)
 619 S   0.93740 0.01975 0.04192 0.00093 ( 1)
 620 I   0.93697 0.02013 0.04195 0.00095 ( 1)
 621 S   0.93729 0.01986 0.04191 0.00093 ( 1)
 622 D   0.93870 0.01862 0.04181 0.00087 ( 1)
 623 Q   0.93047 0.02590 0.04240 0.00123 ( 1)
 624 G   0.92968 0.02661 0.04244 0.00127 ( 1)
 625 V   0.93476 0.02208 0.04212 0.00104 ( 1)
 626 V   0.93476 0.02208 0.04212 0.00104 ( 1)
 627 T   0.93836 0.01891 0.04184 0.00089 ( 1)
 628 H   0.93676 0.02031 0.04197 0.00096 ( 1)
 629 I   0.93045 0.02592 0.04240 0.00123 ( 1)
 630 T   0.93028 0.02607 0.04241 0.00124 ( 1)
 631 G   0.93250 0.02408 0.04227 0.00114 ( 1)
 632 G   0.93250 0.02408 0.04227 0.00114 ( 1)
 633 N   0.92987 0.02644 0.04243 0.00126 ( 1)
 634 F   0.93931 0.01809 0.04175 0.00085 ( 1)
 635 A   0.93092 0.02548 0.04239 0.00121 ( 1)
 636 Q   0.92837 0.02780 0.04251 0.00133 ( 1)
 637 S   0.93740 0.01975 0.04192 0.00093 ( 1)
 638 S   0.92867 0.02752 0.04249 0.00131 ( 1)
 639 I   0.93985 0.01762 0.04170 0.00082 ( 1)
 640 T   0.93836 0.01891 0.04184 0.00089 ( 1)
 641 I   0.93985 0.01762 0.04170 0.00082 ( 1)
 642 N   0.93800 0.01923 0.04187 0.00090 ( 1)
 643 G   0.92968 0.02661 0.04244 0.00127 ( 1)
 644 W   0.92807 0.02807 0.04252 0.00134 ( 1)
 645 L   0.92923 0.02699 0.04248 0.00129 ( 1)
 646 R   0.92775 0.02836 0.04254 0.00136 ( 1)
 647 D   0.93870 0.01862 0.04181 0.00087 ( 1)
 648 F   0.93082 0.02559 0.04238 0.00122 ( 1)
 649 L   0.93074 0.02566 0.04238 0.00122 ( 1)
 650 W   0.92807 0.02807 0.04252 0.00134 ( 1)
 651 A   0.93456 0.02225 0.04214 0.00105 ( 1)
 652 Q   0.92837 0.02780 0.04251 0.00133 ( 1)
 653 A   0.93456 0.02225 0.04214 0.00105 ( 1)
 654 S   0.92867 0.02752 0.04249 0.00131 ( 1)
 655 Q   0.92989 0.02648 0.04237 0.00126 ( 1)
 656 V   0.93476 0.02208 0.04212 0.00104 ( 1)
 657 I   0.93985 0.01762 0.04170 0.00082 ( 1)
 658 Q   0.93025 0.02612 0.04238 0.00124 ( 1)
 659 S   0.93664 0.02050 0.04190 0.00096 ( 1)
 660 Y   0.93588 0.02109 0.04204 0.00099 ( 1)
 661 G   0.93731 0.01983 0.04193 0.00093 ( 1)
 662 S   0.93729 0.01985 0.04193 0.00093 ( 1)
 663 S   0.93175 0.02475 0.04232 0.00118 ( 1)
 664 L   0.93074 0.02566 0.04238 0.00122 ( 1)
 665 S   0.93688 0.02026 0.04191 0.00095 ( 1)
 666 A   0.93456 0.02225 0.04214 0.00105 ( 1)
 667 Y   0.93588 0.02109 0.04204 0.00099 ( 1)
 668 G   0.92968 0.02661 0.04244 0.00127 ( 1)
 669 L   0.93798 0.01924 0.04187 0.00090 ( 1)
 670 F   0.93082 0.02559 0.04238 0.00122 ( 1)
 671 F   0.93082 0.02559 0.04238 0.00122 ( 1)
 672 L   0.92971 0.02659 0.04244 0.00127 ( 1)
 673 G   0.93731 0.01983 0.04193 0.00093 ( 1)
 674 A   0.93279 0.02349 0.04259 0.00112 ( 1)
 675 H   0.93676 0.02031 0.04197 0.00096 ( 1)
 676 F   0.93931 0.01809 0.04175 0.00085 ( 1)
 677 V   0.93476 0.02208 0.04212 0.00104 ( 1)
 678 W   0.92807 0.02807 0.04252 0.00134 ( 1)
 679 A   0.92964 0.02665 0.04244 0.00127 ( 1)
 680 F   0.93931 0.01809 0.04175 0.00085 ( 1)
 681 S   0.93740 0.01975 0.04192 0.00093 ( 1)
 682 L   0.93074 0.02566 0.04238 0.00122 ( 1)
 683 M   0.93662 0.02043 0.04198 0.00096 ( 1)
 684 F   0.93931 0.01809 0.04175 0.00085 ( 1)
 685 L   0.92971 0.02659 0.04244 0.00127 ( 1)
 686 F   0.93082 0.02559 0.04238 0.00122 ( 1)
 687 S   0.93740 0.01975 0.04192 0.00093 ( 1)
 688 G   0.93250 0.02408 0.04227 0.00114 ( 1)
 689 R   0.93538 0.02152 0.04208 0.00102 ( 1)
 690 G   0.93731 0.01983 0.04193 0.00093 ( 1)
 691 Y   0.93588 0.02109 0.04204 0.00099 ( 1)
 692 W   0.92807 0.02807 0.04252 0.00134 ( 1)
 693 Q   0.93047 0.02590 0.04240 0.00123 ( 1)
 694 E   0.93435 0.02243 0.04215 0.00106 ( 1)
 695 L   0.93798 0.01924 0.04187 0.00090 ( 1)
 696 I   0.93985 0.01762 0.04170 0.00082 ( 1)
 697 E   0.93435 0.02243 0.04215 0.00106 ( 1)
 698 S   0.92867 0.02752 0.04249 0.00131 ( 1)
 699 I   0.93045 0.02592 0.04240 0.00123 ( 1)
 700 V   0.93939 0.01802 0.04174 0.00084 ( 1)
 701 W   0.92807 0.02807 0.04252 0.00134 ( 1)
 702 A   0.93916 0.01822 0.04177 0.00085 ( 1)
 703 H   0.93676 0.02031 0.04197 0.00096 ( 1)
 704 N   0.93800 0.01923 0.04187 0.00090 ( 1)
 705 K   0.93361 0.02309 0.04220 0.00109 ( 1)
 706 L   0.93074 0.02566 0.04238 0.00122 ( 1)
 707 K   0.93361 0.02309 0.04220 0.00109 ( 1)
 708 V   0.93939 0.01802 0.04174 0.00084 ( 1)
 709 A   0.93916 0.01822 0.04177 0.00085 ( 1)
 710 P   0.93711 0.02000 0.04194 0.00094 ( 1)
 711 A   0.93916 0.01822 0.04177 0.00085 ( 1)
 712 T   0.93836 0.01891 0.04184 0.00089 ( 1)
 713 Q   0.92837 0.02780 0.04251 0.00133 ( 1)
 714 P   0.92957 0.02671 0.04245 0.00127 ( 1)
 715 R   0.93258 0.02401 0.04227 0.00114 ( 1)
 716 A   0.92964 0.02665 0.04244 0.00127 ( 1)
 717 L   0.93074 0.02566 0.04238 0.00122 ( 1)
 718 S   0.92944 0.02683 0.04245 0.00128 ( 1)
 719 I   0.93985 0.01762 0.04170 0.00082 ( 1)
 720 V   0.93476 0.02208 0.04212 0.00104 ( 1)
 721 Q   0.93047 0.02590 0.04240 0.00123 ( 1)
 722 G   0.93250 0.02408 0.04227 0.00114 ( 1)
 723 R   0.93538 0.02152 0.04208 0.00102 ( 1)
 724 A   0.93916 0.01822 0.04177 0.00085 ( 1)
 725 V   0.93476 0.02208 0.04212 0.00104 ( 1)
 726 G   0.93250 0.02408 0.04227 0.00114 ( 1)
 727 V   0.93476 0.02208 0.04212 0.00104 ( 1)
 728 T   0.92922 0.02703 0.04246 0.00129 ( 1)
 729 H   0.93676 0.02031 0.04197 0.00096 ( 1)
 730 Y   0.92798 0.02814 0.04253 0.00135 ( 1)
 731 L   0.93798 0.01924 0.04187 0.00090 ( 1)
 732 L   0.92728 0.02878 0.04256 0.00138 ( 1)
 733 G   0.93731 0.01983 0.04193 0.00093 ( 1)
 734 G   0.93250 0.02408 0.04227 0.00114 ( 1)
 735 I   0.93985 0.01762 0.04170 0.00082 ( 1)
 736 A   0.92964 0.02665 0.04244 0.00127 ( 1)
 737 T   0.93392 0.02282 0.04218 0.00108 ( 1)
 738 T   0.93392 0.02282 0.04218 0.00108 ( 1)
 739 W   0.92807 0.02807 0.04252 0.00134 ( 1)
 740 A   0.93089 0.02551 0.04239 0.00121 ( 1)
 741 F   0.93082 0.02559 0.04238 0.00122 ( 1)
 742 F   0.93082 0.02559 0.04238 0.00122 ( 1)
 743 L   0.93074 0.02566 0.04238 0.00122 ( 1)
 744 A   0.93456 0.02225 0.04214 0.00105 ( 1)
 745 R   0.93258 0.02401 0.04227 0.00114 ( 1)
 746 I   0.93985 0.01762 0.04170 0.00082 ( 1)
 747 I   0.93985 0.01762 0.04170 0.00082 ( 1)
 748 A   0.93456 0.02225 0.04214 0.00105 ( 1)
 749 V   0.93476 0.02208 0.04212 0.00104 ( 1)
 750 G   0.93250 0.02408 0.04227 0.00114 ( 1)

