

TREE # 1

  0  0.0000   4241.498801  x:  0.00000   0.01223   0.04675   0.01643   0.05452   0.05390   0.02775   0.03193   0.05347   0.01679   0.04020   0.02071   0.01890   0.01347   0.01657   0.04942   0.04751   0.02317   0.04350   0.02923   0.05699   0.03318   0.00937   0.02068   0.00781   0.05987   0.04212   0.04088   0.06279   0.02525   2.00000   1.09989   0.02896   0.27919   2.57308  
  1 99.0000   4241.477985  x:  0.00000   0.01223   0.04675   0.01642   0.05452   0.05390   0.02775   0.03193   0.05347   0.01679   0.04020   0.02071   0.01890   0.01347   0.01657   0.04942   0.04751   0.02317   0.04350   0.02923   0.05698   0.03318   0.00937   0.02068   0.00780   0.05987   0.04212   0.04088   0.06279   0.02525   2.00000   1.09989   0.02896   0.27919   2.57308  
  2 2906.8643   4142.127010  x:  0.00000   0.00682   0.03789   0.01180   0.04564   0.04500   0.02051   0.02386   0.04457   0.01213   0.03127   0.01336   0.00994   0.00786   0.01203   0.04140   0.04083   0.01913   0.03806   0.02392   0.04800   0.02923   0.00093   0.02156   0.00000   0.05349   0.03980   0.03931   0.05546   0.02146   2.00018   1.10030   0.02855   0.27919   2.57308  
  3 32456.8207   4132.368233  x:  0.00000   0.00638   0.03692   0.01141   0.04466   0.04403   0.01979   0.02300   0.04359   0.01174   0.03029   0.01263   0.00896   0.00739   0.01165   0.04055   0.04014   0.01878   0.03752   0.02342   0.04700   0.02889   0.00000   0.02164   0.00000   0.05282   0.03960   0.03916   0.05468   0.02143   2.00020   1.10036   0.02849   0.27939   2.57307  
  4 135750.8772   4054.747780  x:  0.00000   0.00578   0.02812   0.00853   0.03579   0.03514   0.01455   0.01582   0.03471   0.00880   0.02137   0.00794   0.00000   0.00634   0.00868   0.03300   0.03427   0.01521   0.03282   0.01926   0.03832   0.02458   0.00000   0.01819   0.00000   0.04689   0.03703   0.03524   0.04790   0.01929   2.00038   1.10070   0.02815   0.28004   2.57307  
  5 42083.8062   3918.357969  x:  0.00000   0.00083   0.00700   0.00806   0.01454   0.01386   0.01089   0.00416   0.01343   0.00799   0.00000   0.01116   0.00000   0.00274   0.00760   0.01730   0.02327   0.01014   0.02363   0.01259   0.02054   0.01279   0.00000   0.02645   0.00000   0.03576   0.02859   0.02282   0.03352   0.01760   2.00070   1.10025   0.02865   0.27018   2.57306  
  6 10388.9729   3883.111362  x:  0.00000   0.00447   0.00000   0.00674   0.00749   0.00680   0.00937   0.00186   0.00636   0.00661   0.00000   0.01118   0.00000   0.00031   0.00627   0.01245   0.01984   0.00898   0.02074   0.01056   0.01482   0.01089   0.00000   0.03014   0.00000   0.03237   0.02638   0.02084   0.02888   0.01751   2.00079   1.09998   0.02894   0.26496   2.57306  
  7 15551.3398   3856.404266  x:  0.00000   0.00672   0.00000   0.00501   0.00115   0.00045   0.00764   0.00049   0.00000   0.00486   0.00000   0.01053   0.00000   0.00158   0.00462   0.00818   0.01672   0.00798   0.01809   0.00862   0.00968   0.00976   0.00000   0.03413   0.00000   0.02935   0.02457   0.01986   0.02469   0.01764   2.00087   1.09971   0.02924   0.25958   2.57306  
  8 30571.4146   3854.753756  x:  0.00000   0.00682   0.00000   0.00491   0.00070   0.00000   0.00752   0.00063   0.00000   0.00476   0.00000   0.01047   0.00000   0.00162   0.00453   0.00789   0.01650   0.00792   0.01791   0.00851   0.00931   0.00970   0.00000   0.03433   0.00000   0.02914   0.02446   0.01979   0.02440   0.01764   2.00088   1.09969   0.02926   0.25925   2.57306  
  9 25942.7153   3853.133758  x:  0.00000   0.00676   0.00000   0.00487   0.00000   0.00000   0.00744   0.00062   0.00000   0.00473   0.00000   0.01032   0.00000   0.00161   0.00453   0.00765   0.01630   0.00797   0.01777   0.00853   0.00875   0.00992   0.00000   0.03431   0.00000   0.02888   0.02441   0.01982   0.02403   0.01761   2.00088   1.09966   0.02929   0.25866   2.57306  
 10 4641.9361   3840.810479  x:  0.00000   0.00653   0.00000   0.00553   0.00000   0.00000   0.00674   0.00060   0.00000   0.00516   0.00000   0.00683   0.00000   0.00156   0.00454   0.00772   0.01491   0.00796   0.01714   0.00863   0.00000   0.00808   0.00000   0.03412   0.00000   0.02606   0.02511   0.02186   0.01982   0.01763   2.00101   1.09936   0.02962   0.25156   2.57305  
 11 3808.3429   3837.246038  x:  0.00000   0.00623   0.00000   0.00405   0.00000   0.00000   0.00800   0.00057   0.00000   0.00368   0.00000   0.00164   0.00000   0.00147   0.00467   0.01137   0.01601   0.00498   0.01882   0.00551   0.00000   0.00952   0.00000   0.03557   0.00000   0.02270   0.02623   0.01998   0.01552   0.01722   2.00144   1.09961   0.02941   0.24474   2.57304  
 12 647.1670   3836.523781  x:  0.00000   0.00588   0.00000   0.00275   0.00000   0.00000   0.00674   0.00054   0.00000   0.00278   0.00000   0.00219   0.00000   0.00138   0.00290   0.01301   0.01657   0.00593   0.01946   0.00565   0.00000   0.00941   0.00000   0.03570   0.00000   0.02129   0.02694   0.01972   0.01439   0.01707   2.00174   1.10009   0.02895   0.24286   2.57303  
 13 322.7545   3836.198755  x:  0.00000   0.00593   0.00000   0.00313   0.00000   0.00000   0.00417   0.00055   0.00000   0.00297   0.00000   0.00228   0.00000   0.00139   0.00279   0.01382   0.01691   0.00551   0.01937   0.00566   0.00000   0.00970   0.00000   0.03588   0.00000   0.02073   0.02688   0.01925   0.01505   0.01697   2.00210   1.10086   0.02820   0.24163   2.57302  
 14 191.1878   3836.050744  x:  0.00000   0.00591   0.00000   0.00252   0.00000   0.00000   0.00369   0.00054   0.00000   0.00274   0.00000   0.00201   0.00000   0.00138   0.00348   0.01393   0.01683   0.00580   0.01882   0.00581   0.00000   0.00944   0.00000   0.03585   0.00000   0.02044   0.02657   0.01918   0.01602   0.01689   2.00252   1.10184   0.02723   0.24076   2.57301  
 15 131.0034   3835.494356  x:  0.00000   0.00570   0.00000   0.00284   0.00000   0.00000   0.00402   0.00052   0.00000   0.00238   0.00000   0.00115   0.00000   0.00132   0.00257   0.01379   0.01613   0.00609   0.01635   0.00559   0.00000   0.00918   0.00000   0.03551   0.00000   0.01936   0.02537   0.01950   0.01966   0.01652   2.00439   1.10622   0.02292   0.23746   2.57295  
 16 321.9554   3835.037042  x:  0.00000   0.00548   0.00000   0.00230   0.00000   0.00000   0.00434   0.00049   0.00000   0.00262   0.00000   0.00187   0.00000   0.00126   0.00239   0.01374   0.01526   0.00502   0.01448   0.00466   0.00000   0.00910   0.00000   0.03483   0.00000   0.01828   0.02496   0.02081   0.02192   0.01624   2.00618   1.11051   0.01869   0.23452   2.57290  
 17 754.4967   3834.668161  x:  0.00000   0.00541   0.00000   0.00271   0.00000   0.00000   0.00441   0.00048   0.00000   0.00161   0.00000   0.00217   0.00000   0.00124   0.00260   0.01340   0.01468   0.00449   0.01450   0.00494   0.00000   0.00894   0.00000   0.03456   0.00000   0.01813   0.02493   0.02068   0.02208   0.01599   2.00768   1.11419   0.01505   0.23247   2.57285  
 18 337.7726   3830.996258  x:  0.00000   0.00526   0.00000   0.00175   0.00000   0.00000   0.00474   0.00040   0.00000   0.00221   0.00000   0.00190   0.00000   0.00114   0.00184   0.00941   0.00966   0.00237   0.01700   0.00707   0.00000   0.00738   0.00000   0.03287   0.00000   0.01830   0.02407   0.01519   0.02206   0.01319   2.02316   1.15237  -0.02266   0.21191   2.57239  
 19 1863.6606   3828.524781  x:  0.00000   0.00518   0.00000   0.00230   0.00000   0.00000   0.00449   0.00035   0.00000   0.00212   0.00000   0.00215   0.00000   0.00108   0.00220   0.00701   0.00717   0.00391   0.01833   0.00435   0.00000   0.00638   0.00000   0.03111   0.00000   0.01827   0.02322   0.01126   0.02139   0.01120   2.03433   1.17998  -0.04994   0.19716   2.57206  
 20 6097.8072   3827.069170  x:  0.00000   0.00512   0.00000   0.00234   0.00000   0.00000   0.00448   0.00032   0.00000   0.00214   0.00000   0.00217   0.00000   0.00103   0.00226   0.00474   0.01245   0.00375   0.01636   0.00439   0.00000   0.00562   0.00000   0.03000   0.00000   0.01777   0.01958   0.01002   0.01847   0.00998   2.04193   1.19886  -0.06860   0.18775   2.57184  
 21 1148.6125   3825.071325  x:  0.00854   0.00518   0.00000   0.00239   0.00000   0.00000   0.00452   0.00032   0.00000   0.00218   0.00000   0.00223   0.00000   0.00104   0.00233   0.00518   0.01400   0.00374   0.01462   0.00469   0.00000   0.00553   0.00000   0.02960   0.00000   0.01773   0.01692   0.00936   0.01643   0.00939   2.04592   1.20885  -0.07848   0.18317   2.57172  
 22 1071.3711   3824.368305  x:  0.01028   0.00542   0.00000   0.00253   0.00000   0.00000   0.00489   0.00034   0.00000   0.00233   0.00000   0.00234   0.00000   0.00110   0.00253   0.00677   0.01459   0.00380   0.01061   0.00556   0.00000   0.00578   0.00000   0.02995   0.00000   0.01667   0.01910   0.00731   0.01532   0.00913   2.04801   1.21425  -0.08382   0.18144   2.57166  
 23 378.9501   3823.865420  x:  0.01184   0.00542   0.00000   0.00256   0.00000   0.00000   0.00511   0.00033   0.00000   0.00236   0.00000   0.00234   0.00000   0.00109   0.00258   0.00479   0.01574   0.00375   0.01149   0.00548   0.00000   0.00557   0.00000   0.03019   0.00000   0.01429   0.02235   0.00679   0.01708   0.00929   2.05061   1.22126  -0.09080   0.18037   2.57158  
 24 104.7003   3814.234577  x:  0.01154   0.00598   0.00000   0.00286   0.00000   0.00000   0.00586   0.00038   0.00000   0.00266   0.00000   0.00260   0.00000   0.00115   0.00298   0.00619   0.01450   0.00398   0.01279   0.00671   0.00000   0.00641   0.00000   0.03081   0.00000   0.00434   0.01752   0.00606   0.01653   0.00934   2.11561   1.39315  -0.26149   0.14193   2.56969  
 25 497.4371   3769.419597  x:  0.01296   0.00623   0.00000   0.00252   0.00000   0.00000   0.00471   0.00034   0.00000   0.00239   0.00000   0.00224   0.00000   0.00091   0.00273   0.00077   0.01197   0.00359   0.00844   0.00633   0.00000   0.00699   0.00000   0.03116   0.00000   0.00361   0.01606   0.00493   0.01099   0.00997   2.35040   2.01342  -0.87742   0.00000   2.56286  
 26 23488.7120   3758.412223  x:  0.01628   0.00351   0.00000   0.00244   0.00000   0.00000   0.00421   0.00025   0.00000   0.00227   0.00000   0.00189   0.00000   0.00057   0.00263   0.00115   0.01286   0.00320   0.00493   0.00557   0.00000   0.00507   0.00000   0.01302   0.00000   0.00560   0.01549   0.00133   0.00628   0.01572   2.34951   1.97386  -0.83642   0.00000   2.56256  
 27 21.3609   3756.307074  x:  0.01568   0.00304   0.00000   0.00249   0.00000   0.00000   0.00422   0.00026   0.00000   0.00231   0.00000   0.00189   0.00000   0.00055   0.00266   0.00262   0.01321   0.00322   0.00640   0.00553   0.00000   0.00496   0.00000   0.00946   0.00000   0.00540   0.01647   0.00206   0.00757   0.01449   2.44837   2.12929  -0.98581   0.00000   2.55891  
 28 39.0771   3754.675161  x:  0.01784   0.00237   0.00000   0.00253   0.00000   0.00000   0.00436   0.00024   0.00000   0.00231   0.00000   0.00200   0.00000   0.00053   0.00263   0.00367   0.01400   0.00311   0.00608   0.00543   0.00000   0.00408   0.00000   0.01474   0.00000   0.00551   0.01622   0.00000   0.00811   0.01570   2.59093   2.20810  -1.04899   0.00000   2.55194  
 29 12.0368   3746.018200  x:  0.01475   0.00141   0.00000   0.00237   0.00000   0.00000   0.00357   0.00074   0.00000   0.00241   0.00000   0.00170   0.00000   0.00073   0.00253   0.00353   0.01181   0.00416   0.01071   0.00594   0.00000   0.00868   0.00000   0.01691   0.00000   0.01016   0.01703   0.00000   0.00479   0.01754   4.08291   2.14511  -0.77166   0.00000   2.46344  
 30  9.2025   3745.861657  x:  0.01469   0.00140   0.00000   0.00237   0.00000   0.00000   0.00356   0.00075   0.00000   0.00241   0.00000   0.00170   0.00000   0.00074   0.00253   0.00352   0.01177   0.00418   0.01080   0.00595   0.00000   0.00876   0.00000   0.01695   0.00000   0.01024   0.01705   0.00275   0.00473   0.01757   4.11044   2.14396  -0.76654   0.00000   2.46179  
 31 1242.2035   3743.631869  x:  0.01614   0.00340   0.00000   0.00251   0.00000   0.00000   0.00332   0.00097   0.00000   0.00252   0.00000   0.00186   0.00000   0.00169   0.00237   0.00306   0.01065   0.00454   0.01031   0.00634   0.00000   0.00895   0.00000   0.01602   0.00000   0.01179   0.01678   0.00162   0.01021   0.02038   4.24871   2.29070  -0.71740   0.00000   2.37544  
 32  1.0882   3741.497290  x:  0.01683   0.00082   0.00000   0.00267   0.00000   0.00000   0.00285   0.00103   0.00000   0.00266   0.00000   0.00176   0.00000   0.00147   0.00248   0.00270   0.00915   0.00475   0.01022   0.00646   0.00000   0.00936   0.00000   0.01546   0.00000   0.01210   0.01761   0.00075   0.01121   0.02202   4.06289   2.48791  -0.70266   0.00000   2.28219  
 33  1.8984   3740.046874  x:  0.01743   0.00139   0.00000   0.00264   0.00000   0.00000   0.00238   0.00111   0.00000   0.00265   0.00000   0.00156   0.00000   0.00174   0.00249   0.00275   0.00798   0.00480   0.01021   0.00609   0.00000   0.00947   0.00000   0.01551   0.00000   0.01212   0.01857   0.00000   0.00966   0.02320   3.89467   2.66780  -0.70723   0.00000   2.20383  
 34  3.5883   3739.722993  x:  0.01769   0.00164   0.00000   0.00263   0.00000   0.00000   0.00219   0.00114   0.00000   0.00264   0.00000   0.00147   0.00000   0.00186   0.00250   0.00277   0.00748   0.00482   0.01021   0.00593   0.00000   0.00951   0.00000   0.01553   0.00000   0.01214   0.01897   0.00000   0.00901   0.02370   3.82351   2.74395  -0.70913   0.00820   2.17065  
 35 1142.9681   3738.521349  x:  0.02069   0.00143   0.00000   0.00259   0.00000   0.00000   0.00411   0.00131   0.00000   0.00275   0.00000   0.00131   0.00000   0.00208   0.00289   0.00263   0.00677   0.00521   0.01038   0.00569   0.00000   0.00955   0.00000   0.01463   0.00000   0.01191   0.02075   0.00000   0.00679   0.02747   3.63541   3.15727  -0.57106   0.01148   1.91195  
 36  1.0732   3737.645731  x:  0.01705   0.00101   0.00000   0.00295   0.00000   0.00000   0.00293   0.00139   0.00000   0.00289   0.00000   0.00130   0.00000   0.00172   0.00285   0.00260   0.00568   0.00577   0.01005   0.00522   0.00000   0.00986   0.00000   0.01364   0.00000   0.01161   0.02222   0.00000   0.00639   0.03017   3.76603   3.52418  -0.31198   0.00949   1.59240  
 37  0.6917   3737.644701  x:  0.01699   0.00100   0.00000   0.00295   0.00000   0.00000   0.00291   0.00139   0.00000   0.00289   0.00000   0.00130   0.00000   0.00171   0.00285   0.00260   0.00566   0.00578   0.01005   0.00521   0.00000   0.00986   0.00000   0.01362   0.00000   0.01160   0.02224   0.00027   0.00639   0.03022   3.76849   3.53111  -0.30709   0.00946   1.58636  
 38 297.4461   3737.490156  x:  0.01725   0.00106   0.00000   0.00296   0.00000   0.00000   0.00277   0.00141   0.00000   0.00289   0.00000   0.00133   0.00000   0.00164   0.00281   0.00263   0.00622   0.00583   0.01000   0.00521   0.00000   0.00999   0.00000   0.01363   0.00000   0.01154   0.02240   0.00000   0.00646   0.03065   3.77518   3.58104  -0.27617   0.00964   1.54078  
 39  0.6044   3737.230579  x:  0.01696   0.00146   0.00000   0.00295   0.00000   0.00000   0.00286   0.00147   0.00000   0.00295   0.00000   0.00151   0.00000   0.00123   0.00288   0.00278   0.00644   0.00614   0.00990   0.00598   0.00000   0.01052   0.00000   0.01390   0.00000   0.01150   0.02158   0.00000   0.00709   0.03262   3.81802   3.87014  -0.09836   0.01141   1.26541  
 40  0.6297   3737.229248  x:  0.01696   0.00147   0.00000   0.00295   0.00000   0.00000   0.00286   0.00147   0.00000   0.00295   0.00000   0.00151   0.00000   0.00123   0.00289   0.00278   0.00644   0.00614   0.00990   0.00598   0.00000   0.01052   0.00000   0.01390   0.00000   0.01150   0.02157   0.00026   0.00709   0.03263   3.81826   3.87175  -0.09737   0.01142   1.26387  
 41 96.7931   3737.114526  x:  0.01722   0.00146   0.00000   0.00276   0.00000   0.00000   0.00276   0.00153   0.00000   0.00281   0.00000   0.00131   0.00000   0.00138   0.00286   0.00290   0.00728   0.00592   0.00991   0.00545   0.00000   0.01033   0.00000   0.01403   0.00000   0.01133   0.02144   0.00000   0.00699   0.03397   3.83374   4.09659   0.04334   0.01241   1.02019  
 42  0.3580   3737.107843  x:  0.01721   0.00145   0.00000   0.00277   0.00000   0.00000   0.00276   0.00153   0.00000   0.00281   0.00000   0.00133   0.00000   0.00139   0.00285   0.00289   0.00728   0.00591   0.00992   0.00547   0.00000   0.01029   0.00000   0.01403   0.00000   0.01133   0.02144   0.00000   0.00698   0.03400   3.83535   4.11055   0.05391   0.01241   1.00000  
 43  0.1915   3737.106825  x:  0.01721   0.00145   0.00000   0.00278   0.00000   0.00000   0.00276   0.00153   0.00000   0.00281   0.00000   0.00134   0.00000   0.00139   0.00284   0.00289   0.00728   0.00590   0.00993   0.00549   0.00000   0.01027   0.00000   0.01403   0.00000   0.01133   0.02144   0.00023   0.00698   0.03402   3.83603   4.11643   0.05836   0.01241   1.00000  
 44 294.7604   3737.070668  x:  0.01633   0.00139   0.00000   0.00288   0.00000   0.00000   0.00284   0.00149   0.00000   0.00282   0.00000   0.00145   0.00000   0.00144   0.00280   0.00281   0.00702   0.00559   0.00992   0.00569   0.00000   0.00983   0.00000   0.01419   0.00000   0.01140   0.02160   0.00082   0.00714   0.03411   3.87020   4.34636   0.23590   0.01242   1.00000  
 45  0.2466   3737.059491  x:  0.01612   0.00139   0.00000   0.00281   0.00000   0.00000   0.00279   0.00144   0.00000   0.00281   0.00000   0.00145   0.00000   0.00144   0.00275   0.00284   0.00696   0.00552   0.00983   0.00575   0.00000   0.00986   0.00000   0.01435   0.00000   0.01139   0.02143   0.00109   0.00694   0.03395   3.84018   4.49758   0.33043   0.01346   1.00000  
 46  0.1106   3737.044120  x:  0.01554   0.00140   0.00000   0.00273   0.00000   0.00000   0.00285   0.00135   0.00000   0.00283   0.00000   0.00138   0.00000   0.00138   0.00285   0.00277   0.00703   0.00545   0.00981   0.00560   0.00000   0.00985   0.00000   0.01426   0.00000   0.01136   0.02141   0.00175   0.00707   0.03360   3.84982   4.77703   0.55465   0.01370   1.00000  
 47  0.1671   3737.036272  x:  0.01479   0.00141   0.00000   0.00282   0.00000   0.00000   0.00279   0.00132   0.00000   0.00284   0.00000   0.00140   0.00000   0.00137   0.00275   0.00278   0.00704   0.00563   0.00985   0.00561   0.00000   0.00986   0.00000   0.01413   0.00000   0.01129   0.02148   0.00236   0.00703   0.03350   3.86112   4.98377   0.73028   0.01374   1.00000  
 48  0.1328   3737.030533  x:  0.01434   0.00141   0.00000   0.00286   0.00000   0.00000   0.00283   0.00135   0.00000   0.00282   0.00000   0.00144   0.00000   0.00143   0.00285   0.00284   0.00706   0.00568   0.00990   0.00560   0.00000   0.00988   0.00000   0.01421   0.00000   0.01128   0.02141   0.00284   0.00711   0.03339   3.85433   5.21715   0.93833   0.01415   1.00000  
 49  0.1214   3737.025123  x:  0.01390   0.00139   0.00000   0.00278   0.00000   0.00000   0.00281   0.00141   0.00000   0.00278   0.00000   0.00139   0.00000   0.00144   0.00280   0.00283   0.00705   0.00572   0.00998   0.00568   0.00000   0.00982   0.00000   0.01420   0.00000   0.01127   0.02144   0.00340   0.00716   0.03330   3.85087   5.46661   1.18448   0.01400   1.00000  
 50  0.1671   3737.017650  x:  0.01323   0.00141   0.00000   0.00284   0.00000   0.00000   0.00280   0.00149   0.00000   0.00279   0.00000   0.00140   0.00000   0.00140   0.00280   0.00283   0.00700   0.00561   0.00990   0.00556   0.00000   0.00993   0.00000   0.01417   0.00000   0.01126   0.02151   0.00399   0.00705   0.03319   3.85765   5.84813   1.57502   0.01392   1.00000  
 51  0.2108   3737.011011  x:  0.01253   0.00140   0.00000   0.00279   0.00000   0.00000   0.00282   0.00149   0.00000   0.00287   0.00000   0.00140   0.00000   0.00142   0.00283   0.00278   0.00704   0.00558   0.00999   0.00575   0.00000   0.01001   0.00000   0.01413   0.00000   0.01132   0.02143   0.00460   0.00702   0.03327   3.86781   6.28624   2.04755   0.01379   1.00000  
 52  0.1918   3737.003680  x:  0.01170   0.00138   0.00000   0.00276   0.00000   0.00000   0.00282   0.00144   0.00000   0.00286   0.00000   0.00144   0.00000   0.00143   0.00274   0.00280   0.00708   0.00558   0.00989   0.00563   0.00000   0.01007   0.00000   0.01419   0.00000   0.01130   0.02144   0.00556   0.00714   0.03333   3.87637   6.83987   2.65193   0.01333   1.00000  
 53  0.3195   3736.997625  x:  0.01041   0.00141   0.00000   0.00283   0.00000   0.00000   0.00278   0.00140   0.00000   0.00285   0.00000   0.00141   0.00000   0.00142   0.00281   0.00279   0.00706   0.00560   0.00996   0.00557   0.00000   0.00991   0.00000   0.01416   0.00000   0.01129   0.02142   0.00686   0.00703   0.03345   3.86143   7.48262   3.32806   0.01306   1.00000  
 54  0.4489   3736.995638  x:  0.00956   0.00141   0.00000   0.00281   0.00000   0.00000   0.00283   0.00140   0.00000   0.00282   0.00000   0.00140   0.00000   0.00141   0.00280   0.00282   0.00702   0.00564   0.00987   0.00564   0.00000   0.00990   0.00000   0.01421   0.00000   0.01129   0.02147   0.00763   0.00705   0.03345   3.84990   7.96066   3.81241   0.01301   1.00000  
 55  0.4282   3736.994746  x:  0.00837   0.00140   0.00000   0.00281   0.00000   0.00000   0.00279   0.00141   0.00000   0.00281   0.00000   0.00141   0.00000   0.00140   0.00281   0.00281   0.00704   0.00562   0.00989   0.00563   0.00000   0.00990   0.00000   0.01420   0.00000   0.01134   0.02145   0.00886   0.00709   0.03348   3.84466   8.59560   4.44060   0.01305   1.00000  
 56  0.3302   3736.994098  x:  0.00687   0.00141   0.00000   0.00281   0.00000   0.00000   0.00283   0.00141   0.00000   0.00282   0.00000   0.00141   0.00000   0.00141   0.00280   0.00281   0.00706   0.00562   0.00989   0.00562   0.00000   0.00991   0.00000   0.01416   0.00000   0.01135   0.02146   0.01036   0.00704   0.03345   3.84997   9.37605   5.21363   0.01310   1.00000  
 57  0.4956   3736.993795  x:  0.00544   0.00140   0.00000   0.00281   0.00000   0.00000   0.00280   0.00141   0.00000   0.00282   0.00000   0.00141   0.00000   0.00141   0.00281   0.00282   0.00703   0.00562   0.00988   0.00564   0.00000   0.00992   0.00000   0.01419   0.00000   0.01135   0.02147   0.01175   0.00707   0.03345   3.85079  10.13637   5.97428   0.01311   1.00000  
 58  0.4553   3736.993642  x:  0.00399   0.00140   0.00000   0.00281   0.00000   0.00000   0.00282   0.00141   0.00000   0.00282   0.00000   0.00141   0.00000   0.00141   0.00280   0.00281   0.00704   0.00562   0.00990   0.00562   0.00000   0.00990   0.00000   0.01418   0.00000   0.01133   0.02146   0.01324   0.00706   0.03346   3.85055  10.90914   6.74794   0.01312   1.00000  
 59  0.4604   3736.993572  x:  0.00240   0.00140   0.00000   0.00281   0.00000   0.00000   0.00281   0.00141   0.00000   0.00282   0.00000   0.00141   0.00000   0.00141   0.00281   0.00282   0.00704   0.00562   0.00988   0.00563   0.00000   0.00991   0.00000   0.01419   0.00000   0.01132   0.02145   0.01481   0.00706   0.03345   3.85153  11.75395   7.59327   0.01308   1.00000  
 60  0.5222   3736.993545  x:  0.00121   0.00140   0.00000   0.00281   0.00000   0.00000   0.00281   0.00141   0.00000   0.00282   0.00000   0.00141   0.00000   0.00141   0.00280   0.00281   0.00704   0.00562   0.00989   0.00563   0.00000   0.00991   0.00000   0.01419   0.00000   0.01132   0.02146   0.01600   0.00706   0.03345   3.85075  12.39073   8.22945   0.01312   1.00000  
 61  0.4556   3736.993533  x:  0.00000   0.00140   0.00000   0.00281   0.00000   0.00000   0.00281   0.00141   0.00000   0.00282   0.00000   0.00141   0.00000   0.00141   0.00280   0.00281   0.00704   0.00562   0.00989   0.00563   0.00000   0.00991   0.00000   0.01419   0.00000   0.01132   0.02146   0.01721   0.00706   0.03345   3.85087  13.03051   8.86930   0.01310   1.00000  
 62  0.4517   3736.993533  x:  0.00000   0.00140   0.00000   0.00281   0.00000   0.00000   0.00281   0.00141   0.00000   0.00282   0.00000   0.00141   0.00000   0.00141   0.00280   0.00281   0.00704   0.00562   0.00989   0.00563   0.00000   0.00991   0.00000   0.01419   0.00000   0.01132   0.02146   0.01721   0.00706   0.03345   3.85087  13.02952   8.86831   0.01310   1.00000  
 63  0.3028   3736.993531  x:  0.00000   0.00140   0.00000   0.00281   0.00000   0.00000   0.00281   0.00141   0.00000   0.00282   0.00000   0.00141   0.00000   0.00141   0.00280   0.00281   0.00704   0.00562   0.00989   0.00563   0.00000   0.00991   0.00000   0.01419   0.00000   0.01132   0.02146   0.01721   0.00706   0.03345   3.85101  13.03077   8.86969   0.01311   1.00000  
 64  0.0013   3736.993531  x:  0.00000   0.00140   0.00000   0.00281   0.00000   0.00000   0.00281   0.00141   0.00000   0.00282   0.00000   0.00141   0.00000   0.00141   0.00280   0.00281   0.00704   0.00562   0.00989   0.00563   0.00000   0.00991   0.00000   0.01419   0.00000   0.01133   0.02146   0.01721   0.00706   0.03345   3.85098  13.03060   8.86954   0.01311   1.00000  
 65  0.0004   3736.993531  x:  0.00000   0.00140   0.00000   0.00281   0.00000   0.00000   0.00281   0.00141   0.00000   0.00282   0.00000   0.00141   0.00000   0.00141   0.00280   0.00281   0.00704   0.00562   0.00989   0.00563   0.00000   0.00991   0.00000   0.01419   0.00000   0.01133   0.02146   0.01721   0.00706   0.03345   3.85096  13.03062   8.86957   0.01311   1.00000  