Supplemental results for CODEML (seqf: /Users/YY/Desktop/get/branch_site/modify/modify_trim_muscle_psbB.fa  treef: /Users/YY/Desktop/get/branch_site/16gene_topu.tree)


dN/dS (w) for site classes (K=4)

site class             0        1       2a       2b
proportion       0.96221  0.03779  0.00000  0.00000
background w     0.02349  1.00000  0.02349  1.00000
foreground w     0.02349  1.00000  1.00000  1.00000

Naive Empirical Bayes (NEB) probabilities for 4 classes
(amino acids refer to 1st sequence: KM035851)

   1 M   0.98150 0.01850 0.00000 0.00000 ( 1)
   2 G   0.98540 0.01460 0.00000 0.00000 ( 1)
   3 L   0.97367 0.02633 0.00000 0.00000 ( 1)
   4 P   0.98178 0.01822 0.00000 0.00000 ( 1)
   5 W   0.97278 0.02722 0.00000 0.00000 ( 1)
   6 Y   0.98191 0.01809 0.00000 0.00000 ( 1)
   7 R   0.98142 0.01858 0.00000 0.00000 ( 1)
   8 V   0.98634 0.01366 0.00000 0.00000 ( 1)
   9 H   0.98202 0.01798 0.00000 0.00000 ( 1)
  10 T   0.97658 0.02342 0.00000 0.00000 ( 1)
  11 V   0.98634 0.01366 0.00000 0.00000 ( 1)
  12 V   0.97930 0.02070 0.00000 0.00000 ( 1)
  13 L   0.97367 0.02633 0.00000 0.00000 ( 1)
  14 N   0.98458 0.01542 0.00000 0.00000 ( 1)
  15 D   0.98707 0.01293 0.00000 0.00000 ( 1)
  16 P   0.97054 0.02946 0.00000 0.00000 ( 1)
  17 G   0.98540 0.01460 0.00000 0.00000 ( 1)
  18 R   0.97121 0.02879 0.00000 0.00000 ( 1)
  19 L   0.97367 0.02633 0.00000 0.00000 ( 1)
  20 L   0.98059 0.01941 0.00000 0.00000 ( 1)
  21 S   0.57219 0.42781 0.00000 0.00000 ( 1)
  22 V   0.97337 0.02663 0.00000 0.00000 ( 1)
  23 H   0.98202 0.01798 0.00000 0.00000 ( 1)
  24 I   0.98192 0.01808 0.00000 0.00000 ( 1)
  25 M   0.98150 0.01850 0.00000 0.00000 ( 1)
  26 H   0.98202 0.01798 0.00000 0.00000 ( 1)
  27 T   0.97825 0.02175 0.00000 0.00000 ( 1)
  28 A   0.98611 0.01389 0.00000 0.00000 ( 1)
  29 L   0.96962 0.03038 0.00000 0.00000 ( 1)
  30 V   0.98634 0.01366 0.00000 0.00000 ( 1)
  31 A   0.98599 0.01401 0.00000 0.00000 ( 1)
  32 G   0.98540 0.01460 0.00000 0.00000 ( 1)
  33 W   0.97278 0.02722 0.00000 0.00000 ( 1)
  34 A   0.97633 0.02367 0.00000 0.00000 ( 1)
  35 G   0.98540 0.01460 0.00000 0.00000 ( 1)
  36 S   0.97216 0.02784 0.00000 0.00000 ( 1)
  37 M   0.98150 0.01850 0.00000 0.00000 ( 1)
  38 A   0.98655 0.01345 0.00000 0.00000 ( 1)
  39 L   0.97263 0.02737 0.00000 0.00000 ( 1)
  40 Y   0.98191 0.01809 0.00000 0.00000 ( 1)
  41 E   0.98134 0.01866 0.00000 0.00000 ( 1)
  42 L   0.97524 0.02476 0.00000 0.00000 ( 1)
  43 A   0.98027 0.01973 0.00000 0.00000 ( 1)
  44 V   0.98634 0.01366 0.00000 0.00000 ( 1)
  45 F   0.98522 0.01478 0.00000 0.00000 ( 1)
  46 D   0.98707 0.01293 0.00000 0.00000 ( 1)
  47 P   0.97191 0.02809 0.00000 0.00000 ( 1)
  48 S   0.98283 0.01717 0.00000 0.00000 ( 1)
  49 D   0.97575 0.02425 0.00000 0.00000 ( 1)
  50 P   0.98178 0.01822 0.00000 0.00000 ( 1)
  51 V   0.98634 0.01366 0.00000 0.00000 ( 1)
  52 L   0.98336 0.01664 0.00000 0.00000 ( 1)
  53 D   0.98707 0.01293 0.00000 0.00000 ( 1)
  54 P   0.97610 0.02390 0.00000 0.00000 ( 1)
  55 M   0.98150 0.01850 0.00000 0.00000 ( 1)
  56 W   0.97278 0.02722 0.00000 0.00000 ( 1)
  57 R   0.97811 0.02189 0.00000 0.00000 ( 1)
  58 Q   0.97118 0.02882 0.00000 0.00000 ( 1)
  59 G   0.98540 0.01460 0.00000 0.00000 ( 1)
  60 M   0.98150 0.01850 0.00000 0.00000 ( 1)
  61 F   0.97440 0.02560 0.00000 0.00000 ( 1)
  62 V   0.98634 0.01366 0.00000 0.00000 ( 1)
  63 I   0.98192 0.01808 0.00000 0.00000 ( 1)
  64 P   0.97054 0.02946 0.00000 0.00000 ( 1)
  65 F   0.97440 0.02560 0.00000 0.00000 ( 1)
  66 M   0.98150 0.01850 0.00000 0.00000 ( 1)
  67 T   0.98393 0.01607 0.00000 0.00000 ( 1)
  68 R   0.98142 0.01858 0.00000 0.00000 ( 1)
  69 L   0.97524 0.02476 0.00000 0.00000 ( 1)
  70 G   0.97821 0.02179 0.00000 0.00000 ( 1)
  71 I   0.98192 0.01808 0.00000 0.00000 ( 1)
  72 T   0.97240 0.02760 0.00000 0.00000 ( 1)
  73 S   0.59920 0.40080 0.00000 0.00000 ( 1)
  74 S   0.97296 0.02704 0.00000 0.00000 ( 1)
  75 W   0.97278 0.02722 0.00000 0.00000 ( 1)
  76 G   0.97273 0.02727 0.00000 0.00000 ( 1)
  77 G   0.98540 0.01460 0.00000 0.00000 ( 1)
  78 W   0.97278 0.02722 0.00000 0.00000 ( 1)
  79 S   0.98506 0.01494 0.00000 0.00000 ( 1)
  80 I   0.97568 0.02432 0.00000 0.00000 ( 1)
  81 T   0.97816 0.02184 0.00000 0.00000 ( 1)
  82 G   0.97821 0.02179 0.00000 0.00000 ( 1)
  83 G   0.97487 0.02513 0.00000 0.00000 ( 1)
  84 A   0.98655 0.01345 0.00000 0.00000 ( 1)
  85 T   0.26754 0.73246 0.00000 0.00000 ( 2)
  86 P   0.45185 0.54815 0.00000 0.00000 ( 2)
  87 N   0.98458 0.01542 0.00000 0.00000 ( 1)
  88 P   0.97212 0.02788 0.00000 0.00000 ( 1)
  89 G   0.98540 0.01460 0.00000 0.00000 ( 1)
  90 I   0.98641 0.01359 0.00000 0.00000 ( 1)
  91 W   0.97278 0.02722 0.00000 0.00000 ( 1)
  92 S   0.98506 0.01494 0.00000 0.00000 ( 1)
  93 Y   0.97062 0.02938 0.00000 0.00000 ( 1)
  94 E   0.98088 0.01912 0.00000 0.00000 ( 1)
  95 G   0.98514 0.01486 0.00000 0.00000 ( 1)
  96 V   0.97553 0.02447 0.00000 0.00000 ( 1)
  97 A   0.45771 0.54229 0.00000 0.00000 ( 2)
  98 G   0.97480 0.02520 0.00000 0.00000 ( 1)
  99 A   0.98017 0.01983 0.00000 0.00000 ( 1)
 100 H   0.98202 0.01798 0.00000 0.00000 ( 1)
 101 I   0.98641 0.01359 0.00000 0.00000 ( 1)
 102 V   0.47807 0.52193 0.00000 0.00000 ( 2)
 103 F   0.98522 0.01478 0.00000 0.00000 ( 1)
 104 S   0.98283 0.01717 0.00000 0.00000 ( 1)
 105 G   0.97273 0.02727 0.00000 0.00000 ( 1)
 106 L   0.97367 0.02633 0.00000 0.00000 ( 1)
 107 C   0.97167 0.02833 0.00000 0.00000 ( 1)
 108 F   0.97440 0.02560 0.00000 0.00000 ( 1)
 109 L   0.97367 0.02633 0.00000 0.00000 ( 1)
 110 A   0.98027 0.01973 0.00000 0.00000 ( 1)
 111 A   0.98655 0.01345 0.00000 0.00000 ( 1)
 112 I   0.97402 0.02598 0.00000 0.00000 ( 1)
 113 W   0.97278 0.02722 0.00000 0.00000 ( 1)
 114 H   0.97170 0.02830 0.00000 0.00000 ( 1)
 115 W   0.97278 0.02722 0.00000 0.00000 ( 1)
 116 V   0.02149 0.97851 0.00000 0.00000 ( 2)
 117 Y   0.98191 0.01809 0.00000 0.00000 ( 1)
 118 W   0.97278 0.02722 0.00000 0.00000 ( 1)
 119 D   0.98707 0.01293 0.00000 0.00000 ( 1)
 120 L   0.97255 0.02745 0.00000 0.00000 ( 1)
 121 E   0.54620 0.45380 0.00000 0.00000 ( 1)
 122 I   0.97481 0.02519 0.00000 0.00000 ( 1)
 123 F   0.98522 0.01478 0.00000 0.00000 ( 1)
 124 C   0.98268 0.01732 0.00000 0.00000 ( 1)
 125 D   0.98707 0.01293 0.00000 0.00000 ( 1)
 126 E   0.98134 0.01866 0.00000 0.00000 ( 1)
 127 R   0.98142 0.01858 0.00000 0.00000 ( 1)
 128 T   0.97825 0.02175 0.00000 0.00000 ( 1)
 129 G   0.97821 0.02179 0.00000 0.00000 ( 1)
 130 K   0.97845 0.02155 0.00000 0.00000 ( 1)
 131 P   0.98084 0.01916 0.00000 0.00000 ( 1)
 132 S   0.98283 0.01717 0.00000 0.00000 ( 1)
 133 L   0.97524 0.02476 0.00000 0.00000 ( 1)
 134 D   0.98707 0.01293 0.00000 0.00000 ( 1)
 135 L   0.97368 0.02632 0.00000 0.00000 ( 1)
 136 P   0.97054 0.02946 0.00000 0.00000 ( 1)
 137 K   0.97485 0.02515 0.00000 0.00000 ( 1)
 138 I   0.97669 0.02331 0.00000 0.00000 ( 1)
 139 F   0.98252 0.01748 0.00000 0.00000 ( 1)
 140 G   0.97821 0.02179 0.00000 0.00000 ( 1)
 141 I   0.98641 0.01359 0.00000 0.00000 ( 1)
 142 H   0.98202 0.01798 0.00000 0.00000 ( 1)
 143 L   0.97524 0.02476 0.00000 0.00000 ( 1)
 144 F   0.98522 0.01478 0.00000 0.00000 ( 1)
 145 L   0.97145 0.02855 0.00000 0.00000 ( 1)
 146 A   0.97566 0.02434 0.00000 0.00000 ( 1)
 147 G   0.97480 0.02520 0.00000 0.00000 ( 1)
 148 L   0.47939 0.52061 0.00000 0.00000 ( 2)
 149 A   0.98655 0.01345 0.00000 0.00000 ( 1)
 150 C   0.97255 0.02745 0.00000 0.00000 ( 1)
 151 F   0.98522 0.01478 0.00000 0.00000 ( 1)
 152 G   0.98540 0.01460 0.00000 0.00000 ( 1)
 153 F   0.98522 0.01478 0.00000 0.00000 ( 1)
 154 G   0.98540 0.01460 0.00000 0.00000 ( 1)
 155 A   0.98027 0.01973 0.00000 0.00000 ( 1)
 156 F   0.98522 0.01478 0.00000 0.00000 ( 1)
 157 H   0.98202 0.01798 0.00000 0.00000 ( 1)
 158 V   0.98010 0.01990 0.00000 0.00000 ( 1)
 159 T   0.97825 0.02175 0.00000 0.00000 ( 1)
 160 G   0.97273 0.02727 0.00000 0.00000 ( 1)
 161 L   0.97367 0.02633 0.00000 0.00000 ( 1)
 162 Y   0.98191 0.01809 0.00000 0.00000 ( 1)
 163 G   0.98540 0.01460 0.00000 0.00000 ( 1)
 164 P   0.98095 0.01905 0.00000 0.00000 ( 1)
 165 G   0.97821 0.02179 0.00000 0.00000 ( 1)
 166 I   0.98192 0.01808 0.00000 0.00000 ( 1)
 167 W   0.97278 0.02722 0.00000 0.00000 ( 1)
 168 V   0.97553 0.02447 0.00000 0.00000 ( 1)
 169 S   0.97114 0.02886 0.00000 0.00000 ( 1)
 170 D   0.98707 0.01293 0.00000 0.00000 ( 1)
 171 P   0.98178 0.01822 0.00000 0.00000 ( 1)
 172 Y   0.98191 0.01809 0.00000 0.00000 ( 1)
 173 G   0.97821 0.02179 0.00000 0.00000 ( 1)
 174 L   0.97263 0.02737 0.00000 0.00000 ( 1)
 175 T   0.97399 0.02601 0.00000 0.00000 ( 1)
 176 G   0.97821 0.02179 0.00000 0.00000 ( 1)
 177 K   0.97845 0.02155 0.00000 0.00000 ( 1)
 178 V   0.97968 0.02032 0.00000 0.00000 ( 1)
 179 Q   0.97377 0.02623 0.00000 0.00000 ( 1)
 180 S   0.97525 0.02475 0.00000 0.00000 ( 1)
 181 V   0.98010 0.01990 0.00000 0.00000 ( 1)
 182 N   0.98458 0.01542 0.00000 0.00000 ( 1)
 183 P   0.97610 0.02390 0.00000 0.00000 ( 1)
 184 A   0.97596 0.02404 0.00000 0.00000 ( 1)
 185 W   0.97278 0.02722 0.00000 0.00000 ( 1)
 186 G   0.97273 0.02727 0.00000 0.00000 ( 1)
 187 V   0.49823 0.50177 0.00000 0.00000 ( 2)
 188 E   0.98088 0.01912 0.00000 0.00000 ( 1)
 189 G   0.98540 0.01460 0.00000 0.00000 ( 1)
 190 F   0.98522 0.01478 0.00000 0.00000 ( 1)
 191 D   0.98707 0.01293 0.00000 0.00000 ( 1)
 192 P   0.98178 0.01822 0.00000 0.00000 ( 1)
 193 F   0.98522 0.01478 0.00000 0.00000 ( 1)
 194 V   0.98634 0.01366 0.00000 0.00000 ( 1)
 195 P   0.97228 0.02772 0.00000 0.00000 ( 1)
 196 G   0.97788 0.02212 0.00000 0.00000 ( 1)
 197 G   0.97821 0.02179 0.00000 0.00000 ( 1)
 198 I   0.98192 0.01808 0.00000 0.00000 ( 1)
 199 A   0.98353 0.01647 0.00000 0.00000 ( 1)
 200 S   0.98283 0.01717 0.00000 0.00000 ( 1)
 201 H   0.98202 0.01798 0.00000 0.00000 ( 1)
 202 H   0.98202 0.01798 0.00000 0.00000 ( 1)
 203 I   0.98641 0.01359 0.00000 0.00000 ( 1)
 204 A   0.98027 0.01973 0.00000 0.00000 ( 1)
 205 A   0.98011 0.01989 0.00000 0.00000 ( 1)
 206 G   0.98540 0.01460 0.00000 0.00000 ( 1)
 207 T   0.97825 0.02175 0.00000 0.00000 ( 1)
 208 L   0.97367 0.02633 0.00000 0.00000 ( 1)
 209 G   0.97273 0.02727 0.00000 0.00000 ( 1)
 210 I   0.98192 0.01808 0.00000 0.00000 ( 1)
 211 L   0.97368 0.02632 0.00000 0.00000 ( 1)
 212 A   0.97576 0.02424 0.00000 0.00000 ( 1)
 213 G   0.98540 0.01460 0.00000 0.00000 ( 1)
 214 L   0.97263 0.02737 0.00000 0.00000 ( 1)
 215 F   0.97440 0.02560 0.00000 0.00000 ( 1)
 216 H   0.98202 0.01798 0.00000 0.00000 ( 1)
 217 L   0.98336 0.01664 0.00000 0.00000 ( 1)
 218 S   0.97792 0.02208 0.00000 0.00000 ( 1)
 219 V   0.97337 0.02663 0.00000 0.00000 ( 1)
 220 R   0.97035 0.02965 0.00000 0.00000 ( 1)
 221 P   0.97268 0.02732 0.00000 0.00000 ( 1)
 222 P   0.97054 0.02946 0.00000 0.00000 ( 1)
 223 Q   0.97377 0.02623 0.00000 0.00000 ( 1)
 224 R   0.98142 0.01858 0.00000 0.00000 ( 1)
 225 L   0.97263 0.02737 0.00000 0.00000 ( 1)
 226 Y   0.97062 0.02938 0.00000 0.00000 ( 1)
 227 K   0.97845 0.02155 0.00000 0.00000 ( 1)
 228 G   0.97519 0.02481 0.00000 0.00000 ( 1)
 229 L   0.97514 0.02486 0.00000 0.00000 ( 1)
 230 R   0.98142 0.01858 0.00000 0.00000 ( 1)
 231 M   0.98150 0.01850 0.00000 0.00000 ( 1)
 232 G   0.97287 0.02713 0.00000 0.00000 ( 1)
 233 N   0.98458 0.01542 0.00000 0.00000 ( 1)
 234 I   0.98641 0.01359 0.00000 0.00000 ( 1)
 235 E   0.98134 0.01866 0.00000 0.00000 ( 1)
 236 T   0.98432 0.01568 0.00000 0.00000 ( 1)
 237 V   0.97862 0.02138 0.00000 0.00000 ( 1)
 238 L   0.98336 0.01664 0.00000 0.00000 ( 1)
 239 S   0.97114 0.02886 0.00000 0.00000 ( 1)
 240 S   0.98506 0.01494 0.00000 0.00000 ( 1)
 241 S   0.98485 0.01515 0.00000 0.00000 ( 1)
 242 I   0.98641 0.01359 0.00000 0.00000 ( 1)
 243 A   0.97566 0.02434 0.00000 0.00000 ( 1)
 244 A   0.98655 0.01345 0.00000 0.00000 ( 1)
 245 V   0.47981 0.52019 0.00000 0.00000 ( 2)
 246 F   0.98522 0.01478 0.00000 0.00000 ( 1)
 247 F   0.98522 0.01478 0.00000 0.00000 ( 1)
 248 A   0.97996 0.02004 0.00000 0.00000 ( 1)
 249 A   0.98655 0.01345 0.00000 0.00000 ( 1)
 250 F   0.98522 0.01478 0.00000 0.00000 ( 1)
 251 V   0.98634 0.01366 0.00000 0.00000 ( 1)
 252 V   0.98634 0.01366 0.00000 0.00000 ( 1)
 253 A   0.97348 0.02652 0.00000 0.00000 ( 1)
 254 G   0.97821 0.02179 0.00000 0.00000 ( 1)
 255 T   0.98432 0.01568 0.00000 0.00000 ( 1)
 256 M   0.98150 0.01850 0.00000 0.00000 ( 1)
 257 W   0.97278 0.02722 0.00000 0.00000 ( 1)
 258 Y   0.98191 0.01809 0.00000 0.00000 ( 1)
 259 G   0.98540 0.01460 0.00000 0.00000 ( 1)
 260 S   0.97476 0.02524 0.00000 0.00000 ( 1)
 261 A   0.98027 0.01973 0.00000 0.00000 ( 1)
 262 T   0.98432 0.01568 0.00000 0.00000 ( 1)
 263 T   0.97214 0.02786 0.00000 0.00000 ( 1)
 264 P   0.97400 0.02600 0.00000 0.00000 ( 1)
 265 I   0.97402 0.02598 0.00000 0.00000 ( 1)
 266 E   0.98123 0.01877 0.00000 0.00000 ( 1)
 267 L   0.97524 0.02476 0.00000 0.00000 ( 1)
 268 F   0.98522 0.01478 0.00000 0.00000 ( 1)
 269 G   0.97480 0.02520 0.00000 0.00000 ( 1)
 270 P   0.98178 0.01822 0.00000 0.00000 ( 1)
 271 T   0.98432 0.01568 0.00000 0.00000 ( 1)
 272 R   0.98142 0.01858 0.00000 0.00000 ( 1)
 273 Y   0.98191 0.01809 0.00000 0.00000 ( 1)
 274 Q   0.97377 0.02623 0.00000 0.00000 ( 1)
 275 W   0.97278 0.02722 0.00000 0.00000 ( 1)
 276 D   0.98707 0.01293 0.00000 0.00000 ( 1)
 277 Q   0.97113 0.02887 0.00000 0.00000 ( 1)
 278 G   0.97628 0.02372 0.00000 0.00000 ( 1)
 279 Y   0.97062 0.02938 0.00000 0.00000 ( 1)
 280 F   0.97450 0.02550 0.00000 0.00000 ( 1)
 281 Q   0.97113 0.02887 0.00000 0.00000 ( 1)
 282 Q   0.97377 0.02623 0.00000 0.00000 ( 1)
 283 E   0.97765 0.02235 0.00000 0.00000 ( 1)
 284 I   0.98200 0.01800 0.00000 0.00000 ( 1)
 285 Y   0.98191 0.01809 0.00000 0.00000 ( 1)
 286 R   0.97067 0.02933 0.00000 0.00000 ( 1)
 287 R   0.97811 0.02189 0.00000 0.00000 ( 1)
 288 V   0.98634 0.01366 0.00000 0.00000 ( 1)
 289 S   0.98506 0.01494 0.00000 0.00000 ( 1)
 290 A   0.98655 0.01345 0.00000 0.00000 ( 1)
 291 G   0.97480 0.02520 0.00000 0.00000 ( 1)
 292 L   0.97263 0.02737 0.00000 0.00000 ( 1)
 293 A   0.45771 0.54229 0.00000 0.00000 ( 2)
 294 E   0.98134 0.01866 0.00000 0.00000 ( 1)
 295 N   0.98458 0.01542 0.00000 0.00000 ( 1)
 296 Q   0.46563 0.53437 0.00000 0.00000 ( 2)
 297 S   0.98506 0.01494 0.00000 0.00000 ( 1)
 298 L   0.97524 0.02476 0.00000 0.00000 ( 1)
 299 S   0.97476 0.02524 0.00000 0.00000 ( 1)
 300 K   0.54278 0.45722 0.00000 0.00000 ( 1)
 301 A   0.98655 0.01345 0.00000 0.00000 ( 1)
 302 W   0.97278 0.02722 0.00000 0.00000 ( 1)
 303 S   0.98283 0.01717 0.00000 0.00000 ( 1)
 304 K   0.97845 0.02155 0.00000 0.00000 ( 1)
 305 I   0.98641 0.01359 0.00000 0.00000 ( 1)
 306 P   0.98130 0.01870 0.00000 0.00000 ( 1)
 307 E   0.98134 0.01866 0.00000 0.00000 ( 1)
 308 K   0.97845 0.02155 0.00000 0.00000 ( 1)
 309 L   0.97524 0.02476 0.00000 0.00000 ( 1)
 310 A   0.98633 0.01367 0.00000 0.00000 ( 1)
 311 F   0.98522 0.01478 0.00000 0.00000 ( 1)
 312 Y   0.98191 0.01809 0.00000 0.00000 ( 1)
 313 D   0.98707 0.01293 0.00000 0.00000 ( 1)
 314 Y   0.97062 0.02938 0.00000 0.00000 ( 1)
 315 I   0.97437 0.02563 0.00000 0.00000 ( 1)
 316 G   0.97273 0.02727 0.00000 0.00000 ( 1)
 317 N   0.98458 0.01542 0.00000 0.00000 ( 1)
 318 N   0.98458 0.01542 0.00000 0.00000 ( 1)
 319 P   0.97228 0.02772 0.00000 0.00000 ( 1)
 320 A   0.98027 0.01973 0.00000 0.00000 ( 1)
 321 K   0.97778 0.02222 0.00000 0.00000 ( 1)
 322 G   0.97480 0.02520 0.00000 0.00000 ( 1)
 323 G   0.97821 0.02179 0.00000 0.00000 ( 1)
 324 L   0.97524 0.02476 0.00000 0.00000 ( 1)
 325 F   0.97440 0.02560 0.00000 0.00000 ( 1)
 326 R   0.97633 0.02367 0.00000 0.00000 ( 1)
 327 A   0.97640 0.02360 0.00000 0.00000 ( 1)
 328 G   0.97758 0.02242 0.00000 0.00000 ( 1)
 329 S   0.97399 0.02601 0.00000 0.00000 ( 1)
 330 M   0.98150 0.01850 0.00000 0.00000 ( 1)
 331 D   0.98707 0.01293 0.00000 0.00000 ( 1)
 332 N   0.98458 0.01542 0.00000 0.00000 ( 1)
 333 G   0.97480 0.02520 0.00000 0.00000 ( 1)
 334 D   0.98707 0.01293 0.00000 0.00000 ( 1)
 335 G   0.97821 0.02179 0.00000 0.00000 ( 1)
 336 I   0.98192 0.01808 0.00000 0.00000 ( 1)
 337 A   0.97566 0.02434 0.00000 0.00000 ( 1)
 338 V   0.98634 0.01366 0.00000 0.00000 ( 1)
 339 G   0.97821 0.02179 0.00000 0.00000 ( 1)
 340 W   0.97278 0.02722 0.00000 0.00000 ( 1)
 341 L   0.97524 0.02476 0.00000 0.00000 ( 1)
 342 G   0.97809 0.02191 0.00000 0.00000 ( 1)
 343 H   0.98202 0.01798 0.00000 0.00000 ( 1)
 344 P   0.98178 0.01822 0.00000 0.00000 ( 1)
 345 I   0.97402 0.02598 0.00000 0.00000 ( 1)
 346 F   0.98522 0.01478 0.00000 0.00000 ( 1)
 347 R   0.97811 0.02189 0.00000 0.00000 ( 1)
 348 D   0.98707 0.01293 0.00000 0.00000 ( 1)
 349 K   0.97845 0.02155 0.00000 0.00000 ( 1)
 350 E   0.98088 0.01912 0.00000 0.00000 ( 1)
 351 G   0.97507 0.02493 0.00000 0.00000 ( 1)
 352 R   0.98142 0.01858 0.00000 0.00000 ( 1)
 353 E   0.98134 0.01866 0.00000 0.00000 ( 1)
 354 L   0.98336 0.01664 0.00000 0.00000 ( 1)
 355 F   0.98522 0.01478 0.00000 0.00000 ( 1)
 356 V   0.98010 0.01990 0.00000 0.00000 ( 1)
 357 R   0.98142 0.01858 0.00000 0.00000 ( 1)
 358 R   0.98142 0.01858 0.00000 0.00000 ( 1)
 359 M   0.98150 0.01850 0.00000 0.00000 ( 1)
 360 P   0.98178 0.01822 0.00000 0.00000 ( 1)
 361 T   0.97202 0.02798 0.00000 0.00000 ( 1)
 362 F   0.98522 0.01478 0.00000 0.00000 ( 1)
 363 F   0.98522 0.01478 0.00000 0.00000 ( 1)
 364 E   0.98134 0.01866 0.00000 0.00000 ( 1)
 365 T   0.97202 0.02798 0.00000 0.00000 ( 1)
 366 F   0.97440 0.02560 0.00000 0.00000 ( 1)
 367 P   0.97237 0.02763 0.00000 0.00000 ( 1)
 368 V   0.97337 0.02663 0.00000 0.00000 ( 1)
 369 V   0.97553 0.02447 0.00000 0.00000 ( 1)
 370 L   0.97368 0.02632 0.00000 0.00000 ( 1)
 371 V   0.97968 0.02032 0.00000 0.00000 ( 1)
 372 D   0.98707 0.01293 0.00000 0.00000 ( 1)
 373 G   0.97344 0.02656 0.00000 0.00000 ( 1)
 374 D   0.97586 0.02414 0.00000 0.00000 ( 1)
 375 G   0.97821 0.02179 0.00000 0.00000 ( 1)
 376 I   0.98641 0.01359 0.00000 0.00000 ( 1)
 377 V   0.98634 0.01366 0.00000 0.00000 ( 1)
 378 R   0.97811 0.02189 0.00000 0.00000 ( 1)
 379 A   0.97503 0.02497 0.00000 0.00000 ( 1)
 380 D   0.98707 0.01293 0.00000 0.00000 ( 1)
 381 V   0.98634 0.01366 0.00000 0.00000 ( 1)
 382 P   0.98178 0.01822 0.00000 0.00000 ( 1)
 383 F   0.98522 0.01478 0.00000 0.00000 ( 1)
 384 R   0.97067 0.02933 0.00000 0.00000 ( 1)
 385 R   0.97546 0.02454 0.00000 0.00000 ( 1)
 386 A   0.98027 0.01973 0.00000 0.00000 ( 1)
 387 E   0.98134 0.01866 0.00000 0.00000 ( 1)
 388 S   0.97216 0.02784 0.00000 0.00000 ( 1)
 389 K   0.97485 0.02515 0.00000 0.00000 ( 1)
 390 Y   0.98191 0.01809 0.00000 0.00000 ( 1)
 391 S   0.98506 0.01494 0.00000 0.00000 ( 1)
 392 V   0.97337 0.02663 0.00000 0.00000 ( 1)
 393 E   0.98134 0.01866 0.00000 0.00000 ( 1)
 394 Q   0.97377 0.02623 0.00000 0.00000 ( 1)
 395 V   0.98010 0.01990 0.00000 0.00000 ( 1)
 396 G   0.98441 0.01559 0.00000 0.00000 ( 1)
 397 V   0.98010 0.01990 0.00000 0.00000 ( 1)
 398 T   0.98432 0.01568 0.00000 0.00000 ( 1)
 399 V   0.98634 0.01366 0.00000 0.00000 ( 1)
 400 E   0.97765 0.02235 0.00000 0.00000 ( 1)
 401 F   0.97440 0.02560 0.00000 0.00000 ( 1)
 402 Y   0.97062 0.02938 0.00000 0.00000 ( 1)
 403 G   0.98540 0.01460 0.00000 0.00000 ( 1)
 404 G   0.97273 0.02727 0.00000 0.00000 ( 1)
 405 E   0.98134 0.01866 0.00000 0.00000 ( 1)
 406 L   0.97145 0.02855 0.00000 0.00000 ( 1)
 407 N   0.46224 0.53776 0.00000 0.00000 ( 2)
 408 G   0.97821 0.02179 0.00000 0.00000 ( 1)
 409 V   0.97337 0.02663 0.00000 0.00000 ( 1)
 410 S   0.60474 0.39526 0.00000 0.00000 ( 1)
 411 Y   0.98191 0.01809 0.00000 0.00000 ( 1)
 412 S   0.98506 0.01494 0.00000 0.00000 ( 1)
 413 D   0.98707 0.01293 0.00000 0.00000 ( 1)
 414 P   0.98160 0.01840 0.00000 0.00000 ( 1)
 415 A   0.98655 0.01345 0.00000 0.00000 ( 1)
 416 T   0.98432 0.01568 0.00000 0.00000 ( 1)
 417 V   0.97553 0.02447 0.00000 0.00000 ( 1)
 418 K   0.97845 0.02155 0.00000 0.00000 ( 1)
 419 K   0.97845 0.02155 0.00000 0.00000 ( 1)
 420 Y   0.98191 0.01809 0.00000 0.00000 ( 1)
 421 A   0.98655 0.01345 0.00000 0.00000 ( 1)
 422 R   0.97811 0.02189 0.00000 0.00000 ( 1)
 423 R   0.97035 0.02965 0.00000 0.00000 ( 1)
 424 A   0.98430 0.01570 0.00000 0.00000 ( 1)
 425 Q   0.97377 0.02623 0.00000 0.00000 ( 1)
 426 L   0.97370 0.02630 0.00000 0.00000 ( 1)
 427 G   0.98540 0.01460 0.00000 0.00000 ( 1)
 428 E   0.98123 0.01877 0.00000 0.00000 ( 1)
 429 I   0.98641 0.01359 0.00000 0.00000 ( 1)
 430 F   0.98522 0.01478 0.00000 0.00000 ( 1)
 431 E   0.98134 0.01866 0.00000 0.00000 ( 1)
 432 L   0.97524 0.02476 0.00000 0.00000 ( 1)
 433 D   0.98707 0.01293 0.00000 0.00000 ( 1)
 434 R   0.98142 0.01858 0.00000 0.00000 ( 1)
 435 A   0.98655 0.01345 0.00000 0.00000 ( 1)
 436 T   0.98432 0.01568 0.00000 0.00000 ( 1)
 437 L   0.97367 0.02633 0.00000 0.00000 ( 1)
 438 K   0.97845 0.02155 0.00000 0.00000 ( 1)
 439 S   0.97194 0.02806 0.00000 0.00000 ( 1)
 440 D   0.98707 0.01293 0.00000 0.00000 ( 1)
 441 G   0.98540 0.01460 0.00000 0.00000 ( 1)
 442 V   0.98634 0.01366 0.00000 0.00000 ( 1)
 443 F   0.98522 0.01478 0.00000 0.00000 ( 1)
 444 R   0.98142 0.01858 0.00000 0.00000 ( 1)
 445 S   0.97376 0.02624 0.00000 0.00000 ( 1)
 446 S   0.98409 0.01591 0.00000 0.00000 ( 1)
 447 P   0.97591 0.02409 0.00000 0.00000 ( 1)
 448 R   0.97546 0.02454 0.00000 0.00000 ( 1)
 449 G   0.98540 0.01460 0.00000 0.00000 ( 1)
 450 W   0.97278 0.02722 0.00000 0.00000 ( 1)
 451 F   0.98522 0.01478 0.00000 0.00000 ( 1)
 452 T   0.98345 0.01655 0.00000 0.00000 ( 1)
 453 F   0.98522 0.01478 0.00000 0.00000 ( 1)
 454 G   0.97811 0.02189 0.00000 0.00000 ( 1)
 455 H   0.98202 0.01798 0.00000 0.00000 ( 1)
 456 A   0.98655 0.01345 0.00000 0.00000 ( 1)
 457 S   0.98283 0.01717 0.00000 0.00000 ( 1)
 458 F   0.98522 0.01478 0.00000 0.00000 ( 1)
 459 A   0.98655 0.01345 0.00000 0.00000 ( 1)
 460 L   0.97367 0.02633 0.00000 0.00000 ( 1)
 461 L   0.97145 0.02855 0.00000 0.00000 ( 1)
 462 F   0.97440 0.02560 0.00000 0.00000 ( 1)
 463 F   0.97440 0.02560 0.00000 0.00000 ( 1)
 464 F   0.98522 0.01478 0.00000 0.00000 ( 1)
 465 G   0.97821 0.02179 0.00000 0.00000 ( 1)
 466 H   0.98202 0.01798 0.00000 0.00000 ( 1)
 467 I   0.98592 0.01408 0.00000 0.00000 ( 1)
 468 W   0.97278 0.02722 0.00000 0.00000 ( 1)
 469 H   0.98202 0.01798 0.00000 0.00000 ( 1)
 470 G   0.98540 0.01460 0.00000 0.00000 ( 1)
 471 A   0.98655 0.01345 0.00000 0.00000 ( 1)
 472 R   0.97811 0.02189 0.00000 0.00000 ( 1)
 473 T   0.97202 0.02798 0.00000 0.00000 ( 1)
 474 L   0.96962 0.03038 0.00000 0.00000 ( 1)
 475 F   0.97440 0.02560 0.00000 0.00000 ( 1)
 476 R   0.97811 0.02189 0.00000 0.00000 ( 1)
 477 D   0.98707 0.01293 0.00000 0.00000 ( 1)
 478 V   0.98634 0.01366 0.00000 0.00000 ( 1)
 479 F   0.98522 0.01478 0.00000 0.00000 ( 1)
 480 A   0.98555 0.01445 0.00000 0.00000 ( 1)
 481 G   0.98540 0.01460 0.00000 0.00000 ( 1)
 482 I   0.98641 0.01359 0.00000 0.00000 ( 1)
 483 D   0.97575 0.02425 0.00000 0.00000 ( 1)
 484 P   0.97610 0.02390 0.00000 0.00000 ( 1)
 485 D   0.98707 0.01293 0.00000 0.00000 ( 1)
 486 L   0.97367 0.02633 0.00000 0.00000 ( 1)
 487 D   0.98707 0.01293 0.00000 0.00000 ( 1)
 488 A   0.98655 0.01345 0.00000 0.00000 ( 1)
 489 Q   0.97377 0.02623 0.00000 0.00000 ( 1)
 490 V   0.98010 0.01990 0.00000 0.00000 ( 1)
 491 E   0.98134 0.01866 0.00000 0.00000 ( 1)
 492 F   0.98522 0.01478 0.00000 0.00000 ( 1)
 493 G   0.97821 0.02179 0.00000 0.00000 ( 1)
 494 A   0.98027 0.01973 0.00000 0.00000 ( 1)
 495 F   0.97465 0.02535 0.00000 0.00000 ( 1)
 496 Q   0.97377 0.02623 0.00000 0.00000 ( 1)
 497 K   0.97845 0.02155 0.00000 0.00000 ( 1)
 498 L   0.97263 0.02737 0.00000 0.00000 ( 1)
 499 G   0.97788 0.02212 0.00000 0.00000 ( 1)
 500 D   0.98707 0.01293 0.00000 0.00000 ( 1)
 501 P   0.98178 0.01822 0.00000 0.00000 ( 1)
 502 T   0.98432 0.01568 0.00000 0.00000 ( 1)
 503 T   0.97825 0.02175 0.00000 0.00000 ( 1)
 504 R   0.97811 0.02189 0.00000 0.00000 ( 1)
 505 R   0.97811 0.02189 0.00000 0.00000 ( 1)
 506 Q   0.97113 0.02887 0.00000 0.00000 ( 1)
 507 T   0.97825 0.02175 0.00000 0.00000 ( 1)
 508 V   0.46190 0.53810 0.00000 0.00000 ( 2)


lnL = -2832.979317

