

TREE # 1

  0  0.0000   3121.899138  x:  0.00000   0.01821   0.04400   0.01520   0.05038   0.04952   0.02645   0.02900   0.04952   0.01639   0.03818   0.01856   0.01845   0.01297   0.01581   0.04991   0.04746   0.02450   0.04232   0.02757   0.05182   0.03374   0.01241   0.02746   0.00689   0.05750   0.04052   0.04088   0.06141   0.03654   2.00000   1.09989   0.02896   0.27919  
  1 99.0000   3121.881991  x:  0.00000   0.01821   0.04400   0.01520   0.05037   0.04951   0.02644   0.02900   0.04951   0.01638   0.03818   0.01856   0.01844   0.01297   0.01581   0.04991   0.04745   0.02450   0.04232   0.02757   0.05182   0.03374   0.01241   0.02746   0.00689   0.05750   0.04052   0.04088   0.06141   0.03654   2.00000   1.09989   0.02896   0.27919  
  2 1776.1904   3024.709309  x:  0.00000   0.01971   0.02727   0.00457   0.03198   0.03114   0.01425   0.01050   0.03112   0.01060   0.02177   0.00000   0.00593   0.00453   0.01088   0.03786   0.03692   0.02083   0.03300   0.01788   0.03362   0.02904   0.01129   0.02635   0.01313   0.04558   0.03713   0.03934   0.04933   0.02926   2.00043   1.10085   0.02801   0.27657  
  3 7449.9015   2983.693017  x:  0.00000   0.01926   0.01830   0.00438   0.02155   0.02072   0.01013   0.00000   0.02070   0.01000   0.01326   0.00000   0.00349   0.00531   0.01045   0.03224   0.03231   0.02007   0.02925   0.01460   0.02330   0.02760   0.01095   0.02600   0.01414   0.03986   0.03595   0.03865   0.04346   0.03107   2.00068   1.10154   0.02731   0.27809  
  4 9525.9238   2930.811286  x:  0.00000   0.01861   0.00328   0.00286   0.00250   0.00169   0.00654   0.00000   0.00167   0.00807   0.00000   0.00000   0.00794   0.00174   0.00832   0.02333   0.02516   0.01800   0.02348   0.01068   0.00447   0.02483   0.00903   0.02590   0.01325   0.03057   0.03361   0.03653   0.03363   0.03041   2.00113   1.10275   0.02608   0.28129  
  5 19624.2460   2926.046260  x:  0.00000   0.01855   0.00195   0.00274   0.00083   0.00002   0.00617   0.00000   0.00000   0.00791   0.00001   0.00000   0.00819   0.00150   0.00815   0.02253   0.02451   0.01783   0.02296   0.01030   0.00282   0.02460   0.00889   0.02588   0.01322   0.02974   0.03341   0.03636   0.03276   0.03039   2.00117   1.10286   0.02597   0.28156  
  6 15485.5505   2926.008196  x:  0.00000   0.01855   0.00196   0.00274   0.00082   0.00000   0.00616   0.00000   0.00000   0.00791   0.00001   0.00000   0.00819   0.00151   0.00815   0.02252   0.02451   0.01783   0.02295   0.01030   0.00280   0.02459   0.00888   0.02588   0.01322   0.02973   0.03341   0.03636   0.03275   0.03039   2.00117   1.10286   0.02597   0.28157  
  7 4323.2737   2924.794088  x:  0.00000   0.01855   0.00212   0.00286   0.00000   0.00000   0.00620   0.00000   0.00000   0.00778   0.00001   0.00000   0.00806   0.00139   0.00809   0.02225   0.02429   0.01775   0.02278   0.01025   0.00200   0.02449   0.00882   0.02588   0.01316   0.02941   0.03332   0.03627   0.03240   0.03032   2.00119   1.10291   0.02592   0.28169  
  8 8061.0510   2923.033273  x:  0.00000   0.01858   0.00197   0.00286   0.00000   0.00000   0.00656   0.00000   0.00000   0.00763   0.00001   0.00000   0.00758   0.00139   0.00795   0.02183   0.02394   0.01751   0.02250   0.01035   0.00000   0.02425   0.00861   0.02589   0.01283   0.02882   0.03311   0.03598   0.03170   0.03003   2.00123   1.10301   0.02581   0.28193  
  9 3949.4514   2920.645212  x:  0.00000   0.01875   0.00240   0.00063   0.00000   0.00000   0.00449   0.00000   0.00000   0.00893   0.00001   0.00000   0.00677   0.00106   0.00819   0.02054   0.02284   0.01685   0.02175   0.01062   0.00000   0.02342   0.00823   0.02589   0.01095   0.02602   0.03224   0.03447   0.02816   0.02940   2.00155   1.10377   0.02505   0.28394  
 10 724.6639   2919.403851  x:  0.00000   0.01908   0.00229   0.00109   0.00000   0.00000   0.00191   0.00000   0.00000   0.00952   0.00001   0.00000   0.00669   0.00109   0.00779   0.02003   0.02228   0.01614   0.02130   0.01031   0.00000   0.02268   0.00782   0.02597   0.00950   0.02440   0.03153   0.03329   0.02598   0.02815   2.00179   1.10426   0.02456   0.28460  
 11 1259.1063   2918.611344  x:  0.00000   0.01984   0.00234   0.00114   0.00000   0.00000   0.00225   0.00000   0.00000   0.01057   0.00001   0.00000   0.00757   0.00110   0.00730   0.02046   0.02201   0.01586   0.02081   0.00571   0.00000   0.02202   0.00870   0.02587   0.00954   0.02314   0.03086   0.03229   0.02395   0.02831   2.00222   1.10505   0.02377   0.28357  
 12 234.6062   2917.573515  x:  0.00000   0.02147   0.00184   0.00105   0.00000   0.00000   0.00190   0.00000   0.00000   0.00693   0.00001   0.00000   0.01059   0.00098   0.00644   0.02273   0.02123   0.01635   0.01882   0.00654   0.00000   0.02058   0.01225   0.02508   0.01472   0.02111   0.02926   0.03086   0.01941   0.03232   2.00425   1.10852   0.02035   0.27430  
 13 124.2716   2915.150221  x:  0.00000   0.01805   0.00278   0.00141   0.00000   0.00000   0.00258   0.00000   0.00000   0.01317   0.00000   0.00000   0.01370   0.00142   0.00960   0.02144   0.01741   0.01528   0.01527   0.00879   0.00000   0.01867   0.01030   0.02596   0.02222   0.01904   0.02625   0.02978   0.01456   0.03533   2.01089   1.11982   0.00920   0.23960  
 14 216.4564   2915.150221  x:  0.00000   0.01805   0.00278   0.00141   0.00000   0.00000   0.00258   0.00000   0.00000   0.01317   0.00000   0.00000   0.01370   0.00142   0.00960   0.02144   0.01741   0.01528   0.01527   0.00879   0.00000   0.01867   0.01030   0.02596   0.02222   0.01904   0.02625   0.02978   0.01456   0.03533   2.01089   1.11982   0.00920   0.23960  
 15 4257.6190   2909.852862  x:  0.00000   0.01805   0.00278   0.00141   0.00000   0.00000   0.00259   0.00000   0.00001   0.01317   0.00219   0.00000   0.01370   0.00142   0.00960   0.02144   0.01741   0.01528   0.01527   0.00879   0.00000   0.01867   0.01030   0.02596   0.02222   0.01904   0.02625   0.02978   0.01456   0.03534   2.01089   1.11983   0.00920   0.23960  
 16 221960.2246   2909.841654  x:  0.00000   0.01805   0.00278   0.00141   0.00000   0.00000   0.00259   0.00000   0.00000   0.01316   0.00219   0.00000   0.01370   0.00142   0.00959   0.02144   0.01741   0.01528   0.01527   0.00879   0.00000   0.01867   0.01029   0.02596   0.02221   0.01903   0.02625   0.02978   0.01456   0.03534   2.01089   1.11983   0.00920   0.23960  
 17 1093.1414   2901.151465  x:  0.00000   0.01715   0.00170   0.00013   0.00000   0.00000   0.00345   0.00000   0.00000   0.00857   0.00221   0.00000   0.00783   0.00081   0.00598   0.01808   0.01572   0.01335   0.01429   0.00715   0.00000   0.01757   0.00669   0.02691   0.01597   0.01718   0.02546   0.02862   0.01404   0.03955   2.01104   1.12010   0.00893   0.23774  
 18 3729.2128   2898.225111  x:  0.00000   0.01679   0.00137   0.00034   0.00000   0.00000   0.00326   0.00000   0.00000   0.00669   0.00222   0.00000   0.00542   0.00015   0.00453   0.01670   0.01504   0.01257   0.01390   0.00652   0.00000   0.01713   0.00524   0.02730   0.01338   0.01643   0.02514   0.02815   0.01383   0.04125   2.01111   1.12022   0.00882   0.23697  
 19 24756.3640   2894.213013  x:  0.00000   0.01622   0.00119   0.00050   0.00000   0.00000   0.00172   0.00000   0.00000   0.00371   0.00223   0.00000   0.00150   0.00059   0.00232   0.01448   0.01396   0.01135   0.01330   0.00558   0.00000   0.01643   0.00296   0.02791   0.00911   0.01522   0.02464   0.02737   0.01349   0.04393   2.01121   1.12041   0.00863   0.23570  
 20 16256.0066   2892.283649  x:  0.00000   0.01582   0.00393   0.00048   0.00000   0.00000   0.00184   0.00000   0.00000   0.00251   0.00224   0.00000   0.00069   0.00053   0.00395   0.01232   0.01311   0.01050   0.01286   0.00565   0.00000   0.01591   0.00259   0.02849   0.00404   0.01406   0.02420   0.02652   0.01325   0.04635   2.01134   1.12065   0.00839   0.23414  
 21 1006.1425   2891.546840  x:  0.00000   0.01564   0.00421   0.00050   0.00000   0.00000   0.00168   0.00000   0.00000   0.00232   0.00224   0.00000   0.00157   0.00056   0.00404   0.01136   0.01273   0.01013   0.01267   0.00564   0.00000   0.01568   0.00248   0.02875   0.00179   0.01355   0.02400   0.02613   0.01314   0.04749   2.01141   1.12077   0.00827   0.23338  
 22 1803.1968   2891.259776  x:  0.00000   0.01556   0.00396   0.00050   0.00000   0.00000   0.00158   0.00000   0.00000   0.00315   0.00225   0.00000   0.00132   0.00057   0.00410   0.01081   0.01256   0.01003   0.01260   0.00582   0.00000   0.01557   0.00296   0.02893   0.00106   0.01325   0.02388   0.02583   0.01309   0.04826   2.01147   1.12088   0.00816   0.23270  
 23 516.9861   2890.673136  x:  0.00000   0.01522   0.00380   0.00053   0.00000   0.00000   0.00124   0.00000   0.00000   0.00365   0.00225   0.00000   0.00147   0.00060   0.00469   0.00863   0.01188   0.00961   0.01232   0.00645   0.00000   0.01511   0.00388   0.02965   0.00201   0.01209   0.02337   0.02459   0.01288   0.05149   2.01173   1.12136   0.00769   0.22973  
 24 442.5117   2889.314724  x:  0.00000   0.01552   0.00400   0.00055   0.00000   0.00000   0.00096   0.00000   0.00000   0.00342   0.00225   0.00000   0.00151   0.00060   0.00459   0.01230   0.01390   0.01355   0.01388   0.00974   0.00000   0.01542   0.00396   0.03124   0.00198   0.01272   0.02263   0.02083   0.01323   0.06040   2.01320   1.12411   0.00497   0.21307  
 25 243.3849   2886.250083  x:  0.00000   0.01767   0.00825   0.00053   0.00000   0.00000   0.00085   0.00000   0.00000   0.00702   0.00226   0.00000   0.00219   0.00058   0.00237   0.01367   0.01624   0.01334   0.01524   0.00445   0.00000   0.01800   0.00245   0.03150   0.00314   0.01690   0.02432   0.02120   0.01505   0.06884   2.01724   1.13175  -0.00256   0.16719  
 26 456.3101   2879.758031  x:  0.00000   0.02087   0.00723   0.00059   0.00000   0.00000   0.00017   0.00000   0.00000   0.00596   0.00228   0.00000   0.00216   0.00063   0.00436   0.01491   0.01868   0.01136   0.01645   0.00204   0.00000   0.02181   0.00491   0.03071   0.00299   0.02249   0.02784   0.02495   0.01745   0.07644   2.02418   1.14497  -0.01559   0.08785  
 27 2800.4045   2871.838008  x:  0.00000   0.02435   0.00840   0.00060   0.00000   0.00000   0.00002   0.00000   0.00000   0.00537   0.00230   0.00000   0.00228   0.00063   0.00315   0.01471   0.02109   0.00925   0.01777   0.00372   0.00000   0.02592   0.00723   0.02970   0.00302   0.02806   0.03178   0.02916   0.01997   0.08298   2.03185   1.15962  -0.03003   0.00000  
 28 22913.2622   2871.430027  x:  0.00000   0.02314   0.00777   0.00060   0.00000   0.00000   0.00001   0.00000   0.00000   0.00603   0.00230   0.00000   0.00225   0.00064   0.00404   0.01493   0.02013   0.00946   0.01712   0.00371   0.00000   0.02453   0.00537   0.02999   0.00307   0.02649   0.03053   0.02815   0.01913   0.08109   2.02940   1.15495  -0.02543   0.00000  
 29 2439.4279   2870.565747  x:  0.00000   0.02187   0.00704   0.00060   0.00000   0.00000   0.00002   0.00000   0.00000   0.00648   0.00228   0.00000   0.00219   0.00064   0.00480   0.01617   0.01896   0.00653   0.01590   0.00480   0.00000   0.02311   0.00380   0.02987   0.00310   0.02555   0.02911   0.02768   0.01847   0.07997   2.02491   1.14630  -0.01691   0.00000  
 30 592.2521   2869.895245  x:  0.00000   0.02135   0.00645   0.00061   0.00000   0.00000   0.00002   0.00000   0.00000   0.00655   0.00227   0.00000   0.00212   0.00064   0.00530   0.01503   0.01657   0.00904   0.01377   0.00578   0.00000   0.02259   0.00274   0.02929   0.00300   0.02648   0.02972   0.03190   0.01839   0.08121   2.02199   1.14079  -0.01149   0.00000  
 31 221.6684   2869.695117  x:  0.00000   0.01997   0.00672   0.00060   0.00000   0.00000   0.00002   0.00000   0.00000   0.00665   0.00227   0.00000   0.00215   0.00064   0.00505   0.01584   0.01570   0.00897   0.01565   0.00582   0.00000   0.02095   0.00299   0.03109   0.00306   0.02572   0.03023   0.03500   0.01642   0.08179   2.02227   1.14194  -0.01264   0.00000  
 32 60.2770   2869.362618  x:  0.00000   0.01990   0.00681   0.00060   0.00000   0.00000   0.00002   0.00000   0.00000   0.00676   0.00227   0.00000   0.00216   0.00063   0.00496   0.01595   0.02007   0.00885   0.01372   0.00583   0.00000   0.02015   0.00285   0.03287   0.00309   0.02285   0.03063   0.03793   0.01565   0.08233   2.02600   1.15187  -0.02249   0.00000  
 33 61.7836   2866.520447  x:  0.00000   0.02352   0.00615   0.00059   0.00000   0.00000   0.00002   0.00000   0.00000   0.00696   0.00227   0.00000   0.00207   0.00063   0.00546   0.01606   0.01981   0.00852   0.01883   0.00624   0.00000   0.02458   0.00100   0.03172   0.00305   0.01413   0.02957   0.04190   0.02141   0.08383   2.06113   1.24373  -0.11361   0.00000  
 34 242.0385   2859.976421  x:  0.00000   0.02144   0.00750   0.00057   0.00000   0.00000   0.00002   0.00000   0.00000   0.00675   0.00227   0.00000   0.00218   0.00058   0.00352   0.02189   0.01105   0.00732   0.01037   0.00629   0.00000   0.02392   0.00315   0.03076   0.00326   0.01170   0.02268   0.04445   0.02344   0.08509   2.14804   1.47136  -0.33942   0.00000  
 35 2920.3230   2852.939804  x:  0.00000   0.01719   0.00543   0.00055   0.00000   0.00000   0.00002   0.00000   0.00000   0.00555   0.00227   0.00000   0.00180   0.00058   0.00460   0.01276   0.01588   0.00702   0.01382   0.00777   0.00000   0.01937   0.00220   0.02884   0.00251   0.02716   0.02338   0.03966   0.01725   0.08548   2.25362   1.74653  -0.61236   0.00000  
 36 4792.9833   2852.570641  x:  0.00000   0.01892   0.00540   0.00055   0.00000   0.00000   0.00002   0.00000   0.00000   0.00562   0.00226   0.00000   0.00180   0.00058   0.00461   0.01325   0.01495   0.00692   0.01305   0.00777   0.00000   0.01920   0.00201   0.02774   0.00252   0.02632   0.02839   0.03785   0.01443   0.08573   2.25915   1.75992  -0.62564   0.00000  
 37 346.9029   2852.541323  x:  0.00000   0.01776   0.00541   0.00055   0.00000   0.00000   0.00002   0.00000   0.00000   0.00562   0.00226   0.00000   0.00180   0.00058   0.00459   0.01333   0.01496   0.00691   0.01298   0.00777   0.00000   0.01905   0.00203   0.02770   0.00252   0.02615   0.02942   0.03757   0.01524   0.08566   2.26012   1.76052  -0.62621   0.00000  
 38 20.0792   2849.975529  x:  0.00000   0.01947   0.00456   0.00048   0.00000   0.00000   0.00002   0.00000   0.00000   0.00449   0.00223   0.00000   0.00147   0.00051   0.00363   0.00990   0.01249   0.00783   0.01177   0.00831   0.00000   0.01477   0.00135   0.03910   0.00198   0.02508   0.02998   0.02810   0.01678   0.07294   2.38956   1.77490  -0.63710   0.00000  
 39 14.6669   2848.442343  x:  0.00000   0.01418   0.00451   0.00044   0.00000   0.00000   0.00002   0.00000   0.00000   0.00406   0.00221   0.00000   0.00134   0.00047   0.00277   0.00838   0.01299   0.00855   0.01181   0.00832   0.00000   0.01667   0.00118   0.03496   0.00177   0.02194   0.02732   0.02426   0.01138   0.06757   2.46224   1.78265  -0.64288   0.00000  
 40 900.7865   2848.224393  x:  0.00000   0.01432   0.00461   0.00043   0.00000   0.00000   0.00002   0.00000   0.00000   0.00405   0.00220   0.00000   0.00133   0.00046   0.00256   0.00834   0.01331   0.00868   0.01214   0.00825   0.00000   0.01363   0.00125   0.03224   0.00176   0.02122   0.02668   0.02399   0.01146   0.06706   2.47298   1.78373  -0.64365   0.00000  
 41 272.5687   2843.648477  x:  0.00000   0.01512   0.00350   0.00066   0.00000   0.00000   0.00004   0.00000   0.00000   0.00498   0.00218   0.00000   0.00170   0.00071   0.00544   0.01257   0.01501   0.01143   0.01472   0.00633   0.00000   0.01525   0.00282   0.03080   0.00236   0.01608   0.02600   0.01960   0.01226   0.06242   3.60484   1.81651  -0.55367   0.00000  
 42  4.0843   2843.411695  x:  0.00509   0.01516   0.00346   0.00067   0.00000   0.00000   0.00004   0.00000   0.00000   0.00502   0.00218   0.00000   0.00171   0.00072   0.00556   0.01275   0.01508   0.01155   0.01483   0.00624   0.00000   0.01532   0.00289   0.03074   0.00239   0.01586   0.02597   0.01942   0.01229   0.06222   3.65271   1.81791  -0.54986   0.00000  
 43 949.5785   2842.289834  x:  0.00620   0.01617   0.00189   0.00075   0.00000   0.00000   0.00004   0.00000   0.00000   0.00378   0.00212   0.00000   0.00156   0.00082   0.00561   0.01087   0.01520   0.01228   0.01582   0.00696   0.00000   0.01617   0.00382   0.03049   0.00198   0.01168   0.02617   0.01795   0.01327   0.05802   3.32194   1.95579  -0.53335   0.00000  
 44  1.0305   2842.287168  x:  0.00621   0.01618   0.00187   0.00075   0.00000   0.00000   0.00004   0.00000   0.00000   0.00376   0.00212   0.00000   0.00156   0.00083   0.00561   0.01084   0.01521   0.01229   0.01583   0.00697   0.00000   0.01618   0.00384   0.03048   0.00197   0.01163   0.02617   0.01793   0.01328   0.05797   3.31756   1.95765  -0.53311   0.00091  
 45 28.2622   2840.935649  x:  0.00914   0.01532   0.00200   0.00106   0.00000   0.00000   0.00006   0.00000   0.00000   0.00463   0.00206   0.00000   0.00207   0.00116   0.00588   0.01212   0.01178   0.01295   0.01255   0.00588   0.00000   0.01526   0.00390   0.03045   0.00225   0.01241   0.02134   0.01469   0.01350   0.05596   2.89091   2.31152  -0.39664   0.00937  
 46  0.7747   2840.763740  x:  0.01045   0.01520   0.00206   0.00120   0.00000   0.00000   0.00007   0.00000   0.00000   0.00488   0.00210   0.00000   0.00228   0.00132   0.00597   0.01209   0.01083   0.01324   0.01145   0.00551   0.00000   0.01508   0.00406   0.03039   0.00232   0.01275   0.02016   0.01336   0.01373   0.05609   2.76316   2.49195  -0.31583   0.01331  
 47  2.2550   2839.856075  x:  0.00974   0.01624   0.00272   0.00143   0.00000   0.00000   0.00007   0.00000   0.00000   0.00448   0.00218   0.00000   0.00251   0.00156   0.00481   0.00944   0.01222   0.01181   0.01154   0.00650   0.00000   0.01599   0.00449   0.03014   0.00207   0.01494   0.02334   0.01430   0.01460   0.06123   3.05873   2.82228  -0.04937   0.01549  
 48  0.3827   2839.483875  x:  0.01030   0.01598   0.00272   0.00174   0.00000   0.00000   0.00008   0.00000   0.00000   0.00441   0.00200   0.00000   0.00272   0.00190   0.00392   0.00909   0.01343   0.01044   0.01215   0.00693   0.00000   0.01590   0.00479   0.03033   0.00197   0.01492   0.02556   0.01402   0.01399   0.06403   3.28593   3.29185   0.28363   0.01892  
 49  1.0851   2839.138768  x:  0.01096   0.01537   0.00188   0.00179   0.00000   0.00000   0.00009   0.00000   0.00000   0.00437   0.00273   0.00000   0.00253   0.00194   0.00421   0.01106   0.01336   0.01034   0.01308   0.00673   0.00000   0.01534   0.00452   0.03013   0.00201   0.01320   0.02475   0.01321   0.01297   0.06102   3.27357   3.42329   0.37188   0.01896  
 50  0.1567   2839.076501  x:  0.01150   0.01527   0.00162   0.00185   0.00000   0.00000   0.00009   0.00000   0.00000   0.00436   0.00277   0.00000   0.00246   0.00200   0.00427   0.01180   0.01336   0.01030   0.01360   0.00667   0.00000   0.01521   0.00442   0.02994   0.00203   0.01245   0.02428   0.01253   0.01269   0.05913   3.25870   3.55578   0.45822   0.01987  
 51  1.0101   2838.974580  x:  0.01170   0.01552   0.00204   0.00185   0.00000   0.00000   0.00009   0.00000   0.00000   0.00438   0.00203   0.00000   0.00241   0.00200   0.00424   0.01176   0.01324   0.01056   0.01378   0.00660   0.00000   0.01542   0.00437   0.02991   0.00206   0.01227   0.02371   0.01214   0.01304   0.05775   3.18066   3.59765   0.48148   0.02068  
 52  0.1576   2838.924933  x:  0.01195   0.01578   0.00228   0.00188   0.00000   0.00000   0.00009   0.00000   0.00000   0.00430   0.00172   0.00000   0.00233   0.00203   0.00427   0.01149   0.01299   0.01078   0.01366   0.00651   0.00000   0.01560   0.00428   0.02981   0.00204   0.01263   0.02302   0.01169   0.01350   0.05717   3.10136   3.69885   0.54867   0.02189  
 53  0.4489   2838.874309  x:  0.01221   0.01596   0.00270   0.00193   0.00000   0.00000   0.00009   0.00000   0.00000   0.00427   0.00197   0.00000   0.00225   0.00208   0.00423   0.01101   0.01278   0.01099   0.01325   0.00641   0.00000   0.01576   0.00416   0.02986   0.00205   0.01287   0.02265   0.01132   0.01392   0.05725   3.02823   3.85048   0.65707   0.02329  
 54  0.4590   2838.834098  x:  0.01253   0.01590   0.00279   0.00201   0.00000   0.00000   0.00009   0.00000   0.00000   0.00419   0.00174   0.00000   0.00212   0.00215   0.00432   0.01064   0.01248   0.01109   0.01261   0.00625   0.00000   0.01571   0.00397   0.02987   0.00203   0.01326   0.02239   0.01099   0.01405   0.05815   2.99066   4.05559   0.81157   0.02438  
 55  1.1952   2838.729973  x:  0.01249   0.01568   0.00217   0.00205   0.00000   0.00000   0.00009   0.00000   0.00000   0.00415   0.00213   0.00000   0.00206   0.00219   0.00439   0.01027   0.01248   0.01077   0.01242   0.00637   0.00000   0.01554   0.00391   0.03002   0.00202   0.01391   0.02313   0.01135   0.01373   0.05966   3.09579   4.16218   0.91523   0.02373  
 56  0.1206   2838.708380  x:  0.01266   0.01556   0.00200   0.00210   0.00000   0.00000   0.00010   0.00000   0.00000   0.00421   0.00238   0.00000   0.00203   0.00223   0.00435   0.01021   0.01262   0.01062   0.01248   0.00645   0.00000   0.01548   0.00387   0.03019   0.00205   0.01389   0.02367   0.01136   0.01348   0.06003   3.14718   4.29524   1.02843   0.02385  
 57  0.7796   2838.659515  x:  0.01291   0.01548   0.00215   0.00215   0.00000   0.00000   0.00010   0.00000   0.00000   0.00432   0.00241   0.00000   0.00206   0.00227   0.00420   0.01078   0.01307   0.01059   0.01295   0.00649   0.00000   0.01549   0.00388   0.03008   0.00210   0.01276   0.02397   0.01109   0.01310   0.05940   3.16166   4.46302   1.16435   0.02459  
 58  0.1768   2838.597955  x:  0.01347   0.01562   0.00172   0.00226   0.00000   0.00000   0.00010   0.00000   0.00000   0.00413   0.00211   0.00000   0.00199   0.00236   0.00429   0.01107   0.01300   0.01065   0.01337   0.00658   0.00000   0.01552   0.00384   0.02955   0.00206   0.01267   0.02332   0.01029   0.01322   0.05838   3.15580   4.90600   1.52852   0.02626  
 59  0.3524   2838.459210  x:  0.01523   0.01553   0.00229   0.00259   0.00000   0.00000   0.00011   0.00000   0.00000   0.00408   0.00174   0.00000   0.00208   0.00261   0.00439   0.01160   0.01267   0.01101   0.01324   0.00650   0.00000   0.01531   0.00383   0.03018   0.00206   0.01295   0.02297   0.00818   0.01351   0.05711   3.11649   6.30930   2.72051   0.03000  
 60  0.6940   2838.330255  x:  0.01681   0.01563   0.00228   0.00294   0.00000   0.00000   0.00013   0.00000   0.00000   0.00416   0.00215   0.00000   0.00212   0.00285   0.00444   0.01069   0.01289   0.01109   0.01252   0.00633   0.00000   0.01555   0.00387   0.02916   0.00206   0.01301   0.02277   0.00675   0.01335   0.05974   3.06947   7.90571   4.10474   0.03331  
 61  1.1806   2838.265236  x:  0.01742   0.01548   0.00209   0.00300   0.00000   0.00000   0.00013   0.00000   0.00000   0.00430   0.00222   0.00000   0.00210   0.00287   0.00423   0.01055   0.01236   0.01074   0.01280   0.00644   0.00000   0.01552   0.00393   0.03060   0.00209   0.01324   0.02359   0.00638   0.01352   0.05807   3.11251   8.45635   4.63005   0.03224  
 62  0.4374   2838.201904  x:  0.01903   0.01521   0.00180   0.00325   0.00000   0.00000   0.00015   0.00000   0.00000   0.00447   0.00218   0.00000   0.00208   0.00296   0.00401   0.01047   0.01224   0.01024   0.01285   0.00642   0.00000   0.01530   0.00402   0.03145   0.00210   0.01326   0.02411   0.00507   0.01338   0.05714   3.15958  10.34810   6.37336   0.03319  
 63  1.8575   2837.920085  x:  0.01921   0.01558   0.00213   0.00325   0.00000   0.00000   0.00017   0.00000   0.00000   0.00431   0.00193   0.00000   0.00211   0.00275   0.00428   0.01122   0.01316   0.01039   0.01323   0.00613   0.00000   0.01519   0.00411   0.02788   0.00197   0.01257   0.02238   0.00449   0.01282   0.06003   3.12863  12.53074   8.49029   0.03590  
 64  0.7881   2837.348438  x:  0.02284   0.01601   0.00236   0.00355   0.00000   0.00000   0.00028   0.00000   0.00000   0.00413   0.00217   0.00000   0.00212   0.00202   0.00476   0.01159   0.01440   0.01090   0.01249   0.00612   0.00000   0.01542   0.00464   0.02852   0.00181   0.01296   0.02204   0.00000   0.01354   0.05978   2.95440  23.26856  18.85522   0.04327  
 65  3.6855   2837.348438  x:  0.02284   0.01601   0.00236   0.00355   0.00000   0.00000   0.00028   0.00000   0.00000   0.00413   0.00217   0.00000   0.00212   0.00202   0.00476   0.01159   0.01440   0.01090   0.01249   0.00612   0.00000   0.01542   0.00464   0.02852   0.00181   0.01296   0.02204   0.00000   0.01354   0.05978   2.95440  23.26856  18.85522   0.04327  
 66  6.4289   2833.783016  x:  0.02285   0.01599   0.00232   0.00343   0.00000   0.00000   0.00429   0.00000   0.00000   0.00414   0.00216   0.00000   0.00212   0.00203   0.00473   0.01157   0.01437   0.01090   0.01249   0.00613   0.00000   0.01542   0.00460   0.02853   0.00185   0.01296   0.02205   0.00001   0.01354   0.05977   2.95440  23.26856  18.85522   0.04325  
 67 6577.6664   2833.567220  x:  0.02296   0.01586   0.00190   0.00204   0.00000   0.00000   0.00429   0.00000   0.00000   0.00421   0.00207   0.00000   0.00209   0.00211   0.00437   0.01129   0.01395   0.01081   0.01257   0.00628   0.00000   0.01539   0.00418   0.02867   0.00218   0.01298   0.02223   0.00012   0.01347   0.05970   2.95441  23.26856  18.85522   0.04308  
 68 222.0773   2833.522915  x:  0.02310   0.01568   0.00224   0.00195   0.00000   0.00000   0.00429   0.00000   0.00000   0.00424   0.00215   0.00000   0.00212   0.00205   0.00415   0.01093   0.01336   0.01070   0.01267   0.00642   0.00000   0.01537   0.00384   0.02889   0.00190   0.01298   0.02250   0.00026   0.01337   0.05957   2.95441  23.26856  18.85523   0.04278  
 69 92.9839   2833.491586  x:  0.02324   0.01547   0.00205   0.00223   0.00000   0.00000   0.00429   0.00000   0.00000   0.00424   0.00210   0.00000   0.00210   0.00209   0.00410   0.01055   0.01271   0.01058   0.01277   0.00649   0.00000   0.01535   0.00372   0.02918   0.00206   0.01297   0.02284   0.00041   0.01326   0.05939   2.95442  23.26855  18.85523   0.04236  
 70 108.2882   2833.477805  x:  0.02330   0.01537   0.00205   0.00214   0.00000   0.00000   0.00429   0.00000   0.00000   0.00420   0.00212   0.00000   0.00211   0.00207   0.00434   0.01046   0.01242   0.01056   0.01281   0.00642   0.00000   0.01535   0.00404   0.02943   0.00199   0.01295   0.02310   0.00046   0.01319   0.05921   2.95443  23.26854  18.85524   0.04192  
 71 56.2948   2833.465675  x:  0.02328   0.01532   0.00219   0.00213   0.00000   0.00000   0.00429   0.00000   0.00000   0.00423   0.00206   0.00000   0.00209   0.00212   0.00424   0.01068   0.01252   0.01064   0.01278   0.00629   0.00000   0.01533   0.00406   0.02979   0.00212   0.01294   0.02340   0.00044   0.01314   0.05885   2.95446  23.26852  18.85527   0.04101  
 72 33.7651   2833.457662  x:  0.02325   0.01532   0.00205   0.00215   0.00000   0.00000   0.00429   0.00000   0.00000   0.00423   0.00213   0.00000   0.00211   0.00207   0.00419   0.01082   0.01265   0.01068   0.01275   0.00627   0.00000   0.01532   0.00398   0.03001   0.00200   0.01293   0.02355   0.00042   0.01313   0.05859   2.95448  23.26850  18.85529   0.04032  
 73 91.2860   2833.454099  x:  0.02323   0.01537   0.00207   0.00215   0.00000   0.00000   0.00429   0.00000   0.00000   0.00420   0.00208   0.00000   0.00210   0.00209   0.00433   0.01076   0.01275   0.01066   0.01274   0.00643   0.00000   0.01533   0.00391   0.03002   0.00201   0.01294   0.02350   0.00040   0.01318   0.05845   2.95450  23.26848  18.85530   0.03989  
 74 27.4097   2833.452415  x:  0.02323   0.01543   0.00208   0.00215   0.00000   0.00000   0.00429   0.00000   0.00000   0.00421   0.00215   0.00000   0.00212   0.00207   0.00429   0.01067   0.01277   0.01063   0.01275   0.00646   0.00000   0.01535   0.00395   0.02996   0.00205   0.01294   0.02339   0.00039   0.01322   0.05839   2.95451  23.26846  18.85532   0.03963  
 75 22.2233   2833.451327  x:  0.02323   0.01547   0.00207   0.00215   0.00000   0.00000   0.00429   0.00000   0.00000   0.00422   0.00210   0.00000   0.00210   0.00208   0.00424   0.01062   0.01276   0.01061   0.01275   0.00642   0.00000   0.01536   0.00399   0.02988   0.00202   0.01294   0.02329   0.00039   0.01325   0.05834   2.95453  23.26845  18.85534   0.03944  
 76 26.6797   2833.450830  x:  0.02323   0.01546   0.00207   0.00215   0.00000   0.00000   0.00429   0.00000   0.00000   0.00421   0.00211   0.00000   0.00211   0.00208   0.00427   0.01064   0.01272   0.01062   0.01276   0.00636   0.00000   0.01536   0.00395   0.02980   0.00202   0.01295   0.02321   0.00040   0.01325   0.05834   2.95454  23.26843  18.85535   0.03934  
 77  9.6253   2833.450660  x:  0.02324   0.01544   0.00207   0.00215   0.00000   0.00000   0.00429   0.00000   0.00000   0.00422   0.00211   0.00000   0.00210   0.00208   0.00426   0.01068   0.01269   0.01063   0.01276   0.00639   0.00000   0.01536   0.00396   0.02975   0.00202   0.01295   0.02320   0.00040   0.01322   0.05835   2.95456  23.26841  18.85537   0.03929  
 78  4.4183   2833.450638  x:  0.02324   0.01543   0.00207   0.00215   0.00000   0.00000   0.00429   0.00000   0.00000   0.00422   0.00211   0.00000   0.00211   0.00208   0.00426   0.01068   0.01269   0.01063   0.01276   0.00639   0.00000   0.01535   0.00396   0.02973   0.00202   0.01294   0.02320   0.00041   0.01322   0.05836   2.95456  23.26840  18.85538   0.03929  
 79  2.2068   2833.450567  x:  0.02324   0.01541   0.00207   0.00215   0.00000   0.00000   0.00429   0.00000   0.00000   0.00420   0.00211   0.00000   0.00210   0.00208   0.00426   0.01067   0.01271   0.01063   0.01276   0.00639   0.00000   0.01535   0.00396   0.02970   0.00202   0.01295   0.02323   0.00041   0.01320   0.05840   2.95460  23.26835  18.85543   0.03926  
 80  3.7985   2833.450521  x:  0.02324   0.01541   0.00207   0.00215   0.00000   0.00000   0.00429   0.00000   0.00000   0.00423   0.00211   0.00000   0.00211   0.00208   0.00427   0.01066   0.01271   0.01062   0.01276   0.00639   0.00000   0.01534   0.00396   0.02968   0.00202   0.01295   0.02325   0.00041   0.01320   0.05843   2.95463  23.26831  18.85547   0.03925  
 81  3.4449   2833.450288  x:  0.02324   0.01546   0.00207   0.00215   0.00000   0.00000   0.00429   0.00000   0.00000   0.00422   0.00211   0.00000   0.00210   0.00209   0.00426   0.01068   0.01269   0.01064   0.01277   0.00639   0.00000   0.01535   0.00396   0.02969   0.00202   0.01295   0.02329   0.00040   0.01325   0.05858   2.95485  23.26803  18.85575   0.03919  
 82  4.9514   2833.450219  x:  0.02324   0.01547   0.00207   0.00215   0.00000   0.00000   0.00429   0.00000   0.00000   0.00421   0.00210   0.00000   0.00211   0.00207   0.00426   0.01068   0.01269   0.01064   0.01277   0.00639   0.00000   0.01536   0.00396   0.02970   0.00202   0.01295   0.02328   0.00040   0.01325   0.05861   2.95492  23.26795  18.85584   0.03918  
 83 13.1847   2833.449336  x:  0.02322   0.01541   0.00207   0.00215   0.00000   0.00000   0.00429   0.00000   0.00000   0.00422   0.00211   0.00000   0.00211   0.00208   0.00426   0.01067   0.01270   0.01061   0.01274   0.00639   0.00000   0.01538   0.00396   0.02986   0.00202   0.01294   0.02315   0.00038   0.01317   0.05887   2.95583  23.26676  18.85702   0.03908  
 84 18.5312   2833.444300  x:  0.02345   0.01529   0.00207   0.00215   0.00000   0.00000   0.00429   0.00000   0.00000   0.00422   0.00211   0.00000   0.00211   0.00208   0.00427   0.01063   0.01280   0.01083   0.01286   0.00639   0.00000   0.01516   0.00399   0.02998   0.00202   0.01299   0.02302   0.00062   0.01328   0.05900   2.96126  23.25975  18.86403   0.03894  
 85 27.5508   2833.283338  x:  0.02336   0.01524   0.00206   0.00215   0.00000   0.00000   0.00428   0.00000   0.00000   0.00422   0.00211   0.00000   0.00211   0.00209   0.00427   0.01117   0.01271   0.00943   0.01299   0.00639   0.00000   0.01372   0.00405   0.03006   0.00203   0.01313   0.02296   0.00061   0.01381   0.05899   3.12652  23.04633  19.07745   0.03579  
 86 364.5416   2833.116241  x:  0.02303   0.01534   0.00206   0.00213   0.00000   0.00000   0.00428   0.00000   0.00000   0.00423   0.00211   0.00000   0.00212   0.00209   0.00427   0.01079   0.01267   0.01043   0.01280   0.00641   0.00000   0.01451   0.00398   0.02994   0.00204   0.01305   0.02314   0.00036   0.01359   0.05885   3.29257  22.83187  19.29191   0.03267  
 87 8463.9385   2833.110935  x:  0.02326   0.01540   0.00206   0.00213   0.00000   0.00000   0.00428   0.00000   0.00000   0.00423   0.00211   0.00000   0.00212   0.00209   0.00427   0.01088   0.01276   0.01025   0.01290   0.00641   0.00000   0.01486   0.00398   0.02993   0.00205   0.01306   0.02316   0.00059   0.01351   0.05885   3.29830  22.82445  19.29932   0.03256  
 88 421.9431   2833.110911  x:  0.02326   0.01542   0.00206   0.00213   0.00000   0.00000   0.00428   0.00000   0.00000   0.00423   0.00211   0.00000   0.00212   0.00209   0.00427   0.01088   0.01277   0.01025   0.01290   0.00641   0.00000   0.01485   0.00398   0.02993   0.00205   0.01307   0.02316   0.00060   0.01348   0.05885   3.29831  22.82442  19.29936   0.03256  
 89  1.6053   2833.110635  x:  0.02329   0.01545   0.00206   0.00213   0.00000   0.00000   0.00428   0.00000   0.00000   0.00423   0.00211   0.00000   0.00212   0.00209   0.00427   0.01088   0.01276   0.01025   0.01282   0.00641   0.00000   0.01483   0.00398   0.02993   0.00205   0.01300   0.02316   0.00063   0.01347   0.05885   3.29768  22.82390  19.29987   0.03254  
 90  0.4992   2833.048575  x:  0.02319   0.01545   0.00206   0.00213   0.00000   0.00000   0.00428   0.00000   0.00000   0.00424   0.00212   0.00000   0.00212   0.00209   0.00428   0.01090   0.01283   0.01029   0.01315   0.00643   0.00000   0.01481   0.00399   0.03004   0.00206   0.01278   0.02325   0.00064   0.01349   0.05903   3.16191  22.71352  19.41023   0.02888  
 91 33.3543   2833.045385  x:  0.02322   0.01544   0.00206   0.00213   0.00000   0.00000   0.00428   0.00000   0.00000   0.00424   0.00212   0.00000   0.00212   0.00209   0.00428   0.01090   0.01280   0.01029   0.01291   0.00643   0.00000   0.01482   0.00400   0.03005   0.00205   0.01311   0.02326   0.00068   0.01353   0.05904   3.15455  22.70754  19.41621   0.02868  
 92 378.1388   2832.987595  x:  0.02309   0.01558   0.00207   0.00213   0.00000   0.00000   0.00428   0.00000   0.00000   0.00426   0.00212   0.00000   0.00212   0.00210   0.00429   0.01074   0.01284   0.01075   0.01284   0.00645   0.00000   0.01553   0.00397   0.03000   0.00206   0.01307   0.02347   0.00075   0.01334   0.05898   3.07908  22.72955  19.39414   0.02613  
 93  0.1734   2832.980014  x:  0.02308   0.01562   0.00208   0.00215   0.00000   0.00000   0.00428   0.00000   0.00000   0.00426   0.00213   0.00000   0.00213   0.00210   0.00430   0.01075   0.01285   0.01082   0.01288   0.00646   0.00000   0.01564   0.00397   0.02999   0.00206   0.01305   0.02349   0.00075   0.01335   0.05904   3.12404  22.68656  19.43710   0.02389  
 94  0.0658   2832.979337  x:  0.02313   0.01560   0.00208   0.00214   0.00000   0.00000   0.00427   0.00000   0.00000   0.00426   0.00213   0.00000   0.00213   0.00210   0.00430   0.01079   0.01286   0.01074   0.01290   0.00646   0.00000   0.01553   0.00398   0.03002   0.00206   0.01308   0.02347   0.00075   0.01339   0.05911   3.11640  22.68046  19.44319   0.02349  
 95  0.0112   2832.979331  x:  0.02318   0.01560   0.00208   0.00214   0.00000   0.00000   0.00427   0.00000   0.00000   0.00426   0.00213   0.00000   0.00213   0.00210   0.00430   0.01078   0.01286   0.01074   0.01289   0.00646   0.00000   0.01552   0.00398   0.03002   0.00206   0.01308   0.02347   0.00070   0.01339   0.05910   3.11719  22.68031  19.44335   0.02349  
 96  0.0007   2832.979320  x:  0.02349   0.01560   0.00208   0.00214   0.00000   0.00000   0.00426   0.00000   0.00000   0.00426   0.00213   0.00000   0.00213   0.00210   0.00430   0.01078   0.01286   0.01074   0.01289   0.00646   0.00000   0.01552   0.00398   0.03002   0.00206   0.01307   0.02347   0.00039   0.01339   0.05910   3.11706  22.68083  19.44283   0.02349  
 97  0.0001   2832.979317  x:  0.02367   0.01560   0.00208   0.00214   0.00000   0.00000   0.00426   0.00000   0.00000   0.00426   0.00213   0.00000   0.00213   0.00210   0.00430   0.01078   0.01286   0.01074   0.01289   0.00646   0.00000   0.01552   0.00398   0.03002   0.00206   0.01308   0.02347   0.00021   0.01339   0.05910   3.11701  22.68050  19.44317   0.02349  
 98  0.0005   2832.979317  x:  0.02368   0.01560   0.00208   0.00214   0.00000   0.00000   0.00426   0.00000   0.00000   0.00426   0.00213   0.00000   0.00213   0.00210   0.00430   0.01078   0.01286   0.01074   0.01289   0.00646   0.00000   0.01552   0.00398   0.03002   0.00206   0.01308   0.02347   0.00019   0.01339   0.05910   3.11703  22.68048  19.44318   0.02349  