Supplemental results for CODEML (seqf: /Users/YY/Desktop/get/branch_site/modify/modify_trim_muscle_rps18.fa  treef: /Users/YY/Desktop/get/branch_site/16gene_topu.tree)


dN/dS (w) for site classes (K=4)

site class             0        1       2a       2b
proportion       0.71449  0.28551  0.00000  0.00000
background w     0.00000  1.00000  0.00000  1.00000
foreground w     0.00000  1.00000  1.00000  1.00000

Naive Empirical Bayes (NEB) probabilities for 4 classes
(amino acids refer to 1st sequence: KM035850)

   1 M   0.82928 0.17072 0.00000 0.00000 ( 1)
   2 D   0.81482 0.18518 0.00000 0.00000 ( 1)
   3 K   0.81637 0.18363 0.00000 0.00000 ( 1)
   4 S   0.00000 1.00000 0.00000 0.00000 ( 2)
   5 K   0.78588 0.21412 0.00000 0.00000 ( 1)
   6 R   0.75700 0.24300 0.00000 0.00000 ( 1)
   7 P   0.79619 0.20381 0.00000 0.00000 ( 1)
   8 F   0.81132 0.18868 0.00000 0.00000 ( 1)
   9 L   0.80129 0.19871 0.00000 0.00000 ( 1)
  10 K   0.81637 0.18363 0.00000 0.00000 ( 1)
  11 S   0.73841 0.26159 0.00000 0.00000 ( 1)
  12 K   0.00000 1.00000 0.00000 0.00000 ( 2)
  13 R   0.75998 0.24002 0.00000 0.00000 ( 1)
  14 S   0.79567 0.20433 0.00000 0.00000 ( 1)
  15 F   0.81132 0.18868 0.00000 0.00000 ( 1)
  16 R   0.79839 0.20161 0.00000 0.00000 ( 1)
  17 R   0.00000 1.00000 0.00000 0.00000 ( 2)
  18 R   0.79839 0.20161 0.00000 0.00000 ( 1)
  19 L   0.75323 0.24677 0.00000 0.00000 ( 1)
  20 P   0.00000 1.00000 0.00000 0.00000 ( 2)
  21 P   0.75939 0.24061 0.00000 0.00000 ( 1)
  22 I   0.80816 0.19184 0.00000 0.00000 ( 1)
  23 Q   0.00000 1.00000 0.00000 0.00000 ( 2)
  24 S   0.75476 0.24524 0.00000 0.00000 ( 1)
  25 G   0.76159 0.23841 0.00000 0.00000 ( 1)
  26 D   0.81482 0.18518 0.00000 0.00000 ( 1)
  27 R   0.76347 0.23653 0.00000 0.00000 ( 1)
  28 I   0.82111 0.17889 0.00000 0.00000 ( 1)
  29 D   0.81482 0.18518 0.00000 0.00000 ( 1)
  30 Y   0.80152 0.19848 0.00000 0.00000 ( 1)
  31 R   0.81186 0.18814 0.00000 0.00000 ( 1)
  32 N   0.76710 0.23290 0.00000 0.00000 ( 1)
  33 M   0.82928 0.17072 0.00000 0.00000 ( 1)
  34 S   0.83264 0.16736 0.00000 0.00000 ( 1)
  35 L   0.76512 0.23488 0.00000 0.00000 ( 1)
  36 I   0.82111 0.17889 0.00000 0.00000 ( 1)
  37 S   0.83264 0.16736 0.00000 0.00000 ( 1)
  38 R   0.75998 0.24002 0.00000 0.00000 ( 1)
  39 F   0.81132 0.18868 0.00000 0.00000 ( 1)
  40 I   0.82111 0.17889 0.00000 0.00000 ( 1)
  41 S   0.76390 0.23610 0.00000 0.00000 ( 1)
  42 E   0.79858 0.20142 0.00000 0.00000 ( 1)
  43 Q   0.77865 0.22135 0.00000 0.00000 ( 1)
  44 G   0.78577 0.21423 0.00000 0.00000 ( 1)
  45 K   0.81637 0.18363 0.00000 0.00000 ( 1)
  46 I   0.82737 0.17263 0.00000 0.00000 ( 1)
  47 L   0.76512 0.23488 0.00000 0.00000 ( 1)
  48 S   0.79567 0.20433 0.00000 0.00000 ( 1)
  49 R   0.81186 0.18814 0.00000 0.00000 ( 1)
  50 R   0.75423 0.24577 0.00000 0.00000 ( 1)
  51 V   0.76680 0.23320 0.00000 0.00000 ( 1)
  52 N   0.83324 0.16676 0.00000 0.00000 ( 1)
  53 R   0.81186 0.18814 0.00000 0.00000 ( 1)
  54 L   0.75323 0.24677 0.00000 0.00000 ( 1)
  55 T   0.74619 0.25381 0.00000 0.00000 ( 1)
  56 L   0.75323 0.24677 0.00000 0.00000 ( 1)
  57 K   0.81637 0.18363 0.00000 0.00000 ( 1)
  58 Q   0.77961 0.22039 0.00000 0.00000 ( 1)
  59 Q   0.77961 0.22039 0.00000 0.00000 ( 1)
  60 R   0.75998 0.24002 0.00000 0.00000 ( 1)
  61 L   0.76512 0.23488 0.00000 0.00000 ( 1)
  62 I   0.82111 0.17889 0.00000 0.00000 ( 1)
  63 T   0.81862 0.18138 0.00000 0.00000 ( 1)
  64 I   0.82111 0.17889 0.00000 0.00000 ( 1)
  65 A   0.79610 0.20390 0.00000 0.00000 ( 1)
  66 I   0.82737 0.17263 0.00000 0.00000 ( 1)
  67 K   0.81430 0.18570 0.00000 0.00000 ( 1)
  68 Q   0.77817 0.22183 0.00000 0.00000 ( 1)
  69 A   0.79610 0.20390 0.00000 0.00000 ( 1)
  70 R   0.79839 0.20161 0.00000 0.00000 ( 1)
  71 I   0.82111 0.17889 0.00000 0.00000 ( 1)
  72 L   0.76512 0.23488 0.00000 0.00000 ( 1)
  73 S   0.79567 0.20433 0.00000 0.00000 ( 1)
  74 L   0.75323 0.24677 0.00000 0.00000 ( 1)
  75 L   0.76512 0.23488 0.00000 0.00000 ( 1)
  76 P   0.78846 0.21154 0.00000 0.00000 ( 1)
  77 F   0.81132 0.18868 0.00000 0.00000 ( 1)
  78 L   0.80129 0.19871 0.00000 0.00000 ( 1)
  79 N   0.83324 0.16676 0.00000 0.00000 ( 1)
  80 N   0.83324 0.16676 0.00000 0.00000 ( 1)
  81 E   0.76936 0.23064 0.00000 0.00000 ( 1)
  82 K   0.81637 0.18363 0.00000 0.00000 ( 1)
  83 Q   0.76138 0.23862 0.00000 0.00000 ( 1)
  84 F   0.81132 0.18868 0.00000 0.00000 ( 1)
  85 E   0.79858 0.20142 0.00000 0.00000 ( 1)
  86 R   0.81186 0.18814 0.00000 0.00000 ( 1)
  87 T   0.75192 0.24808 0.00000 0.00000 ( 1)
  88 E   0.76936 0.23064 0.00000 0.00000 ( 1)
  89 L   0.00000 1.00000 0.00000 0.00000 ( 2)
  90 T   0.00000 1.00000 0.00000 0.00000 ( 2)
  91 T   0.00000 1.00000 0.00000 0.00000 ( 2)
  92 R   0.00000 1.00000 0.00000 0.00000 ( 2)
  93 T   0.81862 0.18138 0.00000 0.00000 ( 1)
  94 A   0.75931 0.24069 0.00000 0.00000 ( 1)
  95 G   0.79996 0.20004 0.00000 0.00000 ( 1)
  96 L   0.00000 1.00000 0.00000 0.00000 ( 2)
  97 R   0.75998 0.24002 0.00000 0.00000 ( 1)
  98 A   0.73853 0.26147 0.00000 0.00000 ( 1)
  99 R   0.81186 0.18814 0.00000 0.00000 ( 1)
 100 N   0.83324 0.16676 0.00000 0.00000 ( 1)
 101 K   0.81637 0.18363 0.00000 0.00000 ( 1)


lnL =  -558.916213

Bayes Empirical Bayes (BEB) probabilities for 4 classes (class)
(amino acids refer to 1st sequence: KM035850)

   1 M   0.72946 0.13076 0.11803 0.02175 ( 1)
   2 D   0.71860 0.14027 0.11762 0.02351 ( 1)
   3 K   0.71969 0.13927 0.11770 0.02334 ( 1)
   4 S   0.25163 0.60067 0.04380 0.10391 ( 2)
   5 K   0.69725 0.15905 0.11665 0.02706 ( 1)
   6 R   0.67626 0.17747 0.11562 0.03065 ( 1)
   7 P   0.70479 0.15239 0.11702 0.02579 ( 1)
   8 F   0.71597 0.14256 0.11753 0.02395 ( 1)
   9 L   0.70853 0.14909 0.11721 0.02517 ( 1)
  10 K   0.71969 0.13927 0.11770 0.02334 ( 1)
  11 S   0.66323 0.18928 0.11457 0.03292 ( 1)
  12 K   0.28436 0.57123 0.04791 0.09650 ( 2)
  13 R   0.67856 0.17562 0.11558 0.03025 ( 1)
  14 S   0.70441 0.15273 0.11700 0.02586 ( 1)
  15 F   0.71597 0.14256 0.11753 0.02395 ( 1)
  16 R   0.70640 0.15097 0.11710 0.02553 ( 1)
  17 R   0.28166 0.57384 0.04750 0.09700 ( 2)
  18 R   0.70640 0.15097 0.11710 0.02553 ( 1)
  19 L   0.67375 0.17990 0.11527 0.03108 ( 1)
  20 P   0.24912 0.60318 0.04336 0.10434 ( 2)
  21 P   0.67815 0.17599 0.11554 0.03032 ( 1)
  22 I   0.71454 0.14483 0.11643 0.02421 ( 1)
  23 Q   0.27743 0.57770 0.04696 0.09791 ( 2)
  24 S   0.67484 0.17894 0.11534 0.03089 ( 1)
  25 G   0.67973 0.17459 0.11564 0.03004 ( 1)
  26 D   0.71860 0.14027 0.11762 0.02351 ( 1)
  27 R   0.68076 0.17341 0.11595 0.02987 ( 1)
  28 I   0.72322 0.13617 0.11785 0.02276 ( 1)
  29 D   0.71860 0.14027 0.11762 0.02351 ( 1)
  30 Y   0.70870 0.14894 0.11721 0.02515 ( 1)
  31 R   0.71634 0.14222 0.11756 0.02389 ( 1)
  32 N   0.68368 0.17108 0.11588 0.02937 ( 1)
  33 M   0.72946 0.13076 0.11803 0.02175 ( 1)
  34 S   0.73197 0.12855 0.11812 0.02135 ( 1)
  35 L   0.68224 0.17234 0.11580 0.02961 ( 1)
  36 I   0.72322 0.13617 0.11785 0.02276 ( 1)
  37 S   0.73197 0.12855 0.11812 0.02135 ( 1)
  38 R   0.67856 0.17562 0.11558 0.03025 ( 1)
  39 F   0.71597 0.14256 0.11753 0.02395 ( 1)
  40 I   0.72322 0.13617 0.11785 0.02276 ( 1)
  41 S   0.68139 0.17311 0.11574 0.02976 ( 1)
  42 E   0.70656 0.15084 0.11710 0.02550 ( 1)
  43 Q   0.69206 0.16371 0.11629 0.02794 ( 1)
  44 G   0.69718 0.15911 0.11664 0.02707 ( 1)
  45 K   0.71969 0.13927 0.11770 0.02334 ( 1)
  46 I   0.72794 0.13205 0.11801 0.02200 ( 1)
  47 L   0.68224 0.17234 0.11580 0.02961 ( 1)
  48 S   0.70441 0.15273 0.11700 0.02586 ( 1)
  49 R   0.71634 0.14222 0.11756 0.02389 ( 1)
  50 R   0.67446 0.17927 0.11531 0.03096 ( 1)
  51 V   0.68347 0.17127 0.11587 0.02940 ( 1)
  52 N   0.73241 0.12816 0.11815 0.02128 ( 1)
  53 R   0.71634 0.14222 0.11756 0.02389 ( 1)
  54 L   0.67375 0.17990 0.11527 0.03108 ( 1)
  55 T   0.66874 0.18437 0.11494 0.03195 ( 1)
  56 L   0.67375 0.17990 0.11527 0.03108 ( 1)
  57 K   0.71969 0.13927 0.11770 0.02334 ( 1)
  58 Q   0.69270 0.16307 0.11640 0.02783 ( 1)
  59 Q   0.69270 0.16307 0.11640 0.02783 ( 1)
  60 R   0.67856 0.17562 0.11558 0.03025 ( 1)
  61 L   0.68224 0.17234 0.11580 0.02961 ( 1)
  62 I   0.72322 0.13617 0.11785 0.02276 ( 1)
  63 T   0.72138 0.13780 0.11776 0.02306 ( 1)
  64 I   0.72322 0.13617 0.11785 0.02276 ( 1)
  65 A   0.70474 0.15245 0.11701 0.02580 ( 1)
  66 I   0.72794 0.13205 0.11801 0.02200 ( 1)
  67 K   0.71828 0.14067 0.11747 0.02357 ( 1)
  68 Q   0.69174 0.16403 0.11624 0.02799 ( 1)
  69 A   0.70474 0.15245 0.11701 0.02580 ( 1)
  70 R   0.70640 0.15097 0.11710 0.02553 ( 1)
  71 I   0.72322 0.13617 0.11785 0.02276 ( 1)
  72 L   0.68224 0.17234 0.11580 0.02961 ( 1)
  73 S   0.70441 0.15273 0.11700 0.02586 ( 1)
  74 L   0.67375 0.17990 0.11527 0.03108 ( 1)
  75 L   0.68224 0.17234 0.11580 0.02961 ( 1)
  76 P   0.69779 0.15709 0.11816 0.02696 ( 1)
  77 F   0.71597 0.14256 0.11753 0.02395 ( 1)
  78 L   0.70853 0.14909 0.11721 0.02517 ( 1)
  79 N   0.73241 0.12816 0.11815 0.02128 ( 1)
  80 N   0.73241 0.12816 0.11815 0.02128 ( 1)
  81 E   0.68530 0.16964 0.11597 0.02909 ( 1)
  82 K   0.71969 0.13927 0.11770 0.02334 ( 1)
  83 Q   0.67937 0.17471 0.11581 0.03011 ( 1)
  84 F   0.71597 0.14256 0.11753 0.02395 ( 1)
  85 E   0.70656 0.15084 0.11710 0.02550 ( 1)
  86 R   0.71634 0.14222 0.11756 0.02389 ( 1)
  87 T   0.67247 0.18065 0.11558 0.03131 ( 1)
  88 E   0.68530 0.16964 0.11597 0.02909 ( 1)
  89 L   0.25979 0.59359 0.04474 0.10188 ( 2)
  90 T   0.25402 0.59878 0.04399 0.10320 ( 2)
  91 T   0.02661 0.82604 0.00444 0.14291 ( 2)
  92 R   0.30477 0.55280 0.05035 0.09208 ( 2)
  93 T   0.72138 0.13780 0.11776 0.02306 ( 1)
  94 A   0.67809 0.17604 0.11554 0.03033 ( 1)
  95 G   0.70758 0.14994 0.11715 0.02533 ( 1)
  96 L   0.09213 0.76421 0.01533 0.12833 ( 2)
  97 R   0.67856 0.17562 0.11558 0.03025 ( 1)
  98 A   0.66332 0.18921 0.11457 0.03290 ( 1)
  99 R   0.71634 0.14222 0.11756 0.02389 ( 1)
 100 N   0.73241 0.12816 0.11815 0.02128 ( 1)
 101 K   0.71969 0.13927 0.11770 0.02334 ( 1)

