

TREE # 1

  0  0.0000    620.030084  x:  0.00000   0.01636   0.04463   0.01624   0.05337   0.05264   0.03080   0.03066   0.05233   0.02463   0.03922   0.01959   0.02307   0.01238   0.01521   0.05624   0.04342   0.02483   0.04152   0.04533   0.05545   0.02831   0.00987   0.01998   0.00706   0.05851   0.04614   0.04088   0.05863   0.02923   2.00000   1.09989   0.02896   0.27919   2.57308  
  1 99.0000    620.026852  x:  0.00000   0.01636   0.04463   0.01624   0.05337   0.05263   0.03080   0.03066   0.05232   0.02463   0.03921   0.01959   0.02307   0.01237   0.01521   0.05624   0.04342   0.02483   0.04152   0.04533   0.05545   0.02830   0.00987   0.01998   0.00706   0.05851   0.04613   0.04088   0.05862   0.02923   2.00000   1.09989   0.02896   0.27919   2.57308  
  2 383.3616    608.299362  x:  0.00000   0.01465   0.03756   0.00914   0.04626   0.04553   0.02646   0.02355   0.04528   0.02412   0.03217   0.01245   0.01998   0.00527   0.00804   0.05225   0.03630   0.02142   0.03659   0.04536   0.04843   0.02115   0.00269   0.01747   0.00000   0.05292   0.04447   0.03838   0.05164   0.03166   2.00013   1.09985   0.02903   0.27726   2.57307  
  3 88087.8749    604.002039  x:  0.00000   0.01375   0.03491   0.00649   0.04360   0.04289   0.02401   0.02088   0.04266   0.02393   0.02955   0.00977   0.01805   0.00262   0.00536   0.05046   0.03363   0.01935   0.03428   0.04552   0.04581   0.01847   0.00000   0.01588   0.00000   0.05061   0.04370   0.03834   0.04899   0.03166   2.00017   1.09977   0.02912   0.27583   2.57306  
  4 10056.4664    599.995083  x:  0.00000   0.01463   0.03225   0.00387   0.04091   0.04026   0.02142   0.01818   0.04006   0.02373   0.02695   0.00705   0.01787   0.00000   0.00266   0.04807   0.03092   0.01853   0.03120   0.04570   0.04319   0.01576   0.00000   0.01688   0.00000   0.04783   0.04268   0.04038   0.04627   0.03345   2.00018   1.09946   0.02945   0.27163   2.57305  
  5 1318.5249    596.462838  x:  0.00000   0.01303   0.02963   0.00132   0.03827   0.03767   0.02136   0.01551   0.03752   0.02372   0.02441   0.00436   0.01834   0.00000   0.00000   0.04626   0.02825   0.01921   0.02916   0.04559   0.04062   0.01308   0.00000   0.01617   0.00000   0.04534   0.04219   0.04121   0.04357   0.03402   2.00018   1.09901   0.02992   0.26586   2.57304  
  6 1484.6225    594.802929  x:  0.00000   0.01321   0.02828   0.00000   0.03690   0.03635   0.02153   0.01413   0.03621   0.02368   0.02311   0.00297   0.01804   0.00000   0.00000   0.04567   0.02687   0.01907   0.02865   0.04554   0.03932   0.01170   0.00000   0.01576   0.00000   0.04429   0.04209   0.04103   0.04220   0.03421   2.00017   1.09876   0.03019   0.26268   2.57303  
  7 3691.2339    591.548949  x:  0.00000   0.01285   0.02540   0.00000   0.03398   0.03353   0.02124   0.01118   0.03339   0.02360   0.02029   0.00000   0.01748   0.00000   0.00000   0.04484   0.02393   0.01842   0.02809   0.04548   0.03651   0.00875   0.00000   0.01582   0.00000   0.04249   0.04189   0.04045   0.03925   0.03445   2.00015   1.09824   0.03073   0.25605   2.57302  
  8 13970.3271    582.864228  x:  0.00000   0.01249   0.01686   0.00000   0.02533   0.02520   0.01903   0.00244   0.02495   0.02345   0.01185   0.00000   0.01696   0.00000   0.00000   0.04326   0.01521   0.01739   0.02691   0.04550   0.02821   0.00000   0.00000   0.01427   0.00000   0.03864   0.04104   0.03929   0.03056   0.03545   2.00008   1.09682   0.03224   0.23756   2.57299  
  9 22984.6018    580.674160  x:  0.00000   0.01236   0.01448   0.00000   0.02292   0.02288   0.01855   0.00000   0.02258   0.02339   0.00949   0.00000   0.01669   0.00000   0.00000   0.04282   0.01278   0.01712   0.02651   0.04550   0.02590   0.00000   0.00000   0.01389   0.00000   0.03771   0.04079   0.03905   0.02813   0.03576   2.00006   1.09644   0.03264   0.23253   2.57298  
 10 192498.4429    572.769146  x:  0.00000   0.01182   0.00491   0.00000   0.01322   0.01355   0.01655   0.00000   0.01309   0.02312   0.00000   0.00000   0.01536   0.00000   0.00000   0.04116   0.00301   0.01622   0.02495   0.04552   0.01660   0.00000   0.00000   0.01237   0.00000   0.03387   0.03975   0.03817   0.01839   0.03706   1.99999   1.09489   0.03429   0.21225   2.57294  
 11 568392.1089    570.623462  x:  0.00000   0.01166   0.00196   0.00000   0.01023   0.01068   0.01617   0.00000   0.01016   0.02297   0.00000   0.00000   0.01534   0.00000   0.00000   0.04064   0.00000   0.01551   0.02435   0.04556   0.01374   0.00000   0.00000   0.01187   0.00000   0.03301   0.03935   0.03794   0.01539   0.03743   1.99996   1.09442   0.03478   0.20612   2.57293  
 12 12666.0505    569.385967  x:  0.00000   0.01159   0.00000   0.00000   0.00825   0.00876   0.01577   0.00000   0.00823   0.02293   0.00000   0.00000   0.01510   0.00000   0.00000   0.04025   0.00000   0.01538   0.02399   0.04557   0.01183   0.00000   0.00000   0.01161   0.00000   0.03249   0.03913   0.03770   0.01340   0.03761   1.99995   1.09411   0.03511   0.20208   2.57292  
 13 20508.9366    565.301674  x:  0.00000   0.01110   0.00000   0.00000   0.00000   0.00078   0.01518   0.00000   0.00061   0.02228   0.00000   0.00000   0.01428   0.00000   0.00000   0.04020   0.00000   0.01433   0.02441   0.04561   0.00386   0.00000   0.00000   0.01049   0.00000   0.02971   0.03886   0.03881   0.00515   0.03888   1.99990   1.09303   0.03627   0.18774   2.57289  
 14 2718.9418    565.021604  x:  0.00000   0.01108   0.00000   0.00000   0.00000   0.00012   0.01511   0.00000   0.00000   0.02234   0.00000   0.00000   0.01426   0.00000   0.00000   0.04018   0.00000   0.01425   0.02428   0.04564   0.00320   0.00000   0.00000   0.01042   0.00000   0.02957   0.03877   0.03876   0.00447   0.03892   1.99989   1.09295   0.03636   0.18662   2.57289  
 15 3198.1844    564.982314  x:  0.00000   0.01107   0.00000   0.00000   0.00000   0.00000   0.01510   0.00000   0.00000   0.02230   0.00000   0.00000   0.01426   0.00000   0.00000   0.04016   0.00000   0.01424   0.02426   0.04564   0.00308   0.00000   0.00000   0.01041   0.00000   0.02955   0.03877   0.03874   0.00435   0.03893   1.99989   1.09293   0.03637   0.18643   2.57289  
 16 4735.5270    564.311421  x:  0.00000   0.01100   0.00000   0.00000   0.00000   0.00000   0.01483   0.00000   0.00000   0.02258   0.00000   0.00000   0.01415   0.00000   0.00000   0.03907   0.00000   0.01396   0.02446   0.04543   0.00000   0.00000   0.00000   0.01016   0.00000   0.02947   0.03900   0.03875   0.00120   0.03916   1.99989   1.09269   0.03664   0.18284   2.57288  
 17 761.6185    564.175436  x:  0.00000   0.01098   0.00000   0.00000   0.00000   0.00000   0.01480   0.00000   0.00000   0.02258   0.00000   0.00000   0.01410   0.00000   0.00000   0.03908   0.00000   0.01392   0.02443   0.04552   0.00000   0.00000   0.00000   0.01012   0.00000   0.02931   0.03886   0.03873   0.00000   0.03920   1.99989   1.09264   0.03670   0.18193   2.57287  
 18 452.6580    563.341575  x:  0.00000   0.01097   0.00000   0.00000   0.00000   0.00000   0.01121   0.00000   0.00000   0.02311   0.00000   0.00000   0.01449   0.00000   0.00000   0.04636   0.00000   0.01179   0.01573   0.03319   0.00000   0.00000   0.00000   0.00922   0.00000   0.01410   0.04774   0.03544   0.00000   0.03982   2.00089   1.09289   0.03701   0.16144   2.57265  
 19 51.0957    563.155678  x:  0.00000   0.01123   0.00000   0.00000   0.00000   0.00000   0.01153   0.00000   0.00000   0.02293   0.00000   0.00000   0.01552   0.00000   0.00000   0.04264   0.00000   0.01199   0.01597   0.03908   0.00000   0.00000   0.00000   0.01001   0.00000   0.00914   0.05152   0.03341   0.00000   0.03888   2.00240   1.09510   0.03521   0.16557   2.57246  
 20 13.2896    562.040789  x:  0.00000   0.01116   0.00000   0.00000   0.00000   0.00000   0.01720   0.00000   0.00000   0.02017   0.00000   0.00000   0.01402   0.00000   0.00000   0.02158   0.00000   0.00981   0.01219   0.03049   0.00000   0.00000   0.00000   0.01278   0.00000   0.00702   0.03902   0.02526   0.00000   0.03727   2.01872   1.11274   0.02183   0.14752   2.57042  
 21  9.4842    561.853036  x:  0.00000   0.01085   0.00000   0.00000   0.00000   0.00000   0.01773   0.00000   0.00000   0.01983   0.00000   0.00000   0.01311   0.00000   0.00000   0.02045   0.00000   0.00911   0.00769   0.03333   0.00000   0.00000   0.00000   0.01284   0.00000   0.00876   0.04293   0.02427   0.00000   0.03785   2.02227   1.11557   0.01994   0.13167   2.56996  
 22 48.6167    561.056206  x:  0.00000   0.01228   0.00000   0.00000   0.00000   0.00000   0.01222   0.00000   0.00000   0.01909   0.00000   0.00000   0.01655   0.00000   0.00000   0.01737   0.00000   0.01072   0.01051   0.03470   0.00000   0.00000   0.00000   0.01446   0.00000   0.01177   0.04710   0.01716   0.00000   0.03313   2.05388   1.13818   0.00489   0.00000   2.56599  
 23 13.5384    560.904581  x:  0.00038   0.01077   0.00000   0.00000   0.00000   0.00000   0.01162   0.00000   0.00000   0.01925   0.00000   0.00000   0.01292   0.00000   0.00000   0.01752   0.00000   0.01197   0.01047   0.03475   0.00000   0.00000   0.00000   0.01400   0.00000   0.01106   0.04565   0.01313   0.00000   0.03810   2.07069   1.14272   0.00392   0.00000   2.56390  
 24  1.2621    560.772540  x:  0.01002   0.00995   0.00000   0.00000   0.00000   0.00000   0.00900   0.00000   0.00000   0.01911   0.00000   0.00000   0.01093   0.00000   0.00000   0.01648   0.00000   0.01371   0.01146   0.03531   0.00000   0.00000   0.00000   0.01419   0.00000   0.01153   0.04584   0.00698   0.00000   0.04077   2.09815   1.15533  -0.00255   0.00000   2.56048  
 25 100.2409    560.556190  x:  0.01712   0.00987   0.00000   0.00000   0.00000   0.00000   0.00767   0.00000   0.00000   0.01996   0.00000   0.00000   0.01309   0.00000   0.00000   0.01785   0.00000   0.01169   0.01166   0.03627   0.00000   0.00000   0.00000   0.01336   0.00000   0.01176   0.04157   0.00000   0.00000   0.04333   2.14980   1.16769  -0.00288   0.00000   2.55386  
 26  2.5513    560.556190  x:  0.01712   0.00987   0.00000   0.00000   0.00000   0.00000   0.00767   0.00000   0.00000   0.01996   0.00000   0.00000   0.01309   0.00000   0.00000   0.01785   0.00000   0.01169   0.01166   0.03627   0.00000   0.00000   0.00000   0.01336   0.00000   0.01176   0.04157   0.00000   0.00000   0.04333   2.14980   1.16769  -0.00288   0.00000   2.55386  
 27  3.1741    560.302163  x:  0.01996   0.01066   0.00000   0.00000   0.00000   0.00000   0.01205   0.00000   0.00000   0.02065   0.00000   0.00000   0.01077   0.00000   0.00000   0.02007   0.00000   0.01046   0.01054   0.03836   0.00000   0.00000   0.00000   0.01080   0.00000   0.01050   0.03879   0.00284   0.00000   0.04324   2.14995   1.16762  -0.00276   0.00000   2.55384  
 28 65.7112    560.217066  x:  0.01922   0.01062   0.00000   0.00000   0.00000   0.00000   0.01035   0.00000   0.00000   0.02139   0.00000   0.00000   0.00962   0.00000   0.00000   0.02206   0.00000   0.01020   0.01029   0.04163   0.00000   0.00000   0.00000   0.00943   0.00000   0.01020   0.03381   0.00210   0.00000   0.04311   2.15028   1.16745  -0.00248   0.00000   2.55378  
 29 27.8067    560.198968  x:  0.01932   0.01055   0.00000   0.00000   0.00000   0.00000   0.01073   0.00000   0.00000   0.02139   0.00000   0.00000   0.01052   0.00000   0.00000   0.02207   0.00000   0.01042   0.01049   0.04279   0.00000   0.00000   0.00000   0.01053   0.00000   0.01044   0.03178   0.00221   0.00000   0.04302   2.15053   1.16733  -0.00228   0.00000   2.55374  
 30 18.6076    560.196944  x:  0.01934   0.01057   0.00000   0.00000   0.00000   0.00000   0.01079   0.00000   0.00000   0.02111   0.00000   0.00000   0.01042   0.00000   0.00000   0.02129   0.00000   0.01048   0.01056   0.04300   0.00000   0.00000   0.00000   0.01032   0.00000   0.01051   0.03143   0.00222   0.00000   0.04298   2.15085   1.16717  -0.00201   0.00000   2.55368  
 31  4.0787    560.195975  x:  0.01934   0.01054   0.00000   0.00000   0.00000   0.00000   0.01073   0.00000   0.00000   0.02105   0.00000   0.00000   0.01038   0.00000   0.00000   0.02110   0.00000   0.01025   0.01033   0.04309   0.00000   0.00000   0.00000   0.01046   0.00000   0.01027   0.03141   0.00223   0.00000   0.04292   2.15154   1.16683  -0.00145   0.00000   2.55356  
 32  2.3390    560.106123  x:  0.01938   0.01016   0.00000   0.00000   0.00000   0.00000   0.01077   0.00000   0.00000   0.02100   0.00000   0.00000   0.01078   0.00000   0.00000   0.02131   0.00000   0.01076   0.01034   0.04714   0.00000   0.00000   0.00000   0.01046   0.00000   0.01068   0.03427   0.00227   0.00000   0.03759   2.23166   1.12812   0.06398   0.00000   2.53970  
 33  7.6630    559.964193  x:  0.01926   0.01336   0.00000   0.00000   0.00000   0.00000   0.01065   0.00000   0.00000   0.02173   0.00000   0.00000   0.01005   0.00000   0.00000   0.02146   0.00000   0.00973   0.01258   0.04612   0.00000   0.00000   0.00000   0.01146   0.00000   0.01036   0.03391   0.00215   0.00000   0.04126   2.36537   1.06386   0.17284   0.00000   2.51655  
 34 202.5547    559.873494  x:  0.01954   0.01101   0.00000   0.00000   0.00000   0.00000   0.01067   0.00000   0.00000   0.02193   0.00000   0.00000   0.01096   0.00000   0.00000   0.02169   0.00000   0.01100   0.01057   0.04415   0.00000   0.00000   0.00000   0.01063   0.00000   0.01066   0.03282   0.00244   0.00000   0.04480   2.44653   1.02506   0.23873   0.00000   2.50248  
 35 479.2103    559.871044  x:  0.01946   0.01054   0.00000   0.00000   0.00000   0.00000   0.01081   0.00000   0.00000   0.02170   0.00000   0.00000   0.01074   0.00000   0.00000   0.02179   0.00000   0.01067   0.01080   0.04379   0.00000   0.00000   0.00000   0.01071   0.00000   0.01080   0.03261   0.00235   0.00000   0.04464   2.44887   1.02415   0.24043   0.00000   2.50207  
 36 19.2675    559.869276  x:  0.01945   0.01072   0.00000   0.00000   0.00000   0.00000   0.01078   0.00000   0.00000   0.02134   0.00000   0.00000   0.01076   0.00000   0.00000   0.02195   0.00000   0.01073   0.01071   0.04303   0.00000   0.00000   0.00000   0.01065   0.00000   0.01072   0.03216   0.00235   0.00000   0.04403   2.45091   1.02385   0.24145   0.00000   2.50169  
 37  6.2113    559.867723  x:  0.01954   0.01067   0.00000   0.00000   0.00000   0.00000   0.01071   0.00000   0.00000   0.02202   0.00000   0.00000   0.01072   0.00000   0.00000   0.02173   0.00000   0.01072   0.01076   0.04263   0.00000   0.00000   0.00000   0.01065   0.00000   0.01071   0.03194   0.00243   0.00000   0.04366   2.45350   1.02441   0.24186   0.00000   2.50117  
 38  3.0761    559.856653  x:  0.01873   0.01090   0.00000   0.00000   0.00000   0.00000   0.01155   0.00000   0.00000   0.02251   0.00000   0.00000   0.01086   0.00000   0.00000   0.02157   0.00000   0.01058   0.01035   0.04247   0.00000   0.00000   0.00000   0.01046   0.00000   0.01079   0.03183   0.00162   0.00000   0.04349   2.47355   1.03040   0.24349   0.00000   2.49708  
 39  9.1429    559.404984  x:  0.01937   0.01012   0.00000   0.00000   0.00000   0.00000   0.01024   0.00000   0.00000   0.02061   0.00000   0.00000   0.01034   0.00000   0.00000   0.02129   0.00000   0.01089   0.01087   0.04284   0.00000   0.00000   0.00000   0.01053   0.00000   0.00981   0.03164   0.00230   0.00000   0.04388   3.41441   1.31510   0.31636   0.00000   2.30484  
 40 163.8414    559.401872  x:  0.01948   0.01031   0.00000   0.00000   0.00000   0.00000   0.01009   0.00000   0.00000   0.02059   0.00000   0.00000   0.01041   0.00000   0.00000   0.02128   0.00000   0.01054   0.01058   0.04284   0.00000   0.00000   0.00000   0.01050   0.00000   0.01044   0.03163   0.00241   0.00000   0.04389   3.42024   1.31687   0.31683   0.00000   2.30363  
 41 57.6908    559.401774  x:  0.01948   0.01030   0.00000   0.00000   0.00000   0.00000   0.01008   0.00000   0.00000   0.02059   0.00000   0.00000   0.01051   0.00000   0.00000   0.02128   0.00000   0.01048   0.01062   0.04284   0.00000   0.00000   0.00000   0.01043   0.00000   0.01040   0.03163   0.00242   0.00000   0.04389   3.42042   1.31706   0.31713   0.00000   2.30335  
 42  0.4114    559.214553  x:  0.01869   0.01098   0.00000   0.00000   0.00000   0.00000   0.01123   0.00000   0.00000   0.02203   0.00000   0.00000   0.01084   0.00000   0.00000   0.02146   0.00000   0.01049   0.01070   0.04279   0.00000   0.00000   0.00000   0.01072   0.00000   0.01085   0.03231   0.00174   0.00000   0.04218   3.77015   1.70304   0.95081   0.00000   1.72151  
 43  4.2448    559.032630  x:  0.01901   0.01058   0.00000   0.00000   0.00000   0.00000   0.01050   0.00000   0.00000   0.02133   0.00000   0.00000   0.01065   0.00000   0.00000   0.02130   0.00000   0.01063   0.01050   0.04353   0.00000   0.00000   0.00000   0.01060   0.00000   0.01054   0.03229   0.00221   0.00000   0.04326   3.88991   2.31879   1.46585   0.00000   1.00000  
 44  0.4866    558.985964  x:  0.01917   0.01053   0.00000   0.00000   0.00000   0.00000   0.01043   0.00000   0.00000   0.02093   0.00000   0.00000   0.01047   0.00000   0.00000   0.02143   0.00000   0.01053   0.01081   0.04283   0.00000   0.00000   0.00000   0.01057   0.00000   0.01045   0.03182   0.00240   0.00000   0.04353   3.56643   2.76184   1.78205   0.00000   1.00000  
 45  0.3099    558.952738  x:  0.01907   0.01044   0.00000   0.00000   0.00000   0.00000   0.01043   0.00000   0.00000   0.02117   0.00000   0.00000   0.01063   0.00000   0.00000   0.02141   0.00000   0.01063   0.01048   0.04300   0.00000   0.00000   0.00000   0.01056   0.00000   0.01059   0.03192   0.00239   0.00000   0.04348   3.32169   3.32516   2.41186   0.00000   1.00000  
 46  0.3615    558.934215  x:  0.01880   0.01096   0.00000   0.00000   0.00000   0.00000   0.01090   0.00000   0.00000   0.02152   0.00000   0.00000   0.01067   0.00000   0.00000   0.02137   0.00000   0.01047   0.01088   0.04330   0.00000   0.00000   0.00000   0.01070   0.00000   0.01071   0.03239   0.00222   0.00000   0.04294   3.51302   4.13461   3.24120   0.00000   1.00000  
 47  0.4019    558.922498  x:  0.01896   0.01040   0.00000   0.00000   0.00000   0.00000   0.01048   0.00000   0.00000   0.02110   0.00000   0.00000   0.01060   0.00000   0.00000   0.02145   0.00000   0.01062   0.01049   0.04290   0.00000   0.00000   0.00000   0.01056   0.00000   0.01056   0.03187   0.00248   0.00000   0.04340   3.43624   5.15632   4.22330   0.00000   1.00000  
 48  0.6397    558.918717  x:  0.01887   0.01074   0.00000   0.00000   0.00000   0.00000   0.01062   0.00000   0.00000   0.02131   0.00000   0.00000   0.01062   0.00000   0.00000   0.02136   0.00000   0.01054   0.01077   0.04318   0.00000   0.00000   0.00000   0.01063   0.00000   0.01060   0.03214   0.00244   0.00000   0.04333   3.45351   6.08583   5.17882   0.00000   1.00000  
 49  0.5320    558.917186  x:  0.01884   0.01049   0.00000   0.00000   0.00000   0.00000   0.01060   0.00000   0.00000   0.02121   0.00000   0.00000   0.01062   0.00000   0.00000   0.02144   0.00000   0.01058   0.01053   0.04298   0.00000   0.00000   0.00000   0.01058   0.00000   0.01060   0.03199   0.00248   0.00000   0.04327   3.45449   7.04053   6.11848   0.00000   1.00000  
 50  0.5391    558.916615  x:  0.01885   0.01066   0.00000   0.00000   0.00000   0.00000   0.01056   0.00000   0.00000   0.02124   0.00000   0.00000   0.01061   0.00000   0.00000   0.02139   0.00000   0.01057   0.01072   0.04310   0.00000   0.00000   0.00000   0.01062   0.00000   0.01059   0.03206   0.00250   0.00000   0.04334   3.44807   7.91213   6.99575   0.00000   1.00000  
 51  0.5173    558.916374  x:  0.01883   0.01056   0.00000   0.00000   0.00000   0.00000   0.01061   0.00000   0.00000   0.02125   0.00000   0.00000   0.01062   0.00000   0.00000   0.02140   0.00000   0.01057   0.01058   0.04303   0.00000   0.00000   0.00000   0.01059   0.00000   0.01060   0.03204   0.00249   0.00000   0.04330   3.45588   8.84508   7.92883   0.00000   1.00000  
 52  0.5350    558.916279  x:  0.01885   0.01061   0.00000   0.00000   0.00000   0.00000   0.01057   0.00000   0.00000   0.02123   0.00000   0.00000   0.01061   0.00000   0.00000   0.02141   0.00000   0.01057   0.01066   0.04306   0.00000   0.00000   0.00000   0.01060   0.00000   0.01059   0.03203   0.00249   0.00000   0.04331   3.44931   9.69646   8.77776   0.00000   1.00000  
 53  0.5275    558.916239  x:  0.01886   0.01059   0.00000   0.00000   0.00000   0.00000   0.01059   0.00000   0.00000   0.02124   0.00000   0.00000   0.01062   0.00000   0.00000   0.02139   0.00000   0.01057   0.01062   0.04306   0.00000   0.00000   0.00000   0.01060   0.00000   0.01060   0.03205   0.00247   0.00000   0.04332   3.45401  10.73343   9.81758   0.00000   1.00000  
 54  0.5316    558.916224  x:  0.01888   0.01059   0.00000   0.00000   0.00000   0.00000   0.01058   0.00000   0.00000   0.02124   0.00000   0.00000   0.01061   0.00000   0.00000   0.02141   0.00000   0.01057   0.01064   0.04306   0.00000   0.00000   0.00000   0.01060   0.00000   0.01059   0.03203   0.00245   0.00000   0.04331   3.45104  11.44566  10.52762   0.00000   1.00000  
 55  0.4730    558.916217  x:  0.01893   0.01059   0.00000   0.00000   0.00000   0.00000   0.01058   0.00000   0.00000   0.02124   0.00000   0.00000   0.01062   0.00000   0.00000   0.02140   0.00000   0.01057   0.01064   0.04306   0.00000   0.00000   0.00000   0.01060   0.00000   0.01059   0.03204   0.00241   0.00000   0.04332   3.45272  12.55432  11.63767   0.00000   1.00000  
 56  0.4943    558.916214  x:  0.01897   0.01059   0.00000   0.00000   0.00000   0.00000   0.01059   0.00000   0.00000   0.02124   0.00000   0.00000   0.01061   0.00000   0.00000   0.02141   0.00000   0.01057   0.01064   0.04306   0.00000   0.00000   0.00000   0.01060   0.00000   0.01059   0.03204   0.00237   0.00000   0.04331   3.45163  13.25599  12.33840   0.00000   1.00000  
 57  0.4847    558.916213  x:  0.01904   0.01059   0.00000   0.00000   0.00000   0.00000   0.01058   0.00000   0.00000   0.02124   0.00000   0.00000   0.01061   0.00000   0.00000   0.02140   0.00000   0.01057   0.01064   0.04306   0.00000   0.00000   0.00000   0.01060   0.00000   0.01059   0.03204   0.00230   0.00000   0.04332   3.45226  14.38873  13.47169   0.00000   1.00000  
 58  0.4820    558.916213  x:  0.01909   0.01059   0.00000   0.00000   0.00000   0.00000   0.01059   0.00000   0.00000   0.02124   0.00000   0.00000   0.01061   0.00000   0.00000   0.02140   0.00000   0.01057   0.01064   0.04306   0.00000   0.00000   0.00000   0.01060   0.00000   0.01059   0.03204   0.00225   0.00000   0.04331   3.45183  15.05345  14.13605   0.00000   1.00000  
 59  0.4742    558.916213  x:  0.01919   0.01059   0.00000   0.00000   0.00000   0.00000   0.01058   0.00000   0.00000   0.02124   0.00000   0.00000   0.01061   0.00000   0.00000   0.02140   0.00000   0.01057   0.01064   0.04306   0.00000   0.00000   0.00000   0.01060   0.00000   0.01059   0.03204   0.00215   0.00000   0.04332   3.45208  16.20848  15.29128   0.00000   1.00000  
 60  0.4668    558.916213  x:  0.01924   0.01059   0.00000   0.00000   0.00000   0.00000   0.01059   0.00000   0.00000   0.02124   0.00000   0.00000   0.01061   0.00000   0.00000   0.02140   0.00000   0.01057   0.01064   0.04306   0.00000   0.00000   0.00000   0.01060   0.00000   0.01059   0.03204   0.00209   0.00000   0.04331   3.45192  16.70501  15.78768   0.00000   1.00000  
 61  0.3998    558.916213  x:  0.01939   0.01059   0.00000   0.00000   0.00000   0.00000   0.01058   0.00000   0.00000   0.02124   0.00000   0.00000   0.01061   0.00000   0.00000   0.02140   0.00000   0.01057   0.01064   0.04306   0.00000   0.00000   0.00000   0.01060   0.00000   0.01059   0.03204   0.00195   0.00000   0.04331   3.45201  17.97911  17.06184   0.00000   1.00000  
 62  0.3971    558.916213  x:  0.01939   0.01059   0.00000   0.00000   0.00000   0.00000   0.01058   0.00000   0.00000   0.02124   0.00000   0.00000   0.01061   0.00000   0.00000   0.02140   0.00000   0.01057   0.01064   0.04306   0.00000   0.00000   0.00000   0.01060   0.00000   0.01059   0.03204   0.00194   0.00000   0.04331   3.45197  17.96544  17.04815   0.00000   1.00000  
 63  0.0195    558.916213  x:  0.01943   0.01059   0.00000   0.00000   0.00000   0.00000   0.01059   0.00000   0.00000   0.02124   0.00000   0.00000   0.01061   0.00000   0.00000   0.02140   0.00000   0.01057   0.01064   0.04306   0.00000   0.00000   0.00000   0.01060   0.00000   0.01059   0.03204   0.00191   0.00000   0.04331   3.45194  18.12778  17.21047   0.00000   1.00000  
 64  0.1004    558.916213  x:  0.01944   0.01059   0.00000   0.00000   0.00000   0.00000   0.01058   0.00000   0.00000   0.02124   0.00000   0.00000   0.01061   0.00000   0.00000   0.02140   0.00000   0.01057   0.01064   0.04306   0.00000   0.00000   0.00000   0.01060   0.00000   0.01059   0.03204   0.00190   0.00000   0.04331   3.45196  18.11771  17.20041   0.00000   1.00000  
 65  0.0071    558.916213  x:  0.01953   0.01059   0.00000   0.00000   0.00000   0.00000   0.01059   0.00000   0.00000   0.02124   0.00000   0.00000   0.01061   0.00000   0.00000   0.02140   0.00000   0.01057   0.01064   0.04306   0.00000   0.00000   0.00000   0.01060   0.00000   0.01059   0.03204   0.00181   0.00000   0.04331   3.45194  18.38307  17.46575   0.00000   1.00000  
 66  0.0785    558.916213  x:  0.01952   0.01059   0.00000   0.00000   0.00000   0.00000   0.01058   0.00000   0.00000   0.02124   0.00000   0.00000   0.01061   0.00000   0.00000   0.02140   0.00000   0.01057   0.01064   0.04306   0.00000   0.00000   0.00000   0.01060   0.00000   0.01059   0.03204   0.00182   0.00000   0.04331   3.45195  18.31660  17.39929   0.00000   1.00000  
 67  0.0893    558.916213  x:  0.01960   0.01059   0.00000   0.00000   0.00000   0.00000   0.01058   0.00000   0.00000   0.02124   0.00000   0.00000   0.01061   0.00000   0.00000   0.02140   0.00000   0.01057   0.01064   0.04306   0.00000   0.00000   0.00000   0.01060   0.00000   0.01059   0.03204   0.00174   0.00000   0.04331   3.45197  18.32280  17.40551   0.00000   1.00000  
 68  0.0039    558.916213  x:  0.01971   0.01059   0.00000   0.00000   0.00000   0.00000   0.01058   0.00000   0.00000   0.02124   0.00000   0.00000   0.01061   0.00000   0.00000   0.02140   0.00000   0.01057   0.01064   0.04306   0.00000   0.00000   0.00000   0.01060   0.00000   0.01059   0.03204   0.00163   0.00000   0.04331   3.45197  18.34479  17.42749   0.00000   1.00000  
 69  0.0574    558.916213  x:  0.01971   0.01059   0.00000   0.00000   0.00000   0.00000   0.01058   0.00000   0.00000   0.02124   0.00000   0.00000   0.01061   0.00000   0.00000   0.02140   0.00000   0.01057   0.01064   0.04306   0.00000   0.00000   0.00000   0.01060   0.00000   0.01059   0.03204   0.00163   0.00000   0.04331   3.45197  18.34487  17.42758   0.00000   1.00000  
 70  0.1687    558.916213  x:  0.01971   0.01059   0.00000   0.00000   0.00000   0.00000   0.01058   0.00000   0.00000   0.02124   0.00000   0.00000   0.01061   0.00000   0.00000   0.02140   0.00000   0.01057   0.01064   0.04306   0.00000   0.00000   0.00000   0.01060   0.00000   0.01059   0.03204   0.00163   0.00000   0.04331   3.45197  18.34487  17.42758   0.00000   1.00000  
 71  3.3605    558.916213  x:  0.01971   0.01059   0.00000   0.00000   0.00000   0.00000   0.01058   0.00000   0.00000   0.02124   0.00000   0.00000   0.01061   0.00000   0.00000   0.02140   0.00000   0.01057   0.01064   0.04306   0.00000   0.00000   0.00000   0.01060   0.00000   0.01059   0.03204   0.00163   0.00000   0.04331   3.45197  18.34487  17.42758   0.00000   1.00000  
 72  0.0190    558.916213  x:  0.01971   0.01059   0.00000   0.00000   0.00000   0.00000   0.01058   0.00000   0.00000   0.02124   0.00000   0.00000   0.01061   0.00000   0.00000   0.02140   0.00000   0.01057   0.01064   0.04306   0.00000   0.00000   0.00000   0.01060   0.00000   0.01059   0.03204   0.00163   0.00000   0.04331   3.45197  18.34487  17.42758   0.00000   1.00000  