

TREE # 1

  0  0.0000    212.709828  x:  0.00000   0.01412   0.05790   0.01878   0.06728   0.06642   0.03264   0.03864   0.06589   0.01917   0.04956   0.02477   0.02326   0.01587   0.02793   0.05930   0.05476   0.02545   0.04816   0.03313   0.07002   0.03560   0.01245   0.02794   0.00906   0.06764   0.05804   0.04088   0.07363   0.02214   2.00000   1.09989   0.02896   0.27919  
  1 99.0000    212.709143  x:  0.00000   0.01411   0.05790   0.01878   0.06728   0.06642   0.03264   0.03863   0.06589   0.01917   0.04956   0.02477   0.02326   0.01587   0.02793   0.05930   0.05476   0.02545   0.04816   0.03313   0.07002   0.03560   0.01245   0.02794   0.00906   0.06764   0.05804   0.04088   0.07363   0.02214   2.00000   1.09989   0.02896   0.27919  
  2 163.2465    205.017563  x:  0.00000   0.00466   0.04852   0.00933   0.05792   0.05707   0.02252   0.02921   0.05653   0.00971   0.04016   0.01531   0.01380   0.00677   0.03197   0.05013   0.04538   0.01599   0.03876   0.02369   0.06068   0.02617   0.00319   0.03278   0.00000   0.05839   0.06073   0.03212   0.06479   0.03744   2.00000   1.09925   0.02964   0.26729  
  3 1832.4834    202.233945  x:  0.00000   0.00123   0.04509   0.00588   0.05451   0.05367   0.01843   0.02578   0.05311   0.00625   0.03673   0.01186   0.01035   0.00361   0.03174   0.04697   0.04196   0.01254   0.03532   0.02024   0.05728   0.02274   0.00000   0.03261   0.00000   0.05512   0.06232   0.02932   0.06202   0.03750   1.99973   1.09832   0.03062   0.25326  
  4 430.2622    201.290788  x:  0.00000   0.00000   0.04389   0.00465   0.05331   0.05248   0.01685   0.02456   0.05191   0.00502   0.03552   0.01063   0.00911   0.00247   0.03223   0.04584   0.04076   0.01131   0.03411   0.01901   0.05609   0.02152   0.00000   0.03285   0.00000   0.05400   0.06071   0.02841   0.06114   0.03750   1.99962   1.09803   0.03092   0.24832  
  5 1263.4533    199.596648  x:  0.00000   0.00000   0.04162   0.00219   0.05110   0.05027   0.01305   0.02219   0.04968   0.00254   0.03320   0.00817   0.00667   0.00000   0.02938   0.04349   0.03848   0.00887   0.03179   0.01659   0.05392   0.01916   0.00000   0.03177   0.00000   0.05215   0.05863   0.02727   0.06017   0.03912   1.99933   1.09793   0.03102   0.24122  
  6 416.8247    198.190887  x:  0.00000   0.00000   0.03965   0.00000   0.04918   0.04836   0.00953   0.02011   0.04775   0.00035   0.03119   0.00600   0.00451   0.00000   0.02918   0.04140   0.03651   0.00672   0.02976   0.01447   0.05205   0.01709   0.00000   0.03148   0.00000   0.05061   0.05813   0.02642   0.05951   0.03964   1.99906   1.09796   0.03098   0.23573  
  7 1408.1826    197.971810  x:  0.00000   0.00000   0.03933   0.00000   0.04888   0.04806   0.00893   0.01978   0.04744   0.00000   0.03086   0.00566   0.00416   0.00000   0.02948   0.04101   0.03619   0.00638   0.02944   0.01413   0.05175   0.01676   0.00000   0.03067   0.00000   0.05036   0.05802   0.02626   0.05939   0.03989   1.99900   1.09799   0.03095   0.23472  
  8 497.8098    195.253994  x:  0.00000   0.00000   0.03563   0.00000   0.04531   0.04451   0.00000   0.01591   0.04384   0.00000   0.02712   0.00165   0.00016   0.00000   0.02935   0.03357   0.03252   0.00240   0.02567   0.01012   0.04815   0.01284   0.00000   0.03068   0.00000   0.04712   0.05719   0.02319   0.05682   0.04110   1.99761   1.09963   0.02948   0.21789  
  9 112.3817    195.163285  x:  0.00000   0.00000   0.03550   0.00000   0.04518   0.04438   0.00000   0.01577   0.04371   0.00000   0.02698   0.00150   0.00000   0.00000   0.02935   0.03327   0.03239   0.00224   0.02553   0.00997   0.04802   0.01269   0.00000   0.03068   0.00000   0.04700   0.05716   0.02306   0.05671   0.04114   1.99756   1.09970   0.02942   0.21736  
 10 603.2925    194.337036  x:  0.00000   0.00000   0.03418   0.00000   0.04394   0.04311   0.00000   0.01435   0.04245   0.00000   0.02564   0.00000   0.00000   0.00000   0.02932   0.03027   0.03109   0.00076   0.02418   0.00848   0.04676   0.01125   0.00000   0.03063   0.00000   0.04588   0.05687   0.02200   0.05591   0.04158   1.99690   1.10058   0.02831   0.21114  
 11 292.1057    193.978434  x:  0.00000   0.00000   0.03356   0.00000   0.04336   0.04252   0.00000   0.01364   0.04186   0.00000   0.02499   0.00000   0.00000   0.00000   0.02932   0.02887   0.03046   0.00000   0.02352   0.00774   0.04619   0.01053   0.00000   0.03061   0.00000   0.04539   0.05677   0.02161   0.05567   0.04174   1.99663   1.10106   0.02773   0.20881  
 12 229.8814    190.413476  x:  0.00000   0.00000   0.02717   0.00000   0.03753   0.03649   0.00000   0.00627   0.03588   0.00000   0.01831   0.00000   0.00000   0.00000   0.02927   0.01288   0.02409   0.00000   0.01676   0.00000   0.04033   0.00307   0.00000   0.03044   0.00000   0.04042   0.05564   0.01666   0.05261   0.04368   1.99296   1.10784   0.01978   0.17945  
 13 567.4523    189.045939  x:  0.00000   0.00000   0.02453   0.00000   0.03511   0.03400   0.00000   0.00323   0.03340   0.00000   0.01555   0.00000   0.00000   0.00000   0.02924   0.00632   0.02146   0.00000   0.01397   0.00000   0.03790   0.00000   0.00000   0.03037   0.00000   0.03835   0.05516   0.01464   0.05136   0.04449   1.99143   1.11063   0.01650   0.16718  
 14 88331.7620    187.790689  x:  0.00000   0.00000   0.02198   0.00000   0.03270   0.03152   0.00000   0.00046   0.03093   0.00000   0.01295   0.00000   0.00000   0.00000   0.02922   0.00000   0.01895   0.00000   0.01135   0.00000   0.03544   0.00000   0.00000   0.03028   0.00000   0.03621   0.05454   0.01271   0.05001   0.04553   1.98942   1.11361   0.01290   0.15167  
 15 217.9597    187.636777  x:  0.00000   0.00000   0.02159   0.00000   0.03235   0.03116   0.00000   0.00000   0.03057   0.00000   0.01255   0.00000   0.00000   0.00000   0.02922   0.00000   0.01856   0.00000   0.01094   0.00000   0.03509   0.00000   0.00000   0.03027   0.00000   0.03592   0.05448   0.01240   0.04983   0.04565   1.98916   1.11415   0.01228   0.14974  
 16 670.9559    183.401381  x:  0.00000   0.00000   0.01047   0.00000   0.02143   0.02006   0.00000   0.00000   0.01942   0.00000   0.00162   0.00000   0.00000   0.00000   0.02928   0.00000   0.00782   0.00000   0.00000   0.00000   0.02379   0.00000   0.00000   0.02990   0.00000   0.02567   0.05194   0.00419   0.04403   0.05028   1.97960   1.13250  -0.00898   0.07706  
 17 512.6205    181.952591  x:  0.00000   0.00000   0.00757   0.00000   0.01683   0.01581   0.00000   0.00000   0.01508   0.00000   0.00000   0.00000   0.00000   0.00000   0.02928   0.00000   0.00533   0.00000   0.00000   0.00000   0.01887   0.00000   0.00000   0.02976   0.00000   0.01947   0.05117   0.00131   0.03615   0.05139   1.97876   1.12463  -0.00171   0.06717  
 18 54.8490    180.625364  x:  0.00000   0.00000   0.00238   0.00000   0.01240   0.01115   0.00000   0.00000   0.01062   0.00000   0.00000   0.00000   0.00000   0.00000   0.02926   0.00000   0.00000   0.00000   0.00000   0.00000   0.01464   0.00000   0.00000   0.02943   0.00000   0.01620   0.04916   0.00151   0.03068   0.05392   1.97605   1.09866   0.02285   0.04429  
 19 42.0551    180.242708  x:  0.00000   0.00000   0.00000   0.00000   0.01074   0.00932   0.00000   0.00000   0.00891   0.00000   0.00000   0.00000   0.00000   0.00000   0.02927   0.00000   0.00000   0.00000   0.00000   0.00000   0.01318   0.00000   0.00000   0.02939   0.00000   0.01541   0.04892   0.00169   0.02922   0.05426   1.97592   1.09485   0.02647   0.04157  
 20 39.1466    178.263469  x:  0.00000   0.00000   0.00000   0.00000   0.00324   0.00222   0.00000   0.00000   0.00259   0.00000   0.00000   0.00000   0.00000   0.00000   0.02950   0.00000   0.00000   0.00000   0.00000   0.00000   0.00602   0.00000   0.00000   0.02888   0.00000   0.00677   0.04560   0.01009   0.00000   0.05949   1.97783   1.02539   0.09332   0.00734  
 21 50.3314    177.655682  x:  0.00000   0.00000   0.00000   0.00000   0.00039   0.00000   0.00000   0.00000   0.00036   0.00000   0.00000   0.00000   0.00000   0.00000   0.02953   0.00000   0.00000   0.00000   0.00000   0.00000   0.00282   0.00000   0.00000   0.02881   0.00000   0.00113   0.04518   0.00788   0.00000   0.06011   1.97900   1.01283   0.10564   0.00528  
 22 36.1991    177.655682  x:  0.00000   0.00000   0.00000   0.00000   0.00039   0.00000   0.00000   0.00000   0.00036   0.00000   0.00000   0.00000   0.00000   0.00000   0.02953   0.00000   0.00000   0.00000   0.00000   0.00000   0.00282   0.00000   0.00000   0.02881   0.00000   0.00113   0.04518   0.00788   0.00000   0.06011   1.97900   1.01283   0.10564   0.00528  
 23 15.1038    177.589233  x:  0.00000   0.00000   0.00000   0.00000   0.00003   0.00000   0.00000   0.00000   0.00000   0.00000   0.00000   0.00000   0.00000   0.00000   0.02953   0.00000   0.00000   0.00000   0.00000   0.00000   0.00246   0.00000   0.00000   0.02882   0.00000   0.00077   0.04529   0.00752   0.00000   0.05994   1.97901   1.01284   0.10563   0.00521  
 24 79.9311    177.584674  x:  0.00000   0.00000   0.00000   0.00000   0.00000   0.00000   0.00000   0.00000   0.00000   0.00000   0.00000   0.00000   0.00000   0.00000   0.02953   0.00000   0.00000   0.00000   0.00000   0.00000   0.00243   0.00000   0.00000   0.02882   0.00000   0.00075   0.04532   0.00749   0.00000   0.05992   1.97901   1.01284   0.10563   0.00520  
 25 1168.7281    177.487443  x:  0.00000   0.00000   0.00000   0.00000   0.00000   0.00000   0.00000   0.00000   0.00000   0.00000   0.00000   0.00000   0.00000   0.00000   0.02953   0.00000   0.00000   0.00000   0.00000   0.00000   0.00169   0.00000   0.00000   0.02867   0.00000   0.00000   0.04541   0.00675   0.00000   0.05913   1.97903   1.01289   0.10557   0.00423  
 26 46.9540    177.340275  x:  0.00000   0.00000   0.00000   0.00000   0.00000   0.00000   0.00000   0.00000   0.00000   0.00000   0.00000   0.00000   0.00000   0.00000   0.02945   0.00000   0.00000   0.00000   0.00000   0.00000   0.00000   0.00000   0.00000   0.02903   0.00000   0.00000   0.04549   0.00507   0.00000   0.05812   1.97905   1.01301   0.10545   0.00228  
 27 523.1421    177.232519  x:  0.00000   0.00000   0.00000   0.00000   0.00000   0.00000   0.00000   0.00000   0.00000   0.00000   0.00000   0.00000   0.00000   0.00000   0.02951   0.00000   0.00000   0.00000   0.00000   0.00000   0.00000   0.00000   0.00000   0.02892   0.00000   0.00000   0.04581   0.00278   0.00000   0.05751   1.97909   1.01317   0.10530   0.00000  
 28 451.7795    177.124482  x:  0.00000   0.00000   0.00000   0.00000   0.00000   0.00000   0.00000   0.00000   0.00000   0.00000   0.00000   0.00000   0.00000   0.00000   0.02952   0.00000   0.00000   0.00000   0.00000   0.00000   0.00000   0.00000   0.00000   0.02894   0.00000   0.00000   0.04599   0.00000   0.00000   0.05693   1.97912   1.01343   0.10503   0.00000  
 29 147.7091    177.109293  x:  0.00000   0.00000   0.00000   0.00000   0.00000   0.00000   0.00000   0.00000   0.00000   0.00000   0.00000   0.00000   0.00000   0.00000   0.02501   0.00000   0.00000   0.00000   0.00000   0.00000   0.00000   0.00000   0.00000   0.02833   0.00000   0.00000   0.04720   0.00000   0.00000   0.05613   1.98030   1.01461   0.10386   0.00000  
 30  5.2691    176.721731  x:  0.00000   0.00000   0.00000   0.00000   0.00000   0.00000   0.00000   0.00000   0.00000   0.00000   0.00000   0.00000   0.00000   0.00000   0.02476   0.00000   0.00000   0.00000   0.00000   0.00000   0.00000   0.00000   0.00000   0.02351   0.00000   0.00000   0.03904   0.00000   0.00000   0.02719   2.09328   1.09492   0.02355   0.00000  
 31  2.1772    175.694590  x:  0.00000   0.00000   0.00000   0.00000   0.00000   0.00000   0.00000   0.00000   0.00000   0.00000   0.00000   0.00000   0.00000   0.00000   0.03018   0.00000   0.00000   0.00000   0.00000   0.00000   0.00000   0.00000   0.00000   0.02590   0.00000   0.00000   0.06266   0.00000   0.00000   0.02833   2.95036   1.73596  -0.61749   0.00000  
 32  2.4207    175.514247  x:  0.00000   0.00000   0.00000   0.00000   0.00000   0.00000   0.00000   0.00000   0.00000   0.00000   0.00000   0.00000   0.00000   0.00000   0.02726   0.00000   0.00000   0.00000   0.00000   0.00000   0.00000   0.00000   0.00000   0.03893   0.00000   0.00000   0.06294   0.00000   0.00000   0.02204   3.64900   1.54062  -0.42216   0.00000  
 33  0.4935    175.286704  x:  0.00000   0.00000   0.00000   0.00000   0.00000   0.00000   0.00000   0.00000   0.00000   0.00000   0.00000   0.00000   0.00000   0.00000   0.02589   0.00000   0.00000   0.00000   0.00000   0.00000   0.00000   0.00000   0.00000   0.03722   0.00000   0.00000   0.05983   0.00000   0.00000   0.03961   4.93963   1.36452  -0.24606   0.00000  
 34  0.9098    175.004418  x:  0.00000   0.00000   0.00000   0.00000   0.00000   0.00000   0.00000   0.00000   0.00000   0.00000   0.00000   0.00000   0.00000   0.00000   0.02882   0.00000   0.00000   0.00000   0.00000   0.00000   0.00000   0.00000   0.00000   0.02087   0.00000   0.00000   0.05824   0.00000   0.00000   0.03138   6.52382   1.41094  -0.29248   0.00000  
 35  0.9906    174.810051  x:  0.00000   0.00000   0.00000   0.00000   0.00000   0.00000   0.00000   0.00000   0.00000   0.00000   0.00000   0.00000   0.00000   0.00000   0.02886   0.00000   0.00000   0.00000   0.00000   0.00000   0.00000   0.00000   0.00000   0.03207   0.00000   0.00000   0.05379   0.00000   0.00000   0.02279   8.85626   1.47327  -0.35481   0.00000  
 36  1.2618    174.620708  x:  0.00000   0.00000   0.00000   0.00000   0.00000   0.00000   0.00000   0.00000   0.00000   0.00000   0.00000   0.00000   0.00000   0.00000   0.02620   0.00000   0.00000   0.00000   0.00000   0.00000   0.00000   0.00000   0.00000   0.02896   0.00000   0.00000   0.05664   0.00000   0.00000   0.03563  14.24262   1.29654  -0.17809   0.00000  
 37  1.5431    174.498426  x:  0.00000   0.00000   0.00000   0.00000   0.00000   0.00000   0.00000   0.00000   0.00000   0.00000   0.00000   0.00000   0.00000   0.00000   0.02886   0.00000   0.00000   0.00000   0.00000   0.00000   0.00000   0.00000   0.00000   0.02387   0.00000   0.00000   0.05829   0.00000   0.00000   0.02521  19.60498   1.36212  -0.24368   0.00000  
 38  2.1993    174.416723  x:  0.00000   0.00000   0.00000   0.00000   0.00000   0.00000   0.00000   0.00000   0.00000   0.00000   0.00000   0.00000   0.00000   0.00000   0.02804   0.00000   0.00000   0.00000   0.00000   0.00000   0.00000   0.00000   0.00000   0.03295   0.00000   0.00000   0.05639   0.00000   0.00000   0.02895  28.51265   1.37865  -0.26024   0.00000  
 39  2.8800    174.348615  x:  0.00000   0.00000   0.00000   0.00000   0.00000   0.00000   0.00000   0.00000   0.00000   0.00000   0.00000   0.00000   0.00000   0.00000   0.02700   0.00000   0.00000   0.00000   0.00000   0.00000   0.00000   0.00000   0.00000   0.02650   0.00000   0.00000   0.05838   0.00000   0.00000   0.02592  43.01499   1.26046  -0.14208   0.00000  
 40  4.4801    174.305856  x:  0.00000   0.00000   0.00000   0.00000   0.00000   0.00000   0.00000   0.00000   0.00000   0.00000   0.00000   0.00000   0.00000   0.00000   0.02877   0.00000   0.00000   0.00000   0.00000   0.00000   0.00000   0.00000   0.00000   0.02806   0.00000   0.00000   0.05591   0.00000   0.00000   0.03002  62.23166   1.36602  -0.24769   0.00000  
 41  6.0043    174.274060  x:  0.00000   0.00000   0.00000   0.00000   0.00000   0.00000   0.00000   0.00000   0.00000   0.00000   0.00000   0.00000   0.00000   0.00000   0.02735   0.00000   0.00000   0.00000   0.00000   0.00000   0.00000   0.00000   0.00000   0.02727   0.00000   0.00000   0.05822   0.00000   0.00000   0.02597  94.53184   1.27911  -0.16087   0.00000  
 42  9.5141    174.254087  x:  0.00000   0.00000   0.00000   0.00000   0.00000   0.00000   0.00000   0.00000   0.00000   0.00000   0.00000   0.00000   0.00000   0.00000   0.02818   0.00000   0.00000   0.00000   0.00000   0.00000   0.00000   0.00000   0.00000   0.02858   0.00000   0.00000   0.05673   0.00000   0.00000   0.02979  139.57717   1.32480  -0.20669   0.00000  
 43 13.8344    174.239705  x:  0.00000   0.00000   0.00000   0.00000   0.00000   0.00000   0.00000   0.00000   0.00000   0.00000   0.00000   0.00000   0.00000   0.00000   0.02770   0.00000   0.00000   0.00000   0.00000   0.00000   0.00000   0.00000   0.00000   0.02736   0.00000   0.00000   0.05759   0.00000   0.00000   0.02632  208.47203   1.29379  -0.17588   0.00000  
 44 21.2029    174.230562  x:  0.00000   0.00000   0.00000   0.00000   0.00000   0.00000   0.00000   0.00000   0.00000   0.00000   0.00000   0.00000   0.00000   0.00000   0.02798   0.00000   0.00000   0.00000   0.00000   0.00000   0.00000   0.00000   0.00000   0.02821   0.00000   0.00000   0.05696   0.00000   0.00000   0.02928  310.97508   1.30735  -0.18974   0.00000  
 45 30.5676    174.224076  x:  0.00000   0.00000   0.00000   0.00000   0.00000   0.00000   0.00000   0.00000   0.00000   0.00000   0.00000   0.00000   0.00000   0.00000   0.02783   0.00000   0.00000   0.00000   0.00000   0.00000   0.00000   0.00000   0.00000   0.02770   0.00000   0.00000   0.05747   0.00000   0.00000   0.02669  462.45435   1.29862  -0.18146   0.00000  
 46 47.1802    174.219956  x:  0.00000   0.00000   0.00000   0.00000   0.00000   0.00000   0.00000   0.00000   0.00000   0.00000   0.00000   0.00000   0.00000   0.00000   0.02787   0.00000   0.00000   0.00000   0.00000   0.00000   0.00000   0.00000   0.00000   0.02789   0.00000   0.00000   0.05716   0.00000   0.00000   0.02882  686.46449   1.29961  -0.18311   0.00000  
 47 67.4834    174.217031  x:  0.00000   0.00000   0.00000   0.00000   0.00000   0.00000   0.00000   0.00000   0.00000   0.00000   0.00000   0.00000   0.00000   0.00000   0.02790   0.00000   0.00000   0.00000   0.00000   0.00000   0.00000   0.00000   0.00000   0.02793   0.00000   0.00000   0.05732   0.00000   0.00000   0.02716  999.00000   1.30007  -0.18449   0.00000  
 48 103.9618    174.216768  x:  0.00000   0.00000   0.00000   0.00000   0.00000   0.00000   0.00000   0.00000   0.00000   0.00000   0.00000   0.00000   0.00000   0.00000   0.02787   0.00000   0.00000   0.00000   0.00000   0.00000   0.00000   0.00000   0.00000   0.02786   0.00000   0.00000   0.05727   0.00000   0.00000   0.02780  999.00000   1.29950  -0.18356   0.00000  
 49  0.0013    174.216768  x:  0.00000   0.00000   0.00000   0.00000   0.00000   0.00000   0.00000   0.00000   0.00000   0.00000   0.00000   0.00000   0.00000   0.00000   0.02787   0.00000   0.00000   0.00000   0.00000   0.00000   0.00000   0.00000   0.00000   0.02786   0.00000   0.00000   0.05727   0.00000   0.00000   0.02780  999.00000   1.29926  -0.18333   0.00000  