Supplemental results for CODEML (seqf: /Users/YY/Desktop/get/branch_site/modify/modify_trim_muscle_atpA.fa  treef: /Users/YY/Desktop/get/branch_site/16gene_topu.tree)


dN/dS (w) for site classes (K=4)

site class             0        1       2a       2b
proportion       0.85363  0.04068  0.10088  0.00481
background w     0.05919  1.00000  0.05919  1.00000
foreground w     0.05919  1.00000  1.00000  1.00000

Naive Empirical Bayes (NEB) probabilities for 4 classes
(amino acids refer to 1st sequence: NC_015821)

   1 M   0.87316 0.02116 0.10319 0.00250 ( 1)
   2 V   0.87504 0.01927 0.10341 0.00228 ( 1)
   3 T   0.86679 0.02753 0.10243 0.00325 ( 1)
   4 I   0.87670 0.01762 0.10360 0.00208 ( 1)
   5 R   0.86499 0.02932 0.10222 0.00347 ( 1)
   6 A   0.86117 0.03314 0.10177 0.00392 ( 1)
   7 D   0.86567 0.02865 0.10230 0.00339 ( 1)
   8 E   0.87579 0.01853 0.10350 0.00219 ( 1)
   9 I   0.87662 0.01770 0.10359 0.00209 ( 1)
  10 S   0.87397 0.02034 0.10328 0.00240 ( 1)
  11 K   0.60592 0.28839 0.07161 0.03408 ( 1)
  12 I   0.87670 0.01762 0.10360 0.00208 ( 1)
  13 I   0.86216 0.03215 0.10189 0.00380 ( 1)
  14 R   0.86930 0.02501 0.10273 0.00296 ( 1)
  15 E   0.61196 0.28235 0.07232 0.03337 ( 1)
  16 R   0.86783 0.02649 0.10256 0.00313 ( 1)
  17 I   0.87670 0.01762 0.10360 0.00208 ( 1)
  18 E   0.86793 0.02638 0.10257 0.00312 ( 1)
  19 E   0.63779 0.25653 0.07537 0.03032 ( 1)
  20 Y   0.87137 0.02294 0.10297 0.00271 ( 1)
  21 S   0.66675 0.22757 0.07879 0.02689 ( 1)
  22 R   0.87128 0.02304 0.10296 0.00272 ( 1)
  23 E   0.87579 0.01853 0.10350 0.00219 ( 1)
  24 V   0.87504 0.01927 0.10341 0.00228 ( 1)
  25 K   0.86681 0.02751 0.10244 0.00325 ( 1)
  26 I   0.65553 0.23878 0.07747 0.02822 ( 1)
  27 V   0.87504 0.01927 0.10341 0.00228 ( 1)
  28 N   0.87701 0.01731 0.10364 0.00205 ( 1)
  29 T   0.86057 0.03374 0.10170 0.00399 ( 1)
  30 G   0.87498 0.01934 0.10340 0.00229 ( 1)
  31 T   0.86057 0.03374 0.10170 0.00399 ( 1)
  32 V   0.87504 0.01927 0.10341 0.00228 ( 1)
  33 L   0.86053 0.03378 0.10169 0.00399 ( 1)
  34 Q   0.86894 0.02537 0.10269 0.00300 ( 1)
  35 V   0.87504 0.01927 0.10341 0.00228 ( 1)
  36 G   0.87140 0.02292 0.10298 0.00271 ( 1)
  37 D   0.86706 0.02725 0.10247 0.00322 ( 1)
  38 G   0.86047 0.03385 0.10169 0.00400 ( 1)
  39 I   0.87670 0.01762 0.10360 0.00208 ( 1)
  40 A   0.87651 0.01781 0.10358 0.00210 ( 1)
  41 R   0.86930 0.02501 0.10273 0.00296 ( 1)
  42 I   0.87670 0.01762 0.10360 0.00208 ( 1)
  43 H   0.87344 0.02088 0.10322 0.00247 ( 1)
  44 G   0.87498 0.01934 0.10340 0.00229 ( 1)
  45 L   0.87259 0.02173 0.10312 0.00257 ( 1)
  46 D   0.87812 0.01620 0.10377 0.00191 ( 1)
  47 E   0.87579 0.01853 0.10350 0.00219 ( 1)
  48 V   0.87504 0.01927 0.10341 0.00228 ( 1)
  49 M   0.87316 0.02116 0.10319 0.00250 ( 1)
  50 A   0.86493 0.02939 0.10221 0.00347 ( 1)
  51 G   0.87384 0.02047 0.10327 0.00242 ( 1)
  52 E   0.87579 0.01853 0.10350 0.00219 ( 1)
  53 L   0.86672 0.02760 0.10243 0.00326 ( 1)
  54 V   0.87504 0.01927 0.10341 0.00228 ( 1)
  55 E   0.87579 0.01853 0.10350 0.00219 ( 1)
  56 F   0.87403 0.02028 0.10329 0.00240 ( 1)
  57 K   0.10147 0.79284 0.01199 0.09370 ( 2)
  58 D   0.59547 0.29884 0.07037 0.03532 ( 1)
  59 G   0.87461 0.01970 0.10336 0.00233 ( 1)
  60 T   0.87369 0.02063 0.10325 0.00244 ( 1)
  61 V   0.87504 0.01927 0.10341 0.00228 ( 1)
  62 G   0.86662 0.02770 0.10241 0.00327 ( 1)
  63 I   0.87670 0.01762 0.10360 0.00208 ( 1)
  64 A   0.87651 0.01781 0.10358 0.00210 ( 1)
  65 L   0.86988 0.02444 0.10280 0.00289 ( 1)
  66 N   0.87701 0.01731 0.10364 0.00205 ( 1)
  67 L   0.86221 0.03211 0.10189 0.00379 ( 1)
  68 E   0.87579 0.01853 0.10350 0.00219 ( 1)
  69 S   0.86790 0.02642 0.10256 0.00312 ( 1)
  70 T   0.87369 0.02063 0.10325 0.00244 ( 1)
  71 N   0.87701 0.01731 0.10364 0.00205 ( 1)
  72 V   0.86240 0.03192 0.10191 0.00377 ( 1)
  73 G   0.87498 0.01934 0.10340 0.00229 ( 1)
  74 V   0.87659 0.01772 0.10359 0.00209 ( 1)
  75 V   0.87504 0.01927 0.10341 0.00228 ( 1)
  76 L   0.86672 0.02760 0.10243 0.00326 ( 1)
  77 M   0.87316 0.02116 0.10319 0.00250 ( 1)
  78 G   0.87498 0.01934 0.10340 0.00229 ( 1)
  79 D   0.87812 0.01620 0.10377 0.00191 ( 1)
  80 G   0.87384 0.02047 0.10327 0.00242 ( 1)
  81 L   0.86177 0.03254 0.10184 0.00385 ( 1)
  82 L   0.86070 0.03361 0.10171 0.00397 ( 1)
  83 I   0.87630 0.01801 0.10356 0.00213 ( 1)
  84 Q   0.86894 0.02537 0.10269 0.00300 ( 1)
  85 E   0.87579 0.01853 0.10350 0.00219 ( 1)
  86 G   0.87290 0.02142 0.10316 0.00253 ( 1)
  87 S   0.87397 0.02034 0.10328 0.00240 ( 1)
  88 S   0.87126 0.02305 0.10296 0.00272 ( 1)
  89 V   0.87504 0.01927 0.10341 0.00228 ( 1)
  90 K   0.87459 0.01973 0.10335 0.00233 ( 1)
  91 A   0.87495 0.01936 0.10340 0.00229 ( 1)
  92 T   0.87369 0.02063 0.10325 0.00244 ( 1)
  93 G   0.87290 0.02142 0.10316 0.00253 ( 1)
  94 R   0.61926 0.27505 0.07318 0.03250 ( 1)
  95 I   0.87670 0.01762 0.10360 0.00208 ( 1)
  96 A   0.87535 0.01896 0.10345 0.00224 ( 1)
  97 Q   0.86275 0.03156 0.10196 0.00373 ( 1)
  98 I   0.87630 0.01801 0.10356 0.00213 ( 1)
  99 P   0.85934 0.03498 0.10155 0.00413 ( 1)
 100 V   0.86500 0.02931 0.10222 0.00346 ( 1)
 101 S   0.87397 0.02034 0.10328 0.00240 ( 1)
 102 E   0.86793 0.02638 0.10257 0.00312 ( 1)
 103 A   0.86132 0.03300 0.10179 0.00390 ( 1)
 104 Y   0.61713 0.27719 0.07293 0.03276 ( 1)
 105 L   0.86177 0.03254 0.10184 0.00385 ( 1)
 106 G   0.87498 0.01934 0.10340 0.00229 ( 1)
 107 R   0.86930 0.02501 0.10273 0.00296 ( 1)
 108 V   0.87659 0.01772 0.10359 0.00209 ( 1)
 109 V   0.87504 0.01927 0.10341 0.00228 ( 1)
 110 N   0.87701 0.01731 0.10364 0.00205 ( 1)
 111 A   0.86117 0.03314 0.10177 0.00392 ( 1)
 112 L   0.86133 0.03298 0.10179 0.00390 ( 1)
 113 A   0.87651 0.01781 0.10358 0.00210 ( 1)
 114 K   0.87459 0.01973 0.10335 0.00233 ( 1)
 115 P   0.87173 0.02258 0.10302 0.00267 ( 1)
 116 I   0.87536 0.01895 0.10345 0.00224 ( 1)
 117 D   0.87799 0.01633 0.10376 0.00193 ( 1)
 118 G   0.87498 0.01934 0.10340 0.00229 ( 1)
 119 R   0.86633 0.02799 0.10238 0.00331 ( 1)
 120 G   0.87384 0.02047 0.10327 0.00242 ( 1)
 121 E   0.87579 0.01853 0.10350 0.00219 ( 1)
 122 I   0.87670 0.01762 0.10360 0.00208 ( 1)
 123 S   0.58908 0.30524 0.06961 0.03607 ( 1)
 124 A   0.87651 0.01781 0.10358 0.00210 ( 1)
 125 S   0.87126 0.02305 0.10296 0.00272 ( 1)
 126 E   0.87579 0.01853 0.10350 0.00219 ( 1)
 127 Y   0.87137 0.02294 0.10297 0.00271 ( 1)
 128 R   0.86009 0.03422 0.10164 0.00404 ( 1)
 129 L   0.86672 0.02760 0.10243 0.00326 ( 1)
 130 I   0.87670 0.01762 0.10360 0.00208 ( 1)
 131 E   0.87579 0.01853 0.10350 0.00219 ( 1)
 132 S   0.87126 0.02305 0.10296 0.00272 ( 1)
 133 P   0.62107 0.27324 0.07340 0.03229 ( 1)
 134 A   0.87651 0.01781 0.10358 0.00210 ( 1)
 135 P   0.86223 0.03208 0.10189 0.00379 ( 1)
 136 G   0.87498 0.01934 0.10340 0.00229 ( 1)
 137 I   0.87670 0.01762 0.10360 0.00208 ( 1)
 138 I   0.87670 0.01762 0.10360 0.00208 ( 1)
 139 S   0.86790 0.02642 0.10256 0.00312 ( 1)
 140 R   0.86499 0.02932 0.10222 0.00347 ( 1)
 141 R   0.86930 0.02501 0.10273 0.00296 ( 1)
 142 S   0.86082 0.03349 0.10173 0.00396 ( 1)
 143 V   0.87504 0.01927 0.10341 0.00228 ( 1)
 144 Y   0.86325 0.03106 0.10202 0.00367 ( 1)
 145 E   0.86793 0.02638 0.10257 0.00312 ( 1)
 146 P   0.87173 0.02258 0.10302 0.00267 ( 1)
 147 L   0.87259 0.02173 0.10312 0.00257 ( 1)
 148 Q   0.86894 0.02537 0.10269 0.00300 ( 1)
 149 T   0.86409 0.03022 0.10211 0.00357 ( 1)
 150 G   0.86394 0.03038 0.10210 0.00359 ( 1)
 151 L   0.87259 0.02173 0.10312 0.00257 ( 1)
 152 I   0.87670 0.01762 0.10360 0.00208 ( 1)
 153 A   0.87651 0.01781 0.10358 0.00210 ( 1)
 154 I   0.87670 0.01762 0.10360 0.00208 ( 1)
 155 D   0.87812 0.01620 0.10377 0.00191 ( 1)
 156 S   0.86091 0.03340 0.10174 0.00395 ( 1)
 157 M   0.87316 0.02116 0.10319 0.00250 ( 1)
 158 I   0.87630 0.01801 0.10356 0.00213 ( 1)
 159 P   0.87173 0.02258 0.10302 0.00267 ( 1)
 160 I   0.87630 0.01801 0.10356 0.00213 ( 1)
 161 G   0.86693 0.02738 0.10245 0.00324 ( 1)
 162 R   0.86930 0.02501 0.10273 0.00296 ( 1)
 163 G   0.87484 0.01947 0.10338 0.00230 ( 1)
 164 Q   0.86275 0.03156 0.10196 0.00373 ( 1)
 165 R   0.86499 0.02932 0.10222 0.00347 ( 1)
 166 E   0.87579 0.01853 0.10350 0.00219 ( 1)
 167 L   0.86672 0.02760 0.10243 0.00326 ( 1)
 168 I   0.87670 0.01762 0.10360 0.00208 ( 1)
 169 I   0.87670 0.01762 0.10360 0.00208 ( 1)
 170 G   0.86394 0.03038 0.10210 0.00359 ( 1)
 171 D   0.86632 0.02800 0.10238 0.00331 ( 1)
 172 R   0.87128 0.02304 0.10296 0.00272 ( 1)
 173 Q   0.86894 0.02537 0.10269 0.00300 ( 1)
 174 T   0.86163 0.03268 0.10182 0.00386 ( 1)
 175 G   0.87498 0.01934 0.10340 0.00229 ( 1)
 176 K   0.87459 0.01973 0.10335 0.00233 ( 1)
 177 T   0.87369 0.02063 0.10325 0.00244 ( 1)
 178 A   0.87495 0.01936 0.10340 0.00229 ( 1)
 179 V   0.87504 0.01927 0.10341 0.00228 ( 1)
 180 A   0.87495 0.01936 0.10340 0.00229 ( 1)
 181 T   0.87369 0.02063 0.10325 0.00244 ( 1)
 182 D   0.87812 0.01620 0.10377 0.00191 ( 1)
 183 T   0.86409 0.03022 0.10211 0.00357 ( 1)
 184 I   0.87670 0.01762 0.10360 0.00208 ( 1)
 185 L   0.86022 0.03409 0.10166 0.00403 ( 1)
 186 N   0.86416 0.03015 0.10212 0.00356 ( 1)
 187 Q   0.86894 0.02537 0.10269 0.00300 ( 1)
 188 Q   0.86894 0.02537 0.10269 0.00300 ( 1)
 189 G   0.86047 0.03385 0.10169 0.00400 ( 1)
 190 Q   0.86894 0.02537 0.10269 0.00300 ( 1)
 191 N   0.87656 0.01775 0.10359 0.00210 ( 1)
 192 V   0.87504 0.01927 0.10341 0.00228 ( 1)
 193 I   0.87630 0.01801 0.10356 0.00213 ( 1)
 194 C   0.86878 0.02553 0.10267 0.00302 ( 1)
 195 V   0.87659 0.01772 0.10359 0.00209 ( 1)
 196 Y   0.87137 0.02294 0.10297 0.00271 ( 1)
 197 V   0.87504 0.01927 0.10341 0.00228 ( 1)
 198 A   0.87651 0.01781 0.10358 0.00210 ( 1)
 199 I   0.87670 0.01762 0.10360 0.00208 ( 1)
 200 G   0.87498 0.01934 0.10340 0.00229 ( 1)
 201 Q   0.86894 0.02537 0.10269 0.00300 ( 1)
 202 K   0.87459 0.01973 0.10335 0.00233 ( 1)
 203 A   0.87495 0.01936 0.10340 0.00229 ( 1)
 204 S   0.87126 0.02305 0.10296 0.00272 ( 1)
 205 S   0.87126 0.02305 0.10296 0.00272 ( 1)
 206 V   0.86500 0.02931 0.10222 0.00346 ( 1)
 207 A   0.87627 0.01804 0.10355 0.00213 ( 1)
 208 Q   0.86280 0.03151 0.10196 0.00372 ( 1)
 209 V   0.87504 0.01927 0.10341 0.00228 ( 1)
 210 V   0.86500 0.02931 0.10222 0.00346 ( 1)
 211 T   0.87521 0.01910 0.10343 0.00226 ( 1)
 212 N   0.66224 0.23208 0.07826 0.02743 ( 1)
 213 L   0.54914 0.34517 0.06490 0.04079 ( 1)
 214 Q   0.86275 0.03156 0.10196 0.00373 ( 1)
 215 E   0.87579 0.01853 0.10350 0.00219 ( 1)
 216 R   0.56320 0.33111 0.06656 0.03913 ( 1)
 217 G   0.87290 0.02142 0.10316 0.00253 ( 1)
 218 A   0.86493 0.02939 0.10221 0.00347 ( 1)
 219 M   0.87316 0.02116 0.10319 0.00250 ( 1)
 220 E   0.87579 0.01853 0.10350 0.00219 ( 1)
 221 Y   0.85901 0.03531 0.10151 0.00417 ( 1)
 222 T   0.87521 0.01910 0.10343 0.00226 ( 1)
 223 I   0.87670 0.01762 0.10360 0.00208 ( 1)
 224 V   0.86500 0.02931 0.10222 0.00346 ( 1)
 225 V   0.87504 0.01927 0.10341 0.00228 ( 1)
 226 A   0.87651 0.01781 0.10358 0.00210 ( 1)
 227 E   0.87579 0.01853 0.10350 0.00219 ( 1)
 228 T   0.86409 0.03022 0.10211 0.00357 ( 1)
 229 A   0.86493 0.02939 0.10221 0.00347 ( 1)
 230 D   0.87812 0.01620 0.10377 0.00191 ( 1)
 231 S   0.87126 0.02305 0.10296 0.00272 ( 1)
 232 P   0.87173 0.02258 0.10302 0.00267 ( 1)
 233 A   0.87651 0.01781 0.10358 0.00210 ( 1)
 234 T   0.87369 0.02063 0.10325 0.00244 ( 1)
 235 L   0.86672 0.02760 0.10243 0.00326 ( 1)
 236 Q   0.86894 0.02537 0.10269 0.00300 ( 1)
 237 Y   0.87137 0.02294 0.10297 0.00271 ( 1)
 238 L   0.85948 0.03483 0.10157 0.00412 ( 1)
 239 A   0.87651 0.01781 0.10358 0.00210 ( 1)
 240 P   0.87156 0.02275 0.10300 0.00269 ( 1)
 241 Y   0.87137 0.02294 0.10297 0.00271 ( 1)
 242 T   0.87369 0.02063 0.10325 0.00244 ( 1)
 243 G   0.86116 0.03315 0.10177 0.00392 ( 1)
 244 A   0.87535 0.01896 0.10345 0.00224 ( 1)
 245 A   0.87651 0.01781 0.10358 0.00210 ( 1)
 246 L   0.86053 0.03378 0.10169 0.00399 ( 1)
 247 A   0.86493 0.02939 0.10221 0.00347 ( 1)
 248 E   0.87579 0.01853 0.10350 0.00219 ( 1)
 249 F   0.63720 0.25711 0.07530 0.03038 ( 1)
 250 F   0.87403 0.02028 0.10329 0.00240 ( 1)
 251 M   0.87316 0.02116 0.10319 0.00250 ( 1)
 252 Y   0.85948 0.03483 0.10157 0.00412 ( 1)
 253 R   0.85954 0.03478 0.10158 0.00411 ( 1)
 254 K   0.64747 0.24684 0.07652 0.02917 ( 1)
 255 R   0.86499 0.02932 0.10222 0.00347 ( 1)
 256 H   0.86201 0.03230 0.10187 0.00382 ( 1)
 257 T   0.87521 0.01910 0.10343 0.00226 ( 1)
 258 L   0.58171 0.31261 0.06874 0.03694 ( 1)
 259 I   0.87630 0.01801 0.10356 0.00213 ( 1)
 260 I   0.87670 0.01762 0.10360 0.00208 ( 1)
 261 Y   0.87137 0.02294 0.10297 0.00271 ( 1)
 262 D   0.87812 0.01620 0.10377 0.00191 ( 1)
 263 D   0.87812 0.01620 0.10377 0.00191 ( 1)
 264 P   0.85914 0.03517 0.10153 0.00416 ( 1)
 265 S   0.86242 0.03189 0.10192 0.00377 ( 1)
 266 K   0.87459 0.01973 0.10335 0.00233 ( 1)
 267 Q   0.86275 0.03156 0.10196 0.00373 ( 1)
 268 A   0.87495 0.01936 0.10340 0.00229 ( 1)
 269 Q   0.86894 0.02537 0.10269 0.00300 ( 1)
 270 A   0.87651 0.01781 0.10358 0.00210 ( 1)
 271 Y   0.87137 0.02294 0.10297 0.00271 ( 1)
 272 R   0.86499 0.02932 0.10222 0.00347 ( 1)
 273 Q   0.86894 0.02537 0.10269 0.00300 ( 1)
 274 M   0.87316 0.02116 0.10319 0.00250 ( 1)
 275 S   0.87126 0.02305 0.10296 0.00272 ( 1)
 276 L   0.87259 0.02173 0.10312 0.00257 ( 1)
 277 L   0.86771 0.02660 0.10254 0.00314 ( 1)
 278 L   0.86672 0.02760 0.10243 0.00326 ( 1)
 279 R   0.86499 0.02932 0.10222 0.00347 ( 1)
 280 R   0.87128 0.02304 0.10296 0.00272 ( 1)
 281 P   0.86223 0.03208 0.10189 0.00379 ( 1)
 282 P   0.86836 0.02595 0.10262 0.00307 ( 1)
 283 G   0.87498 0.01934 0.10340 0.00229 ( 1)
 284 R   0.85824 0.03607 0.10142 0.00426 ( 1)
 285 E   0.87579 0.01853 0.10350 0.00219 ( 1)
 286 A   0.87651 0.01781 0.10358 0.00210 ( 1)
 287 Y   0.87137 0.02294 0.10297 0.00271 ( 1)
 288 P   0.86613 0.02819 0.10236 0.00333 ( 1)
 289 G   0.86394 0.03038 0.10210 0.00359 ( 1)
 290 D   0.87812 0.01620 0.10377 0.00191 ( 1)
 291 V   0.87659 0.01772 0.10359 0.00209 ( 1)
 292 F   0.87403 0.02028 0.10329 0.00240 ( 1)
 293 Y   0.87137 0.02294 0.10297 0.00271 ( 1)
 294 L   0.86273 0.03159 0.10195 0.00373 ( 1)
 295 H   0.87344 0.02088 0.10322 0.00247 ( 1)
 296 S   0.86790 0.02642 0.10256 0.00312 ( 1)
 297 R   0.85899 0.03533 0.10151 0.00417 ( 1)
 298 L   0.87259 0.02173 0.10312 0.00257 ( 1)
 299 L   0.86177 0.03254 0.10184 0.00385 ( 1)
 300 E   0.87579 0.01853 0.10350 0.00219 ( 1)
 301 R   0.87128 0.02304 0.10296 0.00272 ( 1)
 302 A   0.87651 0.01781 0.10358 0.00210 ( 1)
 303 A   0.87651 0.01781 0.10358 0.00210 ( 1)
 304 K   0.87459 0.01973 0.10335 0.00233 ( 1)
 305 L   0.86660 0.02771 0.10241 0.00327 ( 1)
 306 G   0.87498 0.01934 0.10340 0.00229 ( 1)
 307 S   0.87126 0.02305 0.10296 0.00272 ( 1)
 308 L   0.87259 0.02173 0.10312 0.00257 ( 1)
 309 L   0.86672 0.02760 0.10243 0.00326 ( 1)
 310 G   0.87498 0.01934 0.10340 0.00229 ( 1)
 311 E   0.87579 0.01853 0.10350 0.00219 ( 1)
 312 G   0.87280 0.02151 0.10314 0.00254 ( 1)
 313 S   0.87397 0.02034 0.10328 0.00240 ( 1)
 314 M   0.87316 0.02116 0.10319 0.00250 ( 1)
 315 T   0.87521 0.01910 0.10343 0.00226 ( 1)
 316 A   0.87651 0.01781 0.10358 0.00210 ( 1)
 317 L   0.86177 0.03254 0.10184 0.00385 ( 1)
 318 P   0.87034 0.02397 0.10285 0.00283 ( 1)
 319 I   0.87630 0.01801 0.10356 0.00213 ( 1)
 320 V   0.87659 0.01772 0.10359 0.00209 ( 1)
 321 E   0.87579 0.01853 0.10350 0.00219 ( 1)
 322 T   0.87521 0.01910 0.10343 0.00226 ( 1)
 323 Q   0.86894 0.02537 0.10269 0.00300 ( 1)
 324 S   0.86115 0.03316 0.10177 0.00392 ( 1)
 325 G   0.87244 0.02187 0.10310 0.00258 ( 1)
 326 D   0.87812 0.01620 0.10377 0.00191 ( 1)
 327 V   0.87545 0.01887 0.10346 0.00223 ( 1)
 328 S   0.86102 0.03329 0.10175 0.00393 ( 1)
 329 A   0.87651 0.01781 0.10358 0.00210 ( 1)
 330 Y   0.87137 0.02294 0.10297 0.00271 ( 1)
 331 I   0.87670 0.01762 0.10360 0.00208 ( 1)
 332 P   0.87173 0.02258 0.10302 0.00267 ( 1)
 333 T   0.87521 0.01910 0.10343 0.00226 ( 1)
 334 N   0.87701 0.01731 0.10364 0.00205 ( 1)
 335 V   0.87504 0.01927 0.10341 0.00228 ( 1)
 336 I   0.87670 0.01762 0.10360 0.00208 ( 1)
 337 S   0.86127 0.03304 0.10178 0.00390 ( 1)
 338 I   0.87670 0.01762 0.10360 0.00208 ( 1)
 339 T   0.87521 0.01910 0.10343 0.00226 ( 1)
 340 D   0.87812 0.01620 0.10377 0.00191 ( 1)
 341 G   0.87290 0.02142 0.10316 0.00253 ( 1)
 342 Q   0.86889 0.02543 0.10268 0.00300 ( 1)
 343 I   0.87630 0.01801 0.10356 0.00213 ( 1)
 344 F   0.86200 0.03231 0.10187 0.00382 ( 1)
 345 L   0.86672 0.02760 0.10243 0.00326 ( 1)
 346 S   0.87126 0.02305 0.10296 0.00272 ( 1)
 347 A   0.86315 0.03117 0.10200 0.00368 ( 1)
 348 D   0.87812 0.01620 0.10377 0.00191 ( 1)
 349 L   0.86771 0.02660 0.10254 0.00314 ( 1)
 350 F   0.86200 0.03231 0.10187 0.00382 ( 1)
 351 N   0.87639 0.01793 0.10357 0.00212 ( 1)
 352 A   0.65777 0.23654 0.07773 0.02795 ( 1)
 353 G   0.86904 0.02528 0.10270 0.00299 ( 1)
 354 I   0.86242 0.03190 0.10192 0.00377 ( 1)
 355 R   0.87057 0.02375 0.10288 0.00281 ( 1)
 356 P   0.87173 0.02258 0.10302 0.00267 ( 1)
 357 A   0.87651 0.01781 0.10358 0.00210 ( 1)
 358 I   0.87670 0.01762 0.10360 0.00208 ( 1)
 359 N   0.87701 0.01731 0.10364 0.00205 ( 1)
 360 V   0.86500 0.02931 0.10222 0.00346 ( 1)
 361 G   0.87498 0.01934 0.10340 0.00229 ( 1)
 362 I   0.86216 0.03215 0.10189 0.00380 ( 1)
 363 S   0.85896 0.03535 0.10151 0.00418 ( 1)
 364 V   0.87659 0.01772 0.10359 0.00209 ( 1)
 365 S   0.86160 0.03272 0.10182 0.00387 ( 1)
 366 R   0.87128 0.02304 0.10296 0.00272 ( 1)
 367 V   0.86500 0.02931 0.10222 0.00346 ( 1)
 368 G   0.87290 0.02142 0.10316 0.00253 ( 1)
 369 S   0.87126 0.02305 0.10296 0.00272 ( 1)
 370 A   0.87495 0.01936 0.10340 0.00229 ( 1)
 371 A   0.87651 0.01781 0.10358 0.00210 ( 1)
 372 Q   0.86894 0.02537 0.10269 0.00300 ( 1)
 373 I   0.87662 0.01770 0.10359 0.00209 ( 1)
 374 K   0.87459 0.01973 0.10335 0.00233 ( 1)
 375 A   0.87651 0.01781 0.10358 0.00210 ( 1)
 376 M   0.87316 0.02116 0.10319 0.00250 ( 1)
 377 K   0.87459 0.01973 0.10335 0.00233 ( 1)
 378 Q   0.86856 0.02575 0.10264 0.00304 ( 1)
 379 V   0.87659 0.01772 0.10359 0.00209 ( 1)
 380 A   0.87651 0.01781 0.10358 0.00210 ( 1)
 381 G   0.86047 0.03385 0.10169 0.00400 ( 1)
 382 K   0.87459 0.01973 0.10335 0.00233 ( 1)
 383 L   0.86672 0.02760 0.10243 0.00326 ( 1)
 384 K   0.87459 0.01973 0.10335 0.00233 ( 1)
 385 L   0.86177 0.03254 0.10184 0.00385 ( 1)
 386 E   0.87579 0.01853 0.10350 0.00219 ( 1)
 387 L   0.86089 0.03343 0.10174 0.00395 ( 1)
 388 A   0.86493 0.02939 0.10221 0.00347 ( 1)
 389 Q   0.86894 0.02537 0.10269 0.00300 ( 1)
 390 F   0.86200 0.03231 0.10187 0.00382 ( 1)
 391 A   0.87495 0.01936 0.10340 0.00229 ( 1)
 392 E   0.87579 0.01853 0.10350 0.00219 ( 1)
 393 L   0.86672 0.02760 0.10243 0.00326 ( 1)
 394 E   0.87579 0.01853 0.10350 0.00219 ( 1)
 395 A   0.86117 0.03314 0.10177 0.00392 ( 1)
 396 F   0.87403 0.02028 0.10329 0.00240 ( 1)
 397 A   0.87495 0.01936 0.10340 0.00229 ( 1)
 398 Q   0.86894 0.02537 0.10269 0.00300 ( 1)
 399 F   0.87403 0.02028 0.10329 0.00240 ( 1)
 400 A   0.66536 0.22895 0.07863 0.02706 ( 1)
 401 S   0.87126 0.02305 0.10296 0.00272 ( 1)
 402 D   0.87812 0.01620 0.10377 0.00191 ( 1)
 403 L   0.86323 0.03109 0.10201 0.00367 ( 1)
 404 D   0.87812 0.01620 0.10377 0.00191 ( 1)
 405 K   0.87459 0.01973 0.10335 0.00233 ( 1)
 406 A   0.66457 0.22974 0.07854 0.02715 ( 1)
 407 T   0.87521 0.01910 0.10343 0.00226 ( 1)
 408 Q   0.86275 0.03156 0.10196 0.00373 ( 1)
 409 N   0.87701 0.01731 0.10364 0.00205 ( 1)
 410 Q   0.86894 0.02537 0.10269 0.00300 ( 1)
 411 L   0.86177 0.03254 0.10184 0.00385 ( 1)
 412 A   0.87495 0.01936 0.10340 0.00229 ( 1)
 413 R   0.87128 0.02304 0.10296 0.00272 ( 1)
 414 G   0.87498 0.01934 0.10340 0.00229 ( 1)
 415 Q   0.86894 0.02537 0.10269 0.00300 ( 1)
 416 R   0.86331 0.03100 0.10202 0.00366 ( 1)
 417 L   0.86672 0.02760 0.10243 0.00326 ( 1)
 418 R   0.86930 0.02501 0.10273 0.00296 ( 1)
 419 E   0.87579 0.01853 0.10350 0.00219 ( 1)
 420 L   0.86177 0.03254 0.10184 0.00385 ( 1)
 421 L   0.87259 0.02173 0.10312 0.00257 ( 1)
 422 K   0.87459 0.01973 0.10335 0.00233 ( 1)
 423 Q   0.86894 0.02537 0.10269 0.00300 ( 1)
 424 S   0.85896 0.03535 0.10151 0.00418 ( 1)
 425 Q   0.86894 0.02537 0.10269 0.00300 ( 1)
 426 S   0.85919 0.03512 0.10154 0.00415 ( 1)
 427 A   0.86163 0.03269 0.10182 0.00386 ( 1)
 428 P   0.87173 0.02258 0.10302 0.00267 ( 1)
 429 L   0.87259 0.02173 0.10312 0.00257 ( 1)
 430 A   0.86493 0.02939 0.10221 0.00347 ( 1)
 431 V   0.87504 0.01927 0.10341 0.00228 ( 1)
 432 E   0.65071 0.24360 0.07690 0.02879 ( 1)
 433 E   0.87579 0.01853 0.10350 0.00219 ( 1)
 434 Q   0.86275 0.03156 0.10196 0.00373 ( 1)
 435 I   0.87630 0.01801 0.10356 0.00213 ( 1)
 436 M   0.87316 0.02116 0.10319 0.00250 ( 1)
 437 T   0.87521 0.01910 0.10343 0.00226 ( 1)
 438 I   0.87670 0.01762 0.10360 0.00208 ( 1)
 439 Y   0.87137 0.02294 0.10297 0.00271 ( 1)
 440 T   0.86166 0.03265 0.10183 0.00386 ( 1)
 441 G   0.87290 0.02142 0.10316 0.00253 ( 1)
 442 T   0.87369 0.02063 0.10325 0.00244 ( 1)
 443 N   0.87701 0.01731 0.10364 0.00205 ( 1)
 444 G   0.87498 0.01934 0.10340 0.00229 ( 1)
 445 Y   0.87137 0.02294 0.10297 0.00271 ( 1)
 446 L   0.87237 0.02194 0.10309 0.00259 ( 1)
 447 D   0.87812 0.01620 0.10377 0.00191 ( 1)
 448 S   0.86790 0.02642 0.10256 0.00312 ( 1)
 449 L   0.86672 0.02760 0.10243 0.00326 ( 1)
 450 E   0.87579 0.01853 0.10350 0.00219 ( 1)
 451 I   0.87657 0.01775 0.10359 0.00210 ( 1)
 452 G   0.87232 0.02200 0.10309 0.00260 ( 1)
 453 Q   0.86275 0.03156 0.10196 0.00373 ( 1)
 454 V   0.87504 0.01927 0.10341 0.00228 ( 1)
 455 R   0.86395 0.03036 0.10210 0.00359 ( 1)
 456 K   0.87459 0.01973 0.10335 0.00233 ( 1)
 457 F   0.87403 0.02028 0.10329 0.00240 ( 1)
 458 L   0.87259 0.02173 0.10312 0.00257 ( 1)
 459 V   0.87659 0.01772 0.10359 0.00209 ( 1)
 460 E   0.86793 0.02638 0.10257 0.00312 ( 1)
 461 L   0.86672 0.02760 0.10243 0.00326 ( 1)
 462 R   0.86921 0.02511 0.10272 0.00297 ( 1)
 463 T   0.87521 0.01910 0.10343 0.00226 ( 1)
 464 Y   0.85901 0.03531 0.10151 0.00417 ( 1)
 465 L   0.86771 0.02660 0.10254 0.00314 ( 1)
 466 K   0.87459 0.01973 0.10335 0.00233 ( 1)
 467 T   0.87369 0.02063 0.10325 0.00244 ( 1)
 468 N   0.87701 0.01731 0.10364 0.00205 ( 1)
 469 K   0.87459 0.01973 0.10335 0.00233 ( 1)
 470 P   0.86219 0.03213 0.10189 0.00380 ( 1)
 471 Q   0.55397 0.34034 0.06547 0.04022 ( 1)
 472 F   0.87403 0.02028 0.10329 0.00240 ( 1)
 473 Q   0.59725 0.29706 0.07058 0.03511 ( 1)
 474 E   0.87579 0.01853 0.10350 0.00219 ( 1)
 475 I   0.87630 0.01801 0.10356 0.00213 ( 1)
 476 I   0.87630 0.01801 0.10356 0.00213 ( 1)
 477 S   0.87126 0.02305 0.10296 0.00272 ( 1)
 478 S   0.87126 0.02305 0.10296 0.00272 ( 1)
 479 T   0.86057 0.03374 0.10170 0.00399 ( 1)
 480 K   0.86698 0.02734 0.10246 0.00323 ( 1)
 481 T   0.63879 0.25552 0.07549 0.03020 ( 1)
 482 F   0.86217 0.03214 0.10189 0.00380 ( 1)
 483 T   0.86166 0.03265 0.10183 0.00386 ( 1)
 484 E   0.86793 0.02638 0.10257 0.00312 ( 1)
 485 E   0.87579 0.01853 0.10350 0.00219 ( 1)
 486 A   0.87495 0.01936 0.10340 0.00229 ( 1)
 487 E   0.87579 0.01853 0.10350 0.00219 ( 1)
 488 A   0.07699 0.81732 0.00910 0.09659 ( 2)
 489 L   0.87259 0.02173 0.10312 0.00257 ( 1)
 490 L   0.86177 0.03254 0.10184 0.00385 ( 1)
 491 K   0.87459 0.01973 0.10335 0.00233 ( 1)
 492 E   0.87579 0.01853 0.10350 0.00219 ( 1)
 493 A   0.87651 0.01781 0.10358 0.00210 ( 1)
 494 I   0.87670 0.01762 0.10360 0.00208 ( 1)
 495 Q   0.55142 0.34290 0.06516 0.04052 ( 1)
 496 E   0.87579 0.01853 0.10350 0.00219 ( 1)
 497 Q   0.86275 0.03156 0.10196 0.00373 ( 1)
 498 M   0.87316 0.02116 0.10319 0.00250 ( 1)
 499 E   0.87579 0.01853 0.10350 0.00219 ( 1)
 500 R   0.86930 0.02501 0.10273 0.00296 ( 1)
 501 F   0.87403 0.02028 0.10329 0.00240 ( 1)
 502 L   0.11356 0.78075 0.01342 0.09227 ( 2)
 503 L   0.62938 0.26493 0.07438 0.03131 ( 1)
 504 Q   0.86275 0.03156 0.10196 0.00373 ( 1)
 505 E   0.87579 0.01853 0.10350 0.00219 ( 1)
 506 Q   0.86894 0.02537 0.10269 0.00300 ( 1)
 507 V   0.64935 0.24496 0.07674 0.02895 ( 1)


lnL = -2805.277810

