

TREE # 1

  0  0.0000   3063.744510  x:  0.00000   0.01820   0.04165   0.01653   0.05105   0.05018   0.02468   0.03065   0.04926   0.01434   0.03886   0.01929   0.01839   0.01151   0.01685   0.04947   0.04301   0.02318   0.04541   0.03017   0.05646   0.03129   0.01104   0.02979   0.00631   0.05264   0.03386   0.04088   0.06245   0.03387   2.00000   1.09989   0.02896   0.27919  
  1 99.0000   3063.729438  x:  0.00000   0.01820   0.04165   0.01653   0.05105   0.05018   0.02468   0.03065   0.04926   0.01434   0.03885   0.01929   0.01838   0.01151   0.01685   0.04947   0.04301   0.02317   0.04541   0.03017   0.05646   0.03128   0.01104   0.02979   0.00631   0.05264   0.03386   0.04088   0.06245   0.03387   2.00000   1.09989   0.02896   0.27919  
  2 1799.8895   2993.299490  x:  0.00000   0.01834   0.03017   0.00918   0.04033   0.03945   0.01278   0.02210   0.03776   0.00275   0.02948   0.01070   0.01005   0.00000   0.01430   0.04167   0.03337   0.01924   0.04181   0.02525   0.04810   0.02511   0.01079   0.02910   0.00936   0.04330   0.02616   0.03904   0.05523   0.03166   2.00014   1.10032   0.02853   0.27752  
  3 12817.7774   2980.503852  x:  0.00000   0.01827   0.02745   0.00850   0.03789   0.03702   0.01002   0.02063   0.03504   0.00000   0.02761   0.00958   0.00909   0.00000   0.01438   0.04019   0.03137   0.01906   0.04136   0.02466   0.04641   0.02430   0.01079   0.02892   0.00904   0.04133   0.02488   0.03874   0.05383   0.03179   2.00018   1.10049   0.02836   0.27832  
  4 17522.8514   2941.542376  x:  0.00000   0.01838   0.01746   0.00688   0.02932   0.02848   0.00000   0.01647   0.02503   0.00000   0.02174   0.00777   0.00755   0.00000   0.01149   0.03548   0.02485   0.01679   0.03937   0.02242   0.04081   0.02158   0.00886   0.02895   0.00870   0.03475   0.02109   0.03691   0.04915   0.03051   2.00030   1.10106   0.02776   0.28174  
  5 31759.9486   2900.608333  x:  0.00000   0.01678   0.00000   0.00354   0.01758   0.01691   0.00000   0.01610   0.00749   0.00000   0.01856   0.00913   0.00611   0.00000   0.01215   0.03099   0.01969   0.00966   0.03318   0.01732   0.03458   0.01671   0.01271   0.02819   0.01260   0.02777   0.01883   0.03114   0.04346   0.03680   2.00049   1.10130   0.02748   0.28301  
  6 4155.3534   2890.796384  x:  0.00000   0.01721   0.00000   0.00528   0.01388   0.01333   0.00000   0.01634   0.00000   0.00000   0.01854   0.00811   0.00496   0.00000   0.01209   0.02983   0.01899   0.01131   0.03109   0.01616   0.03280   0.01535   0.01255   0.02802   0.01322   0.02601   0.01829   0.02922   0.04159   0.03723   2.00056   1.10115   0.02762   0.28120  
  7 2232.4421   2880.031688  x:  0.00000   0.01743   0.00000   0.00043   0.00497   0.00492   0.00000   0.01661   0.00000   0.00000   0.01899   0.00516   0.00721   0.00000   0.01389   0.02750   0.01803   0.01413   0.02927   0.01807   0.02860   0.01589   0.01103   0.02740   0.01169   0.02205   0.01753   0.02761   0.03708   0.03523   2.00078   1.10067   0.02807   0.27611  
  8 1196.1210   2875.755997  x:  0.00000   0.01680   0.00000   0.00110   0.00106   0.00129   0.00000   0.01580   0.00000   0.00000   0.01859   0.00312   0.00890   0.00000   0.01537   0.02603   0.01716   0.01243   0.02933   0.01983   0.02623   0.01677   0.01073   0.02696   0.01065   0.01984   0.01666   0.02795   0.03461   0.03406   2.00091   1.10040   0.02833   0.27270  
  9 2076.1238   2863.479931  x:  0.00000   0.01567   0.00000   0.00171   0.00494   0.00016   0.00000   0.01210   0.00000   0.00000   0.01378   0.00197   0.01308   0.00000   0.02018   0.01751   0.00931   0.01080   0.02715   0.02330   0.01294   0.01766   0.01027   0.02505   0.00735   0.00621   0.01228   0.02643   0.02163   0.03056   2.00155   1.09996   0.02869   0.26577  
 10 825.2642   2861.682864  x:  0.00000   0.01543   0.00000   0.00184   0.00514   0.00074   0.00000   0.01129   0.00000   0.00000   0.01270   0.00170   0.01400   0.00000   0.02123   0.01563   0.00756   0.01046   0.02664   0.02405   0.01001   0.01783   0.01016   0.02464   0.00664   0.00325   0.01131   0.02606   0.01877   0.02981   2.00170   1.09986   0.02876   0.26431  
 11 25299.4344   2858.277416  x:  0.00000   0.01574   0.00000   0.00183   0.00479   0.00088   0.00000   0.00749   0.00000   0.00000   0.00824   0.00473   0.01311   0.00000   0.02263   0.01187   0.00348   0.01028   0.02702   0.02456   0.00608   0.01751   0.01022   0.02420   0.00530   0.00655   0.00871   0.02686   0.01411   0.02887   2.00202   1.09992   0.02867   0.26236  
 12 715.6089   2855.560747  x:  0.00000   0.01658   0.00000   0.00170   0.00461   0.00088   0.00000   0.00373   0.00000   0.00000   0.00297   0.00407   0.01085   0.00000   0.02241   0.00997   0.00463   0.00949   0.02833   0.02383   0.00864   0.01660   0.01028   0.02439   0.00477   0.00646   0.00715   0.02836   0.01256   0.02911   2.00238   1.10038   0.02815   0.26367  
 13 399.0600   2853.498583  x:  0.00000   0.01691   0.00000   0.00147   0.00447   0.00088   0.00000   0.00272   0.00000   0.00000   0.00417   0.00145   0.00597   0.00000   0.02133   0.00928   0.00249   0.00767   0.03122   0.02259   0.00888   0.01524   0.00999   0.02473   0.00388   0.00695   0.00566   0.03168   0.01327   0.02918   2.00282   1.10126   0.02721   0.26659  
 14 364.0059   2852.684899  x:  0.00000   0.01666   0.00000   0.00132   0.00410   0.00082   0.00000   0.00352   0.00000   0.00000   0.00390   0.00175   0.00257   0.00000   0.02090   0.00902   0.00323   0.00683   0.03314   0.02209   0.00772   0.01450   0.00964   0.02474   0.00320   0.00642   0.00503   0.03410   0.01360   0.02891   2.00306   1.10179   0.02666   0.26738  
 15 578.9561   2852.394592  x:  0.00000   0.01601   0.00000   0.00125   0.00390   0.00077   0.00000   0.00293   0.00000   0.00000   0.00351   0.00194   0.00234   0.00000   0.02019   0.00958   0.00298   0.00722   0.03459   0.02102   0.00679   0.01334   0.00921   0.02468   0.00366   0.00587   0.00638   0.03638   0.01393   0.02969   2.00328   1.10240   0.02604   0.26689  
 16 175.8998   2852.200714  x:  0.00000   0.01559   0.00000   0.00123   0.00387   0.00076   0.00000   0.00362   0.00000   0.00000   0.00321   0.00166   0.00321   0.00000   0.01954   0.00944   0.00299   0.00767   0.03568   0.01971   0.00646   0.01213   0.00906   0.02451   0.00398   0.00586   0.00594   0.03847   0.01361   0.03035   2.00354   1.10314   0.02530   0.26630  
 17 215.5675   2852.108152  x:  0.00000   0.01550   0.00000   0.00122   0.00377   0.00074   0.00000   0.00332   0.00000   0.00000   0.00376   0.00206   0.00348   0.00000   0.01927   0.00923   0.00313   0.00788   0.03608   0.01898   0.00669   0.01170   0.00908   0.02435   0.00397   0.00555   0.00552   0.03957   0.01317   0.03054   2.00372   1.10369   0.02474   0.26577  
 18 197.3252   2851.921809  x:  0.00000   0.01595   0.00000   0.00119   0.00370   0.00074   0.00000   0.00374   0.00000   0.00000   0.00391   0.00203   0.00337   0.00000   0.01877   0.00904   0.00293   0.00769   0.03563   0.01754   0.00723   0.01230   0.00942   0.02391   0.00332   0.00551   0.00654   0.04123   0.01164   0.03035   2.00439   1.10577   0.02265   0.26402  
 19 88.7865   2851.520889  x:  0.00000   0.01667   0.00000   0.00118   0.00375   0.00075   0.00000   0.00308   0.00000   0.00000   0.00412   0.00155   0.00381   0.00000   0.01780   0.00971   0.00394   0.00747   0.03350   0.01555   0.00598   0.01427   0.00965   0.02347   0.00291   0.00586   0.00642   0.04345   0.01137   0.03057   2.00612   1.11120   0.01719   0.25991  
 20 203.0185   2850.588175  x:  0.00000   0.01753   0.00000   0.00114   0.00353   0.00069   0.00000   0.00343   0.00000   0.00000   0.00329   0.00235   0.00399   0.00000   0.01610   0.01099   0.00265   0.00746   0.02910   0.01340   0.00621   0.01820   0.00917   0.02322   0.00289   0.00495   0.00509   0.04797   0.01330   0.03136   2.01027   1.12417   0.00414   0.24872  
 21 742.4194   2847.946636  x:  0.00000   0.01524   0.00000   0.00119   0.00372   0.00073   0.00000   0.00361   0.00000   0.00000   0.00386   0.00219   0.00384   0.00000   0.01243   0.00614   0.00317   0.00706   0.02111   0.01593   0.00658   0.02079   0.00559   0.02501   0.00488   0.00540   0.00619   0.05502   0.01443   0.03375   2.02156   1.15962  -0.03154   0.21996  
 22 816.1911   2842.608003  x:  0.00000   0.01261   0.00000   0.00124   0.00397   0.00078   0.00000   0.00360   0.00000   0.00000   0.00392   0.00224   0.00396   0.00000   0.00492   0.01217   0.00320   0.00518   0.01325   0.02258   0.00737   0.01736   0.00383   0.02908   0.00445   0.00594   0.00550   0.06056   0.01077   0.03451   2.04523   1.23403  -0.10642   0.15872  
 23 1987.3877   2837.993145  x:  0.00000   0.01626   0.00000   0.00123   0.00392   0.00076   0.00000   0.00367   0.00000   0.00000   0.00391   0.00279   0.00567   0.00000   0.00154   0.01114   0.00335   0.00296   0.01435   0.02223   0.00681   0.01556   0.00354   0.03180   0.00303   0.00561   0.00677   0.05986   0.01320   0.03370   2.06285   1.28942  -0.16215   0.11147  
 24 3295.5569   2836.792227  x:  0.00000   0.01703   0.00000   0.00124   0.00397   0.00077   0.00000   0.00369   0.00000   0.00000   0.00392   0.00295   0.00619   0.00000   0.00230   0.01130   0.00343   0.00195   0.01442   0.02118   0.00682   0.01476   0.00184   0.03307   0.00283   0.00565   0.00714   0.05963   0.01369   0.03300   2.06811   1.30597  -0.17881   0.09748  
 25 7719.5996   2834.951882  x:  0.00000   0.01113   0.00000   0.00122   0.00398   0.00078   0.00000   0.00356   0.00000   0.00000   0.00381   0.00306   0.00670   0.00000   0.00217   0.01098   0.00345   0.00195   0.01553   0.01656   0.00730   0.01643   0.00199   0.03995   0.00128   0.00580   0.00742   0.05773   0.01460   0.03033   2.07634   1.33183  -0.20483   0.07479  
 26 1248.9994   2834.565667  x:  0.00000   0.01078   0.00000   0.00121   0.00395   0.00077   0.00000   0.00365   0.00000   0.00000   0.00389   0.00303   0.00648   0.00000   0.00196   0.01123   0.00343   0.00209   0.01699   0.01591   0.00725   0.01836   0.00146   0.04273   0.00229   0.00571   0.00716   0.05730   0.01352   0.03102   2.07844   1.33845  -0.21150   0.06879  
 27 700.4861   2833.916280  x:  0.00000   0.01288   0.00000   0.00120   0.00388   0.00074   0.00000   0.00381   0.00000   0.00000   0.00401   0.00317   0.00679   0.00000   0.00234   0.01133   0.00343   0.00200   0.01736   0.01586   0.00673   0.01925   0.00237   0.05154   0.00273   0.00530   0.00728   0.05888   0.01265   0.03156   2.08228   1.35053  -0.22366   0.05731  
 28 549.7566   2830.982524  x:  0.00000   0.01339   0.00000   0.00129   0.00421   0.00079   0.00000   0.00397   0.00000   0.00000   0.00419   0.00333   0.00720   0.00000   0.00227   0.01194   0.00361   0.00220   0.01711   0.01878   0.00713   0.02041   0.00207   0.05054   0.00226   0.00563   0.00763   0.06364   0.01351   0.03301   2.09767   1.39919  -0.27269   0.00701  
 29 152.4825   2827.170799  x:  0.00000   0.01509   0.00000   0.00120   0.00374   0.00071   0.00000   0.00389   0.00000   0.00000   0.00402   0.00324   0.00674   0.00000   0.00238   0.01126   0.00326   0.00294   0.01768   0.01926   0.00610   0.01978   0.00129   0.05206   0.00040   0.00490   0.00711   0.05616   0.01183   0.03946   2.18164   1.55552  -0.42756   0.03900  
 30 16.7188   2820.836038  x:  0.00000   0.01074   0.00000   0.00094   0.00285   0.00063   0.00000   0.00357   0.00000   0.00000   0.00364   0.00274   0.00487   0.00000   0.00212   0.00994   0.00276   0.00146   0.01699   0.01431   0.00568   0.01819   0.00243   0.03897   0.00130   0.00465   0.00575   0.03772   0.00930   0.04823   2.37179   1.89342  -0.76125   0.08529  
 31 85.6854   2817.362745  x:  0.00000   0.01257   0.00000   0.00094   0.00264   0.00065   0.00000   0.00340   0.00000   0.00000   0.00354   0.00243   0.00418   0.00000   0.00241   0.00916   0.00288   0.00263   0.01395   0.00748   0.00605   0.01214   0.00208   0.03769   0.00188   0.00498   0.00603   0.03265   0.01100   0.04164   2.54914   2.07054  -0.93882   0.11084  
 32  8.5811   2810.339997  x:  0.00000   0.01298   0.00000   0.00133   0.00333   0.00092   0.00000   0.00391   0.00000   0.00000   0.00431   0.00220   0.00267   0.00000   0.00323   0.01117   0.00368   0.00324   0.02069   0.00732   0.00868   0.00884   0.00286   0.03112   0.00178   0.00720   0.00653   0.01808   0.01355   0.05408   3.17336   1.80481  -0.67045   0.06176  
 33  3.5715   2810.115755  x:  0.00549   0.01302   0.00000   0.00136   0.00339   0.00094   0.00000   0.00396   0.00000   0.00000   0.00438   0.00218   0.00253   0.00000   0.00331   0.01136   0.00375   0.00330   0.02133   0.00731   0.00893   0.00852   0.00294   0.03049   0.00178   0.00741   0.00657   0.01669   0.01379   0.05526   3.23287   1.77949  -0.64487   0.05708  
 34 1105.9237   2807.840809  x:  0.01037   0.01504   0.00000   0.00137   0.00225   0.00096   0.00000   0.00402   0.00000   0.00000   0.00422   0.00210   0.00198   0.00000   0.00414   0.01132   0.00391   0.00464   0.02350   0.01518   0.00882   0.00667   0.00314   0.02646   0.00226   0.00689   0.00648   0.01124   0.01464   0.05359   2.85876   1.92449  -0.79051   0.06606  
 35  0.9112   2806.797829  x:  0.01499   0.01630   0.00000   0.00148   0.00185   0.00101   0.00000   0.00413   0.00000   0.00000   0.00418   0.00215   0.00186   0.00000   0.00454   0.01094   0.00401   0.00511   0.02427   0.01431   0.00878   0.00930   0.00333   0.02911   0.00228   0.00670   0.00639   0.00648   0.01481   0.05624   2.44921   1.91826  -0.78384   0.04981  
 36  1.3488   2806.029126  x:  0.01402   0.01848   0.00000   0.00229   0.00317   0.00121   0.00000   0.00417   0.00000   0.00000   0.00409   0.00232   0.00267   0.00000   0.00520   0.01066   0.00432   0.00579   0.02546   0.01202   0.00907   0.00858   0.00371   0.03256   0.00244   0.00686   0.00646   0.00766   0.01544   0.05249   2.51415   2.03780  -0.90431   0.05808  
 37  0.1686   2805.692721  x:  0.01535   0.01907   0.00000   0.00233   0.00246   0.00126   0.00000   0.00418   0.00000   0.00000   0.00403   0.00213   0.00208   0.00000   0.00554   0.01011   0.00428   0.00618   0.02503   0.01010   0.00882   0.00801   0.00392   0.03030   0.00239   0.00638   0.00611   0.00593   0.01514   0.05038   2.61561   2.07618  -0.94287   0.05420  
 38  0.2027   2805.576097  x:  0.01525   0.01897   0.00000   0.00236   0.00213   0.00132   0.00000   0.00427   0.00000   0.00000   0.00418   0.00208   0.00195   0.00000   0.00579   0.01024   0.00433   0.00651   0.02480   0.00990   0.00899   0.00901   0.00407   0.02914   0.00240   0.00639   0.00623   0.00612   0.01553   0.05022   2.61743   2.11918  -0.98587   0.06158  
 39  0.1574   2805.456173  x:  0.01656   0.01862   0.00000   0.00231   0.00170   0.00142   0.00000   0.00427   0.00000   0.00000   0.00432   0.00205   0.00212   0.00000   0.00614   0.01048   0.00428   0.00701   0.02365   0.01025   0.00898   0.00814   0.00427   0.02995   0.00237   0.00637   0.00641   0.00480   0.01551   0.05156   2.53946   2.13366  -0.99995   0.06214  
 40  0.0994   2805.384301  x:  0.01733   0.01834   0.00000   0.00236   0.00203   0.00151   0.00000   0.00422   0.00000   0.00000   0.00429   0.00209   0.00215   0.00000   0.00642   0.01056   0.00419   0.00748   0.02280   0.01106   0.00887   0.00863   0.00441   0.02986   0.00235   0.00639   0.00641   0.00411   0.01533   0.05221   2.58270   2.12820  -0.99439   0.06005  
 41  0.0733   2805.362842  x:  0.01763   0.01838   0.00000   0.00238   0.00222   0.00158   0.00000   0.00418   0.00000   0.00000   0.00421   0.00207   0.00198   0.00000   0.00651   0.01056   0.00418   0.00768   0.02280   0.01075   0.00892   0.00835   0.00445   0.02973   0.00230   0.00644   0.00630   0.00377   0.01516   0.05220   2.53928   2.13536  -1.00152   0.06100  
 42  0.0718   2805.325958  x:  0.01860   0.01863   0.00000   0.00228   0.00213   0.00171   0.00000   0.00408   0.00000   0.00000   0.00402   0.00212   0.00221   0.00000   0.00672   0.01045   0.00418   0.00816   0.02319   0.01040   0.00891   0.00839   0.00450   0.02970   0.00219   0.00633   0.00620   0.00285   0.01495   0.05123   2.57266   2.13034  -0.99668   0.06076  
 43  0.0365   2805.304494  x:  0.01904   0.01870   0.00000   0.00215   0.00208   0.00180   0.00000   0.00420   0.00000   0.00000   0.00420   0.00207   0.00199   0.00000   0.00671   0.01053   0.00418   0.00839   0.02343   0.01051   0.00891   0.00842   0.00443   0.03025   0.00212   0.00631   0.00629   0.00242   0.01515   0.05135   2.59927   2.10533  -0.97167   0.05984  
 44  0.0350   2805.292663  x:  0.01938   0.01865   0.00000   0.00207   0.00212   0.00186   0.00000   0.00424   0.00000   0.00000   0.00428   0.00209   0.00209   0.00000   0.00662   0.01054   0.00420   0.00846   0.02350   0.01055   0.00891   0.00843   0.00433   0.02965   0.00206   0.00632   0.00640   0.00203   0.01538   0.05158   2.57278   2.08630  -0.95258   0.05888  
 45  0.0510   2805.285927  x:  0.01906   0.01865   0.00000   0.00207   0.00213   0.00190   0.00000   0.00417   0.00000   0.00000   0.00415   0.00209   0.00209   0.00000   0.00646   0.01045   0.00421   0.00844   0.02338   0.01067   0.00891   0.00844   0.00418   0.02983   0.00206   0.00630   0.00628   0.00235   0.01524   0.05165   2.57084   2.07369  -0.93996   0.05891  
 46  0.0112   2805.281109  x:  0.01883   0.01865   0.00000   0.00217   0.00213   0.00196   0.00000   0.00419   0.00000   0.00000   0.00419   0.00210   0.00210   0.00000   0.00632   0.01050   0.00422   0.00844   0.02319   0.01047   0.00890   0.00844   0.00409   0.02983   0.00209   0.00629   0.00632   0.00262   0.01526   0.05157   2.57733   2.07858  -0.94483   0.05872  
 47  0.0039   2805.279303  x:  0.01897   0.01858   0.00000   0.00220   0.00209   0.00201   0.00000   0.00419   0.00000   0.00000   0.00420   0.00209   0.00209   0.00000   0.00630   0.01051   0.00421   0.00853   0.02333   0.01061   0.00891   0.00845   0.00411   0.02977   0.00210   0.00627   0.00632   0.00247   0.01527   0.05152   2.57505   2.08645  -0.95267   0.05910  
 48  0.0054   2805.278712  x:  0.01895   0.01855   0.00000   0.00219   0.00211   0.00203   0.00000   0.00419   0.00000   0.00000   0.00419   0.00209   0.00210   0.00000   0.00626   0.01048   0.00421   0.00851   0.02341   0.01056   0.00891   0.00842   0.00413   0.02987   0.00210   0.00629   0.00632   0.00247   0.01527   0.05166   2.57303   2.08930  -0.95542   0.05926  
 49  0.0019   2805.278191  x:  0.01884   0.01855   0.00000   0.00215   0.00211   0.00205   0.00000   0.00419   0.00000   0.00000   0.00418   0.00209   0.00209   0.00000   0.00623   0.01047   0.00421   0.00846   0.02336   0.01056   0.00889   0.00844   0.00416   0.02977   0.00211   0.00627   0.00631   0.00256   0.01525   0.05164   2.57549   2.09110  -0.95713   0.05921  
 50  0.0014   2805.278034  x:  0.01878   0.01858   0.00000   0.00215   0.00211   0.00206   0.00000   0.00419   0.00000   0.00000   0.00420   0.00209   0.00210   0.00000   0.00624   0.01050   0.00421   0.00845   0.02333   0.01058   0.00890   0.00844   0.00417   0.02982   0.00211   0.00627   0.00632   0.00265   0.01526   0.05157   2.57488   2.09109  -0.95709   0.05931  
 51  0.0004   2805.277882  x:  0.01880   0.01860   0.00000   0.00216   0.00211   0.00208   0.00000   0.00418   0.00000   0.00000   0.00419   0.00209   0.00209   0.00000   0.00626   0.01051   0.00421   0.00843   0.02333   0.01058   0.00891   0.00844   0.00417   0.02981   0.00211   0.00627   0.00632   0.00264   0.01526   0.05158   2.57287   2.08881  -0.95470   0.05917  
 52  0.0010   2805.277826  x:  0.01877   0.01858   0.00000   0.00216   0.00211   0.00208   0.00000   0.00419   0.00000   0.00000   0.00419   0.00209   0.00209   0.00000   0.00627   0.01049   0.00420   0.00841   0.02334   0.01058   0.00890   0.00844   0.00417   0.02981   0.00211   0.00627   0.00632   0.00265   0.01526   0.05160   2.57463   2.08808  -0.95390   0.05916  
 53  0.0012   2805.277816  x:  0.01877   0.01857   0.00000   0.00216   0.00211   0.00208   0.00000   0.00419   0.00000   0.00000   0.00419   0.00209   0.00209   0.00000   0.00628   0.01050   0.00421   0.00841   0.02335   0.01058   0.00890   0.00844   0.00417   0.02981   0.00211   0.00627   0.00632   0.00266   0.01525   0.05159   2.57476   2.08840  -0.95418   0.05917  
 54  0.0002   2805.277811  x:  0.01877   0.01857   0.00000   0.00216   0.00211   0.00208   0.00000   0.00419   0.00000   0.00000   0.00419   0.00209   0.00209   0.00000   0.00628   0.01049   0.00421   0.00841   0.02334   0.01058   0.00890   0.00844   0.00416   0.02981   0.00211   0.00627   0.00632   0.00266   0.01526   0.05159   2.57436   2.08890  -0.95464   0.05919  
 55  0.0003   2805.277810  x:  0.01877   0.01858   0.00000   0.00216   0.00211   0.00208   0.00000   0.00419   0.00000   0.00000   0.00419   0.00209   0.00209   0.00000   0.00628   0.01049   0.00421   0.00841   0.02334   0.01058   0.00890   0.00844   0.00416   0.02981   0.00211   0.00627   0.00632   0.00266   0.01526   0.05159   2.57457   2.08898  -0.95469   0.05919  
 56  0.0002   2805.277810  x:  0.01877   0.01858   0.00000   0.00216   0.00211   0.00208   0.00000   0.00419   0.00000   0.00000   0.00419   0.00209   0.00209   0.00000   0.00628   0.01049   0.00421   0.00841   0.02334   0.01058   0.00890   0.00844   0.00416   0.02981   0.00211   0.00627   0.00632   0.00266   0.01526   0.05159   2.57454   2.08902  -0.95470   0.05919  
 57  0.0000   2805.277810  x:  0.01877   0.01858   0.00000   0.00216   0.00211   0.00208   0.00000   0.00419   0.00000   0.00000   0.00419   0.00209   0.00209   0.00000   0.00628   0.01049   0.00421   0.00841   0.02334   0.01058   0.00890   0.00844   0.00416   0.02981   0.00211   0.00627   0.00632   0.00266   0.01526   0.05159   2.57454   2.08902  -0.95470   0.05919  
 58  0.0000   2805.277810  x:  0.01877   0.01858   0.00000   0.00216   0.00211   0.00208   0.00000   0.00419   0.00000   0.00000   0.00419   0.00209   0.00209   0.00000   0.00628   0.01049   0.00421   0.00841   0.02334   0.01058   0.00890   0.00844   0.00416   0.02981   0.00211   0.00627   0.00632   0.00266   0.01526   0.05159   2.57454   2.08902  -0.95470   0.05919  
check convergence!
