Supplemental results for CODEML (seqf: /Users/YY/Desktop/get/branch_site/modify/modify_trim_muscle_psaJ.fa  treef: /Users/YY/Desktop/get/branch_site/16gene_topu.tree)


dN/dS (w) for site classes (K=4)

site class             0        1       2a       2b
proportion       1.00000  0.00000  0.00000  0.00000
background w     0.00000  1.00000  0.00000  1.00000
foreground w     0.00000  1.00000  1.00000  1.00000

Naive Empirical Bayes (NEB) probabilities for 4 classes
(amino acids refer to 1st sequence: NC_033344)

   1 M   1.00000 0.00000 0.00000 0.00000 ( 1)
   2 R   1.00000 0.00000 0.00000 0.00000 ( 1)
   3 D   1.00000 0.00000 0.00000 0.00000 ( 1)
   4 L   1.00000 0.00000 0.00000 0.00000 ( 1)
   5 K   1.00000 0.00000 0.00000 0.00000 ( 1)
   6 T   1.00000 0.00000 0.00000 0.00000 ( 1)
   7 Y   1.00000 0.00000 0.00000 0.00000 ( 1)
   8 L   1.00000 0.00000 0.00000 0.00000 ( 1)
   9 S   1.00000 0.00000 0.00000 0.00000 ( 1)
  10 V   1.00000 0.00000 0.00000 0.00000 ( 1)
  11 A   1.00000 0.00000 0.00000 0.00000 ( 1)
  12 P   1.00000 0.00000 0.00000 0.00000 ( 1)
  13 V   1.00000 0.00000 0.00000 0.00000 ( 1)
  14 L   1.00000 0.00000 0.00000 0.00000 ( 1)
  15 S   1.00000 0.00000 0.00000 0.00000 ( 1)
  16 T   1.00000 0.00000 0.00000 0.00000 ( 1)
  17 L   1.00000 0.00000 0.00000 0.00000 ( 1)
  18 W   1.00000 0.00000 0.00000 0.00000 ( 1)
  19 F   1.00000 0.00000 0.00000 0.00000 ( 1)
  20 G   1.00000 0.00000 0.00000 0.00000 ( 1)
  21 S   1.00000 0.00000 0.00000 0.00000 ( 1)
  22 L   1.00000 0.00000 0.00000 0.00000 ( 1)
  23 A   1.00000 0.00000 0.00000 0.00000 ( 1)
  24 G   1.00000 0.00000 0.00000 0.00000 ( 1)
  25 L   1.00000 0.00000 0.00000 0.00000 ( 1)
  26 L   1.00000 0.00000 0.00000 0.00000 ( 1)
  27 I   1.00000 0.00000 0.00000 0.00000 ( 1)
  28 E   1.00000 0.00000 0.00000 0.00000 ( 1)
  29 I   1.00000 0.00000 0.00000 0.00000 ( 1)
  30 N   1.00000 0.00000 0.00000 0.00000 ( 1)
  31 R   1.00000 0.00000 0.00000 0.00000 ( 1)
  32 F   1.00000 0.00000 0.00000 0.00000 ( 1)
  33 F   1.00000 0.00000 0.00000 0.00000 ( 1)
  34 P   1.00000 0.00000 0.00000 0.00000 ( 1)
  35 D   1.00000 0.00000 0.00000 0.00000 ( 1)
  36 A   1.00000 0.00000 0.00000 0.00000 ( 1)
  37 L   1.00000 0.00000 0.00000 0.00000 ( 1)
  38 T   1.00000 0.00000 0.00000 0.00000 ( 1)
  39 F   1.00000 0.00000 0.00000 0.00000 ( 1)
  40 P   1.00000 0.00000 0.00000 0.00000 ( 1)
  41 F   1.00000 0.00000 0.00000 0.00000 ( 1)
  42 F   1.00000 0.00000 0.00000 0.00000 ( 1)


lnL =  -199.516227

