

TREE # 1

  0  0.0000    243.620222  x:  0.00000   0.01420   0.05731   0.02697   0.06676   0.06551   0.03217   0.03821   0.06516   0.01896   0.04901   0.02449   0.02300   0.01581   0.01857   0.06707   0.06262   0.02508   0.04745   0.03258   0.06906   0.04363   0.01211   0.01899   0.00891   0.06693   0.03991   0.04088   0.07218   0.04882   2.00000   1.09989   0.02896   0.27919  
  1 99.0000    243.619394  x:  0.00000   0.01420   0.05730   0.02697   0.06676   0.06551   0.03217   0.03821   0.06516   0.01896   0.04901   0.02449   0.02300   0.01581   0.01857   0.06707   0.06262   0.02508   0.04745   0.03258   0.06906   0.04363   0.01211   0.01899   0.00891   0.06693   0.03991   0.04088   0.07218   0.04882   2.00000   1.09989   0.02896   0.27919  
  2 189.7474    235.334140  x:  0.00000   0.00531   0.04856   0.02688   0.05811   0.05681   0.02298   0.02935   0.05636   0.01006   0.04017   0.01560   0.01410   0.00692   0.00968   0.06217   0.05787   0.01635   0.03870   0.02372   0.06029   0.04075   0.00330   0.01010   0.00000   0.05815   0.03107   0.03226   0.06348   0.05516   2.00020   1.10007   0.02878   0.27518  
  3 17322.4347    232.070248  x:  0.00000   0.00189   0.04534   0.02737   0.05514   0.05357   0.01895   0.02594   0.05296   0.00664   0.03677   0.01219   0.01068   0.00369   0.00644   0.05774   0.05306   0.01326   0.03547   0.02030   0.05704   0.03655   0.00000   0.00667   0.00000   0.05474   0.02765   0.02895   0.05980   0.05471   1.99997   1.09940   0.02949   0.26293  
  4 467.9699    230.431037  x:  0.00000   0.00000   0.04358   0.02665   0.05362   0.05187   0.01658   0.02407   0.05112   0.00476   0.03491   0.01032   0.00881   0.00194   0.00470   0.05676   0.05229   0.01160   0.03372   0.01841   0.05528   0.03865   0.00000   0.00477   0.00000   0.05288   0.02577   0.02706   0.05758   0.05457   1.99980   1.09904   0.02987   0.25477  
  5 694.8336    228.772425  x:  0.00000   0.00000   0.04167   0.02890   0.05203   0.05010   0.01376   0.02204   0.04912   0.00271   0.03289   0.00827   0.00676   0.00000   0.00275   0.05808   0.05412   0.00984   0.03181   0.01634   0.05339   0.03915   0.00000   0.00268   0.00000   0.05084   0.02371   0.02477   0.05481   0.05454   1.99960   1.09890   0.03003   0.24588  
  6 821.3055    226.742017  x:  0.00000   0.00000   0.03921   0.02706   0.05000   0.04793   0.00983   0.01949   0.04664   0.00010   0.03037   0.00569   0.00416   0.00000   0.00023   0.06125   0.05771   0.00754   0.02933   0.01369   0.05104   0.03730   0.00000   0.00000   0.00000   0.04829   0.02109   0.02150   0.05077   0.05451   1.99932   1.09912   0.02981   0.23492  
  7 969.8826    226.654360  x:  0.00000   0.00000   0.03911   0.02706   0.04991   0.04785   0.00960   0.01939   0.04655   0.00000   0.03028   0.00559   0.00406   0.00000   0.00012   0.06131   0.05767   0.00745   0.02923   0.01359   0.05097   0.03729   0.00000   0.00000   0.00000   0.04819   0.02099   0.02128   0.05049   0.05454   1.99930   1.09923   0.02970   0.23463  
  8 210.8217    226.565022  x:  0.00000   0.00000   0.03901   0.02706   0.04981   0.04776   0.00936   0.01929   0.04646   0.00000   0.03018   0.00548   0.00395   0.00000   0.00000   0.06156   0.05748   0.00736   0.02912   0.01347   0.05088   0.03729   0.00000   0.00000   0.00000   0.04809   0.02088   0.02108   0.05022   0.05458   1.99929   1.09935   0.02957   0.23430  
  9 1006.6106    224.003385  x:  0.00000   0.00000   0.03518   0.02703   0.04586   0.04446   0.00029   0.01541   0.04280   0.00000   0.02643   0.00154   0.00000   0.00000   0.00000   0.06176   0.05672   0.00395   0.02523   0.00926   0.04647   0.03686   0.00000   0.00000   0.00000   0.04418   0.01678   0.02401   0.04827   0.05590   1.99855   1.10846   0.02060   0.22318  
 10 79.2413    223.924643  x:  0.00000   0.00000   0.03506   0.02703   0.04575   0.04436   0.00000   0.01529   0.04269   0.00000   0.02632   0.00141   0.00000   0.00000   0.00000   0.06177   0.05670   0.00384   0.02511   0.00913   0.04633   0.03685   0.00000   0.00000   0.00000   0.04406   0.01665   0.02408   0.04816   0.05595   1.99853   1.10876   0.02030   0.22279  
 11 7813.4273    223.155360  x:  0.00000   0.00000   0.03368   0.02703   0.04434   0.04320   0.00000   0.01391   0.04140   0.00000   0.02499   0.00000   0.00000   0.00000   0.00000   0.06182   0.05646   0.00263   0.02371   0.00762   0.04478   0.03671   0.00000   0.00000   0.00000   0.04267   0.01519   0.02439   0.04704   0.05639   1.99829   1.11187   0.01722   0.21925  
 12 509.0294    221.462690  x:  0.00000   0.00000   0.03048   0.02700   0.04126   0.04064   0.00000   0.01059   0.03832   0.00000   0.02180   0.00000   0.00000   0.00000   0.00000   0.06195   0.05584   0.00000   0.02045   0.00396   0.04103   0.03636   0.00000   0.00000   0.00000   0.03933   0.01163   0.02524   0.04451   0.05752   1.99764   1.12022   0.00870   0.20990  
 13 1602.5227    219.775284  x:  0.00000   0.00000   0.02694   0.02692   0.03784   0.03789   0.00000   0.00708   0.03510   0.00000   0.01843   0.00000   0.00000   0.00000   0.00000   0.06208   0.05528   0.00000   0.01684   0.00000   0.03708   0.03602   0.00000   0.00000   0.00000   0.03579   0.00781   0.02596   0.04214   0.05857   1.99699   1.12864   0.00012   0.20084  
 14 1805.2918    216.595367  x:  0.00000   0.00000   0.02008   0.02673   0.02934   0.03266   0.00000   0.00000   0.02862   0.00000   0.01164   0.00000   0.00000   0.00000   0.00000   0.06237   0.05403   0.00000   0.00983   0.00000   0.02904   0.03529   0.00000   0.00000   0.00000   0.02864   0.00010   0.02759   0.03704   0.06091   1.99546   1.14755  -0.01915   0.18048  
 15 2817.8480    216.559020  x:  0.00000   0.00000   0.02000   0.02673   0.02923   0.03260   0.00000   0.00000   0.02854   0.00000   0.01156   0.00000   0.00000   0.00000   0.00000   0.06237   0.05401   0.00000   0.00974   0.00000   0.02894   0.03528   0.00000   0.00000   0.00000   0.02855   0.00000   0.02761   0.03697   0.06094   1.99544   1.14779  -0.01939   0.18023  
 16 964703.1943    212.919255  x:  0.00000   0.00000   0.01047   0.02647   0.01747   0.02536   0.00000   0.00000   0.01954   0.00000   0.00214   0.00000   0.00000   0.00000   0.00000   0.06276   0.05228   0.00000   0.00000   0.00000   0.01778   0.03425   0.00000   0.00000   0.00000   0.01861   0.00000   0.02988   0.02989   0.06419   1.99332   1.17403  -0.04613   0.15198  
 17 1408701.8714    212.177428  x:  0.00000   0.00000   0.00835   0.02641   0.01482   0.02375   0.00000   0.00000   0.01750   0.00000   0.00000   0.00000   0.00000   0.00000   0.00000   0.06285   0.05187   0.00000   0.00000   0.00000   0.01524   0.03402   0.00000   0.00000   0.00000   0.01636   0.00000   0.03042   0.02825   0.06495   1.99282   1.18008  -0.05229   0.14544  
 18 42107.6981    209.885600  x:  0.00000   0.00000   0.00000   0.02619   0.00604   0.01881   0.00000   0.00000   0.01046   0.00000   0.00000   0.00000   0.00000   0.00000   0.00000   0.06317   0.05031   0.00000   0.00000   0.00000   0.00663   0.03313   0.00000   0.00000   0.00000   0.00870   0.00000   0.03259   0.02239   0.06774   1.99099   1.20159  -0.07422   0.12185  
 19 4891.9192    208.523671  x:  0.00000   0.00000   0.00000   0.02605   0.00000   0.01542   0.00000   0.00000   0.00561   0.00000   0.00000   0.00000   0.00000   0.00000   0.00000   0.06339   0.04923   0.00000   0.00000   0.00000   0.00069   0.03252   0.00000   0.00000   0.00000   0.00342   0.00000   0.03409   0.01833   0.06968   1.98972   1.21642  -0.08933   0.10556  
 20 582655.1537    208.389843  x:  0.00000   0.00000   0.00000   0.02603   0.00000   0.01514   0.00000   0.00000   0.00500   0.00000   0.00000   0.00000   0.00000   0.00000   0.00000   0.06342   0.04909   0.00000   0.00000   0.00000   0.00000   0.03244   0.00000   0.00000   0.00000   0.00280   0.00000   0.03426   0.01780   0.06993   1.98957   1.21810  -0.09105   0.10357  
 21 1341.2254    207.906917  x:  0.00000   0.00000   0.00000   0.02594   0.00000   0.01388   0.00000   0.00000   0.00228   0.00000   0.00000   0.00000   0.00000   0.00000   0.00000   0.06356   0.04848   0.00000   0.00000   0.00000   0.00000   0.03208   0.00000   0.00000   0.00000   0.00000   0.00000   0.03502   0.01540   0.07107   1.98887   1.22570  -0.09883   0.09457  
 22 624692.3004    207.696126  x:  0.00000   0.00000   0.00000   0.02591   0.00000   0.01319   0.00000   0.00000   0.00000   0.00000   0.00000   0.00000   0.00000   0.00000   0.00000   0.06365   0.04828   0.00000   0.00000   0.00000   0.00000   0.03198   0.00000   0.00000   0.00000   0.00000   0.00000   0.03471   0.01432   0.07140   1.98875   1.22778  -0.10098   0.09201  
 23 159.5085    206.018723  x:  0.00000   0.00000   0.00000   0.02557   0.00000   0.00307   0.00000   0.00000   0.00000   0.00000   0.00000   0.00000   0.00000   0.00000   0.00000   0.06495   0.04588   0.00000   0.00000   0.00000   0.00000   0.03081   0.00000   0.00000   0.00000   0.00000   0.00000   0.02959   0.00000   0.07546   1.98725   1.25362  -0.12768   0.06024  
 24 4346.9395    205.920774  x:  0.00000   0.00000   0.00000   0.02561   0.00000   0.00000   0.00000   0.00000   0.00000   0.00000   0.00000   0.00000   0.00000   0.00000   0.00000   0.06469   0.04624   0.00000   0.00000   0.00000   0.00000   0.03093   0.00000   0.00000   0.00000   0.00000   0.00000   0.02848   0.00000   0.07500   1.98801   1.25092  -0.12480   0.06367  
 25 16.3747    204.311495  x:  0.00000   0.00000   0.00000   0.02508   0.00000   0.00000   0.00000   0.00000   0.00000   0.00000   0.00000   0.00000   0.00000   0.00000   0.00000   0.06916   0.04045   0.00000   0.00000   0.00000   0.00000   0.02982   0.00000   0.00000   0.00000   0.00000   0.00000   0.00000   0.00000   0.07980   1.97938   1.27356  -0.14995   0.03245  
 26 16.3191    203.630182  x:  0.00000   0.00000   0.00000   0.02446   0.00000   0.00000   0.00000   0.00000   0.00000   0.00000   0.00000   0.00000   0.00000   0.00000   0.00000   0.06919   0.03691   0.00000   0.00000   0.00000   0.00000   0.02793   0.00000   0.00000   0.00000   0.00000   0.00000   0.00000   0.00000   0.08624   1.99981   1.29904  -0.17893   0.00000  
 27  3.2446    201.640528  x:  0.00000   0.00000   0.00000   0.02723   0.00000   0.00000   0.00000   0.00000   0.00000   0.00000   0.00000   0.00000   0.00000   0.00000   0.00000   0.01834   0.02026   0.00000   0.00000   0.00000   0.00000   0.02775   0.00000   0.00000   0.00000   0.00000   0.00000   0.00000   0.00000   0.11453   2.34057   1.61509  -0.48203   0.00000  
 28  1.0574    201.112801  x:  0.00000   0.00000   0.00000   0.02553   0.00000   0.00000   0.00000   0.00000   0.00000   0.00000   0.00000   0.00000   0.00000   0.00000   0.00000   0.03979   0.01909   0.00000   0.00000   0.00000   0.00000   0.02224   0.00000   0.00000   0.00000   0.00000   0.00000   0.00000   0.00000   0.14443   2.69693   1.87947  -0.74287   0.00000  
 29  1.2743    200.647432  x:  0.00000   0.00000   0.00000   0.02198   0.00000   0.00000   0.00000   0.00000   0.00000   0.00000   0.00000   0.00000   0.00000   0.00000   0.00000   0.02492   0.03789   0.00000   0.00000   0.00000   0.00000   0.01850   0.00000   0.00000   0.00000   0.00000   0.00000   0.00000   0.00000   0.14902   3.45736   2.11755  -0.95463   0.00000  
 30  1.0064    200.216173  x:  0.00000   0.00000   0.00000   0.02368   0.00000   0.00000   0.00000   0.00000   0.00000   0.00000   0.00000   0.00000   0.00000   0.00000   0.00000   0.01560   0.02665   0.00000   0.00000   0.00000   0.00000   0.03338   0.00000   0.00000   0.00000   0.00000   0.00000   0.00000   0.00000   0.13517   4.41965   2.36462  -1.15839   0.00000  
 31  0.9199    199.903232  x:  0.00000   0.00000   0.00000   0.02613   0.00000   0.00000   0.00000   0.00000   0.00000   0.00000   0.00000   0.00000   0.00000   0.00000   0.00000   0.02361   0.01631   0.00000   0.00000   0.00000   0.00000   0.02934   0.00000   0.00000   0.00000   0.00000   0.00000   0.00000   0.00000   0.11176   5.08959   2.54173  -1.29726   0.00000  
 32  0.8147    199.733067  x:  0.00000   0.00000   0.00000   0.02500   0.00000   0.00000   0.00000   0.00000   0.00000   0.00000   0.00000   0.00000   0.00000   0.00000   0.00000   0.02520   0.02423   0.00000   0.00000   0.00000   0.00000   0.02233   0.00000   0.00000   0.00000   0.00000   0.00000   0.00000   0.00000   0.09565   5.69814   2.70772  -1.43045   0.00000  
 33  0.6652    199.644768  x:  0.00000   0.00000   0.00000   0.01931   0.00000   0.00000   0.00000   0.00000   0.00000   0.00000   0.00000   0.00000   0.00000   0.00000   0.00000   0.02363   0.02382   0.00000   0.00000   0.00000   0.00000   0.02267   0.00000   0.00000   0.00000   0.00000   0.00000   0.00000   0.00000   0.10528   6.39961   3.05842  -1.74730   0.00000  
 34  0.4163    199.601325  x:  0.00000   0.00000   0.00000   0.02453   0.00000   0.00000   0.00000   0.00000   0.00000   0.00000   0.00000   0.00000   0.00000   0.00000   0.00000   0.02206   0.02263   0.00000   0.00000   0.00000   0.00000   0.02225   0.00000   0.00000   0.00000   0.00000   0.00000   0.00000   0.00000   0.10347   7.07046   3.32730  -1.98300   0.00000  
 35  0.5922    199.591863  x:  0.00000   0.00000   0.00000   0.02392   0.00000   0.00000   0.00000   0.00000   0.00000   0.00000   0.00000   0.00000   0.00000   0.00000   0.00000   0.02360   0.02327   0.00000   0.00000   0.00000   0.00000   0.02436   0.00000   0.00000   0.00000   0.00000   0.00000   0.00000   0.00000   0.10149   7.37668   3.44417  -2.08367   0.00000  
 36  0.3666    199.586858  x:  0.00000   0.00000   0.00000   0.02268   0.00000   0.00000   0.00000   0.00000   0.00000   0.00000   0.00000   0.00000   0.00000   0.00000   0.00000   0.02329   0.02281   0.00000   0.00000   0.00000   0.00000   0.02309   0.00000   0.00000   0.00000   0.00000   0.00000   0.00000   0.00000   0.09965   7.64567   3.57487  -2.19746   0.00000  
 37  0.2992    199.584415  x:  0.00000   0.00000   0.00000   0.02280   0.00000   0.00000   0.00000   0.00000   0.00000   0.00000   0.00000   0.00000   0.00000   0.00000   0.00000   0.02338   0.02323   0.00000   0.00000   0.00000   0.00000   0.02288   0.00000   0.00000   0.00000   0.00000   0.00000   0.00000   0.00000   0.10284   7.75502   3.67054  -2.28429   0.00000  
 38  0.0969    199.576791  x:  0.00000   0.00000   0.00000   0.02361   0.00000   0.00000   0.00000   0.00000   0.00000   0.00000   0.00000   0.00000   0.00000   0.00000   0.00000   0.02252   0.02250   0.00000   0.00000   0.00000   0.00000   0.02413   0.00000   0.00000   0.00000   0.00000   0.00000   0.00000   0.00000   0.09964   7.84332   3.88697  -2.47108   0.00000  
 39  0.0374    199.527916  x:  0.00000   0.00000   0.00000   0.02397   0.00000   0.00000   0.00000   0.00000   0.00000   0.00000   0.00000   0.00000   0.00000   0.00000   0.00000   0.02387   0.02378   0.00000   0.00000   0.00000   0.00000   0.02285   0.00000   0.00000   0.00000   0.00000   0.00000   0.00000   0.00000   0.10011   6.37560   4.56810  -3.06556   0.00000  
 40  0.2155    199.520598  x:  0.00000   0.00000   0.00000   0.02359   0.00000   0.00000   0.00000   0.00000   0.00000   0.00000   0.00000   0.00000   0.00000   0.00000   0.00000   0.02370   0.02360   0.00000   0.00000   0.00000   0.00000   0.02323   0.00000   0.00000   0.00000   0.00000   0.00000   0.00000   0.00000   0.10061   5.64282   4.82811  -3.29227   0.00000  
 41  1.0414    199.519097  x:  0.00000   0.00000   0.00000   0.02290   0.00000   0.00000   0.00000   0.00000   0.00000   0.00000   0.00000   0.00000   0.00000   0.00000   0.00000   0.02328   0.02314   0.00000   0.00000   0.00000   0.00000   0.02378   0.00000   0.00000   0.00000   0.00000   0.00000   0.00000   0.00000   0.10093   5.77873   5.03771  -3.47635   0.00000  
 42  0.1611    199.517025  x:  0.00000   0.00000   0.00000   0.02354   0.00000   0.00000   0.00000   0.00000   0.00000   0.00000   0.00000   0.00000   0.00000   0.00000   0.00000   0.02363   0.02330   0.00000   0.00000   0.00000   0.00000   0.02330   0.00000   0.00000   0.00000   0.00000   0.00000   0.00000   0.00000   0.10055   5.67417   5.87697  -4.21127   0.00000  
 43  0.1915    199.516582  x:  0.00000   0.00000   0.00000   0.02321   0.00000   0.00000   0.00000   0.00000   0.00000   0.00000   0.00000   0.00000   0.00000   0.00000   0.00000   0.02348   0.02330   0.00000   0.00000   0.00000   0.00000   0.02353   0.00000   0.00000   0.00000   0.00000   0.00000   0.00000   0.00000   0.10084   5.81471   6.14849  -4.44963   0.00000  
 44  0.2429    199.516382  x:  0.00000   0.00000   0.00000   0.02320   0.00000   0.00000   0.00000   0.00000   0.00000   0.00000   0.00000   0.00000   0.00000   0.00000   0.00000   0.02343   0.02334   0.00000   0.00000   0.00000   0.00000   0.02350   0.00000   0.00000   0.00000   0.00000   0.00000   0.00000   0.00000   0.10073   5.72219   6.68714  -4.92129   0.00000  
 45  0.2118    199.516290  x:  0.00000   0.00000   0.00000   0.02328   0.00000   0.00000   0.00000   0.00000   0.00000   0.00000   0.00000   0.00000   0.00000   0.00000   0.00000   0.02348   0.02335   0.00000   0.00000   0.00000   0.00000   0.02348   0.00000   0.00000   0.00000   0.00000   0.00000   0.00000   0.00000   0.10075   5.79049   7.09181  -5.27601   0.00000  
 46  0.2620    199.516250  x:  0.00000   0.00000   0.00000   0.02321   0.00000   0.00000   0.00000   0.00000   0.00000   0.00000   0.00000   0.00000   0.00000   0.00000   0.00000   0.02348   0.02329   0.00000   0.00000   0.00000   0.00000   0.02352   0.00000   0.00000   0.00000   0.00000   0.00000   0.00000   0.00000   0.10080   5.75622   7.70860  -5.81639   0.00000  
 47  0.2597    199.516237  x:  0.00000   0.00000   0.00000   0.02327   0.00000   0.00000   0.00000   0.00000   0.00000   0.00000   0.00000   0.00000   0.00000   0.00000   0.00000   0.02349   0.02332   0.00000   0.00000   0.00000   0.00000   0.02348   0.00000   0.00000   0.00000   0.00000   0.00000   0.00000   0.00000   0.10074   5.77626   8.10079  -6.16002   0.00000  
 48  0.2425    199.516231  x:  0.00000   0.00000   0.00000   0.02323   0.00000   0.00000   0.00000   0.00000   0.00000   0.00000   0.00000   0.00000   0.00000   0.00000   0.00000   0.02347   0.02332   0.00000   0.00000   0.00000   0.00000   0.02351   0.00000   0.00000   0.00000   0.00000   0.00000   0.00000   0.00000   0.10078   5.76606   8.65084  -6.64196   0.00000  
 49  0.2376    199.516229  x:  0.00000   0.00000   0.00000   0.02326   0.00000   0.00000   0.00000   0.00000   0.00000   0.00000   0.00000   0.00000   0.00000   0.00000   0.00000   0.02348   0.02332   0.00000   0.00000   0.00000   0.00000   0.02349   0.00000   0.00000   0.00000   0.00000   0.00000   0.00000   0.00000   0.10075   5.77193   9.05874  -6.99933   0.00000  
 50  0.2440    199.516228  x:  0.00000   0.00000   0.00000   0.02324   0.00000   0.00000   0.00000   0.00000   0.00000   0.00000   0.00000   0.00000   0.00000   0.00000   0.00000   0.02348   0.02332   0.00000   0.00000   0.00000   0.00000   0.02350   0.00000   0.00000   0.00000   0.00000   0.00000   0.00000   0.00000   0.10077   5.76876   9.61397  -7.48582   0.00000  
 51  0.2449    199.516227  x:  0.00000   0.00000   0.00000   0.02325   0.00000   0.00000   0.00000   0.00000   0.00000   0.00000   0.00000   0.00000   0.00000   0.00000   0.00000   0.02348   0.02332   0.00000   0.00000   0.00000   0.00000   0.02349   0.00000   0.00000   0.00000   0.00000   0.00000   0.00000   0.00000   0.10076   5.77075  10.01405  -7.83634   0.00000  
 52  0.2424    199.516227  x:  0.00000   0.00000   0.00000   0.02324   0.00000   0.00000   0.00000   0.00000   0.00000   0.00000   0.00000   0.00000   0.00000   0.00000   0.00000   0.02348   0.02332   0.00000   0.00000   0.00000   0.00000   0.02350   0.00000   0.00000   0.00000   0.00000   0.00000   0.00000   0.00000   0.10077   5.76957  10.59214  -8.34285   0.00000  
 53  0.2461    199.516227  x:  0.00000   0.00000   0.00000   0.02325   0.00000   0.00000   0.00000   0.00000   0.00000   0.00000   0.00000   0.00000   0.00000   0.00000   0.00000   0.02348   0.02332   0.00000   0.00000   0.00000   0.00000   0.02349   0.00000   0.00000   0.00000   0.00000   0.00000   0.00000   0.00000   0.10076   5.77033  10.97267  -8.67626   0.00000  
 54  0.2409    199.516227  x:  0.00000   0.00000   0.00000   0.02324   0.00000   0.00000   0.00000   0.00000   0.00000   0.00000   0.00000   0.00000   0.00000   0.00000   0.00000   0.02348   0.02332   0.00000   0.00000   0.00000   0.00000   0.02350   0.00000   0.00000   0.00000   0.00000   0.00000   0.00000   0.00000   0.10077   5.76989  11.59770  -9.22389   0.00000  
 55  0.2464    199.516227  x:  0.00000   0.00000   0.00000   0.02325   0.00000   0.00000   0.00000   0.00000   0.00000   0.00000   0.00000   0.00000   0.00000   0.00000   0.00000   0.02348   0.02332   0.00000   0.00000   0.00000   0.00000   0.02349   0.00000   0.00000   0.00000   0.00000   0.00000   0.00000   0.00000   0.10076   5.77018  11.94328  -9.52667   0.00000  
 56  0.2371    199.516227  x:  0.00000   0.00000   0.00000   0.02325   0.00000   0.00000   0.00000   0.00000   0.00000   0.00000   0.00000   0.00000   0.00000   0.00000   0.00000   0.02348   0.02332   0.00000   0.00000   0.00000   0.00000   0.02350   0.00000   0.00000   0.00000   0.00000   0.00000   0.00000   0.00000   0.10076   5.77001  12.66808  -10.16172   0.00000  
 57  0.2453    199.516227  x:  0.00000   0.00000   0.00000   0.02325   0.00000   0.00000   0.00000   0.00000   0.00000   0.00000   0.00000   0.00000   0.00000   0.00000   0.00000   0.02348   0.02332   0.00000   0.00000   0.00000   0.00000   0.02350   0.00000   0.00000   0.00000   0.00000   0.00000   0.00000   0.00000   0.10076   5.77012  12.92793  -10.38939   0.00000  
 58  0.2159    199.516227  x:  0.00000   0.00000   0.00000   0.02325   0.00000   0.00000   0.00000   0.00000   0.00000   0.00000   0.00000   0.00000   0.00000   0.00000   0.00000   0.02348   0.02332   0.00000   0.00000   0.00000   0.00000   0.02350   0.00000   0.00000   0.00000   0.00000   0.00000   0.00000   0.00000   0.10076   5.77008  14.42974  -11.70523   0.00000  
 59  0.2496    199.516227  x:  0.00000   0.00000   0.00000   0.02325   0.00000   0.00000   0.00000   0.00000   0.00000   0.00000   0.00000   0.00000   0.00000   0.00000   0.00000   0.02348   0.02332   0.00000   0.00000   0.00000   0.00000   0.02350   0.00000   0.00000   0.00000   0.00000   0.00000   0.00000   0.00000   0.10076   5.77010  14.58241  -11.83899   0.00000  
 60  0.1974    199.516227  x:  0.00000   0.00000   0.00000   0.02325   0.00000   0.00000   0.00000   0.00000   0.00000   0.00000   0.00000   0.00000   0.00000   0.00000   0.00000   0.02348   0.02332   0.00000   0.00000   0.00000   0.00000   0.02350   0.00000   0.00000   0.00000   0.00000   0.00000   0.00000   0.00000   0.10076   5.77010  14.58251  -11.83907   0.00000  
 61  0.0342    199.516227  x:  0.00000   0.00000   0.00000   0.02325   0.00000   0.00000   0.00000   0.00000   0.00000   0.00000   0.00000   0.00000   0.00000   0.00000   0.00000   0.02348   0.02332   0.00000   0.00000   0.00000   0.00000   0.02350   0.00000   0.00000   0.00000   0.00000   0.00000   0.00000   0.00000   0.10076   5.77010  14.58251  -11.83907   0.00000  
 62  0.0004    199.516227  x:  0.00000   0.00000   0.00000   0.02325   0.00000   0.00000   0.00000   0.00000   0.00000   0.00000   0.00000   0.00000   0.00000   0.00000   0.00000   0.02348   0.02332   0.00000   0.00000   0.00000   0.00000   0.02350   0.00000   0.00000   0.00000   0.00000   0.00000   0.00000   0.00000   0.10076   5.77010  14.58253  -11.83909   0.00000  
 63  0.0066    199.516227  x:  0.00000   0.00000   0.00000   0.02325   0.00000   0.00000   0.00000   0.00000   0.00000   0.00000   0.00000   0.00000   0.00000   0.00000   0.00000   0.02348   0.02332   0.00000   0.00000   0.00000   0.00000   0.02350   0.00000   0.00000   0.00000   0.00000   0.00000   0.00000   0.00000   0.10076   5.77010  14.58253  -11.83909   0.00000  
 64  0.0003    199.516227  x:  0.00000   0.00000   0.00000   0.02325   0.00000   0.00000   0.00000   0.00000   0.00000   0.00000   0.00000   0.00000   0.00000   0.00000   0.00000   0.02348   0.02332   0.00000   0.00000   0.00000   0.00000   0.02350   0.00000   0.00000   0.00000   0.00000   0.00000   0.00000   0.00000   0.10076   5.77010  14.58253  -11.83909   0.00000  