Supplemental results for CODEML (seqf: /Users/YY/Desktop/get/branch_site/modify/modify_trim_muscle_rpoC1.fa  treef: /Users/YY/Desktop/get/branch_site/16gene_topu.tree)


dN/dS (w) for site classes (K=4)

site class             0        1       2a       2b
proportion       0.83596  0.04940  0.10824  0.00640
background w     0.10643  1.00000  0.10643  1.00000
foreground w     0.10643  1.00000  2.57294  2.57294

Naive Empirical Bayes (NEB) probabilities for 4 classes
(amino acids refer to 1st sequence: KM035850)

   1 M   0.86142 0.02394 0.11154 0.00310 ( 1)
   2 I   0.86392 0.02144 0.11186 0.00278 ( 1)
   3 D   0.86667 0.01869 0.11222 0.00242 ( 1)
   4 Q   0.84975 0.03561 0.11003 0.00461 ( 1)
   5 Y   0.86110 0.02426 0.11150 0.00314 ( 1)
   6 K   0.86318 0.02218 0.11177 0.00287 ( 1)
   7 H   0.86380 0.02156 0.11185 0.00279 ( 1)
   8 Q   0.85710 0.02826 0.11098 0.00366 ( 1)
   9 Q   0.85710 0.02826 0.11098 0.00366 ( 1)
  10 L   0.84607 0.03929 0.10955 0.00509 ( 1)
  11 R   0.85132 0.03404 0.11023 0.00441 ( 1)
  12 I   0.86392 0.02144 0.11186 0.00278 ( 1)
  13 G   0.85784 0.02752 0.11108 0.00356 ( 1)
  14 S   0.85184 0.03352 0.11030 0.00434 ( 1)
  15 V   0.86288 0.02248 0.11173 0.00291 ( 1)
  16 S   0.85775 0.02761 0.11106 0.00358 ( 1)
  17 P   0.85812 0.02724 0.11111 0.00353 ( 1)
  18 Q   0.85710 0.02826 0.11098 0.00366 ( 1)
  19 Q   0.85710 0.02826 0.11098 0.00366 ( 1)
  20 I   0.86330 0.02206 0.11178 0.00286 ( 1)
  21 S   0.86450 0.02086 0.11194 0.00270 ( 1)
  22 T   0.86133 0.02403 0.11153 0.00311 ( 1)
  23 W   0.84665 0.03871 0.10963 0.00501 ( 1)
  24 A   0.84797 0.03739 0.10980 0.00484 ( 1)
  25 D   0.73603 0.14933 0.09530 0.01934 ( 1)
  26 K   0.86318 0.02218 0.11177 0.00287 ( 1)
  27 I   0.84913 0.03623 0.10995 0.00469 ( 1)
  28 L   0.84607 0.03929 0.10955 0.00509 ( 1)
  29 P   0.85260 0.03276 0.11040 0.00424 ( 1)
  30 N   0.73571 0.14966 0.09526 0.01938 ( 1)
  31 G   0.85876 0.02660 0.11119 0.00344 ( 1)
  32 E   0.85424 0.03112 0.11061 0.00403 ( 1)
  33 R   0.24185 0.64351 0.03132 0.08332 ( 2)
  34 V   0.86270 0.02266 0.11171 0.00293 ( 1)
  35 G   0.85876 0.02660 0.11119 0.00344 ( 1)
  36 E   0.85424 0.03112 0.11061 0.00403 ( 1)
  37 V   0.84998 0.03538 0.11006 0.00458 ( 1)
  38 T   0.85903 0.02633 0.11123 0.00341 ( 1)
  39 K   0.86318 0.02218 0.11177 0.00287 ( 1)
  40 P   0.85812 0.02724 0.11111 0.00353 ( 1)
  41 Y   0.86110 0.02426 0.11150 0.00314 ( 1)
  42 T   0.86133 0.02403 0.11153 0.00311 ( 1)
  43 F   0.86284 0.02252 0.11172 0.00292 ( 1)
  44 H   0.86380 0.02156 0.11185 0.00279 ( 1)
  45 Y   0.84989 0.03547 0.11005 0.00459 ( 1)
  46 K   0.86318 0.02218 0.11177 0.00287 ( 1)
  47 T   0.84652 0.03884 0.10961 0.00503 ( 1)
  48 N   0.86669 0.01867 0.11222 0.00242 ( 1)
  49 K   0.86318 0.02218 0.11177 0.00287 ( 1)
  50 P   0.84521 0.04015 0.10944 0.00520 ( 1)
  51 E   0.86316 0.02220 0.11177 0.00287 ( 1)
  52 K   0.86318 0.02218 0.11177 0.00287 ( 1)
  53 D   0.86667 0.01869 0.11222 0.00242 ( 1)
  54 G   0.85876 0.02660 0.11119 0.00344 ( 1)
  55 L   0.85210 0.03326 0.11033 0.00431 ( 1)
  56 F   0.86284 0.02252 0.11172 0.00292 ( 1)
  57 C   0.85953 0.02583 0.11129 0.00335 ( 1)
  58 E   0.86316 0.02220 0.11177 0.00287 ( 1)
  59 R   0.84707 0.03829 0.10968 0.00496 ( 1)
  60 I   0.86392 0.02144 0.11186 0.00278 ( 1)
  61 F   0.86284 0.02252 0.11172 0.00292 ( 1)
  62 G   0.84938 0.03598 0.10998 0.00466 ( 1)
  63 P   0.85812 0.02724 0.11111 0.00353 ( 1)
  64 I   0.63044 0.25492 0.08163 0.03301 ( 1)
  65 K   0.86318 0.02218 0.11177 0.00287 ( 1)
  66 S   0.86450 0.02086 0.11194 0.00270 ( 1)
  67 G   0.85876 0.02660 0.11119 0.00344 ( 1)
  68 I   0.86392 0.02144 0.11186 0.00278 ( 1)
  69 C   0.85953 0.02583 0.11129 0.00335 ( 1)
  70 A   0.86130 0.02406 0.11152 0.00312 ( 1)
  71 C   0.85953 0.02583 0.11129 0.00335 ( 1)
  72 G   0.85876 0.02660 0.11119 0.00344 ( 1)
  73 N   0.86669 0.01867 0.11222 0.00242 ( 1)
  74 Y   0.86110 0.02426 0.11150 0.00314 ( 1)
  75 R   0.85119 0.03417 0.11022 0.00442 ( 1)
  76 V   0.86054 0.02482 0.11143 0.00321 ( 1)
  77 I   0.85004 0.03532 0.11007 0.00457 ( 1)
  78 G   0.68435 0.20101 0.08861 0.02603 ( 1)
  79 D   0.86667 0.01869 0.11222 0.00242 ( 1)
  80 K   0.86318 0.02218 0.11177 0.00287 ( 1)
  81 K   0.86318 0.02218 0.11177 0.00287 ( 1)
  82 K   0.70452 0.18084 0.09122 0.02342 ( 1)
  83 Y   0.63981 0.24555 0.08285 0.03180 ( 1)
  84 R   0.61583 0.26952 0.07974 0.03490 ( 1)
  85 K   0.70913 0.17623 0.09182 0.02282 ( 1)
  86 F   0.70975 0.17561 0.09190 0.02274 ( 1)
  87 C   0.85953 0.02583 0.11129 0.00335 ( 1)
  88 E   0.86316 0.02220 0.11177 0.00287 ( 1)
  89 Q   0.85710 0.02826 0.11098 0.00366 ( 1)
  90 C   0.84616 0.03920 0.10956 0.00508 ( 1)
  91 G   0.84988 0.03548 0.11005 0.00459 ( 1)
  92 V   0.84741 0.03795 0.10973 0.00491 ( 1)
  93 E   0.85424 0.03112 0.11061 0.00403 ( 1)
  94 F   0.86284 0.02252 0.11172 0.00292 ( 1)
  95 I   0.71228 0.17308 0.09223 0.02241 ( 1)
  96 D   0.86667 0.01869 0.11222 0.00242 ( 1)
  97 S   0.85775 0.02761 0.11106 0.00358 ( 1)
  98 R   0.84660 0.03876 0.10962 0.00502 ( 1)
  99 I   0.71171 0.17365 0.09215 0.02249 ( 1)
 100 R   0.85132 0.03404 0.11023 0.00441 ( 1)
 101 R   0.86010 0.02526 0.11137 0.00327 ( 1)
 102 Y   0.86110 0.02426 0.11150 0.00314 ( 1)
 103 Q   0.85710 0.02826 0.11098 0.00366 ( 1)
 104 M   0.86142 0.02394 0.11154 0.00310 ( 1)
 105 G   0.84707 0.03829 0.10968 0.00496 ( 1)
 106 Y   0.84641 0.03895 0.10960 0.00504 ( 1)
 107 I   0.84913 0.03623 0.10995 0.00469 ( 1)
 108 K   0.86318 0.02218 0.11177 0.00287 ( 1)
 109 L   0.84607 0.03929 0.10955 0.00509 ( 1)
 110 A   0.85900 0.02636 0.11123 0.00341 ( 1)
 111 C   0.84616 0.03920 0.10956 0.00508 ( 1)
 112 P   0.85589 0.02947 0.11082 0.00382 ( 1)
 113 V   0.86003 0.02533 0.11136 0.00328 ( 1)
 114 T   0.84652 0.03884 0.10961 0.00503 ( 1)
 115 H   0.85064 0.03472 0.11014 0.00450 ( 1)
 116 V   0.85153 0.03383 0.11026 0.00438 ( 1)
 117 W   0.84665 0.03871 0.10963 0.00501 ( 1)
 118 Y   0.86110 0.02426 0.11150 0.00314 ( 1)
 119 L   0.84845 0.03691 0.10986 0.00478 ( 1)
 120 K   0.86318 0.02218 0.11177 0.00287 ( 1)
 121 R   0.85906 0.02630 0.11123 0.00340 ( 1)
 122 L   0.86045 0.02491 0.11141 0.00323 ( 1)
 123 P   0.85812 0.02724 0.11111 0.00353 ( 1)
 124 S   0.86450 0.02086 0.11194 0.00270 ( 1)
 125 Y   0.86110 0.02426 0.11150 0.00314 ( 1)
 126 I   0.86392 0.02144 0.11186 0.00278 ( 1)
 127 A   0.84872 0.03664 0.10990 0.00474 ( 1)
 128 N   0.86669 0.01867 0.11222 0.00242 ( 1)
 129 L   0.69603 0.18933 0.09012 0.02452 ( 1)
 130 L   0.85210 0.03326 0.11033 0.00431 ( 1)
 131 D   0.86667 0.01869 0.11222 0.00242 ( 1)
 132 K   0.86318 0.02218 0.11177 0.00287 ( 1)
 133 P   0.85812 0.02724 0.11111 0.00353 ( 1)
 134 L   0.86045 0.02491 0.11141 0.00323 ( 1)
 135 K   0.86318 0.02218 0.11177 0.00287 ( 1)
 136 E   0.86316 0.02220 0.11177 0.00287 ( 1)
 137 L   0.85210 0.03326 0.11033 0.00431 ( 1)
 138 E   0.86316 0.02220 0.11177 0.00287 ( 1)
 139 G   0.84707 0.03829 0.10968 0.00496 ( 1)
 140 L   0.85298 0.03238 0.11045 0.00419 ( 1)
 141 V   0.86054 0.02482 0.11143 0.00321 ( 1)
 142 Y   0.84641 0.03895 0.10960 0.00504 ( 1)
 143 C   0.84616 0.03920 0.10956 0.00508 ( 1)
 144 D   0.86667 0.01869 0.11222 0.00242 ( 1)
 145 F   0.86284 0.02252 0.11172 0.00292 ( 1)
 146 A   0.86130 0.02406 0.11152 0.00312 ( 1)
 147 R   0.85205 0.03331 0.11033 0.00431 ( 1)
 148 P   0.84486 0.04050 0.10940 0.00524 ( 1)
 149 I   0.86330 0.02206 0.11178 0.00286 ( 1)
 150 A   0.86130 0.02406 0.11152 0.00312 ( 1)
 151 K   0.86318 0.02218 0.11177 0.00287 ( 1)
 152 K   0.86318 0.02218 0.11177 0.00287 ( 1)
 153 P   0.84486 0.04050 0.10940 0.00524 ( 1)
 154 T   0.86133 0.02403 0.11153 0.00311 ( 1)
 155 F   0.85565 0.02971 0.11079 0.00385 ( 1)
 156 L   0.85210 0.03326 0.11033 0.00431 ( 1)
 157 R   0.85132 0.03404 0.11023 0.00441 ( 1)
 158 L   0.85210 0.03326 0.11033 0.00431 ( 1)
 159 R   0.85079 0.03457 0.11016 0.00448 ( 1)
 160 G   0.86232 0.02304 0.11166 0.00298 ( 1)
 161 L   0.84750 0.03786 0.10974 0.00490 ( 1)
 162 F   0.84986 0.03550 0.11004 0.00460 ( 1)
 163 E   0.71189 0.17348 0.09218 0.02246 ( 1)
 164 Y   0.86110 0.02426 0.11150 0.00314 ( 1)
 165 E   0.86316 0.02220 0.11177 0.00287 ( 1)
 166 I   0.84913 0.03623 0.10995 0.00469 ( 1)
 167 Q   0.85710 0.02826 0.11098 0.00366 ( 1)
 168 S   0.84468 0.04068 0.10937 0.00527 ( 1)
 169 W   0.84665 0.03871 0.10963 0.00501 ( 1)
 170 K   0.86318 0.02218 0.11177 0.00287 ( 1)
 171 Y   0.84704 0.03832 0.10968 0.00496 ( 1)
 172 S   0.85062 0.03474 0.11014 0.00450 ( 1)
 173 I   0.84913 0.03623 0.10995 0.00469 ( 1)
 174 P   0.85254 0.03282 0.11039 0.00425 ( 1)
 175 L   0.86045 0.02491 0.11141 0.00323 ( 1)
 176 F   0.86284 0.02252 0.11172 0.00292 ( 1)
 177 F   0.86284 0.02252 0.11172 0.00292 ( 1)
 178 T   0.86133 0.02403 0.11153 0.00311 ( 1)
 179 T   0.84652 0.03884 0.10961 0.00503 ( 1)
 180 Q   0.85619 0.02917 0.11086 0.00378 ( 1)
 181 G   0.84707 0.03829 0.10968 0.00496 ( 1)
 182 F   0.85317 0.03219 0.11047 0.00417 ( 1)
 183 D   0.86667 0.01869 0.11222 0.00242 ( 1)
 184 T   0.85903 0.02633 0.11123 0.00341 ( 1)
 185 F   0.86284 0.02252 0.11172 0.00292 ( 1)
 186 R   0.85132 0.03404 0.11023 0.00441 ( 1)
 187 N   0.86669 0.01867 0.11222 0.00242 ( 1)
 188 R   0.85139 0.03397 0.11024 0.00440 ( 1)
 189 E   0.85424 0.03112 0.11061 0.00403 ( 1)
 190 I   0.84913 0.03623 0.10995 0.00469 ( 1)
 191 S   0.85378 0.03158 0.11055 0.00409 ( 1)
 192 T   0.86094 0.02442 0.11148 0.00316 ( 1)
 193 G   0.85876 0.02660 0.11119 0.00344 ( 1)
 194 A   0.85900 0.02636 0.11123 0.00341 ( 1)
 195 G   0.86232 0.02304 0.11166 0.00298 ( 1)
 196 A   0.86130 0.02406 0.11152 0.00312 ( 1)
 197 I   0.85109 0.03427 0.11020 0.00444 ( 1)
 198 R   0.85132 0.03404 0.11023 0.00441 ( 1)
 199 E   0.86316 0.02220 0.11177 0.00287 ( 1)
 200 Q   0.85710 0.02826 0.11098 0.00366 ( 1)
 201 L   0.85210 0.03326 0.11033 0.00431 ( 1)
 202 A   0.84696 0.03840 0.10967 0.00497 ( 1)
 203 D   0.86667 0.01869 0.11222 0.00242 ( 1)
 204 L   0.85276 0.03260 0.11042 0.00422 ( 1)
 205 D   0.86667 0.01869 0.11222 0.00242 ( 1)
 206 L   0.85210 0.03326 0.11033 0.00431 ( 1)
 207 R   0.84626 0.03910 0.10958 0.00506 ( 1)
 208 I   0.86392 0.02144 0.11186 0.00278 ( 1)
 209 I   0.86392 0.02144 0.11186 0.00278 ( 1)
 210 I   0.86330 0.02206 0.11178 0.00286 ( 1)
 211 D   0.86667 0.01869 0.11222 0.00242 ( 1)
 212 S   0.85775 0.02761 0.11106 0.00358 ( 1)
 213 S   0.84990 0.03546 0.11005 0.00459 ( 1)
 214 L   0.84750 0.03786 0.10974 0.00490 ( 1)
 215 V   0.86054 0.02482 0.11143 0.00321 ( 1)
 216 E   0.86316 0.02220 0.11177 0.00287 ( 1)
 217 W   0.84665 0.03871 0.10963 0.00501 ( 1)
 218 K   0.86318 0.02218 0.11177 0.00287 ( 1)
 219 E   0.85424 0.03112 0.11061 0.00403 ( 1)
 220 L   0.84750 0.03786 0.10974 0.00490 ( 1)
 221 G   0.84938 0.03598 0.10998 0.00466 ( 1)
 222 E   0.86316 0.02220 0.11177 0.00287 ( 1)
 223 D   0.65201 0.23335 0.08442 0.03022 ( 1)
 224 R   0.70620 0.17916 0.09144 0.02320 ( 1)
 225 P   0.84486 0.04050 0.10940 0.00524 ( 1)
 226 T   0.85860 0.02676 0.11117 0.00347 ( 1)
 227 G   0.84938 0.03598 0.10998 0.00466 ( 1)
 228 N   0.86669 0.01867 0.11222 0.00242 ( 1)
 229 E   0.85745 0.02791 0.11103 0.00361 ( 1)
 230 W   0.84665 0.03871 0.10963 0.00501 ( 1)
 231 E   0.86316 0.02220 0.11177 0.00287 ( 1)
 232 D   0.86667 0.01869 0.11222 0.00242 ( 1)
 233 R   0.85132 0.03404 0.11023 0.00441 ( 1)
 234 K   0.13773 0.74762 0.01783 0.09681 ( 2)
 235 V   0.86288 0.02248 0.11173 0.00291 ( 1)
 236 G   0.85876 0.02660 0.11119 0.00344 ( 1)
 237 R   0.86010 0.02526 0.11137 0.00327 ( 1)
 238 R   0.85119 0.03417 0.11022 0.00442 ( 1)
 239 K   0.85427 0.03109 0.11061 0.00403 ( 1)
 240 D   0.73498 0.15038 0.09517 0.01947 ( 1)
 241 F   0.86284 0.02252 0.11172 0.00292 ( 1)
 242 L   0.84750 0.03786 0.10974 0.00490 ( 1)
 243 V   0.85344 0.03191 0.11051 0.00413 ( 1)
 244 R   0.85969 0.02567 0.11132 0.00332 ( 1)
 245 R   0.85925 0.02611 0.11126 0.00338 ( 1)
 246 M   0.86142 0.02394 0.11154 0.00310 ( 1)
 247 E   0.86316 0.02220 0.11177 0.00287 ( 1)
 248 L   0.85210 0.03326 0.11033 0.00431 ( 1)
 249 A   0.85364 0.03172 0.11053 0.00411 ( 1)
 250 K   0.85427 0.03109 0.11061 0.00403 ( 1)
 251 H   0.86380 0.02156 0.11185 0.00279 ( 1)
 252 F   0.86284 0.02252 0.11172 0.00292 ( 1)
 253 I   0.86392 0.02144 0.11186 0.00278 ( 1)
 254 R   0.85132 0.03404 0.11023 0.00441 ( 1)
 255 T   0.85903 0.02633 0.11123 0.00341 ( 1)
 256 N   0.86669 0.01867 0.11222 0.00242 ( 1)
 257 I   0.86330 0.02206 0.11178 0.00286 ( 1)
 258 D   0.65375 0.23161 0.08465 0.02999 ( 1)
 259 P   0.85599 0.02937 0.11084 0.00380 ( 1)
 260 E   0.71094 0.17442 0.09205 0.02258 ( 1)
 261 W   0.84665 0.03871 0.10963 0.00501 ( 1)
 262 M   0.86142 0.02394 0.11154 0.00310 ( 1)
 263 V   0.71093 0.17443 0.09205 0.02259 ( 1)
 264 L   0.84750 0.03786 0.10974 0.00490 ( 1)
 265 C   0.85953 0.02583 0.11129 0.00335 ( 1)
 266 L   0.85298 0.03238 0.11045 0.00419 ( 1)
 267 L   0.85210 0.03326 0.11033 0.00431 ( 1)
 268 P   0.85812 0.02724 0.11111 0.00353 ( 1)
 269 V   0.86259 0.02277 0.11169 0.00295 ( 1)
 270 L   0.86045 0.02491 0.11141 0.00323 ( 1)
 271 P   0.85812 0.02724 0.11111 0.00353 ( 1)
 272 P   0.85812 0.02724 0.11111 0.00353 ( 1)
 273 E   0.85424 0.03112 0.11061 0.00403 ( 1)
 274 L   0.85210 0.03326 0.11033 0.00431 ( 1)
 275 R   0.86010 0.02526 0.11137 0.00327 ( 1)
 276 P   0.84678 0.03858 0.10965 0.00499 ( 1)
 277 I   0.84913 0.03623 0.10995 0.00469 ( 1)
 278 V   0.70390 0.18146 0.09114 0.02350 ( 1)
 279 Q   0.63844 0.24692 0.08267 0.03197 ( 1)
 280 I   0.86330 0.02206 0.11178 0.00286 ( 1)
 281 D   0.85305 0.03231 0.11046 0.00418 ( 1)
 282 G   0.84938 0.03598 0.10998 0.00466 ( 1)
 283 G   0.86232 0.02304 0.11166 0.00298 ( 1)
 284 K   0.86318 0.02218 0.11177 0.00287 ( 1)
 285 L   0.85240 0.03296 0.11037 0.00427 ( 1)
 286 M   0.70248 0.18288 0.09096 0.02368 ( 1)
 287 S   0.85062 0.03474 0.11014 0.00450 ( 1)
 288 S   0.84600 0.03936 0.10954 0.00510 ( 1)
 289 D   0.86667 0.01869 0.11222 0.00242 ( 1)
 290 I   0.86392 0.02144 0.11186 0.00278 ( 1)
 291 N   0.86669 0.01867 0.11222 0.00242 ( 1)
 292 E   0.86316 0.02220 0.11177 0.00287 ( 1)
 293 L   0.84607 0.03929 0.10955 0.00509 ( 1)
 294 Y   0.86014 0.02522 0.11138 0.00327 ( 1)
 295 R   0.86010 0.02526 0.11137 0.00327 ( 1)
 296 R   0.86010 0.02526 0.11137 0.00327 ( 1)
 297 V   0.86288 0.02248 0.11173 0.00291 ( 1)
 298 I   0.84959 0.03577 0.11001 0.00463 ( 1)
 299 Y   0.86110 0.02426 0.11150 0.00314 ( 1)
 300 R   0.84668 0.03868 0.10963 0.00501 ( 1)
 301 N   0.85307 0.03229 0.11046 0.00418 ( 1)
 302 N   0.86669 0.01867 0.11222 0.00242 ( 1)
 303 T   0.86133 0.02403 0.11153 0.00311 ( 1)
 304 L   0.86045 0.02491 0.11141 0.00323 ( 1)
 305 T   0.84652 0.03884 0.10961 0.00503 ( 1)
 306 D   0.85305 0.03231 0.11046 0.00418 ( 1)
 307 L   0.85289 0.03247 0.11044 0.00420 ( 1)
 308 L   0.85210 0.03326 0.11033 0.00431 ( 1)
 309 T   0.85903 0.02633 0.11123 0.00341 ( 1)
 310 T   0.85903 0.02633 0.11123 0.00341 ( 1)
 311 S   0.86450 0.02086 0.11194 0.00270 ( 1)
 312 R   0.86010 0.02526 0.11137 0.00327 ( 1)
 313 S   0.85775 0.02761 0.11106 0.00358 ( 1)
 314 T   0.84874 0.03662 0.10990 0.00474 ( 1)
 315 P   0.85599 0.02937 0.11084 0.00380 ( 1)
 316 G   0.85876 0.02660 0.11119 0.00344 ( 1)
 317 E   0.86285 0.02251 0.11172 0.00291 ( 1)
 318 L   0.85210 0.03326 0.11033 0.00431 ( 1)
 319 V   0.69691 0.18845 0.09024 0.02440 ( 1)
 320 M   0.86142 0.02394 0.11154 0.00310 ( 1)
 321 C   0.85824 0.02712 0.11113 0.00351 ( 1)
 322 Q   0.84975 0.03561 0.11003 0.00461 ( 1)
 323 E   0.85424 0.03112 0.11061 0.00403 ( 1)
 324 K   0.86318 0.02218 0.11177 0.00287 ( 1)
 325 L   0.84758 0.03778 0.10975 0.00489 ( 1)
 326 V   0.86054 0.02482 0.11143 0.00321 ( 1)
 327 Q   0.85710 0.02826 0.11098 0.00366 ( 1)
 328 E   0.86214 0.02322 0.11163 0.00301 ( 1)
 329 A   0.84651 0.03885 0.10961 0.00503 ( 1)
 330 V   0.85117 0.03419 0.11021 0.00443 ( 1)
 331 D   0.86667 0.01869 0.11222 0.00242 ( 1)
 332 T   0.85903 0.02633 0.11123 0.00341 ( 1)
 333 L   0.86045 0.02491 0.11141 0.00323 ( 1)
 334 L   0.85913 0.02623 0.11124 0.00340 ( 1)
 335 D   0.86667 0.01869 0.11222 0.00242 ( 1)
 336 N   0.86669 0.01867 0.11222 0.00242 ( 1)
 337 G   0.85876 0.02660 0.11119 0.00344 ( 1)
 338 I   0.84913 0.03623 0.10995 0.00469 ( 1)
 339 R   0.85925 0.02611 0.11126 0.00338 ( 1)
 340 G   0.85876 0.02660 0.11119 0.00344 ( 1)
 341 Q   0.85710 0.02826 0.11098 0.00366 ( 1)
 342 P   0.84896 0.03640 0.10993 0.00471 ( 1)
 343 M   0.70263 0.18273 0.09098 0.02366 ( 1)
 344 R   0.85205 0.03331 0.11033 0.00431 ( 1)
 345 D   0.85305 0.03231 0.11046 0.00418 ( 1)
 346 G   0.84724 0.03812 0.10970 0.00494 ( 1)
 347 H   0.86380 0.02156 0.11185 0.00279 ( 1)
 348 N   0.86669 0.01867 0.11222 0.00242 ( 1)
 349 K   0.86318 0.02218 0.11177 0.00287 ( 1)
 350 V   0.86288 0.02248 0.11173 0.00291 ( 1)
 351 Y   0.84641 0.03895 0.10960 0.00504 ( 1)
 352 K   0.85456 0.03080 0.11065 0.00399 ( 1)
 353 S   0.85254 0.03282 0.11039 0.00425 ( 1)
 354 F   0.86284 0.02252 0.11172 0.00292 ( 1)
 355 S   0.85163 0.03373 0.11027 0.00437 ( 1)
 356 D   0.86667 0.01869 0.11222 0.00242 ( 1)
 357 V   0.86054 0.02482 0.11143 0.00321 ( 1)
 358 I   0.86392 0.02144 0.11186 0.00278 ( 1)
 359 E   0.86316 0.02220 0.11177 0.00287 ( 1)
 360 G   0.84773 0.03763 0.10977 0.00487 ( 1)
 361 K   0.86318 0.02218 0.11177 0.00287 ( 1)
 362 E   0.85424 0.03112 0.11061 0.00403 ( 1)
 363 G   0.85876 0.02660 0.11119 0.00344 ( 1)
 364 R   0.86010 0.02526 0.11137 0.00327 ( 1)
 365 F   0.86284 0.02252 0.11172 0.00292 ( 1)
 366 R   0.84543 0.03992 0.10947 0.00517 ( 1)
 367 E   0.85625 0.02911 0.11087 0.00377 ( 1)
 368 T   0.86133 0.02403 0.11153 0.00311 ( 1)
 369 L   0.84657 0.03879 0.10962 0.00502 ( 1)
 370 L   0.86045 0.02491 0.11141 0.00323 ( 1)
 371 G   0.84707 0.03829 0.10968 0.00496 ( 1)
 372 K   0.86318 0.02218 0.11177 0.00287 ( 1)
 373 R   0.84850 0.03686 0.10987 0.00477 ( 1)
 374 V   0.84954 0.03582 0.11000 0.00464 ( 1)
 375 D   0.86667 0.01869 0.11222 0.00242 ( 1)
 376 Y   0.86110 0.02426 0.11150 0.00314 ( 1)
 377 S   0.85115 0.03421 0.11021 0.00443 ( 1)
 378 G   0.84938 0.03598 0.10998 0.00466 ( 1)
 379 R   0.85925 0.02611 0.11126 0.00338 ( 1)
 380 S   0.84990 0.03546 0.11005 0.00459 ( 1)
 381 V   0.84741 0.03795 0.10973 0.00491 ( 1)
 382 I   0.86392 0.02144 0.11186 0.00278 ( 1)
 383 V   0.84741 0.03795 0.10973 0.00491 ( 1)
 384 V   0.84978 0.03558 0.11003 0.00461 ( 1)
 385 G   0.84707 0.03829 0.10968 0.00496 ( 1)
 386 P   0.84486 0.04050 0.10940 0.00524 ( 1)
 387 S   0.64637 0.23899 0.08369 0.03095 ( 1)
 388 L   0.85984 0.02552 0.11133 0.00330 ( 1)
 389 S   0.85184 0.03352 0.11030 0.00434 ( 1)
 390 L   0.85210 0.03326 0.11033 0.00431 ( 1)
 391 H   0.70350 0.18186 0.09109 0.02355 ( 1)
 392 Q   0.85710 0.02826 0.11098 0.00366 ( 1)
 393 C   0.84616 0.03920 0.10956 0.00508 ( 1)
 394 G   0.85876 0.02660 0.11119 0.00344 ( 1)
 395 L   0.84759 0.03777 0.10975 0.00489 ( 1)
 396 P   0.84660 0.03876 0.10962 0.00502 ( 1)
 397 R   0.84584 0.03952 0.10952 0.00512 ( 1)
 398 E   0.86316 0.02220 0.11177 0.00287 ( 1)
 399 I   0.86330 0.02206 0.11178 0.00286 ( 1)
 400 A   0.85900 0.02636 0.11123 0.00341 ( 1)
 401 I   0.86330 0.02206 0.11178 0.00286 ( 1)
 402 E   0.85424 0.03112 0.11061 0.00403 ( 1)
 403 L   0.86045 0.02491 0.11141 0.00323 ( 1)
 404 F   0.84986 0.03550 0.11004 0.00460 ( 1)
 405 Q   0.84975 0.03561 0.11003 0.00461 ( 1)
 406 T   0.85803 0.02733 0.11110 0.00354 ( 1)
 407 F   0.86284 0.02252 0.11172 0.00292 ( 1)
 408 V   0.86054 0.02482 0.11143 0.00321 ( 1)
 409 I   0.86392 0.02144 0.11186 0.00278 ( 1)
 410 R   0.85925 0.02611 0.11126 0.00338 ( 1)
 411 S   0.71280 0.17256 0.09230 0.02234 ( 1)
 412 L   0.85298 0.03238 0.11045 0.00419 ( 1)
 413 I   0.86392 0.02144 0.11186 0.00278 ( 1)
 414 R   0.85953 0.02583 0.11130 0.00334 ( 1)
 415 Q   0.85710 0.02826 0.11098 0.00366 ( 1)
 416 H   0.70344 0.18192 0.09108 0.02356 ( 1)
 417 I   0.70179 0.18357 0.09087 0.02377 ( 1)
 418 A   0.70048 0.18488 0.09070 0.02394 ( 1)
 419 S   0.84602 0.03934 0.10955 0.00509 ( 1)
 420 N   0.86669 0.01867 0.11222 0.00242 ( 1)
 421 I   0.86330 0.02206 0.11178 0.00286 ( 1)
 422 G   0.85876 0.02660 0.11119 0.00344 ( 1)
 423 V   0.86288 0.02248 0.11173 0.00291 ( 1)
 424 A   0.86130 0.02406 0.11152 0.00312 ( 1)
 425 K   0.85427 0.03109 0.11061 0.00403 ( 1)
 426 S   0.86450 0.02086 0.11194 0.00270 ( 1)
 427 K   0.86318 0.02218 0.11177 0.00287 ( 1)
 428 I   0.86392 0.02144 0.11186 0.00278 ( 1)
 429 R   0.84626 0.03910 0.10958 0.00506 ( 1)
 430 E   0.86316 0.02220 0.11177 0.00287 ( 1)
 431 K   0.86318 0.02218 0.11177 0.00287 ( 1)
 432 K   0.70711 0.17825 0.09156 0.02308 ( 1)
 433 P   0.61970 0.26566 0.08024 0.03440 ( 1)
 434 I   0.71122 0.17414 0.09209 0.02255 ( 1)
 435 V   0.86054 0.02482 0.11143 0.00321 ( 1)
 436 W   0.84665 0.03871 0.10963 0.00501 ( 1)
 437 E   0.86316 0.02220 0.11177 0.00287 ( 1)
 438 I   0.86330 0.02206 0.11178 0.00286 ( 1)
 439 L   0.86045 0.02491 0.11141 0.00323 ( 1)
 440 R   0.84611 0.03925 0.10956 0.00508 ( 1)
 441 E   0.86316 0.02220 0.11177 0.00287 ( 1)
 442 V   0.86288 0.02248 0.11173 0.00291 ( 1)
 443 L   0.69989 0.18547 0.09062 0.02402 ( 1)
 444 R   0.84626 0.03910 0.10958 0.00506 ( 1)
 445 G   0.84957 0.03579 0.11001 0.00463 ( 1)
 446 H   0.86248 0.02288 0.11168 0.00296 ( 1)
 447 P   0.85812 0.02724 0.11111 0.00353 ( 1)
 448 V   0.86054 0.02482 0.11143 0.00321 ( 1)
 449 L   0.84750 0.03786 0.10974 0.00490 ( 1)
 450 L   0.85285 0.03251 0.11043 0.00421 ( 1)
 451 N   0.86646 0.01890 0.11219 0.00245 ( 1)
 452 R   0.86010 0.02526 0.11137 0.00327 ( 1)
 453 A   0.85900 0.02636 0.11123 0.00341 ( 1)
 454 P   0.85812 0.02724 0.11111 0.00353 ( 1)
 455 T   0.86133 0.02403 0.11153 0.00311 ( 1)
 456 L   0.84497 0.04039 0.10941 0.00523 ( 1)
 457 H   0.86380 0.02156 0.11185 0.00279 ( 1)
 458 R   0.69409 0.19127 0.08987 0.02477 ( 1)
 459 L   0.85210 0.03326 0.11033 0.00431 ( 1)
 460 G   0.84773 0.03763 0.10977 0.00487 ( 1)
 461 I   0.85917 0.02619 0.11125 0.00339 ( 1)
 462 Q   0.84975 0.03561 0.11003 0.00461 ( 1)
 463 A   0.85900 0.02636 0.11123 0.00341 ( 1)
 464 F   0.84986 0.03550 0.11004 0.00460 ( 1)
 465 Q   0.84975 0.03561 0.11003 0.00461 ( 1)
 466 P   0.85812 0.02724 0.11111 0.00353 ( 1)
 467 V   0.86288 0.02248 0.11173 0.00291 ( 1)
 468 L   0.85144 0.03392 0.11025 0.00439 ( 1)
 469 V   0.84978 0.03558 0.11003 0.00461 ( 1)
 470 E   0.85530 0.03006 0.11075 0.00389 ( 1)
 471 G   0.70842 0.17694 0.09173 0.02291 ( 1)
 472 R   0.85925 0.02611 0.11126 0.00338 ( 1)
 473 A   0.86130 0.02406 0.11152 0.00312 ( 1)
 474 I   0.86392 0.02144 0.11186 0.00278 ( 1)
 475 C   0.69041 0.19495 0.08940 0.02524 ( 1)
 476 L   0.85210 0.03326 0.11033 0.00431 ( 1)
 477 H   0.86380 0.02156 0.11185 0.00279 ( 1)
 478 P   0.85599 0.02937 0.11084 0.00380 ( 1)
 479 L   0.85195 0.03341 0.11031 0.00433 ( 1)
 480 V   0.86288 0.02248 0.11173 0.00291 ( 1)
 481 R   0.85925 0.02611 0.11126 0.00338 ( 1)
 482 K   0.86318 0.02218 0.11177 0.00287 ( 1)
 483 G   0.85854 0.02682 0.11117 0.00347 ( 1)
 484 F   0.84986 0.03550 0.11004 0.00460 ( 1)
 485 N   0.86669 0.01867 0.11222 0.00242 ( 1)
 486 A   0.85900 0.02636 0.11123 0.00341 ( 1)
 487 D   0.85305 0.03231 0.11046 0.00418 ( 1)
 488 F   0.86284 0.02252 0.11172 0.00292 ( 1)
 489 D   0.85305 0.03231 0.11046 0.00418 ( 1)
 490 G   0.84938 0.03598 0.10998 0.00466 ( 1)
 491 D   0.86667 0.01869 0.11222 0.00242 ( 1)
 492 Q   0.85710 0.02826 0.11098 0.00366 ( 1)
 493 M   0.86142 0.02394 0.11154 0.00310 ( 1)
 494 A   0.86130 0.02406 0.11152 0.00312 ( 1)
 495 V   0.86288 0.02248 0.11173 0.00291 ( 1)
 496 H   0.86380 0.02156 0.11185 0.00279 ( 1)
 497 V   0.84978 0.03558 0.11003 0.00461 ( 1)
 498 P   0.85812 0.02724 0.11111 0.00353 ( 1)
 499 L   0.85210 0.03326 0.11033 0.00431 ( 1)
 500 S   0.85775 0.02761 0.11106 0.00358 ( 1)
 501 F   0.86284 0.02252 0.11172 0.00292 ( 1)
 502 E   0.85424 0.03112 0.11061 0.00403 ( 1)
 503 A   0.86130 0.02406 0.11152 0.00312 ( 1)
 504 Q   0.85710 0.02826 0.11098 0.00366 ( 1)
 505 A   0.84872 0.03664 0.10990 0.00474 ( 1)
 506 E   0.86316 0.02220 0.11177 0.00287 ( 1)
 507 A   0.85900 0.02636 0.11123 0.00341 ( 1)
 508 R   0.85925 0.02611 0.11126 0.00338 ( 1)
 509 L   0.85210 0.03326 0.11033 0.00431 ( 1)
 510 L   0.86045 0.02491 0.11141 0.00323 ( 1)
 511 M   0.86142 0.02394 0.11154 0.00310 ( 1)
 512 F   0.86284 0.02252 0.11172 0.00292 ( 1)
 513 S   0.85775 0.02761 0.11106 0.00358 ( 1)
 514 H   0.86380 0.02156 0.11185 0.00279 ( 1)
 515 I   0.86392 0.02144 0.11186 0.00278 ( 1)
 516 N   0.85307 0.03229 0.11046 0.00418 ( 1)
 517 L   0.86045 0.02491 0.11141 0.00323 ( 1)
 518 L   0.85210 0.03326 0.11033 0.00431 ( 1)
 519 S   0.85751 0.02785 0.11103 0.00361 ( 1)
 520 P   0.62085 0.26451 0.08039 0.03425 ( 1)
 521 A   0.84872 0.03664 0.10990 0.00474 ( 1)
 522 I   0.86392 0.02144 0.11186 0.00278 ( 1)
 523 G   0.84988 0.03548 0.11005 0.00459 ( 1)
 524 D   0.86667 0.01869 0.11222 0.00242 ( 1)
 525 P   0.85812 0.02724 0.11111 0.00353 ( 1)
 526 I   0.86392 0.02144 0.11186 0.00278 ( 1)
 527 S   0.84468 0.04068 0.10937 0.00527 ( 1)
 528 V   0.86054 0.02482 0.11143 0.00321 ( 1)
 529 P   0.85599 0.02937 0.11084 0.00380 ( 1)
 530 T   0.86133 0.02403 0.11153 0.00311 ( 1)
 531 Q   0.85710 0.02826 0.11098 0.00366 ( 1)
 532 D   0.86535 0.02001 0.11205 0.00259 ( 1)
 533 M   0.86142 0.02394 0.11154 0.00310 ( 1)
 534 L   0.86045 0.02491 0.11141 0.00323 ( 1)
 535 I   0.86392 0.02144 0.11186 0.00278 ( 1)
 536 G   0.85876 0.02660 0.11119 0.00344 ( 1)
 537 L   0.84607 0.03929 0.10955 0.00509 ( 1)
 538 Y   0.86090 0.02446 0.11147 0.00317 ( 1)
 539 V   0.84741 0.03795 0.10973 0.00491 ( 1)
 540 L   0.85210 0.03326 0.11033 0.00431 ( 1)
 541 T   0.85384 0.03152 0.11056 0.00408 ( 1)
 542 S   0.85062 0.03474 0.11014 0.00450 ( 1)
 543 G   0.84938 0.03598 0.10998 0.00466 ( 1)
 544 N   0.86669 0.01867 0.11222 0.00242 ( 1)
 545 R   0.85925 0.02611 0.11126 0.00338 ( 1)
 546 R   0.85109 0.03427 0.11020 0.00444 ( 1)
 547 G   0.86232 0.02304 0.11166 0.00298 ( 1)
 548 I   0.86392 0.02144 0.11186 0.00278 ( 1)
 549 C   0.68284 0.20252 0.08842 0.02622 ( 1)
 550 V   0.86025 0.02511 0.11139 0.00325 ( 1)
 551 N   0.86669 0.01867 0.11222 0.00242 ( 1)
 552 R   0.85205 0.03331 0.11033 0.00431 ( 1)
 553 Y   0.86110 0.02426 0.11150 0.00314 ( 1)
 554 N   0.86669 0.01867 0.11222 0.00242 ( 1)
 555 P   0.66949 0.21587 0.08669 0.02795 ( 1)
 556 S   0.23161 0.65375 0.02999 0.08465 ( 2)
 557 N   0.86669 0.01867 0.11222 0.00242 ( 1)
 558 H   0.18285 0.70251 0.02368 0.09096 ( 2)
 559 R   0.86010 0.02526 0.11137 0.00327 ( 1)
 560 N   0.86669 0.01867 0.11222 0.00242 ( 1)
 561 Q   0.85710 0.02826 0.11098 0.00366 ( 1)
 562 N   0.72952 0.15585 0.09446 0.02018 ( 1)
 563 K   0.70452 0.18084 0.09122 0.02342 ( 1)
 564 R   0.68961 0.19575 0.08929 0.02535 ( 1)
 565 I   0.86383 0.02153 0.11185 0.00279 ( 1)
 566 Y   0.69172 0.19364 0.08957 0.02507 ( 1)
 567 A   0.64804 0.23732 0.08391 0.03073 ( 1)
 568 N   0.58991 0.29545 0.07638 0.03826 ( 1)
 569 N   0.66234 0.22302 0.08576 0.02888 ( 1)
 570 Y   0.68917 0.19619 0.08924 0.02540 ( 1)
 571 K   0.85427 0.03109 0.11061 0.00403 ( 1)
 572 Y   0.86110 0.02426 0.11150 0.00314 ( 1)
 573 T   0.84903 0.03633 0.10994 0.00470 ( 1)
 574 K   0.86318 0.02218 0.11177 0.00287 ( 1)
 575 E   0.86316 0.02220 0.11177 0.00287 ( 1)
 576 K   0.86318 0.02218 0.11177 0.00287 ( 1)
 577 E   0.71234 0.17302 0.09224 0.02240 ( 1)
 578 L   0.03129 0.85407 0.00405 0.11059 ( 2)
 579 F   0.86284 0.02252 0.11172 0.00292 ( 1)
 580 F   0.86284 0.02252 0.11172 0.00292 ( 1)
 581 C   0.85953 0.02583 0.11129 0.00335 ( 1)
 582 N   0.86669 0.01867 0.11222 0.00242 ( 1)
 583 S   0.85374 0.03162 0.11055 0.00409 ( 1)
 584 Y   0.86110 0.02426 0.11150 0.00314 ( 1)
 585 D   0.86667 0.01869 0.11222 0.00242 ( 1)
 586 A   0.85900 0.02636 0.11123 0.00341 ( 1)
 587 I   0.86392 0.02144 0.11186 0.00278 ( 1)
 588 G   0.85876 0.02660 0.11119 0.00344 ( 1)
 589 A   0.86130 0.02406 0.11152 0.00312 ( 1)
 590 Y   0.86110 0.02426 0.11150 0.00314 ( 1)
 591 R   0.61858 0.26678 0.08010 0.03454 ( 1)
 592 Q   0.84975 0.03561 0.11003 0.00461 ( 1)
 593 K   0.86318 0.02218 0.11177 0.00287 ( 1)
 594 Q   0.64409 0.24127 0.08340 0.03124 ( 1)
 595 I   0.84913 0.03623 0.10995 0.00469 ( 1)
 596 N   0.86669 0.01867 0.11222 0.00242 ( 1)
 597 L   0.85210 0.03326 0.11033 0.00431 ( 1)
 598 D   0.73595 0.14941 0.09529 0.01935 ( 1)
 599 S   0.86450 0.02086 0.11194 0.00270 ( 1)
 600 P   0.68143 0.20393 0.08823 0.02641 ( 1)
 601 L   0.84750 0.03786 0.10974 0.00490 ( 1)
 602 W   0.84665 0.03871 0.10963 0.00501 ( 1)
 603 L   0.84607 0.03929 0.10955 0.00509 ( 1)
 604 R   0.84686 0.03850 0.10966 0.00499 ( 1)
 605 W   0.84665 0.03871 0.10963 0.00501 ( 1)
 606 R   0.84660 0.03876 0.10962 0.00502 ( 1)
 607 L   0.85298 0.03238 0.11045 0.00419 ( 1)
 608 D   0.86667 0.01869 0.11222 0.00242 ( 1)
 609 Q   0.85668 0.02868 0.11093 0.00371 ( 1)
 610 R   0.84543 0.03992 0.10947 0.00517 ( 1)
 611 V   0.86288 0.02248 0.11173 0.00291 ( 1)
 612 I   0.86392 0.02144 0.11186 0.00278 ( 1)
 613 A   0.86130 0.02406 0.11152 0.00312 ( 1)
 614 A   0.85900 0.02636 0.11123 0.00341 ( 1)
 615 R   0.86010 0.02526 0.11137 0.00327 ( 1)
 616 E   0.86316 0.02220 0.11177 0.00287 ( 1)
 617 A   0.86130 0.02406 0.11152 0.00312 ( 1)
 618 P   0.85408 0.03128 0.11059 0.00405 ( 1)
 619 L   0.84607 0.03929 0.10955 0.00509 ( 1)
 620 E   0.86316 0.02220 0.11177 0.00287 ( 1)
 621 V   0.86288 0.02248 0.11173 0.00291 ( 1)
 622 H   0.64954 0.23582 0.08411 0.03054 ( 1)
 623 Y   0.86082 0.02454 0.11146 0.00318 ( 1)
 624 E   0.86316 0.02220 0.11177 0.00287 ( 1)
 625 S   0.67698 0.20838 0.08766 0.02698 ( 1)
 626 L   0.84750 0.03786 0.10974 0.00490 ( 1)
 627 G   0.86232 0.02304 0.11166 0.00298 ( 1)
 628 T   0.84702 0.03834 0.10968 0.00496 ( 1)
 629 Y   0.86110 0.02426 0.11150 0.00314 ( 1)
 630 Y   0.86110 0.02426 0.11150 0.00314 ( 1)
 631 D   0.86667 0.01869 0.11222 0.00242 ( 1)
 632 I   0.86392 0.02144 0.11186 0.00278 ( 1)
 633 Y   0.86110 0.02426 0.11150 0.00314 ( 1)
 634 G   0.84938 0.03598 0.10998 0.00466 ( 1)
 635 Q   0.85710 0.02826 0.11098 0.00366 ( 1)
 636 Y   0.86110 0.02426 0.11150 0.00314 ( 1)
 637 L   0.85298 0.03238 0.11045 0.00419 ( 1)
 638 I   0.86330 0.02206 0.11178 0.00286 ( 1)
 639 V   0.86054 0.02482 0.11143 0.00321 ( 1)
 640 R   0.86010 0.02526 0.11137 0.00327 ( 1)
 641 S   0.86450 0.02086 0.11194 0.00270 ( 1)
 642 I   0.71353 0.17183 0.09239 0.02225 ( 1)
 643 E   0.71301 0.17235 0.09232 0.02232 ( 1)
 644 K   0.86318 0.02218 0.11177 0.00287 ( 1)
 645 E   0.86316 0.02220 0.11177 0.00287 ( 1)
 646 I   0.86392 0.02144 0.11186 0.00278 ( 1)
 647 L   0.00004 0.88532 0.00001 0.11463 ( 2)
 648 S   0.85775 0.02761 0.11106 0.00358 ( 1)
 649 I   0.86330 0.02206 0.11178 0.00286 ( 1)
 650 Y   0.86110 0.02426 0.11150 0.00314 ( 1)
 651 I   0.86392 0.02144 0.11186 0.00278 ( 1)
 652 R   0.85132 0.03404 0.11023 0.00441 ( 1)
 653 T   0.86133 0.02403 0.11153 0.00311 ( 1)
 654 T   0.86133 0.02403 0.11153 0.00311 ( 1)
 655 I   0.71112 0.17424 0.09208 0.02256 ( 1)
 656 G   0.86232 0.02304 0.11166 0.00298 ( 1)
 657 H   0.86380 0.02156 0.11185 0.00279 ( 1)
 658 I   0.86392 0.02144 0.11186 0.00278 ( 1)
 659 S   0.85007 0.03529 0.11007 0.00457 ( 1)
 660 I   0.86392 0.02144 0.11186 0.00278 ( 1)
 661 Y   0.86110 0.02426 0.11150 0.00314 ( 1)
 662 R   0.85132 0.03404 0.11023 0.00441 ( 1)
 663 E   0.86316 0.02220 0.11177 0.00287 ( 1)
 664 I   0.84913 0.03623 0.10995 0.00469 ( 1)
 665 E   0.86316 0.02220 0.11177 0.00287 ( 1)
 666 E   0.86316 0.02220 0.11177 0.00287 ( 1)
 667 A   0.86130 0.02406 0.11152 0.00312 ( 1)
 668 I   0.86330 0.02206 0.11178 0.00286 ( 1)
 669 Q   0.84975 0.03561 0.11003 0.00461 ( 1)
 670 G   0.85056 0.03480 0.11013 0.00451 ( 1)
 671 F   0.86284 0.02252 0.11172 0.00292 ( 1)
 672 C   0.85914 0.02622 0.11124 0.00340 ( 1)
 673 Q   0.63380 0.25156 0.08207 0.03257 ( 1)
 674 A   0.84651 0.03885 0.10961 0.00503 ( 1)
 675 C   0.85953 0.02583 0.11129 0.00335 ( 1)


lnL = -4022.225282

Bayes Empirical Bayes (BEB) probabilities for 4 classes (class)
(amino acids refer to 1st sequence: KM035850)

   1 M   0.70677 0.02413 0.25774 0.01136 ( 1)
   2 I   0.70927 0.02163 0.25893 0.01016 ( 1)
   3 D   0.71203 0.01887 0.26025 0.00885 ( 1)
   4 Q   0.69520 0.03570 0.25222 0.01688 ( 1)
   5 Y   0.70645 0.02445 0.25759 0.01151 ( 1)
   6 K   0.70853 0.02237 0.25858 0.01052 ( 1)
   7 H   0.70915 0.02175 0.25887 0.01022 ( 1)
   8 Q   0.70246 0.02844 0.25569 0.01341 ( 1)
   9 Q   0.70246 0.02844 0.25569 0.01341 ( 1)
  10 L   0.69158 0.03931 0.25050 0.01861 ( 1)
  11 R   0.69675 0.03415 0.25296 0.01614 ( 1)
  12 I   0.70927 0.02163 0.25893 0.01016 ( 1)
  13 G   0.70320 0.02770 0.25604 0.01306 ( 1)
  14 S   0.69726 0.03364 0.25320 0.01590 ( 1)
  15 V   0.70823 0.02267 0.25844 0.01066 ( 1)
  16 S   0.70311 0.02779 0.25599 0.01310 ( 1)
  17 P   0.70348 0.02742 0.25617 0.01293 ( 1)
  18 Q   0.70246 0.02844 0.25569 0.01341 ( 1)
  19 Q   0.70246 0.02844 0.25569 0.01341 ( 1)
  20 I   0.70865 0.02226 0.25864 0.01046 ( 1)
  21 S   0.70985 0.02105 0.25921 0.00989 ( 1)
  22 T   0.70668 0.02422 0.25770 0.01140 ( 1)
  23 W   0.69216 0.03874 0.25077 0.01833 ( 1)
  24 A   0.69345 0.03745 0.25139 0.01771 ( 1)
  25 D   0.57363 0.15728 0.18743 0.08167 ( 1)
  26 K   0.70853 0.02237 0.25858 0.01052 ( 1)
  27 I   0.69459 0.03631 0.25193 0.01717 ( 1)
  28 L   0.69158 0.03931 0.25050 0.01861 ( 1)
  29 P   0.69801 0.03289 0.25356 0.01554 ( 1)
  30 N   0.57336 0.15754 0.18730 0.08179 ( 1)
  31 G   0.70411 0.02679 0.25647 0.01262 ( 1)
  32 E   0.69963 0.03127 0.25434 0.01476 ( 1)
  33 R   0.26090 0.47001 0.06399 0.20511 ( 2)
  34 V   0.70805 0.02285 0.25835 0.01074 ( 1)
  35 G   0.70411 0.02679 0.25647 0.01262 ( 1)
  36 E   0.69963 0.03127 0.25434 0.01476 ( 1)
  37 V   0.69542 0.03548 0.25233 0.01677 ( 1)
  38 T   0.70439 0.02651 0.25661 0.01249 ( 1)
  39 K   0.70853 0.02237 0.25858 0.01052 ( 1)
  40 P   0.70348 0.02742 0.25617 0.01293 ( 1)
  41 Y   0.70645 0.02445 0.25759 0.01151 ( 1)
  42 T   0.70668 0.02422 0.25770 0.01140 ( 1)
  43 F   0.70819 0.02271 0.25842 0.01068 ( 1)
  44 H   0.70915 0.02175 0.25887 0.01022 ( 1)
  45 Y   0.69534 0.03556 0.25229 0.01681 ( 1)
  46 K   0.70853 0.02237 0.25858 0.01052 ( 1)
  47 T   0.69203 0.03887 0.25071 0.01839 ( 1)
  48 N   0.71205 0.01886 0.26025 0.00884 ( 1)
  49 K   0.70853 0.02237 0.25858 0.01052 ( 1)
  50 P   0.69075 0.04015 0.25010 0.01900 ( 1)
  51 E   0.70851 0.02239 0.25857 0.01053 ( 1)
  52 K   0.70853 0.02237 0.25858 0.01052 ( 1)
  53 D   0.71203 0.01887 0.26025 0.00885 ( 1)
  54 G   0.70411 0.02679 0.25647 0.01262 ( 1)
  55 L   0.69752 0.03338 0.25333 0.01577 ( 1)
  56 F   0.70819 0.02271 0.25842 0.01068 ( 1)
  57 C   0.70488 0.02602 0.25684 0.01226 ( 1)
  58 E   0.70851 0.02239 0.25857 0.01053 ( 1)
  59 R   0.69271 0.03819 0.25113 0.01796 ( 1)
  60 I   0.70927 0.02163 0.25893 0.01016 ( 1)
  61 F   0.70819 0.02271 0.25842 0.01068 ( 1)
  62 G   0.69484 0.03606 0.25205 0.01705 ( 1)
  63 P   0.70348 0.02742 0.25617 0.01293 ( 1)
  64 I   0.49573 0.23517 0.15162 0.11748 ( 1)
  65 K   0.70853 0.02237 0.25858 0.01052 ( 1)
  66 S   0.70985 0.02105 0.25921 0.00989 ( 1)
  67 G   0.70411 0.02679 0.25647 0.01262 ( 1)
  68 I   0.70927 0.02163 0.25893 0.01016 ( 1)
  69 C   0.70488 0.02602 0.25684 0.01226 ( 1)
  70 A   0.70665 0.02425 0.25768 0.01142 ( 1)
  71 C   0.70488 0.02602 0.25684 0.01226 ( 1)
  72 G   0.70411 0.02679 0.25647 0.01262 ( 1)
  73 N   0.71205 0.01886 0.26025 0.00884 ( 1)
  74 Y   0.70645 0.02445 0.25759 0.01151 ( 1)
  75 R   0.69661 0.03428 0.25290 0.01620 ( 1)
  76 V   0.70589 0.02501 0.25732 0.01178 ( 1)
  77 I   0.69549 0.03541 0.25236 0.01674 ( 1)
  78 G   0.53369 0.19721 0.16855 0.10055 ( 1)
  79 D   0.71203 0.01887 0.26025 0.00885 ( 1)
  80 K   0.70853 0.02237 0.25858 0.01052 ( 1)
  81 K   0.70853 0.02237 0.25858 0.01052 ( 1)
  82 K   0.54877 0.18214 0.17555 0.09355 ( 1)
  83 Y   0.50212 0.22877 0.15440 0.11470 ( 1)
  84 R   0.48588 0.24502 0.14740 0.12170 ( 1)
  85 K   0.55230 0.17860 0.17721 0.09188 ( 1)
  86 F   0.55277 0.17813 0.17744 0.09166 ( 1)
  87 C   0.70488 0.02602 0.25684 0.01226 ( 1)
  88 E   0.70851 0.02239 0.25857 0.01053 ( 1)
  89 Q   0.70246 0.02844 0.25569 0.01341 ( 1)
  90 C   0.69167 0.03923 0.25054 0.01856 ( 1)
  91 G   0.69532 0.03558 0.25228 0.01682 ( 1)
  92 V   0.69290 0.03800 0.25113 0.01798 ( 1)
  93 E   0.69963 0.03127 0.25434 0.01476 ( 1)
  94 F   0.70819 0.02271 0.25842 0.01068 ( 1)
  95 I   0.55473 0.17617 0.17837 0.09073 ( 1)
  96 D   0.71203 0.01887 0.26025 0.00885 ( 1)
  97 S   0.70311 0.02779 0.25599 0.01310 ( 1)
  98 R   0.69211 0.03879 0.25075 0.01835 ( 1)
  99 I   0.55429 0.17662 0.17815 0.09095 ( 1)
 100 R   0.69675 0.03415 0.25296 0.01614 ( 1)
 101 R   0.70545 0.02545 0.25711 0.01199 ( 1)
 102 Y   0.70645 0.02445 0.25759 0.01151 ( 1)
 103 Q   0.70246 0.02844 0.25569 0.01341 ( 1)
 104 M   0.70677 0.02413 0.25774 0.01136 ( 1)
 105 G   0.69257 0.03833 0.25097 0.01813 ( 1)
 106 Y   0.69192 0.03898 0.25066 0.01844 ( 1)
 107 I   0.69459 0.03631 0.25193 0.01717 ( 1)
 108 K   0.70853 0.02237 0.25858 0.01052 ( 1)
 109 L   0.69158 0.03931 0.25050 0.01861 ( 1)
 110 A   0.70436 0.02654 0.25659 0.01251 ( 1)
 111 C   0.69167 0.03923 0.25054 0.01856 ( 1)
 112 P   0.70126 0.02964 0.25511 0.01398 ( 1)
 113 V   0.70539 0.02551 0.25708 0.01202 ( 1)
 114 T   0.69203 0.03887 0.25071 0.01839 ( 1)
 115 H   0.69607 0.03483 0.25264 0.01646 ( 1)
 116 V   0.69695 0.03395 0.25306 0.01604 ( 1)
 117 W   0.69216 0.03874 0.25077 0.01833 ( 1)
 118 Y   0.70645 0.02445 0.25759 0.01151 ( 1)
 119 L   0.69392 0.03698 0.25161 0.01749 ( 1)
 120 K   0.70853 0.02237 0.25858 0.01052 ( 1)
 121 R   0.70442 0.02648 0.25662 0.01248 ( 1)
 122 L   0.70580 0.02510 0.25728 0.01182 ( 1)
 123 P   0.70348 0.02742 0.25617 0.01293 ( 1)
 124 S   0.70985 0.02105 0.25921 0.00989 ( 1)
 125 Y   0.70645 0.02445 0.25759 0.01151 ( 1)
 126 I   0.70927 0.02163 0.25893 0.01016 ( 1)
 127 A   0.69419 0.03671 0.25174 0.01736 ( 1)
 128 N   0.71205 0.01886 0.26025 0.00884 ( 1)
 129 L   0.54235 0.18855 0.17255 0.09655 ( 1)
 130 L   0.69752 0.03338 0.25333 0.01577 ( 1)
 131 D   0.71203 0.01887 0.26025 0.00885 ( 1)
 132 K   0.70853 0.02237 0.25858 0.01052 ( 1)
 133 P   0.70348 0.02742 0.25617 0.01293 ( 1)
 134 L   0.70580 0.02510 0.25728 0.01182 ( 1)
 135 K   0.70853 0.02237 0.25858 0.01052 ( 1)
 136 E   0.70851 0.02239 0.25857 0.01053 ( 1)
 137 L   0.69752 0.03338 0.25333 0.01577 ( 1)
 138 E   0.70851 0.02239 0.25857 0.01053 ( 1)
 139 G   0.69257 0.03833 0.25097 0.01813 ( 1)
 140 L   0.69838 0.03252 0.25374 0.01536 ( 1)
 141 V   0.70589 0.02501 0.25732 0.01178 ( 1)
 142 Y   0.69192 0.03898 0.25066 0.01844 ( 1)
 143 C   0.69167 0.03923 0.25054 0.01856 ( 1)
 144 D   0.71203 0.01887 0.26025 0.00885 ( 1)
 145 F   0.70819 0.02271 0.25842 0.01068 ( 1)
 146 A   0.70665 0.02425 0.25768 0.01142 ( 1)
 147 R   0.69747 0.03343 0.25330 0.01580 ( 1)
 148 P   0.69041 0.04049 0.24994 0.01917 ( 1)
 149 I   0.70865 0.02226 0.25864 0.01046 ( 1)
 150 A   0.70665 0.02425 0.25768 0.01142 ( 1)
 151 K   0.70853 0.02237 0.25858 0.01052 ( 1)
 152 K   0.70853 0.02237 0.25858 0.01052 ( 1)
 153 P   0.69041 0.04049 0.24994 0.01917 ( 1)
 154 T   0.70668 0.02422 0.25770 0.01140 ( 1)
 155 F   0.70103 0.02987 0.25501 0.01409 ( 1)
 156 L   0.69752 0.03338 0.25333 0.01577 ( 1)
 157 R   0.69675 0.03415 0.25296 0.01614 ( 1)
 158 L   0.69752 0.03338 0.25333 0.01577 ( 1)
 159 R   0.69622 0.03468 0.25271 0.01639 ( 1)
 160 G   0.70767 0.02323 0.25817 0.01093 ( 1)
 161 L   0.69299 0.03791 0.25117 0.01793 ( 1)
 162 F   0.69531 0.03559 0.25227 0.01683 ( 1)
 163 E   0.55443 0.17648 0.17822 0.09088 ( 1)
 164 Y   0.70645 0.02445 0.25759 0.01151 ( 1)
 165 E   0.70851 0.02239 0.25857 0.01053 ( 1)
 166 I   0.69459 0.03631 0.25193 0.01717 ( 1)
 167 Q   0.70246 0.02844 0.25569 0.01341 ( 1)
 168 S   0.69023 0.04067 0.24985 0.01925 ( 1)
 169 W   0.69216 0.03874 0.25077 0.01833 ( 1)
 170 K   0.70853 0.02237 0.25858 0.01052 ( 1)
 171 Y   0.69254 0.03836 0.25095 0.01815 ( 1)
 172 S   0.69605 0.03485 0.25263 0.01647 ( 1)
 173 I   0.69459 0.03631 0.25193 0.01717 ( 1)
 174 P   0.69795 0.03295 0.25353 0.01557 ( 1)
 175 L   0.70580 0.02510 0.25728 0.01182 ( 1)
 176 F   0.70819 0.02271 0.25842 0.01068 ( 1)
 177 F   0.70819 0.02271 0.25842 0.01068 ( 1)
 178 T   0.70668 0.02422 0.25770 0.01140 ( 1)
 179 T   0.69203 0.03887 0.25071 0.01839 ( 1)
 180 Q   0.70156 0.02934 0.25526 0.01384 ( 1)
 181 G   0.69257 0.03833 0.25097 0.01813 ( 1)
 182 F   0.69857 0.03233 0.25383 0.01527 ( 1)
 183 D   0.71203 0.01887 0.26025 0.00885 ( 1)
 184 T   0.70439 0.02651 0.25661 0.01249 ( 1)
 185 F   0.70819 0.02271 0.25842 0.01068 ( 1)
 186 R   0.69675 0.03415 0.25296 0.01614 ( 1)
 187 N   0.71205 0.01886 0.26025 0.00884 ( 1)
 188 R   0.69681 0.03409 0.25299 0.01611 ( 1)
 189 E   0.69963 0.03127 0.25434 0.01476 ( 1)
 190 I   0.69459 0.03631 0.25193 0.01717 ( 1)
 191 S   0.69917 0.03173 0.25412 0.01498 ( 1)
 192 T   0.70629 0.02461 0.25751 0.01159 ( 1)
 193 G   0.70411 0.02679 0.25647 0.01262 ( 1)
 194 A   0.70436 0.02654 0.25659 0.01251 ( 1)
 195 G   0.70767 0.02323 0.25817 0.01093 ( 1)
 196 A   0.70665 0.02425 0.25768 0.01142 ( 1)
 197 I   0.69652 0.03438 0.25285 0.01625 ( 1)
 198 R   0.69675 0.03415 0.25296 0.01614 ( 1)
 199 E   0.70851 0.02239 0.25857 0.01053 ( 1)
 200 Q   0.70246 0.02844 0.25569 0.01341 ( 1)
 201 L   0.69752 0.03338 0.25333 0.01577 ( 1)
 202 A   0.69246 0.03844 0.25091 0.01819 ( 1)
 203 D   0.71203 0.01887 0.26025 0.00885 ( 1)
 204 L   0.69817 0.03273 0.25364 0.01546 ( 1)
 205 D   0.71203 0.01887 0.26025 0.00885 ( 1)
 206 L   0.69752 0.03338 0.25333 0.01577 ( 1)
 207 R   0.69177 0.03913 0.25059 0.01852 ( 1)
 208 I   0.70927 0.02163 0.25893 0.01016 ( 1)
 209 I   0.70927 0.02163 0.25893 0.01016 ( 1)
 210 I   0.70865 0.02226 0.25864 0.01046 ( 1)
 211 D   0.71203 0.01887 0.26025 0.00885 ( 1)
 212 S   0.70311 0.02779 0.25599 0.01310 ( 1)
 213 S   0.69535 0.03555 0.25229 0.01681 ( 1)
 214 L   0.69299 0.03791 0.25117 0.01793 ( 1)
 215 V   0.70589 0.02501 0.25732 0.01178 ( 1)
 216 E   0.70851 0.02239 0.25857 0.01053 ( 1)
 217 W   0.69216 0.03874 0.25077 0.01833 ( 1)
 218 K   0.70853 0.02237 0.25858 0.01052 ( 1)
 219 E   0.69963 0.03127 0.25434 0.01476 ( 1)
 220 L   0.69299 0.03791 0.25117 0.01793 ( 1)
 221 G   0.69484 0.03606 0.25205 0.01705 ( 1)
 222 E   0.70851 0.02239 0.25857 0.01053 ( 1)
 223 D   0.51057 0.22033 0.15811 0.11099 ( 1)
 224 R   0.55005 0.18085 0.17615 0.09294 ( 1)
 225 P   0.69041 0.04049 0.24994 0.01917 ( 1)
 226 T   0.70396 0.02694 0.25640 0.01270 ( 1)
 227 G   0.69484 0.03606 0.25205 0.01705 ( 1)
 228 N   0.71205 0.01886 0.26025 0.00884 ( 1)
 229 E   0.70281 0.02809 0.25586 0.01324 ( 1)
 230 W   0.69216 0.03874 0.25077 0.01833 ( 1)
 231 E   0.70851 0.02239 0.25857 0.01053 ( 1)
 232 D   0.71203 0.01887 0.26025 0.00885 ( 1)
 233 R   0.69675 0.03415 0.25296 0.01614 ( 1)
 234 K   0.17509 0.55581 0.04123 0.22787 ( 2)
 235 V   0.70823 0.02267 0.25844 0.01066 ( 1)
 236 G   0.70411 0.02679 0.25647 0.01262 ( 1)
 237 R   0.70545 0.02545 0.25711 0.01199 ( 1)
 238 R   0.69662 0.03428 0.25290 0.01620 ( 1)
 239 K   0.69966 0.03124 0.25435 0.01475 ( 1)
 240 D   0.57277 0.15813 0.18702 0.08208 ( 1)
 241 F   0.70819 0.02271 0.25842 0.01068 ( 1)
 242 L   0.69299 0.03791 0.25117 0.01793 ( 1)
 243 V   0.69884 0.03205 0.25396 0.01514 ( 1)
 244 R   0.70504 0.02586 0.25692 0.01218 ( 1)
 245 R   0.70461 0.02629 0.25671 0.01239 ( 1)
 246 M   0.70677 0.02413 0.25774 0.01136 ( 1)
 247 E   0.70851 0.02239 0.25857 0.01053 ( 1)
 248 L   0.69752 0.03338 0.25333 0.01577 ( 1)
 249 A   0.69904 0.03186 0.25406 0.01505 ( 1)
 250 K   0.69966 0.03124 0.25435 0.01475 ( 1)
 251 H   0.70915 0.02175 0.25887 0.01022 ( 1)
 252 F   0.70819 0.02271 0.25842 0.01068 ( 1)
 253 I   0.70927 0.02163 0.25893 0.01016 ( 1)
 254 R   0.69675 0.03415 0.25296 0.01614 ( 1)
 255 T   0.70439 0.02651 0.25661 0.01249 ( 1)
 256 N   0.71205 0.01886 0.26025 0.00884 ( 1)
 257 I   0.70865 0.02226 0.25864 0.01046 ( 1)
 258 D   0.51179 0.21911 0.15866 0.11044 ( 1)
 259 P   0.70136 0.02954 0.25516 0.01394 ( 1)
 260 E   0.55370 0.17721 0.17788 0.09122 ( 1)
 261 W   0.69216 0.03874 0.25077 0.01833 ( 1)
 262 M   0.70677 0.02413 0.25774 0.01136 ( 1)
 263 V   0.55369 0.17721 0.17787 0.09122 ( 1)
 264 L   0.69299 0.03791 0.25117 0.01793 ( 1)
 265 C   0.70488 0.02602 0.25684 0.01226 ( 1)
 266 L   0.69838 0.03252 0.25374 0.01536 ( 1)
 267 L   0.69752 0.03338 0.25333 0.01577 ( 1)
 268 P   0.70348 0.02742 0.25617 0.01293 ( 1)
 269 V   0.70794 0.02296 0.25830 0.01080 ( 1)
 270 L   0.70580 0.02510 0.25728 0.01182 ( 1)
 271 P   0.70348 0.02742 0.25617 0.01293 ( 1)
 272 P   0.70348 0.02742 0.25617 0.01293 ( 1)
 273 E   0.69963 0.03127 0.25434 0.01476 ( 1)
 274 L   0.69752 0.03338 0.25333 0.01577 ( 1)
 275 R   0.70545 0.02545 0.25711 0.01199 ( 1)
 276 P   0.69229 0.03861 0.25083 0.01827 ( 1)
 277 I   0.69459 0.03631 0.25193 0.01717 ( 1)
 278 V   0.54830 0.18260 0.17533 0.09376 ( 1)
 279 Q   0.50118 0.22971 0.15399 0.11511 ( 1)
 280 I   0.70865 0.02226 0.25864 0.01046 ( 1)
 281 D   0.69845 0.03245 0.25377 0.01533 ( 1)
 282 G   0.69484 0.03606 0.25205 0.01705 ( 1)
 283 G   0.70767 0.02323 0.25817 0.01093 ( 1)
 284 K   0.70853 0.02237 0.25858 0.01052 ( 1)
 285 L   0.69781 0.03309 0.25347 0.01563 ( 1)
 286 M   0.54722 0.18368 0.17482 0.09428 ( 1)
 287 S   0.69605 0.03485 0.25263 0.01647 ( 1)
 288 S   0.69152 0.03938 0.25046 0.01864 ( 1)
 289 D   0.71203 0.01887 0.26025 0.00885 ( 1)
 290 I   0.70927 0.02163 0.25893 0.01016 ( 1)
 291 N   0.71205 0.01886 0.26025 0.00884 ( 1)
 292 E   0.70851 0.02239 0.25857 0.01053 ( 1)
 293 L   0.69158 0.03931 0.25050 0.01861 ( 1)
 294 Y   0.70549 0.02540 0.25714 0.01196 ( 1)
 295 R   0.70545 0.02545 0.25711 0.01199 ( 1)
 296 R   0.70545 0.02545 0.25711 0.01199 ( 1)
 297 V   0.70823 0.02267 0.25844 0.01066 ( 1)
 298 I   0.69504 0.03586 0.25215 0.01695 ( 1)
 299 Y   0.70645 0.02445 0.25759 0.01151 ( 1)
 300 R   0.69218 0.03871 0.25078 0.01832 ( 1)
 301 N   0.69848 0.03242 0.25378 0.01532 ( 1)
 302 N   0.71205 0.01886 0.26025 0.00884 ( 1)
 303 T   0.70668 0.02422 0.25770 0.01140 ( 1)
 304 L   0.70580 0.02510 0.25728 0.01182 ( 1)
 305 T   0.69203 0.03887 0.25071 0.01839 ( 1)
 306 D   0.69845 0.03245 0.25377 0.01533 ( 1)
 307 L   0.69830 0.03260 0.25370 0.01540 ( 1)
 308 L   0.69752 0.03338 0.25333 0.01577 ( 1)
 309 T   0.70439 0.02651 0.25661 0.01249 ( 1)
 310 T   0.70439 0.02651 0.25661 0.01249 ( 1)
 311 S   0.70985 0.02105 0.25921 0.00989 ( 1)
 312 R   0.70545 0.02545 0.25711 0.01199 ( 1)
 313 S   0.70311 0.02779 0.25599 0.01310 ( 1)
 314 T   0.69421 0.03669 0.25175 0.01735 ( 1)
 315 P   0.70136 0.02954 0.25516 0.01394 ( 1)
 316 G   0.70411 0.02679 0.25647 0.01262 ( 1)
 317 E   0.70820 0.02270 0.25842 0.01067 ( 1)
 318 L   0.69752 0.03338 0.25333 0.01577 ( 1)
 319 V   0.54301 0.18789 0.17286 0.09624 ( 1)
 320 M   0.70677 0.02413 0.25774 0.01136 ( 1)
 321 C   0.70360 0.02730 0.25623 0.01287 ( 1)
 322 Q   0.69520 0.03570 0.25222 0.01688 ( 1)
 323 E   0.69963 0.03127 0.25434 0.01476 ( 1)
 324 K   0.70853 0.02237 0.25858 0.01052 ( 1)
 325 L   0.69307 0.03783 0.25121 0.01790 ( 1)
 326 V   0.70589 0.02501 0.25732 0.01178 ( 1)
 327 Q   0.70246 0.02844 0.25569 0.01341 ( 1)
 328 E   0.70749 0.02341 0.25809 0.01101 ( 1)
 329 A   0.69202 0.03888 0.25070 0.01840 ( 1)
 330 V   0.69660 0.03430 0.25289 0.01621 ( 1)
 331 D   0.71203 0.01887 0.26025 0.00885 ( 1)
 332 T   0.70439 0.02651 0.25661 0.01249 ( 1)
 333 L   0.70580 0.02510 0.25728 0.01182 ( 1)
 334 L   0.70449 0.02641 0.25665 0.01245 ( 1)
 335 D   0.71203 0.01887 0.26025 0.00885 ( 1)
 336 N   0.71205 0.01886 0.26025 0.00884 ( 1)
 337 G   0.70411 0.02679 0.25647 0.01262 ( 1)
 338 I   0.69459 0.03631 0.25193 0.01717 ( 1)
 339 R   0.70461 0.02629 0.25671 0.01239 ( 1)
 340 G   0.70411 0.02679 0.25647 0.01262 ( 1)
 341 Q   0.70246 0.02844 0.25569 0.01341 ( 1)
 342 P   0.69443 0.03647 0.25185 0.01725 ( 1)
 343 M   0.54733 0.18358 0.17487 0.09423 ( 1)
 344 R   0.69747 0.03343 0.25330 0.01580 ( 1)
 345 D   0.69845 0.03245 0.25377 0.01533 ( 1)
 346 G   0.69274 0.03816 0.25105 0.01806 ( 1)
 347 H   0.70915 0.02175 0.25887 0.01022 ( 1)
 348 N   0.71205 0.01886 0.26025 0.00884 ( 1)
 349 K   0.70853 0.02237 0.25858 0.01052 ( 1)
 350 V   0.70823 0.02267 0.25844 0.01066 ( 1)
 351 Y   0.69192 0.03898 0.25066 0.01844 ( 1)
 352 K   0.69994 0.03096 0.25449 0.01461 ( 1)
 353 S   0.69795 0.03295 0.25354 0.01557 ( 1)
 354 F   0.70819 0.02271 0.25842 0.01068 ( 1)
 355 S   0.69705 0.03385 0.25311 0.01599 ( 1)
 356 D   0.71203 0.01887 0.26025 0.00885 ( 1)
 357 V   0.70589 0.02501 0.25732 0.01178 ( 1)
 358 I   0.70927 0.02163 0.25893 0.01016 ( 1)
 359 E   0.70851 0.02239 0.25857 0.01053 ( 1)
 360 G   0.69322 0.03768 0.25127 0.01783 ( 1)
 361 K   0.70853 0.02237 0.25858 0.01052 ( 1)
 362 E   0.69963 0.03127 0.25434 0.01476 ( 1)
 363 G   0.70411 0.02679 0.25647 0.01262 ( 1)
 364 R   0.70545 0.02545 0.25711 0.01199 ( 1)
 365 F   0.70819 0.02271 0.25842 0.01068 ( 1)
 366 R   0.69097 0.03993 0.25020 0.01890 ( 1)
 367 E   0.70162 0.02928 0.25528 0.01381 ( 1)
 368 T   0.70668 0.02422 0.25770 0.01140 ( 1)
 369 L   0.69208 0.03882 0.25073 0.01837 ( 1)
 370 L   0.70580 0.02510 0.25728 0.01182 ( 1)
 371 G   0.69257 0.03833 0.25097 0.01813 ( 1)
 372 K   0.70853 0.02237 0.25858 0.01052 ( 1)
 373 R   0.69397 0.03693 0.25164 0.01747 ( 1)
 374 V   0.69499 0.03591 0.25212 0.01698 ( 1)
 375 D   0.71203 0.01887 0.26025 0.00885 ( 1)
 376 Y   0.70645 0.02445 0.25759 0.01151 ( 1)
 377 S   0.69658 0.03432 0.25288 0.01622 ( 1)
 378 G   0.69484 0.03606 0.25205 0.01705 ( 1)
 379 R   0.70461 0.02629 0.25671 0.01239 ( 1)
 380 S   0.69535 0.03555 0.25229 0.01681 ( 1)
 381 V   0.69290 0.03800 0.25113 0.01798 ( 1)
 382 I   0.70927 0.02163 0.25893 0.01016 ( 1)
 383 V   0.69290 0.03800 0.25113 0.01798 ( 1)
 384 V   0.69523 0.03567 0.25223 0.01687 ( 1)
 385 G   0.69257 0.03833 0.25097 0.01813 ( 1)
 386 P   0.69041 0.04049 0.24994 0.01917 ( 1)
 387 S   0.50665 0.22425 0.15638 0.11272 ( 1)
 388 L   0.70519 0.02571 0.25699 0.01211 ( 1)
 389 S   0.69726 0.03364 0.25320 0.01590 ( 1)
 390 L   0.69752 0.03338 0.25333 0.01577 ( 1)
 391 H   0.54800 0.18291 0.17519 0.09391 ( 1)
 392 Q   0.70246 0.02844 0.25569 0.01341 ( 1)
 393 C   0.69167 0.03923 0.25054 0.01856 ( 1)
 394 G   0.70411 0.02679 0.25647 0.01262 ( 1)
 395 L   0.69308 0.03782 0.25121 0.01789 ( 1)
 396 P   0.69210 0.03879 0.25075 0.01836 ( 1)
 397 R   0.69137 0.03953 0.25039 0.01871 ( 1)
 398 E   0.70851 0.02239 0.25857 0.01053 ( 1)
 399 I   0.70865 0.02226 0.25864 0.01046 ( 1)
 400 A   0.70436 0.02654 0.25659 0.01251 ( 1)
 401 I   0.70865 0.02226 0.25864 0.01046 ( 1)
 402 E   0.69963 0.03127 0.25434 0.01476 ( 1)
 403 L   0.70580 0.02510 0.25728 0.01182 ( 1)
 404 F   0.69531 0.03559 0.25227 0.01683 ( 1)
 405 Q   0.69520 0.03570 0.25222 0.01688 ( 1)
 406 T   0.70339 0.02751 0.25613 0.01297 ( 1)
 407 F   0.70819 0.02271 0.25842 0.01068 ( 1)
 408 V   0.70589 0.02501 0.25732 0.01178 ( 1)
 409 I   0.70927 0.02163 0.25893 0.01016 ( 1)
 410 R   0.70461 0.02629 0.25671 0.01239 ( 1)
 411 S   0.55513 0.17577 0.17855 0.09054 ( 1)
 412 L   0.69838 0.03252 0.25374 0.01536 ( 1)
 413 I   0.70927 0.02163 0.25893 0.01016 ( 1)
 414 R   0.70489 0.02602 0.25684 0.01225 ( 1)
 415 Q   0.70246 0.02844 0.25569 0.01341 ( 1)
 416 H   0.54795 0.18296 0.17516 0.09393 ( 1)
 417 I   0.54669 0.18421 0.17458 0.09452 ( 1)
 418 A   0.54570 0.18520 0.17411 0.09499 ( 1)
 419 S   0.69154 0.03936 0.25047 0.01863 ( 1)
 420 N   0.71205 0.01886 0.26025 0.00884 ( 1)
 421 I   0.70865 0.02226 0.25864 0.01046 ( 1)
 422 G   0.70411 0.02679 0.25647 0.01262 ( 1)
 423 V   0.70823 0.02267 0.25844 0.01066 ( 1)
 424 A   0.70665 0.02425 0.25768 0.01142 ( 1)
 425 K   0.69966 0.03124 0.25435 0.01475 ( 1)
 426 S   0.70985 0.02105 0.25921 0.00989 ( 1)
 427 K   0.70853 0.02237 0.25858 0.01052 ( 1)
 428 I   0.70927 0.02163 0.25893 0.01016 ( 1)
 429 R   0.69177 0.03913 0.25059 0.01852 ( 1)
 430 E   0.70851 0.02239 0.25857 0.01053 ( 1)
 431 K   0.70853 0.02237 0.25858 0.01052 ( 1)
 432 K   0.55075 0.18015 0.17649 0.09261 ( 1)
 433 P   0.48847 0.24243 0.14850 0.12060 ( 1)
 434 I   0.55391 0.17699 0.17798 0.09112 ( 1)
 435 V   0.70589 0.02501 0.25732 0.01178 ( 1)
 436 W   0.69216 0.03874 0.25077 0.01833 ( 1)
 437 E   0.70851 0.02239 0.25857 0.01053 ( 1)
 438 I   0.70865 0.02226 0.25864 0.01046 ( 1)
 439 L   0.70580 0.02510 0.25728 0.01182 ( 1)
 440 R   0.69163 0.03927 0.25052 0.01858 ( 1)
 441 E   0.70851 0.02239 0.25857 0.01053 ( 1)
 442 V   0.70823 0.02267 0.25844 0.01066 ( 1)
 443 L   0.54525 0.18565 0.17390 0.09520 ( 1)
 444 R   0.69177 0.03913 0.25059 0.01852 ( 1)
 445 G   0.69502 0.03588 0.25214 0.01696 ( 1)
 446 H   0.70783 0.02307 0.25825 0.01085 ( 1)
 447 P   0.70348 0.02742 0.25617 0.01293 ( 1)
 448 V   0.70589 0.02501 0.25732 0.01178 ( 1)
 449 L   0.69299 0.03791 0.25117 0.01793 ( 1)
 450 L   0.69826 0.03264 0.25368 0.01542 ( 1)
 451 N   0.71181 0.01909 0.26014 0.00895 ( 1)
 452 R   0.70545 0.02545 0.25711 0.01199 ( 1)
 453 A   0.70436 0.02654 0.25659 0.01251 ( 1)
 454 P   0.70348 0.02742 0.25617 0.01293 ( 1)
 455 T   0.70668 0.02422 0.25770 0.01140 ( 1)
 456 L   0.69051 0.04039 0.24998 0.01912 ( 1)
 457 H   0.70915 0.02175 0.25887 0.01022 ( 1)
 458 R   0.54090 0.19000 0.17188 0.09722 ( 1)
 459 L   0.69752 0.03338 0.25333 0.01577 ( 1)
 460 G   0.69321 0.03768 0.25127 0.01783 ( 1)
 461 I   0.70453 0.02637 0.25668 0.01242 ( 1)
 462 Q   0.69520 0.03570 0.25222 0.01688 ( 1)
 463 A   0.70436 0.02654 0.25659 0.01251 ( 1)
 464 F   0.69531 0.03559 0.25227 0.01683 ( 1)
 465 Q   0.69520 0.03570 0.25222 0.01688 ( 1)
 466 P   0.70348 0.02742 0.25617 0.01293 ( 1)
 467 V   0.70823 0.02267 0.25844 0.01066 ( 1)
 468 L   0.69687 0.03403 0.25302 0.01608 ( 1)
 469 V   0.69523 0.03567 0.25223 0.01687 ( 1)
 470 E   0.70068 0.03022 0.25484 0.01426 ( 1)
 471 G   0.55175 0.17915 0.17695 0.09214 ( 1)
 472 R   0.70461 0.02629 0.25671 0.01239 ( 1)
 473 A   0.70665 0.02425 0.25768 0.01142 ( 1)
 474 I   0.70927 0.02163 0.25893 0.01016 ( 1)
 475 C   0.53816 0.19274 0.17061 0.09849 ( 1)
 476 L   0.69752 0.03338 0.25333 0.01577 ( 1)
 477 H   0.70915 0.02175 0.25887 0.01022 ( 1)
 478 P   0.70136 0.02954 0.25516 0.01394 ( 1)
 479 L   0.69736 0.03354 0.25325 0.01585 ( 1)
 480 V   0.70823 0.02267 0.25844 0.01066 ( 1)
 481 R   0.70461 0.02629 0.25671 0.01239 ( 1)
 482 K   0.70853 0.02237 0.25858 0.01052 ( 1)
 483 G   0.70390 0.02701 0.25637 0.01273 ( 1)
 484 F   0.69531 0.03559 0.25227 0.01683 ( 1)
 485 N   0.71205 0.01886 0.26025 0.00884 ( 1)
 486 A   0.70436 0.02654 0.25659 0.01251 ( 1)
 487 D   0.69845 0.03245 0.25377 0.01533 ( 1)
 488 F   0.70819 0.02271 0.25842 0.01068 ( 1)
 489 D   0.69845 0.03245 0.25377 0.01533 ( 1)
 490 G   0.69484 0.03606 0.25205 0.01705 ( 1)
 491 D   0.71203 0.01887 0.26025 0.00885 ( 1)
 492 Q   0.70246 0.02844 0.25569 0.01341 ( 1)
 493 M   0.70677 0.02413 0.25774 0.01136 ( 1)
 494 A   0.70665 0.02425 0.25768 0.01142 ( 1)
 495 V   0.70823 0.02267 0.25844 0.01066 ( 1)
 496 H   0.70915 0.02175 0.25887 0.01022 ( 1)
 497 V   0.69523 0.03567 0.25223 0.01687 ( 1)
 498 P   0.70348 0.02742 0.25617 0.01293 ( 1)
 499 L   0.69752 0.03338 0.25333 0.01577 ( 1)
 500 S   0.70311 0.02779 0.25599 0.01310 ( 1)
 501 F   0.70819 0.02271 0.25842 0.01068 ( 1)
 502 E   0.69963 0.03127 0.25434 0.01476 ( 1)
 503 A   0.70665 0.02425 0.25768 0.01142 ( 1)
 504 Q   0.70246 0.02844 0.25569 0.01341 ( 1)
 505 A   0.69419 0.03671 0.25174 0.01736 ( 1)
 506 E   0.70851 0.02239 0.25857 0.01053 ( 1)
 507 A   0.70436 0.02654 0.25659 0.01251 ( 1)
 508 R   0.70461 0.02629 0.25671 0.01239 ( 1)
 509 L   0.69752 0.03338 0.25333 0.01577 ( 1)
 510 L   0.70580 0.02510 0.25728 0.01182 ( 1)
 511 M   0.70677 0.02413 0.25774 0.01136 ( 1)
 512 F   0.70819 0.02271 0.25842 0.01068 ( 1)
 513 S   0.70311 0.02779 0.25599 0.01310 ( 1)
 514 H   0.70915 0.02175 0.25887 0.01022 ( 1)
 515 I   0.70927 0.02163 0.25893 0.01016 ( 1)
 516 N   0.69848 0.03242 0.25378 0.01532 ( 1)
 517 L   0.70580 0.02510 0.25728 0.01182 ( 1)
 518 L   0.69752 0.03338 0.25333 0.01577 ( 1)
 519 S   0.70287 0.02803 0.25588 0.01322 ( 1)
 520 P   0.48925 0.24165 0.14883 0.12027 ( 1)
 521 A   0.69419 0.03671 0.25174 0.01736 ( 1)
 522 I   0.70927 0.02163 0.25893 0.01016 ( 1)
 523 G   0.69532 0.03558 0.25228 0.01682 ( 1)
 524 D   0.71203 0.01887 0.26025 0.00885 ( 1)
 525 P   0.70348 0.02742 0.25617 0.01293 ( 1)
 526 I   0.70927 0.02163 0.25893 0.01016 ( 1)
 527 S   0.69023 0.04067 0.24985 0.01925 ( 1)
 528 V   0.70589 0.02501 0.25732 0.01178 ( 1)
 529 P   0.70136 0.02954 0.25516 0.01394 ( 1)
 530 T   0.70668 0.02422 0.25770 0.01140 ( 1)
 531 Q   0.70246 0.02844 0.25569 0.01341 ( 1)
 532 D   0.71070 0.02020 0.25961 0.00948 ( 1)
 533 M   0.70677 0.02413 0.25774 0.01136 ( 1)
 534 L   0.70580 0.02510 0.25728 0.01182 ( 1)
 535 I   0.70927 0.02163 0.25893 0.01016 ( 1)
 536 G   0.70411 0.02679 0.25647 0.01262 ( 1)
 537 L   0.69158 0.03931 0.25050 0.01861 ( 1)
 538 Y   0.70625 0.02465 0.25749 0.01160 ( 1)
 539 V   0.69290 0.03800 0.25113 0.01798 ( 1)
 540 L   0.69752 0.03338 0.25333 0.01577 ( 1)
 541 T   0.69923 0.03167 0.25414 0.01495 ( 1)
 542 S   0.69605 0.03485 0.25263 0.01647 ( 1)
 543 G   0.69484 0.03606 0.25205 0.01705 ( 1)
 544 N   0.71205 0.01886 0.26025 0.00884 ( 1)
 545 R   0.70461 0.02629 0.25671 0.01239 ( 1)
 546 R   0.69652 0.03438 0.25285 0.01625 ( 1)
 547 G   0.70767 0.02323 0.25817 0.01093 ( 1)
 548 I   0.70927 0.02163 0.25893 0.01016 ( 1)
 549 C   0.53259 0.19832 0.16804 0.10106 ( 1)
 550 V   0.70560 0.02530 0.25718 0.01191 ( 1)
 551 N   0.71205 0.01886 0.26025 0.00884 ( 1)
 552 R   0.69747 0.03343 0.25330 0.01580 ( 1)
 553 Y   0.70645 0.02445 0.25759 0.01151 ( 1)
 554 N   0.71205 0.01886 0.26025 0.00884 ( 1)
 555 P   0.52292 0.20798 0.16364 0.10546 ( 1)
 556 S   0.25329 0.47761 0.06189 0.20721 ( 2)
 557 N   0.71205 0.01886 0.26025 0.00884 ( 1)
 558 H   0.21437 0.51653 0.05143 0.21767 ( 2)
 559 R   0.70545 0.02545 0.25711 0.01199 ( 1)
 560 N   0.71205 0.01886 0.26025 0.00884 ( 1)
 561 Q   0.70246 0.02844 0.25569 0.01341 ( 1)
 562 N   0.56834 0.16256 0.18488 0.08422 ( 1)
 563 K   0.54877 0.18214 0.17555 0.09355 ( 1)
 564 R   0.53757 0.19333 0.17034 0.09876 ( 1)
 565 I   0.70918 0.02173 0.25889 0.01021 ( 1)
 566 Y   0.53914 0.19177 0.17106 0.09804 ( 1)
 567 A   0.50781 0.22309 0.15689 0.11221 ( 1)
 568 N   0.46913 0.26178 0.13981 0.12928 ( 1)
 569 N   0.51783 0.21307 0.16135 0.10775 ( 1)
 570 Y   0.53724 0.19366 0.17018 0.09892 ( 1)
 571 K   0.69966 0.03124 0.25435 0.01475 ( 1)
 572 Y   0.70645 0.02445 0.25759 0.01151 ( 1)
 573 T   0.69450 0.03640 0.25189 0.01722 ( 1)
 574 K   0.70853 0.02237 0.25858 0.01052 ( 1)
 575 E   0.70851 0.02239 0.25857 0.01053 ( 1)
 576 K   0.70853 0.02237 0.25858 0.01052 ( 1)
 577 E   0.55478 0.17612 0.17839 0.09071 ( 1)
 578 L   0.06162 0.66929 0.01364 0.25546 ( 2)
 579 F   0.70819 0.02271 0.25842 0.01068 ( 1)
 580 F   0.70819 0.02271 0.25842 0.01068 ( 1)
 581 C   0.70488 0.02602 0.25684 0.01226 ( 1)
 582 N   0.71205 0.01886 0.26025 0.00884 ( 1)
 583 S   0.69914 0.03176 0.25410 0.01500 ( 1)
 584 Y   0.70645 0.02445 0.25759 0.01151 ( 1)
 585 D   0.71203 0.01887 0.26025 0.00885 ( 1)
 586 A   0.70436 0.02654 0.25659 0.01251 ( 1)
 587 I   0.70927 0.02163 0.25893 0.01016 ( 1)
 588 G   0.70411 0.02679 0.25647 0.01262 ( 1)
 589 A   0.70665 0.02425 0.25768 0.01142 ( 1)
 590 Y   0.70645 0.02445 0.25759 0.01151 ( 1)
 591 R   0.48772 0.24318 0.14818 0.12092 ( 1)
 592 Q   0.69520 0.03570 0.25222 0.01688 ( 1)
 593 K   0.70853 0.02237 0.25858 0.01052 ( 1)
 594 Q   0.50507 0.22583 0.15569 0.11341 ( 1)
 595 I   0.69459 0.03631 0.25193 0.01717 ( 1)
 596 N   0.71205 0.01886 0.26025 0.00884 ( 1)
 597 L   0.69752 0.03338 0.25333 0.01577 ( 1)
 598 D   0.57356 0.15734 0.18740 0.08170 ( 1)
 599 S   0.70985 0.02105 0.25921 0.00989 ( 1)
 600 P   0.53155 0.19935 0.16757 0.10153 ( 1)
 601 L   0.69299 0.03791 0.25117 0.01793 ( 1)
 602 W   0.69216 0.03874 0.25077 0.01833 ( 1)
 603 L   0.69158 0.03931 0.25050 0.01861 ( 1)
 604 R   0.69236 0.03854 0.25087 0.01823 ( 1)
 605 W   0.69216 0.03874 0.25077 0.01833 ( 1)
 606 R   0.69211 0.03879 0.25075 0.01835 ( 1)
 607 L   0.69838 0.03252 0.25374 0.01536 ( 1)
 608 D   0.71203 0.01887 0.26025 0.00885 ( 1)
 609 Q   0.70205 0.02885 0.25549 0.01361 ( 1)
 610 R   0.69097 0.03993 0.25020 0.01890 ( 1)
 611 V   0.70823 0.02267 0.25844 0.01066 ( 1)
 612 I   0.70927 0.02163 0.25893 0.01016 ( 1)
 613 A   0.70665 0.02425 0.25768 0.01142 ( 1)
 614 A   0.70436 0.02654 0.25659 0.01251 ( 1)
 615 R   0.70545 0.02545 0.25711 0.01199 ( 1)
 616 E   0.70851 0.02239 0.25857 0.01053 ( 1)
 617 A   0.70665 0.02425 0.25768 0.01142 ( 1)
 618 P   0.69947 0.03143 0.25426 0.01484 ( 1)
 619 L   0.69158 0.03931 0.25050 0.01861 ( 1)
 620 E   0.70851 0.02239 0.25857 0.01053 ( 1)
 621 V   0.70823 0.02267 0.25844 0.01066 ( 1)
 622 H   0.50885 0.22205 0.15735 0.11175 ( 1)
 623 Y   0.70617 0.02473 0.25745 0.01164 ( 1)
 624 E   0.70851 0.02239 0.25857 0.01053 ( 1)
 625 S   0.52832 0.20258 0.16609 0.10301 ( 1)
 626 L   0.69299 0.03791 0.25117 0.01793 ( 1)
 627 G   0.70767 0.02323 0.25817 0.01093 ( 1)
 628 T   0.69252 0.03838 0.25094 0.01816 ( 1)
 629 Y   0.70645 0.02445 0.25759 0.01151 ( 1)
 630 Y   0.70645 0.02445 0.25759 0.01151 ( 1)
 631 D   0.71203 0.01887 0.26025 0.00885 ( 1)
 632 I   0.70927 0.02163 0.25893 0.01016 ( 1)
 633 Y   0.70645 0.02445 0.25759 0.01151 ( 1)
 634 G   0.69484 0.03606 0.25205 0.01705 ( 1)
 635 Q   0.70246 0.02844 0.25569 0.01341 ( 1)
 636 Y   0.70645 0.02445 0.25759 0.01151 ( 1)
 637 L   0.69838 0.03252 0.25374 0.01536 ( 1)
 638 I   0.70865 0.02226 0.25864 0.01046 ( 1)
 639 V   0.70589 0.02501 0.25732 0.01178 ( 1)
 640 R   0.70545 0.02545 0.25711 0.01199 ( 1)
 641 S   0.70985 0.02105 0.25921 0.00989 ( 1)
 642 I   0.55570 0.17520 0.17882 0.09027 ( 1)
 643 E   0.55530 0.17561 0.17863 0.09047 ( 1)
 644 K   0.70853 0.02237 0.25858 0.01052 ( 1)
 645 E   0.70851 0.02239 0.25857 0.01053 ( 1)
 646 I   0.70927 0.02163 0.25893 0.01016 ( 1)
 647 L   0.00026 0.73064 0.00006 0.26904 ( 2)
 648 S   0.70311 0.02779 0.25599 0.01310 ( 1)
 649 I   0.70865 0.02226 0.25864 0.01046 ( 1)
 650 Y   0.70645 0.02445 0.25759 0.01151 ( 1)
 651 I   0.70927 0.02163 0.25893 0.01016 ( 1)
 652 R   0.69675 0.03415 0.25296 0.01614 ( 1)
 653 T   0.70668 0.02422 0.25770 0.01140 ( 1)
 654 T   0.70668 0.02422 0.25770 0.01140 ( 1)
 655 I   0.55383 0.17707 0.17794 0.09116 ( 1)
 656 G   0.70767 0.02323 0.25817 0.01093 ( 1)
 657 H   0.70915 0.02175 0.25887 0.01022 ( 1)
 658 I   0.70927 0.02163 0.25893 0.01016 ( 1)
 659 S   0.69551 0.03539 0.25237 0.01673 ( 1)
 660 I   0.70927 0.02163 0.25893 0.01016 ( 1)
 661 Y   0.70645 0.02445 0.25759 0.01151 ( 1)
 662 R   0.69675 0.03415 0.25296 0.01614 ( 1)
 663 E   0.70851 0.02239 0.25857 0.01053 ( 1)
 664 I   0.69459 0.03631 0.25193 0.01717 ( 1)
 665 E   0.70851 0.02239 0.25857 0.01053 ( 1)
 666 E   0.70851 0.02239 0.25857 0.01053 ( 1)
 667 A   0.70665 0.02425 0.25768 0.01142 ( 1)
 668 I   0.70865 0.02226 0.25864 0.01046 ( 1)
 669 Q   0.69520 0.03570 0.25222 0.01688 ( 1)
 670 G   0.69600 0.03490 0.25260 0.01650 ( 1)
 671 F   0.70819 0.02271 0.25842 0.01068 ( 1)
 672 C   0.70450 0.02641 0.25666 0.01244 ( 1)
 673 Q   0.49801 0.23289 0.15261 0.11649 ( 1)
 674 A   0.69202 0.03888 0.25070 0.01840 ( 1)
 675 C   0.70488 0.02602 0.25684 0.01226 ( 1)

