

TREE # 1

  0  0.0000   4316.768701  x:  0.00000   0.01951   0.03922   0.01806   0.04853   0.04952   0.02295   0.02837   0.04656   0.01437   0.03663   0.01840   0.01704   0.01188   0.01559   0.04610   0.04618   0.02496   0.04073   0.03421   0.05244   0.03213   0.00983   0.02262   0.00610   0.05323   0.03989   0.04088   0.06660   0.04446   2.00000   1.09989   0.02896   0.27919   2.57308  
  1 99.0000   4316.738958  x:  0.00000   0.01951   0.03921   0.01806   0.04852   0.04952   0.02295   0.02836   0.04656   0.01436   0.03663   0.01840   0.01704   0.01188   0.01559   0.04610   0.04618   0.02496   0.04073   0.03421   0.05243   0.03213   0.00982   0.02262   0.00609   0.05323   0.03989   0.04088   0.06660   0.04446   2.00000   1.09989   0.02896   0.27919   2.57308  
  2 2354.9061   4273.780027  x:  0.00000   0.01986   0.03323   0.01771   0.04292   0.04454   0.01662   0.02321   0.04050   0.01069   0.03163   0.01392   0.01256   0.00909   0.01460   0.04192   0.04340   0.02464   0.03854   0.03340   0.04784   0.03064   0.00812   0.02268   0.00000   0.04921   0.03866   0.04091   0.06392   0.04177   2.00019   1.10014   0.02871   0.27933   2.57308  
  3 11900.0059   4184.632172  x:  0.00000   0.01902   0.01742   0.01754   0.02854   0.03240   0.00000   0.01094   0.02451   0.00476   0.01977   0.00483   0.00377   0.00582   0.01400   0.03248   0.03798   0.02399   0.03457   0.03212   0.03675   0.02851   0.00689   0.02188   0.00000   0.04006   0.03671   0.04039   0.05828   0.04201   2.00076   1.10107   0.02777   0.28443   2.57309  
  4 34063.3982   4116.759369  x:  0.00000   0.01975   0.00000   0.01454   0.01327   0.02005   0.00000   0.00072   0.00691   0.00456   0.00867   0.00441   0.00718   0.00235   0.00941   0.02317   0.03217   0.02137   0.02943   0.02993   0.02552   0.02460   0.00169   0.02140   0.00000   0.03096   0.03340   0.03830   0.05222   0.03861   2.00129   1.10194   0.02688   0.28874   2.57310  
  5 9386.8633   4098.050364  x:  0.00000   0.02003   0.00000   0.01330   0.00740   0.01534   0.00000   0.00241   0.00000   0.00406   0.00475   0.00403   0.00768   0.00158   0.00766   0.01958   0.02983   0.02033   0.02736   0.02901   0.02119   0.02298   0.00103   0.02121   0.00000   0.02744   0.03202   0.03746   0.04981   0.03745   2.00148   1.10225   0.02657   0.28999   2.57310  
  6 9265.9469   4085.488728  x:  0.00000   0.02077   0.00000   0.01063   0.00052   0.00974   0.00000   0.00231   0.00000   0.00300   0.00290   0.00436   0.00820   0.00321   0.00457   0.01512   0.02632   0.01832   0.02400   0.02726   0.01572   0.01995   0.00555   0.02095   0.00000   0.02288   0.02950   0.03583   0.04633   0.03609   2.00168   1.10250   0.02632   0.28925   2.57310  
  7 4831.5714   4078.662908  x:  0.00000   0.02139   0.00000   0.00864   0.00387   0.00289   0.00000   0.00243   0.00000   0.00293   0.00276   0.00466   0.00858   0.00464   0.00398   0.00979   0.02236   0.01653   0.02047   0.02545   0.00854   0.01706   0.00814   0.02056   0.00000   0.01717   0.02688   0.03400   0.04200   0.03506   2.00201   1.10298   0.02582   0.29026   2.57311  
  8 1949.4088   4075.681303  x:  0.00000   0.02198   0.00000   0.00828   0.00335   0.00457   0.00000   0.00259   0.00000   0.00343   0.00599   0.00475   0.00833   0.00444   0.00645   0.00721   0.01958   0.01566   0.01827   0.02416   0.00369   0.01544   0.00788   0.02025   0.00000   0.01320   0.02504   0.03256   0.03846   0.03484   2.00232   1.10343   0.02537   0.29111   2.57311  
  9 1022.1090   4074.431113  x:  0.00000   0.02363   0.00000   0.00959   0.00337   0.00470   0.00000   0.00258   0.00000   0.00368   0.00648   0.00510   0.00725   0.00452   0.00646   0.00971   0.01677   0.01552   0.01658   0.02269   0.00593   0.01472   0.00778   0.01994   0.00000   0.01029   0.02293   0.03051   0.03312   0.03489   2.00291   1.10427   0.02452   0.29223   2.57312  
 10 318.3537   4073.814093  x:  0.00000   0.02450   0.00000   0.00941   0.00362   0.00546   0.00000   0.00252   0.00000   0.00313   0.00637   0.00550   0.00624   0.00450   0.00528   0.00994   0.01641   0.01586   0.01665   0.02210   0.00523   0.01516   0.00786   0.01994   0.00000   0.01302   0.02190   0.02883   0.02820   0.03468   2.00372   1.10537   0.02341   0.29257   2.57313  
 11 193.3255   4073.450318  x:  0.00000   0.02492   0.00000   0.00822   0.00322   0.00434   0.00000   0.00250   0.00000   0.00343   0.00704   0.00544   0.00566   0.00396   0.00661   0.00937   0.01749   0.01572   0.01734   0.02210   0.00611   0.01515   0.00771   0.02010   0.00000   0.01364   0.02197   0.02805   0.02592   0.03473   2.00474   1.10668   0.02209   0.29100   2.57314  
 12 119.3344   4071.636508  x:  0.00000   0.02561   0.00000   0.00749   0.00383   0.00633   0.00000   0.00226   0.00000   0.00344   0.00532   0.00380   0.00423   0.00440   0.00531   0.00755   0.02178   0.01512   0.02059   0.02268   0.00658   0.01479   0.00797   0.02076   0.00000   0.00969   0.02426   0.02691   0.02183   0.03516   2.01151   1.11542   0.01331   0.28079   2.57323  
 13 164.7460   4066.409269  x:  0.00000   0.02599   0.00000   0.01073   0.00322   0.00428   0.00000   0.00177   0.00000   0.00079   0.00555   0.00162   0.00158   0.00372   0.00593   0.01092   0.02329   0.01502   0.02217   0.02238   0.00293   0.01420   0.00720   0.02093   0.00000   0.00843   0.02612   0.02636   0.02040   0.03724   2.02842   1.13730  -0.00865   0.25499   2.57346  
 14 749.0904   4065.670216  x:  0.00000   0.02594   0.00000   0.01117   0.00318   0.00417   0.00000   0.00167   0.00000   0.00157   0.00531   0.00109   0.00071   0.00346   0.00592   0.01093   0.02300   0.01516   0.02205   0.02229   0.00266   0.01417   0.00724   0.02089   0.00000   0.00856   0.02620   0.02646   0.02035   0.03757   2.03123   1.14093  -0.01230   0.25059   2.57350  
 15 3375.0756   4064.474291  x:  0.00000   0.02563   0.00000   0.01175   0.00332   0.00449   0.00000   0.00157   0.00000   0.00131   0.00453   0.00035   0.00079   0.00277   0.00654   0.00974   0.02188   0.01578   0.02146   0.02221   0.00329   0.01440   0.00776   0.02072   0.00000   0.00891   0.02605   0.02695   0.02014   0.03826   2.03511   1.14596  -0.01734   0.24459   2.57355  
 16 2322.0650   4063.271330  x:  0.00000   0.02520   0.00000   0.01246   0.00348   0.00489   0.00000   0.00142   0.00000   0.00082   0.00348   0.00061   0.00032   0.00188   0.00734   0.00823   0.02059   0.01656   0.02081   0.02216   0.00403   0.01471   0.00834   0.02052   0.00000   0.00917   0.02595   0.02763   0.01994   0.03909   2.03955   1.15170  -0.02309   0.23767   2.57360  
 17 14991.5213   4062.695215  x:  0.00000   0.02467   0.00000   0.01357   0.00355   0.00489   0.00000   0.00135   0.00000   0.00104   0.00259   0.00073   0.00056   0.00108   0.00799   0.00785   0.01989   0.01768   0.02077   0.02235   0.00380   0.01528   0.00889   0.02047   0.00000   0.00907   0.02610   0.02848   0.01884   0.04000   2.04201   1.15485  -0.02623   0.23273   2.57363  
 18 1407.6633   4062.098969  x:  0.00000   0.02363   0.00000   0.01478   0.00339   0.00463   0.00000   0.00127   0.00000   0.00112   0.00207   0.00080   0.00064   0.00252   0.00856   0.00694   0.01872   0.01945   0.02058   0.02286   0.00387   0.01631   0.00807   0.02042   0.00000   0.00898   0.02623   0.03000   0.01720   0.04102   2.04512   1.15882  -0.03019   0.22622   2.57366  
 19 1315.4157   4061.720792  x:  0.00000   0.02249   0.00000   0.01543   0.00315   0.00408   0.00000   0.00128   0.00000   0.00113   0.00327   0.00081   0.00064   0.00232   0.00761   0.00621   0.01811   0.02080   0.02059   0.02362   0.00418   0.01733   0.00781   0.02038   0.00000   0.00857   0.02646   0.03129   0.01630   0.04148   2.04717   1.16147  -0.03281   0.22273   2.57368  
 20 624.4074   4060.780709  x:  0.00000   0.01844   0.00000   0.01191   0.00332   0.00451   0.00000   0.00124   0.00000   0.00104   0.00309   0.00075   0.00055   0.00216   0.00761   0.00841   0.01760   0.02232   0.01949   0.02621   0.00390   0.01813   0.00801   0.02030   0.00000   0.00771   0.02569   0.03363   0.01504   0.04138   2.05312   1.16926  -0.04048   0.21325   2.57372  
 21 254.1017   4048.092637  x:  0.00000   0.01183   0.00000   0.01735   0.00352   0.00500   0.00000   0.00093   0.00000   0.00124   0.00361   0.00089   0.00067   0.00246   0.00766   0.00820   0.02476   0.02125   0.01739   0.03324   0.00569   0.00741   0.00827   0.02109   0.00000   0.01026   0.01931   0.03650   0.01384   0.04912   2.12670   1.26577  -0.13501   0.09009   2.57401  
 22 472.1239   4042.988640  x:  0.00000   0.01320   0.00000   0.01715   0.00364   0.00516   0.00000   0.00080   0.00000   0.00126   0.00367   0.00090   0.00067   0.00250   0.00777   0.00844   0.02603   0.01960   0.01642   0.03425   0.00560   0.01170   0.00848   0.02097   0.00000   0.01000   0.01838   0.03574   0.01465   0.05268   2.15919   1.30840  -0.17675   0.03490   2.57414  
 23 6168.5436   4042.305776  x:  0.00000   0.01385   0.00000   0.01560   0.00367   0.00525   0.00000   0.00078   0.00000   0.00125   0.00379   0.00091   0.00068   0.00253   0.00773   0.00887   0.02346   0.02110   0.01804   0.03260   0.00560   0.01008   0.00848   0.02025   0.00000   0.01031   0.02255   0.03564   0.01469   0.05322   2.16447   1.31508  -0.18327   0.02716   2.57415  
 24 440.7151   4042.148224  x:  0.00000   0.01273   0.00000   0.01519   0.00366   0.00522   0.00000   0.00077   0.00000   0.00125   0.00379   0.00091   0.00068   0.00254   0.00771   0.00889   0.02306   0.02160   0.02006   0.03008   0.00564   0.01020   0.00843   0.02028   0.00000   0.01010   0.02153   0.03563   0.01505   0.05319   2.16638   1.31681  -0.18490   0.02641   2.57415  
 25 66.4768   4041.690492  x:  0.00000   0.01546   0.00000   0.01337   0.00364   0.00529   0.00000   0.00072   0.00000   0.00121   0.00389   0.00090   0.00068   0.00255   0.00735   0.00920   0.02424   0.02304   0.02025   0.02682   0.00532   0.00969   0.00824   0.02015   0.00000   0.00986   0.01995   0.03960   0.01519   0.05502   2.17446   1.32279  -0.19038   0.02813   2.57413  
 26 56.9851   4039.316463  x:  0.00000   0.01291   0.00000   0.01218   0.00347   0.00534   0.00000   0.00049   0.00000   0.00124   0.00401   0.00094   0.00072   0.00258   0.00677   0.00933   0.02451   0.01615   0.01647   0.02014   0.00582   0.01066   0.00744   0.02002   0.00000   0.01060   0.02374   0.04324   0.01358   0.05930   2.21536   1.35190  -0.21689   0.03714   2.57403  
 27 229.7389   4034.553719  x:  0.00000   0.01391   0.00000   0.00885   0.00309   0.00508   0.00000   0.00008   0.00000   0.00120   0.00391   0.00094   0.00076   0.00258   0.00579   0.00892   0.01937   0.01390   0.01865   0.02344   0.00563   0.01059   0.00608   0.01852   0.00000   0.01027   0.02281   0.03801   0.01527   0.06683   2.28351   1.40018  -0.26082   0.05177   2.57386  
 28 1117.0126   4034.303695  x:  0.00000   0.01344   0.00000   0.00860   0.00305   0.00503   0.00000   0.00006   0.00000   0.00120   0.00392   0.00094   0.00076   0.00260   0.00565   0.00884   0.02038   0.01604   0.01701   0.02271   0.00562   0.01064   0.00595   0.01867   0.00000   0.01002   0.02317   0.03600   0.01577   0.06728   2.28836   1.40366  -0.26403   0.05273   2.57385  
 29 202.6126   4031.111465  x:  0.00000   0.01277   0.00000   0.00571   0.00287   0.00492   0.00000   0.00026   0.00000   0.00120   0.00398   0.00097   0.00081   0.00273   0.00478   0.00862   0.02011   0.01980   0.01446   0.02260   0.00557   0.01103   0.00547   0.01471   0.00000   0.00934   0.02367   0.02732   0.01809   0.07531   2.36854   1.46299  -0.31999   0.06976   2.57399  
 30 91.3428   4030.907857  x:  0.00000   0.01285   0.00000   0.00536   0.00286   0.00491   0.00000   0.00028   0.00000   0.00119   0.00399   0.00097   0.00082   0.00274   0.00472   0.00863   0.01955   0.01999   0.01435   0.02266   0.00557   0.01099   0.00544   0.01775   0.00000   0.00933   0.02380   0.02683   0.01831   0.07624   2.37335   1.46665  -0.32346   0.07092   2.57400  
 31 294.7595   4027.953071  x:  0.00000   0.01308   0.00000   0.00649   0.00225   0.00420   0.00000   0.00027   0.00000   0.00113   0.00353   0.00090   0.00077   0.00251   0.00440   0.00768   0.01844   0.01916   0.01386   0.02199   0.00501   0.01045   0.00389   0.01768   0.00000   0.00862   0.02299   0.02767   0.01785   0.07027   2.54800   1.84939  -0.70748   0.12552   2.57357  
 32  7.8473   4025.466885  x:  0.00000   0.01467   0.00000   0.00787   0.00152   0.00409   0.00000   0.00027   0.00000   0.00128   0.00364   0.00102   0.00089   0.00260   0.00455   0.00765   0.01634   0.01719   0.01451   0.02183   0.00524   0.01175   0.00102   0.01770   0.00000   0.00933   0.02286   0.02653   0.02097   0.07007   2.84145   1.78677  -0.64451   0.11522   2.57331  
 33  1.0166   4025.463350  x:  0.00057   0.01468   0.00000   0.00787   0.00152   0.00409   0.00000   0.00027   0.00000   0.00129   0.00364   0.00102   0.00089   0.00260   0.00455   0.00765   0.01633   0.01719   0.01451   0.02183   0.00524   0.01175   0.00101   0.01770   0.00000   0.00933   0.02286   0.02652   0.02098   0.07007   2.84233   1.78658  -0.64432   0.11519   2.57331  
 34 23.1781   4023.859424  x:  0.00148   0.01606   0.00000   0.00855   0.00150   0.00444   0.00000   0.00028   0.00000   0.00144   0.00351   0.00117   0.00103   0.00219   0.00449   0.00730   0.01446   0.01303   0.01415   0.02246   0.00565   0.01303   0.00188   0.01729   0.00000   0.01034   0.02122   0.02587   0.02460   0.07463   2.48633   1.86030  -0.71568   0.11244   2.57341  
 35  0.7790   4023.417448  x:  0.00065   0.01746   0.00000   0.00778   0.00168   0.00477   0.00000   0.00032   0.00000   0.00147   0.00335   0.00126   0.00113   0.00182   0.00472   0.00747   0.01526   0.01335   0.01516   0.02154   0.00573   0.01403   0.00234   0.01708   0.00000   0.01091   0.02123   0.02668   0.02622   0.07119   2.67075   1.85319  -0.71039   0.10562   2.57337  
 36  0.3309   4023.176496  x:  0.00000   0.01775   0.00000   0.00746   0.00159   0.00476   0.00000   0.00033   0.00000   0.00148   0.00324   0.00129   0.00116   0.00166   0.00465   0.00750   0.01577   0.01347   0.01526   0.02135   0.00569   0.01421   0.00193   0.01698   0.00000   0.01103   0.02105   0.02695   0.02661   0.07089   2.59726   1.88037  -0.73726   0.10482   2.57330  
 37  0.5718   4022.923282  x:  0.00000   0.01803   0.00000   0.00815   0.00152   0.00462   0.00000   0.00040   0.00000   0.00152   0.00302   0.00140   0.00126   0.00138   0.00461   0.00774   0.01539   0.01464   0.01521   0.02168   0.00545   0.01436   0.00136   0.01731   0.00000   0.01098   0.02171   0.02747   0.02761   0.07088   2.51305   1.93511  -0.79178   0.10376   2.57325  
 38  0.1345   4022.779046  x:  0.00000   0.01797   0.00000   0.00766   0.00147   0.00451   0.00000   0.00047   0.00000   0.00152   0.00290   0.00151   0.00140   0.00151   0.00462   0.00768   0.01519   0.01373   0.01513   0.02146   0.00526   0.01389   0.00133   0.01693   0.00000   0.01054   0.02147   0.02548   0.02735   0.07042   2.52200   2.00237  -0.85877   0.10515   2.57318  
 39  0.0717   4022.750374  x:  0.00190   0.01796   0.00000   0.00751   0.00146   0.00448   0.00000   0.00048   0.00000   0.00152   0.00287   0.00154   0.00144   0.00154   0.00463   0.00766   0.01513   0.01346   0.01510   0.02140   0.00520   0.01375   0.00132   0.01682   0.00000   0.01041   0.02140   0.02490   0.02728   0.07029   2.52462   2.02206  -0.87838   0.10556   2.57316  
 40 456.2729   4022.669533  x:  0.00352   0.01794   0.00000   0.00789   0.00157   0.00457   0.00000   0.00054   0.00000   0.00155   0.00300   0.00163   0.00153   0.00164   0.00463   0.00797   0.01579   0.01388   0.01563   0.02156   0.00525   0.01377   0.00159   0.01696   0.00000   0.01055   0.02171   0.02329   0.02696   0.07127   2.52145   2.05731  -0.91348   0.10905   2.57322  
 41  0.0844   4022.601659  x:  0.00463   0.01758   0.00000   0.00779   0.00155   0.00460   0.00000   0.00062   0.00000   0.00150   0.00306   0.00167   0.00162   0.00149   0.00434   0.00755   0.01519   0.01436   0.01507   0.02182   0.00528   0.01370   0.00175   0.01700   0.00000   0.01083   0.02183   0.02213   0.02639   0.07097   2.54105   2.06025  -0.91648   0.10749   2.57320  
 42  0.0168   4022.517980  x:  0.00657   0.01729   0.00000   0.00760   0.00156   0.00475   0.00000   0.00074   0.00000   0.00150   0.00321   0.00173   0.00173   0.00150   0.00502   0.00749   0.01516   0.01428   0.01512   0.02178   0.00554   0.01388   0.00149   0.01707   0.00000   0.01108   0.02203   0.02016   0.02565   0.07150   2.53126   2.05479  -0.91068   0.10846   2.57319  
 43  0.0088   4022.424131  x:  0.00891   0.01719   0.00000   0.00807   0.00150   0.00450   0.00000   0.00089   0.00000   0.00156   0.00315   0.00173   0.00180   0.00146   0.00457   0.00743   0.01598   0.01365   0.01527   0.02157   0.00557   0.01406   0.00139   0.01726   0.00000   0.01061   0.02207   0.01784   0.02543   0.07195   2.53618   2.01025  -0.86574   0.10528   2.57316  
 44  0.0565   4022.343835  x:  0.01048   0.01766   0.00000   0.00759   0.00153   0.00440   0.00000   0.00104   0.00000   0.00159   0.00302   0.00170   0.00184   0.00148   0.00443   0.00765   0.01515   0.01388   0.01597   0.02138   0.00540   0.01419   0.00152   0.01693   0.00000   0.01058   0.02179   0.01637   0.02567   0.07113   2.52865   1.97272  -0.82832   0.10615   2.57312  
 45  0.0462   4022.305918  x:  0.01126   0.01767   0.00000   0.00770   0.00158   0.00452   0.00000   0.00114   0.00000   0.00158   0.00297   0.00168   0.00187   0.00155   0.00461   0.00769   0.01548   0.01390   0.01506   0.02182   0.00533   0.01411   0.00160   0.01694   0.00000   0.01066   0.02164   0.01564   0.02622   0.07055   2.53191   1.95668  -0.81247   0.10575   2.57311  
 46  0.0304   4022.274456  x:  0.01366   0.01774   0.00000   0.00784   0.00155   0.00475   0.00000   0.00131   0.00000   0.00154   0.00304   0.00164   0.00190   0.00150   0.00458   0.00768   0.01535   0.01386   0.01533   0.02171   0.00527   0.01378   0.00149   0.01699   0.00000   0.01091   0.02139   0.01319   0.02650   0.07126   2.53729   1.97439  -0.82973   0.10682   2.57308  
 47  0.0118   4022.252007  x:  0.01534   0.01770   0.00000   0.00775   0.00145   0.00453   0.00000   0.00145   0.00000   0.00154   0.00301   0.00155   0.00183   0.00147   0.00469   0.00767   0.01546   0.01394   0.01534   0.02154   0.00532   0.01367   0.00158   0.01701   0.00000   0.01070   0.02174   0.01145   0.02651   0.07117   2.53383   1.98036  -0.83562   0.10609   2.57306  
 48  0.0048   4022.238595  x:  0.01596   0.01765   0.00000   0.00760   0.00156   0.00456   0.00000   0.00152   0.00000   0.00155   0.00304   0.00148   0.00175   0.00153   0.00452   0.00769   0.01552   0.01390   0.01530   0.02173   0.00545   0.01378   0.00153   0.01696   0.00000   0.01069   0.02188   0.01084   0.02644   0.07103   2.53033   1.98458  -0.83976   0.10634   2.57303  
 49  0.0064   4022.231186  x:  0.01635   0.01768   0.00000   0.00779   0.00158   0.00457   0.00000   0.00153   0.00000   0.00155   0.00305   0.00142   0.00164   0.00154   0.00460   0.00767   0.01535   0.01388   0.01530   0.02167   0.00539   0.01392   0.00154   0.01697   0.00000   0.01075   0.02162   0.01049   0.02631   0.07100   2.53298   1.98659  -0.84179   0.10616   2.57302  
 50  0.0031   4022.228683  x:  0.01582   0.01768   0.00000   0.00773   0.00152   0.00461   0.00000   0.00151   0.00000   0.00154   0.00306   0.00143   0.00158   0.00152   0.00459   0.00767   0.01544   0.01385   0.01530   0.02173   0.00538   0.01396   0.00153   0.01695   0.00000   0.01079   0.02164   0.01101   0.02632   0.07096   2.53463   1.99039  -0.84560   0.10684   2.57301  
 51  0.0035   4022.226580  x:  0.01544   0.01768   0.00000   0.00774   0.00154   0.00463   0.00000   0.00148   0.00000   0.00153   0.00306   0.00148   0.00154   0.00154   0.00459   0.00767   0.01543   0.01389   0.01531   0.02161   0.00539   0.01390   0.00154   0.01697   0.00000   0.01072   0.02168   0.01138   0.02638   0.07097   2.53003   1.98829  -0.84347   0.10637   2.57299  
 52  0.0026   4022.225547  x:  0.01578   0.01768   0.00000   0.00774   0.00155   0.00458   0.00000   0.00151   0.00000   0.00153   0.00305   0.00151   0.00152   0.00153   0.00459   0.00769   0.01540   0.01386   0.01531   0.02174   0.00538   0.01387   0.00154   0.01696   0.00000   0.01075   0.02167   0.01105   0.02638   0.07103   2.53341   1.98623  -0.84133   0.10630   2.57297  
 53  0.0027   4022.225298  x:  0.01605   0.01768   0.00000   0.00774   0.00155   0.00459   0.00000   0.00153   0.00000   0.00153   0.00305   0.00152   0.00153   0.00153   0.00459   0.00767   0.01541   0.01387   0.01530   0.02168   0.00539   0.01388   0.00154   0.01696   0.00000   0.01076   0.02166   0.01078   0.02636   0.07097   2.53330   1.98663  -0.84169   0.10648   2.57295  
 54  0.0006   4022.225283  x:  0.01609   0.01768   0.00000   0.00774   0.00154   0.00459   0.00000   0.00153   0.00000   0.00153   0.00305   0.00153   0.00153   0.00153   0.00459   0.00767   0.01541   0.01387   0.01530   0.02169   0.00539   0.01389   0.00154   0.01696   0.00000   0.01076   0.02166   0.01074   0.02636   0.07098   2.53302   1.98671  -0.84174   0.10644   2.57294  
 55  0.0003   4022.225282  x:  0.01610   0.01768   0.00000   0.00774   0.00154   0.00459   0.00000   0.00153   0.00000   0.00153   0.00305   0.00153   0.00153   0.00153   0.00459   0.00767   0.01541   0.01387   0.01530   0.02169   0.00538   0.01389   0.00154   0.01696   0.00000   0.01075   0.02166   0.01074   0.02636   0.07098   2.53294   1.98675  -0.84178   0.10644   2.57294  
 56  0.0002   4022.225282  x:  0.01610   0.01768   0.00000   0.00774   0.00154   0.00460   0.00000   0.00153   0.00000   0.00153   0.00305   0.00153   0.00153   0.00153   0.00459   0.00767   0.01541   0.01387   0.01530   0.02169   0.00538   0.01390   0.00154   0.01696   0.00000   0.01075   0.02166   0.01073   0.02636   0.07098   2.53292   1.98676  -0.84179   0.10643   2.57294  
 57  0.0001   4022.225282  x:  0.01610   0.01768   0.00000   0.00774   0.00154   0.00460   0.00000   0.00153   0.00000   0.00153   0.00305   0.00153   0.00153   0.00153   0.00459   0.00767   0.01541   0.01387   0.01530   0.02169   0.00538   0.01390   0.00154   0.01696   0.00000   0.01075   0.02166   0.01073   0.02636   0.07098   2.53292   1.98677  -0.84179   0.10643   2.57294  
 58  0.0001   4022.225282  x:  0.01610   0.01768   0.00000   0.00774   0.00154   0.00460   0.00000   0.00153   0.00000   0.00153   0.00305   0.00153   0.00153   0.00153   0.00459   0.00767   0.01541   0.01387   0.01530   0.02169   0.00538   0.01390   0.00154   0.01696   0.00000   0.01075   0.02166   0.01073   0.02636   0.07098   2.53291   1.98677  -0.84179   0.10643   2.57294  