Supplemental results for CODEML (seqf: /Users/YY/Desktop/get/branch_site/modify/modify_trim_muscle_petA.fa  treef: /Users/YY/Desktop/get/branch_site/16gene_topu.tree)


dN/dS (w) for site classes (K=4)

site class             0        1       2a       2b
proportion       0.96784  0.03216  0.00000  0.00000
background w     0.08391  1.00000  0.08391  1.00000
foreground w     0.08391  1.00000  1.00000  1.00000

Naive Empirical Bayes (NEB) probabilities for 4 classes
(amino acids refer to 1st sequence: NC_029391)

   1 M   0.98794 0.01206 0.00000 0.00000 ( 1)
   2 Q   0.98336 0.01664 0.00000 0.00000 ( 1)
   3 T   0.98807 0.01193 0.00000 0.00000 ( 1)
   4 R   0.30668 0.69332 0.00000 0.00000 ( 2)
   5 K   0.98270 0.01730 0.00000 0.00000 ( 1)
   6 T   0.98807 0.01193 0.00000 0.00000 ( 1)
   7 F   0.98775 0.01225 0.00000 0.00000 ( 1)
   8 S   0.83998 0.16002 0.00000 0.00000 ( 1)
   9 W   0.97491 0.02509 0.00000 0.00000 ( 1)
  10 I   0.98838 0.01162 0.00000 0.00000 ( 1)
  11 K   0.98345 0.01655 0.00000 0.00000 ( 1)
  12 E   0.98787 0.01213 0.00000 0.00000 ( 1)
  13 Q   0.98336 0.01664 0.00000 0.00000 ( 1)
  14 I   0.98938 0.01062 0.00000 0.00000 ( 1)
  15 T   0.87999 0.12001 0.00000 0.00000 ( 1)
  16 R   0.97883 0.02117 0.00000 0.00000 ( 1)
  17 S   0.97568 0.02432 0.00000 0.00000 ( 1)
  18 I   0.98953 0.01047 0.00000 0.00000 ( 1)
  19 S   0.97568 0.02432 0.00000 0.00000 ( 1)
  20 V   0.98613 0.01387 0.00000 0.00000 ( 1)
  21 S   0.97593 0.02407 0.00000 0.00000 ( 1)
  22 L   0.97678 0.02322 0.00000 0.00000 ( 1)
  23 M   0.98794 0.01206 0.00000 0.00000 ( 1)
  24 I   0.98838 0.01162 0.00000 0.00000 ( 1)
  25 Y   0.98575 0.01425 0.00000 0.00000 ( 1)
  26 I   0.97987 0.02013 0.00000 0.00000 ( 1)
  27 I   0.98838 0.01162 0.00000 0.00000 ( 1)
  28 T   0.98787 0.01213 0.00000 0.00000 ( 1)
  29 R   0.76833 0.23167 0.00000 0.00000 ( 1)
  30 P   0.98304 0.01696 0.00000 0.00000 ( 1)
  31 S   0.97628 0.02372 0.00000 0.00000 ( 1)
  32 I   0.98953 0.01047 0.00000 0.00000 ( 1)
  33 S   0.98045 0.01955 0.00000 0.00000 ( 1)
  34 S   0.87099 0.12901 0.00000 0.00000 ( 1)
  35 A   0.98593 0.01407 0.00000 0.00000 ( 1)
  36 Y   0.98575 0.01425 0.00000 0.00000 ( 1)
  37 P   0.97606 0.02394 0.00000 0.00000 ( 1)
  38 I   0.98953 0.01047 0.00000 0.00000 ( 1)
  39 F   0.98775 0.01225 0.00000 0.00000 ( 1)
  40 A   0.98560 0.01440 0.00000 0.00000 ( 1)
  41 Q   0.97920 0.02080 0.00000 0.00000 ( 1)
  42 Q   0.97979 0.02021 0.00000 0.00000 ( 1)
  43 G   0.98720 0.01280 0.00000 0.00000 ( 1)
  44 Y   0.98575 0.01425 0.00000 0.00000 ( 1)
  45 E   0.98787 0.01213 0.00000 0.00000 ( 1)
  46 N   0.99027 0.00973 0.00000 0.00000 ( 1)
  47 P   0.98169 0.01831 0.00000 0.00000 ( 1)
  48 R   0.97883 0.02117 0.00000 0.00000 ( 1)
  49 E   0.98731 0.01269 0.00000 0.00000 ( 1)
  50 A   0.97950 0.02050 0.00000 0.00000 ( 1)
  51 T   0.98807 0.01193 0.00000 0.00000 ( 1)
  52 G   0.98462 0.01538 0.00000 0.00000 ( 1)
  53 R   0.98378 0.01622 0.00000 0.00000 ( 1)
  54 I   0.98953 0.01047 0.00000 0.00000 ( 1)
  55 V   0.98647 0.01353 0.00000 0.00000 ( 1)
  56 C   0.98316 0.01684 0.00000 0.00000 ( 1)
  57 A   0.97805 0.02195 0.00000 0.00000 ( 1)
  58 N   0.99007 0.00993 0.00000 0.00000 ( 1)
  59 C   0.97564 0.02436 0.00000 0.00000 ( 1)
  60 H   0.98770 0.01230 0.00000 0.00000 ( 1)
  61 L   0.98063 0.01937 0.00000 0.00000 ( 1)
  62 A   0.98831 0.01169 0.00000 0.00000 ( 1)
  63 N   0.99027 0.00973 0.00000 0.00000 ( 1)
  64 K   0.98270 0.01730 0.00000 0.00000 ( 1)
  65 P   0.97606 0.02394 0.00000 0.00000 ( 1)
  66 V   0.97995 0.02005 0.00000 0.00000 ( 1)
  67 D   0.99043 0.00957 0.00000 0.00000 ( 1)
  68 I   0.88778 0.11222 0.00000 0.00000 ( 1)
  69 E   0.98787 0.01213 0.00000 0.00000 ( 1)
  70 V   0.98884 0.01116 0.00000 0.00000 ( 1)
  71 P   0.98237 0.01763 0.00000 0.00000 ( 1)
  72 Q   0.98278 0.01722 0.00000 0.00000 ( 1)
  73 T   0.80550 0.19450 0.00000 0.00000 ( 1)
  74 V   0.98647 0.01353 0.00000 0.00000 ( 1)
  75 L   0.98644 0.01356 0.00000 0.00000 ( 1)
  76 P   0.98304 0.01696 0.00000 0.00000 ( 1)
  77 D   0.99043 0.00957 0.00000 0.00000 ( 1)
  78 T   0.98765 0.01235 0.00000 0.00000 ( 1)
  79 V   0.98647 0.01353 0.00000 0.00000 ( 1)
  80 F   0.98775 0.01225 0.00000 0.00000 ( 1)
  81 E   0.98787 0.01213 0.00000 0.00000 ( 1)
  82 A   0.98593 0.01407 0.00000 0.00000 ( 1)
  83 V   0.98884 0.01116 0.00000 0.00000 ( 1)
  84 V   0.98884 0.01116 0.00000 0.00000 ( 1)
  85 R   0.97883 0.02117 0.00000 0.00000 ( 1)
  86 I   0.98029 0.01971 0.00000 0.00000 ( 1)
  87 P   0.98532 0.01468 0.00000 0.00000 ( 1)
  88 Y   0.98575 0.01425 0.00000 0.00000 ( 1)
  89 D   0.99043 0.00957 0.00000 0.00000 ( 1)
  90 M   0.98794 0.01206 0.00000 0.00000 ( 1)
  91 Q   0.98336 0.01664 0.00000 0.00000 ( 1)
  92 L   0.98124 0.01876 0.00000 0.00000 ( 1)
  93 K   0.98766 0.01234 0.00000 0.00000 ( 1)
  94 Q   0.98336 0.01664 0.00000 0.00000 ( 1)
  95 V   0.98884 0.01116 0.00000 0.00000 ( 1)
  96 L   0.98644 0.01356 0.00000 0.00000 ( 1)
  97 A   0.98831 0.01169 0.00000 0.00000 ( 1)
  98 N   0.99027 0.00973 0.00000 0.00000 ( 1)
  99 G   0.98720 0.01280 0.00000 0.00000 ( 1)
 100 K   0.98766 0.01234 0.00000 0.00000 ( 1)
 101 K   0.82651 0.17349 0.00000 0.00000 ( 1)
 102 G   0.98633 0.01367 0.00000 0.00000 ( 1)
 103 A   0.87596 0.12404 0.00000 0.00000 ( 1)
 104 L   0.97738 0.02262 0.00000 0.00000 ( 1)
 105 N   0.99027 0.00973 0.00000 0.00000 ( 1)
 106 V   0.98587 0.01413 0.00000 0.00000 ( 1)
 107 G   0.97927 0.02073 0.00000 0.00000 ( 1)
 108 A   0.98831 0.01169 0.00000 0.00000 ( 1)
 109 V   0.98884 0.01116 0.00000 0.00000 ( 1)
 110 L   0.98644 0.01356 0.00000 0.00000 ( 1)
 111 I   0.98953 0.01047 0.00000 0.00000 ( 1)
 112 L   0.98063 0.01937 0.00000 0.00000 ( 1)
 113 P   0.98247 0.01753 0.00000 0.00000 ( 1)
 114 E   0.98297 0.01703 0.00000 0.00000 ( 1)
 115 G   0.98720 0.01280 0.00000 0.00000 ( 1)
 116 F   0.98775 0.01225 0.00000 0.00000 ( 1)
 117 E   0.86427 0.13573 0.00000 0.00000 ( 1)
 118 L   0.98063 0.01937 0.00000 0.00000 ( 1)
 119 A   0.98831 0.01169 0.00000 0.00000 ( 1)
 120 P   0.98532 0.01468 0.00000 0.00000 ( 1)
 121 A   0.98006 0.01994 0.00000 0.00000 ( 1)
 122 D   0.89638 0.10362 0.00000 0.00000 ( 1)
 123 R   0.97546 0.02454 0.00000 0.00000 ( 1)
 124 I   0.98953 0.01047 0.00000 0.00000 ( 1)
 125 S   0.97568 0.02432 0.00000 0.00000 ( 1)
 126 P   0.97679 0.02321 0.00000 0.00000 ( 1)
 127 E   0.98297 0.01703 0.00000 0.00000 ( 1)
 128 I   0.87078 0.12922 0.00000 0.00000 ( 1)
 129 K   0.98766 0.01234 0.00000 0.00000 ( 1)
 130 E   0.98787 0.01213 0.00000 0.00000 ( 1)
 131 K   0.98270 0.01730 0.00000 0.00000 ( 1)
 132 I   0.98838 0.01162 0.00000 0.00000 ( 1)
 133 G   0.97742 0.02258 0.00000 0.00000 ( 1)
 134 N   0.99027 0.00973 0.00000 0.00000 ( 1)
 135 L   0.97758 0.02242 0.00000 0.00000 ( 1)
 136 S   0.98470 0.01530 0.00000 0.00000 ( 1)
 137 F   0.98775 0.01225 0.00000 0.00000 ( 1)
 138 Q   0.97901 0.02099 0.00000 0.00000 ( 1)
 139 S   0.97909 0.02091 0.00000 0.00000 ( 1)
 140 Y   0.98502 0.01498 0.00000 0.00000 ( 1)
 141 R   0.97523 0.02477 0.00000 0.00000 ( 1)
 142 P   0.97606 0.02394 0.00000 0.00000 ( 1)
 143 N   0.38451 0.61549 0.00000 0.00000 ( 2)
 144 K   0.84954 0.15046 0.00000 0.00000 ( 1)
 145 K   0.86230 0.13770 0.00000 0.00000 ( 1)
 146 N   0.99027 0.00973 0.00000 0.00000 ( 1)
 147 I   0.98953 0.01047 0.00000 0.00000 ( 1)
 148 L   0.98644 0.01356 0.00000 0.00000 ( 1)
 149 V   0.97995 0.02005 0.00000 0.00000 ( 1)
 150 I   0.98838 0.01162 0.00000 0.00000 ( 1)
 151 G   0.98024 0.01976 0.00000 0.00000 ( 1)
 152 P   0.97606 0.02394 0.00000 0.00000 ( 1)
 153 V   0.98884 0.01116 0.00000 0.00000 ( 1)
 154 P   0.84673 0.15327 0.00000 0.00000 ( 1)
 155 G   0.98702 0.01298 0.00000 0.00000 ( 1)
 156 Q   0.97901 0.02099 0.00000 0.00000 ( 1)
 157 K   0.98766 0.01234 0.00000 0.00000 ( 1)
 158 Y   0.98575 0.01425 0.00000 0.00000 ( 1)
 159 S   0.98803 0.01197 0.00000 0.00000 ( 1)
 160 E   0.98787 0.01213 0.00000 0.00000 ( 1)
 161 I   0.98336 0.01664 0.00000 0.00000 ( 1)
 162 T   0.97934 0.02066 0.00000 0.00000 ( 1)
 163 F   0.98775 0.01225 0.00000 0.00000 ( 1)
 164 P   0.98514 0.01486 0.00000 0.00000 ( 1)
 165 I   0.97987 0.02013 0.00000 0.00000 ( 1)
 166 L   0.98644 0.01356 0.00000 0.00000 ( 1)
 167 S   0.97568 0.02432 0.00000 0.00000 ( 1)
 168 P   0.97720 0.02280 0.00000 0.00000 ( 1)
 169 D   0.98214 0.01786 0.00000 0.00000 ( 1)
 170 P   0.97647 0.02353 0.00000 0.00000 ( 1)
 171 A   0.87397 0.12603 0.00000 0.00000 ( 1)
 172 T   0.98807 0.01193 0.00000 0.00000 ( 1)
 173 T   0.80073 0.19927 0.00000 0.00000 ( 1)
 174 K   0.98742 0.01258 0.00000 0.00000 ( 1)
 175 E   0.98297 0.01703 0.00000 0.00000 ( 1)
 176 V   0.88063 0.11937 0.00000 0.00000 ( 1)
 177 H   0.24936 0.75064 0.00000 0.00000 ( 2)
 178 F   0.97918 0.02082 0.00000 0.00000 ( 1)
 179 L   0.98063 0.01937 0.00000 0.00000 ( 1)
 180 K   0.98766 0.01234 0.00000 0.00000 ( 1)
 181 Y   0.98575 0.01425 0.00000 0.00000 ( 1)
 182 P   0.98532 0.01468 0.00000 0.00000 ( 1)
 183 I   0.86693 0.13307 0.00000 0.00000 ( 1)
 184 Y   0.97927 0.02073 0.00000 0.00000 ( 1)
 185 V   0.98647 0.01353 0.00000 0.00000 ( 1)
 186 G   0.97726 0.02274 0.00000 0.00000 ( 1)
 187 G   0.98430 0.01570 0.00000 0.00000 ( 1)
 188 N   0.98188 0.01812 0.00000 0.00000 ( 1)
 189 R   0.98003 0.01997 0.00000 0.00000 ( 1)
 190 G   0.98430 0.01570 0.00000 0.00000 ( 1)
 191 R   0.98003 0.01997 0.00000 0.00000 ( 1)
 192 G   0.98710 0.01290 0.00000 0.00000 ( 1)
 193 Q   0.97901 0.02099 0.00000 0.00000 ( 1)
 194 I   0.98953 0.01047 0.00000 0.00000 ( 1)
 195 Y   0.98575 0.01425 0.00000 0.00000 ( 1)
 196 P   0.97679 0.02321 0.00000 0.00000 ( 1)
 197 D   0.98270 0.01730 0.00000 0.00000 ( 1)
 198 G   0.97863 0.02137 0.00000 0.00000 ( 1)
 199 S   0.97909 0.02091 0.00000 0.00000 ( 1)
 200 K   0.98766 0.01234 0.00000 0.00000 ( 1)
 201 S   0.98803 0.01197 0.00000 0.00000 ( 1)
 202 N   0.98188 0.01812 0.00000 0.00000 ( 1)
 203 N   0.99027 0.00973 0.00000 0.00000 ( 1)
 204 T   0.98570 0.01430 0.00000 0.00000 ( 1)
 205 V   0.98884 0.01116 0.00000 0.00000 ( 1)
 206 Y   0.98575 0.01425 0.00000 0.00000 ( 1)
 207 N   0.99027 0.00973 0.00000 0.00000 ( 1)
 208 A   0.98831 0.01169 0.00000 0.00000 ( 1)
 209 T   0.98536 0.01464 0.00000 0.00000 ( 1)
 210 S   0.81363 0.18637 0.00000 0.00000 ( 1)
 211 A   0.98593 0.01407 0.00000 0.00000 ( 1)
 212 G   0.98720 0.01280 0.00000 0.00000 ( 1)
 213 I   0.98838 0.01162 0.00000 0.00000 ( 1)
 214 V   0.98647 0.01353 0.00000 0.00000 ( 1)
 215 G   0.98720 0.01280 0.00000 0.00000 ( 1)
 216 K   0.98766 0.01234 0.00000 0.00000 ( 1)
 217 I   0.98838 0.01162 0.00000 0.00000 ( 1)
 218 I   0.98838 0.01162 0.00000 0.00000 ( 1)
 219 R   0.97883 0.02117 0.00000 0.00000 ( 1)
 220 K   0.98766 0.01234 0.00000 0.00000 ( 1)
 221 E   0.98787 0.01213 0.00000 0.00000 ( 1)
 222 K   0.98731 0.01269 0.00000 0.00000 ( 1)
 223 G   0.97863 0.02137 0.00000 0.00000 ( 1)
 224 G   0.98720 0.01280 0.00000 0.00000 ( 1)
 225 Y   0.97770 0.02230 0.00000 0.00000 ( 1)
 226 E   0.98787 0.01213 0.00000 0.00000 ( 1)
 227 I   0.98838 0.01162 0.00000 0.00000 ( 1)
 228 T   0.97788 0.02212 0.00000 0.00000 ( 1)
 229 I   0.98838 0.01162 0.00000 0.00000 ( 1)
 230 A   0.80043 0.19957 0.00000 0.00000 ( 1)
 231 D   0.99043 0.00957 0.00000 0.00000 ( 1)
 232 A   0.98593 0.01407 0.00000 0.00000 ( 1)
 233 S   0.77303 0.22697 0.00000 0.00000 ( 1)
 234 D   0.99043 0.00957 0.00000 0.00000 ( 1)
 235 G   0.98430 0.01570 0.00000 0.00000 ( 1)
 236 R   0.98378 0.01622 0.00000 0.00000 ( 1)
 237 Q   0.98336 0.01664 0.00000 0.00000 ( 1)
 238 V   0.98006 0.01994 0.00000 0.00000 ( 1)
 239 V   0.88016 0.11984 0.00000 0.00000 ( 1)
 240 D   0.99043 0.00957 0.00000 0.00000 ( 1)
 241 I   0.98953 0.01047 0.00000 0.00000 ( 1)
 242 I   0.98187 0.01813 0.00000 0.00000 ( 1)
 243 P   0.98532 0.01468 0.00000 0.00000 ( 1)
 244 P   0.98304 0.01696 0.00000 0.00000 ( 1)
 245 G   0.97863 0.02137 0.00000 0.00000 ( 1)
 246 P   0.98304 0.01696 0.00000 0.00000 ( 1)
 247 E   0.98787 0.01213 0.00000 0.00000 ( 1)
 248 L   0.98644 0.01356 0.00000 0.00000 ( 1)
 249 L   0.98644 0.01356 0.00000 0.00000 ( 1)
 250 V   0.98884 0.01116 0.00000 0.00000 ( 1)
 251 S   0.98045 0.01955 0.00000 0.00000 ( 1)
 252 E   0.98787 0.01213 0.00000 0.00000 ( 1)
 253 G   0.97807 0.02193 0.00000 0.00000 ( 1)
 254 E   0.98787 0.01213 0.00000 0.00000 ( 1)
 255 S   0.98470 0.01530 0.00000 0.00000 ( 1)
 256 I   0.97987 0.02013 0.00000 0.00000 ( 1)
 257 K   0.98766 0.01234 0.00000 0.00000 ( 1)
 258 L   0.97738 0.02262 0.00000 0.00000 ( 1)
 259 D   0.99043 0.00957 0.00000 0.00000 ( 1)
 260 Q   0.98336 0.01664 0.00000 0.00000 ( 1)
 261 P   0.97729 0.02271 0.00000 0.00000 ( 1)
 262 L   0.97738 0.02262 0.00000 0.00000 ( 1)
 263 T   0.97931 0.02069 0.00000 0.00000 ( 1)
 264 S   0.98803 0.01197 0.00000 0.00000 ( 1)
 265 N   0.99027 0.00973 0.00000 0.00000 ( 1)
 266 P   0.98532 0.01468 0.00000 0.00000 ( 1)
 267 N   0.99027 0.00973 0.00000 0.00000 ( 1)
 268 V   0.97995 0.02005 0.00000 0.00000 ( 1)
 269 G   0.97866 0.02134 0.00000 0.00000 ( 1)
 270 G   0.98430 0.01570 0.00000 0.00000 ( 1)
 271 F   0.98775 0.01225 0.00000 0.00000 ( 1)
 272 G   0.98679 0.01321 0.00000 0.00000 ( 1)
 273 Q   0.97901 0.02099 0.00000 0.00000 ( 1)
 274 G   0.98430 0.01570 0.00000 0.00000 ( 1)
 275 D   0.98962 0.01038 0.00000 0.00000 ( 1)
 276 A   0.85460 0.14540 0.00000 0.00000 ( 1)
 277 E   0.98787 0.01213 0.00000 0.00000 ( 1)
 278 I   0.98835 0.01165 0.00000 0.00000 ( 1)
 279 V   0.98624 0.01376 0.00000 0.00000 ( 1)
 280 L   0.98644 0.01356 0.00000 0.00000 ( 1)
 281 Q   0.98336 0.01664 0.00000 0.00000 ( 1)
 282 D   0.98920 0.01080 0.00000 0.00000 ( 1)
 283 P   0.97606 0.02394 0.00000 0.00000 ( 1)
 284 L   0.98063 0.01937 0.00000 0.00000 ( 1)
 285 R   0.98378 0.01622 0.00000 0.00000 ( 1)
 286 V   0.97847 0.02153 0.00000 0.00000 ( 1)
 287 Q   0.98336 0.01664 0.00000 0.00000 ( 1)
 288 G   0.97730 0.02270 0.00000 0.00000 ( 1)
 289 L   0.98644 0.01356 0.00000 0.00000 ( 1)
 290 L   0.97744 0.02256 0.00000 0.00000 ( 1)
 291 F   0.97918 0.02082 0.00000 0.00000 ( 1)
 292 F   0.97918 0.02082 0.00000 0.00000 ( 1)
 293 L   0.97738 0.02262 0.00000 0.00000 ( 1)
 294 A   0.98593 0.01407 0.00000 0.00000 ( 1)
 295 S   0.98470 0.01530 0.00000 0.00000 ( 1)
 296 V   0.98884 0.01116 0.00000 0.00000 ( 1)
 297 I   0.88716 0.11284 0.00000 0.00000 ( 1)
 298 L   0.97738 0.02262 0.00000 0.00000 ( 1)
 299 A   0.98533 0.01467 0.00000 0.00000 ( 1)
 300 Q   0.98336 0.01664 0.00000 0.00000 ( 1)
 301 I   0.98068 0.01932 0.00000 0.00000 ( 1)
 302 F   0.98775 0.01225 0.00000 0.00000 ( 1)
 303 L   0.97738 0.02262 0.00000 0.00000 ( 1)
 304 V   0.98884 0.01116 0.00000 0.00000 ( 1)
 305 L   0.98644 0.01356 0.00000 0.00000 ( 1)
 306 K   0.98766 0.01234 0.00000 0.00000 ( 1)
 307 K   0.98270 0.01730 0.00000 0.00000 ( 1)
 308 K   0.98766 0.01234 0.00000 0.00000 ( 1)
 309 Q   0.97901 0.02099 0.00000 0.00000 ( 1)
 310 F   0.97976 0.02024 0.00000 0.00000 ( 1)
 311 E   0.98297 0.01703 0.00000 0.00000 ( 1)
 312 K   0.98270 0.01730 0.00000 0.00000 ( 1)
 313 V   0.98884 0.01116 0.00000 0.00000 ( 1)
 314 Q   0.98336 0.01664 0.00000 0.00000 ( 1)
 315 L   0.97738 0.02262 0.00000 0.00000 ( 1)
 316 S   0.98045 0.01955 0.00000 0.00000 ( 1)
 317 E   0.98787 0.01213 0.00000 0.00000 ( 1)
 318 M   0.98794 0.01206 0.00000 0.00000 ( 1)
 319 N   0.99027 0.00973 0.00000 0.00000 ( 1)
 320 F   0.97918 0.02082 0.00000 0.00000 ( 1)


lnL = -1941.107790

