

TREE # 1

  0  0.0000   2127.528309  x:  0.00000   0.01632   0.05191   0.01735   0.05893   0.05791   0.03100   0.03380   0.05880   0.01803   0.04588   0.02166   0.02155   0.01380   0.01908   0.05321   0.05059   0.02737   0.05041   0.03304   0.06298   0.04112   0.01054   0.03280   0.00808   0.06160   0.04996   0.04088   0.08194   0.04307   2.00000   1.09989   0.02896   0.27919  
  1 99.0000   2127.520766  x:  0.00000   0.01632   0.05191   0.01735   0.05893   0.05791   0.03100   0.03380   0.05880   0.01803   0.04588   0.02166   0.02155   0.01380   0.01908   0.05321   0.05059   0.02737   0.05041   0.03304   0.06298   0.04112   0.01054   0.03281   0.00808   0.06160   0.04996   0.04088   0.08194   0.04308   2.00000   1.09989   0.02896   0.27919  
  2 1135.1082   2084.179304  x:  0.00000   0.01588   0.04166   0.01085   0.04746   0.04639   0.02361   0.02223   0.04829   0.01146   0.03703   0.01003   0.01390   0.00226   0.01565   0.04282   0.04141   0.02467   0.04532   0.02737   0.05344   0.03867   0.00000   0.03307   0.00977   0.05225   0.04876   0.03755   0.07770   0.03972   1.99939   1.10038   0.02846   0.27547  
  3 6496.0964   2077.179925  x:  0.00000   0.01595   0.03977   0.01034   0.04522   0.04413   0.02270   0.01997   0.04632   0.01093   0.03555   0.00776   0.01302   0.00000   0.01553   0.04089   0.03981   0.02450   0.04462   0.02668   0.05172   0.03838   0.00000   0.03300   0.00957   0.05045   0.04868   0.03712   0.07701   0.03970   1.99926   1.10053   0.02831   0.27555  
  4 16253.3233   2056.149657  x:  0.00000   0.01544   0.03354   0.00887   0.03759   0.03640   0.02011   0.01224   0.03979   0.00939   0.03089   0.00000   0.01082   0.00000   0.01422   0.03455   0.03475   0.02339   0.04234   0.02452   0.04609   0.03722   0.00000   0.03334   0.00961   0.04474   0.04798   0.03529   0.07476   0.03947   1.99892   1.10102   0.02780   0.27633  
  5 106918.9471   2034.689780  x:  0.00000   0.01832   0.02750   0.00679   0.02552   0.02446   0.01756   0.00000   0.03217   0.00677   0.02865   0.00000   0.01149   0.00000   0.01394   0.02820   0.03144   0.02045   0.03883   0.02149   0.04052   0.03389   0.00000   0.02873   0.00586   0.04126   0.04437   0.03042   0.07175   0.03849   1.99949   1.10115   0.02769   0.27491  
  6 2793.5224   2003.933964  x:  0.00000   0.02309   0.01789   0.00712   0.00040   0.00000   0.01257   0.00000   0.01872   0.00776   0.02599   0.00000   0.00753   0.00000   0.01750   0.01795   0.02701   0.02076   0.03272   0.01699   0.03108   0.03028   0.00000   0.02934   0.01006   0.03678   0.04102   0.02380   0.06611   0.04123   2.00126   1.10087   0.02806   0.26807  
  7 2858.4100   2003.619173  x:  0.00000   0.02306   0.01778   0.00711   0.00000   0.00000   0.01257   0.00000   0.01856   0.00773   0.02593   0.00000   0.00750   0.00000   0.01748   0.01783   0.02694   0.02079   0.03269   0.01700   0.03096   0.03029   0.00000   0.02940   0.00999   0.03669   0.04105   0.02381   0.06605   0.04119   2.00128   1.10086   0.02807   0.26795  
  8 2028.7108   1987.602879  x:  0.00000   0.01211   0.00676   0.00736   0.00000   0.00000   0.00789   0.00000   0.00676   0.01327   0.00835   0.00000   0.01613   0.00000   0.00896   0.00715   0.01073   0.01510   0.03570   0.01500   0.01234   0.03804   0.00000   0.01343   0.01443   0.01199   0.04819   0.03272   0.06077   0.04516   2.00348   1.10103   0.02804   0.24741  
  9 704.3598   1986.093679  x:  0.00000   0.01414   0.00658   0.00641   0.00000   0.00000   0.00742   0.00000   0.00881   0.01362   0.00629   0.00000   0.02018   0.00000   0.01052   0.00719   0.00745   0.01218   0.03673   0.01274   0.00963   0.03852   0.00000   0.01711   0.01410   0.00521   0.04682   0.03318   0.06058   0.04478   2.00288   1.10181   0.02725   0.24507  
 10 283.7871   1985.712750  x:  0.00000   0.01452   0.00541   0.00549   0.00000   0.00000   0.00770   0.00000   0.00954   0.01269   0.00815   0.00000   0.02263   0.00000   0.00974   0.00602   0.00713   0.01346   0.03776   0.01128   0.00615   0.03937   0.00000   0.01777   0.01453   0.00586   0.04608   0.03343   0.06039   0.04523   2.00075   1.10381   0.02517   0.24397  
 11 75.3107   1984.658701  x:  0.00000   0.01482   0.00403   0.00652   0.00000   0.00000   0.00730   0.00000   0.00663   0.00804   0.00592   0.00000   0.02899   0.00000   0.00772   0.00317   0.01057   0.01569   0.03894   0.01072   0.00729   0.04103   0.00000   0.01934   0.01638   0.00560   0.04230   0.03085   0.05839   0.04636   1.99127   1.11293   0.01570   0.24023  
 12 106.2763   1983.757850  x:  0.00000   0.01348   0.00400   0.00670   0.00000   0.00000   0.00749   0.00000   0.00271   0.00524   0.00639   0.00000   0.03213   0.00000   0.00732   0.00555   0.00942   0.01591   0.03850   0.01172   0.00714   0.04141   0.00000   0.01998   0.01763   0.00554   0.03999   0.02788   0.05600   0.04694   1.98299   1.12107   0.00725   0.23751  
 13 370.3689   1981.782074  x:  0.00000   0.00786   0.00388   0.00656   0.00000   0.00000   0.00833   0.00000   0.00460   0.00351   0.00673   0.00000   0.03444   0.00000   0.00678   0.00355   0.00528   0.01427   0.03405   0.01553   0.00801   0.03967   0.00000   0.02028   0.01872   0.00700   0.03643   0.01900   0.04892   0.04680   1.96326   1.14103  -0.01346   0.23174  
 14 472.2089   1980.711654  x:  0.00000   0.00621   0.00399   0.00449   0.00000   0.00000   0.00839   0.00000   0.00434   0.00686   0.00662   0.00000   0.03391   0.00000   0.00399   0.00407   0.00763   0.01181   0.03084   0.01558   0.00705   0.03740   0.00000   0.02082   0.01806   0.00673   0.03585   0.01572   0.04537   0.04627   1.95122   1.15354  -0.02642   0.22837  
 15 569.2284   1980.006776  x:  0.00000   0.00555   0.00437   0.00470   0.00000   0.00000   0.00913   0.00000   0.00405   0.00470   0.00662   0.00000   0.03281   0.00000   0.00395   0.00355   0.00852   0.00779   0.02920   0.01311   0.00709   0.03370   0.00000   0.02080   0.01899   0.00794   0.03718   0.01838   0.04568   0.04710   1.94378   1.16240  -0.03556   0.22673  
 16 217.9639   1979.667049  x:  0.00000   0.00567   0.00418   0.00407   0.00000   0.00000   0.00898   0.00000   0.00463   0.00361   0.00629   0.00000   0.03238   0.00000   0.00269   0.00431   0.00806   0.00870   0.02849   0.01175   0.00796   0.03085   0.00000   0.02057   0.01950   0.00787   0.03729   0.01944   0.04664   0.04764   1.94017   1.16725  -0.04055   0.22583  
 17 274.8736   1979.513971  x:  0.00000   0.00468   0.00407   0.00307   0.00000   0.00000   0.00869   0.00000   0.00465   0.00343   0.00608   0.00000   0.03248   0.00000   0.00323   0.00445   0.00828   0.00924   0.02855   0.01121   0.00826   0.02941   0.00000   0.02049   0.01965   0.00783   0.03704   0.01980   0.04751   0.04771   1.93850   1.16972  -0.04309   0.22489  
 18 295.2837   1978.907555  x:  0.00000   0.00415   0.00499   0.00348   0.00000   0.00000   0.00617   0.00000   0.00365   0.00462   0.00644   0.00000   0.03194   0.00000   0.00278   0.00323   0.00707   0.00923   0.03111   0.01246   0.00829   0.02463   0.00000   0.02085   0.01899   0.00840   0.03512   0.02022   0.05329   0.04770   1.93179   1.18108  -0.05470   0.21590  
 19 172.4558   1978.003344  x:  0.00000   0.00486   0.00230   0.00331   0.00000   0.00000   0.00799   0.00000   0.00414   0.00467   0.00503   0.00000   0.03028   0.00000   0.00291   0.00400   0.00736   0.00825   0.03408   0.01498   0.00730   0.02088   0.00000   0.02056   0.01938   0.00875   0.03305   0.01864   0.05995   0.04890   1.92244   1.19807  -0.07202   0.20118  
 20 483.7144   1976.519886  x:  0.00000   0.00534   0.00600   0.00287   0.00000   0.00000   0.01224   0.00000   0.00408   0.00299   0.00520   0.00000   0.02699   0.00000   0.00281   0.00283   0.00886   0.00865   0.03705   0.01587   0.00502   0.01919   0.00000   0.01911   0.02016   0.00571   0.03047   0.01382   0.06880   0.05147   1.90477   1.23156  -0.10615   0.17246  
 21 895.7859   1972.758542  x:  0.00000   0.00418   0.00389   0.00461   0.00000   0.00000   0.01315   0.00000   0.00424   0.00321   0.00958   0.00000   0.02413   0.00000   0.00270   0.00303   0.00894   0.00732   0.04018   0.00964   0.00886   0.02431   0.00000   0.01823   0.01831   0.00339   0.02663   0.00655   0.08214   0.05499   1.86591   1.30649  -0.18248   0.10697  
 22 1509.7726   1969.545033  x:  0.00000   0.00587   0.00569   0.00211   0.00000   0.00000   0.01219   0.00000   0.00407   0.00426   0.00687   0.00000   0.02579   0.00000   0.00283   0.00352   0.00755   0.00632   0.03971   0.00835   0.00954   0.02891   0.00000   0.01908   0.01733   0.00765   0.02224   0.00467   0.08827   0.05916   1.83273   1.37133  -0.24851   0.05063  
 23 2938.1740   1968.313863  x:  0.00000   0.00535   0.00558   0.00375   0.00000   0.00000   0.01059   0.00000   0.00525   0.00349   0.00740   0.00000   0.02699   0.00000   0.00311   0.00455   0.00910   0.00666   0.03719   0.00961   0.00837   0.02827   0.00000   0.01918   0.01693   0.00697   0.01934   0.00604   0.08824   0.06071   1.81939   1.39746  -0.27511   0.02701  
 24 1874.5367   1967.959353  x:  0.00000   0.00616   0.00517   0.00267   0.00000   0.00000   0.01026   0.00000   0.00504   0.00331   0.00892   0.00000   0.02889   0.00000   0.00314   0.00390   0.00935   0.00650   0.03650   0.01096   0.00928   0.02656   0.00000   0.01929   0.01759   0.00603   0.02165   0.00587   0.08743   0.06167   1.81541   1.40533  -0.28311   0.02035  
 25 343.1033   1966.508475  x:  0.01169   0.00608   0.00532   0.00328   0.00000   0.00000   0.01057   0.00000   0.00498   0.00346   0.00853   0.00000   0.02973   0.00000   0.00326   0.00403   0.00924   0.00684   0.03630   0.01022   0.00916   0.02512   0.00000   0.01940   0.01746   0.00624   0.02299   0.00521   0.08678   0.06167   1.81390   1.40837  -0.28619   0.01825  
 26 367.3854   1966.022485  x:  0.01344   0.00585   0.00556   0.00490   0.00000   0.00000   0.00859   0.00000   0.00560   0.00255   0.00732   0.00000   0.03141   0.00000   0.00359   0.00507   0.01003   0.00723   0.03638   0.00971   0.00760   0.02331   0.00000   0.01988   0.01708   0.00688   0.02711   0.00248   0.08629   0.06148   1.81153   1.41332  -0.29120   0.01558  
 27 251.9843   1964.068361  x:  0.01471   0.00719   0.00492   0.00424   0.00000   0.00000   0.00356   0.00000   0.00631   0.00115   0.00811   0.00000   0.02606   0.00000   0.00400   0.00542   0.01103   0.00648   0.03467   0.01025   0.00662   0.02151   0.00000   0.01891   0.01568   0.00584   0.02455   0.00196   0.07965   0.06308   1.79398   1.45327  -0.33132   0.02768  
 28 43.4429   1961.367361  x:  0.01403   0.00875   0.00472   0.00492   0.00000   0.00000   0.00344   0.00000   0.00541   0.00240   0.00833   0.00000   0.02212   0.00000   0.00481   0.00470   0.00976   0.00748   0.02856   0.00608   0.00739   0.01169   0.00000   0.01749   0.01333   0.00487   0.02298   0.00167   0.06772   0.06556   1.76253   1.52262  -0.40107   0.03387  
 29 2066.5539   1960.938955  x:  0.01419   0.00884   0.00449   0.00507   0.00000   0.00000   0.00331   0.00000   0.00515   0.00253   0.00812   0.00000   0.02296   0.00000   0.00490   0.00444   0.00958   0.00780   0.02056   0.00644   0.00682   0.01264   0.00000   0.01756   0.01291   0.00472   0.02333   0.00143   0.07218   0.06586   1.75697   1.53382  -0.41230   0.03616  
 30 126.2504   1952.858741  x:  0.01238   0.00803   0.00398   0.00490   0.00000   0.00000   0.00283   0.00000   0.00468   0.00349   0.00652   0.00000   0.00261   0.00000   0.00464   0.00401   0.00799   0.00808   0.02416   0.00671   0.00446   0.01717   0.00000   0.01743   0.00554   0.00375   0.02620   0.00307   0.06500   0.07978   1.59512   1.80107  -0.67961   0.06899  
 31 34.4232   1951.280475  x:  0.01219   0.00793   0.00386   0.00496   0.00000   0.00000   0.00359   0.00000   0.00433   0.00328   0.00653   0.00000   0.00471   0.00000   0.00465   0.00369   0.00783   0.00849   0.02409   0.00723   0.00441   0.01724   0.00000   0.01826   0.00158   0.00391   0.02685   0.00329   0.06211   0.08027   1.68073   1.89172  -0.75885   0.08107  
 32  3.5744   1948.133692  x:  0.01199   0.00778   0.00327   0.00510   0.00000   0.00000   0.00601   0.00000   0.00290   0.00234   0.00638   0.00000   0.00307   0.00000   0.00465   0.00232   0.00710   0.00979   0.02226   0.00828   0.00481   0.01589   0.00000   0.02041   0.00505   0.00408   0.02834   0.00377   0.05237   0.07385   2.23105   2.20508  -1.02289   0.11928  
 33 14.8524   1945.633513  x:  0.01175   0.00809   0.00447   0.00529   0.00000   0.00000   0.00625   0.00000   0.00417   0.00331   0.00771   0.00000   0.00433   0.00000   0.00531   0.00384   0.00783   0.01153   0.02222   0.01198   0.00723   0.01723   0.00000   0.02766   0.00596   0.00609   0.03139   0.00331   0.04356   0.09594   2.23870   2.05557  -0.79257   0.10645  
 34  1.2154   1944.190879  x:  0.01092   0.00858   0.00391   0.00468   0.00000   0.00000   0.00570   0.00000   0.00335   0.00337   0.00718   0.00000   0.00154   0.00000   0.00544   0.00335   0.00693   0.01222   0.02108   0.00944   0.00638   0.02074   0.00000   0.03037   0.00428   0.00603   0.03226   0.00361   0.04081   0.09552   2.40930   2.05018  -0.66909   0.08824  
 35  0.8022   1943.409249  x:  0.01034   0.00888   0.00328   0.00403   0.00000   0.00000   0.00481   0.00000   0.00261   0.00368   0.00634   0.00000   0.00365   0.00000   0.00547   0.00292   0.00598   0.01280   0.02127   0.00724   0.00483   0.02469   0.00000   0.03266   0.00431   0.00541   0.03369   0.00386   0.03921   0.09337   2.47954   2.13441  -0.62747   0.08171  
 36  1.0496   1942.002781  x:  0.01127   0.00989   0.00336   0.00282   0.00000   0.00000   0.00565   0.00000   0.00364   0.00375   0.00695   0.00000   0.00353   0.00000   0.00594   0.00390   0.00684   0.01384   0.01929   0.00850   0.00373   0.02734   0.00000   0.04054   0.00347   0.00439   0.03724   0.00289   0.05074   0.08188   2.37981   2.53131  -0.54938   0.08766  
 37  0.5493   1941.529348  x:  0.01228   0.01003   0.00311   0.00297   0.00000   0.00000   0.00689   0.00000   0.00297   0.00315   0.00642   0.00000   0.00345   0.00000   0.00617   0.00306   0.00643   0.01433   0.01839   0.01028   0.00400   0.02667   0.00000   0.04334   0.00316   0.00392   0.03816   0.00176   0.04416   0.08055   2.19226   2.73216  -0.45095   0.08329  
 38  0.5401   1941.390368  x:  0.01309   0.01002   0.00338   0.00327   0.00000   0.00000   0.00642   0.00000   0.00353   0.00339   0.00641   0.00000   0.00334   0.00000   0.00632   0.00340   0.00665   0.01396   0.02059   0.01064   0.00407   0.02672   0.00000   0.04502   0.00310   0.00402   0.03941   0.00124   0.04137   0.07994   2.25229   2.91633  -0.35506   0.08412  
 39  0.2616   1941.321652  x:  0.01322   0.01002   0.00343   0.00355   0.00000   0.00000   0.00666   0.00000   0.00337   0.00321   0.00674   0.00000   0.00327   0.00000   0.00649   0.00328   0.00652   0.01364   0.02068   0.01000   0.00477   0.02652   0.00000   0.04640   0.00324   0.00455   0.04035   0.00124   0.04296   0.08201   2.25089   3.06291  -0.24066   0.08305  
 40  0.3159   1941.270480  x:  0.01380   0.00985   0.00335   0.00338   0.00000   0.00000   0.00663   0.00000   0.00325   0.00328   0.00671   0.00000   0.00321   0.00000   0.00656   0.00347   0.00651   0.01313   0.01971   0.00996   0.00397   0.02609   0.00000   0.04764   0.00334   0.00432   0.04071   0.00098   0.04268   0.08326   2.27556   3.28756  -0.09440   0.08325  
 41  0.2772   1941.243206  x:  0.01395   0.00987   0.00329   0.00312   0.00000   0.00000   0.00648   0.00000   0.00326   0.00333   0.00657   0.00000   0.00324   0.00000   0.00664   0.00323   0.00674   0.01300   0.01976   0.00992   0.00432   0.02580   0.00000   0.04793   0.00343   0.00409   0.04023   0.00108   0.04282   0.08266   2.26956   3.53053   0.04889   0.08644  
 42  0.2147   1941.213594  x:  0.01420   0.00984   0.00332   0.00329   0.00000   0.00000   0.00654   0.00000   0.00331   0.00330   0.00644   0.00000   0.00334   0.00000   0.00672   0.00315   0.00655   0.01306   0.02022   0.01005   0.00416   0.02525   0.00000   0.04745   0.00342   0.00414   0.03913   0.00070   0.04351   0.08189   2.26041   3.87555   0.35635   0.08404  
 43  0.2328   1941.193030  x:  0.01402   0.00984   0.00333   0.00340   0.00000   0.00000   0.00669   0.00000   0.00328   0.00329   0.00672   0.00000   0.00336   0.00000   0.00677   0.00339   0.00648   0.01315   0.02004   0.00975   0.00417   0.02520   0.00000   0.04675   0.00339   0.00433   0.03870   0.00072   0.04279   0.08204   2.24672   4.19013   0.61009   0.08691  
 44  0.3092   1941.171577  x:  0.01387   0.00985   0.00331   0.00328   0.00000   0.00000   0.00659   0.00000   0.00328   0.00345   0.00671   0.00000   0.00337   0.00000   0.00675   0.00337   0.00679   0.01338   0.01977   0.00989   0.00435   0.02567   0.00000   0.04599   0.00324   0.00431   0.03897   0.00072   0.04272   0.08322   2.27563   4.58703   1.01732   0.08538  
 45  0.3103   1941.157339  x:  0.01391   0.00984   0.00338   0.00325   0.00000   0.00000   0.00668   0.00000   0.00326   0.00348   0.00647   0.00000   0.00331   0.00000   0.00670   0.00328   0.00648   0.01341   0.02012   0.01002   0.00418   0.02604   0.00000   0.04574   0.00330   0.00425   0.03980   0.00072   0.04317   0.08333   2.26210   4.95224   1.37187   0.08650  
 46  0.3098   1941.142497  x:  0.01428   0.00991   0.00327   0.00328   0.00000   0.00000   0.00676   0.00000   0.00336   0.00332   0.00677   0.00000   0.00328   0.00000   0.00663   0.00322   0.00666   0.01331   0.01987   0.00995   0.00417   0.02592   0.00000   0.04567   0.00338   0.00424   0.04037   0.00056   0.04295   0.08199   2.25006   5.41817   1.87169   0.08512  
 47  0.3802   1941.132423  x:  0.01438   0.00995   0.00345   0.00329   0.00000   0.00000   0.00661   0.00000   0.00320   0.00327   0.00660   0.00000   0.00326   0.00000   0.00657   0.00344   0.00658   0.01317   0.01973   0.01003   0.00434   0.02562   0.00000   0.04557   0.00339   0.00423   0.04034   0.00054   0.04297   0.08192   2.26282   5.83451   2.33925   0.08447  
 48  0.3661   1941.119924  x:  0.01431   0.00995   0.00328   0.00331   0.00000   0.00000   0.00643   0.00000   0.00322   0.00327   0.00663   0.00000   0.00326   0.00000   0.00651   0.00329   0.00668   0.01316   0.02008   0.01006   0.00418   0.02557   0.00000   0.04574   0.00336   0.00432   0.03999   0.00059   0.04296   0.08296   2.26700   6.41797   2.99627   0.08439  
 49  0.5442   1941.114503  x:  0.01416   0.00999   0.00334   0.00325   0.00000   0.00000   0.00655   0.00000   0.00337   0.00325   0.00659   0.00000   0.00328   0.00000   0.00655   0.00329   0.00655   0.01320   0.01997   0.00987   0.00421   0.02573   0.00000   0.04619   0.00335   0.00420   0.03974   0.00064   0.04289   0.08294   2.26084   6.80912   3.41610   0.08370  
 50  0.4692   1941.111427  x:  0.01418   0.00998   0.00332   0.00329   0.00000   0.00000   0.00659   0.00000   0.00326   0.00331   0.00663   0.00000   0.00330   0.00000   0.00660   0.00331   0.00661   0.01325   0.01996   0.00994   0.00421   0.02585   0.00000   0.04665   0.00333   0.00423   0.03963   0.00055   0.04304   0.08236   2.25764   7.22577   3.83279   0.08373  
 51  0.4161   1941.110039  x:  0.01426   0.00985   0.00333   0.00331   0.00000   0.00000   0.00660   0.00000   0.00330   0.00336   0.00660   0.00000   0.00331   0.00000   0.00662   0.00330   0.00659   0.01324   0.01987   0.01000   0.00424   0.02580   0.00000   0.04659   0.00337   0.00428   0.03965   0.00047   0.04290   0.08259   2.26514   7.75144   4.35473   0.08390  
 52  0.3124   1941.109119  x:  0.01434   0.00980   0.00333   0.00327   0.00000   0.00000   0.00664   0.00000   0.00327   0.00334   0.00664   0.00000   0.00329   0.00000   0.00662   0.00331   0.00660   0.01326   0.02002   0.00994   0.00422   0.02579   0.00000   0.04648   0.00336   0.00422   0.03969   0.00041   0.04294   0.08258   2.26472   8.32966   4.93115   0.08381  
 53  0.4284   1941.108567  x:  0.01447   0.00982   0.00334   0.00330   0.00000   0.00000   0.00660   0.00000   0.00328   0.00332   0.00661   0.00000   0.00328   0.00000   0.00663   0.00329   0.00661   0.01327   0.01992   0.00992   0.00422   0.02574   0.00000   0.04644   0.00333   0.00425   0.03971   0.00029   0.04300   0.08239   2.26150   8.91187   5.51030   0.08392  
 54  0.4412   1941.108166  x:  0.01459   0.00986   0.00332   0.00329   0.00000   0.00000   0.00658   0.00000   0.00329   0.00333   0.00664   0.00000   0.00330   0.00000   0.00665   0.00331   0.00658   0.01327   0.01994   0.00998   0.00423   0.02575   0.00000   0.04646   0.00336   0.00423   0.03971   0.00018   0.04296   0.08255   2.26071   9.67992   6.27840   0.08385  
 55  0.4728   1941.108002  x:  0.01466   0.00988   0.00334   0.00328   0.00000   0.00000   0.00659   0.00000   0.00328   0.00332   0.00661   0.00000   0.00330   0.00000   0.00665   0.00331   0.00662   0.01327   0.01996   0.00995   0.00421   0.02579   0.00000   0.04646   0.00336   0.00425   0.03971   0.00010   0.04295   0.08258   2.26099  10.24102   6.83762   0.08387  
 56  0.5174   1941.107891  x:  0.01475   0.00989   0.00332   0.00329   0.00000   0.00000   0.00659   0.00000   0.00328   0.00332   0.00662   0.00000   0.00329   0.00000   0.00663   0.00330   0.00659   0.01324   0.01995   0.00994   0.00422   0.02581   0.00000   0.04645   0.00334   0.00424   0.03970   0.00000   0.04298   0.08249   2.26302  11.02803   7.62240   0.08394  
 57  0.5140   1941.107866  x:  0.01479   0.00989   0.00332   0.00329   0.00000   0.00000   0.00660   0.00000   0.00328   0.00332   0.00662   0.00000   0.00330   0.00000   0.00663   0.00330   0.00660   0.01324   0.01995   0.00995   0.00422   0.02580   0.00000   0.04645   0.00334   0.00424   0.03969   0.00000   0.04297   0.08251   2.26253  11.30699   7.90199   0.08393  
 58  0.4242   1941.107848  x:  0.01476   0.00988   0.00333   0.00329   0.00000   0.00000   0.00660   0.00000   0.00328   0.00332   0.00662   0.00000   0.00330   0.00000   0.00662   0.00330   0.00660   0.01325   0.01995   0.00996   0.00422   0.02579   0.00000   0.04646   0.00335   0.00424   0.03968   0.00000   0.04296   0.08254   2.26192  11.32299   7.91941   0.08391  
 59  0.0444   1941.107826  x:  0.01475   0.00987   0.00333   0.00329   0.00000   0.00000   0.00660   0.00000   0.00328   0.00333   0.00662   0.00000   0.00329   0.00000   0.00660   0.00330   0.00660   0.01325   0.01995   0.00995   0.00422   0.02579   0.00000   0.04648   0.00334   0.00425   0.03969   0.00000   0.04296   0.08254   2.26179  11.90198   8.49796   0.08390  
 60  0.2367   1941.107817  x:  0.01475   0.00988   0.00333   0.00329   0.00000   0.00000   0.00660   0.00000   0.00328   0.00333   0.00662   0.00000   0.00330   0.00000   0.00661   0.00330   0.00660   0.01326   0.01995   0.00995   0.00422   0.02578   0.00000   0.04647   0.00335   0.00424   0.03969   0.00000   0.04297   0.08252   2.26198  12.20576   8.80076   0.08392  
 61  0.1911   1941.107806  x:  0.01475   0.00989   0.00333   0.00329   0.00000   0.00000   0.00660   0.00000   0.00328   0.00332   0.00662   0.00000   0.00330   0.00000   0.00661   0.00330   0.00660   0.01326   0.01995   0.00996   0.00422   0.02578   0.00000   0.04646   0.00335   0.00425   0.03969   0.00000   0.04296   0.08252   2.26209  12.90383   9.49828   0.08391  
 62  0.3115   1941.107796  x:  0.01474   0.00988   0.00333   0.00329   0.00000   0.00000   0.00660   0.00000   0.00328   0.00332   0.00662   0.00000   0.00330   0.00000   0.00661   0.00331   0.00660   0.01325   0.01995   0.00995   0.00422   0.02579   0.00000   0.04647   0.00335   0.00424   0.03969   0.00000   0.04297   0.08254   2.26213  13.84067  10.43625   0.08391  
 63  0.4576   1941.107793  x:  0.01475   0.00988   0.00333   0.00329   0.00000   0.00000   0.00660   0.00000   0.00328   0.00332   0.00662   0.00000   0.00330   0.00000   0.00662   0.00330   0.00660   0.01325   0.01995   0.00995   0.00422   0.02578   0.00000   0.04646   0.00335   0.00424   0.03969   0.00000   0.04296   0.08252   2.26193  14.49249  11.08810   0.08391  
 64  0.4768   1941.107791  x:  0.01475   0.00988   0.00333   0.00329   0.00000   0.00000   0.00660   0.00000   0.00328   0.00332   0.00662   0.00000   0.00330   0.00000   0.00662   0.00330   0.00660   0.01325   0.01995   0.00995   0.00422   0.02579   0.00000   0.04646   0.00335   0.00424   0.03969   0.00000   0.04297   0.08253   2.26193  15.62801  12.22368   0.08390  
 65  0.5051   1941.107791  x:  0.01475   0.00988   0.00333   0.00329   0.00000   0.00000   0.00660   0.00000   0.00328   0.00332   0.00662   0.00000   0.00330   0.00000   0.00662   0.00330   0.00660   0.01325   0.01995   0.00995   0.00422   0.02579   0.00000   0.04646   0.00335   0.00424   0.03969   0.00000   0.04296   0.08253   2.26195  15.94055  12.53611   0.08391  
 66  0.2303   1941.107791  x:  0.01475   0.00988   0.00333   0.00329   0.00000   0.00000   0.00660   0.00000   0.00328   0.00332   0.00662   0.00000   0.00330   0.00000   0.00662   0.00330   0.00660   0.01325   0.01995   0.00995   0.00422   0.02579   0.00000   0.04646   0.00335   0.00424   0.03969   0.00000   0.04297   0.08253   2.26196  16.53049  13.12599   0.08391  
 67  0.2821   1941.107791  x:  0.01475   0.00988   0.00333   0.00329   0.00000   0.00000   0.00660   0.00000   0.00328   0.00332   0.00662   0.00000   0.00330   0.00000   0.00661   0.00330   0.00660   0.01325   0.01995   0.00995   0.00422   0.02579   0.00000   0.04646   0.00335   0.00424   0.03969   0.00000   0.04297   0.08253   2.26197  16.87946  13.47493   0.08391  
 68  2.9320   1941.107791  x:  0.01475   0.00988   0.00333   0.00329   0.00000   0.00000   0.00660   0.00000   0.00328   0.00332   0.00662   0.00000   0.00330   0.00000   0.00662   0.00330   0.00660   0.01325   0.01995   0.00995   0.00422   0.02579   0.00000   0.04646   0.00335   0.00424   0.03969   0.00000   0.04297   0.08253   2.26188  16.63381  13.22933   0.08391  
 69  0.3335   1941.107791  x:  0.01475   0.00988   0.00333   0.00329   0.00000   0.00000   0.00660   0.00000   0.00328   0.00332   0.00662   0.00000   0.00330   0.00000   0.00662   0.00330   0.00660   0.01325   0.01995   0.00995   0.00422   0.02579   0.00000   0.04646   0.00335   0.00424   0.03969   0.00000   0.04297   0.08253   2.26189  16.62960  13.22511   0.08391  
 70  0.0596   1941.107790  x:  0.01475   0.00988   0.00333   0.00329   0.00000   0.00000   0.00660   0.00000   0.00328   0.00332   0.00662   0.00000   0.00330   0.00000   0.00662   0.00330   0.00660   0.01325   0.01995   0.00995   0.00422   0.02579   0.00000   0.04646   0.00335   0.00424   0.03969   0.00000   0.04297   0.08253   2.26190  16.62538  13.22091   0.08391  
 71  0.0366   1941.107790  x:  0.01475   0.00988   0.00333   0.00329   0.00000   0.00000   0.00660   0.00000   0.00328   0.00332   0.00662   0.00000   0.00330   0.00000   0.00662   0.00330   0.00660   0.01325   0.01995   0.00995   0.00422   0.02579   0.00000   0.04646   0.00335   0.00424   0.03969   0.00000   0.04297   0.08253   2.26190  16.62538  13.22091   0.08391  
 72  0.0059   1941.107790  x:  0.01475   0.00988   0.00333   0.00329   0.00000   0.00000   0.00660   0.00000   0.00328   0.00332   0.00662   0.00000   0.00330   0.00000   0.00662   0.00330   0.00660   0.01325   0.01995   0.00995   0.00422   0.02579   0.00000   0.04646   0.00335   0.00424   0.03969   0.00000   0.04297   0.08253   2.26190  16.62537  13.22090   0.08391  
 73  0.0132   1941.107790  x:  0.01475   0.00988   0.00333   0.00329   0.00000   0.00000   0.00660   0.00000   0.00328   0.00332   0.00662   0.00000   0.00330   0.00000   0.00662   0.00330   0.00660   0.01325   0.01995   0.00995   0.00422   0.02579   0.00000   0.04646   0.00335   0.00424   0.03969   0.00000   0.04297   0.08253   2.26190  16.62537  13.22090   0.08391  
 74  0.0064   1941.107790  x:  0.01475   0.00988   0.00333   0.00329   0.00000   0.00000   0.00660   0.00000   0.00328   0.00332   0.00662   0.00000   0.00330   0.00000   0.00662   0.00330   0.00660   0.01325   0.01995   0.00995   0.00422   0.02579   0.00000   0.04646   0.00335   0.00424   0.03969   0.00000   0.04297   0.08253   2.26190  16.62537  13.22090   0.08391  
check convergence!
