

TREE # 1

  0  0.0000    625.606653  x:  0.00000   0.02017   0.03050   0.00315   0.03966   0.03409   0.01660   0.01963   0.03348   0.00974   0.02518   0.01258   0.01182   0.00805   0.00965   0.03015   0.03409   0.02756   0.04494   0.01756   0.03541   0.03137   0.00638   0.02288   0.00451   0.05548   0.02682   0.04088   0.07146   0.04843   2.00000   1.09989   0.02896   0.27919  
  1 99.0000    625.597937  x:  0.00000   0.02017   0.03050   0.00315   0.03966   0.03408   0.01659   0.01963   0.03347   0.00974   0.02518   0.01258   0.01181   0.00804   0.00964   0.03014   0.03409   0.02756   0.04494   0.01756   0.03541   0.03137   0.00638   0.02288   0.00450   0.05548   0.02681   0.04088   0.07146   0.04844   2.00000   1.09989   0.02896   0.27919  
  2 398.4776    619.543622  x:  0.00000   0.02181   0.02781   0.00000   0.03704   0.03086   0.01309   0.01638   0.03024   0.00648   0.02193   0.00933   0.00856   0.00479   0.00639   0.02690   0.03041   0.02741   0.04214   0.01439   0.03224   0.02896   0.00319   0.02279   0.00133   0.05338   0.02268   0.03938   0.07072   0.05302   1.99996   1.09979   0.02907   0.27652  
  3 3335.1024    616.952447  x:  0.00000   0.01858   0.02715   0.00000   0.03656   0.02940   0.01114   0.01489   0.02875   0.00500   0.02045   0.00784   0.00707   0.00331   0.00490   0.02541   0.02774   0.02732   0.04010   0.01300   0.03083   0.02877   0.00186   0.02260   0.00000   0.05188   0.02114   0.03768   0.07027   0.05336   1.99984   1.09951   0.02937   0.27170  
  4 576.3508    613.729710  x:  0.00000   0.01960   0.02685   0.00000   0.03653   0.02731   0.00814   0.01274   0.02660   0.00284   0.01830   0.00569   0.00492   0.00116   0.00275   0.02326   0.02499   0.02711   0.03832   0.01108   0.02883   0.02938   0.00000   0.02247   0.00000   0.05018   0.02105   0.03636   0.06966   0.05179   1.99960   1.09899   0.02995   0.26281  
  5 790.6546    612.213549  x:  0.00000   0.01960   0.02687   0.00000   0.03663   0.02619   0.00653   0.01159   0.02545   0.00169   0.01715   0.00454   0.00376   0.00000   0.00159   0.02211   0.02471   0.02700   0.03819   0.01006   0.02776   0.02920   0.00000   0.02251   0.00000   0.04982   0.02112   0.03653   0.06947   0.05192   1.99947   1.09872   0.03024   0.25820  
  6 2155.0060    610.290236  x:  0.00000   0.01962   0.02692   0.00000   0.03679   0.02466   0.00432   0.01000   0.02387   0.00010   0.01556   0.00295   0.00217   0.00000   0.00000   0.02052   0.02451   0.02695   0.03802   0.00865   0.02628   0.02906   0.00000   0.02244   0.00000   0.04950   0.02102   0.03651   0.06927   0.05207   1.99930   1.09835   0.03064   0.25200  
  7 76015.8696    610.290236  x:  0.00000   0.01962   0.02692   0.00000   0.03679   0.02466   0.00432   0.01000   0.02387   0.00010   0.01556   0.00295   0.00217   0.00000   0.00000   0.02052   0.02451   0.02695   0.03802   0.00865   0.02628   0.02906   0.00000   0.02244   0.00000   0.04950   0.02102   0.03651   0.06927   0.05207   1.99930   1.09835   0.03064   0.25200  
  8 4208852105.9242    610.174085  x:  0.00000   0.01962   0.02685   0.00000   0.03671   0.02457   0.00422   0.00991   0.02378   0.00000   0.01547   0.00285   0.00208   0.00000   0.00000   0.02043   0.02446   0.02695   0.03800   0.00855   0.02619   0.02903   0.00000   0.02244   0.00000   0.04947   0.02098   0.03650   0.06926   0.05209   1.99930   1.09835   0.03064   0.25198  
  9 341.5409    607.667641  x:  0.00000   0.02026   0.02514   0.00000   0.03496   0.02251   0.00206   0.00784   0.02171   0.00000   0.01340   0.00078   0.00000   0.00000   0.00000   0.01836   0.02266   0.02695   0.03699   0.00651   0.02415   0.02813   0.00000   0.02236   0.00000   0.04853   0.01918   0.03635   0.06881   0.05319   1.99931   1.09836   0.03063   0.25134  
 10 9966.9728    606.833105  x:  0.00000   0.01881   0.02478   0.00000   0.03468   0.02175   0.00110   0.00706   0.02094   0.00000   0.01262   0.00000   0.00000   0.00000   0.00000   0.01759   0.02172   0.02690   0.03620   0.00578   0.02337   0.02792   0.00000   0.02232   0.00000   0.04785   0.01902   0.03627   0.06858   0.05384   1.99928   1.09830   0.03069   0.25006  
 11 442.6717    606.117320  x:  0.00000   0.01900   0.02466   0.00000   0.03463   0.02094   0.00000   0.00623   0.02011   0.00000   0.01179   0.00000   0.00000   0.00000   0.00000   0.01676   0.02134   0.02684   0.03572   0.00503   0.02256   0.02800   0.00000   0.02228   0.00000   0.04726   0.01942   0.03618   0.06835   0.05402   1.99922   1.09821   0.03079   0.24817  
 12 440.0716    602.169783  x:  0.00000   0.01916   0.02438   0.00000   0.03467   0.01556   0.00000   0.00068   0.01457   0.00000   0.00625   0.00000   0.00000   0.00000   0.00000   0.01120   0.02081   0.02655   0.03476   0.00000   0.01709   0.02756   0.00000   0.02229   0.00000   0.04533   0.01828   0.03593   0.06733   0.05424   1.99888   1.09761   0.03144   0.23573  
 13 2462.7468    601.751691  x:  0.00000   0.01918   0.02435   0.00000   0.03467   0.01490   0.00000   0.00000   0.01390   0.00000   0.00557   0.00000   0.00000   0.00000   0.00000   0.01053   0.02070   0.02653   0.03466   0.00000   0.01643   0.02750   0.00000   0.02227   0.00000   0.04519   0.01818   0.03591   0.06725   0.05431   1.99884   1.09754   0.03152   0.23426  
 14 57485.3960    598.885602  x:  0.00000   0.01935   0.02426   0.00000   0.03467   0.00952   0.00000   0.00000   0.00834   0.00000   0.00000   0.00000   0.00000   0.00000   0.00000   0.00496   0.02017   0.02597   0.03345   0.00000   0.01098   0.02746   0.00000   0.02339   0.00000   0.04414   0.01733   0.03565   0.06687   0.05491   1.99853   1.09704   0.03206   0.22343  
 15 9421.1252    596.821511  x:  0.00000   0.01947   0.02433   0.00000   0.03467   0.00474   0.00000   0.00000   0.00340   0.00000   0.00000   0.00000   0.00000   0.00000   0.00000   0.00000   0.01990   0.02579   0.03249   0.00000   0.00614   0.02724   0.00000   0.02282   0.00000   0.04282   0.01653   0.03545   0.06649   0.05520   1.99827   1.09666   0.03248   0.21476  
 16 5631.3761    595.702667  x:  0.00000   0.01956   0.02426   0.00000   0.03461   0.00144   0.00000   0.00000   0.00000   0.00000   0.00000   0.00000   0.00000   0.00000   0.00000   0.00000   0.01910   0.02585   0.03283   0.00000   0.00281   0.02628   0.00000   0.02307   0.00000   0.04193   0.01640   0.03547   0.06567   0.05522   1.99812   1.09642   0.03275   0.20919  
 17 2128.7736    595.332628  x:  0.00000   0.01959   0.02389   0.00000   0.03435   0.00000   0.00000   0.00000   0.00000   0.00000   0.00000   0.00000   0.00000   0.00000   0.00000   0.00000   0.01892   0.02584   0.03284   0.00000   0.00136   0.02639   0.00000   0.02303   0.00000   0.04195   0.01624   0.03545   0.06528   0.05537   1.99806   1.09632   0.03285   0.20707  
 18 842.9112    595.103385  x:  0.00000   0.01962   0.02345   0.00000   0.03396   0.00000   0.00000   0.00000   0.00000   0.00000   0.00000   0.00000   0.00000   0.00000   0.00000   0.00000   0.01892   0.02595   0.03273   0.00000   0.00000   0.02625   0.00000   0.02303   0.00000   0.04194   0.01617   0.03541   0.06522   0.05550   1.99801   1.09624   0.03294   0.20523  
 19 2049.2692    589.751851  x:  0.00000   0.02083   0.00000   0.00000   0.00857   0.00000   0.00000   0.00000   0.00000   0.00000   0.00000   0.00000   0.00000   0.00000   0.00000   0.00000   0.01307   0.02657   0.03621   0.00000   0.00000   0.02508   0.00000   0.02196   0.00000   0.03764   0.01177   0.03493   0.07018   0.05857   1.99607   1.09314   0.03630   0.13229  
 20 1165.7538    588.665095  x:  0.00000   0.02119   0.00000   0.00000   0.00000   0.00000   0.00000   0.00000   0.00000   0.00000   0.00000   0.00000   0.00000   0.00000   0.00000   0.00000   0.01159   0.02727   0.03734   0.00000   0.00000   0.02478   0.00000   0.02172   0.00000   0.03645   0.01049   0.03499   0.07106   0.05985   1.99549   1.09224   0.03728   0.11099  
 21 10718.1957    588.583923  x:  0.00000   0.02132   0.00000   0.00000   0.00000   0.00000   0.00000   0.00000   0.00000   0.00000   0.00000   0.00000   0.00000   0.00000   0.00000   0.00000   0.01211   0.02250   0.03825   0.00000   0.00000   0.02241   0.00000   0.02063   0.00000   0.03617   0.01045   0.03438   0.07032   0.06142   1.99528   1.09206   0.03752   0.09490  
 22 54.3578    588.395646  x:  0.00000   0.02096   0.00000   0.00000   0.00000   0.00000   0.00000   0.00000   0.00000   0.00000   0.00000   0.00000   0.00000   0.00000   0.00000   0.00000   0.01082   0.02280   0.03717   0.00000   0.00000   0.02144   0.00000   0.02050   0.00000   0.03838   0.01003   0.02729   0.06548   0.05308   1.99795   1.09822   0.03137   0.07373  
 23  6.8410    588.175554  x:  0.00784   0.02053   0.00000   0.00000   0.00000   0.00000   0.00000   0.00000   0.00000   0.00000   0.00000   0.00000   0.00000   0.00000   0.00000   0.00000   0.01156   0.02368   0.03746   0.00000   0.00000   0.02081   0.00000   0.02047   0.00000   0.03862   0.00995   0.02721   0.06009   0.04674   2.00175   1.10695   0.02269   0.03830  
 24 78.6105    588.024804  x:  0.00777   0.02032   0.00000   0.00000   0.00000   0.00000   0.00000   0.00000   0.00000   0.00000   0.00000   0.00000   0.00000   0.00000   0.00000   0.00000   0.01520   0.02571   0.04208   0.00000   0.00000   0.02144   0.00000   0.02070   0.00000   0.03582   0.01056   0.02410   0.05777   0.05039   2.00449   1.11289   0.01676   0.01657  
 25 49.5677    587.978377  x:  0.00000   0.02035   0.00000   0.00000   0.00000   0.00000   0.00000   0.00000   0.00000   0.00000   0.00000   0.00000   0.00000   0.00000   0.00000   0.00000   0.01513   0.02510   0.04062   0.00000   0.00000   0.02184   0.00000   0.02075   0.00000   0.03426   0.01060   0.03174   0.05731   0.05038   2.00795   1.11454   0.01499   0.01490  
 26  1.9526    587.978377  x:  0.00000   0.02035   0.00000   0.00000   0.00000   0.00000   0.00000   0.00000   0.00000   0.00000   0.00000   0.00000   0.00000   0.00000   0.00000   0.00000   0.01513   0.02510   0.04062   0.00000   0.00000   0.02184   0.00000   0.02075   0.00000   0.03426   0.01060   0.03174   0.05731   0.05038   2.00795   1.11454   0.01499   0.01490  
 27  2.5566    587.641658  x:  0.00010   0.02071   0.00000   0.00000   0.00000   0.00000   0.00000   0.00000   0.00000   0.00000   0.00000   0.00000   0.00000   0.00000   0.00000   0.00000   0.00830   0.03014   0.03574   0.00000   0.00000   0.02061   0.00000   0.02059   0.00000   0.03221   0.00984   0.03183   0.05597   0.05585   2.00808   1.11456   0.01498   0.01450  
 28 52.2208    587.544795  x:  0.00000   0.02075   0.00000   0.00000   0.00000   0.00000   0.00000   0.00000   0.00000   0.00000   0.00000   0.00000   0.00000   0.00000   0.00000   0.00000   0.01081   0.03218   0.03184   0.00000   0.00000   0.02017   0.00000   0.02050   0.00000   0.03080   0.01032   0.03174   0.05471   0.06010   2.00824   1.11459   0.01495   0.01399  
 29 35.1775    587.530022  x:  0.00000   0.02050   0.00000   0.00000   0.00000   0.00000   0.00000   0.00000   0.00000   0.00000   0.00000   0.00000   0.00000   0.00000   0.00000   0.00000   0.01055   0.03010   0.03121   0.00000   0.00000   0.02108   0.00000   0.02063   0.00000   0.03107   0.01010   0.03161   0.05377   0.06231   2.00848   1.11462   0.01491   0.01320  
 30  9.2334    587.527903  x:  0.00000   0.02062   0.00000   0.00000   0.00000   0.00000   0.00000   0.00000   0.00000   0.00000   0.00000   0.00000   0.00000   0.00000   0.00000   0.00000   0.01051   0.02990   0.03168   0.00000   0.00000   0.02058   0.00000   0.02054   0.00000   0.03121   0.01048   0.03158   0.05346   0.06289   2.00871   1.11466   0.01488   0.01248  
 31  3.8206    587.526502  x:  0.00000   0.02067   0.00000   0.00000   0.00000   0.00000   0.00000   0.00000   0.00000   0.00000   0.00000   0.00000   0.00000   0.00000   0.00000   0.00000   0.01060   0.02998   0.03209   0.00000   0.00000   0.02039   0.00000   0.02052   0.00000   0.03129   0.01007   0.03156   0.05328   0.06322   2.00902   1.11469   0.01485   0.01155  
 32  4.4217    587.522915  x:  0.00000   0.02047   0.00000   0.00000   0.00000   0.00000   0.00000   0.00000   0.00000   0.00000   0.00000   0.00000   0.00000   0.00000   0.00000   0.00000   0.01062   0.03047   0.03253   0.00000   0.00000   0.02109   0.00000   0.02062   0.00000   0.03126   0.01027   0.03155   0.05312   0.06336   2.01030   1.11480   0.01473   0.00791  
 33  4.7273    587.518257  x:  0.00000   0.02057   0.00000   0.00000   0.00000   0.00000   0.00000   0.00000   0.00000   0.00000   0.00000   0.00000   0.00000   0.00000   0.00000   0.00000   0.01052   0.03005   0.03169   0.00000   0.00000   0.02062   0.00000   0.02050   0.00000   0.03108   0.01019   0.03153   0.05341   0.06272   2.01237   1.11488   0.01465   0.00270  
 34  7.8545    587.517920  x:  0.00000   0.02028   0.00000   0.00000   0.00000   0.00000   0.00000   0.00000   0.00000   0.00000   0.00000   0.00000   0.00000   0.00000   0.00000   0.00000   0.01050   0.03004   0.03167   0.00000   0.00000   0.02055   0.00000   0.02042   0.00000   0.03102   0.01018   0.03128   0.05330   0.06265   2.01309   1.11467   0.01487   0.00255  
 35  0.8846    587.515026  x:  0.00000   0.02084   0.00000   0.00000   0.00000   0.00000   0.00000   0.00000   0.00000   0.00000   0.00000   0.00000   0.00000   0.00000   0.00000   0.00000   0.01046   0.03008   0.03159   0.00000   0.00000   0.02065   0.00000   0.02052   0.00000   0.03077   0.01017   0.03038   0.05244   0.06231   2.02095   1.11218   0.01736   0.00181  
 36  3.0646    587.505080  x:  0.00192   0.02125   0.00000   0.00000   0.00000   0.00000   0.00000   0.00000   0.00000   0.00000   0.00000   0.00000   0.00000   0.00000   0.00000   0.00000   0.01038   0.03018   0.03140   0.00000   0.00000   0.02070   0.00000   0.02061   0.00000   0.03057   0.01016   0.02994   0.05113   0.06186   2.04144   1.10567   0.02387   0.00000  
 37 37.1973    587.505080  x:  0.00192   0.02125   0.00000   0.00000   0.00000   0.00000   0.00000   0.00000   0.00000   0.00000   0.00000   0.00000   0.00000   0.00000   0.00000   0.00000   0.01038   0.03018   0.03140   0.00000   0.00000   0.02070   0.00000   0.02061   0.00000   0.03057   0.01016   0.02994   0.05113   0.06186   2.04144   1.10567   0.02387   0.00000  
 38 61.0763    587.498142  x:  0.00160   0.02026   0.00000   0.00000   0.00000   0.00000   0.00000   0.00000   0.00000   0.00000   0.00000   0.00000   0.00000   0.00000   0.00000   0.00000   0.00993   0.03081   0.03098   0.00000   0.00000   0.02032   0.00000   0.02037   0.00000   0.03071   0.01013   0.02961   0.05219   0.06278   2.04159   1.10561   0.02393   0.00007  
 39  6.7041    587.496351  x:  0.00166   0.02028   0.00000   0.00000   0.00000   0.00000   0.00000   0.00000   0.00000   0.00000   0.00000   0.00000   0.00000   0.00000   0.00000   0.00000   0.01044   0.03098   0.03084   0.00000   0.00000   0.02034   0.00000   0.02038   0.00000   0.03075   0.01016   0.02968   0.05281   0.06338   2.04175   1.10555   0.02399   0.00012  
 40  4.7987    587.495423  x:  0.00178   0.02062   0.00000   0.00000   0.00000   0.00000   0.00000   0.00000   0.00000   0.00000   0.00000   0.00000   0.00000   0.00000   0.00000   0.00000   0.01024   0.03096   0.03087   0.00000   0.00000   0.02048   0.00000   0.02048   0.00000   0.03076   0.01017   0.02980   0.05326   0.06390   2.04195   1.10546   0.02407   0.00020  
 41  3.4864    587.495168  x:  0.00166   0.02062   0.00000   0.00000   0.00000   0.00000   0.00000   0.00000   0.00000   0.00000   0.00000   0.00000   0.00000   0.00000   0.00000   0.00000   0.01026   0.03077   0.03109   0.00000   0.00000   0.02049   0.00000   0.02050   0.00000   0.03076   0.01015   0.02968   0.05327   0.06412   2.04228   1.10532   0.02421   0.00034  
 42  1.0490    587.494629  x:  0.00185   0.02045   0.00000   0.00000   0.00000   0.00000   0.00000   0.00000   0.00000   0.00000   0.00000   0.00000   0.00000   0.00000   0.00000   0.00000   0.01025   0.03066   0.03124   0.00000   0.00000   0.02041   0.00000   0.02043   0.00000   0.03076   0.01026   0.02987   0.05308   0.06443   2.04355   1.10479   0.02475   0.00084  
 43  1.4950    587.493158  x:  0.00187   0.02052   0.00000   0.00000   0.00000   0.00000   0.00000   0.00000   0.00000   0.00000   0.00000   0.00000   0.00000   0.00000   0.00000   0.00000   0.01027   0.03087   0.03110   0.00000   0.00000   0.02045   0.00000   0.02045   0.00000   0.03080   0.00988   0.02989   0.05265   0.06482   2.04737   1.10320   0.02634   0.00223  
 44  6.0519    587.491405  x:  0.00170   0.02072   0.00000   0.00000   0.00000   0.00000   0.00000   0.00000   0.00000   0.00000   0.00000   0.00000   0.00000   0.00000   0.00000   0.00000   0.01028   0.03114   0.03087   0.00000   0.00000   0.02056   0.00000   0.02054   0.00000   0.03085   0.01027   0.02972   0.05239   0.06498   2.05213   1.10124   0.02829   0.00381  
 45 19.9797    587.487608  x:  0.00181   0.02064   0.00000   0.00000   0.00000   0.00000   0.00000   0.00000   0.00000   0.00000   0.00000   0.00000   0.00000   0.00000   0.00000   0.00000   0.01030   0.03091   0.03110   0.00000   0.00000   0.02057   0.00000   0.02063   0.00000   0.03087   0.01021   0.02983   0.05358   0.06381   2.06302   1.09692   0.03262   0.00634  
 46 10.5183    587.481059  x:  0.00176   0.02117   0.00000   0.00000   0.00000   0.00000   0.00000   0.00000   0.00000   0.00000   0.00000   0.00000   0.00000   0.00000   0.00000   0.00000   0.01030   0.03132   0.03159   0.00000   0.00000   0.02031   0.00000   0.01929   0.00000   0.03090   0.01022   0.02977   0.05370   0.06370   2.08333   1.08986   0.03968   0.00413  
 47  5.1848    587.461863  x:  0.00177   0.02110   0.00000   0.00000   0.00000   0.00000   0.00000   0.00000   0.00000   0.00000   0.00000   0.00000   0.00000   0.00000   0.00000   0.00000   0.01030   0.03157   0.03182   0.00000   0.00000   0.02032   0.00000   0.01955   0.00000   0.03091   0.01022   0.02978   0.05366   0.06374   2.11625   1.07849   0.05104   0.00000  
 48 96.7360    587.450295  x:  0.00171   0.02094   0.00000   0.00000   0.00000   0.00000   0.00000   0.00000   0.00000   0.00000   0.00000   0.00000   0.00000   0.00000   0.00000   0.00000   0.01027   0.03024   0.03049   0.00000   0.00000   0.02064   0.00000   0.01919   0.00000   0.03089   0.01019   0.02972   0.05360   0.06395   2.16749   1.06079   0.06874   0.00000  
 49 200.2134    587.450199  x:  0.00171   0.02100   0.00000   0.00000   0.00000   0.00000   0.00000   0.00000   0.00000   0.00000   0.00000   0.00000   0.00000   0.00000   0.00000   0.00000   0.01027   0.03020   0.03045   0.00000   0.00000   0.02046   0.00000   0.01923   0.00000   0.03091   0.01019   0.02972   0.05360   0.06396   2.16791   1.06069   0.06884   0.00000  
 50  1.9832    587.448471  x:  0.00172   0.02098   0.00000   0.00000   0.00000   0.00000   0.00000   0.00000   0.00000   0.00000   0.00000   0.00000   0.00000   0.00000   0.00000   0.00000   0.01027   0.03002   0.03036   0.00000   0.00000   0.02055   0.00000   0.01921   0.00000   0.03185   0.01019   0.02973   0.05355   0.06393   2.17519   1.06529   0.06424   0.00000  
 51  0.2886    587.440828  x:  0.00170   0.02090   0.00000   0.00000   0.00000   0.00000   0.00000   0.00000   0.00000   0.00000   0.00000   0.00000   0.00000   0.00000   0.00000   0.00000   0.01025   0.02952   0.02975   0.00000   0.00000   0.02050   0.00000   0.01913   0.00000   0.03076   0.01017   0.02970   0.05346   0.06395   2.20676   1.08562   0.04391   0.00000  
 52 23.5288    587.411637  x:  0.00186   0.02059   0.00000   0.00000   0.00000   0.00000   0.00000   0.00000   0.00000   0.00000   0.00000   0.00000   0.00000   0.00000   0.00000   0.00000   0.01027   0.03116   0.03128   0.00000   0.00000   0.02051   0.00000   0.02058   0.00000   0.03085   0.01019   0.02981   0.05322   0.06405   2.35998   1.07323   0.05631   0.00000  
 53  0.2912    587.411431  x:  0.00185   0.02063   0.00000   0.00000   0.00000   0.00000   0.00000   0.00000   0.00000   0.00000   0.00000   0.00000   0.00000   0.00000   0.00000   0.00000   0.01027   0.03096   0.03109   0.00000   0.00000   0.02053   0.00000   0.02053   0.00000   0.03086   0.01019   0.02980   0.05320   0.06406   2.37049   1.07252   0.05702   0.00000  
 54  0.0094    587.411430  x:  0.00185   0.02063   0.00000   0.00000   0.00000   0.00000   0.00000   0.00000   0.00000   0.00000   0.00000   0.00000   0.00000   0.00000   0.00000   0.00000   0.01027   0.03096   0.03109   0.00000   0.00000   0.02053   0.00000   0.02052   0.00000   0.03086   0.01019   0.02981   0.05321   0.06406   2.37119   1.07266   0.05688   0.00000  
 55  0.0007    587.411430  x:  0.00184   0.02063   0.00000   0.00000   0.00000   0.00000   0.00000   0.00000   0.00000   0.00000   0.00000   0.00000   0.00000   0.00000   0.00000   0.00000   0.01027   0.03096   0.03109   0.00000   0.00000   0.02053   0.00000   0.02052   0.00000   0.03086   0.01019   0.02981   0.05321   0.06406   2.37121   1.07266   0.05689   0.00000  
 56  0.0000    587.411430  x:  0.00184   0.02063   0.00000   0.00000   0.00000   0.00000   0.00000   0.00000   0.00000   0.00000   0.00000   0.00000   0.00000   0.00000   0.00000   0.00000   0.01027   0.03096   0.03109   0.00000   0.00000   0.02053   0.00000   0.02052   0.00000   0.03086   0.01019   0.02982   0.05321   0.06406   2.37121   1.07266   0.05689   0.00000  