Supplemental results for CODEML (seqf: /Users/YY/Desktop/get/branch_site/modify/modify_trim_muscle_psbF.fa  treef: /Users/YY/Desktop/get/branch_site/16gene_topu.tree)


dN/dS (w) for site classes (K=4)

site class             0        1       2a       2b
proportion       1.00000  0.00000  0.00000  0.00000
background w     0.00000  1.00000  0.00000  1.00000
foreground w     0.00000  1.00000  1.00000  1.00000

Naive Empirical Bayes (NEB) probabilities for 4 classes
(amino acids refer to 1st sequence: NC_029392)

   1 M   1.00000 0.00000 0.00000 0.00000 ( 1)
   2 T   1.00000 0.00000 0.00000 0.00000 ( 1)
   3 I   1.00000 0.00000 0.00000 0.00000 ( 1)
   4 D   1.00000 0.00000 0.00000 0.00000 ( 1)
   5 R   1.00000 0.00000 0.00000 0.00000 ( 1)
   6 T   1.00000 0.00000 0.00000 0.00000 ( 1)
   7 Y   1.00000 0.00000 0.00000 0.00000 ( 1)
   8 P   1.00000 0.00000 0.00000 0.00000 ( 1)
   9 I   1.00000 0.00000 0.00000 0.00000 ( 1)
  10 F   1.00000 0.00000 0.00000 0.00000 ( 1)
  11 T   1.00000 0.00000 0.00000 0.00000 ( 1)
  12 V   1.00000 0.00000 0.00000 0.00000 ( 1)
  13 R   1.00000 0.00000 0.00000 0.00000 ( 1)
  14 W   1.00000 0.00000 0.00000 0.00000 ( 1)
  15 L   1.00000 0.00000 0.00000 0.00000 ( 1)
  16 A   1.00000 0.00000 0.00000 0.00000 ( 1)
  17 V   1.00000 0.00000 0.00000 0.00000 ( 1)
  18 H   1.00000 0.00000 0.00000 0.00000 ( 1)
  19 G   1.00000 0.00000 0.00000 0.00000 ( 1)
  20 L   1.00000 0.00000 0.00000 0.00000 ( 1)
  21 A   1.00000 0.00000 0.00000 0.00000 ( 1)
  22 V   1.00000 0.00000 0.00000 0.00000 ( 1)
  23 P   1.00000 0.00000 0.00000 0.00000 ( 1)
  24 T   1.00000 0.00000 0.00000 0.00000 ( 1)
  25 V   1.00000 0.00000 0.00000 0.00000 ( 1)
  26 S   1.00000 0.00000 0.00000 0.00000 ( 1)
  27 F   1.00000 0.00000 0.00000 0.00000 ( 1)
  28 L   1.00000 0.00000 0.00000 0.00000 ( 1)
  29 G   1.00000 0.00000 0.00000 0.00000 ( 1)
  30 S   1.00000 0.00000 0.00000 0.00000 ( 1)
  31 I   1.00000 0.00000 0.00000 0.00000 ( 1)
  32 S   1.00000 0.00000 0.00000 0.00000 ( 1)
  33 A   1.00000 0.00000 0.00000 0.00000 ( 1)
  34 M   1.00000 0.00000 0.00000 0.00000 ( 1)
  35 Q   1.00000 0.00000 0.00000 0.00000 ( 1)
  36 F   1.00000 0.00000 0.00000 0.00000 ( 1)
  37 I   1.00000 0.00000 0.00000 0.00000 ( 1)
  38 Q   1.00000 0.00000 0.00000 0.00000 ( 1)
  39 R   1.00000 0.00000 0.00000 0.00000 ( 1)


lnL =  -160.493931

