

TREE # 1

  0  0.0000    199.420230  x:  0.00000   0.01415   0.05795   0.01880   0.06734   0.06647   0.03270   0.03867   0.06595   0.01919   0.04961   0.02479   0.02328   0.01586   0.01900   0.05939   0.05483   0.02548   0.04822   0.03317   0.07007   0.04426   0.01249   0.01922   0.00902   0.06775   0.04040   0.04088   0.07374   0.01321   2.00000   1.09989   0.02896   0.27919  
  1 99.0000    199.419463  x:  0.00000   0.01415   0.05795   0.01880   0.06734   0.06647   0.03270   0.03867   0.06595   0.01919   0.04961   0.02479   0.02328   0.01586   0.01900   0.05939   0.05483   0.02548   0.04822   0.03317   0.07007   0.04426   0.01249   0.01922   0.00902   0.06775   0.04040   0.04088   0.07374   0.01321   2.00000   1.09989   0.02896   0.27919  
  2 176.7959    190.662637  x:  0.00000   0.00516   0.04900   0.00980   0.05840   0.05752   0.02235   0.02969   0.05700   0.01019   0.04063   0.01579   0.01428   0.00686   0.01000   0.05043   0.04586   0.01648   0.03924   0.02418   0.06126   0.03533   0.00362   0.01021   0.00000   0.05878   0.03141   0.03224   0.06479   0.00421   2.00054   1.09783   0.03111   0.24527  
  3 560.8094    187.219908  x:  0.00000   0.00142   0.04530   0.00607   0.05470   0.05382   0.01772   0.02596   0.05330   0.00645   0.03692   0.01205   0.01053   0.00311   0.00626   0.04672   0.04215   0.01274   0.03552   0.02045   0.05762   0.04163   0.00000   0.00647   0.00000   0.05508   0.02769   0.02877   0.06109   0.00046   2.00076   1.09696   0.03204   0.22960  
  4 858.0730    186.842254  x:  0.00000   0.00097   0.04495   0.00561   0.05437   0.05348   0.01619   0.02555   0.05296   0.00600   0.03654   0.01162   0.01009   0.00265   0.00581   0.04637   0.04178   0.01231   0.03513   0.02003   0.05723   0.04169   0.00000   0.00602   0.00000   0.05474   0.02729   0.02873   0.06077   0.00000   2.00063   1.09715   0.03183   0.22875  
  5 38.6733    185.835585  x:  0.00000   0.00000   0.04366   0.00476   0.05304   0.05219   0.01789   0.02461   0.05169   0.00513   0.03544   0.01073   0.00931   0.00205   0.00495   0.04511   0.04061   0.01141   0.03406   0.01905   0.05408   0.04202   0.00000   0.00511   0.00000   0.05345   0.02618   0.02481   0.05943   0.00000   1.99963   1.10767   0.02339   0.22056  
  6 16.7739    183.190005  x:  0.00000   0.00000   0.03975   0.00233   0.04930   0.04863   0.03865   0.02243   0.04830   0.00260   0.03257   0.00829   0.00766   0.00146   0.00248   0.04152   0.03745   0.00898   0.03137   0.01630   0.03885   0.04226   0.00000   0.00226   0.00000   0.05009   0.02282   0.00000   0.05594   0.00000   1.99718   1.12146   0.01571   0.21190  
  7 24.0178    181.036680  x:  0.00000   0.00000   0.03678   0.00046   0.04658   0.04607   0.03585   0.02093   0.04590   0.00066   0.03054   0.00647   0.00646   0.00106   0.00056   0.03888   0.03520   0.00717   0.02949   0.01422   0.02396   0.04263   0.00000   0.00000   0.00000   0.04773   0.02024   0.00000   0.05351   0.00000   1.99249   1.14461  -0.00001   0.19644  
  8 41.6468    180.447296  x:  0.00000   0.00000   0.03610   0.00000   0.04604   0.04558   0.03203   0.02066   0.04546   0.00018   0.03015   0.00605   0.00622   0.00103   0.00008   0.03834   0.03477   0.00676   0.02916   0.01375   0.01932   0.04268   0.00000   0.00000   0.00000   0.04731   0.01963   0.00000   0.05309   0.00000   1.99154   1.14845  -0.00273   0.19378  
  9 132.2414    180.390071  x:  0.00000   0.00000   0.03602   0.00000   0.04598   0.04552   0.03216   0.02062   0.04540   0.00010   0.03010   0.00598   0.00619   0.00104   0.00000   0.03827   0.03472   0.00669   0.02911   0.01368   0.01866   0.04269   0.00000   0.00000   0.00000   0.04726   0.01954   0.00000   0.05304   0.00000   1.99134   1.14936  -0.00333   0.19321  
 10 32.0429    180.347917  x:  0.00000   0.00000   0.03596   0.00000   0.04595   0.04550   0.03241   0.02060   0.04539   0.00000   0.03007   0.00590   0.00617   0.00107   0.00000   0.03823   0.03469   0.00662   0.02909   0.01361   0.01787   0.04270   0.00000   0.00000   0.00000   0.04726   0.01946   0.00000   0.05305   0.00000   1.99122   1.14992  -0.00368   0.19285  
 11 83.4130    179.230336  x:  0.00000   0.00000   0.03335   0.00000   0.04249   0.04205   0.03068   0.01925   0.04212   0.00000   0.02805   0.00583   0.00545   0.00000   0.00000   0.03539   0.03212   0.00642   0.02702   0.01292   0.02200   0.04272   0.00000   0.00000   0.00000   0.04370   0.01831   0.00000   0.04897   0.00000   1.98900   1.15747  -0.00787   0.18910  
 12 15.5856    175.271382  x:  0.00000   0.00000   0.02514   0.00000   0.03308   0.03307   0.02200   0.01772   0.03394   0.00000   0.02369   0.00644   0.00606   0.00000   0.00000   0.02757   0.02597   0.00670   0.02289   0.01145   0.00000   0.04318   0.00000   0.00000   0.00000   0.03497   0.01450   0.00000   0.03885   0.00000   1.97373   1.21629  -0.04360   0.15591  
 13 148.6700    175.271382  x:  0.00000   0.00000   0.02514   0.00000   0.03308   0.03307   0.02200   0.01772   0.03394   0.00000   0.02369   0.00644   0.00606   0.00000   0.00000   0.02757   0.02597   0.00670   0.02289   0.01145   0.00000   0.04318   0.00000   0.00000   0.00000   0.03497   0.01450   0.00000   0.03885   0.00000   1.97373   1.21629  -0.04360   0.15591  
 14 14.3039    171.757717  x:  0.00000   0.00000   0.01911   0.00000   0.02706   0.02705   0.01574   0.01168   0.02792   0.00000   0.01766   0.00038   0.00000   0.00000   0.00000   0.02154   0.01994   0.00064   0.01686   0.00540   0.00000   0.04135   0.00000   0.00000   0.00000   0.02895   0.00846   0.00000   0.03284   0.00000   1.97379   1.21634  -0.04364   0.15496  
 15 139.0316    171.519838  x:  0.00000   0.00000   0.01873   0.00000   0.02669   0.02668   0.01503   0.01130   0.02754   0.00000   0.01729   0.00000   0.00000   0.00000   0.00000   0.02117   0.01957   0.00026   0.01648   0.00502   0.00000   0.04029   0.00000   0.00000   0.00000   0.02858   0.00808   0.00000   0.03246   0.00000   1.97386   1.21631  -0.04360   0.15223  
 16 100.9120    171.370829  x:  0.00000   0.00000   0.01847   0.00000   0.02643   0.02642   0.01451   0.01104   0.02728   0.00000   0.01703   0.00000   0.00000   0.00000   0.00000   0.02091   0.01931   0.00000   0.01622   0.00476   0.00000   0.04040   0.00000   0.00000   0.00000   0.02832   0.00782   0.00000   0.03220   0.00000   1.97390   1.21629  -0.04358   0.15021  
 17 459.7076    169.582833  x:  0.00000   0.00000   0.01565   0.00000   0.02389   0.02387   0.00000   0.00800   0.02477   0.00000   0.01415   0.00000   0.00000   0.00000   0.00000   0.01816   0.01653   0.00000   0.01332   0.00147   0.00000   0.04019   0.00000   0.00000   0.00000   0.02583   0.00463   0.00000   0.02984   0.00000   1.97362   1.21787  -0.04537   0.14152  
 18 47.0101    169.024305  x:  0.00000   0.00000   0.01443   0.00000   0.02283   0.02282   0.00000   0.00666   0.02373   0.00000   0.01291   0.00000   0.00000   0.00000   0.00000   0.01700   0.01534   0.00000   0.01207   0.00000   0.00000   0.04009   0.00000   0.00000   0.00000   0.02480   0.00322   0.00000   0.02889   0.00000   1.97343   1.22001  -0.04734   0.13344  
 19 55.5971    168.014996  x:  0.00000   0.00000   0.01190   0.00000   0.02081   0.02080   0.00000   0.00367   0.02177   0.00000   0.01029   0.00000   0.00000   0.00000   0.00000   0.01462   0.01287   0.00000   0.00939   0.00000   0.00000   0.04002   0.00000   0.00000   0.00000   0.02290   0.00000   0.00000   0.02724   0.00000   1.97309   1.22341  -0.04990   0.12538  
 20 46.8815    166.987070  x:  0.00000   0.00000   0.00895   0.00000   0.01870   0.01868   0.00000   0.00000   0.01973   0.00000   0.00719   0.00000   0.00000   0.00000   0.00000   0.01192   0.01003   0.00000   0.00621   0.00000   0.00000   0.03993   0.00000   0.00000   0.00000   0.02095   0.00000   0.00000   0.02569   0.00000   1.97228   1.23147  -0.05660   0.10852  
 21 63.4673    165.346033  x:  0.00000   0.00000   0.00326   0.00000   0.01487   0.01486   0.00000   0.00000   0.01609   0.00000   0.00116   0.00000   0.00000   0.00000   0.00000   0.00678   0.00459   0.00000   0.00000   0.00000   0.00000   0.03986   0.00000   0.00000   0.00000   0.01752   0.00000   0.00000   0.02314   0.00000   1.97114   1.24084  -0.06452   0.09090  
 22 89.3391    165.096136  x:  0.00000   0.00000   0.00218   0.00000   0.01426   0.01425   0.00000   0.00000   0.01553   0.00000   0.00000   0.00000   0.00000   0.00000   0.00000   0.00585   0.00357   0.00000   0.00000   0.00000   0.00000   0.03985   0.00000   0.00000   0.00000   0.01701   0.00000   0.00000   0.02285   0.00000   1.97080   1.24387  -0.06712   0.08561  
 23 98.3850    164.701830  x:  0.00000   0.00000   0.00000   0.00000   0.01311   0.01309   0.00000   0.00000   0.01448   0.00000   0.00000   0.00000   0.00000   0.00000   0.00000   0.00398   0.00153   0.00000   0.00000   0.00000   0.00000   0.03984   0.00000   0.00000   0.00000   0.01607   0.00000   0.00000   0.02240   0.00000   1.97034   1.24760  -0.07035   0.07942  
 24 163.9356    164.474261  x:  0.00000   0.00000   0.00000   0.00000   0.01230   0.01228   0.00000   0.00000   0.01375   0.00000   0.00000   0.00000   0.00000   0.00000   0.00000   0.00259   0.00000   0.00000   0.00000   0.00000   0.00000   0.03983   0.00000   0.00000   0.00000   0.01543   0.00000   0.00000   0.02216   0.00000   1.96995   1.25073  -0.07307   0.07423  
 25 1830.4728    164.142648  x:  0.00000   0.00000   0.00000   0.00000   0.01071   0.01069   0.00000   0.00000   0.01231   0.00000   0.00000   0.00000   0.00000   0.00000   0.00000   0.00000   0.00000   0.00000   0.00000   0.00000   0.00000   0.03982   0.00000   0.00000   0.00000   0.01416   0.00000   0.00000   0.02157   0.00000   1.96945   1.25457  -0.07641   0.06809  
 26 228.9018    162.509073  x:  0.00000   0.00000   0.00000   0.00000   0.00004   0.00000   0.00000   0.00000   0.00258   0.00000   0.00000   0.00000   0.00000   0.00000   0.00000   0.00000   0.00000   0.00000   0.00000   0.00000   0.00000   0.03977   0.00000   0.00000   0.00000   0.00546   0.00000   0.00000   0.01731   0.00000   1.96626   1.27916  -0.09782   0.02887  
 27 17124.3315    162.505278  x:  0.00000   0.00000   0.00000   0.00000   0.00000   0.00000   0.00000   0.00000   0.00255   0.00000   0.00000   0.00000   0.00000   0.00000   0.00000   0.00000   0.00000   0.00000   0.00000   0.00000   0.00000   0.03977   0.00000   0.00000   0.00000   0.00544   0.00000   0.00000   0.01730   0.00000   1.96625   1.27923  -0.09788   0.02875  
 28 46424.7620    162.276517  x:  0.00000   0.00000   0.00000   0.00000   0.00000   0.00000   0.00000   0.00000   0.00000   0.00000   0.00000   0.00000   0.00000   0.00000   0.00000   0.00000   0.00000   0.00000   0.00000   0.00000   0.00000   0.03976   0.00000   0.00000   0.00000   0.00316   0.00000   0.00000   0.01615   0.00000   1.96551   1.28483  -0.10276   0.01983  
 29 6028.4749    162.092396  x:  0.00000   0.00000   0.00000   0.00000   0.00000   0.00000   0.00000   0.00000   0.00000   0.00000   0.00000   0.00000   0.00000   0.00000   0.00000   0.00000   0.00000   0.00000   0.00000   0.00000   0.00000   0.03975   0.00000   0.00000   0.00000   0.00000   0.00000   0.00000   0.01450   0.00000   1.96486   1.28952  -0.10685   0.01251  
 30 363.4848    161.811568  x:  0.00000   0.00000   0.00000   0.00000   0.00000   0.00000   0.00000   0.00000   0.00000   0.00000   0.00000   0.00000   0.00000   0.00000   0.00000   0.00000   0.00000   0.00000   0.00000   0.00000   0.00000   0.03974   0.00000   0.00000   0.00000   0.00000   0.00000   0.00000   0.00723   0.00000   1.96372   1.29768  -0.11399   0.00000  
 31 203.6933    161.811568  x:  0.00000   0.00000   0.00000   0.00000   0.00000   0.00000   0.00000   0.00000   0.00000   0.00000   0.00000   0.00000   0.00000   0.00000   0.00000   0.00000   0.00000   0.00000   0.00000   0.00000   0.00000   0.03974   0.00000   0.00000   0.00000   0.00000   0.00000   0.00000   0.00723   0.00000   1.96372   1.29768  -0.11399   0.00000  
 32  5.9926    161.537349  x:  0.00000   0.00000   0.00000   0.00000   0.00000   0.00000   0.00000   0.00000   0.00000   0.00000   0.00000   0.00000   0.00000   0.00000   0.00000   0.00000   0.00000   0.00000   0.00000   0.00000   0.00000   0.03776   0.00000   0.00000   0.00000   0.00000   0.00000   0.00000   0.00000   0.00000   1.96377   1.29774  -0.11405   0.00000  
 33 36.6468    161.312371  x:  0.00000   0.00000   0.00000   0.00000   0.00000   0.00000   0.00000   0.00000   0.00000   0.00000   0.00000   0.00000   0.00000   0.00000   0.00000   0.00000   0.00000   0.00000   0.00000   0.00000   0.00000   0.02167   0.00000   0.00000   0.00000   0.00000   0.00000   0.00000   0.00000   0.00000   2.27395   1.61976  -0.43607   0.00000  
 34  0.3819    160.907599  x:  0.00000   0.00000   0.00000   0.00000   0.00000   0.00000   0.00000   0.00000   0.00000   0.00000   0.00000   0.00000   0.00000   0.00000   0.00000   0.00000   0.00000   0.00000   0.00000   0.00000   0.00000   0.04050   0.00000   0.00000   0.00000   0.00000   0.00000   0.00000   0.00000   0.00000   3.74748   3.28686  -2.10315   0.00000  
 35  1.0223    160.809907  x:  0.00000   0.00000   0.00000   0.00000   0.00000   0.00000   0.00000   0.00000   0.00000   0.00000   0.00000   0.00000   0.00000   0.00000   0.00000   0.00000   0.00000   0.00000   0.00000   0.00000   0.00000   0.02736   0.00000   0.00000   0.00000   0.00000   0.00000   0.00000   0.00000   0.00000   4.42137   3.80904  -2.62531   0.00000  
 36  0.4307    160.705164  x:  0.00000   0.00000   0.00000   0.00000   0.00000   0.00000   0.00000   0.00000   0.00000   0.00000   0.00000   0.00000   0.00000   0.00000   0.00000   0.00000   0.00000   0.00000   0.00000   0.00000   0.00000   0.03568   0.00000   0.00000   0.00000   0.00000   0.00000   0.00000   0.00000   0.00000   7.24635   6.14116  -4.95740   0.00000  
 37  0.5428    160.635359  x:  0.00000   0.00000   0.00000   0.00000   0.00000   0.00000   0.00000   0.00000   0.00000   0.00000   0.00000   0.00000   0.00000   0.00000   0.00000   0.00000   0.00000   0.00000   0.00000   0.00000   0.00000   0.02670   0.00000   0.00000   0.00000   0.00000   0.00000   0.00000   0.00000   0.00000  11.27254   9.38648  -8.20267   0.00000  
 38  2.3050    160.592339  x:  0.00000   0.00000   0.00000   0.00000   0.00000   0.00000   0.00000   0.00000   0.00000   0.00000   0.00000   0.00000   0.00000   0.00000   0.00000   0.00000   0.00000   0.00000   0.00000   0.00000   0.00000   0.03490   0.00000   0.00000   0.00000   0.00000   0.00000   0.00000   0.00000   0.00000  16.58351  13.72939  -12.54552   0.00000  
 39  2.6685    160.555206  x:  0.00000   0.00000   0.00000   0.00000   0.00000   0.00000   0.00000   0.00000   0.00000   0.00000   0.00000   0.00000   0.00000   0.00000   0.00000   0.00000   0.00000   0.00000   0.00000   0.00000   0.00000   0.02827   0.00000   0.00000   0.00000   0.00000   0.00000   0.00000   0.00000   0.00000  26.79720  22.01195  -20.82795   0.00000  
 40  3.9156    160.536898  x:  0.00000   0.00000   0.00000   0.00000   0.00000   0.00000   0.00000   0.00000   0.00000   0.00000   0.00000   0.00000   0.00000   0.00000   0.00000   0.00000   0.00000   0.00000   0.00000   0.00000   0.00000   0.03366   0.00000   0.00000   0.00000   0.00000   0.00000   0.00000   0.00000   0.00000  37.88636  31.04346  -29.85932   0.00000  
 41  5.9639    160.520316  x:  0.00000   0.00000   0.00000   0.00000   0.00000   0.00000   0.00000   0.00000   0.00000   0.00000   0.00000   0.00000   0.00000   0.00000   0.00000   0.00000   0.00000   0.00000   0.00000   0.00000   0.00000   0.02919   0.00000   0.00000   0.00000   0.00000   0.00000   0.00000   0.00000   0.00000  62.04190  50.66663  -49.48220   0.00000  
 42  8.7523    160.512202  x:  0.00000   0.00000   0.00000   0.00000   0.00000   0.00000   0.00000   0.00000   0.00000   0.00000   0.00000   0.00000   0.00000   0.00000   0.00000   0.00000   0.00000   0.00000   0.00000   0.00000   0.00000   0.03282   0.00000   0.00000   0.00000   0.00000   0.00000   0.00000   0.00000   0.00000  85.11361  69.43377  -68.24906   0.00000  
 43 13.5282    160.505612  x:  0.00000   0.00000   0.00000   0.00000   0.00000   0.00000   0.00000   0.00000   0.00000   0.00000   0.00000   0.00000   0.00000   0.00000   0.00000   0.00000   0.00000   0.00000   0.00000   0.00000   0.00000   0.03097   0.00000   0.00000   0.00000   0.00000   0.00000   0.00000   0.00000   0.00000  121.49019  99.00000  -97.81484   0.00000  
 44 19.1869    160.505612  x:  0.00000   0.00000   0.00000   0.00000   0.00000   0.00000   0.00000   0.00000   0.00000   0.00000   0.00000   0.00000   0.00000   0.00000   0.00000   0.00000   0.00000   0.00000   0.00000   0.00000   0.00000   0.03097   0.00000   0.00000   0.00000   0.00000   0.00000   0.00000   0.00000   0.00000  121.49019  99.00000  -97.81484   0.00000  
 45 44.5949    160.505539  x:  0.00000   0.00000   0.00000   0.00000   0.00000   0.00000   0.00000   0.00000   0.00000   0.00000   0.00000   0.00000   0.00000   0.00000   0.00000   0.00000   0.00000   0.00000   0.00000   0.00000   0.00000   0.03135   0.00000   0.00000   0.00000   0.00000   0.00000   0.00000   0.00000   0.00000  121.49019  99.00000  -97.81484   0.00000  
 46  0.3802    160.505539  x:  0.00000   0.00000   0.00000   0.00000   0.00000   0.00000   0.00000   0.00000   0.00000   0.00000   0.00000   0.00000   0.00000   0.00000   0.00000   0.00000   0.00000   0.00000   0.00000   0.00000   0.00000   0.03136   0.00000   0.00000   0.00000   0.00000   0.00000   0.00000   0.00000   0.00000  121.49046  99.00000  -97.81484   0.00000  
 47  0.0001    160.505539  x:  0.00000   0.00000   0.00000   0.00000   0.00000   0.00000   0.00000   0.00000   0.00000   0.00000   0.00000   0.00000   0.00000   0.00000   0.00000   0.00000   0.00000   0.00000   0.00000   0.00000   0.00000   0.03136   0.00000   0.00000   0.00000   0.00000   0.00000   0.00000   0.00000   0.00000  121.49268  99.00000  -97.81484   0.00000  
 48  0.0003    160.505378  x:  0.00000   0.00000   0.00000   0.00000   0.00000   0.00000   0.00000   0.00000   0.00000   0.00000   0.00000   0.00000   0.00000   0.00000   0.00000   0.00000   0.00000   0.00000   0.00000   0.00000   0.00000   0.03193   0.00000   0.00000   0.00000   0.00000   0.00000   0.00000   0.00000   0.00000  124.51880  99.00000  -97.81484   0.00000  
 49  1.5041    160.504260  x:  0.00000   0.00000   0.00000   0.00000   0.00000   0.00000   0.00000   0.00000   0.00000   0.00000   0.00000   0.00000   0.00000   0.00000   0.00000   0.00000   0.00000   0.00000   0.00000   0.00000   0.00000   0.03181   0.00000   0.00000   0.00000   0.00000   0.00000   0.00000   0.00000   0.00000  135.70362  99.00000  -97.81484   0.00000  
 50  1.3981    160.497483  x:  0.00000   0.00000   0.00000   0.00000   0.00000   0.00000   0.00000   0.00000   0.00000   0.00000   0.00000   0.00000   0.00000   0.00000   0.00000   0.00000   0.00000   0.00000   0.00000   0.00000   0.00000   0.02998   0.00000   0.00000   0.00000   0.00000   0.00000   0.00000   0.00000   0.00000  389.58119  99.00000  -97.81484   0.00000  
 51 59.7900    160.496089  x:  0.00000   0.00000   0.00000   0.00000   0.00000   0.00000   0.00000   0.00000   0.00000   0.00000   0.00000   0.00000   0.00000   0.00000   0.00000   0.00000   0.00000   0.00000   0.00000   0.00000   0.00000   0.03163   0.00000   0.00000   0.00000   0.00000   0.00000   0.00000   0.00000   0.00000  430.44459  99.00000  -97.81484   0.00000  
 52 32.7340    160.494639  x:  0.00000   0.00000   0.00000   0.00000   0.00000   0.00000   0.00000   0.00000   0.00000   0.00000   0.00000   0.00000   0.00000   0.00000   0.00000   0.00000   0.00000   0.00000   0.00000   0.00000   0.00000   0.03133   0.00000   0.00000   0.00000   0.00000   0.00000   0.00000   0.00000   0.00000  695.88642  99.00000  -97.81484   0.00000  
 53 33.1802    160.493932  x:  0.00000   0.00000   0.00000   0.00000   0.00000   0.00000   0.00000   0.00000   0.00000   0.00000   0.00000   0.00000   0.00000   0.00000   0.00000   0.00000   0.00000   0.00000   0.00000   0.00000   0.00000   0.03146   0.00000   0.00000   0.00000   0.00000   0.00000   0.00000   0.00000   0.00000  999.00000  99.00000  -97.81484   0.00000  
 54 163.8383    160.493931  x:  0.00000   0.00000   0.00000   0.00000   0.00000   0.00000   0.00000   0.00000   0.00000   0.00000   0.00000   0.00000   0.00000   0.00000   0.00000   0.00000   0.00000   0.00000   0.00000   0.00000   0.00000   0.03142   0.00000   0.00000   0.00000   0.00000   0.00000   0.00000   0.00000   0.00000  999.00000  99.00000  -97.81484   0.00000  