Supplemental results for CODEML (seqf: /Users/YY/Desktop/get/branch_site/modify/modify_trim_muscle_ycf4.fa  treef: /Users/YY/Desktop/get/branch_site/16gene_topu.tree)


dN/dS (w) for site classes (K=4)

site class             0        1       2a       2b
proportion       0.69516  0.13301  0.14423  0.02760
background w     0.00000  1.00000  0.00000  1.00000
foreground w     0.00000  1.00000  2.56934  2.56934

Naive Empirical Bayes (NEB) probabilities for 4 classes
(amino acids refer to 1st sequence: KM035851)

   1 M   0.75149 0.07668 0.15592 0.01591 ( 1)
   2 S   0.75040 0.07778 0.15569 0.01614 ( 1)
   3 C   0.74528 0.08289 0.15463 0.01720 ( 1)
   4 R   0.71393 0.11424 0.14813 0.02370 ( 1)
   5 S   0.72365 0.10452 0.15015 0.02169 ( 1)
   6 E   0.73492 0.09325 0.15248 0.01935 ( 1)
   7 H   0.74159 0.08658 0.15387 0.01796 ( 1)
   8 I   0.00001 0.82816 0.00000 0.17183 ( 2)
   9 W   0.72502 0.10315 0.15043 0.02140 ( 1)
  10 I   0.74642 0.08175 0.15487 0.01696 ( 1)
  11 Q   0.72359 0.10458 0.15013 0.02170 ( 1)
  12 P   0.73629 0.09188 0.15277 0.01906 ( 1)
  13 I   0.74642 0.08175 0.15487 0.01696 ( 1)
  14 T   0.72363 0.10454 0.15014 0.02169 ( 1)
  15 G   0.72408 0.10409 0.15023 0.02160 ( 1)
  16 S   0.72007 0.10810 0.14940 0.02243 ( 1)
  17 R   0.71393 0.11424 0.14813 0.02370 ( 1)
  18 K   0.73572 0.09245 0.15265 0.01918 ( 1)
  19 T   0.00001 0.82816 0.00000 0.17183 ( 2)
  20 S   0.75040 0.07778 0.15569 0.01614 ( 1)
  21 N   0.74876 0.07941 0.15535 0.01648 ( 1)
  22 F   0.00000 0.82817 0.00000 0.17183 ( 2)
  23 C   0.72411 0.10406 0.15024 0.02159 ( 1)
  24 W   0.72502 0.10315 0.15043 0.02140 ( 1)
  25 A   0.72105 0.10712 0.14961 0.02222 ( 1)
  26 I   0.00001 0.82816 0.00000 0.17183 ( 2)
  27 I   0.72956 0.09861 0.15137 0.02046 ( 1)
  28 L   0.74697 0.08120 0.15498 0.01685 ( 1)
  29 F   0.75513 0.07304 0.15668 0.01515 ( 1)
  30 L   0.72996 0.09821 0.15145 0.02038 ( 1)
  31 G   0.74403 0.08414 0.15437 0.01746 ( 1)
  32 S   0.72365 0.10452 0.15015 0.02169 ( 1)
  33 L   0.72996 0.09821 0.15145 0.02038 ( 1)
  34 G   0.72848 0.09969 0.15115 0.02068 ( 1)
  35 F   0.73394 0.09423 0.15228 0.01955 ( 1)
  36 L   0.72996 0.09821 0.15145 0.02038 ( 1)
  37 L   0.72822 0.09995 0.15109 0.02074 ( 1)
  38 V   0.74941 0.07876 0.15549 0.01634 ( 1)
  39 G   0.72848 0.09969 0.15115 0.02068 ( 1)
  40 T   0.74387 0.08430 0.15434 0.01749 ( 1)
  41 S   0.72092 0.10725 0.14958 0.02225 ( 1)
  42 S   0.75040 0.07778 0.15569 0.01614 ( 1)
  43 Y   0.74195 0.08622 0.15394 0.01789 ( 1)
  44 L   0.74697 0.08120 0.15498 0.01685 ( 1)
  45 G   0.72692 0.10125 0.15082 0.02101 ( 1)
  46 R   0.73439 0.09378 0.15237 0.01946 ( 1)
  47 N   0.72785 0.10032 0.15102 0.02081 ( 1)
  48 L   0.72822 0.09995 0.15109 0.02074 ( 1)
  49 I   0.74287 0.08530 0.15413 0.01770 ( 1)
  50 S   0.74275 0.08542 0.15411 0.01772 ( 1)
  51 L   0.72996 0.09821 0.15145 0.02038 ( 1)
  52 F   0.75513 0.07304 0.15668 0.01515 ( 1)
  53 P   0.71992 0.10825 0.14937 0.02246 ( 1)
  54 S   0.74275 0.08542 0.15411 0.01772 ( 1)
  55 Q   0.71810 0.11007 0.14899 0.02284 ( 1)
  56 Q   0.72359 0.10458 0.15013 0.02170 ( 1)
  57 I   0.72956 0.09861 0.15137 0.02046 ( 1)
  58 L   0.00000 0.82817 0.00000 0.17183 ( 2)
  59 F   0.75513 0.07304 0.15668 0.01515 ( 1)
  60 F   0.75513 0.07304 0.15668 0.01515 ( 1)
  61 P   0.72630 0.10187 0.15070 0.02114 ( 1)
  62 Q   0.72359 0.10458 0.15013 0.02170 ( 1)
  63 G   0.72376 0.10441 0.15017 0.02166 ( 1)
  64 I   0.75290 0.07527 0.15621 0.01562 ( 1)
  65 V   0.72735 0.10082 0.15091 0.02092 ( 1)
  66 M   0.75149 0.07668 0.15592 0.01591 ( 1)
  67 S   0.74275 0.08542 0.15411 0.01772 ( 1)
  68 F   0.73394 0.09423 0.15228 0.01955 ( 1)
  69 Y   0.74195 0.08622 0.15394 0.01789 ( 1)
  70 G   0.72376 0.10441 0.15017 0.02166 ( 1)
  71 I   0.72956 0.09861 0.15137 0.02046 ( 1)
  72 A   0.72305 0.10512 0.15002 0.02181 ( 1)
  73 G   0.74403 0.08414 0.15437 0.01746 ( 1)
  74 L   0.72353 0.10464 0.15012 0.02171 ( 1)
  75 F   0.75189 0.07628 0.15600 0.01583 ( 1)
  76 I   0.75290 0.07527 0.15621 0.01562 ( 1)
  77 S   0.72933 0.09884 0.15132 0.02051 ( 1)
  78 S   0.72092 0.10725 0.14958 0.02225 ( 1)
  79 Y   0.74118 0.08699 0.15378 0.01805 ( 1)
  80 L   0.72822 0.09995 0.15109 0.02074 ( 1)
  81 W   0.72502 0.10315 0.15043 0.02140 ( 1)
  82 C   0.72411 0.10406 0.15024 0.02159 ( 1)
  83 T   0.73242 0.09575 0.15196 0.01987 ( 1)
  84 I   0.75290 0.07527 0.15621 0.01562 ( 1)
  85 S   0.72007 0.10810 0.14940 0.02243 ( 1)
  86 W   0.72502 0.10315 0.15043 0.02140 ( 1)
  87 N   0.74876 0.07941 0.15535 0.01648 ( 1)
  88 V   0.73702 0.09115 0.15292 0.01891 ( 1)
  89 G   0.72376 0.10441 0.15017 0.02166 ( 1)
  90 G   0.74403 0.08414 0.15437 0.01746 ( 1)
  91 G   0.74351 0.08466 0.15426 0.01757 ( 1)
  92 Y   0.74195 0.08622 0.15394 0.01789 ( 1)
  93 D   0.74796 0.08021 0.15519 0.01664 ( 1)
  94 R   0.71393 0.11424 0.14813 0.02370 ( 1)
  95 F   0.73394 0.09423 0.15228 0.01955 ( 1)
  96 D   0.74796 0.08021 0.15519 0.01664 ( 1)
  97 R   0.73439 0.09378 0.15237 0.01946 ( 1)
  98 K   0.73572 0.09245 0.15265 0.01918 ( 1)
  99 E   0.73492 0.09325 0.15248 0.01935 ( 1)
 100 G   0.72842 0.09975 0.15113 0.02070 ( 1)
 101 M   0.75149 0.07668 0.15592 0.01591 ( 1)
 102 V   0.72735 0.10082 0.15091 0.02092 ( 1)
 103 C   0.74528 0.08289 0.15463 0.01720 ( 1)
 104 I   0.00001 0.82816 0.00000 0.17183 ( 2)
 105 F   0.75513 0.07304 0.15668 0.01515 ( 1)
 106 R   0.73964 0.08853 0.15346 0.01837 ( 1)
 107 W   0.72502 0.10315 0.15043 0.02140 ( 1)
 108 G   0.72848 0.09969 0.15115 0.02068 ( 1)
 109 F   0.73394 0.09423 0.15228 0.01955 ( 1)
 110 P   0.73629 0.09188 0.15277 0.01906 ( 1)
 111 G   0.72848 0.09969 0.15115 0.02068 ( 1)
 112 K   0.73572 0.09245 0.15265 0.01918 ( 1)
 113 N   0.74876 0.07941 0.15535 0.01648 ( 1)
 114 R   0.73686 0.09131 0.15288 0.01895 ( 1)
 115 R   0.71906 0.10911 0.14919 0.02264 ( 1)
 116 I   0.72956 0.09861 0.15137 0.02046 ( 1)
 117 F   0.73394 0.09423 0.15228 0.01955 ( 1)
 118 L   0.72332 0.10485 0.15008 0.02176 ( 1)
 119 R   0.71393 0.11424 0.14813 0.02370 ( 1)
 120 F   0.73673 0.09144 0.15286 0.01897 ( 1)
 121 P   0.00000 0.82817 0.00000 0.17183 ( 2)
 122 I   0.00001 0.82816 0.00000 0.17183 ( 2)
 123 K   0.72824 0.09993 0.15110 0.02073 ( 1)
 124 D   0.74796 0.08021 0.15519 0.01664 ( 1)
 125 I   0.75290 0.07527 0.15621 0.01562 ( 1)
 126 Q   0.71810 0.11007 0.14899 0.02284 ( 1)
 127 S   0.72092 0.10725 0.14958 0.02225 ( 1)
 128 V   0.00001 0.82816 0.00000 0.17183 ( 2)
 129 R   0.73439 0.09378 0.15237 0.01946 ( 1)
 130 I   0.74642 0.08175 0.15487 0.01696 ( 1)
 131 E   0.73492 0.09325 0.15248 0.01935 ( 1)
 132 V   0.74941 0.07876 0.15549 0.01634 ( 1)
 133 K   0.73572 0.09245 0.15265 0.01918 ( 1)
 134 E   0.72764 0.10053 0.15097 0.02086 ( 1)
 135 G   0.74403 0.08414 0.15437 0.01746 ( 1)
 136 I   0.75290 0.07527 0.15621 0.01562 ( 1)
 137 Y   0.74195 0.08622 0.15394 0.01789 ( 1)
 138 A   0.74136 0.08681 0.15382 0.01801 ( 1)
 139 R   0.71906 0.10911 0.14919 0.02264 ( 1)
 140 R   0.73964 0.08853 0.15346 0.01837 ( 1)
 141 V   0.72510 0.10307 0.15045 0.02139 ( 1)
 142 L   0.74697 0.08120 0.15498 0.01685 ( 1)
 143 Y   0.74195 0.08622 0.15394 0.01789 ( 1)
 144 M   0.75149 0.07668 0.15592 0.01591 ( 1)
 145 D   0.74796 0.08021 0.15519 0.01664 ( 1)
 146 I   0.72956 0.09861 0.15137 0.02046 ( 1)
 147 R   0.73430 0.09387 0.15235 0.01948 ( 1)
 148 G   0.72173 0.10644 0.14975 0.02209 ( 1)
 149 Q   0.71810 0.11007 0.14899 0.02284 ( 1)
 150 G   0.72376 0.10441 0.15017 0.02166 ( 1)
 151 A   0.00000 0.82817 0.00000 0.17183 ( 2)
 152 I   0.75290 0.07527 0.15621 0.01562 ( 1)
 153 P   0.71708 0.11109 0.14878 0.02305 ( 1)
 154 L   0.72822 0.09995 0.15109 0.02074 ( 1)
 155 T   0.74387 0.08430 0.15434 0.01749 ( 1)
 156 R   0.73964 0.08853 0.15346 0.01837 ( 1)
 157 T   0.74338 0.08479 0.15424 0.01759 ( 1)
 158 D   0.74796 0.08021 0.15519 0.01664 ( 1)
 159 E   0.72751 0.10066 0.15095 0.02088 ( 1)
 160 N   0.74876 0.07941 0.15535 0.01648 ( 1)
 161 V   0.74941 0.07876 0.15549 0.01634 ( 1)
 162 T   0.74387 0.08430 0.15434 0.01749 ( 1)
 163 P   0.72630 0.10187 0.15070 0.02114 ( 1)
 164 R   0.71764 0.11053 0.14890 0.02293 ( 1)
 165 E   0.73492 0.09325 0.15248 0.01935 ( 1)
 166 I   0.73303 0.09514 0.15209 0.01974 ( 1)
 167 E   0.73492 0.09325 0.15248 0.01935 ( 1)
 168 Q   0.72359 0.10458 0.15013 0.02170 ( 1)
 169 K   0.73572 0.09245 0.15265 0.01918 ( 1)
 170 A   0.74245 0.08572 0.15404 0.01778 ( 1)
 171 A   0.72264 0.10553 0.14994 0.02189 ( 1)
 172 E   0.73492 0.09325 0.15248 0.01935 ( 1)
 173 L   0.72822 0.09995 0.15109 0.02074 ( 1)
 174 A   0.72105 0.10712 0.14961 0.02222 ( 1)
 175 Y   0.74195 0.08622 0.15394 0.01789 ( 1)
 176 F   0.73471 0.09346 0.15244 0.01939 ( 1)
 177 L   0.72822 0.09995 0.15109 0.02074 ( 1)
 178 R   0.73866 0.08952 0.15326 0.01857 ( 1)
 179 V   0.73702 0.09115 0.15292 0.01891 ( 1)
 180 P   0.71938 0.10879 0.14926 0.02257 ( 1)
 181 I   0.75290 0.07527 0.15621 0.01562 ( 1)
 182 E   0.73492 0.09325 0.15248 0.01935 ( 1)
 183 V   0.73702 0.09115 0.15292 0.01891 ( 1)
 184 F   0.75513 0.07304 0.15668 0.01515 ( 1)


lnL =  -984.217394

Bayes Empirical Bayes (BEB) probabilities for 4 classes (class)
(amino acids refer to 1st sequence: KM035851)

   1 M   0.59067 0.05243 0.32783 0.02907 ( 1)
   2 S   0.58996 0.05314 0.32744 0.02946 ( 1)
   3 C   0.58668 0.05642 0.32562 0.03128 ( 1)
   4 R   0.56677 0.07632 0.31456 0.04235 ( 1)
   5 S   0.57292 0.07018 0.31797 0.03893 ( 1)
   6 E   0.58007 0.06303 0.32195 0.03496 ( 1)
   7 H   0.58433 0.05877 0.32431 0.03259 ( 1)
   8 I   0.24765 0.39545 0.13559 0.22131 ( 2)
   9 W   0.57378 0.06931 0.31845 0.03845 ( 1)
  10 I   0.58741 0.05569 0.32603 0.03088 ( 1)
  11 Q   0.57288 0.07022 0.31795 0.03895 ( 1)
  12 P   0.58094 0.06215 0.32243 0.03447 ( 1)
  13 I   0.58741 0.05569 0.32603 0.03088 ( 1)
  14 T   0.57291 0.07019 0.31797 0.03894 ( 1)
  15 G   0.57319 0.06990 0.31813 0.03878 ( 1)
  16 S   0.57065 0.07244 0.31671 0.04019 ( 1)
  17 R   0.56677 0.07632 0.31456 0.04235 ( 1)
  18 K   0.58058 0.06252 0.32223 0.03467 ( 1)
  19 T   0.22678 0.41632 0.12389 0.23302 ( 2)
  20 S   0.58996 0.05314 0.32744 0.02946 ( 1)
  21 N   0.58891 0.05418 0.32686 0.03004 ( 1)
  22 F   0.00325 0.63984 0.00147 0.35544 ( 2)
  23 C   0.57321 0.06989 0.31813 0.03877 ( 1)
  24 W   0.57378 0.06931 0.31845 0.03845 ( 1)
  25 A   0.57128 0.07182 0.31706 0.03985 ( 1)
  26 I   0.26290 0.38020 0.14415 0.21275 ( 2)
  27 I   0.57666 0.06644 0.32005 0.03685 ( 1)
  28 L   0.58776 0.05533 0.32622 0.03068 ( 1)
  29 F   0.59301 0.05009 0.32913 0.02777 ( 1)
  30 L   0.57691 0.06618 0.32019 0.03671 ( 1)
  31 G   0.58588 0.05722 0.32518 0.03173 ( 1)
  32 S   0.57292 0.07018 0.31797 0.03893 ( 1)
  33 L   0.57691 0.06618 0.32019 0.03671 ( 1)
  34 G   0.57597 0.06712 0.31967 0.03723 ( 1)
  35 F   0.57945 0.06365 0.32160 0.03530 ( 1)
  36 L   0.57691 0.06618 0.32019 0.03671 ( 1)
  37 L   0.57581 0.06728 0.31958 0.03732 ( 1)
  38 V   0.58933 0.05377 0.32709 0.02981 ( 1)
  39 G   0.57597 0.06712 0.31967 0.03723 ( 1)
  40 T   0.58578 0.05731 0.32512 0.03178 ( 1)
  41 S   0.57119 0.07190 0.31701 0.03989 ( 1)
  42 S   0.58996 0.05314 0.32744 0.02946 ( 1)
  43 Y   0.58455 0.05855 0.32444 0.03247 ( 1)
  44 L   0.58776 0.05533 0.32622 0.03068 ( 1)
  45 G   0.57499 0.06811 0.31912 0.03778 ( 1)
  46 R   0.57973 0.06336 0.32176 0.03514 ( 1)
  47 N   0.57558 0.06751 0.31945 0.03745 ( 1)
  48 L   0.57581 0.06728 0.31958 0.03732 ( 1)
  49 I   0.58509 0.05801 0.32474 0.03217 ( 1)
  50 S   0.58506 0.05804 0.32472 0.03218 ( 1)
  51 L   0.57691 0.06618 0.32019 0.03671 ( 1)
  52 F   0.59301 0.05009 0.32913 0.02777 ( 1)
  53 P   0.57056 0.07254 0.31666 0.04025 ( 1)
  54 S   0.58506 0.05804 0.32472 0.03218 ( 1)
  55 Q   0.56941 0.07368 0.31602 0.04088 ( 1)
  56 Q   0.57288 0.07022 0.31795 0.03895 ( 1)
  57 I   0.57666 0.06644 0.32005 0.03685 ( 1)
  58 L   0.03058 0.61251 0.01548 0.34142 ( 2)
  59 F   0.59301 0.05009 0.32913 0.02777 ( 1)
  60 F   0.59301 0.05009 0.32913 0.02777 ( 1)
  61 P   0.57460 0.06849 0.31891 0.03800 ( 1)
  62 Q   0.57288 0.07022 0.31795 0.03895 ( 1)
  63 G   0.57299 0.07011 0.31801 0.03889 ( 1)
  64 I   0.59156 0.05153 0.32833 0.02857 ( 1)
  65 V   0.57526 0.06783 0.31928 0.03763 ( 1)
  66 M   0.59067 0.05243 0.32783 0.02907 ( 1)
  67 S   0.58506 0.05804 0.32472 0.03218 ( 1)
  68 F   0.57945 0.06365 0.32160 0.03530 ( 1)
  69 Y   0.58455 0.05855 0.32444 0.03247 ( 1)
  70 G   0.57299 0.07011 0.31801 0.03889 ( 1)
  71 I   0.57666 0.06644 0.32005 0.03685 ( 1)
  72 A   0.57254 0.07056 0.31776 0.03914 ( 1)
  73 G   0.58588 0.05722 0.32518 0.03173 ( 1)
  74 L   0.57284 0.07025 0.31793 0.03898 ( 1)
  75 F   0.59091 0.05219 0.32796 0.02894 ( 1)
  76 I   0.59156 0.05153 0.32833 0.02857 ( 1)
  77 S   0.57652 0.06658 0.31997 0.03693 ( 1)
  78 S   0.57119 0.07190 0.31701 0.03989 ( 1)
  79 Y   0.58406 0.05904 0.32416 0.03274 ( 1)
  80 L   0.57581 0.06728 0.31958 0.03732 ( 1)
  81 W   0.57378 0.06931 0.31845 0.03845 ( 1)
  82 C   0.57321 0.06989 0.31813 0.03877 ( 1)
  83 T   0.57848 0.06462 0.32106 0.03584 ( 1)
  84 I   0.59156 0.05153 0.32833 0.02857 ( 1)
  85 S   0.57065 0.07244 0.31671 0.04019 ( 1)
  86 W   0.57378 0.06931 0.31845 0.03845 ( 1)
  87 N   0.58891 0.05418 0.32686 0.03004 ( 1)
  88 V   0.58140 0.06169 0.32269 0.03422 ( 1)
  89 G   0.57299 0.07011 0.31801 0.03889 ( 1)
  90 G   0.58588 0.05722 0.32518 0.03173 ( 1)
  91 G   0.58555 0.05755 0.32499 0.03191 ( 1)
  92 Y   0.58455 0.05855 0.32444 0.03247 ( 1)
  93 D   0.58840 0.05470 0.32658 0.03033 ( 1)
  94 R   0.56677 0.07632 0.31456 0.04235 ( 1)
  95 F   0.57945 0.06365 0.32160 0.03530 ( 1)
  96 D   0.58840 0.05470 0.32658 0.03033 ( 1)
  97 R   0.57973 0.06336 0.32176 0.03514 ( 1)
  98 K   0.58058 0.06252 0.32223 0.03467 ( 1)
  99 E   0.58007 0.06303 0.32195 0.03496 ( 1)
 100 G   0.57594 0.06716 0.31965 0.03725 ( 1)
 101 M   0.59067 0.05243 0.32783 0.02907 ( 1)
 102 V   0.57526 0.06783 0.31928 0.03763 ( 1)
 103 C   0.58668 0.05642 0.32562 0.03128 ( 1)
 104 I   0.25825 0.38485 0.14154 0.21536 ( 2)
 105 F   0.59301 0.05009 0.32913 0.02777 ( 1)
 106 R   0.58308 0.06002 0.32362 0.03328 ( 1)
 107 W   0.57378 0.06931 0.31845 0.03845 ( 1)
 108 G   0.57597 0.06712 0.31967 0.03723 ( 1)
 109 F   0.57945 0.06365 0.32160 0.03530 ( 1)
 110 P   0.58094 0.06215 0.32243 0.03447 ( 1)
 111 G   0.57597 0.06712 0.31967 0.03723 ( 1)
 112 K   0.58058 0.06252 0.32223 0.03467 ( 1)
 113 N   0.58891 0.05418 0.32686 0.03004 ( 1)
 114 R   0.58130 0.06179 0.32263 0.03427 ( 1)
 115 R   0.57002 0.07308 0.31636 0.04054 ( 1)
 116 I   0.57666 0.06644 0.32005 0.03685 ( 1)
 117 F   0.57945 0.06365 0.32160 0.03530 ( 1)
 118 L   0.57271 0.07039 0.31786 0.03905 ( 1)
 119 R   0.56677 0.07632 0.31456 0.04235 ( 1)
 120 F   0.58120 0.06190 0.32258 0.03433 ( 1)
 121 P   0.03107 0.61203 0.01574 0.34116 ( 2)
 122 I   0.24975 0.39334 0.13677 0.22013 ( 2)
 123 K   0.57583 0.06727 0.31959 0.03731 ( 1)
 124 D   0.58840 0.05470 0.32658 0.03033 ( 1)
 125 I   0.59156 0.05153 0.32833 0.02857 ( 1)
 126 Q   0.56941 0.07368 0.31602 0.04088 ( 1)
 127 S   0.57119 0.07190 0.31701 0.03989 ( 1)
 128 V   0.21773 0.42536 0.11881 0.23809 ( 2)
 129 R   0.57973 0.06336 0.32176 0.03514 ( 1)
 130 I   0.58741 0.05569 0.32603 0.03088 ( 1)
 131 E   0.58007 0.06303 0.32195 0.03496 ( 1)
 132 V   0.58933 0.05377 0.32709 0.02981 ( 1)
 133 K   0.58058 0.06252 0.32223 0.03467 ( 1)
 134 E   0.57544 0.06765 0.31938 0.03753 ( 1)
 135 G   0.58588 0.05722 0.32518 0.03173 ( 1)
 136 I   0.59156 0.05153 0.32833 0.02857 ( 1)
 137 Y   0.58455 0.05855 0.32444 0.03247 ( 1)
 138 A   0.58417 0.05892 0.32423 0.03268 ( 1)
 139 R   0.57002 0.07308 0.31636 0.04054 ( 1)
 140 R   0.58308 0.06002 0.32362 0.03328 ( 1)
 141 V   0.57383 0.06926 0.31848 0.03842 ( 1)
 142 L   0.58776 0.05533 0.32622 0.03068 ( 1)
 143 Y   0.58455 0.05855 0.32444 0.03247 ( 1)
 144 M   0.59067 0.05243 0.32783 0.02907 ( 1)
 145 D   0.58840 0.05470 0.32658 0.03033 ( 1)
 146 I   0.57666 0.06644 0.32005 0.03685 ( 1)
 147 R   0.57967 0.06342 0.32173 0.03518 ( 1)
 148 G   0.57170 0.07139 0.31730 0.03961 ( 1)
 149 Q   0.56941 0.07368 0.31602 0.04088 ( 1)
 150 G   0.57299 0.07011 0.31801 0.03889 ( 1)
 151 A   0.02438 0.61871 0.01223 0.34467 ( 2)
 152 I   0.59156 0.05153 0.32833 0.02857 ( 1)
 153 P   0.56876 0.07433 0.31566 0.04124 ( 1)
 154 L   0.57581 0.06728 0.31958 0.03732 ( 1)
 155 T   0.58578 0.05731 0.32512 0.03178 ( 1)
 156 R   0.58308 0.06002 0.32362 0.03328 ( 1)
 157 T   0.58547 0.05763 0.32495 0.03196 ( 1)
 158 D   0.58840 0.05470 0.32658 0.03033 ( 1)
 159 E   0.57537 0.06773 0.31933 0.03757 ( 1)
 160 N   0.58891 0.05418 0.32686 0.03004 ( 1)
 161 V   0.58933 0.05377 0.32709 0.02981 ( 1)
 162 T   0.58578 0.05731 0.32512 0.03178 ( 1)
 163 P   0.57460 0.06849 0.31891 0.03800 ( 1)
 164 R   0.56912 0.07398 0.31586 0.04105 ( 1)
 165 E   0.58007 0.06303 0.32195 0.03496 ( 1)
 166 I   0.57885 0.06424 0.32127 0.03563 ( 1)
 167 E   0.58007 0.06303 0.32195 0.03496 ( 1)
 168 Q   0.57288 0.07022 0.31795 0.03895 ( 1)
 169 K   0.58058 0.06252 0.32223 0.03467 ( 1)
 170 A   0.58487 0.05822 0.32462 0.03229 ( 1)
 171 A   0.57228 0.07081 0.31762 0.03929 ( 1)
 172 E   0.58007 0.06303 0.32195 0.03496 ( 1)
 173 L   0.57581 0.06728 0.31958 0.03732 ( 1)
 174 A   0.57128 0.07182 0.31706 0.03985 ( 1)
 175 Y   0.58455 0.05855 0.32444 0.03247 ( 1)
 176 F   0.57993 0.06316 0.32187 0.03503 ( 1)
 177 L   0.57581 0.06728 0.31958 0.03732 ( 1)
 178 R   0.58245 0.06065 0.32327 0.03363 ( 1)
 179 V   0.58140 0.06169 0.32269 0.03422 ( 1)
 180 P   0.57022 0.07288 0.31647 0.04043 ( 1)
 181 I   0.59156 0.05153 0.32833 0.02857 ( 1)
 182 E   0.58007 0.06303 0.32195 0.03496 ( 1)
 183 V   0.58140 0.06169 0.32269 0.03422 ( 1)
 184 F   0.59301 0.05009 0.32913 0.02777 ( 1)

