

TREE # 1

  0  0.0000   1127.785758  x:  0.00000   0.01353   0.05848   0.01873   0.06719   0.06657   0.03231   0.04089   0.06591   0.01918   0.04957   0.02477   0.02461   0.01734   0.01936   0.06257   0.06024   0.02560   0.05015   0.03813   0.06984   0.04306   0.01240   0.02142   0.01039   0.07143   0.04940   0.04088   0.07757   0.03379   2.00000   1.09989   0.02896   0.27919   2.57308  
  1 99.0000   1127.782749  x:  0.00000   0.01353   0.05848   0.01873   0.06719   0.06657   0.03231   0.04089   0.06591   0.01918   0.04957   0.02477   0.02461   0.01734   0.01936   0.06257   0.06024   0.02560   0.05015   0.03813   0.06984   0.04306   0.01240   0.02142   0.01039   0.07143   0.04940   0.04088   0.07757   0.03379   2.00000   1.09989   0.02896   0.27919   2.57308  
  2 750.3457   1087.772059  x:  0.00000   0.00110   0.04608   0.00626   0.05485   0.05427   0.01935   0.03093   0.05353   0.00668   0.03715   0.01233   0.01673   0.01158   0.00697   0.05322   0.05236   0.01312   0.03968   0.03301   0.05747   0.03887   0.00000   0.01435   0.00903   0.06176   0.04585   0.02864   0.06751   0.03531   2.00013   1.09999   0.02887   0.27550   2.57308  
  3 14987.8996   1084.351300  x:  0.00000   0.00000   0.04500   0.00516   0.05377   0.05319   0.01820   0.03000   0.05244   0.00558   0.03606   0.01123   0.01591   0.01089   0.00588   0.05237   0.05163   0.01202   0.03872   0.03249   0.05638   0.03845   0.00000   0.01358   0.00890   0.06088   0.04551   0.02756   0.06660   0.03533   2.00013   1.09999   0.02887   0.27502   2.57308  
  4 147506.9197   1068.855920  x:  0.00000   0.00000   0.03992   0.00000   0.04866   0.04816   0.01276   0.02478   0.04731   0.00039   0.03090   0.00606   0.01313   0.01360   0.00078   0.04738   0.04695   0.00684   0.03343   0.02874   0.05141   0.03513   0.00000   0.01272   0.00918   0.05598   0.04302   0.02263   0.06178   0.03527   2.00010   1.09936   0.02955   0.26484   2.57307  
  5 3010.0155   1067.846965  x:  0.00000   0.00000   0.03955   0.00000   0.04828   0.04778   0.01234   0.02453   0.04693   0.00000   0.03051   0.00567   0.01326   0.01345   0.00040   0.04706   0.04669   0.00646   0.03311   0.02870   0.05105   0.03507   0.00000   0.01281   0.00913   0.05565   0.04294   0.02226   0.06145   0.03524   2.00010   1.09930   0.02961   0.26396   2.57307  
  6 4349.9801   1066.951082  x:  0.00000   0.00000   0.03916   0.00000   0.04788   0.04738   0.01190   0.02446   0.04653   0.00000   0.03011   0.00527   0.01322   0.01341   0.00000   0.04685   0.04657   0.00606   0.03289   0.02877   0.05068   0.03512   0.00000   0.01271   0.00924   0.05539   0.04295   0.02187   0.06116   0.03526   2.00009   1.09925   0.02967   0.26309   2.57307  
  7 6891.6732   1056.331718  x:  0.00000   0.00000   0.03404   0.00000   0.04268   0.04210   0.00588   0.02421   0.04126   0.00000   0.02485   0.00000   0.01218   0.01329   0.00000   0.04473   0.04567   0.00076   0.03083   0.02906   0.04576   0.03545   0.00000   0.01177   0.00805   0.05252   0.04309   0.01669   0.05774   0.03481   2.00001   1.09856   0.03039   0.25215   2.57307  
  8 19538.8152   1054.971746  x:  0.00000   0.00000   0.03330   0.00000   0.04193   0.04133   0.00498   0.02419   0.04050   0.00000   0.02410   0.00000   0.01208   0.01318   0.00000   0.04453   0.04561   0.00000   0.03064   0.02891   0.04506   0.03535   0.00000   0.01174   0.00806   0.05221   0.04304   0.01594   0.05733   0.03479   1.99999   1.09847   0.03049   0.25069   2.57307  
  9 21882.0562   1048.435879  x:  0.00000   0.00000   0.02944   0.00000   0.03797   0.03722   0.00000   0.02357   0.03649   0.00000   0.02010   0.00000   0.01208   0.01279   0.00000   0.04365   0.04505   0.00000   0.02979   0.02838   0.04134   0.03476   0.00000   0.01096   0.00799   0.05090   0.04254   0.01194   0.05546   0.03466   1.99991   1.09803   0.03095   0.24320   2.57308  
 10 47641.1816   1031.734970  x:  0.00000   0.00000   0.01807   0.00000   0.02616   0.02478   0.00000   0.02008   0.02466   0.00000   0.00828   0.00000   0.00907   0.01107   0.00000   0.04124   0.04238   0.00000   0.02741   0.02848   0.03036   0.03420   0.00000   0.01160   0.00790   0.04799   0.04129   0.00000   0.05104   0.03439   1.99965   1.09685   0.03214   0.22234   2.57310  
 11 17655.5507   1021.612010  x:  0.00000   0.00000   0.01015   0.00000   0.01780   0.01589   0.00000   0.01958   0.01645   0.00000   0.00000   0.00000   0.00834   0.01024   0.00000   0.03885   0.04041   0.00000   0.02497   0.02630   0.02261   0.03482   0.00000   0.01120   0.00779   0.04596   0.04248   0.00000   0.04851   0.03422   1.99946   1.09626   0.03271   0.21022   2.57313  
 12 5605.2276   1010.571497  x:  0.00000   0.00000   0.00000   0.00000   0.00709   0.00458   0.00000   0.01956   0.00597   0.00000   0.00000   0.00000   0.00735   0.00918   0.00000   0.03591   0.03881   0.00000   0.02217   0.02513   0.01266   0.03401   0.00000   0.01074   0.00768   0.04302   0.04251   0.00000   0.04527   0.03396   1.99924   1.09557   0.03341   0.19547   2.57315  
 13 26423.7411   1006.838615  x:  0.00000   0.00000   0.00000   0.00000   0.00271   0.00000   0.00000   0.01917   0.00169   0.00000   0.00000   0.00000   0.00700   0.00878   0.00000   0.03500   0.03832   0.00000   0.02145   0.02450   0.00858   0.03404   0.00000   0.01054   0.00764   0.04182   0.04246   0.00000   0.04398   0.03386   1.99916   1.09529   0.03370   0.18959   2.57316  
 14 38351.1184   1005.764111  x:  0.00000   0.00000   0.00000   0.00000   0.00097   0.00000   0.00000   0.01917   0.00000   0.00000   0.00000   0.00000   0.00689   0.00866   0.00000   0.03479   0.03786   0.00000   0.02115   0.02444   0.00695   0.03372   0.00000   0.01049   0.00762   0.04167   0.04279   0.00000   0.04371   0.03382   1.99913   1.09521   0.03378   0.18760   2.57316  
 15 3210.7652   1005.338214  x:  0.00000   0.00000   0.00000   0.00000   0.00000   0.00000   0.00000   0.01924   0.00000   0.00000   0.00000   0.00000   0.00684   0.00860   0.00000   0.03459   0.03778   0.00000   0.02093   0.02435   0.00603   0.03378   0.00000   0.01047   0.00762   0.04161   0.04265   0.00000   0.04360   0.03380   1.99912   1.09519   0.03380   0.18668   2.57317  
 16 2076.2118   1003.706606  x:  0.00000   0.00000   0.00000   0.00000   0.00000   0.00000   0.00000   0.01848   0.00000   0.00000   0.00000   0.00000   0.00663   0.00838   0.00000   0.03358   0.03855   0.00000   0.02089   0.02404   0.00000   0.03345   0.00000   0.01041   0.00759   0.04014   0.04326   0.00000   0.04221   0.03378   1.99905   1.09521   0.03375   0.18260   2.57319  
 17 832.1036   1000.235177  x:  0.00000   0.00000   0.00000   0.00000   0.00000   0.00000   0.00000   0.02261   0.00000   0.00000   0.00000   0.00000   0.00572   0.00683   0.00000   0.05115   0.01910   0.00000   0.02534   0.02200   0.00000   0.03551   0.00000   0.00964   0.00739   0.02020   0.03788   0.00000   0.01447   0.03434   1.99895   1.09960   0.02890   0.16486   2.57339  
 18 107.5092    998.598172  x:  0.00000   0.00000   0.00000   0.00000   0.00000   0.00000   0.00000   0.01580   0.00000   0.00000   0.00000   0.00000   0.00619   0.00625   0.00000   0.06259   0.01863   0.00000   0.00793   0.02194   0.00000   0.03460   0.00000   0.00810   0.00717   0.01142   0.03738   0.00000   0.01980   0.03495   1.99985   1.10719   0.02096   0.15911   2.57353  
 19 35.6309    997.883491  x:  0.00000   0.00000   0.00000   0.00000   0.00000   0.00000   0.00000   0.01215   0.00000   0.00000   0.00000   0.00000   0.00659   0.00597   0.00000   0.06152   0.01746   0.00000   0.00333   0.02223   0.00000   0.03401   0.00000   0.00715   0.00695   0.01658   0.03675   0.00000   0.01702   0.03540   2.00053   1.11189   0.01608   0.15689   2.57361  
 20 66.2071    996.360505  x:  0.00000   0.00000   0.00000   0.00000   0.00000   0.00000   0.00000   0.00743   0.00000   0.00000   0.00000   0.00000   0.00720   0.00501   0.00000   0.04898   0.00828   0.00000   0.00491   0.02249   0.00000   0.03307   0.00000   0.00492   0.00657   0.01841   0.03380   0.00000   0.02148   0.03613   2.00218   1.12296   0.00457   0.14897   2.57378  
 21 126.9753    993.322344  x:  0.00000   0.00000   0.00000   0.00000   0.00000   0.00000   0.00000   0.01499   0.00000   0.00000   0.00000   0.00000   0.01085   0.00676   0.00000   0.01575   0.00710   0.00000   0.00376   0.03008   0.00000   0.02541   0.00000   0.00362   0.00620   0.01359   0.02530   0.00000   0.01657   0.03928   2.00916   1.16181  -0.03624   0.15475   2.57442  
 22 26.9757    990.730759  x:  0.00000   0.00000   0.00000   0.00000   0.00000   0.00000   0.00000   0.00562   0.00000   0.00000   0.00000   0.00000   0.01496   0.00707   0.00000   0.01745   0.01207   0.00000   0.00568   0.03165   0.00000   0.02398   0.00000   0.00151   0.00583   0.01410   0.01496   0.00000   0.01313   0.04162   2.02654   1.23048  -0.10719   0.06826   2.57527  
 23 18.4573    988.888953  x:  0.00000   0.00000   0.00000   0.00000   0.00000   0.00000   0.00000   0.00429   0.00000   0.00000   0.00000   0.00000   0.01672   0.00769   0.00000   0.01771   0.01253   0.00000   0.00598   0.03109   0.00000   0.02460   0.00000   0.00264   0.00587   0.01444   0.01326   0.00000   0.01308   0.04209   2.03711   1.27327  -0.15043   0.00000   2.57543  
 24 65.3670    988.376276  x:  0.00000   0.00000   0.00000   0.00000   0.00000   0.00000   0.00000   0.00211   0.00000   0.00000   0.00000   0.00000   0.01689   0.00833   0.00000   0.01439   0.01266   0.00000   0.00600   0.03031   0.00000   0.02649   0.00000   0.00259   0.00570   0.01354   0.01627   0.00000   0.01140   0.04373   2.04119   1.27711  -0.15330   0.00000   2.57508  
 25  1.6854    986.456144  x:  0.00000   0.00000   0.00000   0.00000   0.00000   0.00000   0.00000   0.00409   0.00000   0.00000   0.00000   0.00000   0.01876   0.00630   0.00000   0.01046   0.01375   0.00000   0.00653   0.01545   0.00000   0.02596   0.00000   0.00220   0.00483   0.01451   0.01982   0.00000   0.01141   0.05477   2.11465   1.43998  -0.31331   0.00000   2.57446  
 26 12.6556    985.717253  x:  0.00000   0.00000   0.00000   0.00000   0.00000   0.00000   0.00000   0.00408   0.00000   0.00000   0.00000   0.00000   0.01241   0.00348   0.00000   0.00784   0.01325   0.00000   0.00599   0.01631   0.00000   0.01887   0.00000   0.00286   0.00496   0.01333   0.01976   0.00000   0.01080   0.05843   2.13260   1.39389  -0.26065   0.00000   2.57235  
 27  3.4613    985.211902  x:  0.00000   0.00000   0.00000   0.00000   0.00000   0.00000   0.00000   0.00422   0.00000   0.00000   0.00000   0.00000   0.00735   0.00507   0.00000   0.01064   0.01291   0.00000   0.00574   0.01888   0.00000   0.01538   0.00000   0.00291   0.00404   0.01276   0.02102   0.00000   0.01075   0.06265   2.18273   1.42568  -0.28744   0.00000   2.57065  
 28  2.0691    985.040981  x:  0.00000   0.00000   0.00000   0.00000   0.00000   0.00000   0.00000   0.00440   0.00000   0.00000   0.00000   0.00000   0.00481   0.00528   0.00000   0.00965   0.01274   0.00000   0.00548   0.01964   0.00000   0.01801   0.00000   0.00294   0.00410   0.01230   0.02076   0.00000   0.01094   0.06380   2.20348   1.42095  -0.28049   0.00000   2.56984  
 29  1.7571    984.771217  x:  0.00000   0.00000   0.00000   0.00000   0.00000   0.00000   0.00000   0.00499   0.00000   0.00000   0.00000   0.00000   0.00562   0.00470   0.00000   0.01195   0.01347   0.00000   0.00570   0.02169   0.00000   0.01993   0.00000   0.00330   0.00684   0.01162   0.02280   0.00000   0.00988   0.06764   2.28440   1.40194  -0.26009   0.00000   2.56918  
 30  1.0450    984.621072  x:  0.00000   0.00000   0.00000   0.00000   0.00000   0.00000   0.00000   0.00526   0.00000   0.00000   0.00000   0.00000   0.00608   0.00585   0.00000   0.01204   0.01388   0.00000   0.00569   0.01886   0.00000   0.02068   0.00000   0.00382   0.00643   0.01118   0.02361   0.00000   0.01028   0.06909   2.34156   1.32459  -0.18236   0.00000   2.56910  
 31  1.2276    984.470791  x:  0.00000   0.00000   0.00000   0.00000   0.00000   0.00000   0.00000   0.00571   0.00000   0.00000   0.00000   0.00000   0.00688   0.00535   0.00000   0.01198   0.01527   0.00000   0.00594   0.02067   0.00000   0.02255   0.00000   0.00413   0.00478   0.01132   0.02592   0.00000   0.01163   0.06811   2.42359   1.33646  -0.19458   0.00000   2.56921  
 32  0.5777    984.311432  x:  0.00000   0.00000   0.00000   0.00000   0.00000   0.00000   0.00000   0.00584   0.00000   0.00000   0.00000   0.00000   0.00608   0.00590   0.00000   0.01116   0.01624   0.00000   0.00579   0.01829   0.00000   0.02163   0.00000   0.00430   0.00607   0.01098   0.02795   0.00000   0.01311   0.06337   2.50137   1.37686  -0.23706   0.00000   2.56992  
 33  0.7015    984.261427  x:  0.00000   0.00000   0.00000   0.00000   0.00000   0.00000   0.00000   0.00599   0.00000   0.00000   0.00000   0.00000   0.00568   0.00560   0.00000   0.01167   0.01645   0.00000   0.00575   0.01685   0.00000   0.02210   0.00000   0.00452   0.00552   0.01080   0.02866   0.00000   0.01133   0.06204   2.48759   1.38887  -0.24928   0.00000   2.57004  
 34  0.0969    984.240345  x:  0.00000   0.00000   0.00000   0.00000   0.00000   0.00000   0.00000   0.00604   0.00000   0.00000   0.00000   0.00000   0.00560   0.00579   0.00000   0.01148   0.01697   0.00000   0.00596   0.01697   0.00000   0.02247   0.00000   0.00476   0.00561   0.01201   0.02914   0.00000   0.01119   0.06349   2.42948   1.39325  -0.25283   0.00000   2.56974  
 35  0.1307    984.230696  x:  0.00000   0.00000   0.00000   0.00000   0.00000   0.00000   0.00000   0.00595   0.00000   0.00000   0.00000   0.00000   0.00562   0.00565   0.00000   0.01171   0.01720   0.00000   0.00573   0.01679   0.00000   0.02289   0.00000   0.00494   0.00562   0.01153   0.02921   0.00000   0.01156   0.06478   2.39134   1.39950  -0.25834   0.00000   2.56948  
 36  0.0774    984.227247  x:  0.00000   0.00000   0.00000   0.00000   0.00000   0.00000   0.00000   0.00598   0.00000   0.00000   0.00000   0.00000   0.00573   0.00578   0.00000   0.01141   0.01728   0.00000   0.00566   0.01714   0.00000   0.02300   0.00000   0.00505   0.00564   0.01127   0.02936   0.00000   0.01128   0.06484   2.39587   1.40112  -0.25990   0.00000   2.56946  
 37  0.0152    984.221018  x:  0.00000   0.00000   0.00000   0.00000   0.00000   0.00000   0.00000   0.00582   0.00000   0.00000   0.00000   0.00000   0.00562   0.00559   0.00000   0.01147   0.01736   0.00000   0.00552   0.01722   0.00000   0.02305   0.00000   0.00536   0.00568   0.01142   0.02951   0.00000   0.01133   0.06478   2.45344   1.39345  -0.25197   0.00000   2.56936  
 38  0.0502    984.217805  x:  0.00000   0.00000   0.00000   0.00000   0.00000   0.00000   0.00000   0.00562   0.00000   0.00000   0.00000   0.00000   0.00575   0.00567   0.00000   0.01141   0.01726   0.00000   0.00564   0.01701   0.00000   0.02292   0.00000   0.00559   0.00569   0.01145   0.02923   0.00000   0.01134   0.06435   2.43528   1.39631  -0.25495   0.00000   2.56941  
 39  0.0106    984.217486  x:  0.00000   0.00000   0.00000   0.00000   0.00000   0.00000   0.00000   0.00561   0.00000   0.00000   0.00000   0.00000   0.00567   0.00566   0.00000   0.01146   0.01719   0.00000   0.00566   0.01714   0.00000   0.02287   0.00000   0.00563   0.00567   0.01141   0.02914   0.00000   0.01132   0.06443   2.43265   1.39725  -0.25577   0.00000   2.56937  
 40  0.0027    984.217416  x:  0.00000   0.00000   0.00000   0.00000   0.00000   0.00000   0.00000   0.00563   0.00000   0.00000   0.00000   0.00000   0.00568   0.00568   0.00000   0.01147   0.01714   0.00000   0.00565   0.01712   0.00000   0.02288   0.00000   0.00564   0.00566   0.01142   0.02909   0.00000   0.01133   0.06448   2.43656   1.39778  -0.25626   0.00000   2.56936  
 41  0.0025    984.217395  x:  0.00000   0.00000   0.00000   0.00000   0.00000   0.00000   0.00000   0.00566   0.00000   0.00000   0.00000   0.00000   0.00568   0.00568   0.00000   0.01146   0.01715   0.00000   0.00565   0.01712   0.00000   0.02287   0.00000   0.00565   0.00567   0.01142   0.02908   0.00000   0.01133   0.06445   2.43536   1.39757  -0.25605   0.00000   2.56935  
 42  0.0007    984.217394  x:  0.00000   0.00000   0.00000   0.00000   0.00000   0.00000   0.00000   0.00566   0.00000   0.00000   0.00000   0.00000   0.00568   0.00567   0.00000   0.01146   0.01715   0.00000   0.00565   0.01712   0.00000   0.02288   0.00000   0.00565   0.00567   0.01142   0.02908   0.00000   0.01133   0.06445   2.43530   1.39760  -0.25607   0.00000   2.56935  
 43  0.0001    984.217394  x:  0.00000   0.00000   0.00000   0.00000   0.00000   0.00000   0.00000   0.00566   0.00000   0.00000   0.00000   0.00000   0.00568   0.00567   0.00000   0.01146   0.01716   0.00000   0.00565   0.01712   0.00000   0.02287   0.00000   0.00565   0.00567   0.01142   0.02907   0.00000   0.01133   0.06445   2.43544   1.39762  -0.25608   0.00000   2.56934  
 44  0.0001    984.217394  x:  0.00000   0.00000   0.00000   0.00000   0.00000   0.00000   0.00000   0.00566   0.00000   0.00000   0.00000   0.00000   0.00568   0.00567   0.00000   0.01146   0.01716   0.00000   0.00565   0.01712   0.00000   0.02288   0.00000   0.00565   0.00567   0.01142   0.02907   0.00000   0.01133   0.06445   2.43541   1.39762  -0.25607   0.00000   2.56934  
 45  0.0000    984.217394  x:  0.00000   0.00000   0.00000   0.00000   0.00000   0.00000   0.00000   0.00566   0.00000   0.00000   0.00000   0.00000   0.00568   0.00567   0.00000   0.01146   0.01716   0.00000   0.00565   0.01712   0.00000   0.02288   0.00000   0.00565   0.00567   0.01142   0.02907   0.00000   0.01133   0.06445   2.43541   1.39762  -0.25607   0.00000   2.56934  
 46  0.0000    984.217394  x:  0.00000   0.00000   0.00000   0.00000   0.00000   0.00000   0.00000   0.00566   0.00000   0.00000   0.00000   0.00000   0.00568   0.00567   0.00000   0.01146   0.01716   0.00000   0.00565   0.01712   0.00000   0.02288   0.00000   0.00565   0.00567   0.01142   0.02907   0.00000   0.01133   0.06445   2.43541   1.39762  -0.25607   0.00000   2.56934  
 47  0.0047    984.217394  x:  0.00000   0.00000   0.00000   0.00000   0.00000   0.00000   0.00000   0.00566   0.00000   0.00000   0.00000   0.00000   0.00568   0.00567   0.00000   0.01146   0.01716   0.00000   0.00565   0.01712   0.00000   0.02288   0.00000   0.00565   0.00567   0.01142   0.02907   0.00000   0.01133   0.06445   2.43541   1.39762  -0.25607   0.00000   2.56934  
 48  0.0014    984.217394  x:  0.00000   0.00000   0.00000   0.00000   0.00000   0.00000   0.00000   0.00566   0.00000   0.00000   0.00000   0.00000   0.00568   0.00567   0.00000   0.01146   0.01716   0.00000   0.00565   0.01712   0.00000   0.02288   0.00000   0.00565   0.00567   0.01142   0.02907   0.00000   0.01133   0.06445   2.43541   1.39762  -0.25607   0.00000   2.56934  