

TREE # 1

  0  0.0000    454.126213  x:  0.00000   0.01099   0.04822   0.01580   0.05585   0.05530   0.02722   0.03219   0.05492   0.02219   0.04116   0.02056   0.01932   0.01315   0.01581   0.04940   0.04558   0.02748   0.04006   0.02754   0.06099   0.03349   0.02115   0.03437   0.00815   0.05568   0.07146   0.04088   0.07405   0.03047   2.00000   1.09989   0.02896   0.27919  
  1 99.0000    454.124335  x:  0.00000   0.01099   0.04822   0.01579   0.05585   0.05530   0.02722   0.03219   0.05492   0.02219   0.04115   0.02056   0.01932   0.01315   0.01581   0.04940   0.04558   0.02748   0.04006   0.02754   0.06099   0.03349   0.02115   0.03437   0.00815   0.05568   0.07146   0.04088   0.07405   0.03047   2.00000   1.09989   0.02896   0.27919  
  2 280.8914    440.196375  x:  0.00000   0.00000   0.03716   0.00475   0.04482   0.04426   0.01558   0.02109   0.04393   0.02011   0.03016   0.00944   0.00819   0.00201   0.00467   0.03834   0.03451   0.02392   0.02898   0.01643   0.05088   0.02744   0.02277   0.03670   0.00500   0.04469   0.07494   0.03576   0.06839   0.03362   2.00036   1.10020   0.02866   0.27307  
  3 17740.5195    437.691562  x:  0.00000   0.00000   0.03516   0.00277   0.04284   0.04226   0.01339   0.01909   0.04196   0.01929   0.02819   0.00743   0.00619   0.00000   0.00266   0.03634   0.03251   0.02254   0.02698   0.01443   0.04930   0.02493   0.02158   0.03752   0.00408   0.04271   0.07641   0.03489   0.06709   0.03430   2.00044   1.10017   0.02870   0.27035  
  4 2886.8997    434.589297  x:  0.00000   0.00000   0.03252   0.00020   0.04027   0.03961   0.01029   0.01644   0.03940   0.01955   0.02564   0.00478   0.00353   0.00000   0.00000   0.03369   0.02986   0.02179   0.02432   0.01178   0.04744   0.02230   0.02205   0.03807   0.00633   0.04008   0.07855   0.03474   0.06498   0.03270   2.00055   1.09996   0.02894   0.26314  
  5 1023.4522    434.379051  x:  0.00000   0.00000   0.03232   0.00000   0.04007   0.03942   0.01006   0.01624   0.03921   0.01957   0.02545   0.00458   0.00333   0.00000   0.00000   0.03349   0.02967   0.02183   0.02413   0.01158   0.04740   0.02211   0.02204   0.03793   0.00646   0.03989   0.07860   0.03476   0.06485   0.03272   2.00056   1.09995   0.02895   0.26257  
  6 2362.5917    431.134318  x:  0.00000   0.00000   0.02902   0.00000   0.03683   0.03611   0.00610   0.01292   0.03599   0.01953   0.02223   0.00125   0.00000   0.00000   0.00000   0.03018   0.02635   0.02204   0.02081   0.00827   0.04772   0.01879   0.02191   0.03591   0.00915   0.03666   0.07894   0.03496   0.06317   0.03282   2.00069   1.09977   0.02916   0.25351  
  7 22255.6740    429.976574  x:  0.00000   0.00000   0.02778   0.00000   0.03560   0.03487   0.00459   0.01167   0.03479   0.01908   0.02103   0.00000   0.00000   0.00000   0.00000   0.02893   0.02511   0.02191   0.01956   0.00702   0.04750   0.01812   0.02166   0.03533   0.01030   0.03544   0.07874   0.03510   0.06255   0.03311   2.00074   1.09969   0.02926   0.24978  
  8 6561.0644    426.801956  x:  0.00000   0.00000   0.02410   0.00000   0.03183   0.03119   0.00000   0.00798   0.03123   0.01882   0.01748   0.00000   0.00000   0.00000   0.00000   0.02525   0.02143   0.02090   0.01587   0.00334   0.04727   0.01646   0.02190   0.03477   0.01043   0.03181   0.07616   0.03569   0.06174   0.03240   2.00088   1.09949   0.02951   0.23784  
  9 2303.2741    424.318246  x:  0.00000   0.00000   0.02078   0.00000   0.02834   0.02787   0.00000   0.00464   0.02799   0.01984   0.01424   0.00000   0.00000   0.00000   0.00000   0.02192   0.01810   0.02147   0.01253   0.00000   0.04801   0.01642   0.02122   0.03593   0.01057   0.02853   0.07542   0.03561   0.06220   0.03276   2.00098   1.09953   0.02951   0.22778  
 10 2279.3058    421.210639  x:  0.00000   0.00000   0.01618   0.00000   0.02342   0.02328   0.00000   0.00000   0.02342   0.01915   0.00967   0.00000   0.00000   0.00000   0.00000   0.01731   0.01348   0.02182   0.00789   0.00000   0.04968   0.01744   0.02085   0.03605   0.00989   0.02399   0.07631   0.03542   0.06345   0.03204   2.00110   1.09987   0.02923   0.21469  
 11 3686.7509    416.391599  x:  0.00000   0.00000   0.00836   0.00000   0.01494   0.01548   0.00000   0.00000   0.01544   0.02064   0.00169   0.00000   0.00000   0.00000   0.00000   0.00949   0.00564   0.01911   0.00000   0.00000   0.05150   0.01932   0.02014   0.03508   0.00936   0.01621   0.07799   0.03640   0.06468   0.03214   2.00119   1.10137   0.02781   0.19506  
 12 3513.6734    415.483474  x:  0.00000   0.00000   0.00675   0.00000   0.01317   0.01388   0.00000   0.00000   0.01377   0.02067   0.00000   0.00000   0.00000   0.00000   0.00000   0.00788   0.00401   0.01895   0.00000   0.00000   0.05172   0.01945   0.02005   0.03509   0.00926   0.01460   0.07817   0.03665   0.06477   0.03212   2.00120   1.10178   0.02741   0.19131  
 13 7793.4819    413.567274  x:  0.00000   0.00000   0.00275   0.00000   0.00878   0.00989   0.00000   0.00000   0.00972   0.02053   0.00000   0.00000   0.00000   0.00000   0.00000   0.00388   0.00000   0.01871   0.00000   0.00000   0.05255   0.01972   0.02002   0.03559   0.00882   0.01061   0.07902   0.03977   0.06510   0.03234   2.00123   1.10277   0.02646   0.18164  
 14 3162.3568    412.332564  x:  0.00000   0.00000   0.00000   0.00000   0.00563   0.00716   0.00000   0.00000   0.00730   0.02058   0.00000   0.00000   0.00000   0.00000   0.00000   0.00114   0.00000   0.01845   0.00000   0.00000   0.05292   0.01983   0.01982   0.03556   0.00869   0.00784   0.07936   0.04004   0.06509   0.03229   2.00126   1.10393   0.02532   0.17342  
 15 508.1863    411.892970  x:  0.00000   0.00000   0.00000   0.00000   0.00434   0.00602   0.00000   0.00000   0.00624   0.02061   0.00000   0.00000   0.00000   0.00000   0.00000   0.00000   0.00000   0.01833   0.00000   0.00000   0.05321   0.01998   0.01972   0.03558   0.00857   0.00672   0.07951   0.04012   0.06482   0.03226   2.00128   1.10416   0.02510   0.16998  
 16 5119.8490    410.637229  x:  0.00000   0.00000   0.00000   0.00000   0.00000   0.00215   0.00000   0.00000   0.00255   0.02071   0.00000   0.00000   0.00000   0.00000   0.00000   0.00000   0.00000   0.01788   0.00000   0.00000   0.05363   0.02014   0.01940   0.03551   0.00836   0.00298   0.08004   0.04039   0.06501   0.03217   2.00136   1.10462   0.02467   0.15811  
 17 7238.4212    410.158888  x:  0.00000   0.00000   0.00000   0.00000   0.00000   0.00000   0.00000   0.00000   0.00065   0.02074   0.00000   0.00000   0.00000   0.00000   0.00000   0.00000   0.00000   0.01770   0.00000   0.00000   0.05369   0.02014   0.01927   0.03547   0.00830   0.00093   0.08026   0.04051   0.06528   0.03214   2.00142   1.10430   0.02500   0.15380  
 18 925.7342    410.049935  x:  0.00000   0.00000   0.00000   0.00000   0.00000   0.00000   0.00000   0.00000   0.00000   0.02075   0.00000   0.00000   0.00000   0.00000   0.00000   0.00000   0.00000   0.01765   0.00000   0.00000   0.05373   0.02015   0.01924   0.03546   0.00828   0.00025   0.08031   0.04054   0.06533   0.03214   2.00144   1.10424   0.02507   0.15262  
 19 1684.4653    410.033008  x:  0.00000   0.00000   0.00000   0.00000   0.00000   0.00000   0.00000   0.00000   0.00000   0.02075   0.00000   0.00000   0.00000   0.00000   0.00000   0.00000   0.00000   0.01764   0.00000   0.00000   0.05373   0.02014   0.01924   0.03546   0.00829   0.00000   0.08032   0.04054   0.06533   0.03214   2.00145   1.10422   0.02508   0.15256  
 20 62.8844    407.504901  x:  0.00000   0.00000   0.00000   0.00000   0.00000   0.00000   0.00000   0.00000   0.00000   0.01876   0.00000   0.00000   0.00000   0.00000   0.00000   0.00000   0.00000   0.01843   0.00000   0.00000   0.03439   0.00000   0.01919   0.03238   0.01440   0.00000   0.08684   0.03355   0.04798   0.03503   2.04843   1.10989   0.01666   0.14282  
 21  2.5909    406.648019  x:  0.00000   0.00000   0.00000   0.00000   0.00000   0.00000   0.00000   0.00000   0.00000   0.01882   0.00000   0.00000   0.00000   0.00000   0.00000   0.00000   0.00000   0.01986   0.00000   0.00000   0.02292   0.00000   0.01885   0.02034   0.03090   0.00000   0.09248   0.02859   0.02983   0.03630   2.11451   1.11029   0.01388   0.12360  
 22  5.5463    404.389081  x:  0.00000   0.00000   0.00000   0.00000   0.00000   0.00000   0.00000   0.00000   0.00000   0.01807   0.00000   0.00000   0.00000   0.00000   0.00000   0.00000   0.00000   0.00493   0.00000   0.00000   0.02402   0.00000   0.01337   0.02008   0.02971   0.00000   0.09209   0.01125   0.02858   0.03435   2.39368   1.19639  -0.07518   0.05440  
 23  3.0855    404.324096  x:  0.00450   0.00000   0.00000   0.00000   0.00000   0.00000   0.00000   0.00000   0.00000   0.01801   0.00000   0.00000   0.00000   0.00000   0.00000   0.00000   0.00000   0.00380   0.00000   0.00000   0.02409   0.00000   0.01295   0.02006   0.02962   0.00000   0.09207   0.00995   0.02849   0.03419   2.41522   1.20294  -0.08196   0.04908  
 24 154.1370    403.013483  x:  0.01500   0.00000   0.00000   0.00000   0.00000   0.00000   0.00000   0.00000   0.00000   0.01581   0.00000   0.00000   0.00000   0.00000   0.00000   0.00000   0.00000   0.00438   0.00000   0.00000   0.02302   0.00000   0.00835   0.01764   0.02756   0.00000   0.09430   0.00097   0.03230   0.03022   2.69746   1.20641  -0.08545   0.00000  
 25  3.0302    402.825878  x:  0.01639   0.00000   0.00000   0.00000   0.00000   0.00000   0.00000   0.00000   0.00000   0.01570   0.00000   0.00000   0.00000   0.00000   0.00000   0.00000   0.00000   0.00455   0.00000   0.00000   0.02301   0.00000   0.00878   0.01774   0.02724   0.00000   0.09585   0.00000   0.03298   0.03067   2.75150   1.20663  -0.08511   0.00000  
 26  2.7292    401.517993  x:  0.00000   0.00000   0.00000   0.00000   0.00000   0.00000   0.00000   0.00000   0.00000   0.02089   0.00000   0.00000   0.00000   0.00000   0.00000   0.00000   0.00000   0.00690   0.00000   0.00000   0.01918   0.00000   0.00824   0.02399   0.02571   0.00000   0.10824   0.01965   0.02972   0.03482   2.77408   1.29493  -0.16535   0.00000  
 27  0.6355    400.470902  x:  0.00000   0.00000   0.00000   0.00000   0.00000   0.00000   0.00000   0.00000   0.00000   0.02056   0.00000   0.00000   0.00000   0.00000   0.00000   0.00000   0.00000   0.00746   0.00000   0.00000   0.01899   0.00000   0.01056   0.02665   0.01894   0.00000   0.12373   0.00702   0.03215   0.04113   3.18011   1.36506  -0.22714   0.00000  
 28  1.5944    399.753365  x:  0.01140   0.00000   0.00000   0.00000   0.00000   0.00000   0.00000   0.00000   0.00000   0.02037   0.00000   0.00000   0.00000   0.00000   0.00000   0.00000   0.00000   0.00778   0.00000   0.00000   0.01888   0.00000   0.01186   0.02813   0.01514   0.00000   0.13239   0.00000   0.03351   0.04466   3.40745   1.40438  -0.26180   0.00000  
 29 1687.8638    398.920641  x:  0.00463   0.00000   0.00000   0.00000   0.00000   0.00000   0.00000   0.00000   0.00000   0.01290   0.00000   0.00000   0.00000   0.00000   0.00000   0.00000   0.00000   0.00984   0.00000   0.00000   0.00807   0.00000   0.01678   0.03402   0.01572   0.00000   0.12346   0.00771   0.03186   0.04943   3.64738   1.45196  -0.31162   0.00000  
 30  0.5410    397.996798  x:  0.00000   0.00000   0.00000   0.00000   0.00000   0.00000   0.00000   0.00000   0.00000   0.00780   0.00000   0.00000   0.00000   0.00000   0.00000   0.00000   0.00000   0.01125   0.00000   0.00000   0.00070   0.00648   0.02014   0.03803   0.01612   0.00000   0.11736   0.01297   0.03074   0.05268   3.81104   1.48442  -0.34560   0.00000  
 31 4886.9747    397.996798  x:  0.00000   0.00000   0.00000   0.00000   0.00000   0.00000   0.00000   0.00000   0.00000   0.00780   0.00000   0.00000   0.00000   0.00000   0.00000   0.00000   0.00000   0.01125   0.00000   0.00000   0.00070   0.00648   0.02014   0.03803   0.01612   0.00000   0.11736   0.01297   0.03074   0.05268   3.81104   1.48442  -0.34560   0.00000  
 32  4.4309    396.570698  x:  0.00522   0.00000   0.00000   0.00000   0.00000   0.00000   0.00000   0.00000   0.00000   0.02598   0.00000   0.00000   0.00000   0.00000   0.00000   0.00000   0.00000   0.01880   0.00000   0.00000   0.00253   0.02981   0.03069   0.04259   0.00000   0.00000   0.11531   0.01818   0.03140   0.05227   3.81109   1.48507  -0.34625   0.00000  
 33 136.8837    396.430353  x:  0.00507   0.00000   0.00000   0.00000   0.00000   0.00000   0.00000   0.00000   0.00000   0.02649   0.00000   0.00000   0.00000   0.00000   0.00000   0.00000   0.00000   0.01912   0.00000   0.00000   0.00000   0.03052   0.03182   0.04345   0.00000   0.00000   0.11490   0.01803   0.03153   0.05227   3.81111   1.48521  -0.34639   0.00000  
 34 53.8018    396.070551  x:  0.00000   0.00000   0.00000   0.00000   0.00000   0.00000   0.00000   0.00000   0.00000   0.01815   0.00000   0.00000   0.00000   0.00000   0.00000   0.00000   0.00000   0.01696   0.00000   0.00000   0.00000   0.02003   0.03409   0.04713   0.00000   0.00000   0.11360   0.01297   0.03205   0.05256   3.81116   1.48567  -0.34685   0.00000  
 35 18.9244    395.997523  x:  0.00198   0.00000   0.00000   0.00000   0.00000   0.00000   0.00000   0.00000   0.00000   0.01564   0.00000   0.00000   0.00000   0.00000   0.00000   0.00000   0.00000   0.01666   0.00000   0.00000   0.00000   0.01621   0.03575   0.04948   0.00000   0.00000   0.11216   0.01494   0.03243   0.05254   3.81121   1.48622  -0.34740   0.00000  
 36 34.5092    395.967993  x:  0.00191   0.00000   0.00000   0.00000   0.00000   0.00000   0.00000   0.00000   0.00000   0.01754   0.00000   0.00000   0.00000   0.00000   0.00000   0.00000   0.00000   0.01577   0.00000   0.00000   0.00000   0.01525   0.03342   0.05255   0.00000   0.00000   0.10558   0.01487   0.03234   0.05213   3.81152   1.48928  -0.35046   0.00000  
 37  7.3461    395.950135  x:  0.00190   0.00000   0.00000   0.00000   0.00000   0.00000   0.00000   0.00000   0.00000   0.01578   0.00000   0.00000   0.00000   0.00000   0.00000   0.00000   0.00000   0.01659   0.00000   0.00000   0.00000   0.01664   0.03244   0.05312   0.00000   0.00000   0.10068   0.01486   0.03216   0.05185   3.81182   1.49237  -0.35355   0.00000  
 38 12.5814    395.923470  x:  0.00177   0.00000   0.00000   0.00000   0.00000   0.00000   0.00000   0.00000   0.00000   0.01615   0.00000   0.00000   0.00000   0.00000   0.00000   0.00000   0.00000   0.01649   0.00000   0.00000   0.00000   0.01573   0.03474   0.04885   0.00000   0.00000   0.09474   0.01474   0.03173   0.05154   3.81264   1.50067  -0.36185   0.00000  
 39  8.2829    395.787709  x:  0.00189   0.00000   0.00000   0.00000   0.00000   0.00000   0.00000   0.00000   0.00000   0.01514   0.00000   0.00000   0.00000   0.00000   0.00000   0.00000   0.00000   0.01091   0.00000   0.00000   0.00000   0.01795   0.03602   0.04892   0.00000   0.00000   0.09369   0.01485   0.03378   0.05098   3.81820   1.55685  -0.41804   0.00000  
 40 10.4176    395.286006  x:  0.00104   0.00000   0.00000   0.00000   0.00000   0.00000   0.00000   0.00000   0.00000   0.01528   0.00000   0.00000   0.00000   0.00000   0.00000   0.00000   0.00000   0.01671   0.00000   0.00000   0.00000   0.01467   0.03319   0.04899   0.00000   0.00000   0.09413   0.01399   0.03800   0.04865   3.84201   1.79704  -0.65822   0.00000  
 41 313.1778    395.222294  x:  0.00109   0.00000   0.00000   0.00000   0.00000   0.00000   0.00000   0.00000   0.00000   0.01503   0.00000   0.00000   0.00000   0.00000   0.00000   0.00000   0.00000   0.01631   0.00000   0.00000   0.00000   0.01459   0.03355   0.04995   0.00000   0.00000   0.09460   0.01405   0.02965   0.04833   3.84480   1.82398  -0.68517   0.00000  
 42 57.1923    395.222109  x:  0.00110   0.00000   0.00000   0.00000   0.00000   0.00000   0.00000   0.00000   0.00000   0.01504   0.00000   0.00000   0.00000   0.00000   0.00000   0.00000   0.00000   0.01631   0.00000   0.00000   0.00000   0.01460   0.03354   0.04994   0.00000   0.00000   0.09457   0.01406   0.02963   0.04888   3.84545   1.82407  -0.68525   0.00000  
 43  0.2537    395.168499  x:  0.00206   0.00000   0.00000   0.00000   0.00000   0.00000   0.00000   0.00000   0.00000   0.01609   0.00000   0.00000   0.00000   0.00000   0.00000   0.00000   0.00000   0.01558   0.00000   0.00000   0.00000   0.01634   0.03072   0.04463   0.00000   0.00000   0.09398   0.01500   0.02912   0.04790   4.09471   1.84781  -0.70899   0.00000  
 44  0.7826    395.148066  x:  0.00173   0.00000   0.00000   0.00000   0.00000   0.00000   0.00000   0.00000   0.00000   0.01452   0.00000   0.00000   0.00000   0.00000   0.00000   0.00000   0.00000   0.01483   0.00000   0.00000   0.00000   0.01474   0.02970   0.04480   0.00000   0.00000   0.09360   0.01467   0.02929   0.04797   4.32992   1.85335  -0.71452   0.00000  
 45  0.1866    395.137669  x:  0.00178   0.00000   0.00000   0.00000   0.00000   0.00000   0.00000   0.00000   0.00000   0.01528   0.00000   0.00000   0.00000   0.00000   0.00000   0.00000   0.00000   0.01497   0.00000   0.00000   0.00000   0.01531   0.03130   0.04656   0.00000   0.00000   0.09401   0.01474   0.02947   0.04806   4.52466   1.84679  -0.70796   0.00000  
 46  0.1538    395.136772  x:  0.00169   0.00000   0.00000   0.00000   0.00000   0.00000   0.00000   0.00000   0.00000   0.01527   0.00000   0.00000   0.00000   0.00000   0.00000   0.00000   0.00000   0.01524   0.00000   0.00000   0.00000   0.01530   0.03111   0.04591   0.00000   0.00000   0.09391   0.01467   0.02925   0.04807   4.57539   1.84385  -0.70501   0.00000  
 47  0.0427    395.136752  x:  0.00170   0.00000   0.00000   0.00000   0.00000   0.00000   0.00000   0.00000   0.00000   0.01525   0.00000   0.00000   0.00000   0.00000   0.00000   0.00000   0.00000   0.01528   0.00000   0.00000   0.00000   0.01530   0.03105   0.04599   0.00000   0.00000   0.09394   0.01469   0.02931   0.04807   4.57867   1.84358  -0.70473   0.00000  
 48  0.0036    395.136752  x:  0.00170   0.00000   0.00000   0.00000   0.00000   0.00000   0.00000   0.00000   0.00000   0.01525   0.00000   0.00000   0.00000   0.00000   0.00000   0.00000   0.00000   0.01529   0.00000   0.00000   0.00000   0.01529   0.03105   0.04600   0.00000   0.00000   0.09395   0.01470   0.02930   0.04807   4.57882   1.84361  -0.70476   0.00000  
 49  0.0002    395.136752  x:  0.00169   0.00000   0.00000   0.00000   0.00000   0.00000   0.00000   0.00000   0.00000   0.01525   0.00000   0.00000   0.00000   0.00000   0.00000   0.00000   0.00000   0.01529   0.00000   0.00000   0.00000   0.01529   0.03105   0.04600   0.00000   0.00000   0.09394   0.01470   0.02930   0.04807   4.57879   1.84361  -0.70476   0.00000  
 50  0.0000    395.136752  x:  0.00169   0.00000   0.00000   0.00000   0.00000   0.00000   0.00000   0.00000   0.00000   0.01525   0.00000   0.00000   0.00000   0.00000   0.00000   0.00000   0.00000   0.01529   0.00000   0.00000   0.00000   0.01529   0.03105   0.04600   0.00000   0.00000   0.09394   0.01470   0.02930   0.04807   4.57879   1.84362  -0.70476   0.00000  
 51  0.0000    395.136752  x:  0.00169   0.00000   0.00000   0.00000   0.00000   0.00000   0.00000   0.00000   0.00000   0.01525   0.00000   0.00000   0.00000   0.00000   0.00000   0.00000   0.00000   0.01529   0.00000   0.00000   0.00000   0.01529   0.03105   0.04600   0.00000   0.00000   0.09394   0.01470   0.02930   0.04807   4.57879   1.84362  -0.70476   0.00000  
 52  0.0000    395.136752  x:  0.00169   0.00000   0.00000   0.00000   0.00000   0.00000   0.00000   0.00000   0.00000   0.01525   0.00000   0.00000   0.00000   0.00000   0.00000   0.00000   0.00000   0.01529   0.00000   0.00000   0.00000   0.01529   0.03105   0.04600   0.00000   0.00000   0.09394   0.01470   0.02930   0.04807   4.57879   1.84362  -0.70476   0.00000  
 53  0.0000    395.136752  x:  0.00169   0.00000   0.00000   0.00000   0.00000   0.00000   0.00000   0.00000   0.00000   0.01525   0.00000   0.00000   0.00000   0.00000   0.00000   0.00000   0.00000   0.01529   0.00000   0.00000   0.00000   0.01529   0.03105   0.04600   0.00000   0.00000   0.09394   0.01470   0.02930   0.04807   4.57879   1.84362  -0.70476   0.00000  
check convergence!
