Supplemental results for CODEML (seqf: /Users/YY/Desktop/get/branch_site/modify/modify_trim_muscle_psbM.fa  treef: /Users/YY/Desktop/get/branch_site/16gene_topu.tree)


dN/dS (w) for site classes (K=4)

site class             0        1       2a       2b
proportion       0.62475  0.18350  0.14821  0.04353
background w     0.00000  1.00000  0.00000  1.00000
foreground w     0.00000  1.00000  1.00000  1.00000

Naive Empirical Bayes (NEB) probabilities for 4 classes
(amino acids refer to 1st sequence: NC_029391)

   1 M   0.68692 0.12134 0.16296 0.02879 ( 1)
   2 E   0.67429 0.13397 0.15996 0.03178 ( 1)
   3 V   0.66881 0.13945 0.15866 0.03308 ( 1)
   4 N   0.70431 0.10395 0.16708 0.02466 ( 1)
   5 I   0.69731 0.11094 0.16542 0.02632 ( 1)
   6 L   0.69191 0.11635 0.16414 0.02760 ( 1)
   7 A   0.65940 0.14885 0.15643 0.03531 ( 1)
   8 F   0.69538 0.11288 0.16496 0.02678 ( 1)
   9 I   0.69731 0.11094 0.16542 0.02632 ( 1)
  10 A   0.67798 0.13028 0.16084 0.03091 ( 1)
  11 T   0.68905 0.11921 0.16346 0.02828 ( 1)
  12 A   0.65940 0.14885 0.15643 0.03531 ( 1)
  13 L   0.63896 0.16930 0.15158 0.04016 ( 1)
  14 F   0.64089 0.16737 0.15204 0.03971 ( 1)
  15 I   0.68657 0.12168 0.16288 0.02887 ( 1)
  16 L   0.66546 0.14280 0.15787 0.03388 ( 1)
  17 V   0.69118 0.11707 0.16397 0.02777 ( 1)
  18 P   0.67472 0.13354 0.16006 0.03168 ( 1)
  19 T   0.68905 0.11921 0.16346 0.02828 ( 1)
  20 A   0.67798 0.13028 0.16084 0.03091 ( 1)
  21 F   0.69538 0.11288 0.16496 0.02678 ( 1)
  22 L   0.63896 0.16930 0.15158 0.04016 ( 1)
  23 L   0.69191 0.11635 0.16414 0.02760 ( 1)
  24 I   0.64134 0.16692 0.15215 0.03960 ( 1)
  25 I   0.69731 0.11094 0.16542 0.02632 ( 1)
  26 Y   0.67806 0.13020 0.16085 0.03089 ( 1)
  27 V   0.66881 0.13945 0.15866 0.03308 ( 1)
  28 K   0.68645 0.12181 0.16285 0.02890 ( 1)
  29 T   0.66723 0.14103 0.15829 0.03346 ( 1)
  30 E   0.67429 0.13397 0.15996 0.03178 ( 1)
  31 S   0.00000 0.80826 0.00000 0.19174 ( 2)
  32 Q   0.67078 0.13748 0.15913 0.03261 ( 1)
  33 N   0.70431 0.10395 0.16708 0.02466 ( 1)
  34 Q   0.00000 0.80826 0.00000 0.19174 ( 2)
  35 N   0.70431 0.10395 0.16708 0.02466 ( 1)
  36 K   0.00000 0.80825 0.00000 0.19174 ( 2)
  37 K   0.66271 0.14555 0.15721 0.03453 ( 1)
  38 D   0.69300 0.11526 0.16440 0.02734 ( 1)


lnL =  -174.215922

