

TREE # 1

  0  0.0000    210.823379  x:  0.00000   0.01684   0.06092   0.02774   0.07079   0.06988   0.03449   0.04051   0.06932   0.02017   0.05215   0.02606   0.03256   0.01663   0.01998   0.06243   0.05760   0.02675   0.05069   0.03487   0.07191   0.03791   0.01289   0.02081   0.00887   0.07233   0.05706   0.04088   0.08544   0.02974   2.00000   1.09989   0.02896   0.27919  
  1 99.0000    210.822694  x:  0.00000   0.01684   0.06092   0.02774   0.07079   0.06988   0.03449   0.04051   0.06932   0.02017   0.05214   0.02606   0.03256   0.01662   0.01998   0.06243   0.05760   0.02675   0.05068   0.03487   0.07191   0.03791   0.01289   0.02081   0.00887   0.07233   0.05706   0.04088   0.08544   0.02974   2.00000   1.09989   0.02896   0.27919  
  2 161.4754    203.793585  x:  0.00000   0.00796   0.05258   0.02795   0.06194   0.06099   0.02517   0.03160   0.06043   0.01119   0.04322   0.01709   0.03225   0.00764   0.01099   0.05352   0.04869   0.01787   0.04243   0.02602   0.06313   0.02906   0.00399   0.01192   0.00000   0.06355   0.05803   0.03217   0.08025   0.03559   1.99980   1.09962   0.02924   0.27505  
  3 17650.4830    200.575546  x:  0.00000   0.00407   0.04988   0.02825   0.05798   0.05686   0.02021   0.02763   0.05630   0.00704   0.03908   0.01295   0.03335   0.00351   0.00684   0.04938   0.04456   0.01393   0.03983   0.02209   0.05914   0.02506   0.00000   0.00792   0.00000   0.05963   0.06285   0.02797   0.07586   0.03507   1.99957   1.09822   0.03069   0.25791  
  4 307.8913    198.015446  x:  0.00000   0.00089   0.04789   0.02837   0.05464   0.05338   0.01564   0.02424   0.05281   0.00353   0.03558   0.00944   0.03115   0.00000   0.00333   0.04588   0.04107   0.01061   0.03792   0.01890   0.05591   0.02182   0.00000   0.00466   0.00000   0.05648   0.05940   0.02441   0.07393   0.03469   1.99937   1.09696   0.03200   0.24160  
  5 784.6641    197.317039  x:  0.00000   0.00000   0.04743   0.02838   0.05358   0.05230   0.01396   0.02314   0.05173   0.00242   0.03449   0.00834   0.03297   0.00000   0.00222   0.04479   0.03998   0.00955   0.03748   0.01801   0.05504   0.02093   0.00000   0.00376   0.00000   0.05566   0.05803   0.02335   0.07496   0.03465   1.99934   1.09669   0.03227   0.23723  
  6 455.4575    196.111726  x:  0.00000   0.00000   0.04690   0.02846   0.05146   0.05022   0.00997   0.02085   0.04965   0.00020   0.03237   0.00615   0.03260   0.00000   0.00000   0.04270   0.03788   0.00740   0.03699   0.01653   0.05369   0.01949   0.00000   0.00227   0.00000   0.05444   0.05837   0.02149   0.07955   0.03468   1.99935   1.09654   0.03240   0.23084  
  7 332.8489    196.011110  x:  0.00000   0.00000   0.04688   0.02842   0.05126   0.05004   0.00956   0.02063   0.04947   0.00000   0.03218   0.00595   0.03259   0.00000   0.00000   0.04251   0.03770   0.00720   0.03698   0.01642   0.05359   0.01938   0.00000   0.00216   0.00000   0.05436   0.05836   0.02136   0.07968   0.03469   1.99936   1.09655   0.03238   0.23040  
  8 607.9653    194.182108  x:  0.00000   0.00000   0.04623   0.02365   0.04751   0.04648   0.00160   0.01645   0.04591   0.00000   0.02850   0.00210   0.03241   0.00000   0.00000   0.03891   0.03407   0.00333   0.03635   0.01428   0.05177   0.01735   0.00000   0.00000   0.00000   0.05284   0.05833   0.01881   0.08246   0.03492   1.99949   1.09676   0.03209   0.22139  
  9 1837.9327    193.781938  x:  0.00000   0.00000   0.04536   0.02366   0.04684   0.04574   0.00000   0.01592   0.04517   0.00000   0.02774   0.00131   0.03239   0.00000   0.00000   0.03816   0.03332   0.00265   0.03548   0.01383   0.05143   0.01699   0.00000   0.00000   0.00000   0.05256   0.05828   0.01827   0.08290   0.03507   1.99947   1.09693   0.03196   0.21890  
 10 97.6060    193.208824  x:  0.00000   0.00000   0.04397   0.02368   0.04572   0.04451   0.00000   0.01503   0.04393   0.00000   0.02648   0.00000   0.03235   0.00000   0.00000   0.03690   0.03208   0.00152   0.03410   0.01307   0.05086   0.01637   0.00000   0.00000   0.00000   0.05208   0.05819   0.01735   0.08365   0.03531   1.99945   1.09722   0.03174   0.21473  
 11 178619.1649    192.558607  x:  0.00000   0.00000   0.04222   0.02372   0.04423   0.04294   0.00000   0.01438   0.04237   0.00000   0.02487   0.00000   0.03230   0.00000   0.00000   0.03531   0.03049   0.00000   0.03236   0.01213   0.05016   0.01560   0.00000   0.00000   0.00000   0.05150   0.05809   0.01630   0.08447   0.03558   1.99944   1.09763   0.03152   0.21011  
 12 752.3804    184.582236  x:  0.00000   0.00000   0.01917   0.02432   0.02488   0.02204   0.00000   0.00505   0.02146   0.00000   0.00339   0.00000   0.03169   0.00000   0.00000   0.01408   0.00936   0.00000   0.00968   0.00000   0.04128   0.00584   0.00000   0.00000   0.00000   0.04429   0.05673   0.00259   0.09593   0.03927   1.99926   1.10345   0.02826   0.14544  
 13 3813.0361    184.218799  x:  0.00000   0.00000   0.02065   0.02404   0.02111   0.02140   0.00000   0.00491   0.02085   0.00000   0.00300   0.00000   0.03163   0.00000   0.00000   0.01355   0.00887   0.00000   0.01128   0.00000   0.03969   0.00473   0.00000   0.00000   0.00000   0.04266   0.05666   0.00000   0.09637   0.03960   1.99870   1.10260   0.02929   0.14298  
 14 20.1834    182.443420  x:  0.00000   0.00000   0.02048   0.02298   0.00000   0.01877   0.00000   0.00598   0.01838   0.00000   0.00187   0.00000   0.03123   0.00000   0.00000   0.01157   0.00725   0.00000   0.01282   0.00000   0.03205   0.00002   0.00000   0.00000   0.00000   0.03493   0.05608   0.00000   0.10052   0.04239   1.99418   1.09523   0.03807   0.11902  
 15 112.8472    182.437428  x:  0.00000   0.00000   0.02049   0.02298   0.00000   0.01875   0.00000   0.00597   0.01836   0.00000   0.00185   0.00000   0.03123   0.00000   0.00000   0.01156   0.00724   0.00000   0.01281   0.00000   0.03202   0.00000   0.00000   0.00000   0.00000   0.03490   0.05607   0.00000   0.10053   0.04240   1.99417   1.09522   0.03807   0.11896  
 16 49.2312    181.643002  x:  0.00000   0.00000   0.02477   0.02265   0.00000   0.01596   0.00000   0.00549   0.01572   0.00000   0.00000   0.00000   0.03103   0.00000   0.00000   0.00923   0.00498   0.00000   0.00742   0.00000   0.02789   0.00000   0.00000   0.00000   0.00000   0.03081   0.05577   0.00000   0.10353   0.04347   1.99227   1.09515   0.03881   0.10391  
 17 141.3093    180.156505  x:  0.00000   0.00000   0.02793   0.02195   0.00000   0.00990   0.00000   0.00458   0.01003   0.00000   0.00000   0.00000   0.03064   0.00000   0.00000   0.00416   0.00000   0.00000   0.00175   0.00000   0.02045   0.00000   0.00000   0.00000   0.00000   0.02357   0.05513   0.00000   0.10985   0.04559   1.98867   1.09658   0.03870   0.07195  
 18 643.4707    178.966171  x:  0.00000   0.00000   0.02601   0.02185   0.00000   0.00731   0.00000   0.00000   0.00727   0.00000   0.00000   0.00000   0.03057   0.00000   0.00000   0.00145   0.00000   0.00000   0.00039   0.00000   0.01106   0.00000   0.00000   0.00000   0.00000   0.01381   0.05501   0.00000   0.11119   0.04608   1.98678   1.09246   0.04317   0.06682  
 19 33.9572    178.358237  x:  0.00000   0.00000   0.02401   0.02106   0.00000   0.00999   0.00000   0.00000   0.00955   0.00000   0.00000   0.00000   0.03034   0.00000   0.00000   0.00400   0.00000   0.00000   0.00074   0.00000   0.00000   0.00000   0.00000   0.00000   0.00000   0.00188   0.05460   0.00000   0.11528   0.04750   1.98028   1.07405   0.06265   0.05175  
 20 22.8837    178.285960  x:  0.00000   0.00000   0.02399   0.02105   0.00000   0.00994   0.00000   0.00000   0.00944   0.00000   0.00000   0.00000   0.03034   0.00000   0.00000   0.00389   0.00000   0.00000   0.00074   0.00000   0.00000   0.00000   0.00000   0.00000   0.00000   0.00000   0.05459   0.00000   0.11535   0.04753   1.98002   1.07337   0.06334   0.05160  
 21 22.0684    177.933951  x:  0.00000   0.00000   0.02360   0.02082   0.00000   0.00755   0.00000   0.00000   0.00533   0.00000   0.00000   0.00000   0.03027   0.00000   0.00000   0.00000   0.00000   0.00000   0.00080   0.00000   0.00000   0.00000   0.00000   0.00000   0.00000   0.00000   0.05442   0.00000   0.11713   0.04817   1.97242   1.05382   0.08331   0.04863  
 22 3639.2494    177.587675  x:  0.00000   0.00000   0.02337   0.02080   0.00000   0.00305   0.00000   0.00000   0.00000   0.00000   0.00000   0.00000   0.03026   0.00000   0.00000   0.00000   0.00000   0.00000   0.00061   0.00000   0.00000   0.00000   0.00000   0.00000   0.00000   0.00000   0.05438   0.00000   0.11756   0.04833   1.97020   1.04845   0.08878   0.04815  
 23 33.7898    177.473039  x:  0.00000   0.00000   0.02306   0.02076   0.00000   0.00000   0.00000   0.00000   0.00000   0.00000   0.00000   0.00000   0.03025   0.00000   0.00000   0.00000   0.00000   0.00000   0.00033   0.00000   0.00000   0.00000   0.00000   0.00000   0.00000   0.00000   0.05433   0.00000   0.11821   0.04860   1.96648   1.03997   0.09741   0.04750  
 24 70.5379    177.453389  x:  0.00000   0.00000   0.02275   0.02082   0.00000   0.00000   0.00000   0.00000   0.00000   0.00000   0.00000   0.00000   0.03025   0.00000   0.00000   0.00000   0.00000   0.00000   0.00000   0.00000   0.00000   0.00000   0.00000   0.00000   0.00000   0.00000   0.05432   0.00000   0.11828   0.04859   1.96616   1.03926   0.09812   0.04746  
 25  4.2660    176.784151  x:  0.00000   0.00000   0.00000   0.02522   0.00000   0.00000   0.00000   0.00000   0.00000   0.00000   0.00000   0.00000   0.03043   0.00000   0.00000   0.00000   0.00000   0.00000   0.00000   0.00000   0.00000   0.00000   0.00000   0.00000   0.00000   0.00000   0.05340   0.00000   0.12358   0.04775   1.94092   0.98072   0.15670   0.04529  
 26 476.3113    175.193420  x:  0.00000   0.00000   0.00000   0.02985   0.00000   0.00000   0.00000   0.00000   0.00000   0.00000   0.00000   0.00000   0.03038   0.00000   0.00000   0.00000   0.00000   0.00000   0.00000   0.00000   0.00000   0.00000   0.00000   0.00000   0.00000   0.00000   0.05013   0.00000   0.03034   0.06257   1.75081   0.97797   0.15931   0.08161  
 27  0.7691    175.193420  x:  0.00000   0.00000   0.00000   0.02985   0.00000   0.00000   0.00000   0.00000   0.00000   0.00000   0.00000   0.00000   0.03038   0.00000   0.00000   0.00000   0.00000   0.00000   0.00000   0.00000   0.00000   0.00000   0.00000   0.00000   0.00000   0.00000   0.05013   0.00000   0.03034   0.06257   1.75081   0.97797   0.15931   0.08161  
 28  0.8011    175.105776  x:  0.00000   0.00000   0.00000   0.02564   0.00000   0.00000   0.00000   0.00000   0.00000   0.00000   0.00000   0.00000   0.02445   0.00000   0.00000   0.00000   0.00000   0.00000   0.00000   0.00000   0.00000   0.00000   0.00000   0.00000   0.00000   0.00000   0.06062   0.00000   0.02661   0.05679   1.74962   0.97855   0.15873   0.06974  
 29  9.2553    174.861919  x:  0.00000   0.00000   0.00000   0.03369   0.00000   0.00000   0.00000   0.00000   0.00000   0.00000   0.00000   0.00000   0.03731   0.00000   0.00000   0.00000   0.00000   0.00000   0.00000   0.00000   0.00000   0.00000   0.00000   0.00000   0.00000   0.00000   0.08039   0.00000   0.03232   0.04226   1.74276   0.98211   0.15517   0.00000  
 30 12.6244    174.858635  x:  0.00000   0.00000   0.00000   0.03413   0.00000   0.00000   0.00000   0.00000   0.00000   0.00000   0.00000   0.00000   0.03776   0.00000   0.00000   0.00000   0.00000   0.00000   0.00000   0.00000   0.00000   0.00000   0.00000   0.00000   0.00000   0.00000   0.08280   0.00000   0.03308   0.04444   1.74025   0.98352   0.15376   0.00000  
 31  1.2191    174.532132  x:  0.00000   0.00000   0.00000   0.03409   0.00000   0.00000   0.00000   0.00000   0.00000   0.00000   0.00000   0.00000   0.03684   0.00000   0.00000   0.00000   0.00000   0.00000   0.00000   0.00000   0.00000   0.00000   0.00000   0.00000   0.00000   0.00000   0.07158   0.00000   0.01908   0.04994   1.39862   1.17824  -0.04097   0.00000  
 32  1.8025    174.318448  x:  0.00000   0.00000   0.00000   0.02854   0.00000   0.00000   0.00000   0.00000   0.00000   0.00000   0.00000   0.00000   0.02881   0.00000   0.00000   0.00000   0.00000   0.00000   0.00000   0.00000   0.00000   0.00000   0.00000   0.00000   0.00000   0.00000   0.06182   0.00000   0.02820   0.05051   1.14566   1.32207  -0.18479   0.00000  
 33 294.6885    174.308991  x:  0.00000   0.00000   0.00000   0.03145   0.00000   0.00000   0.00000   0.00000   0.00000   0.00000   0.00000   0.00000   0.02636   0.00000   0.00000   0.00000   0.00000   0.00000   0.00000   0.00000   0.00000   0.00000   0.00000   0.00000   0.00000   0.00000   0.06065   0.00000   0.02814   0.05076   1.12614   1.31091  -0.17363   0.00000  
 34  0.6393    174.240321  x:  0.00000   0.00000   0.00000   0.02695   0.00000   0.00000   0.00000   0.00000   0.00000   0.00000   0.00000   0.00000   0.02614   0.00000   0.00000   0.00000   0.00000   0.00000   0.00000   0.00000   0.00000   0.00000   0.00000   0.00000   0.00000   0.00000   0.05251   0.00000   0.02721   0.05400   0.98704   1.22947  -0.09219   0.00000  
 35 25.7922    174.218470  x:  0.00000   0.00000   0.00000   0.02795   0.00000   0.00000   0.00000   0.00000   0.00000   0.00000   0.00000   0.00000   0.02729   0.00000   0.00000   0.00000   0.00000   0.00000   0.00000   0.00000   0.00000   0.00000   0.00000   0.00000   0.00000   0.00000   0.05868   0.00000   0.02788   0.05665   0.90452   1.19057  -0.05329   0.00000  
 36  0.1504    174.216213  x:  0.00000   0.00000   0.00000   0.02864   0.00000   0.00000   0.00000   0.00000   0.00000   0.00000   0.00000   0.00000   0.02818   0.00000   0.00000   0.00000   0.00000   0.00000   0.00000   0.00000   0.00000   0.00000   0.00000   0.00000   0.00000   0.00000   0.05841   0.00000   0.02852   0.05741   0.93633   1.17880  -0.04153   0.00000  
 37  0.0625    174.215933  x:  0.00000   0.00000   0.00000   0.02851   0.00000   0.00000   0.00000   0.00000   0.00000   0.00000   0.00000   0.00000   0.02812   0.00000   0.00000   0.00000   0.00000   0.00000   0.00000   0.00000   0.00000   0.00000   0.00000   0.00000   0.00000   0.00000   0.05816   0.00000   0.02893   0.05803   0.93052   1.18078  -0.04350   0.00000  
 38  0.0050    174.215923  x:  0.00000   0.00000   0.00000   0.02847   0.00000   0.00000   0.00000   0.00000   0.00000   0.00000   0.00000   0.00000   0.02806   0.00000   0.00000   0.00000   0.00000   0.00000   0.00000   0.00000   0.00000   0.00000   0.00000   0.00000   0.00000   0.00000   0.05824   0.00000   0.02894   0.05807   0.93268   1.18094  -0.04366   0.00000  
 39  0.0028    174.215922  x:  0.00000   0.00000   0.00000   0.02850   0.00000   0.00000   0.00000   0.00000   0.00000   0.00000   0.00000   0.00000   0.02806   0.00000   0.00000   0.00000   0.00000   0.00000   0.00000   0.00000   0.00000   0.00000   0.00000   0.00000   0.00000   0.00000   0.05824   0.00000   0.02892   0.05810   0.93281   1.18126  -0.04398   0.00000  
 40  0.0004    174.215922  x:  0.00000   0.00000   0.00000   0.02849   0.00000   0.00000   0.00000   0.00000   0.00000   0.00000   0.00000   0.00000   0.02806   0.00000   0.00000   0.00000   0.00000   0.00000   0.00000   0.00000   0.00000   0.00000   0.00000   0.00000   0.00000   0.00000   0.05824   0.00000   0.02892   0.05810   0.93279   1.18120  -0.04392   0.00000  
 41  0.0001    174.215922  x:  0.00000   0.00000   0.00000   0.02849   0.00000   0.00000   0.00000   0.00000   0.00000   0.00000   0.00000   0.00000   0.02806   0.00000   0.00000   0.00000   0.00000   0.00000   0.00000   0.00000   0.00000   0.00000   0.00000   0.00000   0.00000   0.00000   0.05824   0.00000   0.02892   0.05810   0.93278   1.18120  -0.04392   0.00000  
 42  0.0000    174.215922  x:  0.00000   0.00000   0.00000   0.02849   0.00000   0.00000   0.00000   0.00000   0.00000   0.00000   0.00000   0.00000   0.02806   0.00000   0.00000   0.00000   0.00000   0.00000   0.00000   0.00000   0.00000   0.00000   0.00000   0.00000   0.00000   0.00000   0.05824   0.00000   0.02892   0.05810   0.93278   1.18120  -0.04392   0.00000  