

TREE # 1

  0  0.0000    199.452365  x:  0.00000   0.01415   0.05795   0.01880   0.06734   0.06647   0.03270   0.03867   0.06595   0.01919   0.04961   0.02479   0.02328   0.01586   0.01900   0.05939   0.05483   0.02548   0.04822   0.03317   0.07007   0.04426   0.01249   0.01922   0.00902   0.06775   0.04040   0.04088   0.07374   0.01321   2.00000   1.09989   0.02896   0.27919   2.57308  
  1 99.0000    199.451597  x:  0.00000   0.01415   0.05795   0.01880   0.06734   0.06647   0.03270   0.03867   0.06595   0.01919   0.04961   0.02479   0.02328   0.01586   0.01900   0.05939   0.05483   0.02548   0.04822   0.03317   0.07007   0.04426   0.01249   0.01922   0.00902   0.06775   0.04040   0.04088   0.07374   0.01321   2.00000   1.09989   0.02896   0.27919   2.57308  
  2 176.9931    190.687263  x:  0.00000   0.00516   0.04899   0.00980   0.05839   0.05751   0.02258   0.02969   0.05700   0.01018   0.04063   0.01579   0.01428   0.00686   0.00999   0.05042   0.04586   0.01648   0.03924   0.02418   0.06127   0.03516   0.00361   0.01020   0.00000   0.05878   0.03141   0.03226   0.06479   0.00421   2.00059   1.09784   0.03114   0.24484   2.57305  
  3 546.3056    187.238097  x:  0.00000   0.00142   0.04528   0.00607   0.05470   0.05381   0.01785   0.02598   0.05330   0.00645   0.03692   0.01206   0.01054   0.00312   0.00625   0.04672   0.04215   0.01275   0.03552   0.02045   0.05764   0.04132   0.00000   0.00646   0.00000   0.05508   0.02768   0.02880   0.06111   0.00047   2.00083   1.09696   0.03207   0.22896   2.57304  
  4 871.7863    186.808303  x:  0.00000   0.00096   0.04491   0.00560   0.05435   0.05346   0.01522   0.02556   0.05295   0.00598   0.03653   0.01161   0.01009   0.00265   0.00579   0.04635   0.04178   0.01230   0.03513   0.02002   0.05724   0.04139   0.00000   0.00600   0.00000   0.05473   0.02727   0.02876   0.06078   0.00000   2.00073   1.09713   0.03187   0.22789   2.57304  
  5 50.2269    186.265653  x:  0.00000   0.00000   0.04408   0.00467   0.05354   0.05265   0.01973   0.02469   0.05214   0.00505   0.03568   0.01069   0.00919   0.00174   0.00485   0.04553   0.04093   0.01138   0.03427   0.01913   0.05618   0.04147   0.00000   0.00506   0.00000   0.05392   0.02638   0.02817   0.06000   0.00000   2.00053   1.09860   0.03089   0.22644   2.57290  
  6 45.3311    184.063747  x:  0.00000   0.00000   0.04153   0.00291   0.05078   0.04997   0.01794   0.02248   0.04943   0.00327   0.03330   0.00881   0.00726   0.00000   0.00309   0.04288   0.03846   0.00949   0.03195   0.01705   0.05025   0.04207   0.00000   0.00324   0.00000   0.05117   0.02412   0.02077   0.05698   0.00000   1.99891   1.12005   0.01226   0.21035   2.57188  
  7 20.3981    180.977333  x:  0.00000   0.00000   0.03857   0.00130   0.04732   0.04678   0.01120   0.01999   0.04615   0.00162   0.03061   0.00700   0.00520   0.00000   0.00151   0.03959   0.03560   0.00768   0.02942   0.01490   0.03849   0.04233   0.00000   0.00147   0.00000   0.04783   0.02159   0.00000   0.05292   0.00000   1.99691   1.13404   0.00076   0.20072   2.57100  
  8 30.4271    179.518669  x:  0.00000   0.00000   0.03704   0.00000   0.04568   0.04523   0.00590   0.01850   0.04455   0.00033   0.02914   0.00569   0.00381   0.00000   0.00022   0.03796   0.03411   0.00637   0.02800   0.01351   0.03216   0.04264   0.00000   0.00012   0.00000   0.04623   0.02008   0.00000   0.05109   0.00000   1.99453   1.15094  -0.01308   0.18927   2.56994  
  9 65.2175    179.445300  x:  0.00000   0.00000   0.03698   0.00000   0.04564   0.04519   0.00572   0.01841   0.04450   0.00021   0.02907   0.00558   0.00370   0.00000   0.00010   0.03790   0.03406   0.00626   0.02793   0.01341   0.03171   0.04265   0.00000   0.00000   0.00000   0.04619   0.01999   0.00000   0.05105   0.00000   1.99443   1.15152  -0.01353   0.18889   2.56990  
 10 55.5266    179.296158  x:  0.00000   0.00000   0.03683   0.00000   0.04547   0.04504   0.00506   0.01828   0.04435   0.00011   0.02893   0.00548   0.00358   0.00000   0.00000   0.03773   0.03391   0.00615   0.02780   0.01330   0.03070   0.04267   0.00000   0.00000   0.00000   0.04603   0.01985   0.00000   0.05084   0.00000   1.99408   1.15347  -0.01503   0.18764   2.56978  
 11 128.7928    177.942198  x:  0.00000   0.00000   0.03544   0.00000   0.04347   0.04341   0.00000   0.01742   0.04272   0.00004   0.02795   0.00531   0.00307   0.00000   0.00000   0.03595   0.03256   0.00593   0.02689   0.01275   0.01681   0.04287   0.00000   0.00000   0.00000   0.04426   0.01887   0.00000   0.04815   0.00000   1.99144   1.16789  -0.02590   0.17861   2.56894  
 12 134.2300    177.798126  x:  0.00000   0.00000   0.03528   0.00000   0.04324   0.04323   0.00000   0.01730   0.04254   0.00000   0.02782   0.00526   0.00298   0.00000   0.00000   0.03574   0.03240   0.00587   0.02678   0.01267   0.01510   0.04289   0.00000   0.00000   0.00000   0.04407   0.01874   0.00000   0.04785   0.00000   1.99110   1.16977  -0.02728   0.17745   2.56882  
 13 6345.4443    176.533039  x:  0.00000   0.00000   0.03388   0.00000   0.04134   0.04169   0.00000   0.01622   0.04096   0.00000   0.02672   0.00475   0.00215   0.00000   0.00000   0.03397   0.03104   0.00530   0.02577   0.01186   0.00000   0.04311   0.00000   0.00000   0.00000   0.04241   0.01755   0.00000   0.04531   0.00000   1.98820   1.18614  -0.03916   0.16741   2.56772  
 14 14843.4703    175.096135  x:  0.00000   0.00000   0.03119   0.00000   0.03813   0.03887   0.00000   0.01384   0.03810   0.00000   0.02435   0.00295   0.00000   0.00000   0.00000   0.03088   0.02838   0.00345   0.02348   0.00976   0.00000   0.04325   0.00000   0.00000   0.00000   0.03945   0.01507   0.00000   0.04142   0.00000   1.98572   1.19923  -0.04834   0.15978   2.56684  
 15 134.3593    169.650288  x:  0.00000   0.00000   0.02039   0.00000   0.02284   0.02707   0.00000   0.00590   0.02592   0.00000   0.01634   0.00015   0.00000   0.00000   0.00000   0.01644   0.01799   0.00000   0.01622   0.00414   0.00000   0.04421   0.00000   0.00000   0.00000   0.02624   0.00603   0.00000   0.01988   0.00000   1.96838   1.29143  -0.11597   0.10577   2.56134  
 16 81.8677    169.389897  x:  0.00000   0.00000   0.01988   0.00000   0.02208   0.02653   0.00000   0.00548   0.02535   0.00000   0.01597   0.00000   0.00000   0.00000   0.00000   0.01570   0.01749   0.00000   0.01590   0.00385   0.00000   0.04425   0.00000   0.00000   0.00000   0.02562   0.00555   0.00000   0.01874   0.00000   1.96767   1.29512  -0.11863   0.10362   2.56110  
 17 487.7722    165.867367  x:  0.00000   0.00000   0.01261   0.00000   0.00946   0.01693   0.00000   0.00329   0.01590   0.00000   0.01233   0.00000   0.00000   0.00000   0.00000   0.00501   0.01059   0.00000   0.01290   0.00436   0.00000   0.04515   0.00000   0.00000   0.00000   0.01480   0.00226   0.00000   0.00000   0.00000   1.95063   1.38511  -0.18654   0.05169   2.55625  
 18 77.5555    164.563117  x:  0.00000   0.00000   0.00922   0.00000   0.00342   0.01227   0.00000   0.00248   0.01142   0.00000   0.01073   0.00000   0.00000   0.00000   0.00000   0.00000   0.00727   0.00000   0.01158   0.00484   0.00000   0.04539   0.00000   0.00000   0.00000   0.00962   0.00094   0.00000   0.00000   0.00000   1.94581   1.40949  -0.20515   0.03761   2.55501  
 19 193.1063    164.009736  x:  0.00000   0.00000   0.00755   0.00000   0.00000   0.00990   0.00000   0.00230   0.00910   0.00000   0.01020   0.00000   0.00000   0.00000   0.00000   0.00000   0.00568   0.00000   0.01126   0.00553   0.00000   0.04559   0.00000   0.00000   0.00000   0.00685   0.00040   0.00000   0.00000   0.00000   1.94176   1.43049  -0.22124   0.02565   2.55394  
 20 168.1439    163.769420  x:  0.00000   0.00000   0.00659   0.00000   0.00000   0.00856   0.00000   0.00215   0.00777   0.00000   0.00997   0.00000   0.00000   0.00000   0.00000   0.00000   0.00474   0.00000   0.01118   0.00596   0.00000   0.04565   0.00000   0.00000   0.00000   0.00521   0.00000   0.00000   0.00000   0.00000   1.94040   1.43725  -0.22644   0.02182   2.55361  
 21 237.0661    163.201383  x:  0.00000   0.00000   0.00392   0.00000   0.00000   0.00429   0.00000   0.00278   0.00365   0.00000   0.00997   0.00000   0.00000   0.00000   0.00000   0.00000   0.00212   0.00000   0.01167   0.00863   0.00000   0.04591   0.00000   0.00000   0.00000   0.00000   0.00000   0.00000   0.00000   0.00000   1.93458   1.46553  -0.24840   0.00582   2.55225  
 22 199.9754    163.047423  x:  0.00000   0.00000   0.00265   0.00000   0.00000   0.00218   0.00000   0.00324   0.00161   0.00000   0.01017   0.00000   0.00000   0.00000   0.00000   0.00000   0.00086   0.00000   0.01214   0.01022   0.00000   0.04600   0.00000   0.00000   0.00000   0.00000   0.00000   0.00000   0.00000   0.00000   1.93244   1.47582  -0.25635   0.00000   2.55175  
 23 1062.8864    162.891407  x:  0.00000   0.00000   0.00180   0.00000   0.00000   0.00098   0.00000   0.00309   0.00046   0.00000   0.00986   0.00000   0.00000   0.00000   0.00000   0.00000   0.00000   0.00000   0.01192   0.01048   0.00000   0.04604   0.00000   0.00000   0.00000   0.00000   0.00000   0.00000   0.00000   0.00000   1.93150   1.48019  -0.25981   0.00000   2.55156  
 24 175.3958    162.891407  x:  0.00000   0.00000   0.00180   0.00000   0.00000   0.00098   0.00000   0.00309   0.00046   0.00000   0.00986   0.00000   0.00000   0.00000   0.00000   0.00000   0.00000   0.00000   0.01192   0.01048   0.00000   0.04604   0.00000   0.00000   0.00000   0.00000   0.00000   0.00000   0.00000   0.00000   1.93150   1.48019  -0.25981   0.00000   2.55156  
 25  4.4212    162.779199  x:  0.00000   0.00000   0.00134   0.00000   0.00000   0.00052   0.00000   0.00263   0.00000   0.00000   0.00941   0.00000   0.00000   0.00000   0.00000   0.00000   0.00000   0.00000   0.01147   0.01002   0.00000   0.04587   0.00000   0.00000   0.00000   0.00000   0.00000   0.00000   0.00000   0.00000   1.93150   1.48019  -0.25981   0.00000   2.55156  
 26 92.2796    162.596280  x:  0.00000   0.00000   0.00082   0.00000   0.00000   0.00000   0.00000   0.00212   0.00000   0.00000   0.00889   0.00000   0.00000   0.00000   0.00000   0.00000   0.00000   0.00000   0.01095   0.00951   0.00000   0.03869   0.00000   0.00000   0.00000   0.00000   0.00000   0.00000   0.00000   0.00000   1.93175   1.48051  -0.26013   0.00000   2.55156  
 27 31.8676    162.452400  x:  0.00000   0.00000   0.00000   0.00000   0.00000   0.00000   0.00000   0.00130   0.00000   0.00000   0.00807   0.00000   0.00000   0.00000   0.00000   0.00000   0.00000   0.00000   0.01014   0.00869   0.00000   0.03852   0.00000   0.00000   0.00000   0.00000   0.00000   0.00000   0.00000   0.00000   1.93187   1.48067  -0.26028   0.00000   2.55156  
 28 13.2281    162.452400  x:  0.00000   0.00000   0.00000   0.00000   0.00000   0.00000   0.00000   0.00130   0.00000   0.00000   0.00807   0.00000   0.00000   0.00000   0.00000   0.00000   0.00000   0.00000   0.01014   0.00869   0.00000   0.03852   0.00000   0.00000   0.00000   0.00000   0.00000   0.00000   0.00000   0.00000   1.93187   1.48067  -0.26028   0.00000   2.55156  
 29  2.3533    162.270106  x:  0.00000   0.00000   0.00000   0.00000   0.00000   0.00000   0.00000   0.00000   0.00000   0.00000   0.00678   0.00000   0.00000   0.00000   0.00000   0.00000   0.00000   0.00000   0.00885   0.00740   0.00000   0.03821   0.00000   0.00000   0.00000   0.00000   0.00000   0.00000   0.00000   0.00000   1.93188   1.48068  -0.26029   0.00000   2.55156  
 30 70.1186    161.542394  x:  0.00000   0.00000   0.00000   0.00000   0.00000   0.00000   0.00000   0.00000   0.00000   0.00000   0.00000   0.00000   0.00000   0.00000   0.00000   0.00000   0.00000   0.00000   0.00208   0.00063   0.00000   0.02202   0.00000   0.00000   0.00000   0.00000   0.00000   0.00000   0.00000   0.00000   1.93219   1.48111  -0.26073   0.00000   2.55156  
 31 82.1210    161.498635  x:  0.00000   0.00000   0.00000   0.00000   0.00000   0.00000   0.00000   0.00000   0.00000   0.00000   0.00000   0.00000   0.00000   0.00000   0.00000   0.00000   0.00000   0.00000   0.00145   0.00000   0.00000   0.02197   0.00000   0.00000   0.00000   0.00000   0.00000   0.00000   0.00000   0.00000   1.93222   1.48116  -0.26078   0.00000   2.55156  
 32 17.3417    161.465252  x:  0.00000   0.00000   0.00000   0.00000   0.00000   0.00000   0.00000   0.00000   0.00000   0.00000   0.00000   0.00000   0.00000   0.00000   0.00000   0.00000   0.00000   0.00000   0.00000   0.00000   0.00000   0.02000   0.00000   0.00000   0.00000   0.00000   0.00000   0.00000   0.00000   0.00000   1.93849   1.49166  -0.27128   0.00000   2.55156  
 33  2.8945    161.054521  x:  0.00000   0.00000   0.00000   0.00000   0.00000   0.00000   0.00000   0.00000   0.00000   0.00000   0.00000   0.00000   0.00000   0.00000   0.00000   0.00000   0.00000   0.00000   0.00000   0.00000   0.00000   0.04280   0.00000   0.00000   0.00000   0.00000   0.00000   0.00000   0.00000   0.00000   2.92107   2.51738  -1.29698   0.00000   2.55155  
 34  0.4554    160.843547  x:  0.00000   0.00000   0.00000   0.00000   0.00000   0.00000   0.00000   0.00000   0.00000   0.00000   0.00000   0.00000   0.00000   0.00000   0.00000   0.00000   0.00000   0.00000   0.00000   0.00000   0.00000   0.02569   0.00000   0.00000   0.00000   0.00000   0.00000   0.00000   0.00000   0.00000   4.09995   3.35351  -2.13305   0.00000   2.55154  
 35  0.2970    160.766509  x:  0.00000   0.00000   0.00000   0.00000   0.00000   0.00000   0.00000   0.00000   0.00000   0.00000   0.00000   0.00000   0.00000   0.00000   0.00000   0.00000   0.00000   0.00000   0.00000   0.00000   0.00000   0.03679   0.00000   0.00000   0.00000   0.00000   0.00000   0.00000   0.00000   0.00000   5.55771   4.41752  -3.19702   0.00000   2.55152  
 36  0.5510    160.673659  x:  0.00000   0.00000   0.00000   0.00000   0.00000   0.00000   0.00000   0.00000   0.00000   0.00000   0.00000   0.00000   0.00000   0.00000   0.00000   0.00000   0.00000   0.00000   0.00000   0.00000   0.00000   0.02633   0.00000   0.00000   0.00000   0.00000   0.00000   0.00000   0.00000   0.00000   8.64910   6.53249  -5.31188   0.00000   2.55149  
 37  1.2129    160.622146  x:  0.00000   0.00000   0.00000   0.00000   0.00000   0.00000   0.00000   0.00000   0.00000   0.00000   0.00000   0.00000   0.00000   0.00000   0.00000   0.00000   0.00000   0.00000   0.00000   0.00000   0.00000   0.03536   0.00000   0.00000   0.00000   0.00000   0.00000   0.00000   0.00000   0.00000  12.59844   9.30180  -8.08105   0.00000   2.55145  
 38  1.8564    160.573155  x:  0.00000   0.00000   0.00000   0.00000   0.00000   0.00000   0.00000   0.00000   0.00000   0.00000   0.00000   0.00000   0.00000   0.00000   0.00000   0.00000   0.00000   0.00000   0.00000   0.00000   0.00000   0.02785   0.00000   0.00000   0.00000   0.00000   0.00000   0.00000   0.00000   0.00000  20.63667  14.85657  -13.63553   0.00000   2.55136  
 39  2.8015    160.549926  x:  0.00000   0.00000   0.00000   0.00000   0.00000   0.00000   0.00000   0.00000   0.00000   0.00000   0.00000   0.00000   0.00000   0.00000   0.00000   0.00000   0.00000   0.00000   0.00000   0.00000   0.00000   0.03394   0.00000   0.00000   0.00000   0.00000   0.00000   0.00000   0.00000   0.00000  29.13651  20.77455  -19.55321   0.00000   2.55127  
 40  4.2809    160.528262  x:  0.00000   0.00000   0.00000   0.00000   0.00000   0.00000   0.00000   0.00000   0.00000   0.00000   0.00000   0.00000   0.00000   0.00000   0.00000   0.00000   0.00000   0.00000   0.00000   0.00000   0.00000   0.02890   0.00000   0.00000   0.00000   0.00000   0.00000   0.00000   0.00000   0.00000  48.11192  33.92735  -32.70534   0.00000   2.55107  
 41  6.2151    160.517938  x:  0.00000   0.00000   0.00000   0.00000   0.00000   0.00000   0.00000   0.00000   0.00000   0.00000   0.00000   0.00000   0.00000   0.00000   0.00000   0.00000   0.00000   0.00000   0.00000   0.00000   0.00000   0.03300   0.00000   0.00000   0.00000   0.00000   0.00000   0.00000   0.00000   0.00000  65.86617  46.26151  -45.03887   0.00000   2.55088  
 42  9.6591    160.508164  x:  0.00000   0.00000   0.00000   0.00000   0.00000   0.00000   0.00000   0.00000   0.00000   0.00000   0.00000   0.00000   0.00000   0.00000   0.00000   0.00000   0.00000   0.00000   0.00000   0.00000   0.00000   0.02964   0.00000   0.00000   0.00000   0.00000   0.00000   0.00000   0.00000   0.00000  111.81949  78.14198  -76.91772   0.00000   2.55038  
 43 13.6624    160.503779  x:  0.00000   0.00000   0.00000   0.00000   0.00000   0.00000   0.00000   0.00000   0.00000   0.00000   0.00000   0.00000   0.00000   0.00000   0.00000   0.00000   0.00000   0.00000   0.00000   0.00000   0.00000   0.03188   0.00000   0.00000   0.00000   0.00000   0.00000   0.00000   0.00000   0.00000  141.86463  99.00000  -97.77467   0.00000   2.55006  
 44 21.8423    160.503779  x:  0.00000   0.00000   0.00000   0.00000   0.00000   0.00000   0.00000   0.00000   0.00000   0.00000   0.00000   0.00000   0.00000   0.00000   0.00000   0.00000   0.00000   0.00000   0.00000   0.00000   0.00000   0.03188   0.00000   0.00000   0.00000   0.00000   0.00000   0.00000   0.00000   0.00000  141.86463  99.00000  -97.77467   0.00000   2.55006  
 45 37.0090    160.503651  x:  0.00000   0.00000   0.00000   0.00000   0.00000   0.00000   0.00000   0.00000   0.00000   0.00000   0.00000   0.00000   0.00000   0.00000   0.00000   0.00000   0.00000   0.00000   0.00000   0.00000   0.00000   0.03137   0.00000   0.00000   0.00000   0.00000   0.00000   0.00000   0.00000   0.00000  141.86463  99.00000  -97.77467   0.00000   2.55006  
 46  0.4964    160.503651  x:  0.00000   0.00000   0.00000   0.00000   0.00000   0.00000   0.00000   0.00000   0.00000   0.00000   0.00000   0.00000   0.00000   0.00000   0.00000   0.00000   0.00000   0.00000   0.00000   0.00000   0.00000   0.03136   0.00000   0.00000   0.00000   0.00000   0.00000   0.00000   0.00000   0.00000  141.86499  99.00000  -97.77467   0.00000   2.55006  
 47  0.0001    160.503651  x:  0.00000   0.00000   0.00000   0.00000   0.00000   0.00000   0.00000   0.00000   0.00000   0.00000   0.00000   0.00000   0.00000   0.00000   0.00000   0.00000   0.00000   0.00000   0.00000   0.00000   0.00000   0.03136   0.00000   0.00000   0.00000   0.00000   0.00000   0.00000   0.00000   0.00000  141.86780  99.00000  -97.77467   0.00000   2.55006  
 48  0.0004    160.503505  x:  0.00000   0.00000   0.00000   0.00000   0.00000   0.00000   0.00000   0.00000   0.00000   0.00000   0.00000   0.00000   0.00000   0.00000   0.00000   0.00000   0.00000   0.00000   0.00000   0.00000   0.00000   0.03190   0.00000   0.00000   0.00000   0.00000   0.00000   0.00000   0.00000   0.00000  145.55240  99.00000  -97.77467   0.00000   2.55006  
 49  1.8316    160.502494  x:  0.00000   0.00000   0.00000   0.00000   0.00000   0.00000   0.00000   0.00000   0.00000   0.00000   0.00000   0.00000   0.00000   0.00000   0.00000   0.00000   0.00000   0.00000   0.00000   0.00000   0.00000   0.03179   0.00000   0.00000   0.00000   0.00000   0.00000   0.00000   0.00000   0.00000  159.39145  99.00000  -97.77467   0.00000   2.55006  
 50  1.7299    160.496742  x:  0.00000   0.00000   0.00000   0.00000   0.00000   0.00000   0.00000   0.00000   0.00000   0.00000   0.00000   0.00000   0.00000   0.00000   0.00000   0.00000   0.00000   0.00000   0.00000   0.00000   0.00000   0.03008   0.00000   0.00000   0.00000   0.00000   0.00000   0.00000   0.00000   0.00000  456.01359  99.00000  -97.77467   0.00000   2.55006  
 51 69.6412    160.495539  x:  0.00000   0.00000   0.00000   0.00000   0.00000   0.00000   0.00000   0.00000   0.00000   0.00000   0.00000   0.00000   0.00000   0.00000   0.00000   0.00000   0.00000   0.00000   0.00000   0.00000   0.00000   0.03161   0.00000   0.00000   0.00000   0.00000   0.00000   0.00000   0.00000   0.00000  503.93283  99.00000  -97.77467   0.00000   2.55006  
 52 38.1697    160.494297  x:  0.00000   0.00000   0.00000   0.00000   0.00000   0.00000   0.00000   0.00000   0.00000   0.00000   0.00000   0.00000   0.00000   0.00000   0.00000   0.00000   0.00000   0.00000   0.00000   0.00000   0.00000   0.03134   0.00000   0.00000   0.00000   0.00000   0.00000   0.00000   0.00000   0.00000  815.79103  99.00000  -97.77467   0.00000   2.55006  
 53 38.9823    160.493932  x:  0.00000   0.00000   0.00000   0.00000   0.00000   0.00000   0.00000   0.00000   0.00000   0.00000   0.00000   0.00000   0.00000   0.00000   0.00000   0.00000   0.00000   0.00000   0.00000   0.00000   0.00000   0.03140   0.00000   0.00000   0.00000   0.00000   0.00000   0.00000   0.00000   0.00000  999.00000  99.00000  -97.77467   0.00000   2.55006  
 54 191.4483    160.493931  x:  0.00000   0.00000   0.00000   0.00000   0.00000   0.00000   0.00000   0.00000   0.00000   0.00000   0.00000   0.00000   0.00000   0.00000   0.00000   0.00000   0.00000   0.00000   0.00000   0.00000   0.00000   0.03142   0.00000   0.00000   0.00000   0.00000   0.00000   0.00000   0.00000   0.00000  999.00000  99.00000  -97.77467   0.00000   2.55006  