Supplemental results for CODEML (seqf: /Users/YY/Desktop/get/branch_site/modify/modify_trim_muscle_ycf4.fa  treef: /Users/YY/Desktop/get/branch_site/16gene_topu.tree)


dN/dS (w) for site classes (K=4)

site class             0        1       2a       2b
proportion       0.69489  0.13296  0.14450  0.02765
background w     0.00000  1.00000  0.00000  1.00000
foreground w     0.00000  1.00000  1.00000  1.00000

Naive Empirical Bayes (NEB) probabilities for 4 classes
(amino acids refer to 1st sequence: KM035851)

   1 M   0.75120 0.07665 0.15621 0.01594 ( 1)
   2 S   0.75010 0.07775 0.15598 0.01617 ( 1)
   3 C   0.74499 0.08286 0.15492 0.01723 ( 1)
   4 R   0.71365 0.11420 0.14840 0.02375 ( 1)
   5 S   0.72337 0.10448 0.15042 0.02173 ( 1)
   6 E   0.73463 0.09322 0.15277 0.01938 ( 1)
   7 H   0.74131 0.08654 0.15415 0.01800 ( 1)
   8 I   0.00001 0.82784 0.00000 0.17215 ( 2)
   9 W   0.72474 0.10311 0.15071 0.02144 ( 1)
  10 I   0.74613 0.08172 0.15516 0.01699 ( 1)
  11 Q   0.72331 0.10454 0.15041 0.02174 ( 1)
  12 P   0.73601 0.09184 0.15305 0.01910 ( 1)
  13 I   0.74613 0.08172 0.15516 0.01699 ( 1)
  14 T   0.72335 0.10450 0.15042 0.02173 ( 1)
  15 G   0.72380 0.10405 0.15051 0.02164 ( 1)
  16 S   0.71979 0.10806 0.14968 0.02247 ( 1)
  17 R   0.71365 0.11420 0.14840 0.02375 ( 1)
  18 K   0.73543 0.09242 0.15293 0.01922 ( 1)
  19 T   0.00001 0.82784 0.00000 0.17215 ( 2)
  20 S   0.75010 0.07775 0.15598 0.01617 ( 1)
  21 N   0.74847 0.07938 0.15564 0.01651 ( 1)
  22 F   0.00000 0.82785 0.00000 0.17215 ( 2)
  23 C   0.72383 0.10402 0.15052 0.02163 ( 1)
  24 W   0.72474 0.10311 0.15071 0.02144 ( 1)
  25 A   0.72077 0.10707 0.14988 0.02227 ( 1)
  26 I   0.00001 0.82784 0.00000 0.17215 ( 2)
  27 I   0.72927 0.09858 0.15165 0.02050 ( 1)
  28 L   0.74668 0.08117 0.15527 0.01688 ( 1)
  29 F   0.75484 0.07301 0.15697 0.01518 ( 1)
  30 L   0.72967 0.09818 0.15173 0.02042 ( 1)
  31 G   0.74374 0.08411 0.15466 0.01749 ( 1)
  32 S   0.72337 0.10448 0.15042 0.02173 ( 1)
  33 L   0.72967 0.09818 0.15173 0.02042 ( 1)
  34 G   0.72820 0.09965 0.15143 0.02072 ( 1)
  35 F   0.73366 0.09419 0.15256 0.01959 ( 1)
  36 L   0.72967 0.09818 0.15173 0.02042 ( 1)
  37 L   0.72794 0.09991 0.15137 0.02078 ( 1)
  38 V   0.74912 0.07873 0.15578 0.01637 ( 1)
  39 G   0.72820 0.09965 0.15143 0.02072 ( 1)
  40 T   0.74359 0.08426 0.15463 0.01752 ( 1)
  41 S   0.72064 0.10721 0.14986 0.02229 ( 1)
  42 S   0.75010 0.07775 0.15598 0.01617 ( 1)
  43 Y   0.74166 0.08619 0.15423 0.01792 ( 1)
  44 L   0.74668 0.08117 0.15527 0.01688 ( 1)
  45 G   0.72664 0.10121 0.15110 0.02105 ( 1)
  46 R   0.73411 0.09374 0.15266 0.01949 ( 1)
  47 N   0.72757 0.10028 0.15130 0.02085 ( 1)
  48 L   0.72794 0.09991 0.15137 0.02078 ( 1)
  49 I   0.74258 0.08527 0.15442 0.01773 ( 1)
  50 S   0.74246 0.08539 0.15439 0.01776 ( 1)
  51 L   0.72967 0.09818 0.15173 0.02042 ( 1)
  52 F   0.75484 0.07301 0.15697 0.01518 ( 1)
  53 P   0.71964 0.10821 0.14965 0.02250 ( 1)
  54 S   0.74246 0.08539 0.15439 0.01776 ( 1)
  55 Q   0.71782 0.11003 0.14927 0.02288 ( 1)
  56 Q   0.72331 0.10454 0.15041 0.02174 ( 1)
  57 I   0.72927 0.09858 0.15165 0.02050 ( 1)
  58 L   0.00000 0.82785 0.00000 0.17215 ( 2)
  59 F   0.75484 0.07301 0.15697 0.01518 ( 1)
  60 F   0.75484 0.07301 0.15697 0.01518 ( 1)
  61 P   0.72602 0.10183 0.15098 0.02117 ( 1)
  62 Q   0.72331 0.10454 0.15041 0.02174 ( 1)
  63 G   0.72348 0.10437 0.15045 0.02170 ( 1)
  64 I   0.75260 0.07525 0.15650 0.01565 ( 1)
  65 V   0.72707 0.10078 0.15119 0.02096 ( 1)
  66 M   0.75120 0.07665 0.15621 0.01594 ( 1)
  67 S   0.74246 0.08539 0.15439 0.01776 ( 1)
  68 F   0.73366 0.09419 0.15256 0.01959 ( 1)
  69 Y   0.74166 0.08619 0.15423 0.01792 ( 1)
  70 G   0.72348 0.10437 0.15045 0.02170 ( 1)
  71 I   0.72927 0.09858 0.15165 0.02050 ( 1)
  72 A   0.72277 0.10508 0.15030 0.02185 ( 1)
  73 G   0.74374 0.08411 0.15466 0.01749 ( 1)
  74 L   0.72325 0.10460 0.15040 0.02175 ( 1)
  75 F   0.75160 0.07625 0.15629 0.01586 ( 1)
  76 I   0.75260 0.07525 0.15650 0.01565 ( 1)
  77 S   0.72905 0.09880 0.15160 0.02055 ( 1)
  78 S   0.72064 0.10721 0.14986 0.02229 ( 1)
  79 Y   0.74089 0.08696 0.15407 0.01808 ( 1)
  80 L   0.72794 0.09991 0.15137 0.02078 ( 1)
  81 W   0.72474 0.10311 0.15071 0.02144 ( 1)
  82 C   0.72383 0.10402 0.15052 0.02163 ( 1)
  83 T   0.73213 0.09572 0.15225 0.01990 ( 1)
  84 I   0.75260 0.07525 0.15650 0.01565 ( 1)
  85 S   0.71979 0.10806 0.14968 0.02247 ( 1)
  86 W   0.72474 0.10311 0.15071 0.02144 ( 1)
  87 N   0.74847 0.07938 0.15564 0.01651 ( 1)
  88 V   0.73673 0.09112 0.15320 0.01895 ( 1)
  89 G   0.72348 0.10437 0.15045 0.02170 ( 1)
  90 G   0.74374 0.08411 0.15466 0.01749 ( 1)
  91 G   0.74322 0.08463 0.15455 0.01760 ( 1)
  92 Y   0.74166 0.08619 0.15423 0.01792 ( 1)
  93 D   0.74767 0.08018 0.15548 0.01667 ( 1)
  94 R   0.71365 0.11420 0.14840 0.02375 ( 1)
  95 F   0.73366 0.09419 0.15256 0.01959 ( 1)
  96 D   0.74767 0.08018 0.15548 0.01667 ( 1)
  97 R   0.73411 0.09374 0.15266 0.01949 ( 1)
  98 K   0.73543 0.09242 0.15293 0.01922 ( 1)
  99 E   0.73463 0.09322 0.15277 0.01938 ( 1)
 100 G   0.72814 0.09971 0.15141 0.02074 ( 1)
 101 M   0.75120 0.07665 0.15621 0.01594 ( 1)
 102 V   0.72707 0.10078 0.15119 0.02096 ( 1)
 103 C   0.74499 0.08286 0.15492 0.01723 ( 1)
 104 I   0.00001 0.82784 0.00000 0.17215 ( 2)
 105 F   0.75484 0.07301 0.15697 0.01518 ( 1)
 106 R   0.73936 0.08849 0.15375 0.01840 ( 1)
 107 W   0.72474 0.10311 0.15071 0.02144 ( 1)
 108 G   0.72820 0.09965 0.15143 0.02072 ( 1)
 109 F   0.73366 0.09419 0.15256 0.01959 ( 1)
 110 P   0.73601 0.09184 0.15305 0.01910 ( 1)
 111 G   0.72820 0.09965 0.15143 0.02072 ( 1)
 112 K   0.73543 0.09242 0.15293 0.01922 ( 1)
 113 N   0.74847 0.07938 0.15564 0.01651 ( 1)
 114 R   0.73657 0.09128 0.15317 0.01898 ( 1)
 115 R   0.71879 0.10906 0.14947 0.02268 ( 1)
 116 I   0.72927 0.09858 0.15165 0.02050 ( 1)
 117 F   0.73366 0.09419 0.15256 0.01959 ( 1)
 118 L   0.72304 0.10481 0.15035 0.02180 ( 1)
 119 R   0.71365 0.11420 0.14840 0.02375 ( 1)
 120 F   0.73644 0.09140 0.15314 0.01901 ( 1)
 121 P   0.00000 0.82785 0.00000 0.17215 ( 2)
 122 I   0.00001 0.82784 0.00000 0.17215 ( 2)
 123 K   0.72796 0.09989 0.15138 0.02077 ( 1)
 124 D   0.74767 0.08018 0.15548 0.01667 ( 1)
 125 I   0.75260 0.07525 0.15650 0.01565 ( 1)
 126 Q   0.71782 0.11003 0.14927 0.02288 ( 1)
 127 S   0.72064 0.10721 0.14986 0.02229 ( 1)
 128 V   0.00001 0.82784 0.00000 0.17215 ( 2)
 129 R   0.73411 0.09374 0.15266 0.01949 ( 1)
 130 I   0.74613 0.08172 0.15516 0.01699 ( 1)
 131 E   0.73463 0.09322 0.15277 0.01938 ( 1)
 132 V   0.74912 0.07873 0.15578 0.01637 ( 1)
 133 K   0.73543 0.09242 0.15293 0.01922 ( 1)
 134 E   0.72736 0.10049 0.15125 0.02090 ( 1)
 135 G   0.74374 0.08411 0.15466 0.01749 ( 1)
 136 I   0.75260 0.07525 0.15650 0.01565 ( 1)
 137 Y   0.74166 0.08619 0.15423 0.01792 ( 1)
 138 A   0.74107 0.08678 0.15410 0.01805 ( 1)
 139 R   0.71879 0.10906 0.14947 0.02268 ( 1)
 140 R   0.73936 0.08849 0.15375 0.01840 ( 1)
 141 V   0.72482 0.10303 0.15073 0.02143 ( 1)
 142 L   0.74668 0.08117 0.15527 0.01688 ( 1)
 143 Y   0.74166 0.08619 0.15423 0.01792 ( 1)
 144 M   0.75120 0.07665 0.15621 0.01594 ( 1)
 145 D   0.74767 0.08018 0.15548 0.01667 ( 1)
 146 I   0.72927 0.09858 0.15165 0.02050 ( 1)
 147 R   0.73402 0.09383 0.15264 0.01951 ( 1)
 148 G   0.72145 0.10640 0.15002 0.02213 ( 1)
 149 Q   0.71782 0.11003 0.14927 0.02288 ( 1)
 150 G   0.72348 0.10437 0.15045 0.02170 ( 1)
 151 A   0.00000 0.82785 0.00000 0.17215 ( 2)
 152 I   0.75260 0.07525 0.15650 0.01565 ( 1)
 153 P   0.71680 0.11105 0.14906 0.02309 ( 1)
 154 L   0.72794 0.09991 0.15137 0.02078 ( 1)
 155 T   0.74359 0.08426 0.15463 0.01752 ( 1)
 156 R   0.73936 0.08849 0.15375 0.01840 ( 1)
 157 T   0.74310 0.08475 0.15453 0.01762 ( 1)
 158 D   0.74767 0.08018 0.15548 0.01667 ( 1)
 159 E   0.72723 0.10062 0.15123 0.02092 ( 1)
 160 N   0.74847 0.07938 0.15564 0.01651 ( 1)
 161 V   0.74912 0.07873 0.15578 0.01637 ( 1)
 162 T   0.74359 0.08426 0.15463 0.01752 ( 1)
 163 P   0.72602 0.10183 0.15098 0.02117 ( 1)
 164 R   0.71736 0.11049 0.14917 0.02298 ( 1)
 165 E   0.73463 0.09322 0.15277 0.01938 ( 1)
 166 I   0.73275 0.09510 0.15237 0.01978 ( 1)
 167 E   0.73463 0.09322 0.15277 0.01938 ( 1)
 168 Q   0.72331 0.10454 0.15041 0.02174 ( 1)
 169 K   0.73543 0.09242 0.15293 0.01922 ( 1)
 170 A   0.74217 0.08568 0.15433 0.01782 ( 1)
 171 A   0.72236 0.10549 0.15021 0.02194 ( 1)
 172 E   0.73463 0.09322 0.15277 0.01938 ( 1)
 173 L   0.72794 0.09991 0.15137 0.02078 ( 1)
 174 A   0.72077 0.10707 0.14988 0.02227 ( 1)
 175 Y   0.74166 0.08619 0.15423 0.01792 ( 1)
 176 F   0.73443 0.09342 0.15272 0.01943 ( 1)
 177 L   0.72794 0.09991 0.15137 0.02078 ( 1)
 178 R   0.73837 0.08948 0.15354 0.01861 ( 1)
 179 V   0.73673 0.09112 0.15320 0.01895 ( 1)
 180 P   0.71910 0.10875 0.14954 0.02261 ( 1)
 181 I   0.75260 0.07525 0.15650 0.01565 ( 1)
 182 E   0.73463 0.09322 0.15277 0.01938 ( 1)
 183 V   0.73673 0.09112 0.15320 0.01895 ( 1)
 184 F   0.75484 0.07301 0.15697 0.01518 ( 1)


lnL =  -984.217387

