

TREE # 1

  0  0.0000   1127.672534  x:  0.00000   0.01353   0.05848   0.01873   0.06719   0.06657   0.03231   0.04089   0.06591   0.01918   0.04957   0.02477   0.02461   0.01734   0.01936   0.06257   0.06024   0.02560   0.05015   0.03813   0.06984   0.04306   0.01240   0.02142   0.01039   0.07143   0.04940   0.04088   0.07757   0.03379   2.00000   1.09989   0.02896   0.27919  
  1 99.0000   1127.669529  x:  0.00000   0.01353   0.05848   0.01873   0.06719   0.06657   0.03231   0.04089   0.06591   0.01918   0.04957   0.02477   0.02461   0.01734   0.01936   0.06257   0.06024   0.02560   0.05015   0.03813   0.06984   0.04306   0.01240   0.02142   0.01039   0.07143   0.04940   0.04088   0.07757   0.03379   2.00000   1.09989   0.02896   0.27919  
  2 749.5806   1087.743195  x:  0.00000   0.00110   0.04608   0.00626   0.05485   0.05427   0.01955   0.03093   0.05353   0.00668   0.03715   0.01232   0.01673   0.01159   0.00697   0.05323   0.05237   0.01312   0.03968   0.03301   0.05747   0.03887   0.00000   0.01436   0.00904   0.06176   0.04585   0.02864   0.06751   0.03528   2.00012   1.09999   0.02887   0.27547  
  3 14864.0361   1084.335040  x:  0.00000   0.00000   0.04500   0.00516   0.05377   0.05319   0.01842   0.03001   0.05244   0.00558   0.03606   0.01123   0.01592   0.01091   0.00588   0.05237   0.05163   0.01202   0.03872   0.03250   0.05638   0.03846   0.00000   0.01359   0.00891   0.06088   0.04551   0.02756   0.06661   0.03531   2.00013   1.09998   0.02887   0.27499  
  4 153176.0664   1068.880201  x:  0.00000   0.00000   0.03992   0.00000   0.04866   0.04815   0.01289   0.02484   0.04731   0.00040   0.03090   0.00606   0.01319   0.01354   0.00078   0.04742   0.04700   0.00684   0.03348   0.02881   0.05141   0.03519   0.00000   0.01275   0.00916   0.05601   0.04305   0.02263   0.06181   0.03525   2.00009   1.09935   0.02954   0.26493  
  5 3085.7920   1067.859292  x:  0.00000   0.00000   0.03954   0.00000   0.04827   0.04776   0.01246   0.02459   0.04692   0.00000   0.03051   0.00566   0.01332   0.01339   0.00039   0.04711   0.04674   0.00645   0.03315   0.02877   0.05104   0.03512   0.00000   0.01284   0.00911   0.05568   0.04298   0.02225   0.06147   0.03522   2.00009   1.09930   0.02960   0.26406  
  6 4484.5808   1066.981099  x:  0.00000   0.00000   0.03916   0.00000   0.04788   0.04737   0.01203   0.02452   0.04653   0.00000   0.03012   0.00527   0.01328   0.01335   0.00000   0.04690   0.04663   0.00606   0.03294   0.02884   0.05067   0.03517   0.00000   0.01274   0.00922   0.05543   0.04299   0.02187   0.06119   0.03525   2.00008   1.09924   0.02965   0.26322  
  7 6977.5342   1056.434866  x:  0.00000   0.00000   0.03403   0.00000   0.04268   0.04208   0.00619   0.02429   0.04126   0.00000   0.02485   0.00000   0.01222   0.01322   0.00000   0.04483   0.04576   0.00076   0.03092   0.02908   0.04575   0.03547   0.00000   0.01180   0.00796   0.05261   0.04310   0.01668   0.05781   0.03479   1.99999   1.09856   0.03037   0.25256  
  8 19216.3560   1055.092516  x:  0.00000   0.00000   0.03330   0.00000   0.04193   0.04131   0.00534   0.02427   0.04050   0.00000   0.02410   0.00000   0.01212   0.01310   0.00000   0.04464   0.04570   0.00000   0.03074   0.02890   0.04505   0.03536   0.00000   0.01178   0.00797   0.05231   0.04305   0.01593   0.05741   0.03477   1.99998   1.09847   0.03046   0.25115  
  9 19529.1972   1047.579782  x:  0.00000   0.00000   0.02877   0.00000   0.03726   0.03646   0.00000   0.02342   0.03578   0.00000   0.01941   0.00000   0.01230   0.01267   0.00000   0.04374   0.04504   0.00000   0.02988   0.02826   0.04069   0.03456   0.00000   0.01068   0.00787   0.05094   0.04234   0.01121   0.05537   0.03463   1.99988   1.09797   0.03096   0.24285  
 10 28911.7217   1032.012072  x:  0.00000   0.00000   0.01812   0.00000   0.02620   0.02482   0.00000   0.02014   0.02469   0.00000   0.00834   0.00000   0.01039   0.01125   0.00000   0.04170   0.04265   0.00000   0.02787   0.02810   0.03040   0.03364   0.00000   0.01036   0.00773   0.04841   0.04087   0.00000   0.05136   0.03439   1.99963   1.09691   0.03203   0.22429  
 11 24887.4524   1021.709210  x:  0.00000   0.00000   0.01012   0.00000   0.01781   0.01600   0.00000   0.01902   0.01636   0.00000   0.00000   0.00000   0.00959   0.01035   0.00000   0.03954   0.04068   0.00000   0.02570   0.02660   0.02262   0.03362   0.00000   0.00979   0.00761   0.04633   0.04110   0.00000   0.04857   0.03421   1.99944   1.09623   0.03272   0.21157  
 12 17341.8222   1010.551361  x:  0.00000   0.00000   0.00000   0.00000   0.00718   0.00490   0.00000   0.01821   0.00587   0.00000   0.00000   0.00000   0.00853   0.00924   0.00000   0.03678   0.03880   0.00000   0.02306   0.02569   0.01275   0.03263   0.00000   0.00915   0.00748   0.04340   0.04053   0.00000   0.04517   0.03396   1.99921   1.09540   0.03356   0.19599  
 13 63044.9248   1006.479907  x:  0.00000   0.00000   0.00000   0.00000   0.00243   0.00000   0.00000   0.01740   0.00120   0.00000   0.00000   0.00000   0.00813   0.00881   0.00000   0.03591   0.03825   0.00000   0.02242   0.02503   0.00832   0.03276   0.00000   0.00889   0.00744   0.04213   0.04029   0.00000   0.04383   0.03385   1.99913   1.09505   0.03392   0.18932  
 14 18986.1482   1005.697466  x:  0.00000   0.00000   0.00000   0.00000   0.00121   0.00000   0.00000   0.01735   0.00000   0.00000   0.00000   0.00000   0.00804   0.00871   0.00000   0.03576   0.03791   0.00000   0.02222   0.02498   0.00718   0.03256   0.00000   0.00884   0.00742   0.04199   0.04044   0.00000   0.04360   0.03382   1.99911   1.09498   0.03400   0.18779  
 15 5014.3689   1005.147090  x:  0.00000   0.00000   0.00000   0.00000   0.00000   0.00000   0.00000   0.01741   0.00000   0.00000   0.00000   0.00000   0.00797   0.00864   0.00000   0.03552   0.03778   0.00000   0.02192   0.02488   0.00603   0.03264   0.00000   0.00880   0.00742   0.04193   0.04017   0.00000   0.04341   0.03380   1.99909   1.09495   0.03403   0.18656  
 16 1892.6433   1003.468723  x:  0.00000   0.00000   0.00000   0.00000   0.00000   0.00000   0.00000   0.01652   0.00000   0.00000   0.00000   0.00000   0.00776   0.00840   0.00000   0.03443   0.03869   0.00000   0.02153   0.02467   0.00000   0.03222   0.00000   0.00868   0.00738   0.04063   0.04051   0.00000   0.04215   0.03377   1.99902   1.09493   0.03403   0.18218  
 17 915.2311   1000.017633  x:  0.00000   0.00000   0.00000   0.00000   0.00000   0.00000   0.00000   0.02007   0.00000   0.00000   0.00000   0.00000   0.00662   0.00696   0.00000   0.04490   0.02206   0.00000   0.03433   0.02308   0.00000   0.03344   0.00000   0.00816   0.00731   0.01352   0.03545   0.00000   0.01878   0.03403   1.99892   1.09873   0.03000   0.16043  
 18 123.4133    999.492933  x:  0.00000   0.00000   0.00000   0.00000   0.00000   0.00000   0.00000   0.01891   0.00000   0.00000   0.00000   0.00000   0.00682   0.00696   0.00000   0.04613   0.01994   0.00000   0.03194   0.02290   0.00000   0.03374   0.00000   0.00807   0.00719   0.01923   0.03566   0.00000   0.01063   0.03432   1.99959   1.10312   0.02564   0.15672  
 19 25.7491    996.745326  x:  0.00000   0.00000   0.00000   0.00000   0.00000   0.00000   0.00000   0.01297   0.00000   0.00000   0.00000   0.00000   0.00750   0.00645   0.00000   0.04885   0.00769   0.00000   0.01241   0.02054   0.00000   0.03527   0.00000   0.00709   0.00688   0.02050   0.03800   0.00000   0.01432   0.03504   2.00340   1.12762   0.00126   0.12965  
 20 73.4293    996.345020  x:  0.00000   0.00000   0.00000   0.00000   0.00000   0.00000   0.00000   0.01341   0.00000   0.00000   0.00000   0.00000   0.00804   0.00684   0.00000   0.05143   0.00879   0.00000   0.00590   0.02103   0.00000   0.03468   0.00000   0.00715   0.00687   0.01917   0.03819   0.00000   0.01363   0.03541   2.00439   1.13353  -0.00474   0.12936  
 21 37.5483    993.609267  x:  0.00000   0.00000   0.00000   0.00000   0.00000   0.00000   0.00000   0.02470   0.00000   0.00000   0.00000   0.00000   0.01157   0.00912   0.00000   0.01564   0.00656   0.00000   0.00549   0.02502   0.00000   0.02979   0.00000   0.00745   0.00676   0.01625   0.03559   0.00000   0.01167   0.03785   2.01260   1.18013  -0.05216   0.11918  
 22 61.3703    989.908433  x:  0.00000   0.00000   0.00000   0.00000   0.00000   0.00000   0.00000   0.02422   0.00000   0.00000   0.00000   0.00000   0.01417   0.00892   0.00000   0.01777   0.00677   0.00000   0.00575   0.02446   0.00000   0.02735   0.00000   0.00667   0.00654   0.01774   0.02817   0.00000   0.01267   0.03931   2.03056   1.25937  -0.13238   0.00000  
 23 22.9248    987.330982  x:  0.00000   0.00000   0.00000   0.00000   0.00000   0.00000   0.00000   0.00604   0.00000   0.00000   0.00000   0.00000   0.01589   0.01043   0.00000   0.00972   0.00862   0.00000   0.00679   0.02267   0.00000   0.03635   0.00000   0.00582   0.00602   0.01320   0.02671   0.00000   0.01092   0.04579   2.04176   1.29179  -0.16270   0.00000  
 24  3.0484    985.856847  x:  0.00000   0.00000   0.00000   0.00000   0.00000   0.00000   0.00000   0.00887   0.00000   0.00000   0.00000   0.00000   0.01051   0.00662   0.00000   0.00704   0.00951   0.00000   0.00647   0.01323   0.00000   0.02689   0.00000   0.00384   0.00527   0.01243   0.03221   0.00000   0.01036   0.05456   2.06632   1.31407  -0.18154   0.00000  
 25  1.1602    985.278712  x:  0.00000   0.00000   0.00000   0.00000   0.00000   0.00000   0.00000   0.00653   0.00000   0.00000   0.00000   0.00000   0.00600   0.00527   0.00000   0.00744   0.00934   0.00000   0.00608   0.01660   0.00000   0.02013   0.00000   0.00494   0.00523   0.01177   0.03196   0.00000   0.00983   0.05739   2.07403   1.30492  -0.16943   0.00000  
 26  2.6442    985.054517  x:  0.00000   0.00000   0.00000   0.00000   0.00000   0.00000   0.00000   0.00671   0.00000   0.00000   0.00000   0.00000   0.00558   0.00627   0.00000   0.00900   0.00951   0.00000   0.00628   0.01508   0.00000   0.02135   0.00000   0.00709   0.00507   0.01146   0.03525   0.00000   0.00987   0.05986   2.09921   1.36925  -0.23270   0.00000  
 27  4.2182    984.914737  x:  0.00000   0.00000   0.00000   0.00000   0.00000   0.00000   0.00000   0.00681   0.00000   0.00000   0.00000   0.00000   0.00577   0.00566   0.00000   0.01065   0.00990   0.00000   0.00645   0.01750   0.00000   0.02239   0.00000   0.00528   0.00511   0.01117   0.03732   0.00000   0.00996   0.06219   2.12129   1.38546  -0.24878   0.00000  
 28  0.8122    984.777156  x:  0.00000   0.00000   0.00000   0.00000   0.00000   0.00000   0.00000   0.00708   0.00000   0.00000   0.00000   0.00000   0.00470   0.00454   0.00000   0.01078   0.01064   0.00000   0.00602   0.01717   0.00000   0.02491   0.00000   0.00577   0.00643   0.01208   0.03497   0.00000   0.01071   0.06381   2.16266   1.37008  -0.23262   0.00000  
 29  0.5797    984.649247  x:  0.00000   0.00000   0.00000   0.00000   0.00000   0.00000   0.00000   0.00590   0.00000   0.00000   0.00000   0.00000   0.00599   0.00495   0.00000   0.01232   0.01164   0.00000   0.00611   0.01594   0.00000   0.02350   0.00000   0.00580   0.00734   0.01200   0.03368   0.00000   0.01114   0.06552   2.20579   1.32890  -0.19152   0.00000  
 30  1.4684    984.528459  x:  0.00000   0.00000   0.00000   0.00000   0.00000   0.00000   0.00000   0.00575   0.00000   0.00000   0.00000   0.00000   0.00466   0.00650   0.00000   0.01244   0.01272   0.00000   0.00589   0.01630   0.00000   0.02386   0.00000   0.00527   0.00613   0.01250   0.03175   0.00000   0.01181   0.06585   2.26151   1.31746  -0.17992   0.00000  
 31  0.7481    984.332876  x:  0.00000   0.00000   0.00000   0.00000   0.00000   0.00000   0.00000   0.00574   0.00000   0.00000   0.00000   0.00000   0.00595   0.00578   0.00000   0.01121   0.01500   0.00000   0.00572   0.01781   0.00000   0.02397   0.00000   0.00636   0.00463   0.01263   0.03065   0.00000   0.01269   0.06489   2.36448   1.35239  -0.21500   0.00000  
 32  0.9325    984.264691  x:  0.00000   0.00000   0.00000   0.00000   0.00000   0.00000   0.00000   0.00536   0.00000   0.00000   0.00000   0.00000   0.00582   0.00614   0.00000   0.01063   0.01578   0.00000   0.00560   0.01801   0.00000   0.02316   0.00000   0.00611   0.00591   0.01176   0.03048   0.00000   0.01237   0.06297   2.40177   1.38911  -0.25234   0.00000  
 33  0.6967    984.236546  x:  0.00000   0.00000   0.00000   0.00000   0.00000   0.00000   0.00000   0.00560   0.00000   0.00000   0.00000   0.00000   0.00567   0.00580   0.00000   0.01113   0.01615   0.00000   0.00556   0.01744   0.00000   0.02309   0.00000   0.00597   0.00568   0.01065   0.02907   0.00000   0.01157   0.06262   2.40765   1.39108  -0.25435   0.00000  
 34  0.0355    984.222065  x:  0.00000   0.00000   0.00000   0.00000   0.00000   0.00000   0.00000   0.00574   0.00000   0.00000   0.00000   0.00000   0.00567   0.00565   0.00000   0.01148   0.01662   0.00000   0.00571   0.01715   0.00000   0.02253   0.00000   0.00571   0.00567   0.01154   0.02874   0.00000   0.01128   0.06337   2.40428   1.39969  -0.26290   0.00000  
 35  0.0257    984.218135  x:  0.00000   0.00000   0.00000   0.00000   0.00000   0.00000   0.00000   0.00559   0.00000   0.00000   0.00000   0.00000   0.00568   0.00563   0.00000   0.01150   0.01688   0.00000   0.00566   0.01713   0.00000   0.02286   0.00000   0.00564   0.00565   0.01147   0.02910   0.00000   0.01119   0.06430   2.44362   1.39603  -0.25902   0.00000  
 36  0.0530    984.217826  x:  0.00000   0.00000   0.00000   0.00000   0.00000   0.00000   0.00000   0.00569   0.00000   0.00000   0.00000   0.00000   0.00570   0.00567   0.00000   0.01149   0.01695   0.00000   0.00568   0.01719   0.00000   0.02286   0.00000   0.00565   0.00569   0.01144   0.02909   0.00000   0.01123   0.06449   2.44477   1.39510  -0.25805   0.00000  
 37  0.0093    984.217489  x:  0.00000   0.00000   0.00000   0.00000   0.00000   0.00000   0.00000   0.00566   0.00000   0.00000   0.00000   0.00000   0.00569   0.00567   0.00000   0.01148   0.01706   0.00000   0.00565   0.01712   0.00000   0.02286   0.00000   0.00564   0.00567   0.01141   0.02904   0.00000   0.01137   0.06456   2.43755   1.39630  -0.25923   0.00000  
 38  0.0123    984.217400  x:  0.00000   0.00000   0.00000   0.00000   0.00000   0.00000   0.00000   0.00566   0.00000   0.00000   0.00000   0.00000   0.00568   0.00567   0.00000   0.01146   0.01714   0.00000   0.00567   0.01711   0.00000   0.02287   0.00000   0.00566   0.00566   0.01141   0.02907   0.00000   0.01135   0.06444   2.43736   1.39556  -0.25851   0.00000  
 39  0.0010    984.217388  x:  0.00000   0.00000   0.00000   0.00000   0.00000   0.00000   0.00000   0.00566   0.00000   0.00000   0.00000   0.00000   0.00568   0.00567   0.00000   0.01146   0.01715   0.00000   0.00565   0.01711   0.00000   0.02288   0.00000   0.00566   0.00567   0.01142   0.02906   0.00000   0.01133   0.06444   2.43618   1.39545  -0.25840   0.00000  
 40  0.0022    984.217387  x:  0.00000   0.00000   0.00000   0.00000   0.00000   0.00000   0.00000   0.00566   0.00000   0.00000   0.00000   0.00000   0.00568   0.00567   0.00000   0.01146   0.01716   0.00000   0.00565   0.01712   0.00000   0.02288   0.00000   0.00565   0.00567   0.01142   0.02907   0.00000   0.01133   0.06445   2.43540   1.39539  -0.25833   0.00000  
 41  0.0008    984.217387  x:  0.00000   0.00000   0.00000   0.00000   0.00000   0.00000   0.00000   0.00566   0.00000   0.00000   0.00000   0.00000   0.00568   0.00567   0.00000   0.01146   0.01716   0.00000   0.00565   0.01712   0.00000   0.02287   0.00000   0.00565   0.00567   0.01142   0.02907   0.00000   0.01133   0.06445   2.43543   1.39538  -0.25831   0.00000  
 42  0.0000    984.217387  x:  0.00000   0.00000   0.00000   0.00000   0.00000   0.00000   0.00000   0.00566   0.00000   0.00000   0.00000   0.00000   0.00568   0.00567   0.00000   0.01146   0.01716   0.00000   0.00565   0.01712   0.00000   0.02288   0.00000   0.00565   0.00567   0.01142   0.02907   0.00000   0.01133   0.06445   2.43542   1.39538  -0.25831   0.00000  
 43  0.0000    984.217387  x:  0.00000   0.00000   0.00000   0.00000   0.00000   0.00000   0.00000   0.00566   0.00000   0.00000   0.00000   0.00000   0.00568   0.00567   0.00000   0.01146   0.01716   0.00000   0.00565   0.01712   0.00000   0.02288   0.00000   0.00565   0.00567   0.01142   0.02907   0.00000   0.01133   0.06445   2.43542   1.39538  -0.25831   0.00000  
 44  0.0000    984.217387  x:  0.00000   0.00000   0.00000   0.00000   0.00000   0.00000   0.00000   0.00566   0.00000   0.00000   0.00000   0.00000   0.00568   0.00567   0.00000   0.01146   0.01716   0.00000   0.00565   0.01712   0.00000   0.02288   0.00000   0.00565   0.00567   0.01142   0.02907   0.00000   0.01133   0.06445   2.43542   1.39538  -0.25831   0.00000  
 45  0.0000    984.217387  x:  0.00000   0.00000   0.00000   0.00000   0.00000   0.00000   0.00000   0.00566   0.00000   0.00000   0.00000   0.00000   0.00568   0.00567   0.00000   0.01146   0.01716   0.00000   0.00565   0.01712   0.00000   0.02288   0.00000   0.00565   0.00567   0.01142   0.02907   0.00000   0.01133   0.06445   2.43542   1.39538  -0.25831   0.00000  
 46  0.0000    984.217387  x:  0.00000   0.00000   0.00000   0.00000   0.00000   0.00000   0.00000   0.00566   0.00000   0.00000   0.00000   0.00000   0.00568   0.00567   0.00000   0.01146   0.01716   0.00000   0.00565   0.01712   0.00000   0.02288   0.00000   0.00565   0.00567   0.01142   0.02907   0.00000   0.01133   0.06445   2.43542   1.39538  -0.25831   0.00000  
 47  0.0000    984.217387  x:  0.00000   0.00000   0.00000   0.00000   0.00000   0.00000   0.00000   0.00566   0.00000   0.00000   0.00000   0.00000   0.00568   0.00567   0.00000   0.01146   0.01716   0.00000   0.00565   0.01712   0.00000   0.02288   0.00000   0.00565   0.00567   0.01142   0.02907   0.00000   0.01133   0.06445   2.43542   1.39538  -0.25831   0.00000  
check convergence!
