

TREE # 1

  0  0.0000    714.011562  x:  0.00000   0.02087   0.03584   0.01439   0.04686   0.04263   0.02099   0.02492   0.04208   0.01230   0.03180   0.02573   0.01485   0.01010   0.01218   0.03807   0.03510   0.01741   0.04024   0.03613   0.05258   0.02273   0.01054   0.01956   0.00331   0.04798   0.03088   0.04088   0.05834   0.04696   2.00000   1.09989   0.02896   0.27919   2.57308  
  1 99.0000    713.998838  x:  0.00000   0.02087   0.03584   0.01438   0.04686   0.04262   0.02098   0.02492   0.04208   0.01229   0.03179   0.02573   0.01485   0.01010   0.01218   0.03806   0.03509   0.01741   0.04023   0.03613   0.05258   0.02272   0.01054   0.01956   0.00330   0.04797   0.03088   0.04088   0.05834   0.04697   2.00000   1.09989   0.02896   0.27919   2.57308  
  2 431.0938    707.952431  x:  0.00000   0.02084   0.03258   0.01350   0.04363   0.03934   0.01746   0.02164   0.03881   0.00899   0.02850   0.02503   0.01154   0.00679   0.00887   0.03478   0.03181   0.01598   0.03868   0.03569   0.05052   0.01942   0.00856   0.01904   0.00000   0.04514   0.02911   0.04051   0.05669   0.04891   2.00004   1.09997   0.02889   0.27808   2.57308  
  3 715040.7399    696.218692  x:  0.00000   0.02082   0.02590   0.01171   0.03703   0.03262   0.01021   0.01492   0.03210   0.00221   0.02176   0.02357   0.00477   0.00000   0.00209   0.02804   0.02507   0.01285   0.03542   0.03480   0.04624   0.01266   0.00431   0.01794   0.00000   0.03918   0.02547   0.04017   0.05328   0.05271   2.00013   1.10012   0.02874   0.27570   2.57308  
  4 556779.9448    692.845254  x:  0.00000   0.02081   0.02384   0.01152   0.03501   0.03055   0.00798   0.01286   0.03005   0.00012   0.01968   0.02311   0.00268   0.00000   0.00000   0.02597   0.02300   0.01271   0.03442   0.03452   0.04487   0.01059   0.00376   0.01829   0.00000   0.03766   0.02389   0.04037   0.05218   0.05479   2.00015   1.10013   0.02874   0.27426   2.57308  
  5 6249.6754    692.670134  x:  0.00000   0.02082   0.02373   0.01150   0.03489   0.03043   0.00785   0.01274   0.02993   0.00000   0.01956   0.02310   0.00256   0.00000   0.00000   0.02585   0.02288   0.01271   0.03439   0.03451   0.04481   0.01047   0.00370   0.01827   0.00000   0.03763   0.02382   0.04035   0.05212   0.05486   2.00015   1.10013   0.02874   0.27414   2.57308  
  6 4856.6931    689.242422  x:  0.00000   0.02095   0.02120   0.01110   0.03236   0.02789   0.00506   0.01020   0.02739   0.00000   0.01701   0.02287   0.00000   0.00000   0.00000   0.02331   0.02033   0.01211   0.03375   0.03421   0.04347   0.00791   0.00253   0.01833   0.00000   0.03734   0.02244   0.03975   0.05096   0.05635   2.00018   1.10007   0.02881   0.27148   2.57308  
  7 23549.8560    684.302983  x:  0.00000   0.02098   0.01727   0.01068   0.02841   0.02393   0.00069   0.00623   0.02342   0.00000   0.01304   0.02227   0.00000   0.00000   0.00000   0.01934   0.01636   0.01155   0.03266   0.03380   0.04150   0.00391   0.00000   0.01860   0.00000   0.03711   0.02016   0.03915   0.04927   0.05867   2.00021   1.09998   0.02891   0.26739   2.57308  
  8 53296.2148    683.557806  x:  0.00000   0.02083   0.01665   0.01074   0.02779   0.02331   0.00000   0.00561   0.02280   0.00000   0.01242   0.02202   0.00000   0.00000   0.00000   0.01872   0.01574   0.01150   0.03245   0.03375   0.04119   0.00329   0.00000   0.01854   0.00000   0.03698   0.02005   0.03909   0.04902   0.05902   2.00021   1.09996   0.02893   0.26673   2.57308  
  9 10239.9434    680.085943  x:  0.00000   0.02060   0.01342   0.01012   0.02454   0.02006   0.00000   0.00232   0.01952   0.00000   0.00915   0.02124   0.00000   0.00000   0.00000   0.01546   0.01247   0.01150   0.03138   0.03356   0.03988   0.00000   0.00000   0.01865   0.00000   0.03587   0.02027   0.03925   0.04794   0.06085   2.00023   1.09986   0.02904   0.26331   2.57308  
 10 10317.1991    677.887260  x:  0.00000   0.02066   0.01115   0.01020   0.02225   0.01777   0.00000   0.00000   0.01721   0.00000   0.00686   0.02099   0.00000   0.00000   0.00000   0.01317   0.01018   0.01127   0.03071   0.03339   0.03906   0.00000   0.00000   0.01862   0.00000   0.03492   0.02034   0.03940   0.04728   0.06219   2.00024   1.09979   0.02912   0.26093   2.57308  
 11 23818.6278    671.996609  x:  0.00000   0.01984   0.00436   0.00957   0.01534   0.01093   0.00000   0.00000   0.01024   0.00000   0.00000   0.01978   0.00000   0.00000   0.00000   0.00632   0.00332   0.01083   0.02952   0.03280   0.03703   0.00000   0.00000   0.01807   0.00000   0.03140   0.01909   0.03963   0.04550   0.06518   2.00026   1.09956   0.02938   0.25408   2.57308  
 12 11234.4494    669.533061  x:  0.00000   0.02023   0.00108   0.00950   0.01201   0.00763   0.00000   0.00000   0.00691   0.00000   0.00000   0.01882   0.00000   0.00000   0.00000   0.00301   0.00000   0.01079   0.02868   0.03266   0.03595   0.00000   0.00000   0.01820   0.00000   0.02998   0.01905   0.03905   0.04447   0.06652   2.00027   1.09948   0.02949   0.25109   2.57307  
 13 4019.0815    668.861993  x:  0.00000   0.02008   0.00000   0.00948   0.01092   0.00655   0.00000   0.00000   0.00583   0.00000   0.00000   0.01880   0.00000   0.00000   0.00000   0.00193   0.00000   0.01076   0.02841   0.03260   0.03558   0.00000   0.00000   0.01821   0.00000   0.02966   0.01910   0.03895   0.04413   0.06700   2.00028   1.09946   0.02952   0.25019   2.57307  
 14 7902.4993    667.947011  x:  0.00000   0.02019   0.00000   0.00938   0.00898   0.00462   0.00000   0.00000   0.00394   0.00000   0.00000   0.01845   0.00000   0.00000   0.00000   0.00000   0.00000   0.01063   0.02827   0.03245   0.03514   0.00000   0.00000   0.01799   0.00000   0.02950   0.01911   0.03930   0.04377   0.06776   2.00028   1.09942   0.02957   0.24884   2.57306  
 15 2971.3003    666.404779  x:  0.00000   0.02013   0.00000   0.00936   0.00482   0.00052   0.00000   0.00000   0.00000   0.00000   0.00000   0.01815   0.00000   0.00000   0.00000   0.00000   0.00000   0.01065   0.02770   0.03258   0.03472   0.00000   0.00000   0.01808   0.00000   0.02813   0.01885   0.03931   0.04340   0.06854   2.00030   1.09935   0.02966   0.24563   2.57306  
 16 909.4921    666.263956  x:  0.00000   0.02013   0.00000   0.00936   0.00430   0.00000   0.00000   0.00000   0.00000   0.00000   0.00000   0.01811   0.00000   0.00000   0.00000   0.00000   0.00000   0.01066   0.02765   0.03239   0.03461   0.00000   0.00000   0.01809   0.00000   0.02801   0.01885   0.03930   0.04330   0.06862   2.00030   1.09935   0.02967   0.24532   2.57306  
 17 1100.7533    665.636960  x:  0.00000   0.02023   0.00000   0.00929   0.00000   0.00000   0.00000   0.00000   0.00000   0.00000   0.00000   0.01795   0.00000   0.00000   0.00000   0.00000   0.00000   0.01068   0.02728   0.03261   0.03358   0.00000   0.00000   0.01799   0.00000   0.02766   0.01881   0.03928   0.04234   0.06909   2.00032   1.09938   0.02964   0.24378   2.57305  
 18 617.5271    664.999078  x:  0.00000   0.02432   0.00000   0.00978   0.00000   0.00000   0.00000   0.00000   0.00000   0.00000   0.00000   0.02155   0.00000   0.00000   0.00000   0.00000   0.00000   0.01140   0.02005   0.03088   0.02508   0.00000   0.00000   0.01663   0.00000   0.02612   0.01156   0.04687   0.03748   0.05519   2.00228   1.10642   0.02248   0.24778   2.57308  
 19  9.9047    664.605204  x:  0.00000   0.02556   0.00000   0.01116   0.00000   0.00000   0.00000   0.00000   0.00000   0.00000   0.00000   0.02268   0.00000   0.00000   0.00000   0.00000   0.00000   0.01190   0.03235   0.03125   0.01972   0.00000   0.00000   0.01912   0.00000   0.01869   0.00978   0.05031   0.02983   0.05248   2.00430   1.11371   0.01507   0.24695   2.57310  
 20 29.3444    664.102045  x:  0.00000   0.02672   0.00000   0.01112   0.00000   0.00000   0.00000   0.00000   0.00000   0.00000   0.00000   0.02263   0.00000   0.00000   0.00000   0.00000   0.00000   0.01208   0.03037   0.02844   0.02765   0.00000   0.00000   0.01810   0.00000   0.00967   0.00650   0.04893   0.02623   0.05652   2.00752   1.12578   0.00287   0.24042   2.57311  
 21 18.4541    663.987007  x:  0.00000   0.02703   0.00000   0.01115   0.00000   0.00000   0.00000   0.00000   0.00000   0.00000   0.00000   0.02261   0.00000   0.00000   0.00000   0.00000   0.00000   0.01220   0.03052   0.02771   0.02330   0.00000   0.00000   0.01792   0.00000   0.00746   0.00616   0.04745   0.03324   0.05772   2.00885   1.13066  -0.00204   0.23679   2.57312  
 22 19.7174    662.872586  x:  0.00000   0.03270   0.00000   0.01325   0.00000   0.00000   0.00000   0.00000   0.00000   0.00000   0.00000   0.02663   0.00000   0.00000   0.00000   0.00000   0.00000   0.01564   0.03147   0.02091   0.02445   0.00000   0.00000   0.01490   0.00000   0.00407   0.01335   0.03434   0.02836   0.05537   2.03578   1.22414  -0.09615   0.15357   2.57310  
 23 10.1622    662.077672  x:  0.00000   0.03661   0.00000   0.01471   0.00000   0.00000   0.00000   0.00000   0.00000   0.00000   0.00000   0.02941   0.00000   0.00000   0.00000   0.00000   0.00000   0.01803   0.03214   0.01622   0.02524   0.00000   0.00455   0.01281   0.00000   0.00173   0.01832   0.02526   0.02498   0.05375   2.05441   1.28882  -0.16127   0.09607   2.57309  
 24 7577.2046    661.770112  x:  0.00000   0.03747   0.00000   0.01539   0.00000   0.00000   0.00000   0.00000   0.00000   0.00000   0.00000   0.03051   0.00000   0.00000   0.00000   0.00000   0.00000   0.01763   0.03117   0.01559   0.02591   0.00000   0.00570   0.01421   0.00000   0.00000   0.02077   0.02830   0.02352   0.05467   2.06199   1.31731  -0.18943   0.08417   2.57294  
 25  7.8649    661.711095  x:  0.00672   0.03723   0.00000   0.01508   0.00000   0.00000   0.00000   0.00000   0.00000   0.00000   0.00000   0.03025   0.00000   0.00000   0.00000   0.00000   0.00000   0.01759   0.03147   0.01591   0.02505   0.00000   0.00517   0.01352   0.00000   0.00000   0.01961   0.02656   0.02373   0.05471   2.06002   1.30981  -0.18209   0.09297   2.57301  
 26 16.7411    660.854963  x:  0.01032   0.04121   0.00000   0.01561   0.00000   0.00000   0.00000   0.00000   0.00000   0.00000   0.00000   0.03639   0.00000   0.00000   0.00000   0.00000   0.00000   0.01199   0.02761   0.01644   0.01445   0.00000   0.00643   0.01367   0.00000   0.00000   0.02141   0.02127   0.01273   0.06436   2.09765   1.45108  -0.32323   0.15139   2.57286  
 27 28.9893    659.669050  x:  0.01845   0.03956   0.00000   0.01625   0.00000   0.00000   0.00000   0.00000   0.00000   0.00000   0.00000   0.04180   0.00000   0.00000   0.00000   0.00000   0.00000   0.00735   0.02973   0.02706   0.01336   0.00000   0.00545   0.00684   0.00000   0.00000   0.01882   0.01447   0.01585   0.06744   2.16435   1.70139  -0.57456   0.12197   2.57304  
 28 11.7153    659.108789  x:  0.01470   0.03597   0.00000   0.01446   0.00000   0.00000   0.00000   0.00000   0.00000   0.00000   0.00000   0.03791   0.00000   0.00000   0.00000   0.00000   0.00000   0.01158   0.02672   0.02959   0.00922   0.00000   0.00323   0.01070   0.00000   0.00000   0.01562   0.01601   0.01628   0.07167   2.20598   1.85409  -0.72679   0.12954   2.57279  
 29  8.2925    658.714924  x:  0.02047   0.03105   0.00000   0.00960   0.00000   0.00000   0.00000   0.00000   0.00000   0.00000   0.00000   0.03116   0.00000   0.00000   0.00000   0.00000   0.00000   0.00757   0.02421   0.03063   0.00906   0.00000   0.00364   0.01338   0.00000   0.00000   0.01507   0.01027   0.01528   0.06297   2.23357   1.93924  -0.81120   0.14462   2.57297  
 30  4.0246    658.700817  x:  0.02065   0.03089   0.00000   0.00943   0.00000   0.00000   0.00000   0.00000   0.00000   0.00000   0.00000   0.03093   0.00000   0.00000   0.00000   0.00000   0.00000   0.00744   0.02412   0.03066   0.00906   0.00000   0.00365   0.01347   0.00000   0.00148   0.01505   0.01008   0.01524   0.06269   2.23448   1.94204  -0.81398   0.14510   2.57297  
 31 59.2120    658.359829  x:  0.01940   0.03223   0.00000   0.00671   0.00000   0.00000   0.00000   0.00000   0.00000   0.00000   0.00000   0.02793   0.00000   0.00000   0.00000   0.00000   0.00000   0.00857   0.02404   0.02900   0.00836   0.00000   0.00391   0.01209   0.00000   0.00000   0.01521   0.01208   0.01510   0.06621   2.25282   1.98003  -0.85009   0.13837   2.57380  
 32  0.6778    657.862488  x:  0.01674   0.03286   0.00000   0.00964   0.00000   0.00000   0.00000   0.00000   0.00000   0.00000   0.00000   0.01701   0.00000   0.00000   0.00000   0.00000   0.00000   0.00680   0.02022   0.02619   0.00829   0.00000   0.00404   0.01201   0.00000   0.00000   0.01491   0.01526   0.01640   0.07305   2.29357   2.04029  -0.90816   0.12831   2.57739  
 33  1.4323    657.549692  x:  0.02266   0.03229   0.00000   0.00916   0.00000   0.00000   0.00000   0.00000   0.00000   0.00000   0.00000   0.01713   0.00000   0.00000   0.00000   0.00000   0.00000   0.01004   0.01685   0.03045   0.01157   0.00000   0.00590   0.01312   0.00000   0.00000   0.01677   0.01062   0.01674   0.07800   2.31883   2.04254  -0.90581   0.11467   2.58068  
 34  0.2548    657.397252  x:  0.02082   0.02593   0.00000   0.00896   0.00000   0.00000   0.00000   0.00000   0.00000   0.00000   0.00000   0.02011   0.00000   0.00000   0.00000   0.00000   0.00000   0.00964   0.01635   0.02729   0.01088   0.00000   0.00621   0.01159   0.00000   0.00000   0.01676   0.01289   0.01780   0.08341   2.32913   2.07780  -0.93891   0.11214   2.58285  
 35  0.4175    657.222653  x:  0.02239   0.02981   0.00000   0.00815   0.00000   0.00000   0.00000   0.00000   0.00000   0.00000   0.00000   0.02059   0.00000   0.00000   0.00000   0.00000   0.00000   0.00931   0.01840   0.02667   0.01009   0.00000   0.00730   0.01076   0.00000   0.00000   0.01805   0.01179   0.01949   0.09129   2.33295   2.21289  -1.06863   0.13210   2.58680  
 36  0.5117    657.106210  x:  0.02727   0.02789   0.00000   0.00826   0.00000   0.00000   0.00000   0.00000   0.00000   0.00000   0.00000   0.01829   0.00000   0.00000   0.00000   0.00000   0.00000   0.00937   0.02087   0.02794   0.00996   0.00000   0.00807   0.00944   0.00000   0.00000   0.01692   0.00746   0.01520   0.09398   2.25593   2.34863  -1.19767   0.13158   2.59336  
 37  0.2887    657.013146  x:  0.03139   0.02662   0.00000   0.00879   0.00000   0.00000   0.00000   0.00000   0.00000   0.00000   0.00000   0.01817   0.00000   0.00000   0.00000   0.00000   0.00000   0.00818   0.01787   0.03052   0.01072   0.00000   0.00875   0.01046   0.00000   0.00000   0.01665   0.00268   0.01599   0.09437   2.24607   2.58787  -1.42830   0.14119   2.60104  
 38  0.2689    656.956757  x:  0.03340   0.02825   0.00000   0.00936   0.00000   0.00000   0.00000   0.00000   0.00000   0.00000   0.00000   0.01869   0.00000   0.00000   0.00000   0.00000   0.00000   0.00831   0.01762   0.03124   0.00877   0.00000   0.00964   0.00985   0.00000   0.00000   0.01751   0.00073   0.01649   0.09298   2.25694   2.70749  -1.54109   0.13387   2.60701  
 39  0.3041    656.890621  x:  0.03239   0.02830   0.00000   0.00937   0.00000   0.00000   0.00000   0.00000   0.00000   0.00000   0.00000   0.01918   0.00000   0.00000   0.00000   0.00000   0.00000   0.00815   0.01930   0.03018   0.01129   0.00000   0.01013   0.00908   0.00000   0.00000   0.01776   0.00106   0.01776   0.09003   2.31320   2.92286  -1.74548   0.13037   2.61648  
 40  0.4371    656.860438  x:  0.03353   0.02789   0.00000   0.00936   0.00000   0.00000   0.00000   0.00000   0.00000   0.00000   0.00000   0.01909   0.00000   0.00000   0.00000   0.00000   0.00000   0.00839   0.01912   0.02975   0.01120   0.00000   0.01033   0.00907   0.00000   0.00000   0.01767   0.00000   0.01740   0.08882   2.30625   3.00260  -1.82019   0.13330   2.62090  
 41  0.2738    656.860438  x:  0.03353   0.02789   0.00000   0.00936   0.00000   0.00000   0.00000   0.00000   0.00000   0.00000   0.00000   0.01909   0.00000   0.00000   0.00000   0.00000   0.00000   0.00839   0.01912   0.02975   0.01120   0.00000   0.01033   0.00907   0.00000   0.00000   0.01767   0.00000   0.01740   0.08882   2.30625   3.00260  -1.82019   0.13330   2.62090  
 42  0.4798    656.839228  x:  0.03362   0.02756   0.00000   0.00932   0.00000   0.00000   0.00000   0.00000   0.00000   0.00000   0.00000   0.01885   0.00000   0.00000   0.00000   0.00000   0.00000   0.00961   0.01886   0.02935   0.01048   0.00000   0.00916   0.00927   0.00000   0.00000   0.01833   0.00004   0.01701   0.08850   2.30625   3.00261  -1.82020   0.13348   2.62090  
 43 19.9967    656.834745  x:  0.03376   0.02718   0.00000   0.00932   0.00000   0.00000   0.00000   0.00000   0.00000   0.00000   0.00000   0.01863   0.00000   0.00000   0.00000   0.00000   0.00000   0.00916   0.01860   0.02879   0.01018   0.00000   0.00917   0.00921   0.00000   0.00000   0.01888   0.00017   0.01650   0.08794   2.30624   3.00262  -1.82022   0.13386   2.62090  
 44  7.1673    656.832857  x:  0.03383   0.02701   0.00000   0.00932   0.00000   0.00000   0.00000   0.00000   0.00000   0.00000   0.00000   0.01861   0.00000   0.00000   0.00000   0.00000   0.00000   0.00940   0.01858   0.02843   0.01050   0.00000   0.00941   0.00923   0.00000   0.00000   0.01887   0.00023   0.01630   0.08721   2.30623   3.00265  -1.82024   0.13444   2.62090  
 45  4.5404    656.830451  x:  0.03382   0.02696   0.00000   0.00931   0.00000   0.00000   0.00000   0.00000   0.00000   0.00000   0.00000   0.01873   0.00000   0.00000   0.00000   0.00000   0.00000   0.00925   0.01872   0.02824   0.01053   0.00000   0.00912   0.00922   0.00000   0.00000   0.01851   0.00022   0.01652   0.08587   2.30620   3.00271  -1.82030   0.13570   2.62090  
 46  5.5347    656.829516  x:  0.03376   0.02704   0.00000   0.00931   0.00000   0.00000   0.00000   0.00000   0.00000   0.00000   0.00000   0.01871   0.00000   0.00000   0.00000   0.00000   0.00000   0.00931   0.01869   0.02846   0.01030   0.00000   0.00931   0.00922   0.00000   0.00000   0.01860   0.00015   0.01668   0.08538   2.30618   3.00275  -1.82034   0.13642   2.62090  
 47  4.6706    656.829028  x:  0.03373   0.02713   0.00000   0.00931   0.00000   0.00000   0.00000   0.00000   0.00000   0.00000   0.00000   0.01864   0.00000   0.00000   0.00000   0.00000   0.00000   0.00928   0.01862   0.02872   0.01046   0.00000   0.00924   0.00922   0.00000   0.00000   0.01878   0.00012   0.01664   0.08528   2.30616   3.00279  -1.82038   0.13701   2.62090  
 48  2.8696    656.828372  x:  0.03383   0.02708   0.00000   0.00930   0.00000   0.00000   0.00000   0.00000   0.00000   0.00000   0.00000   0.01867   0.00000   0.00000   0.00000   0.00000   0.00000   0.00929   0.01865   0.02877   0.01038   0.00000   0.00925   0.00923   0.00000   0.00000   0.01862   0.00021   0.01642   0.08571   2.30611   3.00290  -1.82049   0.13828   2.62090  
 49  1.8035    656.828177  x:  0.03375   0.02708   0.00000   0.00932   0.00000   0.00000   0.00000   0.00000   0.00000   0.00000   0.00000   0.01866   0.00000   0.00000   0.00000   0.00000   0.00000   0.00929   0.01864   0.02860   0.01040   0.00000   0.00924   0.00919   0.00000   0.00000   0.01868   0.00013   0.01656   0.08591   2.30609   3.00296  -1.82055   0.13870   2.62090  
 50  1.7735    656.828172  x:  0.03375   0.02708   0.00000   0.00931   0.00000   0.00000   0.00000   0.00000   0.00000   0.00000   0.00000   0.01866   0.00000   0.00000   0.00000   0.00000   0.00000   0.00928   0.01864   0.02860   0.01040   0.00000   0.00925   0.00922   0.00000   0.00000   0.01868   0.00013   0.01656   0.08592   2.30609   3.00297  -1.82056   0.13871   2.62090  
 51  0.3265    656.828145  x:  0.03381   0.02708   0.00000   0.00934   0.00000   0.00000   0.00000   0.00000   0.00000   0.00000   0.00000   0.01863   0.00000   0.00000   0.00000   0.00000   0.00000   0.00929   0.01860   0.02859   0.01040   0.00000   0.00924   0.00923   0.00000   0.00000   0.01867   0.00016   0.01660   0.08592   2.30599   3.00328  -1.82088   0.13871   2.62090  
 52  0.1418    656.827915  x:  0.03396   0.02710   0.00000   0.00919   0.00000   0.00000   0.00000   0.00000   0.00000   0.00000   0.00000   0.01860   0.00000   0.00000   0.00000   0.00000   0.00000   0.00929   0.01854   0.02859   0.01041   0.00000   0.00925   0.00914   0.00000   0.00000   0.01866   0.00013   0.01665   0.08592   2.30516   3.00603  -1.82362   0.13872   2.62090  
 53  3.2020    656.827298  x:  0.03408   0.02711   0.00000   0.00919   0.00000   0.00000   0.00000   0.00000   0.00000   0.00000   0.00000   0.01860   0.00000   0.00000   0.00000   0.00000   0.00000   0.00929   0.01853   0.02858   0.01041   0.00000   0.00925   0.00914   0.00000   0.00000   0.01866   0.00000   0.01665   0.08592   2.30403   3.00977  -1.82736   0.13873   2.62090  
 54 38.0716    656.826047  x:  0.03477   0.02671   0.00000   0.00918   0.00000   0.00000   0.00000   0.00000   0.00000   0.00000   0.00000   0.01866   0.00000   0.00000   0.00000   0.00000   0.00000   0.00928   0.01871   0.02872   0.01047   0.00000   0.00926   0.00915   0.00000   0.00000   0.01877   0.00000   0.01680   0.08593   2.29889   3.02683  -1.84442   0.13878   2.62090  
 55 190.9629    656.825509  x:  0.03447   0.02630   0.00000   0.00918   0.00000   0.00000   0.00000   0.00000   0.00000   0.00000   0.00000   0.01861   0.00000   0.00000   0.00000   0.00000   0.00000   0.00928   0.01860   0.02885   0.01050   0.00000   0.00925   0.00914   0.00000   0.00000   0.01868   0.00000   0.01687   0.08594   2.29716   3.03274  -1.85033   0.13880   2.62090  
 56 16.8436    656.825231  x:  0.03424   0.02628   0.00000   0.00917   0.00000   0.00000   0.00000   0.00000   0.00000   0.00000   0.00000   0.01870   0.00000   0.00000   0.00000   0.00000   0.00000   0.00928   0.01880   0.02886   0.01051   0.00000   0.00925   0.00915   0.00000   0.00000   0.01883   0.00000   0.01693   0.08594   2.29669   3.03454  -1.85213   0.13881   2.62090  
 57  5.3904    656.821792  x:  0.03423   0.02631   0.00000   0.00918   0.00000   0.00000   0.00000   0.00000   0.00000   0.00000   0.00000   0.01962   0.00000   0.00000   0.00000   0.00000   0.00000   0.00930   0.01827   0.02884   0.01050   0.00000   0.00924   0.00917   0.00000   0.00000   0.01896   0.00000   0.01690   0.08592   2.29758   3.07884  -1.89642   0.13905   2.62090  
 58  0.6260    656.767341  x:  0.03359   0.02747   0.00000   0.00936   0.00000   0.00000   0.00000   0.00000   0.00000   0.00000   0.00000   0.01777   0.00000   0.00000   0.00000   0.00000   0.00000   0.00962   0.01881   0.02827   0.01010   0.00000   0.00892   0.00927   0.00000   0.00000   0.01860   0.00000   0.01618   0.08549   2.31436   3.92668  -2.74410   0.14355   2.62086  
 59 314.0210    656.756369  x:  0.03396   0.02698   0.00000   0.00929   0.00000   0.00000   0.00000   0.00000   0.00000   0.00000   0.00000   0.01893   0.00000   0.00000   0.00000   0.00000   0.00000   0.00919   0.01860   0.02863   0.01046   0.00000   0.00934   0.00920   0.00000   0.00000   0.01866   0.00000   0.01658   0.08581   2.27741   4.15133  -2.96869   0.14063   2.62084  
 60  0.2176    656.750497  x:  0.03380   0.02699   0.00000   0.00929   0.00000   0.00000   0.00000   0.00000   0.00000   0.00000   0.00000   0.01817   0.00000   0.00000   0.00000   0.00000   0.00000   0.00926   0.01857   0.02850   0.01030   0.00000   0.00915   0.00916   0.00000   0.00000   0.01861   0.00000   0.01643   0.08568   2.26931   4.91417  -3.73137   0.14111   2.62080  
 61  0.2127    656.750481  x:  0.03380   0.02699   0.00000   0.00929   0.00000   0.00000   0.00000   0.00000   0.00000   0.00000   0.00000   0.01817   0.00000   0.00000   0.00000   0.00000   0.00000   0.00926   0.01857   0.02850   0.01030   0.00000   0.00915   0.00916   0.00000   0.00000   0.01861   0.00011   0.01643   0.08568   2.26929   4.91713  -3.73433   0.14112   2.62080  
 62 11.3570    656.748963  x:  0.03372   0.02707   0.00000   0.00930   0.00000   0.00000   0.00000   0.00000   0.00000   0.00000   0.00000   0.01875   0.00000   0.00000   0.00000   0.00000   0.00000   0.00925   0.01865   0.02856   0.01040   0.00000   0.00927   0.00922   0.00000   0.00000   0.01864   0.00016   0.01651   0.08576   2.28476   5.17586  -3.99300   0.14116   2.62078  
 63  0.2409    656.748199  x:  0.03356   0.02695   0.00000   0.00928   0.00000   0.00000   0.00000   0.00000   0.00000   0.00000   0.00000   0.01854   0.00000   0.00000   0.00000   0.00000   0.00000   0.00928   0.01856   0.02859   0.01037   0.00000   0.00921   0.00916   0.00000   0.00000   0.01868   0.00039   0.01652   0.08575   2.27495   5.93800  -4.75497   0.14074   2.62073  
 64  0.2221    656.747997  x:  0.03350   0.02705   0.00000   0.00930   0.00000   0.00000   0.00000   0.00000   0.00000   0.00000   0.00000   0.01865   0.00000   0.00000   0.00000   0.00000   0.00000   0.00925   0.01863   0.02855   0.01038   0.00000   0.00925   0.00921   0.00000   0.00000   0.01863   0.00036   0.01649   0.08574   2.28293   6.19572  -5.01263   0.14118   2.62071  
 65  0.2301    656.747900  x:  0.03335   0.02702   0.00000   0.00929   0.00000   0.00000   0.00000   0.00000   0.00000   0.00000   0.00000   0.01864   0.00000   0.00000   0.00000   0.00000   0.00000   0.00926   0.01860   0.02857   0.01038   0.00000   0.00923   0.00919   0.00000   0.00000   0.01866   0.00057   0.01651   0.08575   2.27772   6.89786  -5.71462   0.14090   2.62067  
 66  0.2145    656.747872  x:  0.03328   0.02704   0.00000   0.00930   0.00000   0.00000   0.00000   0.00000   0.00000   0.00000   0.00000   0.01863   0.00000   0.00000   0.00000   0.00000   0.00000   0.00925   0.01862   0.02856   0.01038   0.00000   0.00925   0.00920   0.00000   0.00000   0.01864   0.00059   0.01650   0.08574   2.28188   7.18719  -6.00387   0.14112   2.62065  
 67  0.2423    656.747858  x:  0.03314   0.02703   0.00000   0.00929   0.00000   0.00000   0.00000   0.00000   0.00000   0.00000   0.00000   0.01864   0.00000   0.00000   0.00000   0.00000   0.00000   0.00926   0.01862   0.02856   0.01038   0.00000   0.00924   0.00920   0.00000   0.00000   0.01865   0.00076   0.01650   0.08575   2.27984   7.86330  -6.67983   0.14102   2.62060  
 68  0.2242    656.747854  x:  0.03307   0.02703   0.00000   0.00930   0.00000   0.00000   0.00000   0.00000   0.00000   0.00000   0.00000   0.01863   0.00000   0.00000   0.00000   0.00000   0.00000   0.00925   0.01862   0.02856   0.01038   0.00000   0.00925   0.00920   0.00000   0.00000   0.01864   0.00081   0.01650   0.08574   2.28127   8.16269  -6.97915   0.14109   2.62058  
 69  0.2425    656.747852  x:  0.03292   0.02704   0.00000   0.00930   0.00000   0.00000   0.00000   0.00000   0.00000   0.00000   0.00000   0.01864   0.00000   0.00000   0.00000   0.00000   0.00000   0.00926   0.01862   0.02856   0.01038   0.00000   0.00924   0.00920   0.00000   0.00000   0.01865   0.00096   0.01650   0.08575   2.28052   8.83179  -7.64810   0.14106   2.62054  
 70  0.2308    656.747852  x:  0.03285   0.02703   0.00000   0.00930   0.00000   0.00000   0.00000   0.00000   0.00000   0.00000   0.00000   0.01863   0.00000   0.00000   0.00000   0.00000   0.00000   0.00925   0.01862   0.02856   0.01038   0.00000   0.00924   0.00920   0.00000   0.00000   0.01864   0.00103   0.01650   0.08575   2.28103   9.13921  -7.95544   0.14107   2.62052  
 71  0.2454    656.747852  x:  0.03271   0.02703   0.00000   0.00930   0.00000   0.00000   0.00000   0.00000   0.00000   0.00000   0.00000   0.01864   0.00000   0.00000   0.00000   0.00000   0.00000   0.00926   0.01862   0.02856   0.01038   0.00000   0.00924   0.00920   0.00000   0.00000   0.01864   0.00118   0.01650   0.08574   2.28080   9.80836  -8.62444   0.14107   2.62048  
 72  0.2349    656.747851  x:  0.03264   0.02703   0.00000   0.00930   0.00000   0.00000   0.00000   0.00000   0.00000   0.00000   0.00000   0.01863   0.00000   0.00000   0.00000   0.00000   0.00000   0.00926   0.01862   0.02856   0.01038   0.00000   0.00924   0.00920   0.00000   0.00000   0.01864   0.00125   0.01650   0.08575   2.28094  10.12649  -8.94250   0.14107   2.62045  
 73  0.2485    656.747851  x:  0.03249   0.02703   0.00000   0.00930   0.00000   0.00000   0.00000   0.00000   0.00000   0.00000   0.00000   0.01864   0.00000   0.00000   0.00000   0.00000   0.00000   0.00926   0.01862   0.02856   0.01038   0.00000   0.00924   0.00920   0.00000   0.00000   0.01864   0.00139   0.01650   0.08574   2.28088  10.78671  -9.60257   0.14108   2.62041  
 74  0.2404    656.747851  x:  0.03242   0.02703   0.00000   0.00930   0.00000   0.00000   0.00000   0.00000   0.00000   0.00000   0.00000   0.01863   0.00000   0.00000   0.00000   0.00000   0.00000   0.00926   0.01862   0.02856   0.01038   0.00000   0.00924   0.00920   0.00000   0.00000   0.01864   0.00146   0.01650   0.08575   2.28092  11.10074  -9.91652   0.14107   2.62039  
 75  0.2329    656.747851  x:  0.03232   0.02703   0.00000   0.00930   0.00000   0.00000   0.00000   0.00000   0.00000   0.00000   0.00000   0.01864   0.00000   0.00000   0.00000   0.00000   0.00000   0.00926   0.01862   0.02856   0.01038   0.00000   0.00924   0.00920   0.00000   0.00000   0.01864   0.00157   0.01650   0.08575   2.28090  11.57295  -10.38862   0.14107   2.62036  
 76  0.2173    656.747851  x:  0.03222   0.02703   0.00000   0.00930   0.00000   0.00000   0.00000   0.00000   0.00000   0.00000   0.00000   0.01863   0.00000   0.00000   0.00000   0.00000   0.00000   0.00926   0.01862   0.02856   0.01038   0.00000   0.00924   0.00920   0.00000   0.00000   0.01864   0.00167   0.01650   0.08575   2.28092  12.04926  -10.86483   0.14107   2.62033  
 77  0.2391    656.747851  x:  0.03220   0.02703   0.00000   0.00930   0.00000   0.00000   0.00000   0.00000   0.00000   0.00000   0.00000   0.01863   0.00000   0.00000   0.00000   0.00000   0.00000   0.00926   0.01862   0.02856   0.01038   0.00000   0.00924   0.00920   0.00000   0.00000   0.01864   0.00169   0.01650   0.08575   2.28091  12.12888  -10.94442   0.14107   2.62032  
 78  0.1007    656.747851  x:  0.03218   0.02703   0.00000   0.00930   0.00000   0.00000   0.00000   0.00000   0.00000   0.00000   0.00000   0.01863   0.00000   0.00000   0.00000   0.00000   0.00000   0.00926   0.01862   0.02856   0.01038   0.00000   0.00924   0.00920   0.00000   0.00000   0.01864   0.00171   0.01650   0.08575   2.28091  12.20461  -11.02013   0.14107   2.62032  
 79  0.0503    656.747851  x:  0.03195   0.02703   0.00000   0.00930   0.00000   0.00000   0.00000   0.00000   0.00000   0.00000   0.00000   0.01863   0.00000   0.00000   0.00000   0.00000   0.00000   0.00926   0.01862   0.02856   0.01038   0.00000   0.00924   0.00920   0.00000   0.00000   0.01864   0.00194   0.01650   0.08575   2.28091  13.26722  -12.08250   0.14107   2.62024  
 80  0.1878    656.747851  x:  0.03201   0.02703   0.00000   0.00930   0.00000   0.00000   0.00000   0.00000   0.00000   0.00000   0.00000   0.01863   0.00000   0.00000   0.00000   0.00000   0.00000   0.00926   0.01862   0.02856   0.01038   0.00000   0.00924   0.00920   0.00000   0.00000   0.01864   0.00188   0.01650   0.08575   2.28091  13.00157  -11.81691   0.14107   2.62026  
 81  1.0384    656.747851  x:  0.03207   0.02703   0.00000   0.00930   0.00000   0.00000   0.00000   0.00000   0.00000   0.00000   0.00000   0.01863   0.00000   0.00000   0.00000   0.00000   0.00000   0.00926   0.01862   0.02856   0.01038   0.00000   0.00924   0.00920   0.00000   0.00000   0.01864   0.00182   0.01650   0.08574   2.28091  12.70784  -11.52325   0.14107   2.62028  
 82  0.3676    656.747851  x:  0.03206   0.02703   0.00000   0.00930   0.00000   0.00000   0.00000   0.00000   0.00000   0.00000   0.00000   0.01863   0.00000   0.00000   0.00000   0.00000   0.00000   0.00926   0.01862   0.02856   0.01038   0.00000   0.00924   0.00920   0.00000   0.00000   0.01864   0.00183   0.01650   0.08574   2.28091  12.75471  -11.57011   0.14107   2.62028  
 83  0.5497    656.747851  x:  0.03206   0.02703   0.00000   0.00930   0.00000   0.00000   0.00000   0.00000   0.00000   0.00000   0.00000   0.01863   0.00000   0.00000   0.00000   0.00000   0.00000   0.00926   0.01862   0.02856   0.01038   0.00000   0.00924   0.00920   0.00000   0.00000   0.01864   0.00183   0.01650   0.08574   2.28091  12.77278  -11.58818   0.14107   2.62028  
 84  0.0545    656.747851  x:  0.03206   0.02703   0.00000   0.00930   0.00000   0.00000   0.00000   0.00000   0.00000   0.00000   0.00000   0.01863   0.00000   0.00000   0.00000   0.00000   0.00000   0.00926   0.01862   0.02856   0.01038   0.00000   0.00924   0.00920   0.00000   0.00000   0.01864   0.00183   0.01650   0.08574   2.28091  12.77306  -11.58846   0.14107   2.62028  
 85  0.3322    656.747851  x:  0.03206   0.02703   0.00000   0.00930   0.00000   0.00000   0.00000   0.00000   0.00000   0.00000   0.00000   0.01863   0.00000   0.00000   0.00000   0.00000   0.00000   0.00926   0.01862   0.02856   0.01038   0.00000   0.00924   0.00920   0.00000   0.00000   0.01864   0.00183   0.01650   0.08574   2.28091  12.77307  -11.58846   0.14107   2.62028  
 86  0.0029    656.747851  x:  0.03206   0.02703   0.00000   0.00930   0.00000   0.00000   0.00000   0.00000   0.00000   0.00000   0.00000   0.01863   0.00000   0.00000   0.00000   0.00000   0.00000   0.00926   0.01862   0.02856   0.01038   0.00000   0.00924   0.00920   0.00000   0.00000   0.01864   0.00183   0.01650   0.08574   2.28091  12.77307  -11.58846   0.14107   2.62028  
 87  0.1465    656.747851  x:  0.03206   0.02703   0.00000   0.00930   0.00000   0.00000   0.00000   0.00000   0.00000   0.00000   0.00000   0.01863   0.00000   0.00000   0.00000   0.00000   0.00000   0.00926   0.01862   0.02856   0.01038   0.00000   0.00924   0.00920   0.00000   0.00000   0.01864   0.00183   0.01650   0.08574   2.28091  12.77307  -11.58846   0.14107   2.62028  
check convergence!
