Supplemental results for CODEML (seqf: /Users/YY/Desktop/get/branch_site/modify/modify_trim_muscle_psaC.fa  treef: /Users/YY/Desktop/get/branch_site/16gene_topu.tree)


dN/dS (w) for site classes (K=4)

site class             0        1       2a       2b
proportion       1.00000  0.00000  0.00000  0.00000
background w     0.02414  1.00000  0.02414  1.00000
foreground w     0.02414  1.00000  2.56726  2.56726
(note that p[2] is zero)


Naive Empirical Bayes (NEB) probabilities for 4 classes
(amino acids refer to 1st sequence: NC_008325)

   1 M   1.00000 0.00000 0.00000 0.00000 ( 1)
   2 S   1.00000 0.00000 0.00000 0.00000 ( 1)
   3 H   1.00000 0.00000 0.00000 0.00000 ( 1)
   4 S   1.00000 0.00000 0.00000 0.00000 ( 1)
   5 V   1.00000 0.00000 0.00000 0.00000 ( 1)
   6 K   1.00000 0.00000 0.00000 0.00000 ( 1)
   7 I   1.00000 0.00000 0.00000 0.00000 ( 1)
   8 Y   1.00000 0.00000 0.00000 0.00000 ( 1)
   9 D   1.00000 0.00000 0.00000 0.00000 ( 1)
  10 T   1.00000 0.00000 0.00000 0.00000 ( 1)
  11 C   1.00000 0.00000 0.00000 0.00000 ( 1)
  12 I   1.00000 0.00000 0.00000 0.00000 ( 1)
  13 G   1.00000 0.00000 0.00000 0.00000 ( 1)
  14 C   1.00000 0.00000 0.00000 0.00000 ( 1)
  15 T   1.00000 0.00000 0.00000 0.00000 ( 1)
  16 Q   1.00000 0.00000 0.00000 0.00000 ( 1)
  17 C   1.00000 0.00000 0.00000 0.00000 ( 1)
  18 V   1.00000 0.00000 0.00000 0.00000 ( 1)
  19 R   1.00000 0.00000 0.00000 0.00000 ( 1)
  20 A   1.00000 0.00000 0.00000 0.00000 ( 1)
  21 C   1.00000 0.00000 0.00000 0.00000 ( 1)
  22 P   1.00000 0.00000 0.00000 0.00000 ( 1)
  23 T   1.00000 0.00000 0.00000 0.00000 ( 1)
  24 D   1.00000 0.00000 0.00000 0.00000 ( 1)
  25 V   1.00000 0.00000 0.00000 0.00000 ( 1)
  26 L   1.00000 0.00000 0.00000 0.00000 ( 1)
  27 E   1.00000 0.00000 0.00000 0.00000 ( 1)
  28 M   1.00000 0.00000 0.00000 0.00000 ( 1)
  29 I   1.00000 0.00000 0.00000 0.00000 ( 1)
  30 P   1.00000 0.00000 0.00000 0.00000 ( 1)
  31 W   1.00000 0.00000 0.00000 0.00000 ( 1)
  32 D   1.00000 0.00000 0.00000 0.00000 ( 1)
  33 G   1.00000 0.00000 0.00000 0.00000 ( 1)
  34 C   1.00000 0.00000 0.00000 0.00000 ( 1)
  35 K   1.00000 0.00000 0.00000 0.00000 ( 1)
  36 A   1.00000 0.00000 0.00000 0.00000 ( 1)
  37 K   1.00000 0.00000 0.00000 0.00000 ( 1)
  38 Q   1.00000 0.00000 0.00000 0.00000 ( 1)
  39 I   1.00000 0.00000 0.00000 0.00000 ( 1)
  40 A   1.00000 0.00000 0.00000 0.00000 ( 1)
  41 S   1.00000 0.00000 0.00000 0.00000 ( 1)
  42 A   1.00000 0.00000 0.00000 0.00000 ( 1)
  43 P   1.00000 0.00000 0.00000 0.00000 ( 1)
  44 R   1.00000 0.00000 0.00000 0.00000 ( 1)
  45 T   1.00000 0.00000 0.00000 0.00000 ( 1)
  46 E   1.00000 0.00000 0.00000 0.00000 ( 1)
  47 D   1.00000 0.00000 0.00000 0.00000 ( 1)
  48 C   1.00000 0.00000 0.00000 0.00000 ( 1)
  49 V   1.00000 0.00000 0.00000 0.00000 ( 1)
  50 G   1.00000 0.00000 0.00000 0.00000 ( 1)
  51 C   1.00000 0.00000 0.00000 0.00000 ( 1)
  52 K   1.00000 0.00000 0.00000 0.00000 ( 1)
  53 R   1.00000 0.00000 0.00000 0.00000 ( 1)
  54 C   1.00000 0.00000 0.00000 0.00000 ( 1)
  55 E   1.00000 0.00000 0.00000 0.00000 ( 1)
  56 S   1.00000 0.00000 0.00000 0.00000 ( 1)
  57 A   1.00000 0.00000 0.00000 0.00000 ( 1)
  58 C   1.00000 0.00000 0.00000 0.00000 ( 1)
  59 P   1.00000 0.00000 0.00000 0.00000 ( 1)
  60 T   1.00000 0.00000 0.00000 0.00000 ( 1)
  61 D   1.00000 0.00000 0.00000 0.00000 ( 1)
  62 F   1.00000 0.00000 0.00000 0.00000 ( 1)
  63 L   1.00000 0.00000 0.00000 0.00000 ( 1)
  64 S   1.00000 0.00000 0.00000 0.00000 ( 1)
  65 V   1.00000 0.00000 0.00000 0.00000 ( 1)
  66 R   1.00000 0.00000 0.00000 0.00000 ( 1)
  67 V   1.00000 0.00000 0.00000 0.00000 ( 1)
  68 S   1.00000 0.00000 0.00000 0.00000 ( 1)
  69 L   1.00000 0.00000 0.00000 0.00000 ( 1)
  70 W   1.00000 0.00000 0.00000 0.00000 ( 1)
  71 N   1.00000 0.00000 0.00000 0.00000 ( 1)
  72 E   1.00000 0.00000 0.00000 0.00000 ( 1)
  73 T   1.00000 0.00000 0.00000 0.00000 ( 1)
  74 T   1.00000 0.00000 0.00000 0.00000 ( 1)
  75 R   1.00000 0.00000 0.00000 0.00000 ( 1)
  76 S   1.00000 0.00000 0.00000 0.00000 ( 1)
  77 M   1.00000 0.00000 0.00000 0.00000 ( 1)
  78 G   1.00000 0.00000 0.00000 0.00000 ( 1)
  79 L   1.00000 0.00000 0.00000 0.00000 ( 1)
  80 A   1.00000 0.00000 0.00000 0.00000 ( 1)
  81 Y   1.00000 0.00000 0.00000 0.00000 ( 1)


lnL =  -393.466495

Bayes Empirical Bayes (BEB) probabilities for 4 classes (class)
(amino acids refer to 1st sequence: NC_008325)

   1 M   0.71554 0.02860 0.24363 0.01223 ( 1)
   2 S   0.71304 0.03110 0.24257 0.01329 ( 1)
   3 H   0.71662 0.02752 0.24408 0.01177 ( 1)
   4 S   0.71304 0.03110 0.24257 0.01329 ( 1)
   5 V   0.71824 0.02591 0.24477 0.01109 ( 1)
   6 K   0.70877 0.03537 0.24077 0.01509 ( 1)
   7 I   0.72125 0.02290 0.24604 0.00981 ( 1)
   8 Y   0.71725 0.02689 0.24435 0.01150 ( 1)
   9 D   0.72206 0.02209 0.24638 0.00946 ( 1)
  10 T   0.71824 0.02591 0.24477 0.01109 ( 1)
  11 C   0.71694 0.02721 0.24422 0.01164 ( 1)
  12 I   0.72014 0.02401 0.24557 0.01028 ( 1)
  13 G   0.70823 0.03591 0.24054 0.01532 ( 1)
  14 C   0.70894 0.03520 0.24084 0.01502 ( 1)
  15 T   0.72130 0.02285 0.24606 0.00979 ( 1)
  16 Q   0.70686 0.03728 0.23997 0.01589 ( 1)
  17 C   0.71694 0.02721 0.24422 0.01164 ( 1)
  18 V   0.71017 0.03398 0.24136 0.01450 ( 1)
  19 R   0.70542 0.03872 0.23936 0.01650 ( 1)
  20 A   0.71061 0.03353 0.24155 0.01431 ( 1)
  21 C   0.70895 0.03519 0.24085 0.01501 ( 1)
  22 P   0.70764 0.03650 0.24030 0.01557 ( 1)
  23 T   0.71066 0.03348 0.24156 0.01429 ( 1)
  24 D   0.71100 0.03315 0.24171 0.01415 ( 1)
  25 V   0.71824 0.02591 0.24477 0.01109 ( 1)
  26 L   0.71095 0.03319 0.24169 0.01417 ( 1)
  27 E   0.71883 0.02531 0.24502 0.01083 ( 1)
  28 M   0.71554 0.02860 0.24363 0.01223 ( 1)
  29 I   0.72014 0.02401 0.24557 0.01028 ( 1)
  30 P   0.71020 0.03395 0.24136 0.01449 ( 1)
  31 W   0.70372 0.04042 0.23864 0.01722 ( 1)
  32 D   0.71242 0.03172 0.24231 0.01355 ( 1)
  33 G   0.71812 0.02603 0.24471 0.01114 ( 1)
  34 C   0.71694 0.02721 0.24422 0.01164 ( 1)
  35 K   0.71866 0.02549 0.24494 0.01091 ( 1)
  36 A   0.72122 0.02293 0.24603 0.00982 ( 1)
  37 K   0.71866 0.02549 0.24494 0.01091 ( 1)
  38 Q   0.70686 0.03728 0.23997 0.01589 ( 1)
  39 I   0.72025 0.02390 0.24562 0.01023 ( 1)
  40 A   0.72122 0.02293 0.24603 0.00982 ( 1)
  41 S   0.71643 0.02772 0.24400 0.01186 ( 1)
  42 A   0.72122 0.02293 0.24603 0.00982 ( 1)
  43 P   0.71424 0.02990 0.24308 0.01278 ( 1)
  44 R   0.71864 0.02551 0.24493 0.01092 ( 1)
  45 T   0.71824 0.02591 0.24477 0.01109 ( 1)
  46 E   0.71883 0.02531 0.24502 0.01083 ( 1)
  47 D   0.72206 0.02209 0.24638 0.00946 ( 1)
  48 C   0.71694 0.02721 0.24422 0.01164 ( 1)
  49 V   0.72131 0.02284 0.24607 0.00978 ( 1)
  50 G   0.72156 0.02259 0.24617 0.00968 ( 1)
  51 C   0.71694 0.02721 0.24422 0.01164 ( 1)
  52 K   0.70922 0.03492 0.24096 0.01490 ( 1)
  53 R   0.71835 0.02580 0.24481 0.01104 ( 1)
  54 C   0.71694 0.02721 0.24422 0.01164 ( 1)
  55 E   0.71883 0.02531 0.24502 0.01083 ( 1)
  56 S   0.70744 0.03670 0.24021 0.01565 ( 1)
  57 A   0.71014 0.03400 0.24135 0.01451 ( 1)
  58 C   0.71694 0.02721 0.24422 0.01164 ( 1)
  59 P   0.71424 0.02990 0.24308 0.01278 ( 1)
  60 T   0.71018 0.03396 0.24136 0.01450 ( 1)
  61 D   0.72206 0.02209 0.24638 0.00946 ( 1)
  62 F   0.70832 0.03582 0.24058 0.01528 ( 1)
  63 L   0.70516 0.03898 0.23925 0.01661 ( 1)
  64 S   0.71631 0.02783 0.24396 0.01190 ( 1)
  65 V   0.72131 0.02284 0.24607 0.00978 ( 1)
  66 R   0.70588 0.03825 0.23956 0.01631 ( 1)
  67 V   0.72131 0.02284 0.24607 0.00978 ( 1)
  68 S   0.71643 0.02772 0.24400 0.01186 ( 1)
  69 L   0.71095 0.03319 0.24169 0.01417 ( 1)
  70 W   0.70372 0.04042 0.23864 0.01722 ( 1)
  71 N   0.46728 0.27687 0.14642 0.10943 ( 1)
  72 E   0.71883 0.02531 0.24502 0.01083 ( 1)
  73 T   0.71824 0.02591 0.24477 0.01109 ( 1)
  74 T   0.72130 0.02285 0.24606 0.00979 ( 1)
  75 R   0.71708 0.02706 0.24428 0.01158 ( 1)
  76 S   0.72207 0.02208 0.24639 0.00946 ( 1)
  77 M   0.71554 0.02860 0.24363 0.01223 ( 1)
  78 G   0.72156 0.02259 0.24617 0.00968 ( 1)
  79 L   0.70643 0.03771 0.23979 0.01607 ( 1)
  80 A   0.72122 0.02293 0.24603 0.00982 ( 1)
  81 Y   0.71725 0.02689 0.24435 0.01150 ( 1)

