

TREE # 1

  0  0.0000    463.380925  x:  0.00000   0.01786   0.04880   0.02048   0.06049   0.05971   0.02939   0.03475   0.05928   0.02227   0.04448   0.02223   0.02088   0.01422   0.01707   0.05335   0.04923   0.02287   0.04467   0.03024   0.06064   0.03884   0.01355   0.02918   0.01162   0.06072   0.04137   0.04088   0.07239   0.02630   2.00000   1.09989   0.02896   0.27919   2.57308  
  1 99.0000    463.378942  x:  0.00000   0.01786   0.04880   0.02048   0.06049   0.05971   0.02938   0.03475   0.05928   0.02227   0.04448   0.02223   0.02088   0.01422   0.01707   0.05335   0.04923   0.02287   0.04467   0.03024   0.06064   0.03884   0.01355   0.02918   0.01162   0.06072   0.04137   0.04088   0.07239   0.02630   2.00000   1.09989   0.02896   0.27919   2.57308  
  2 313.0432    446.951653  x:  0.00000   0.01071   0.03698   0.01641   0.04867   0.04787   0.01657   0.02285   0.04750   0.01970   0.03270   0.01029   0.00894   0.00226   0.00512   0.04148   0.03736   0.01103   0.03438   0.02357   0.04895   0.03250   0.01363   0.03056   0.00000   0.04890   0.03464   0.03524   0.06347   0.02743   2.00048   1.10026   0.02860   0.27393   2.57308  
  3 9991.7577    443.878393  x:  0.00000   0.00888   0.03475   0.01471   0.04645   0.04563   0.01412   0.02060   0.04528   0.01891   0.03048   0.00804   0.00668   0.00000   0.00286   0.03924   0.03511   0.00879   0.03244   0.02155   0.04675   0.03097   0.01356   0.03062   0.00000   0.04667   0.03302   0.03412   0.06165   0.02689   2.00057   1.10028   0.02858   0.27195   2.57308  
  4 9482.0248    440.285457  x:  0.00000   0.01027   0.03192   0.01529   0.04365   0.04279   0.01092   0.01775   0.04251   0.01871   0.02771   0.00518   0.00383   0.00000   0.00000   0.03640   0.03227   0.00601   0.03031   0.01891   0.04397   0.02872   0.01348   0.02997   0.00000   0.04388   0.03054   0.03321   0.05896   0.02685   2.00069   1.10011   0.02878   0.26542   2.57307  
  5 1207.9688    436.132311  x:  0.00000   0.01309   0.02813   0.01303   0.03989   0.03900   0.00654   0.01394   0.03880   0.01933   0.02400   0.00136   0.00000   0.00000   0.00000   0.03260   0.02847   0.00224   0.02932   0.01810   0.04027   0.02796   0.01366   0.03016   0.00000   0.04019   0.02941   0.03297   0.05587   0.02627   2.00084   1.09992   0.02900   0.25665   2.57306  
  6 2257.6401    434.760628  x:  0.00000   0.01413   0.02678   0.01224   0.03855   0.03765   0.00498   0.01258   0.03748   0.01948   0.02268   0.00000   0.00000   0.00000   0.00000   0.03125   0.02712   0.00090   0.02913   0.01766   0.03895   0.02774   0.01367   0.03016   0.00000   0.03888   0.02906   0.03290   0.05481   0.02612   2.00089   1.09986   0.02907   0.25362   2.57306  
  7 105301.6954    433.903083  x:  0.00000   0.01448   0.02588   0.01184   0.03765   0.03675   0.00391   0.01168   0.03660   0.01928   0.02180   0.00000   0.00000   0.00000   0.00000   0.03034   0.02622   0.00000   0.02889   0.01761   0.03807   0.02776   0.01326   0.02994   0.00000   0.03800   0.02901   0.03294   0.05408   0.02617   2.00093   1.09982   0.02912   0.25138   2.57306  
  8 4898.5509    431.109068  x:  0.00000   0.01441   0.02267   0.01155   0.03446   0.03354   0.00000   0.00845   0.03344   0.01833   0.01864   0.00000   0.00000   0.00000   0.00000   0.02712   0.02300   0.00000   0.02845   0.01721   0.03493   0.02843   0.01408   0.02935   0.00000   0.03490   0.02951   0.03333   0.05180   0.02599   2.00106   1.09969   0.02928   0.24314   2.57305  
  9 3658.9437    424.735499  x:  0.00000   0.01199   0.01428   0.01264   0.02608   0.02515   0.00000   0.00000   0.02514   0.02011   0.01035   0.00000   0.00000   0.00000   0.00000   0.01872   0.01459   0.00000   0.02906   0.01541   0.02675   0.02920   0.01282   0.03102   0.00000   0.02686   0.03071   0.03409   0.04782   0.02420   2.00139   1.09956   0.02946   0.22231   2.57304  
 10 3523.1147    417.836285  x:  0.00000   0.00868   0.00401   0.01210   0.01583   0.01490   0.00000   0.00000   0.01479   0.02283   0.00000   0.00000   0.00000   0.00000   0.00000   0.00843   0.00428   0.00000   0.03137   0.01629   0.01685   0.02622   0.01305   0.02853   0.00000   0.01711   0.02930   0.03385   0.04792   0.02470   2.00175   1.09994   0.02912   0.19978   2.57304  
 11 2290.6714    415.444192  x:  0.00000   0.00799   0.00000   0.01211   0.01183   0.01091   0.00000   0.00000   0.01071   0.02260   0.00000   0.00000   0.00000   0.00000   0.00000   0.00442   0.00027   0.00000   0.03200   0.01680   0.01300   0.02511   0.01298   0.02845   0.00000   0.01333   0.02854   0.03355   0.04849   0.02422   2.00188   1.10018   0.02890   0.19167   2.57304  
 12 7434.0418    415.306103  x:  0.00000   0.00794   0.00000   0.01211   0.01157   0.01065   0.00000   0.00000   0.01045   0.02259   0.00000   0.00000   0.00000   0.00000   0.00000   0.00416   0.00000   0.00000   0.03203   0.01682   0.01275   0.02505   0.01298   0.02845   0.00000   0.01308   0.02850   0.03353   0.04852   0.02419   2.00189   1.10020   0.02888   0.19115   2.57304  
 13 283827.0562    413.427205  x:  0.00000   0.00731   0.00000   0.01212   0.00743   0.00651   0.00000   0.00000   0.00622   0.02244   0.00000   0.00000   0.00000   0.00000   0.00000   0.00000   0.00000   0.00000   0.03252   0.01724   0.00877   0.02391   0.01292   0.02835   0.00000   0.00914   0.02809   0.03329   0.04882   0.02380   2.00201   1.10054   0.02855   0.18401   2.57304  
 14 1993.1318    411.112884  x:  0.00000   0.00630   0.00000   0.01220   0.00132   0.00041   0.00000   0.00000   0.00000   0.02229   0.00000   0.00000   0.00000   0.00000   0.00000   0.00000   0.00000   0.00000   0.03348   0.01791   0.00289   0.02357   0.01282   0.02817   0.00000   0.00332   0.02612   0.03268   0.04956   0.02321   2.00220   1.10100   0.02810   0.17367   2.57305  
 15 6620.1869    410.988911  x:  0.00000   0.00626   0.00000   0.01219   0.00091   0.00000   0.00000   0.00000   0.00000   0.02228   0.00000   0.00000   0.00000   0.00000   0.00000   0.00000   0.00000   0.00000   0.03349   0.01793   0.00250   0.02349   0.01281   0.02816   0.00000   0.00293   0.02611   0.03265   0.04964   0.02318   2.00221   1.10103   0.02807   0.17305   2.57305  
 16 2031.1148    410.780183  x:  0.00000   0.00616   0.00000   0.01219   0.00000   0.00000   0.00000   0.00000   0.00000   0.02224   0.00000   0.00000   0.00000   0.00000   0.00000   0.00000   0.00000   0.00000   0.03359   0.01800   0.00162   0.02331   0.01281   0.02817   0.00000   0.00206   0.02595   0.03279   0.04957   0.02314   2.00224   1.10113   0.02796   0.17210   2.57305  
 17 820.1718    410.510244  x:  0.00000   0.00602   0.00000   0.01221   0.00000   0.00000   0.00000   0.00000   0.00000   0.02222   0.00000   0.00000   0.00000   0.00000   0.00000   0.00000   0.00000   0.00000   0.03377   0.01814   0.00000   0.02314   0.01279   0.02812   0.00000   0.00043   0.02584   0.03240   0.04948   0.02304   2.00228   1.10131   0.02778   0.17049   2.57305  
 18 1099.0060    410.475895  x:  0.00000   0.00601   0.00000   0.01220   0.00000   0.00000   0.00000   0.00000   0.00000   0.02222   0.00000   0.00000   0.00000   0.00000   0.00000   0.00000   0.00000   0.00000   0.03374   0.01813   0.00000   0.02312   0.01279   0.02812   0.00000   0.00000   0.02582   0.03241   0.04957   0.02302   2.00230   1.10135   0.02774   0.17019   2.57305  
 19 246.0346    406.757191  x:  0.00000   0.01575   0.00000   0.00000   0.00000   0.00000   0.00000   0.00000   0.00000   0.02676   0.00000   0.00000   0.00000   0.00000   0.00000   0.00000   0.00000   0.00000   0.01611   0.00796   0.00000   0.01539   0.01320   0.02914   0.00000   0.00000   0.01836   0.02457   0.01411   0.02326   2.01637   1.13848  -0.01094   0.13520   2.57354  
 20 18.3144    406.757191  x:  0.00000   0.01575   0.00000   0.00000   0.00000   0.00000   0.00000   0.00000   0.00000   0.02676   0.00000   0.00000   0.00000   0.00000   0.00000   0.00000   0.00000   0.00000   0.01611   0.00796   0.00000   0.01539   0.01320   0.02914   0.00000   0.00000   0.01836   0.02457   0.01411   0.02326   2.01637   1.13848  -0.01094   0.13520   2.57354  
 21 14.0211    405.575526  x:  0.00000   0.01480   0.00000   0.00064   0.00000   0.00000   0.00000   0.00000   0.00000   0.02295   0.00000   0.00000   0.00000   0.00000   0.00000   0.00000   0.00000   0.00000   0.01500   0.00000   0.00000   0.01461   0.01358   0.03255   0.00000   0.00000   0.01642   0.02127   0.01407   0.02955   2.01667   1.13882  -0.01129   0.13331   2.57354  
 22 111.8415    405.435934  x:  0.00000   0.01463   0.00000   0.00000   0.00000   0.00000   0.00000   0.00000   0.00000   0.02219   0.00000   0.00000   0.00000   0.00000   0.00000   0.00000   0.00000   0.00000   0.01480   0.00000   0.00000   0.01447   0.01364   0.03318   0.00000   0.00000   0.01607   0.02061   0.01406   0.03065   2.01674   1.13890  -0.01136   0.13291   2.57354  
 23 461.3328    405.222986  x:  0.00000   0.01645   0.00000   0.00000   0.00000   0.00000   0.00000   0.00000   0.00000   0.01441   0.00000   0.00000   0.00000   0.00000   0.00000   0.00000   0.00000   0.00000   0.01679   0.00000   0.00000   0.01604   0.01229   0.03432   0.00000   0.00000   0.01758   0.01551   0.01376   0.02664   2.01834   1.14078  -0.01324   0.12295   2.57354  
 24 28.2361    403.287256  x:  0.00000   0.01216   0.00000   0.00000   0.00000   0.00000   0.00000   0.00000   0.00000   0.01080   0.00000   0.00000   0.00000   0.00000   0.00000   0.00000   0.00000   0.00000   0.01307   0.00000   0.00000   0.01138   0.02454   0.03310   0.00000   0.00000   0.01855   0.01376   0.01622   0.02133   2.03817   1.16422  -0.03669   0.00000   2.57354  
 25 34.6807    402.916724  x:  0.00000   0.01744   0.00000   0.00000   0.00000   0.00000   0.00000   0.00000   0.00000   0.01196   0.00000   0.00000   0.00000   0.00000   0.00000   0.00000   0.00000   0.00000   0.01686   0.00000   0.00000   0.01845   0.04088   0.03482   0.00000   0.00000   0.02369   0.01192   0.01959   0.02273   2.12091   1.26297  -0.13544   0.00000   2.57354  
 26 41.3850    401.628050  x:  0.00000   0.01643   0.00000   0.00000   0.00000   0.00000   0.00000   0.00000   0.00000   0.00571   0.00000   0.00000   0.00000   0.00000   0.00000   0.00000   0.00000   0.00000   0.02050   0.00000   0.00000   0.01166   0.04864   0.03914   0.00000   0.00000   0.02952   0.02274   0.01343   0.02013   2.36610   1.55593  -0.42840   0.00000   2.57354  
 27 343.5321    400.788305  x:  0.00000   0.01176   0.00000   0.00000   0.00000   0.00000   0.00000   0.00000   0.00000   0.01184   0.00000   0.00000   0.00000   0.00000   0.00000   0.00000   0.00000   0.00000   0.01774   0.00000   0.00000   0.00762   0.04754   0.04045   0.00000   0.00000   0.03019   0.01488   0.01259   0.01457   2.53740   1.76028  -0.63274   0.00000   2.57354  
 28 1221.6046    400.371184  x:  0.00000   0.00817   0.00000   0.00000   0.00000   0.00000   0.00000   0.00000   0.00000   0.01046   0.00000   0.00000   0.00000   0.00000   0.00000   0.00000   0.00000   0.00000   0.01123   0.00000   0.00000   0.01170   0.04507   0.03270   0.00000   0.00000   0.02859   0.01327   0.01603   0.01414   2.61780   1.85578  -0.72824   0.00000   2.57354  
 29 690.5996    400.252918  x:  0.00000   0.01078   0.00000   0.00000   0.00000   0.00000   0.00000   0.00000   0.00000   0.00996   0.00000   0.00000   0.00000   0.00000   0.00000   0.00000   0.00000   0.00000   0.00989   0.00000   0.00000   0.00980   0.04443   0.02786   0.00000   0.00000   0.02696   0.01192   0.01772   0.01481   2.64157   1.88369  -0.75615   0.00000   2.57354  
 30 331.0098    400.230365  x:  0.00000   0.01014   0.00000   0.00000   0.00000   0.00000   0.00000   0.00000   0.00000   0.00983   0.00000   0.00000   0.00000   0.00000   0.00000   0.00000   0.00000   0.00000   0.01164   0.00000   0.00000   0.00956   0.04450   0.02632   0.00000   0.00000   0.02536   0.01156   0.01824   0.01496   2.64641   1.88895  -0.76141   0.00000   2.57354  
 31 55.9968    400.220460  x:  0.00000   0.01061   0.00000   0.00000   0.00000   0.00000   0.00000   0.00000   0.00000   0.00981   0.00000   0.00000   0.00000   0.00000   0.00000   0.00000   0.00000   0.00000   0.01173   0.00000   0.00000   0.00997   0.04474   0.02645   0.00000   0.00000   0.02304   0.01181   0.01816   0.01429   2.64882   1.89081  -0.76327   0.00000   2.57354  
 32 13.4485    400.197890  x:  0.00299   0.01049   0.00000   0.00000   0.00000   0.00000   0.00000   0.00000   0.00000   0.00982   0.00000   0.00000   0.00000   0.00000   0.00000   0.00000   0.00000   0.00000   0.01170   0.00000   0.00000   0.00988   0.04470   0.02638   0.00000   0.00000   0.02363   0.01172   0.01807   0.01448   2.64871   1.89035  -0.76281   0.00000   2.57354  
 33 16.2684    400.190295  x:  0.00331   0.01045   0.00000   0.00000   0.00000   0.00000   0.00000   0.00000   0.00000   0.00990   0.00000   0.00000   0.00000   0.00000   0.00000   0.00000   0.00000   0.00000   0.01155   0.00000   0.00000   0.01017   0.04508   0.02568   0.00000   0.00000   0.02348   0.01132   0.01624   0.01464   2.65068   1.89051  -0.76297   0.00000   2.57354  
 34  4.4662    397.707875  x:  0.00359   0.01042   0.00000   0.00000   0.00000   0.00000   0.00000   0.00000   0.00000   0.01206   0.00000   0.00000   0.00000   0.00000   0.00000   0.00000   0.00000   0.00000   0.01116   0.00000   0.00000   0.01095   0.03402   0.03377   0.00000   0.00000   0.00547   0.01073   0.01621   0.02289   3.52428   1.93233  -0.80479   0.00000   2.57354  
 35  6.2231    395.515625  x:  0.00519   0.01254   0.00000   0.00000   0.00000   0.00000   0.00000   0.00000   0.00000   0.01560   0.00000   0.00000   0.00000   0.00000   0.00000   0.00000   0.00000   0.00000   0.01253   0.00000   0.00000   0.01367   0.01052   0.04333   0.00000   0.00000   0.02033   0.00878   0.01603   0.03209   4.96091   1.94711  -0.81957   0.00000   2.57354  
 36  3.4355    395.169714  x:  0.00507   0.01427   0.00000   0.00000   0.00000   0.00000   0.00000   0.00000   0.00000   0.01641   0.00000   0.00000   0.00000   0.00000   0.00000   0.00000   0.00000   0.00000   0.01404   0.00000   0.00000   0.01507   0.02026   0.04563   0.00000   0.00000   0.02116   0.00880   0.01386   0.03627   5.37383   2.12742  -0.99989   0.00000   2.57353  
 37  0.7119    395.151296  x:  0.00506   0.01444   0.00000   0.00000   0.00000   0.00000   0.00000   0.00000   0.00000   0.01649   0.00000   0.00000   0.00000   0.00000   0.00000   0.00000   0.00000   0.00000   0.01418   0.00000   0.00000   0.01520   0.02122   0.04585   0.00000   0.00000   0.02124   0.00880   0.01364   0.03668   5.41530   2.14538  -1.01784   0.00491   2.57353  
 38 78.0203    394.257235  x:  0.00660   0.01451   0.00000   0.00000   0.00000   0.00000   0.00000   0.00000   0.00000   0.01525   0.00000   0.00000   0.00000   0.00000   0.00000   0.00000   0.00000   0.00000   0.01354   0.00000   0.00000   0.01406   0.01009   0.04583   0.00000   0.00000   0.01438   0.00727   0.00980   0.04724   7.33358   2.65049  -1.52295   0.02158   2.57352  
 39  1.3953    394.091386  x:  0.00275   0.01449   0.00000   0.00000   0.00000   0.00000   0.00000   0.00000   0.00000   0.01507   0.00000   0.00000   0.00000   0.00000   0.00000   0.00000   0.00000   0.00000   0.01357   0.00000   0.00000   0.01393   0.01253   0.04301   0.00000   0.00000   0.01285   0.01140   0.01630   0.04970   7.94124   2.81227  -1.68472   0.02596   2.57352  
 40  0.7939    393.888562  x:  0.00122   0.01246   0.00000   0.00000   0.00000   0.00000   0.00000   0.00000   0.00000   0.01252   0.00000   0.00000   0.00000   0.00000   0.00000   0.00000   0.00000   0.00000   0.01274   0.00000   0.00000   0.01208   0.01542   0.03866   0.00000   0.00000   0.01167   0.01247   0.01264   0.05134   9.22449   3.05824  -1.93067   0.01984   2.57351  
 41  0.5035    393.782546  x:  0.00000   0.01312   0.00000   0.00000   0.00000   0.00000   0.00000   0.00000   0.00000   0.01281   0.00000   0.00000   0.00000   0.00000   0.00000   0.00000   0.00000   0.00000   0.01356   0.00000   0.00000   0.01291   0.01390   0.03947   0.00000   0.00000   0.01295   0.01396   0.01316   0.05241  10.09334   3.19799  -2.07040   0.01972   2.57350  
 42  0.6575    393.670238  x:  0.00000   0.01399   0.00000   0.00000   0.00000   0.00000   0.00000   0.00000   0.00000   0.01304   0.00000   0.00000   0.00000   0.00000   0.00000   0.00000   0.00000   0.00000   0.01429   0.00000   0.00000   0.01399   0.01226   0.04221   0.00000   0.00000   0.01501   0.01616   0.01275   0.05397  12.64516   3.68050  -2.55287   0.02516   2.57348  
 43  1.7176    393.606947  x:  0.00000   0.01354   0.00000   0.00000   0.00000   0.00000   0.00000   0.00000   0.00000   0.01263   0.00000   0.00000   0.00000   0.00000   0.00000   0.00000   0.00000   0.00000   0.01387   0.00000   0.00000   0.01382   0.01227   0.04363   0.00000   0.00000   0.01569   0.01225   0.01232   0.05173  13.73297   3.86889  -2.74122   0.02229   2.57347  
 44  0.8697    393.582958  x:  0.00502   0.01317   0.00000   0.00000   0.00000   0.00000   0.00000   0.00000   0.00000   0.01230   0.00000   0.00000   0.00000   0.00000   0.00000   0.00000   0.00000   0.00000   0.01353   0.00000   0.00000   0.01367   0.01228   0.04479   0.00000   0.00000   0.01624   0.00908   0.01198   0.04991  14.61989   4.02248  -2.89479   0.01995   2.57346  
 45 1762.4161    393.484569  x:  0.00984   0.01294   0.00000   0.00000   0.00000   0.00000   0.00000   0.00000   0.00000   0.01306   0.00000   0.00000   0.00000   0.00000   0.00000   0.00000   0.00000   0.00000   0.01257   0.00000   0.00000   0.01292   0.01451   0.04334   0.00000   0.00000   0.01419   0.00422   0.01430   0.04393  17.17024   4.55202  -3.42428   0.02473   2.57343  
 46  1.1576    393.470254  x:  0.01049   0.01338   0.00000   0.00000   0.00000   0.00000   0.00000   0.00000   0.00000   0.01357   0.00000   0.00000   0.00000   0.00000   0.00000   0.00000   0.00000   0.00000   0.01327   0.00000   0.00000   0.01315   0.01335   0.04226   0.00000   0.00000   0.01329   0.00323   0.01373   0.04225  17.80760   4.65780  -3.53004   0.02382   2.57342  
 47  0.4605    393.469146  x:  0.01096   0.01345   0.00000   0.00000   0.00000   0.00000   0.00000   0.00000   0.00000   0.01358   0.00000   0.00000   0.00000   0.00000   0.00000   0.00000   0.00000   0.00000   0.01342   0.00000   0.00000   0.01329   0.01346   0.04233   0.00000   0.00000   0.01357   0.00289   0.01326   0.04226  17.98719   4.69208  -3.56431   0.02411   2.57342  
 48  0.1987    393.468817  x:  0.01106   0.01338   0.00000   0.00000   0.00000   0.00000   0.00000   0.00000   0.00000   0.01351   0.00000   0.00000   0.00000   0.00000   0.00000   0.00000   0.00000   0.00000   0.01339   0.00000   0.00000   0.01329   0.01337   0.04192   0.00000   0.00000   0.01369   0.00282   0.01333   0.04233  18.21675   4.73627  -3.60850   0.02411   2.57341  
 49  0.0998    393.468714  x:  0.01112   0.01342   0.00000   0.00000   0.00000   0.00000   0.00000   0.00000   0.00000   0.01352   0.00000   0.00000   0.00000   0.00000   0.00000   0.00000   0.00000   0.00000   0.01339   0.00000   0.00000   0.01329   0.01348   0.04197   0.00000   0.00000   0.01366   0.00269   0.01335   0.04245  18.37418   4.76752  -3.63974   0.02412   2.57341  
 50  0.0640    393.468688  x:  0.01123   0.01342   0.00000   0.00000   0.00000   0.00000   0.00000   0.00000   0.00000   0.01353   0.00000   0.00000   0.00000   0.00000   0.00000   0.00000   0.00000   0.00000   0.01339   0.00000   0.00000   0.01328   0.01342   0.04204   0.00000   0.00000   0.01364   0.00262   0.01334   0.04251  18.42286   4.77737  -3.64959   0.02408   2.57341  
 51  0.0355    393.468682  x:  0.01128   0.01341   0.00000   0.00000   0.00000   0.00000   0.00000   0.00000   0.00000   0.01355   0.00000   0.00000   0.00000   0.00000   0.00000   0.00000   0.00000   0.00000   0.01338   0.00000   0.00000   0.01327   0.01344   0.04204   0.00000   0.00000   0.01364   0.00258   0.01334   0.04250  18.42779   4.77989  -3.65210   0.02403   2.57341  
 52  0.0020    393.468644  x:  0.01135   0.01338   0.00000   0.00000   0.00000   0.00000   0.00000   0.00000   0.00000   0.01359   0.00000   0.00000   0.00000   0.00000   0.00000   0.00000   0.00000   0.00000   0.01338   0.00000   0.00000   0.01327   0.01343   0.04203   0.00000   0.00000   0.01364   0.00249   0.01333   0.04254  18.41297   4.78879  -3.66098   0.02409   2.57340  
 53  0.0024    393.468515  x:  0.01205   0.01330   0.00000   0.00000   0.00000   0.00000   0.00000   0.00000   0.00000   0.01372   0.00000   0.00000   0.00000   0.00000   0.00000   0.00000   0.00000   0.00000   0.01339   0.00000   0.00000   0.01326   0.01340   0.04202   0.00000   0.00000   0.01365   0.00174   0.01332   0.04263  18.34952   4.85644  -3.72848   0.02427   2.57334  
 54  0.0421    393.467955  x:  0.01381   0.01334   0.00000   0.00000   0.00000   0.00000   0.00000   0.00000   0.00000   0.01368   0.00000   0.00000   0.00000   0.00000   0.00000   0.00000   0.00000   0.00000   0.01340   0.00000   0.00000   0.01327   0.01341   0.04203   0.00000   0.00000   0.01365   0.00000   0.01334   0.04257  18.29052   4.99850  -3.87023   0.02422   2.57322  
 55  0.0485    393.467937  x:  0.01390   0.01334   0.00000   0.00000   0.00000   0.00000   0.00000   0.00000   0.00000   0.01368   0.00000   0.00000   0.00000   0.00000   0.00000   0.00000   0.00000   0.00000   0.01340   0.00000   0.00000   0.01327   0.01341   0.04203   0.00000   0.00000   0.01365   0.00000   0.01334   0.04257  18.28719   5.00537  -3.87709   0.02422   2.57321  
 56  0.4246    393.467813  x:  0.01388   0.01344   0.00000   0.00000   0.00000   0.00000   0.00000   0.00000   0.00000   0.01353   0.00000   0.00000   0.00000   0.00000   0.00000   0.00000   0.00000   0.00000   0.01341   0.00000   0.00000   0.01328   0.01344   0.04196   0.00000   0.00000   0.01364   0.00000   0.01337   0.04256  18.19705   5.01328  -3.88495   0.02406   2.57319  
 57  0.0939    393.467550  x:  0.01387   0.01345   0.00000   0.00000   0.00000   0.00000   0.00000   0.00000   0.00000   0.01355   0.00000   0.00000   0.00000   0.00000   0.00000   0.00000   0.00000   0.00000   0.01334   0.00000   0.00000   0.01328   0.01343   0.04195   0.00000   0.00000   0.01362   0.00000   0.01331   0.04265  18.11320   5.13443  -4.00583   0.02411   2.57308  
 58  0.0238    393.466923  x:  0.01381   0.01346   0.00000   0.00000   0.00000   0.00000   0.00000   0.00000   0.00000   0.01358   0.00000   0.00000   0.00000   0.00000   0.00000   0.00000   0.00000   0.00000   0.01318   0.00000   0.00000   0.01330   0.01341   0.04202   0.00000   0.00000   0.01360   0.00000   0.01323   0.04263  17.99726   5.94404  -4.81375   0.02425   2.57242  
 59  0.3831    393.466635  x:  0.01387   0.01344   0.00000   0.00000   0.00000   0.00000   0.00000   0.00000   0.00000   0.01354   0.00000   0.00000   0.00000   0.00000   0.00000   0.00000   0.00000   0.00000   0.01340   0.00000   0.00000   0.01329   0.01343   0.04199   0.00000   0.00000   0.01365   0.00000   0.01336   0.04252  18.16585   6.16360  -5.03292   0.02410   2.57226  
 60  0.1700    393.466568  x:  0.01381   0.01339   0.00000   0.00000   0.00000   0.00000   0.00000   0.00000   0.00000   0.01355   0.00000   0.00000   0.00000   0.00000   0.00000   0.00000   0.00000   0.00000   0.01341   0.00000   0.00000   0.01327   0.01343   0.04209   0.00000   0.00000   0.01365   0.00000   0.01334   0.04244  18.08994   6.56270  -5.43117   0.02417   2.57193  
 61  0.2056    393.466565  x:  0.01381   0.01339   0.00000   0.00000   0.00000   0.00000   0.00000   0.00000   0.00000   0.01355   0.00000   0.00000   0.00000   0.00000   0.00000   0.00000   0.00000   0.00000   0.01341   0.00000   0.00000   0.01327   0.01343   0.04210   0.00000   0.00000   0.01365   0.00004   0.01334   0.04243  18.08527   6.58731  -5.45573   0.02418   2.57191  
 62 155.5387    393.466522  x:  0.01377   0.01342   0.00000   0.00000   0.00000   0.00000   0.00000   0.00000   0.00000   0.01353   0.00000   0.00000   0.00000   0.00000   0.00000   0.00000   0.00000   0.00000   0.01338   0.00000   0.00000   0.01328   0.01343   0.04200   0.00000   0.00000   0.01363   0.00009   0.01334   0.04253  18.15009   7.05541  -5.92290   0.02411   2.57154  
 63  0.2266    393.466507  x:  0.01373   0.01341   0.00000   0.00000   0.00000   0.00000   0.00000   0.00000   0.00000   0.01356   0.00000   0.00000   0.00000   0.00000   0.00000   0.00000   0.00000   0.00000   0.01340   0.00000   0.00000   0.01328   0.01343   0.04204   0.00000   0.00000   0.01365   0.00010   0.01334   0.04248  18.10744   7.42419  -6.29091   0.02415   2.57124  
 64  0.2282    393.466499  x:  0.01368   0.01342   0.00000   0.00000   0.00000   0.00000   0.00000   0.00000   0.00000   0.01354   0.00000   0.00000   0.00000   0.00000   0.00000   0.00000   0.00000   0.00000   0.01339   0.00000   0.00000   0.01328   0.01343   0.04203   0.00000   0.00000   0.01364   0.00018   0.01334   0.04250  18.13442   7.97872  -6.84432   0.02413   2.57080  
 65  0.2560    393.466497  x:  0.01365   0.01342   0.00000   0.00000   0.00000   0.00000   0.00000   0.00000   0.00000   0.01355   0.00000   0.00000   0.00000   0.00000   0.00000   0.00000   0.00000   0.00000   0.01339   0.00000   0.00000   0.01328   0.01343   0.04203   0.00000   0.00000   0.01364   0.00019   0.01334   0.04250  18.11903   8.32217  -7.18706   0.02414   2.57052  
 66  0.2319    393.466495  x:  0.01359   0.01342   0.00000   0.00000   0.00000   0.00000   0.00000   0.00000   0.00000   0.01354   0.00000   0.00000   0.00000   0.00000   0.00000   0.00000   0.00000   0.00000   0.01339   0.00000   0.00000   0.01328   0.01343   0.04203   0.00000   0.00000   0.01364   0.00026   0.01334   0.04249  18.12588   8.90175  -7.76546   0.02413   2.57006  
 67  0.2458    393.466495  x:  0.01356   0.01342   0.00000   0.00000   0.00000   0.00000   0.00000   0.00000   0.00000   0.01355   0.00000   0.00000   0.00000   0.00000   0.00000   0.00000   0.00000   0.00000   0.01339   0.00000   0.00000   0.01328   0.01343   0.04203   0.00000   0.00000   0.01364   0.00028   0.01334   0.04250  18.12246   9.23310  -8.09614   0.02414   2.56979  
 68  0.2409    393.466495  x:  0.01350   0.01342   0.00000   0.00000   0.00000   0.00000   0.00000   0.00000   0.00000   0.01355   0.00000   0.00000   0.00000   0.00000   0.00000   0.00000   0.00000   0.00000   0.01339   0.00000   0.00000   0.01328   0.01343   0.04203   0.00000   0.00000   0.01364   0.00035   0.01334   0.04249  18.12334   9.88813  -8.74983   0.02414   2.56926  
 69  0.2494    393.466495  x:  0.01347   0.01342   0.00000   0.00000   0.00000   0.00000   0.00000   0.00000   0.00000   0.01355   0.00000   0.00000   0.00000   0.00000   0.00000   0.00000   0.00000   0.00000   0.01339   0.00000   0.00000   0.01328   0.01343   0.04203   0.00000   0.00000   0.01364   0.00038   0.01334   0.04250  18.12333  10.18412  -9.04522   0.02414   2.56902  
 70  0.2357    393.466495  x:  0.01339   0.01342   0.00000   0.00000   0.00000   0.00000   0.00000   0.00000   0.00000   0.01355   0.00000   0.00000   0.00000   0.00000   0.00000   0.00000   0.00000   0.00000   0.01339   0.00000   0.00000   0.01328   0.01343   0.04203   0.00000   0.00000   0.01364   0.00045   0.01334   0.04249  18.12261  10.95824  -9.81776   0.02414   2.56840  
 71  0.2404    393.466495  x:  0.01338   0.01342   0.00000   0.00000   0.00000   0.00000   0.00000   0.00000   0.00000   0.01355   0.00000   0.00000   0.00000   0.00000   0.00000   0.00000   0.00000   0.00000   0.01339   0.00000   0.00000   0.01328   0.01343   0.04203   0.00000   0.00000   0.01364   0.00047   0.01334   0.04250  18.12326  11.15695  -10.01606   0.02414   2.56824  
 72  0.1958    393.466495  x:  0.01325   0.01342   0.00000   0.00000   0.00000   0.00000   0.00000   0.00000   0.00000   0.01355   0.00000   0.00000   0.00000   0.00000   0.00000   0.00000   0.00000   0.00000   0.01339   0.00000   0.00000   0.01328   0.01343   0.04203   0.00000   0.00000   0.01364   0.00059   0.01334   0.04250  18.12295  12.42010  -11.27664   0.02414   2.56722  
 73  0.2231    393.466495  x:  0.01326   0.01342   0.00000   0.00000   0.00000   0.00000   0.00000   0.00000   0.00000   0.01355   0.00000   0.00000   0.00000   0.00000   0.00000   0.00000   0.00000   0.00000   0.01339   0.00000   0.00000   0.01328   0.01343   0.04203   0.00000   0.00000   0.01364   0.00059   0.01334   0.04250  18.12328  12.37066  -11.22729   0.02414   2.56726  
 74  0.0437    393.466495  x:  0.01326   0.01342   0.00000   0.00000   0.00000   0.00000   0.00000   0.00000   0.00000   0.01355   0.00000   0.00000   0.00000   0.00000   0.00000   0.00000   0.00000   0.00000   0.01339   0.00000   0.00000   0.01328   0.01343   0.04203   0.00000   0.00000   0.01364   0.00059   0.01334   0.04250  18.12328  12.37066  -11.22729   0.02414   2.56726  
 75  0.0830    393.466495  x:  0.01326   0.01342   0.00000   0.00000   0.00000   0.00000   0.00000   0.00000   0.00000   0.01355   0.00000   0.00000   0.00000   0.00000   0.00000   0.00000   0.00000   0.00000   0.01339   0.00000   0.00000   0.01328   0.01343   0.04203   0.00000   0.00000   0.01364   0.00059   0.01334   0.04250  18.12328  12.37066  -11.22729   0.02414   2.56726  
check convergence!
