Supplemental results for CODEML (seqf: /Users/YY/Desktop/get/branch_site/modify/modify_trim_muscle_psbC.fa  treef: /Users/YY/Desktop/get/branch_site/16gene_topu.tree)


dN/dS (w) for site classes (K=4)

site class             0        1       2a       2b
proportion       0.99996  0.00000  0.00004  0.00000
background w     0.02687  1.00000  0.02687  1.00000
foreground w     0.02687  1.00000  2.57167  2.57167

Naive Empirical Bayes (NEB) probabilities for 4 classes
(amino acids refer to 1st sequence: NC_027834)

   1 M   0.99996 0.00000 0.00004 0.00000 ( 1)
   2 K   0.99996 0.00000 0.00004 0.00000 ( 1)
   3 T   0.99996 0.00000 0.00004 0.00000 ( 1)
   4 L   0.99996 0.00000 0.00004 0.00000 ( 1)
   5 Y   0.99996 0.00000 0.00004 0.00000 ( 1)
   6 S   0.99996 0.00000 0.00004 0.00000 ( 1)
   7 L   0.99996 0.00000 0.00004 0.00000 ( 1)
   8 R   0.99996 0.00000 0.00004 0.00000 ( 1)
   9 R   0.99996 0.00000 0.00004 0.00000 ( 1)
  10 F   0.99996 0.00000 0.00004 0.00000 ( 1)
  11 Y   0.99996 0.00000 0.00004 0.00000 ( 1)
  12 H   0.99996 0.00000 0.00004 0.00000 ( 1)
  13 V   0.99996 0.00000 0.00004 0.00000 ( 1)
  14 E   0.99996 0.00000 0.00004 0.00000 ( 1)
  15 T   0.99996 0.00000 0.00004 0.00000 ( 1)
  16 L   0.99996 0.00000 0.00004 0.00000 ( 1)
  17 F   0.99996 0.00000 0.00004 0.00000 ( 1)
  18 N   0.99996 0.00000 0.00004 0.00000 ( 1)
  19 G   0.99996 0.00000 0.00004 0.00000 ( 1)
  20 T   0.99996 0.00000 0.00004 0.00000 ( 1)
  21 L   0.99996 0.00000 0.00004 0.00000 ( 1)
  22 A   0.99996 0.00000 0.00004 0.00000 ( 1)
  23 L   0.99996 0.00000 0.00004 0.00000 ( 1)
  24 S   0.99996 0.00000 0.00004 0.00000 ( 1)
  25 G   0.99996 0.00000 0.00004 0.00000 ( 1)
  26 R   0.99996 0.00000 0.00004 0.00000 ( 1)
  27 D   0.99996 0.00000 0.00004 0.00000 ( 1)
  28 Q   0.99996 0.00000 0.00004 0.00000 ( 1)
  29 E   0.99996 0.00000 0.00004 0.00000 ( 1)
  30 T   0.99996 0.00000 0.00004 0.00000 ( 1)
  31 T   0.99996 0.00000 0.00004 0.00000 ( 1)
  32 G   0.99996 0.00000 0.00004 0.00000 ( 1)
  33 F   0.99996 0.00000 0.00004 0.00000 ( 1)
  34 A   0.99996 0.00000 0.00004 0.00000 ( 1)
  35 W   0.99996 0.00000 0.00004 0.00000 ( 1)
  36 W   0.99996 0.00000 0.00004 0.00000 ( 1)
  37 A   0.99996 0.00000 0.00004 0.00000 ( 1)
  38 G   0.99996 0.00000 0.00004 0.00000 ( 1)
  39 N   0.99996 0.00000 0.00004 0.00000 ( 1)
  40 A   0.99996 0.00000 0.00004 0.00000 ( 1)
  41 R   0.99996 0.00000 0.00004 0.00000 ( 1)
  42 L   0.99996 0.00000 0.00004 0.00000 ( 1)
  43 I   0.99996 0.00000 0.00004 0.00000 ( 1)
  44 N   0.99996 0.00000 0.00004 0.00000 ( 1)
  45 L   0.99996 0.00000 0.00004 0.00000 ( 1)
  46 S   0.99996 0.00000 0.00004 0.00000 ( 1)
  47 G   0.99996 0.00000 0.00004 0.00000 ( 1)
  48 K   0.99996 0.00000 0.00004 0.00000 ( 1)
  49 L   0.99996 0.00000 0.00004 0.00000 ( 1)
  50 L   0.99996 0.00000 0.00004 0.00000 ( 1)
  51 G   0.99996 0.00000 0.00004 0.00000 ( 1)
  52 A   0.99996 0.00000 0.00004 0.00000 ( 1)
  53 H   0.99996 0.00000 0.00004 0.00000 ( 1)
  54 V   0.99996 0.00000 0.00004 0.00000 ( 1)
  55 A   0.99996 0.00000 0.00004 0.00000 ( 1)
  56 H   0.99996 0.00000 0.00004 0.00000 ( 1)
  57 A   0.99996 0.00000 0.00004 0.00000 ( 1)
  58 G   0.99996 0.00000 0.00004 0.00000 ( 1)
  59 L   0.99996 0.00000 0.00004 0.00000 ( 1)
  60 I   0.99996 0.00000 0.00004 0.00000 ( 1)
  61 V   0.99996 0.00000 0.00004 0.00000 ( 1)
  62 F   0.99996 0.00000 0.00004 0.00000 ( 1)
  63 W   0.99996 0.00000 0.00004 0.00000 ( 1)
  64 A   0.99996 0.00000 0.00004 0.00000 ( 1)
  65 G   0.99996 0.00000 0.00004 0.00000 ( 1)
  66 G   0.99996 0.00000 0.00004 0.00000 ( 1)
  67 M   0.99996 0.00000 0.00004 0.00000 ( 1)
  68 N   0.99996 0.00000 0.00004 0.00000 ( 1)
  69 L   0.99996 0.00000 0.00004 0.00000 ( 1)
  70 F   0.99996 0.00000 0.00004 0.00000 ( 1)
  71 E   0.99996 0.00000 0.00004 0.00000 ( 1)
  72 V   0.99996 0.00000 0.00004 0.00000 ( 1)
  73 A   0.99996 0.00000 0.00004 0.00000 ( 1)
  74 H   0.99996 0.00000 0.00004 0.00000 ( 1)
  75 F   0.99996 0.00000 0.00004 0.00000 ( 1)
  76 V   0.99996 0.00000 0.00004 0.00000 ( 1)
  77 P   0.99996 0.00000 0.00004 0.00000 ( 1)
  78 E   0.99996 0.00000 0.00004 0.00000 ( 1)
  79 K   0.99996 0.00000 0.00004 0.00000 ( 1)
  80 P   0.99996 0.00000 0.00004 0.00000 ( 1)
  81 M   0.99996 0.00000 0.00004 0.00000 ( 1)
  82 Y   0.99996 0.00000 0.00004 0.00000 ( 1)
  83 E   0.99996 0.00000 0.00004 0.00000 ( 1)
  84 Q   0.99996 0.00000 0.00004 0.00000 ( 1)
  85 G   0.99996 0.00000 0.00004 0.00000 ( 1)
  86 L   0.99996 0.00000 0.00004 0.00000 ( 1)
  87 I   0.99996 0.00000 0.00004 0.00000 ( 1)
  88 L   0.99996 0.00000 0.00004 0.00000 ( 1)
  89 L   0.99996 0.00000 0.00004 0.00000 ( 1)
  90 P   0.99996 0.00000 0.00004 0.00000 ( 1)
  91 H   0.99996 0.00000 0.00004 0.00000 ( 1)
  92 L   0.99996 0.00000 0.00004 0.00000 ( 1)
  93 A   0.99996 0.00000 0.00004 0.00000 ( 1)
  94 T   0.99996 0.00000 0.00004 0.00000 ( 1)
  95 L   0.99996 0.00000 0.00004 0.00000 ( 1)
  96 G   0.99996 0.00000 0.00004 0.00000 ( 1)
  97 W   0.99996 0.00000 0.00004 0.00000 ( 1)
  98 G   0.99996 0.00000 0.00004 0.00000 ( 1)
  99 V   0.99996 0.00000 0.00004 0.00000 ( 1)
 100 G   0.99996 0.00000 0.00004 0.00000 ( 1)
 101 P   0.99996 0.00000 0.00004 0.00000 ( 1)
 102 G   0.99996 0.00000 0.00004 0.00000 ( 1)
 103 G   0.99996 0.00000 0.00004 0.00000 ( 1)
 104 E   0.99996 0.00000 0.00004 0.00000 ( 1)
 105 V   0.99996 0.00000 0.00004 0.00000 ( 1)
 106 I   0.99996 0.00000 0.00004 0.00000 ( 1)
 107 D   0.99996 0.00000 0.00004 0.00000 ( 1)
 108 T   0.99996 0.00000 0.00004 0.00000 ( 1)
 109 F   0.99996 0.00000 0.00004 0.00000 ( 1)
 110 P   0.99996 0.00000 0.00004 0.00000 ( 1)
 111 Y   0.99996 0.00000 0.00004 0.00000 ( 1)
 112 F   0.99996 0.00000 0.00004 0.00000 ( 1)
 113 V   0.99996 0.00000 0.00004 0.00000 ( 1)
 114 S   0.99996 0.00000 0.00004 0.00000 ( 1)
 115 G   0.99996 0.00000 0.00004 0.00000 ( 1)
 116 V   0.99996 0.00000 0.00004 0.00000 ( 1)
 117 L   0.99996 0.00000 0.00004 0.00000 ( 1)
 118 H   0.99996 0.00000 0.00004 0.00000 ( 1)
 119 L   0.99996 0.00000 0.00004 0.00000 ( 1)
 120 I   0.99996 0.00000 0.00004 0.00000 ( 1)
 121 S   0.99996 0.00000 0.00004 0.00000 ( 1)
 122 S   0.99996 0.00000 0.00004 0.00000 ( 1)
 123 A   0.99996 0.00000 0.00004 0.00000 ( 1)
 124 V   0.99996 0.00000 0.00004 0.00000 ( 1)
 125 L   0.99996 0.00000 0.00004 0.00000 ( 1)
 126 G   0.99996 0.00000 0.00004 0.00000 ( 1)
 127 F   0.99996 0.00000 0.00004 0.00000 ( 1)
 128 G   0.99996 0.00000 0.00004 0.00000 ( 1)
 129 G   0.99996 0.00000 0.00004 0.00000 ( 1)
 130 I   0.99996 0.00000 0.00004 0.00000 ( 1)
 131 Y   0.99996 0.00000 0.00004 0.00000 ( 1)
 132 H   0.99996 0.00000 0.00004 0.00000 ( 1)
 133 A   0.99996 0.00000 0.00004 0.00000 ( 1)
 134 L   0.99996 0.00000 0.00004 0.00000 ( 1)
 135 L   0.99996 0.00000 0.00004 0.00000 ( 1)
 136 G   0.99996 0.00000 0.00004 0.00000 ( 1)
 137 P   0.99996 0.00000 0.00004 0.00000 ( 1)
 138 E   0.99996 0.00000 0.00004 0.00000 ( 1)
 139 T   0.99996 0.00000 0.00004 0.00000 ( 1)
 140 L   0.99996 0.00000 0.00004 0.00000 ( 1)
 141 E   0.99996 0.00000 0.00004 0.00000 ( 1)
 142 E   0.99996 0.00000 0.00004 0.00000 ( 1)
 143 S   0.99996 0.00000 0.00004 0.00000 ( 1)
 144 F   0.99996 0.00000 0.00004 0.00000 ( 1)
 145 P   0.99996 0.00000 0.00004 0.00000 ( 1)
 146 F   0.99996 0.00000 0.00004 0.00000 ( 1)
 147 F   0.99996 0.00000 0.00004 0.00000 ( 1)
 148 G   0.99996 0.00000 0.00004 0.00000 ( 1)
 149 Y   0.99996 0.00000 0.00004 0.00000 ( 1)
 150 V   0.99996 0.00000 0.00004 0.00000 ( 1)
 151 W   0.99996 0.00000 0.00004 0.00000 ( 1)
 152 K   0.99996 0.00000 0.00004 0.00000 ( 1)
 153 D   0.99996 0.00000 0.00004 0.00000 ( 1)
 154 R   0.99996 0.00000 0.00004 0.00000 ( 1)
 155 N   0.99996 0.00000 0.00004 0.00000 ( 1)
 156 K   0.99996 0.00000 0.00004 0.00000 ( 1)
 157 M   0.99996 0.00000 0.00004 0.00000 ( 1)
 158 T   0.99996 0.00000 0.00004 0.00000 ( 1)
 159 T   0.99996 0.00000 0.00004 0.00000 ( 1)
 160 I   0.99996 0.00000 0.00004 0.00000 ( 1)
 161 L   0.99996 0.00000 0.00004 0.00000 ( 1)
 162 G   0.99996 0.00000 0.00004 0.00000 ( 1)
 163 I   0.99996 0.00000 0.00004 0.00000 ( 1)
 164 H   0.99996 0.00000 0.00004 0.00000 ( 1)
 165 L   0.99996 0.00000 0.00004 0.00000 ( 1)
 166 I   0.99996 0.00000 0.00004 0.00000 ( 1)
 167 L   0.99996 0.00000 0.00004 0.00000 ( 1)
 168 L   0.99996 0.00000 0.00004 0.00000 ( 1)
 169 G   0.99996 0.00000 0.00004 0.00000 ( 1)
 170 I   0.99996 0.00000 0.00004 0.00000 ( 1)
 171 G   0.99996 0.00000 0.00004 0.00000 ( 1)
 172 A   0.99996 0.00000 0.00004 0.00000 ( 1)
 173 F   0.99996 0.00000 0.00004 0.00000 ( 1)
 174 L   0.99996 0.00000 0.00004 0.00000 ( 1)
 175 L   0.99996 0.00000 0.00004 0.00000 ( 1)
 176 V   0.99996 0.00000 0.00004 0.00000 ( 1)
 177 F   0.99996 0.00000 0.00004 0.00000 ( 1)
 178 K   0.99996 0.00000 0.00004 0.00000 ( 1)
 179 A   0.99996 0.00000 0.00004 0.00000 ( 1)
 180 L   0.99996 0.00000 0.00004 0.00000 ( 1)
 181 Y   0.99996 0.00000 0.00004 0.00000 ( 1)
 182 F   0.99996 0.00000 0.00004 0.00000 ( 1)
 183 G   0.99996 0.00000 0.00004 0.00000 ( 1)
 184 G   0.99996 0.00000 0.00004 0.00000 ( 1)
 185 V   0.99996 0.00000 0.00004 0.00000 ( 1)
 186 Y   0.99996 0.00000 0.00004 0.00000 ( 1)
 187 D   0.99996 0.00000 0.00004 0.00000 ( 1)
 188 T   0.99996 0.00000 0.00004 0.00000 ( 1)
 189 W   0.99996 0.00000 0.00004 0.00000 ( 1)
 190 A   0.99996 0.00000 0.00004 0.00000 ( 1)
 191 P   0.99996 0.00000 0.00004 0.00000 ( 1)
 192 G   0.99996 0.00000 0.00004 0.00000 ( 1)
 193 G   0.99996 0.00000 0.00004 0.00000 ( 1)
 194 G   0.99996 0.00000 0.00004 0.00000 ( 1)
 195 D   0.99996 0.00000 0.00004 0.00000 ( 1)
 196 V   0.99996 0.00000 0.00004 0.00000 ( 1)
 197 R   0.99996 0.00000 0.00004 0.00000 ( 1)
 198 K   0.99996 0.00000 0.00004 0.00000 ( 1)
 199 I   0.99996 0.00000 0.00004 0.00000 ( 1)
 200 T   0.99996 0.00000 0.00004 0.00000 ( 1)
 201 N   0.99996 0.00000 0.00004 0.00000 ( 1)
 202 L   0.99996 0.00000 0.00004 0.00000 ( 1)
 203 T   0.99996 0.00000 0.00004 0.00000 ( 1)
 204 L   0.99996 0.00000 0.00004 0.00000 ( 1)
 205 N   0.99996 0.00000 0.00004 0.00000 ( 1)
 206 P   0.99996 0.00000 0.00004 0.00000 ( 1)
 207 S   0.99996 0.00000 0.00004 0.00000 ( 1)
 208 I   0.99996 0.00000 0.00004 0.00000 ( 1)
 209 I   0.99996 0.00000 0.00004 0.00000 ( 1)
 210 F   0.99996 0.00000 0.00004 0.00000 ( 1)
 211 G   0.99996 0.00000 0.00004 0.00000 ( 1)
 212 Y   0.99996 0.00000 0.00004 0.00000 ( 1)
 213 L   0.99996 0.00000 0.00004 0.00000 ( 1)
 214 L   0.99996 0.00000 0.00004 0.00000 ( 1)
 215 K   0.99996 0.00000 0.00004 0.00000 ( 1)
 216 S   0.99996 0.00000 0.00004 0.00000 ( 1)
 217 P   0.99996 0.00000 0.00004 0.00000 ( 1)
 218 F   0.99996 0.00000 0.00004 0.00000 ( 1)
 219 G   0.99996 0.00000 0.00004 0.00000 ( 1)
 220 G   0.99996 0.00000 0.00004 0.00000 ( 1)
 221 E   0.99996 0.00000 0.00004 0.00000 ( 1)
 222 G   0.99996 0.00000 0.00004 0.00000 ( 1)
 223 W   0.99996 0.00000 0.00004 0.00000 ( 1)
 224 I   0.99996 0.00000 0.00004 0.00000 ( 1)
 225 V   0.99996 0.00000 0.00004 0.00000 ( 1)
 226 S   0.99996 0.00000 0.00004 0.00000 ( 1)
 227 V   0.99996 0.00000 0.00004 0.00000 ( 1)
 228 D   0.99996 0.00000 0.00004 0.00000 ( 1)
 229 D   0.99996 0.00000 0.00004 0.00000 ( 1)
 230 L   0.99996 0.00000 0.00004 0.00000 ( 1)
 231 E   0.99996 0.00000 0.00004 0.00000 ( 1)
 232 D   0.99996 0.00000 0.00004 0.00000 ( 1)
 233 I   0.99996 0.00000 0.00004 0.00000 ( 1)
 234 I   0.99996 0.00000 0.00004 0.00000 ( 1)
 235 G   0.99996 0.00000 0.00004 0.00000 ( 1)
 236 G   0.99996 0.00000 0.00004 0.00000 ( 1)
 237 H   0.99996 0.00000 0.00004 0.00000 ( 1)
 238 V   0.99996 0.00000 0.00004 0.00000 ( 1)
 239 W   0.99996 0.00000 0.00004 0.00000 ( 1)
 240 L   0.99996 0.00000 0.00004 0.00000 ( 1)
 241 G   0.99996 0.00000 0.00004 0.00000 ( 1)
 242 S   0.99996 0.00000 0.00004 0.00000 ( 1)
 243 I   0.99996 0.00000 0.00004 0.00000 ( 1)
 244 C   0.99996 0.00000 0.00004 0.00000 ( 1)
 245 I   0.99996 0.00000 0.00004 0.00000 ( 1)
 246 L   0.99996 0.00000 0.00004 0.00000 ( 1)
 247 G   0.99996 0.00000 0.00004 0.00000 ( 1)
 248 G   0.99996 0.00000 0.00004 0.00000 ( 1)
 249 I   0.99996 0.00000 0.00004 0.00000 ( 1)
 250 W   0.99996 0.00000 0.00004 0.00000 ( 1)
 251 H   0.99996 0.00000 0.00004 0.00000 ( 1)
 252 I   0.99996 0.00000 0.00004 0.00000 ( 1)
 253 L   0.99996 0.00000 0.00004 0.00000 ( 1)
 254 T   0.99996 0.00000 0.00004 0.00000 ( 1)
 255 K   0.99996 0.00000 0.00004 0.00000 ( 1)
 256 P   0.99996 0.00000 0.00004 0.00000 ( 1)
 257 F   0.99996 0.00000 0.00004 0.00000 ( 1)
 258 A   0.99996 0.00000 0.00004 0.00000 ( 1)
 259 W   0.99996 0.00000 0.00004 0.00000 ( 1)
 260 A   0.99996 0.00000 0.00004 0.00000 ( 1)
 261 R   0.99996 0.00000 0.00004 0.00000 ( 1)
 262 R   0.99996 0.00000 0.00004 0.00000 ( 1)
 263 A   0.99996 0.00000 0.00004 0.00000 ( 1)
 264 L   0.99996 0.00000 0.00004 0.00000 ( 1)
 265 V   0.99996 0.00000 0.00004 0.00000 ( 1)
 266 W   0.99996 0.00000 0.00004 0.00000 ( 1)
 267 S   0.99996 0.00000 0.00004 0.00000 ( 1)
 268 G   0.99996 0.00000 0.00004 0.00000 ( 1)
 269 E   0.99996 0.00000 0.00004 0.00000 ( 1)
 270 A   0.99996 0.00000 0.00004 0.00000 ( 1)
 271 Y   0.99996 0.00000 0.00004 0.00000 ( 1)
 272 L   0.99996 0.00000 0.00004 0.00000 ( 1)
 273 S   0.99996 0.00000 0.00004 0.00000 ( 1)
 274 Y   0.99996 0.00000 0.00004 0.00000 ( 1)
 275 S   0.99996 0.00000 0.00004 0.00000 ( 1)
 276 L   0.99996 0.00000 0.00004 0.00000 ( 1)
 277 A   0.99996 0.00000 0.00004 0.00000 ( 1)
 278 A   0.99996 0.00000 0.00004 0.00000 ( 1)
 279 L   0.99996 0.00000 0.00004 0.00000 ( 1)
 280 S   0.99996 0.00000 0.00004 0.00000 ( 1)
 281 V   0.99996 0.00000 0.00004 0.00000 ( 1)
 282 F   0.99996 0.00000 0.00004 0.00000 ( 1)
 283 G   0.99996 0.00000 0.00004 0.00000 ( 1)
 284 F   0.99996 0.00000 0.00004 0.00000 ( 1)
 285 I   0.99996 0.00000 0.00004 0.00000 ( 1)
 286 A   0.99996 0.00000 0.00004 0.00000 ( 1)
 287 C   0.99996 0.00000 0.00004 0.00000 ( 1)
 288 C   0.99996 0.00000 0.00004 0.00000 ( 1)
 289 F   0.99996 0.00000 0.00004 0.00000 ( 1)
 290 V   0.99996 0.00000 0.00004 0.00000 ( 1)
 291 W   0.99996 0.00000 0.00004 0.00000 ( 1)
 292 F   0.99996 0.00000 0.00004 0.00000 ( 1)
 293 N   0.99996 0.00000 0.00004 0.00000 ( 1)
 294 N   0.99996 0.00000 0.00004 0.00000 ( 1)
 295 T   0.99996 0.00000 0.00004 0.00000 ( 1)
 296 A   0.99996 0.00000 0.00004 0.00000 ( 1)
 297 Y   0.99996 0.00000 0.00004 0.00000 ( 1)
 298 P   0.99996 0.00000 0.00004 0.00000 ( 1)
 299 S   0.99996 0.00000 0.00004 0.00000 ( 1)
 300 E   0.99996 0.00000 0.00004 0.00000 ( 1)
 301 F   0.99996 0.00000 0.00004 0.00000 ( 1)
 302 Y   0.99996 0.00000 0.00004 0.00000 ( 1)
 303 G   0.99996 0.00000 0.00004 0.00000 ( 1)
 304 P   0.99996 0.00000 0.00004 0.00000 ( 1)
 305 T   0.99996 0.00000 0.00004 0.00000 ( 1)
 306 G   0.99996 0.00000 0.00004 0.00000 ( 1)
 307 P   0.99996 0.00000 0.00004 0.00000 ( 1)
 308 E   0.99996 0.00000 0.00004 0.00000 ( 1)
 309 A   0.99996 0.00000 0.00004 0.00000 ( 1)
 310 S   0.99996 0.00000 0.00004 0.00000 ( 1)
 311 Q   0.99996 0.00000 0.00004 0.00000 ( 1)
 312 A   0.99996 0.00000 0.00004 0.00000 ( 1)
 313 Q   0.99996 0.00000 0.00004 0.00000 ( 1)
 314 A   0.99996 0.00000 0.00004 0.00000 ( 1)
 315 F   0.99996 0.00000 0.00004 0.00000 ( 1)
 316 T   0.99996 0.00000 0.00004 0.00000 ( 1)
 317 F   0.99996 0.00000 0.00004 0.00000 ( 1)
 318 L   0.99996 0.00000 0.00004 0.00000 ( 1)
 319 V   0.99996 0.00000 0.00004 0.00000 ( 1)
 320 R   0.99996 0.00000 0.00004 0.00000 ( 1)
 321 D   0.99996 0.00000 0.00004 0.00000 ( 1)
 322 Q   0.99996 0.00000 0.00004 0.00000 ( 1)
 323 R   0.99996 0.00000 0.00004 0.00000 ( 1)
 324 L   0.99996 0.00000 0.00004 0.00000 ( 1)
 325 G   0.99996 0.00000 0.00004 0.00000 ( 1)
 326 A   0.99996 0.00000 0.00004 0.00000 ( 1)
 327 N   0.99996 0.00000 0.00004 0.00000 ( 1)
 328 V   0.99996 0.00000 0.00004 0.00000 ( 1)
 329 G   0.99996 0.00000 0.00004 0.00000 ( 1)
 330 S   0.99996 0.00000 0.00004 0.00000 ( 1)
 331 A   0.99996 0.00000 0.00004 0.00000 ( 1)
 332 Q   0.99996 0.00000 0.00004 0.00000 ( 1)
 333 G   0.99996 0.00000 0.00004 0.00000 ( 1)
 334 P   0.99996 0.00000 0.00004 0.00000 ( 1)
 335 T   0.99996 0.00000 0.00004 0.00000 ( 1)
 336 G   0.99996 0.00000 0.00004 0.00000 ( 1)
 337 L   0.99996 0.00000 0.00004 0.00000 ( 1)
 338 G   0.99996 0.00000 0.00004 0.00000 ( 1)
 339 K   0.99996 0.00000 0.00004 0.00000 ( 1)
 340 Y   0.99996 0.00000 0.00004 0.00000 ( 1)
 341 L   0.99996 0.00000 0.00004 0.00000 ( 1)
 342 M   0.99996 0.00000 0.00004 0.00000 ( 1)
 343 R   0.99996 0.00000 0.00004 0.00000 ( 1)
 344 S   0.99996 0.00000 0.00004 0.00000 ( 1)
 345 P   0.99996 0.00000 0.00004 0.00000 ( 1)
 346 T   0.99996 0.00000 0.00004 0.00000 ( 1)
 347 G   0.99996 0.00000 0.00004 0.00000 ( 1)
 348 E   0.99996 0.00000 0.00004 0.00000 ( 1)
 349 V   0.99996 0.00000 0.00004 0.00000 ( 1)
 350 I   0.99996 0.00000 0.00004 0.00000 ( 1)
 351 F   0.99996 0.00000 0.00004 0.00000 ( 1)
 352 G   0.99996 0.00000 0.00004 0.00000 ( 1)
 353 G   0.99996 0.00000 0.00004 0.00000 ( 1)
 354 E   0.99996 0.00000 0.00004 0.00000 ( 1)
 355 T   0.99996 0.00000 0.00004 0.00000 ( 1)
 356 M   0.99996 0.00000 0.00004 0.00000 ( 1)
 357 R   0.99996 0.00000 0.00004 0.00000 ( 1)
 358 F   0.99996 0.00000 0.00004 0.00000 ( 1)
 359 W   0.99996 0.00000 0.00004 0.00000 ( 1)
 360 D   0.99996 0.00000 0.00004 0.00000 ( 1)
 361 L   0.99996 0.00000 0.00004 0.00000 ( 1)
 362 R   0.99996 0.00000 0.00004 0.00000 ( 1)
 363 A   0.99996 0.00000 0.00004 0.00000 ( 1)
 364 P   0.99996 0.00000 0.00004 0.00000 ( 1)
 365 W   0.99996 0.00000 0.00004 0.00000 ( 1)
 366 L   0.99996 0.00000 0.00004 0.00000 ( 1)
 367 E   0.99996 0.00000 0.00004 0.00000 ( 1)
 368 P   0.99996 0.00000 0.00004 0.00000 ( 1)
 369 L   0.99996 0.00000 0.00004 0.00000 ( 1)
 370 R   0.99996 0.00000 0.00004 0.00000 ( 1)
 371 G   0.99996 0.00000 0.00004 0.00000 ( 1)
 372 P   0.99996 0.00000 0.00004 0.00000 ( 1)
 373 N   0.99996 0.00000 0.00004 0.00000 ( 1)
 374 G   0.99996 0.00000 0.00004 0.00000 ( 1)
 375 L   0.99996 0.00000 0.00004 0.00000 ( 1)
 376 D   0.99996 0.00000 0.00004 0.00000 ( 1)
 377 L   0.99996 0.00000 0.00004 0.00000 ( 1)
 378 S   0.99996 0.00000 0.00004 0.00000 ( 1)
 379 R   0.99996 0.00000 0.00004 0.00000 ( 1)
 380 L   0.99996 0.00000 0.00004 0.00000 ( 1)
 381 K   0.99996 0.00000 0.00004 0.00000 ( 1)
 382 K   0.99996 0.00000 0.00004 0.00000 ( 1)
 383 D   0.99996 0.00000 0.00004 0.00000 ( 1)
 384 I   0.99996 0.00000 0.00004 0.00000 ( 1)
 385 Q   0.99996 0.00000 0.00004 0.00000 ( 1)
 386 P   0.99996 0.00000 0.00004 0.00000 ( 1)
 387 W   0.99996 0.00000 0.00004 0.00000 ( 1)
 388 Q   0.99996 0.00000 0.00004 0.00000 ( 1)
 389 E   0.99996 0.00000 0.00004 0.00000 ( 1)
 390 R   0.99996 0.00000 0.00004 0.00000 ( 1)
 391 R   0.99996 0.00000 0.00004 0.00000 ( 1)
 392 S   0.99996 0.00000 0.00004 0.00000 ( 1)
 393 A   0.99996 0.00000 0.00004 0.00000 ( 1)
 394 E   0.99996 0.00000 0.00004 0.00000 ( 1)
 395 Y   0.99996 0.00000 0.00004 0.00000 ( 1)
 396 M   0.99996 0.00000 0.00004 0.00000 ( 1)
 397 T   0.99996 0.00000 0.00004 0.00000 ( 1)
 398 H   0.99996 0.00000 0.00004 0.00000 ( 1)
 399 A   0.99996 0.00000 0.00004 0.00000 ( 1)
 400 P   0.99996 0.00000 0.00004 0.00000 ( 1)
 401 L   0.99996 0.00000 0.00004 0.00000 ( 1)
 402 G   0.99996 0.00000 0.00004 0.00000 ( 1)
 403 S   0.99996 0.00000 0.00004 0.00000 ( 1)
 404 L   0.99996 0.00000 0.00004 0.00000 ( 1)
 405 N   0.99996 0.00000 0.00004 0.00000 ( 1)
 406 S   0.99996 0.00000 0.00004 0.00000 ( 1)
 407 V   0.99996 0.00000 0.00004 0.00000 ( 1)
 408 G   0.99996 0.00000 0.00004 0.00000 ( 1)
 409 G   0.99996 0.00000 0.00004 0.00000 ( 1)
 410 V   0.99996 0.00000 0.00004 0.00000 ( 1)
 411 A   0.99996 0.00000 0.00004 0.00000 ( 1)
 412 T   0.99996 0.00000 0.00004 0.00000 ( 1)
 413 E   0.99996 0.00000 0.00004 0.00000 ( 1)
 414 I   0.99996 0.00000 0.00004 0.00000 ( 1)
 415 N   0.99996 0.00000 0.00004 0.00000 ( 1)
 416 A   0.99996 0.00000 0.00004 0.00000 ( 1)
 417 V   0.99996 0.00000 0.00004 0.00000 ( 1)
 418 N   0.99996 0.00000 0.00004 0.00000 ( 1)
 419 Y   0.99996 0.00000 0.00004 0.00000 ( 1)
 420 V   0.99996 0.00000 0.00004 0.00000 ( 1)
 421 S   0.99996 0.00000 0.00004 0.00000 ( 1)
 422 P   0.99996 0.00000 0.00004 0.00000 ( 1)
 423 R   0.99996 0.00000 0.00004 0.00000 ( 1)
 424 S   0.99996 0.00000 0.00004 0.00000 ( 1)
 425 W   0.99996 0.00000 0.00004 0.00000 ( 1)
 426 L   0.99996 0.00000 0.00004 0.00000 ( 1)
 427 A   0.99996 0.00000 0.00004 0.00000 ( 1)
 428 T   0.99996 0.00000 0.00004 0.00000 ( 1)
 429 S   0.99996 0.00000 0.00004 0.00000 ( 1)
 430 H   0.99996 0.00000 0.00004 0.00000 ( 1)
 431 F   0.99996 0.00000 0.00004 0.00000 ( 1)
 432 V   0.99996 0.00000 0.00004 0.00000 ( 1)
 433 L   0.99996 0.00000 0.00004 0.00000 ( 1)
 434 G   0.99996 0.00000 0.00004 0.00000 ( 1)
 435 F   0.99996 0.00000 0.00004 0.00000 ( 1)
 436 F   0.99996 0.00000 0.00004 0.00000 ( 1)
 437 L   0.99996 0.00000 0.00004 0.00000 ( 1)
 438 F   0.99996 0.00000 0.00004 0.00000 ( 1)
 439 V   0.99996 0.00000 0.00004 0.00000 ( 1)
 440 G   0.99996 0.00000 0.00004 0.00000 ( 1)
 441 H   0.99996 0.00000 0.00004 0.00000 ( 1)
 442 L   0.99996 0.00000 0.00004 0.00000 ( 1)
 443 W   0.99996 0.00000 0.00004 0.00000 ( 1)
 444 H   0.99996 0.00000 0.00004 0.00000 ( 1)
 445 A   0.99996 0.00000 0.00004 0.00000 ( 1)
 446 G   0.99996 0.00000 0.00004 0.00000 ( 1)
 447 R   0.99996 0.00000 0.00004 0.00000 ( 1)
 448 A   0.99996 0.00000 0.00004 0.00000 ( 1)
 449 R   0.99996 0.00000 0.00004 0.00000 ( 1)
 450 A   0.99996 0.00000 0.00004 0.00000 ( 1)
 451 A   0.99996 0.00000 0.00004 0.00000 ( 1)
 452 A   0.99996 0.00000 0.00004 0.00000 ( 1)
 453 A   0.99996 0.00000 0.00004 0.00000 ( 1)
 454 G   0.99996 0.00000 0.00004 0.00000 ( 1)
 455 F   0.99996 0.00000 0.00004 0.00000 ( 1)
 456 E   0.99996 0.00000 0.00004 0.00000 ( 1)
 457 K   0.99996 0.00000 0.00004 0.00000 ( 1)
 458 G   0.99996 0.00000 0.00004 0.00000 ( 1)
 459 I   0.99996 0.00000 0.00004 0.00000 ( 1)
 460 D   0.99996 0.00000 0.00004 0.00000 ( 1)
 461 R   0.99996 0.00000 0.00004 0.00000 ( 1)
 462 D   0.99996 0.00000 0.00004 0.00000 ( 1)
 463 F   0.99996 0.00000 0.00004 0.00000 ( 1)
 464 E   0.99996 0.00000 0.00004 0.00000 ( 1)
 465 P   0.99996 0.00000 0.00004 0.00000 ( 1)
 466 V   0.99996 0.00000 0.00004 0.00000 ( 1)
 467 L   0.99996 0.00000 0.00004 0.00000 ( 1)
 468 S   0.99996 0.00000 0.00004 0.00000 ( 1)
 469 M   0.99996 0.00000 0.00004 0.00000 ( 1)
 470 T   0.99996 0.00000 0.00004 0.00000 ( 1)
 471 P   0.99996 0.00000 0.00004 0.00000 ( 1)
 472 L   0.99996 0.00000 0.00004 0.00000 ( 1)
 473 N   0.99996 0.00000 0.00004 0.00000 ( 1)


lnL = -2381.335799

Bayes Empirical Bayes (BEB) probabilities for 4 classes (class)
(amino acids refer to 1st sequence: NC_027834)

   1 M   0.85280 0.02122 0.12246 0.00352 ( 1)
   2 K   0.85166 0.02237 0.12227 0.00371 ( 1)
   3 T   0.84770 0.02632 0.12162 0.00437 ( 1)
   4 L   0.85076 0.02326 0.12212 0.00386 ( 1)
   5 Y   0.85359 0.02043 0.12259 0.00339 ( 1)
   6 S   0.84757 0.02645 0.12160 0.00439 ( 1)
   7 L   0.84468 0.02934 0.12112 0.00486 ( 1)
   8 R   0.84773 0.02629 0.12162 0.00436 ( 1)
   9 R   0.84773 0.02629 0.12162 0.00436 ( 1)
  10 F   0.85033 0.02369 0.12205 0.00393 ( 1)
  11 Y   0.84698 0.02703 0.12150 0.00448 ( 1)
  12 H   0.53316 0.34085 0.07261 0.05337 ( 1)
  13 V   0.84768 0.02634 0.12161 0.00437 ( 1)
  14 E   0.85387 0.02015 0.12263 0.00335 ( 1)
  15 T   0.84668 0.02734 0.12145 0.00453 ( 1)
  16 L   0.84781 0.02621 0.12163 0.00435 ( 1)
  17 F   0.85697 0.01706 0.12314 0.00283 ( 1)
  18 N   0.85483 0.01920 0.12279 0.00319 ( 1)
  19 G   0.85153 0.02249 0.12225 0.00373 ( 1)
  20 T   0.85481 0.01921 0.12279 0.00319 ( 1)
  21 L   0.85076 0.02326 0.12212 0.00386 ( 1)
  22 A   0.85649 0.01753 0.12306 0.00291 ( 1)
  23 L   0.85076 0.02326 0.12212 0.00386 ( 1)
  24 S   0.60069 0.27333 0.08268 0.04330 ( 1)
  25 G   0.85541 0.01861 0.12289 0.00309 ( 1)
  26 R   0.85287 0.02115 0.12247 0.00351 ( 1)
  27 D   0.85016 0.02386 0.12202 0.00396 ( 1)
  28 Q   0.84908 0.02494 0.12184 0.00414 ( 1)
  29 E   0.85387 0.02015 0.12263 0.00335 ( 1)
  30 T   0.84770 0.02632 0.12162 0.00437 ( 1)
  31 T   0.84770 0.02632 0.12162 0.00437 ( 1)
  32 G   0.85541 0.01861 0.12289 0.00309 ( 1)
  33 F   0.85033 0.02369 0.12205 0.00393 ( 1)
  34 A   0.85649 0.01753 0.12306 0.00291 ( 1)
  35 W   0.84707 0.02695 0.12151 0.00447 ( 1)
  36 W   0.84707 0.02695 0.12151 0.00447 ( 1)
  37 A   0.84874 0.02528 0.12179 0.00419 ( 1)
  38 G   0.84701 0.02701 0.12150 0.00448 ( 1)
  39 N   0.85483 0.01920 0.12279 0.00319 ( 1)
  40 A   0.84874 0.02528 0.12179 0.00419 ( 1)
  41 R   0.84519 0.02882 0.12120 0.00478 ( 1)
  42 L   0.85499 0.01903 0.12282 0.00316 ( 1)
  43 I   0.84917 0.02485 0.12186 0.00412 ( 1)
  44 N   0.85483 0.01920 0.12279 0.00319 ( 1)
  45 L   0.85076 0.02326 0.12212 0.00386 ( 1)
  46 S   0.84757 0.02645 0.12160 0.00439 ( 1)
  47 G   0.85541 0.01861 0.12289 0.00309 ( 1)
  48 K   0.85166 0.02237 0.12227 0.00371 ( 1)
  49 L   0.84790 0.02612 0.12165 0.00433 ( 1)
  50 L   0.84843 0.02559 0.12174 0.00425 ( 1)
  51 G   0.84726 0.02676 0.12154 0.00444 ( 1)
  52 A   0.85608 0.01795 0.12299 0.00298 ( 1)
  53 H   0.85358 0.02044 0.12258 0.00339 ( 1)
  54 V   0.85357 0.02046 0.12258 0.00340 ( 1)
  55 A   0.84874 0.02528 0.12179 0.00419 ( 1)
  56 H   0.85358 0.02044 0.12258 0.00339 ( 1)
  57 A   0.84874 0.02528 0.12179 0.00419 ( 1)
  58 G   0.85153 0.02249 0.12225 0.00373 ( 1)
  59 L   0.85076 0.02326 0.12212 0.00386 ( 1)
  60 I   0.84959 0.02442 0.12193 0.00405 ( 1)
  61 V   0.85357 0.02046 0.12258 0.00340 ( 1)
  62 F   0.85033 0.02369 0.12205 0.00393 ( 1)
  63 W   0.84707 0.02695 0.12151 0.00447 ( 1)
  64 A   0.84874 0.02528 0.12179 0.00419 ( 1)
  65 G   0.85153 0.02249 0.12225 0.00373 ( 1)
  66 G   0.85153 0.02249 0.12225 0.00373 ( 1)
  67 M   0.85280 0.02122 0.12246 0.00352 ( 1)
  68 N   0.84845 0.02557 0.12174 0.00424 ( 1)
  69 L   0.84826 0.02576 0.12171 0.00427 ( 1)
  70 F   0.85697 0.01706 0.12314 0.00283 ( 1)
  71 E   0.85387 0.02015 0.12263 0.00335 ( 1)
  72 V   0.84768 0.02634 0.12161 0.00437 ( 1)
  73 A   0.85649 0.01753 0.12306 0.00291 ( 1)
  74 H   0.85358 0.02044 0.12258 0.00339 ( 1)
  75 F   0.85033 0.02369 0.12205 0.00393 ( 1)
  76 V   0.85357 0.02046 0.12258 0.00340 ( 1)
  77 P   0.85093 0.02309 0.12215 0.00383 ( 1)
  78 E   0.85234 0.02168 0.12238 0.00360 ( 1)
  79 K   0.84739 0.02663 0.12157 0.00442 ( 1)
  80 P   0.85360 0.02042 0.12259 0.00339 ( 1)
  81 M   0.85280 0.02122 0.12246 0.00352 ( 1)
  82 Y   0.85359 0.02043 0.12259 0.00339 ( 1)
  83 E   0.85387 0.02015 0.12263 0.00335 ( 1)
  84 Q   0.84908 0.02494 0.12184 0.00414 ( 1)
  85 G   0.85143 0.02259 0.12223 0.00375 ( 1)
  86 L   0.85076 0.02326 0.12212 0.00386 ( 1)
  87 I   0.85661 0.01741 0.12308 0.00289 ( 1)
  88 L   0.85076 0.02326 0.12212 0.00386 ( 1)
  89 L   0.85499 0.01903 0.12282 0.00316 ( 1)
  90 P   0.85148 0.02254 0.12224 0.00374 ( 1)
  91 H   0.84763 0.02639 0.12160 0.00438 ( 1)
  92 L   0.84852 0.02550 0.12175 0.00423 ( 1)
  93 A   0.85649 0.01753 0.12306 0.00291 ( 1)
  94 T   0.85481 0.01921 0.12279 0.00319 ( 1)
  95 L   0.84852 0.02550 0.12175 0.00423 ( 1)
  96 G   0.85541 0.01861 0.12289 0.00309 ( 1)
  97 W   0.84707 0.02695 0.12151 0.00447 ( 1)
  98 G   0.85153 0.02249 0.12225 0.00373 ( 1)
  99 V   0.85357 0.02046 0.12258 0.00340 ( 1)
 100 G   0.85541 0.01861 0.12289 0.00309 ( 1)
 101 P   0.85327 0.02075 0.12253 0.00344 ( 1)
 102 G   0.85541 0.01861 0.12289 0.00309 ( 1)
 103 G   0.84701 0.02701 0.12150 0.00448 ( 1)
 104 E   0.85387 0.02015 0.12263 0.00335 ( 1)
 105 V   0.85662 0.01741 0.12308 0.00289 ( 1)
 106 I   0.85440 0.01963 0.12272 0.00326 ( 1)
 107 D   0.85016 0.02386 0.12202 0.00396 ( 1)
 108 T   0.85481 0.01921 0.12279 0.00319 ( 1)
 109 F   0.85697 0.01706 0.12314 0.00283 ( 1)
 110 P   0.85093 0.02309 0.12215 0.00383 ( 1)
 111 Y   0.85359 0.02043 0.12259 0.00339 ( 1)
 112 F   0.85697 0.01706 0.12314 0.00283 ( 1)
 113 V   0.85357 0.02046 0.12258 0.00340 ( 1)
 114 S   0.85459 0.01943 0.12275 0.00323 ( 1)
 115 G   0.85135 0.02267 0.12222 0.00376 ( 1)
 116 V   0.85357 0.02046 0.12258 0.00340 ( 1)
 117 L   0.85499 0.01903 0.12282 0.00316 ( 1)
 118 H   0.85358 0.02044 0.12258 0.00339 ( 1)
 119 L   0.85076 0.02326 0.12212 0.00386 ( 1)
 120 I   0.85661 0.01741 0.12308 0.00289 ( 1)
 121 S   0.84803 0.02599 0.12167 0.00431 ( 1)
 122 S   0.85459 0.01943 0.12275 0.00323 ( 1)
 123 A   0.85380 0.02022 0.12262 0.00336 ( 1)
 124 V   0.85357 0.02046 0.12258 0.00340 ( 1)
 125 L   0.84825 0.02577 0.12171 0.00427 ( 1)
 126 G   0.84807 0.02595 0.12168 0.00430 ( 1)
 127 F   0.85697 0.01706 0.12314 0.00283 ( 1)
 128 G   0.85541 0.01861 0.12289 0.00309 ( 1)
 129 G   0.85541 0.01861 0.12289 0.00309 ( 1)
 130 I   0.85661 0.01741 0.12308 0.00289 ( 1)
 131 Y   0.85359 0.02043 0.12259 0.00339 ( 1)
 132 H   0.85358 0.02044 0.12258 0.00339 ( 1)
 133 A   0.59005 0.28397 0.08107 0.04490 ( 1)
 134 L   0.85499 0.01903 0.12282 0.00316 ( 1)
 135 L   0.84852 0.02550 0.12175 0.00423 ( 1)
 136 G   0.85153 0.02249 0.12225 0.00373 ( 1)
 137 P   0.85360 0.02042 0.12259 0.00339 ( 1)
 138 E   0.84927 0.02475 0.12187 0.00411 ( 1)
 139 T   0.84668 0.02734 0.12145 0.00453 ( 1)
 140 L   0.85499 0.01903 0.12282 0.00316 ( 1)
 141 E   0.85387 0.02015 0.12263 0.00335 ( 1)
 142 E   0.85387 0.02015 0.12263 0.00335 ( 1)
 143 S   0.85459 0.01943 0.12275 0.00323 ( 1)
 144 F   0.85697 0.01706 0.12314 0.00283 ( 1)
 145 P   0.85093 0.02309 0.12215 0.00383 ( 1)
 146 F   0.85033 0.02369 0.12205 0.00393 ( 1)
 147 F   0.85033 0.02369 0.12205 0.00393 ( 1)
 148 G   0.85541 0.01861 0.12289 0.00309 ( 1)
 149 Y   0.85359 0.02043 0.12259 0.00339 ( 1)
 150 V   0.85357 0.02046 0.12258 0.00340 ( 1)
 151 W   0.84707 0.02695 0.12151 0.00447 ( 1)
 152 K   0.85166 0.02237 0.12227 0.00371 ( 1)
 153 D   0.85691 0.01712 0.12313 0.00284 ( 1)
 154 R   0.85115 0.02287 0.12218 0.00380 ( 1)
 155 N   0.85483 0.01920 0.12279 0.00319 ( 1)
 156 K   0.85166 0.02237 0.12227 0.00371 ( 1)
 157 M   0.85280 0.02122 0.12246 0.00352 ( 1)
 158 T   0.84770 0.02632 0.12162 0.00437 ( 1)
 159 T   0.85197 0.02205 0.12232 0.00366 ( 1)
 160 I   0.85661 0.01741 0.12308 0.00289 ( 1)
 161 L   0.85057 0.02345 0.12209 0.00389 ( 1)
 162 G   0.85541 0.01861 0.12289 0.00309 ( 1)
 163 I   0.85661 0.01741 0.12308 0.00289 ( 1)
 164 H   0.84763 0.02639 0.12160 0.00438 ( 1)
 165 L   0.85076 0.02326 0.12212 0.00386 ( 1)
 166 I   0.84917 0.02485 0.12186 0.00412 ( 1)
 167 L   0.84821 0.02581 0.12170 0.00428 ( 1)
 168 L   0.85076 0.02326 0.12212 0.00386 ( 1)
 169 G   0.85541 0.01861 0.12289 0.00309 ( 1)
 170 I   0.85440 0.01963 0.12272 0.00326 ( 1)
 171 G   0.85441 0.01962 0.12272 0.00326 ( 1)
 172 A   0.85649 0.01753 0.12306 0.00291 ( 1)
 173 F   0.85697 0.01706 0.12314 0.00283 ( 1)
 174 L   0.85499 0.01903 0.12282 0.00316 ( 1)
 175 L   0.84852 0.02550 0.12175 0.00423 ( 1)
 176 V   0.85357 0.02046 0.12258 0.00340 ( 1)
 177 F   0.85033 0.02369 0.12205 0.00393 ( 1)
 178 K   0.84749 0.02653 0.12158 0.00440 ( 1)
 179 A   0.85649 0.01753 0.12306 0.00291 ( 1)
 180 L   0.85499 0.01903 0.12282 0.00316 ( 1)
 181 Y   0.85359 0.02043 0.12259 0.00339 ( 1)
 182 F   0.85697 0.01706 0.12314 0.00283 ( 1)
 183 G   0.85510 0.01893 0.12283 0.00314 ( 1)
 184 G   0.85541 0.01861 0.12289 0.00309 ( 1)
 185 V   0.85058 0.02344 0.12209 0.00389 ( 1)
 186 Y   0.85359 0.02043 0.12259 0.00339 ( 1)
 187 D   0.85691 0.01712 0.12313 0.00284 ( 1)
 188 T   0.84770 0.02632 0.12162 0.00437 ( 1)
 189 W   0.84707 0.02695 0.12151 0.00447 ( 1)
 190 A   0.85649 0.01753 0.12306 0.00291 ( 1)
 191 P   0.84606 0.02796 0.12135 0.00464 ( 1)
 192 G   0.85153 0.02249 0.12225 0.00373 ( 1)
 193 G   0.84701 0.02701 0.12150 0.00448 ( 1)
 194 G   0.85153 0.02249 0.12225 0.00373 ( 1)
 195 D   0.85691 0.01712 0.12313 0.00284 ( 1)
 196 V   0.85357 0.02046 0.12258 0.00340 ( 1)
 197 R   0.85115 0.02287 0.12218 0.00380 ( 1)
 198 K   0.85166 0.02237 0.12227 0.00371 ( 1)
 199 I   0.85661 0.01741 0.12308 0.00289 ( 1)
 200 T   0.84796 0.02606 0.12166 0.00432 ( 1)
 201 N   0.84845 0.02557 0.12174 0.00424 ( 1)
 202 L   0.84821 0.02581 0.12170 0.00428 ( 1)
 203 T   0.84770 0.02632 0.12162 0.00437 ( 1)
 204 L   0.85499 0.01903 0.12282 0.00316 ( 1)
 205 N   0.54697 0.32705 0.07465 0.05133 ( 1)
 206 P   0.85093 0.02309 0.12215 0.00383 ( 1)
 207 S   0.85507 0.01895 0.12283 0.00315 ( 1)
 208 I   0.85661 0.01741 0.12308 0.00289 ( 1)
 209 I   0.85440 0.01963 0.12272 0.00326 ( 1)
 210 F   0.85697 0.01706 0.12314 0.00283 ( 1)
 211 G   0.85541 0.01861 0.12289 0.00309 ( 1)
 212 Y   0.85359 0.02043 0.12259 0.00339 ( 1)
 213 L   0.85076 0.02326 0.12212 0.00386 ( 1)
 214 L   0.84852 0.02550 0.12175 0.00423 ( 1)
 215 K   0.85166 0.02237 0.12227 0.00371 ( 1)
 216 S   0.84655 0.02747 0.12143 0.00456 ( 1)
 217 P   0.84746 0.02656 0.12158 0.00441 ( 1)
 218 F   0.85697 0.01706 0.12314 0.00283 ( 1)
 219 G   0.85142 0.02260 0.12223 0.00375 ( 1)
 220 G   0.84701 0.02701 0.12150 0.00448 ( 1)
 221 E   0.85387 0.02015 0.12263 0.00335 ( 1)
 222 G   0.85132 0.02270 0.12221 0.00377 ( 1)
 223 W   0.84707 0.02695 0.12151 0.00447 ( 1)
 224 I   0.85661 0.01741 0.12308 0.00289 ( 1)
 225 V   0.85662 0.01741 0.12308 0.00289 ( 1)
 226 S   0.85507 0.01895 0.12283 0.00315 ( 1)
 227 V   0.85357 0.02046 0.12258 0.00340 ( 1)
 228 D   0.85020 0.02382 0.12203 0.00395 ( 1)
 229 D   0.85691 0.01712 0.12313 0.00284 ( 1)
 230 L   0.84821 0.02581 0.12170 0.00428 ( 1)
 231 E   0.85387 0.02015 0.12263 0.00335 ( 1)
 232 D   0.85691 0.01712 0.12313 0.00284 ( 1)
 233 I   0.85440 0.01963 0.12272 0.00326 ( 1)
 234 I   0.84938 0.02464 0.12189 0.00409 ( 1)
 235 G   0.85153 0.02249 0.12225 0.00373 ( 1)
 236 G   0.85153 0.02249 0.12225 0.00373 ( 1)
 237 H   0.85358 0.02044 0.12258 0.00339 ( 1)
 238 V   0.85357 0.02046 0.12258 0.00340 ( 1)
 239 W   0.84707 0.02695 0.12151 0.00447 ( 1)
 240 L   0.85076 0.02326 0.12212 0.00386 ( 1)
 241 G   0.85541 0.01861 0.12289 0.00309 ( 1)
 242 S   0.84757 0.02645 0.12160 0.00439 ( 1)
 243 I   0.85661 0.01741 0.12308 0.00289 ( 1)
 244 C   0.85412 0.01990 0.12267 0.00331 ( 1)
 245 I   0.85440 0.01963 0.12272 0.00326 ( 1)
 246 L   0.60648 0.26754 0.08355 0.04243 ( 1)
 247 G   0.85541 0.01861 0.12289 0.00309 ( 1)
 248 G   0.85153 0.02249 0.12225 0.00373 ( 1)
 249 I   0.84917 0.02485 0.12186 0.00412 ( 1)
 250 W   0.84707 0.02695 0.12151 0.00447 ( 1)
 251 H   0.85358 0.02044 0.12258 0.00339 ( 1)
 252 I   0.84959 0.02442 0.12193 0.00405 ( 1)
 253 L   0.85076 0.02326 0.12212 0.00386 ( 1)
 254 T   0.84770 0.02632 0.12162 0.00437 ( 1)
 255 K   0.85140 0.02262 0.12222 0.00376 ( 1)
 256 P   0.85148 0.02254 0.12224 0.00374 ( 1)
 257 F   0.85033 0.02369 0.12205 0.00393 ( 1)
 258 A   0.85344 0.02058 0.12256 0.00342 ( 1)
 259 W   0.84707 0.02695 0.12151 0.00447 ( 1)
 260 A   0.85649 0.01753 0.12306 0.00291 ( 1)
 261 R   0.84671 0.02731 0.12145 0.00453 ( 1)
 262 R   0.84657 0.02745 0.12143 0.00455 ( 1)
 263 A   0.85344 0.02058 0.12256 0.00342 ( 1)
 264 L   0.85499 0.01903 0.12282 0.00316 ( 1)
 265 V   0.85335 0.02067 0.12255 0.00343 ( 1)
 266 W   0.84707 0.02695 0.12151 0.00447 ( 1)
 267 S   0.85459 0.01943 0.12275 0.00323 ( 1)
 268 G   0.85153 0.02249 0.12225 0.00373 ( 1)
 269 E   0.85032 0.02370 0.12204 0.00393 ( 1)
 270 A   0.85573 0.01829 0.12294 0.00304 ( 1)
 271 Y   0.84784 0.02618 0.12164 0.00434 ( 1)
 272 L   0.85076 0.02326 0.12212 0.00386 ( 1)
 273 S   0.85459 0.01943 0.12275 0.00323 ( 1)
 274 Y   0.85359 0.02043 0.12259 0.00339 ( 1)
 275 S   0.85507 0.01895 0.12283 0.00315 ( 1)
 276 L   0.85076 0.02326 0.12212 0.00386 ( 1)
 277 A   0.84760 0.02642 0.12160 0.00438 ( 1)
 278 A   0.85649 0.01753 0.12306 0.00291 ( 1)
 279 L   0.85076 0.02326 0.12212 0.00386 ( 1)
 280 S   0.84853 0.02549 0.12175 0.00423 ( 1)
 281 V   0.84883 0.02519 0.12180 0.00418 ( 1)
 282 F   0.85697 0.01706 0.12314 0.00283 ( 1)
 283 G   0.85541 0.01861 0.12289 0.00309 ( 1)
 284 F   0.85033 0.02369 0.12205 0.00393 ( 1)
 285 I   0.85661 0.01741 0.12308 0.00289 ( 1)
 286 A   0.85649 0.01753 0.12306 0.00291 ( 1)
 287 C   0.85412 0.01990 0.12267 0.00331 ( 1)
 288 C   0.85412 0.01990 0.12267 0.00331 ( 1)
 289 F   0.85697 0.01706 0.12314 0.00283 ( 1)
 290 V   0.84883 0.02519 0.12180 0.00418 ( 1)
 291 W   0.84707 0.02695 0.12151 0.00447 ( 1)
 292 F   0.85110 0.02292 0.12218 0.00380 ( 1)
 293 N   0.85483 0.01920 0.12279 0.00319 ( 1)
 294 N   0.85483 0.01920 0.12279 0.00319 ( 1)
 295 T   0.84770 0.02632 0.12162 0.00437 ( 1)
 296 A   0.84874 0.02528 0.12179 0.00419 ( 1)
 297 Y   0.85359 0.02043 0.12259 0.00339 ( 1)
 298 P   0.85360 0.02042 0.12259 0.00339 ( 1)
 299 S   0.84864 0.02538 0.12177 0.00421 ( 1)
 300 E   0.84927 0.02475 0.12187 0.00411 ( 1)
 301 F   0.85697 0.01706 0.12314 0.00283 ( 1)
 302 Y   0.84698 0.02703 0.12150 0.00448 ( 1)
 303 G   0.85153 0.02249 0.12225 0.00373 ( 1)
 304 P   0.84699 0.02703 0.12150 0.00448 ( 1)
 305 T   0.85481 0.01921 0.12279 0.00319 ( 1)
 306 G   0.85105 0.02297 0.12217 0.00381 ( 1)
 307 P   0.85051 0.02351 0.12208 0.00390 ( 1)
 308 E   0.85387 0.02015 0.12263 0.00335 ( 1)
 309 A   0.85649 0.01753 0.12306 0.00291 ( 1)
 310 S   0.84973 0.02429 0.12195 0.00403 ( 1)
 311 Q   0.84908 0.02494 0.12184 0.00414 ( 1)
 312 A   0.85649 0.01753 0.12306 0.00291 ( 1)
 313 Q   0.84908 0.02494 0.12184 0.00414 ( 1)
 314 A   0.85344 0.02058 0.12256 0.00342 ( 1)
 315 F   0.85697 0.01706 0.12314 0.00283 ( 1)
 316 T   0.85481 0.01921 0.12279 0.00319 ( 1)
 317 F   0.85697 0.01706 0.12314 0.00283 ( 1)
 318 L   0.84861 0.02541 0.12177 0.00421 ( 1)
 319 V   0.85662 0.01741 0.12308 0.00289 ( 1)
 320 R   0.85115 0.02287 0.12218 0.00380 ( 1)
 321 D   0.85051 0.02351 0.12208 0.00390 ( 1)
 322 Q   0.84908 0.02494 0.12184 0.00414 ( 1)
 323 R   0.85245 0.02157 0.12240 0.00358 ( 1)
 324 L   0.84484 0.02918 0.12115 0.00484 ( 1)
 325 G   0.84701 0.02701 0.12150 0.00448 ( 1)
 326 A   0.85649 0.01753 0.12306 0.00291 ( 1)
 327 N   0.84845 0.02557 0.12174 0.00424 ( 1)
 328 V   0.84768 0.02634 0.12161 0.00437 ( 1)
 329 G   0.84807 0.02595 0.12168 0.00430 ( 1)
 330 S   0.84894 0.02508 0.12182 0.00416 ( 1)
 331 A   0.85649 0.01753 0.12306 0.00291 ( 1)
 332 Q   0.84908 0.02494 0.12184 0.00414 ( 1)
 333 G   0.85153 0.02249 0.12225 0.00373 ( 1)
 334 P   0.85284 0.02118 0.12246 0.00352 ( 1)
 335 T   0.84941 0.02461 0.12189 0.00408 ( 1)
 336 G   0.85541 0.01861 0.12289 0.00309 ( 1)
 337 L   0.85076 0.02326 0.12212 0.00386 ( 1)
 338 G   0.85541 0.01861 0.12289 0.00309 ( 1)
 339 K   0.85166 0.02237 0.12227 0.00371 ( 1)
 340 Y   0.85359 0.02043 0.12259 0.00339 ( 1)
 341 L   0.85053 0.02349 0.12208 0.00390 ( 1)
 342 M   0.85280 0.02122 0.12246 0.00352 ( 1)
 343 R   0.85222 0.02180 0.12236 0.00362 ( 1)
 344 S   0.85459 0.01943 0.12275 0.00323 ( 1)
 345 P   0.84699 0.02703 0.12150 0.00448 ( 1)
 346 T   0.84770 0.02632 0.12162 0.00437 ( 1)
 347 G   0.85153 0.02249 0.12225 0.00373 ( 1)
 348 E   0.85387 0.02015 0.12263 0.00335 ( 1)
 349 V   0.84910 0.02492 0.12185 0.00413 ( 1)
 350 I   0.85661 0.01741 0.12308 0.00289 ( 1)
 351 F   0.85697 0.01706 0.12314 0.00283 ( 1)
 352 G   0.85153 0.02249 0.12225 0.00373 ( 1)
 353 G   0.85153 0.02249 0.12225 0.00373 ( 1)
 354 E   0.85387 0.02015 0.12263 0.00335 ( 1)
 355 T   0.85481 0.01921 0.12279 0.00319 ( 1)
 356 M   0.85280 0.02122 0.12246 0.00352 ( 1)
 357 R   0.85287 0.02115 0.12247 0.00351 ( 1)
 358 F   0.85697 0.01706 0.12314 0.00283 ( 1)
 359 W   0.84707 0.02695 0.12151 0.00447 ( 1)
 360 D   0.85691 0.01712 0.12313 0.00284 ( 1)
 361 L   0.84857 0.02545 0.12176 0.00422 ( 1)
 362 R   0.85287 0.02115 0.12247 0.00351 ( 1)
 363 A   0.84874 0.02528 0.12179 0.00419 ( 1)
 364 P   0.85360 0.02042 0.12259 0.00339 ( 1)
 365 W   0.84707 0.02695 0.12151 0.00447 ( 1)
 366 L   0.85076 0.02326 0.12212 0.00386 ( 1)
 367 E   0.85328 0.02075 0.12253 0.00344 ( 1)
 368 P   0.85360 0.02042 0.12259 0.00339 ( 1)
 369 L   0.84852 0.02550 0.12175 0.00423 ( 1)
 370 R   0.84773 0.02629 0.12162 0.00436 ( 1)
 371 G   0.85541 0.01861 0.12289 0.00309 ( 1)
 372 P   0.85093 0.02309 0.12215 0.00383 ( 1)
 373 N   0.85483 0.01920 0.12279 0.00319 ( 1)
 374 G   0.84701 0.02701 0.12150 0.00448 ( 1)
 375 L   0.84821 0.02581 0.12170 0.00428 ( 1)
 376 D   0.85016 0.02386 0.12202 0.00396 ( 1)
 377 L   0.84821 0.02581 0.12170 0.00428 ( 1)
 378 S   0.85507 0.01895 0.12283 0.00315 ( 1)
 379 R   0.84773 0.02629 0.12162 0.00436 ( 1)
 380 L   0.84468 0.02934 0.12112 0.00486 ( 1)
 381 K   0.85166 0.02237 0.12227 0.00371 ( 1)
 382 K   0.85166 0.02237 0.12227 0.00371 ( 1)
 383 D   0.85016 0.02386 0.12202 0.00396 ( 1)
 384 I   0.85440 0.01963 0.12272 0.00326 ( 1)
 385 Q   0.84908 0.02494 0.12184 0.00414 ( 1)
 386 P   0.85360 0.02042 0.12259 0.00339 ( 1)
 387 W   0.84707 0.02695 0.12151 0.00447 ( 1)
 388 Q   0.84908 0.02494 0.12184 0.00414 ( 1)
 389 E   0.85387 0.02015 0.12263 0.00335 ( 1)
 390 R   0.84527 0.02875 0.12122 0.00477 ( 1)
 391 R   0.84657 0.02745 0.12143 0.00455 ( 1)
 392 S   0.85459 0.01943 0.12275 0.00323 ( 1)
 393 A   0.85344 0.02058 0.12256 0.00342 ( 1)
 394 E   0.85387 0.02015 0.12263 0.00335 ( 1)
 395 Y   0.85359 0.02043 0.12259 0.00339 ( 1)
 396 M   0.85280 0.02122 0.12246 0.00352 ( 1)
 397 T   0.85481 0.01921 0.12279 0.00319 ( 1)
 398 H   0.85358 0.02044 0.12258 0.00339 ( 1)
 399 A   0.84976 0.02426 0.12195 0.00403 ( 1)
 400 P   0.85360 0.02042 0.12259 0.00339 ( 1)
 401 L   0.85076 0.02326 0.12212 0.00386 ( 1)
 402 G   0.85541 0.01861 0.12289 0.00309 ( 1)
 403 S   0.85459 0.01943 0.12275 0.00323 ( 1)
 404 L   0.85076 0.02326 0.12212 0.00386 ( 1)
 405 N   0.85483 0.01920 0.12279 0.00319 ( 1)
 406 S   0.84757 0.02645 0.12160 0.00439 ( 1)
 407 V   0.84768 0.02634 0.12161 0.00437 ( 1)
 408 G   0.85541 0.01861 0.12289 0.00309 ( 1)
 409 G   0.85541 0.01861 0.12289 0.00309 ( 1)
 410 V   0.85357 0.02046 0.12258 0.00340 ( 1)
 411 A   0.85649 0.01753 0.12306 0.00291 ( 1)
 412 T   0.84796 0.02606 0.12166 0.00432 ( 1)
 413 E   0.84927 0.02475 0.12187 0.00411 ( 1)
 414 I   0.84938 0.02464 0.12189 0.00409 ( 1)
 415 N   0.85483 0.01920 0.12279 0.00319 ( 1)
 416 A   0.85344 0.02058 0.12256 0.00342 ( 1)
 417 V   0.84882 0.02520 0.12180 0.00418 ( 1)
 418 N   0.85483 0.01920 0.12279 0.00319 ( 1)
 419 Y   0.85359 0.02043 0.12259 0.00339 ( 1)
 420 V   0.84882 0.02520 0.12180 0.00418 ( 1)
 421 S   0.85389 0.02014 0.12263 0.00334 ( 1)
 422 P   0.85360 0.02042 0.12259 0.00339 ( 1)
 423 R   0.85115 0.02287 0.12218 0.00380 ( 1)
 424 S   0.85507 0.01895 0.12283 0.00315 ( 1)
 425 W   0.84707 0.02695 0.12151 0.00447 ( 1)
 426 L   0.85076 0.02326 0.12212 0.00386 ( 1)
 427 A   0.61792 0.25610 0.08528 0.04070 ( 1)
 428 T   0.85481 0.01921 0.12279 0.00319 ( 1)
 429 S   0.85459 0.01943 0.12275 0.00323 ( 1)
 430 H   0.85358 0.02044 0.12258 0.00339 ( 1)
 431 F   0.85697 0.01706 0.12314 0.00283 ( 1)
 432 V   0.85662 0.01741 0.12308 0.00289 ( 1)
 433 L   0.84856 0.02546 0.12176 0.00422 ( 1)
 434 G   0.85153 0.02249 0.12225 0.00373 ( 1)
 435 F   0.85033 0.02369 0.12205 0.00393 ( 1)
 436 F   0.85033 0.02369 0.12205 0.00393 ( 1)
 437 L   0.84821 0.02581 0.12170 0.00428 ( 1)
 438 F   0.85033 0.02369 0.12205 0.00393 ( 1)
 439 V   0.85357 0.02046 0.12258 0.00340 ( 1)
 440 G   0.85541 0.01861 0.12289 0.00309 ( 1)
 441 H   0.85358 0.02044 0.12258 0.00339 ( 1)
 442 L   0.84821 0.02581 0.12170 0.00428 ( 1)
 443 W   0.84707 0.02695 0.12151 0.00447 ( 1)
 444 H   0.84771 0.02631 0.12162 0.00436 ( 1)
 445 A   0.84801 0.02601 0.12167 0.00431 ( 1)
 446 G   0.85153 0.02249 0.12225 0.00373 ( 1)
 447 R   0.84773 0.02629 0.12162 0.00436 ( 1)
 448 A   0.85649 0.01753 0.12306 0.00291 ( 1)
 449 R   0.85287 0.02115 0.12247 0.00351 ( 1)
 450 A   0.85344 0.02058 0.12256 0.00342 ( 1)
 451 A   0.85649 0.01753 0.12306 0.00291 ( 1)
 452 A   0.85344 0.02058 0.12256 0.00342 ( 1)
 453 A   0.84760 0.02642 0.12160 0.00438 ( 1)
 454 G   0.84701 0.02701 0.12150 0.00448 ( 1)
 455 F   0.85697 0.01706 0.12314 0.00283 ( 1)
 456 E   0.85387 0.02015 0.12263 0.00335 ( 1)
 457 K   0.85166 0.02237 0.12227 0.00371 ( 1)
 458 G   0.85153 0.02249 0.12225 0.00373 ( 1)
 459 I   0.85661 0.01741 0.12308 0.00289 ( 1)
 460 D   0.85691 0.01712 0.12313 0.00284 ( 1)
 461 R   0.85287 0.02115 0.12247 0.00351 ( 1)
 462 D   0.85691 0.01712 0.12313 0.00284 ( 1)
 463 F   0.85697 0.01706 0.12314 0.00283 ( 1)
 464 E   0.85387 0.02015 0.12263 0.00335 ( 1)
 465 P   0.85360 0.02042 0.12259 0.00339 ( 1)
 466 V   0.85662 0.01741 0.12308 0.00289 ( 1)
 467 L   0.85499 0.01903 0.12282 0.00316 ( 1)
 468 S   0.84757 0.02645 0.12160 0.00439 ( 1)
 469 M   0.85280 0.02122 0.12246 0.00352 ( 1)
 470 T   0.84770 0.02632 0.12162 0.00437 ( 1)
 471 P   0.85360 0.02042 0.12259 0.00339 ( 1)
 472 L   0.85471 0.01932 0.12277 0.00321 ( 1)
 473 N   0.85483 0.01920 0.12279 0.00319 ( 1)

