

TREE # 1

  0  0.0000   2748.594437  x:  0.00000   0.01524   0.05344   0.01769   0.06204   0.06135   0.03032   0.03574   0.06096   0.01771   0.04748   0.02290   0.02150   0.01454   0.01853   0.05715   0.05150   0.02758   0.04757   0.03067   0.06423   0.03966   0.01353   0.02481   0.00786   0.06451   0.04522   0.04088   0.07448   0.02686   2.00000   1.09989   0.02896   0.27919   2.57308  
  1 99.0000   2748.584109  x:  0.00000   0.01524   0.05344   0.01769   0.06204   0.06135   0.03032   0.03574   0.06096   0.01771   0.04747   0.02290   0.02150   0.01454   0.01853   0.05715   0.05150   0.02758   0.04757   0.03067   0.06423   0.03966   0.01353   0.02481   0.00786   0.06450   0.04522   0.04088   0.07448   0.02687   2.00000   1.09989   0.02896   0.27919   2.57308  
  2 1874.9901   2683.711471  x:  0.00000   0.01155   0.04558   0.00980   0.05418   0.05348   0.02194   0.02783   0.05308   0.00978   0.04066   0.01497   0.01357   0.00662   0.01244   0.05055   0.04410   0.02433   0.04176   0.02281   0.05643   0.03653   0.01079   0.02435   0.00000   0.05745   0.04228   0.03638   0.06902   0.02707   2.00008   1.10011   0.02875   0.27657   2.57308  
  3 70390.1935   2631.356829  x:  0.00000   0.00751   0.03904   0.00323   0.04763   0.04692   0.01493   0.02123   0.04652   0.00316   0.03480   0.00835   0.00695   0.00000   0.00658   0.04489   0.03785   0.02109   0.03663   0.01626   0.04993   0.03357   0.00781   0.02400   0.00000   0.05149   0.03952   0.03252   0.06428   0.02594   2.00014   1.10022   0.02864   0.27328   2.57308  
  4 297271.6692   2607.747350  x:  0.00000   0.00827   0.03595   0.00011   0.04450   0.04378   0.01153   0.01808   0.04338   0.00000   0.03164   0.00519   0.00379   0.00000   0.00677   0.04181   0.03469   0.01900   0.03360   0.01317   0.04684   0.03153   0.00801   0.02386   0.00000   0.04847   0.03752   0.03065   0.06158   0.02542   2.00013   1.09999   0.02889   0.26764   2.57307  
  5 9029.6559   2607.063747  x:  0.00000   0.00823   0.03584   0.00000   0.04440   0.04367   0.01141   0.01797   0.04328   0.00000   0.03156   0.00509   0.00368   0.00000   0.00680   0.04172   0.03459   0.01905   0.03353   0.01306   0.04674   0.03152   0.00802   0.02386   0.00000   0.04837   0.03750   0.03063   0.06150   0.02541   2.00013   1.09998   0.02890   0.26742   2.57307  
  6 12255.4869   2585.985547  x:  0.00000   0.00912   0.03216   0.00000   0.04076   0.04003   0.00730   0.01431   0.03964   0.00000   0.02933   0.00141   0.00000   0.00000   0.00558   0.03926   0.03151   0.01993   0.03234   0.00940   0.04313   0.03203   0.00724   0.02384   0.00000   0.04550   0.03774   0.03071   0.05936   0.02528   2.00010   1.09965   0.02926   0.25957   2.57307  
  7 19733.1358   2579.102901  x:  0.00000   0.00893   0.03073   0.00000   0.03937   0.03864   0.00568   0.01290   0.03825   0.00000   0.02886   0.00000   0.00000   0.00000   0.00545   0.03866   0.03053   0.01947   0.03234   0.00798   0.04176   0.03224   0.00740   0.02382   0.00000   0.04458   0.03799   0.03091   0.05886   0.02525   2.00008   1.09955   0.02937   0.25690   2.57307  
  8 20278.4329   2558.936895  x:  0.00000   0.00868   0.02586   0.00000   0.03467   0.03396   0.00000   0.00818   0.03356   0.00000   0.02793   0.00000   0.00000   0.00000   0.00615   0.03728   0.02772   0.01836   0.03263   0.00313   0.03713   0.03209   0.00607   0.02374   0.00000   0.04195   0.03819   0.03127   0.05778   0.02478   2.00004   1.09931   0.02962   0.24885   2.57307  
  9 39667.7026   2547.984138  x:  0.00000   0.00853   0.02273   0.00000   0.03169   0.03099   0.00000   0.00518   0.03059   0.00000   0.02770   0.00000   0.00000   0.00000   0.00586   0.03680   0.02631   0.01828   0.03274   0.00000   0.03420   0.03130   0.00609   0.02370   0.00000   0.04060   0.03767   0.03113   0.05742   0.02459   2.00000   1.09918   0.02975   0.24392   2.57308  
 10 30379.6797   2531.953610  x:  0.00000   0.00831   0.01717   0.00000   0.02659   0.02588   0.00000   0.00000   0.02549   0.00000   0.02715   0.00000   0.00000   0.00000   0.00557   0.03628   0.02518   0.01780   0.03113   0.00000   0.02918   0.03180   0.00599   0.02371   0.00000   0.03928   0.03707   0.02999   0.05686   0.02424   1.99993   1.09913   0.02981   0.23662   2.57308  
 11 17607.7622   2489.899868  x:  0.00000   0.00760   0.00000   0.00000   0.01089   0.01011   0.00000   0.00000   0.00978   0.00000   0.02351   0.00000   0.00000   0.00000   0.00476   0.03325   0.02311   0.01671   0.02739   0.00000   0.01373   0.02899   0.00571   0.02284   0.00000   0.03635   0.03837   0.02975   0.05354   0.02362   1.99973   1.09929   0.02971   0.21750   2.57309  
 12 20198.1277   2468.357352  x:  0.00000   0.00718   0.00000   0.00000   0.00114   0.00029   0.00000   0.00000   0.00000   0.00000   0.02135   0.00000   0.00000   0.00000   0.00430   0.03101   0.02149   0.01603   0.02671   0.00000   0.00412   0.02831   0.00552   0.02357   0.00000   0.03432   0.03738   0.02953   0.05128   0.02332   1.99962   1.09945   0.02961   0.20664   2.57309  
 13 38449.4493   2467.860843  x:  0.00000   0.00717   0.00000   0.00000   0.00086   0.00000   0.00000   0.00000   0.00000   0.00000   0.02131   0.00000   0.00000   0.00000   0.00429   0.03095   0.02144   0.01602   0.02669   0.00000   0.00384   0.02830   0.00551   0.02353   0.00000   0.03426   0.03736   0.02951   0.05123   0.02331   1.99962   1.09945   0.02960   0.20634   2.57309  
 14 51858.0774   2466.795369  x:  0.00000   0.00715   0.00000   0.00000   0.00000   0.00000   0.00000   0.00000   0.00000   0.00000   0.02131   0.00000   0.00000   0.00000   0.00426   0.03086   0.02122   0.01598   0.02657   0.00000   0.00300   0.02821   0.00550   0.02361   0.00000   0.03403   0.03744   0.02938   0.05115   0.02328   1.99961   1.09946   0.02960   0.20558   2.57309  
 15 8726.4304   2464.944799  x:  0.00000   0.00709   0.00000   0.00000   0.00000   0.00000   0.00000   0.00000   0.00000   0.00000   0.02079   0.00000   0.00000   0.00000   0.00420   0.03099   0.02101   0.01587   0.02610   0.00000   0.00000   0.02813   0.00548   0.02361   0.00000   0.03359   0.03711   0.02991   0.05120   0.02329   1.99961   1.09957   0.02950   0.20405   2.57309  
 16 1595.4022   2449.161520  x:  0.00000   0.00692   0.00000   0.00000   0.00000   0.00000   0.00000   0.00000   0.00000   0.00000   0.00198   0.00000   0.00000   0.00000   0.00348   0.02233   0.01805   0.01487   0.03346   0.00000   0.00000   0.02732   0.00570   0.02329   0.00000   0.02128   0.03861   0.01803   0.04472   0.02262   2.00004   1.10871   0.02007   0.18145   2.57320  
 17 243.2465   2434.206027  x:  0.00000   0.00645   0.00000   0.00000   0.00000   0.00000   0.00000   0.00000   0.00000   0.00000   0.00403   0.00000   0.00000   0.00000   0.00273   0.00340   0.01370   0.01344   0.03419   0.00000   0.00000   0.02731   0.00577   0.02220   0.00000   0.00621   0.03582   0.01499   0.02805   0.02331   2.00064   1.12000   0.00841   0.16411   2.57332  
 18 842.0559   2430.051193  x:  0.00000   0.00636   0.00000   0.00000   0.00000   0.00000   0.00000   0.00000   0.00000   0.00000   0.00453   0.00000   0.00000   0.00000   0.00256   0.00691   0.00645   0.01305   0.03496   0.00000   0.00000   0.02748   0.00583   0.02162   0.00000   0.00242   0.03494   0.01348   0.01474   0.02376   2.00096   1.12486   0.00342   0.16072   2.57336  
 19 605.3407   2429.059418  x:  0.00000   0.00632   0.00000   0.00000   0.00000   0.00000   0.00000   0.00000   0.00000   0.00000   0.00458   0.00000   0.00000   0.00000   0.00251   0.00685   0.00264   0.01293   0.03495   0.00000   0.00000   0.02750   0.00587   0.02145   0.00000   0.00430   0.03463   0.01320   0.01199   0.02388   2.00108   1.12628   0.00196   0.15942   2.57337  
 20 743.8128   2428.891904  x:  0.00000   0.00634   0.00000   0.00000   0.00000   0.00000   0.00000   0.00000   0.00000   0.00000   0.00459   0.00000   0.00000   0.00000   0.00254   0.00684   0.00163   0.01297   0.03489   0.00000   0.00000   0.02752   0.00587   0.02135   0.00000   0.00398   0.03466   0.01305   0.01301   0.02392   2.00124   1.12725   0.00101   0.15954   2.57337  
 21 70.2967   2423.421813  x:  0.00000   0.00593   0.00000   0.00000   0.00000   0.00000   0.00000   0.00000   0.00000   0.00000   0.00559   0.00000   0.00000   0.00000   0.00193   0.00798   0.00213   0.01233   0.03372   0.00000   0.00000   0.02445   0.00583   0.01906   0.00000   0.00477   0.03362   0.00361   0.01566   0.02410   2.00912   1.17007  -0.04077   0.10917   2.57292  
 22 109.4743   2420.665360  x:  0.00380   0.00578   0.00000   0.00000   0.00000   0.00000   0.00000   0.00000   0.00000   0.00000   0.00597   0.00000   0.00000   0.00000   0.00170   0.00842   0.00232   0.01209   0.03328   0.00000   0.00000   0.02327   0.00582   0.01819   0.00000   0.00508   0.03323   0.00000   0.01667   0.02417   2.01218   1.18674  -0.05703   0.08967   2.57275  
 23 5926.3741   2420.665360  x:  0.00380   0.00578   0.00000   0.00000   0.00000   0.00000   0.00000   0.00000   0.00000   0.00000   0.00597   0.00000   0.00000   0.00000   0.00170   0.00842   0.00232   0.01209   0.03328   0.00000   0.00000   0.02327   0.00582   0.01819   0.00000   0.00508   0.03323   0.00000   0.01667   0.02417   2.01218   1.18674  -0.05703   0.08967   2.57275  
 24 963.5668   2417.397249  x:  0.01014   0.00502   0.00000   0.00000   0.00000   0.00000   0.00000   0.00000   0.00000   0.00000   0.00511   0.00000   0.00000   0.00000   0.00322   0.00777   0.00236   0.01198   0.03042   0.00000   0.00000   0.02252   0.00507   0.01885   0.00000   0.00482   0.03208   0.00634   0.01716   0.02725   2.01222   1.18690  -0.05719   0.08877   2.57275  
 25 1087.4870   2412.921170  x:  0.00974   0.00372   0.00000   0.00000   0.00000   0.00000   0.00000   0.00000   0.00000   0.00000   0.00354   0.00000   0.00000   0.00000   0.00060   0.00619   0.00234   0.01172   0.01957   0.00000   0.00000   0.01998   0.00377   0.02099   0.00000   0.00451   0.02795   0.00594   0.01814   0.03659   2.01236   1.18752  -0.05781   0.08521   2.57275  
 26 520.2520   2410.555498  x:  0.00877   0.00308   0.00000   0.00000   0.00000   0.00000   0.00000   0.00000   0.00000   0.00000   0.00279   0.00000   0.00000   0.00000   0.00258   0.00516   0.00233   0.01153   0.01039   0.00000   0.00000   0.01792   0.00312   0.02267   0.00000   0.00434   0.02451   0.00497   0.01888   0.04410   2.01248   1.18806  -0.05835   0.08213   2.57275  
 27 4030.7478   2409.906449  x:  0.00880   0.00436   0.00000   0.00000   0.00000   0.00000   0.00000   0.00000   0.00000   0.00000   0.00450   0.00000   0.00000   0.00000   0.00249   0.00591   0.00234   0.01152   0.00774   0.00000   0.00000   0.01752   0.00436   0.02295   0.00000   0.00452   0.02350   0.00500   0.01898   0.04609   2.01254   1.18831  -0.05861   0.08069   2.57275  
 28 651.2205   2409.409884  x:  0.00870   0.00452   0.00000   0.00000   0.00000   0.00000   0.00000   0.00000   0.00000   0.00000   0.00341   0.00000   0.00000   0.00000   0.00262   0.00942   0.00236   0.01188   0.00875   0.00000   0.00000   0.01826   0.00474   0.02215   0.00000   0.00535   0.02181   0.00490   0.01840   0.04903   2.01283   1.18956  -0.05985   0.07374   2.57275  
 29 144.9931   2408.225892  x:  0.00845   0.00328   0.00000   0.00000   0.00000   0.00000   0.00000   0.00000   0.00000   0.00000   0.00662   0.00000   0.00000   0.00000   0.00294   0.01010   0.00232   0.01247   0.01227   0.00000   0.00000   0.02041   0.00318   0.01991   0.00000   0.00427   0.01940   0.00465   0.01703   0.05494   2.01371   1.19346  -0.06375   0.05201   2.57275  
 30 426.4119   2404.765671  x:  0.00813   0.00615   0.00000   0.00000   0.00000   0.00000   0.00000   0.00000   0.00000   0.00000   0.00613   0.00000   0.00000   0.00000   0.00340   0.00573   0.00263   0.01304   0.01786   0.00000   0.00000   0.02428   0.00638   0.01627   0.00000   0.00374   0.01833   0.00433   0.01525   0.06445   2.01580   1.20279  -0.07308   0.00000   2.57275  
 31 1364.7914   2404.735106  x:  0.00811   0.00618   0.00000   0.00000   0.00000   0.00000   0.00000   0.00000   0.00000   0.00000   0.00628   0.00000   0.00000   0.00000   0.00344   0.00561   0.00250   0.01303   0.01815   0.00000   0.00000   0.02466   0.00637   0.01634   0.00000   0.00430   0.01901   0.00431   0.01539   0.06527   2.01620   1.20460  -0.07490   0.00000   2.57275  
 32 50.7439   2404.650387  x:  0.00803   0.00629   0.00000   0.00000   0.00000   0.00000   0.00000   0.00000   0.00000   0.00000   0.00638   0.00000   0.00000   0.00000   0.00352   0.00597   0.00280   0.01295   0.01860   0.00000   0.00000   0.02545   0.00645   0.01679   0.00000   0.00376   0.02082   0.00423   0.01589   0.06686   2.01736   1.20988  -0.08017   0.00000   2.57275  
 33 219.4051   2404.496183  x:  0.00803   0.00634   0.00000   0.00000   0.00000   0.00000   0.00000   0.00000   0.00000   0.00000   0.00639   0.00000   0.00000   0.00000   0.00355   0.00610   0.00173   0.01302   0.01884   0.00000   0.00000   0.02578   0.00659   0.01706   0.00000   0.00339   0.02088   0.00423   0.01596   0.06725   2.01931   1.21879  -0.08909   0.00000   2.57275  
 34 190.8917   2399.884106  x:  0.00811   0.00581   0.00000   0.00000   0.00000   0.00000   0.00000   0.00000   0.00000   0.00000   0.00874   0.00000   0.00000   0.00000   0.00417   0.00728   0.00265   0.01556   0.02521   0.00000   0.00000   0.03321   0.00840   0.02292   0.00000   0.00407   0.01377   0.00431   0.01585   0.07394   2.08486   1.51868  -0.38897   0.00000   2.57275  
 35 2259.5434   2397.973056  x:  0.00825   0.00764   0.00000   0.00000   0.00000   0.00000   0.00000   0.00000   0.00000   0.00000   0.00899   0.00000   0.00000   0.00000   0.00423   0.00889   0.00253   0.01398   0.02482   0.00000   0.00000   0.03167   0.00586   0.01444   0.00000   0.00399   0.01534   0.00445   0.01303   0.07643   2.11032   1.63504  -0.50533   0.00000   2.57275  
 36 3010.0600   2397.830848  x:  0.00822   0.00617   0.00000   0.00000   0.00000   0.00000   0.00000   0.00000   0.00000   0.00000   0.00926   0.00000   0.00000   0.00000   0.00427   0.00901   0.00252   0.01343   0.02539   0.00000   0.00000   0.02984   0.00728   0.01351   0.00000   0.00402   0.01557   0.00443   0.01362   0.07691   2.11232   1.64398  -0.51427   0.00000   2.57275  
 37 350.5202   2397.671448  x:  0.00815   0.00693   0.00000   0.00000   0.00000   0.00000   0.00000   0.00000   0.00000   0.00000   0.00953   0.00000   0.00000   0.00000   0.00437   0.00901   0.00252   0.01293   0.02732   0.00000   0.00000   0.02535   0.00712   0.01436   0.00000   0.00404   0.01571   0.00435   0.01378   0.07794   2.11436   1.65268  -0.52297   0.00000   2.57275  
 38 162.1872   2397.500582  x:  0.00814   0.00671   0.00000   0.00000   0.00000   0.00000   0.00000   0.00000   0.00000   0.00000   0.00943   0.00000   0.00000   0.00000   0.00434   0.00876   0.00254   0.01650   0.02708   0.00000   0.00000   0.02399   0.00736   0.01427   0.00000   0.00399   0.01653   0.00434   0.01324   0.07781   2.11631   1.65933  -0.52963   0.00000   2.57275  
 39 34.5207   2393.015848  x:  0.00753   0.00921   0.00000   0.00000   0.00000   0.00000   0.00000   0.00000   0.00000   0.00000   0.00553   0.00000   0.00000   0.00000   0.00352   0.00322   0.00259   0.01749   0.02004   0.00000   0.00000   0.02405   0.00574   0.01251   0.00000   0.00314   0.01768   0.00373   0.02381   0.06885   2.15831   1.79524  -0.66553   0.00000   2.57275  
 40 180.4018   2391.616844  x:  0.00745   0.00792   0.00000   0.00000   0.00000   0.00000   0.00000   0.00000   0.00000   0.00000   0.00445   0.00000   0.00000   0.00000   0.00325   0.00166   0.00263   0.01503   0.01736   0.00000   0.00000   0.02422   0.00690   0.01450   0.00000   0.00290   0.01941   0.00366   0.01902   0.06633   2.17093   1.83589  -0.70618   0.00000   2.57275  
 41 1691.2589   2386.178154  x:  0.00747   0.00519   0.00000   0.00000   0.00000   0.00000   0.00000   0.00000   0.00000   0.00000   0.00200   0.00000   0.00000   0.00000   0.00233   0.00374   0.00253   0.01054   0.00800   0.00000   0.00000   0.02258   0.00713   0.01738   0.00000   0.00319   0.02253   0.00370   0.01377   0.05224   2.73305   1.92962  -0.79992   0.00000   2.57274  
 42  2.1411   2383.302214  x:  0.00754   0.00385   0.00000   0.00000   0.00000   0.00000   0.00000   0.00000   0.00000   0.00000   0.00580   0.00000   0.00000   0.00000   0.00220   0.00501   0.00233   0.00979   0.01003   0.00000   0.00000   0.01699   0.00623   0.02085   0.00000   0.00455   0.02378   0.00385   0.01610   0.04198   2.44406   2.12018  -0.99047   0.00000   2.57273  
 43  0.5693   2383.293014  x:  0.00754   0.00383   0.00000   0.00000   0.00000   0.00000   0.00000   0.00000   0.00000   0.00000   0.00585   0.00000   0.00000   0.00000   0.00220   0.00503   0.00232   0.00978   0.01006   0.00000   0.00000   0.01690   0.00622   0.02090   0.00000   0.00458   0.02380   0.00386   0.01614   0.04183   2.43966   2.12308  -0.99337   0.00167   2.57273  
 44 42.1542   2382.852169  x:  0.00722   0.00503   0.00000   0.00000   0.00000   0.00000   0.00000   0.00000   0.00000   0.00000   0.00556   0.00000   0.00000   0.00000   0.00210   0.00530   0.00224   0.01175   0.00861   0.00000   0.00000   0.01821   0.00471   0.02114   0.00000   0.00481   0.02367   0.00359   0.01859   0.03999   2.31121   2.18796  -1.05825   0.00482   2.57273  
 45  0.3098   2382.457831  x:  0.00637   0.00518   0.00000   0.00000   0.00000   0.00000   0.00000   0.00000   0.00000   0.00000   0.00523   0.00000   0.00000   0.00000   0.00240   0.00621   0.00222   0.01174   0.01009   0.00000   0.00000   0.01900   0.00409   0.02174   0.00000   0.00467   0.02379   0.00272   0.01837   0.04483   2.34606   2.35286  -1.22310   0.01325   2.57270  
 46  0.1477   2382.097685  x:  0.00619   0.00392   0.00000   0.00000   0.00000   0.00000   0.00000   0.00000   0.00000   0.00000   0.00438   0.00000   0.00000   0.00000   0.00229   0.00697   0.00219   0.01169   0.00861   0.00000   0.00000   0.01751   0.00427   0.02102   0.00000   0.00449   0.02284   0.00229   0.01783   0.04219   2.46305   2.54154  -1.41169   0.01915   2.57267  
 47  0.2532   2381.912439  x:  0.00709   0.00439   0.00000   0.00000   0.00000   0.00000   0.00000   0.00000   0.00000   0.00000   0.00391   0.00000   0.00000   0.00000   0.00227   0.00745   0.00225   0.01067   0.00933   0.00000   0.00000   0.01844   0.00457   0.02065   0.00000   0.00439   0.02250   0.00269   0.01695   0.04062   2.35310   2.67567  -1.54573   0.02076   2.57264  
 48  0.1779   2381.811805  x:  0.00771   0.00465   0.00000   0.00000   0.00000   0.00000   0.00000   0.00000   0.00000   0.00000   0.00409   0.00000   0.00000   0.00000   0.00226   0.00766   0.00227   0.01134   0.00942   0.00000   0.00000   0.01848   0.00448   0.02025   0.00000   0.00454   0.02238   0.00280   0.01745   0.04115   2.52637   2.75762  -1.62757   0.02029   2.57261  
 49  0.2028   2381.701510  x:  0.00810   0.00439   0.00000   0.00000   0.00000   0.00000   0.00000   0.00000   0.00000   0.00000   0.00441   0.00000   0.00000   0.00000   0.00226   0.00811   0.00228   0.01188   0.00873   0.00000   0.00000   0.01862   0.00470   0.02006   0.00000   0.00470   0.02273   0.00248   0.01754   0.04324   2.39094   2.94467  -1.81446   0.02303   2.57256  
 50  0.2539   2381.637764  x:  0.00825   0.00476   0.00000   0.00000   0.00000   0.00000   0.00000   0.00000   0.00000   0.00000   0.00451   0.00000   0.00000   0.00000   0.00224   0.00828   0.00224   0.01119   0.00879   0.00000   0.00000   0.01728   0.00431   0.01995   0.00000   0.00470   0.02276   0.00198   0.01777   0.04255   2.37843   3.09593  -1.96557   0.02411   2.57252  
 51  0.1769   2381.555491  x:  0.00864   0.00443   0.00000   0.00000   0.00000   0.00000   0.00000   0.00000   0.00000   0.00000   0.00481   0.00000   0.00000   0.00000   0.00223   0.00836   0.00223   0.01085   0.00912   0.00000   0.00000   0.01857   0.00463   0.02051   0.00000   0.00462   0.02286   0.00115   0.01793   0.04096   2.41187   3.31865  -2.18802   0.02443   2.57244  
 52  0.2157   2381.480472  x:  0.00957   0.00454   0.00000   0.00000   0.00000   0.00000   0.00000   0.00000   0.00000   0.00000   0.00460   0.00000   0.00000   0.00000   0.00224   0.00806   0.00225   0.01217   0.00939   0.00000   0.00000   0.01766   0.00487   0.02039   0.00000   0.00452   0.02265   0.00000   0.01724   0.04184   2.38615   3.65317  -2.52211   0.02533   2.57231  
 53  0.1900   2381.480472  x:  0.00957   0.00454   0.00000   0.00000   0.00000   0.00000   0.00000   0.00000   0.00000   0.00000   0.00460   0.00000   0.00000   0.00000   0.00224   0.00806   0.00225   0.01217   0.00939   0.00000   0.00000   0.01766   0.00487   0.02039   0.00000   0.00452   0.02265   0.00000   0.01724   0.04184   2.38615   3.65317  -2.52211   0.02533   2.57231  
 54 118.7206   2381.411382  x:  0.00985   0.00447   0.00000   0.00000   0.00000   0.00000   0.00000   0.00000   0.00000   0.00000   0.00446   0.00000   0.00000   0.00000   0.00227   0.00687   0.00223   0.01166   0.00911   0.00000   0.00000   0.01790   0.00436   0.02042   0.00000   0.00461   0.02269   0.00029   0.01741   0.04185   2.38615   3.65317  -2.52211   0.02537   2.57231  
 55 87.6812   2381.406284  x:  0.00978   0.00450   0.00000   0.00000   0.00000   0.00000   0.00000   0.00000   0.00000   0.00000   0.00453   0.00000   0.00000   0.00000   0.00221   0.00672   0.00227   0.01146   0.00905   0.00000   0.00000   0.01802   0.00457   0.02043   0.00000   0.00456   0.02272   0.00022   0.01748   0.04185   2.38615   3.65317  -2.52211   0.02540   2.57231  
 56 29.1392   2381.405434  x:  0.00976   0.00450   0.00000   0.00000   0.00000   0.00000   0.00000   0.00000   0.00000   0.00000   0.00453   0.00000   0.00000   0.00000   0.00228   0.00674   0.00223   0.01138   0.00903   0.00000   0.00000   0.01808   0.00457   0.02044   0.00000   0.00456   0.02273   0.00019   0.01752   0.04186   2.38616   3.65317  -2.52211   0.02542   2.57231  
 57 14.4044   2381.404866  x:  0.00975   0.00450   0.00000   0.00000   0.00000   0.00000   0.00000   0.00000   0.00000   0.00000   0.00452   0.00000   0.00000   0.00000   0.00225   0.00679   0.00225   0.01131   0.00903   0.00000   0.00000   0.01817   0.00453   0.02046   0.00000   0.00457   0.02276   0.00018   0.01757   0.04187   2.38616   3.65318  -2.52212   0.02546   2.57231  
 58 11.7666   2381.404755  x:  0.00977   0.00450   0.00000   0.00000   0.00000   0.00000   0.00000   0.00000   0.00000   0.00000   0.00452   0.00000   0.00000   0.00000   0.00225   0.00680   0.00225   0.01132   0.00904   0.00000   0.00000   0.01821   0.00455   0.02047   0.00000   0.00457   0.02277   0.00021   0.01760   0.04187   2.38616   3.65318  -2.52212   0.02550   2.57231  
 59  3.2438   2381.404709  x:  0.00976   0.00450   0.00000   0.00000   0.00000   0.00000   0.00000   0.00000   0.00000   0.00000   0.00452   0.00000   0.00000   0.00000   0.00225   0.00679   0.00225   0.01135   0.00905   0.00000   0.00000   0.01823   0.00454   0.02047   0.00000   0.00457   0.02278   0.00019   0.01762   0.04188   2.38616   3.65318  -2.52212   0.02554   2.57231  
 60  2.2365   2381.404678  x:  0.00976   0.00450   0.00000   0.00000   0.00000   0.00000   0.00000   0.00000   0.00000   0.00000   0.00452   0.00000   0.00000   0.00000   0.00225   0.00679   0.00225   0.01135   0.00903   0.00000   0.00000   0.01821   0.00454   0.02047   0.00000   0.00457   0.02278   0.00020   0.01761   0.04189   2.38617   3.65319  -2.52213   0.02561   2.57231  
 61  1.1411   2381.404673  x:  0.00976   0.00450   0.00000   0.00000   0.00000   0.00000   0.00000   0.00000   0.00000   0.00000   0.00452   0.00000   0.00000   0.00000   0.00225   0.00679   0.00225   0.01134   0.00904   0.00000   0.00000   0.01821   0.00454   0.02047   0.00000   0.00457   0.02278   0.00020   0.01761   0.04189   2.38617   3.65319  -2.52213   0.02562   2.57231  
 62  0.8118   2381.404673  x:  0.00976   0.00450   0.00000   0.00000   0.00000   0.00000   0.00000   0.00000   0.00000   0.00000   0.00452   0.00000   0.00000   0.00000   0.00225   0.00679   0.00225   0.01134   0.00904   0.00000   0.00000   0.01821   0.00454   0.02047   0.00000   0.00457   0.02278   0.00020   0.01761   0.04189   2.38617   3.65319  -2.52213   0.02562   2.57231  
 63  1.3664   2381.404672  x:  0.00976   0.00450   0.00000   0.00000   0.00000   0.00000   0.00000   0.00000   0.00000   0.00000   0.00452   0.00000   0.00000   0.00000   0.00225   0.00679   0.00225   0.01134   0.00905   0.00000   0.00000   0.01821   0.00454   0.02047   0.00000   0.00457   0.02278   0.00020   0.01761   0.04189   2.38617   3.65319  -2.52213   0.02562   2.57231  
 64  0.3581   2381.404671  x:  0.00976   0.00450   0.00000   0.00000   0.00000   0.00000   0.00000   0.00000   0.00000   0.00000   0.00452   0.00000   0.00000   0.00000   0.00225   0.00679   0.00225   0.01134   0.00904   0.00000   0.00000   0.01821   0.00454   0.02047   0.00000   0.00457   0.02277   0.00020   0.01760   0.04189   2.38618   3.65320  -2.52214   0.02563   2.57231  
 65  0.2036   2381.404670  x:  0.00976   0.00450   0.00000   0.00000   0.00000   0.00000   0.00000   0.00000   0.00000   0.00000   0.00452   0.00000   0.00000   0.00000   0.00225   0.00679   0.00225   0.01134   0.00904   0.00000   0.00000   0.01821   0.00454   0.02047   0.00000   0.00457   0.02277   0.00020   0.01760   0.04188   2.38619   3.65321  -2.52215   0.02563   2.57231  
 66  0.8740   2381.404625  x:  0.00976   0.00450   0.00000   0.00000   0.00000   0.00000   0.00000   0.00000   0.00000   0.00000   0.00451   0.00000   0.00000   0.00000   0.00225   0.00679   0.00225   0.01134   0.00904   0.00000   0.00000   0.01820   0.00454   0.02048   0.00000   0.00457   0.02278   0.00020   0.01762   0.04180   2.38662   3.65365  -2.52260   0.02564   2.57231  
 67  0.8208   2381.404578  x:  0.00976   0.00449   0.00000   0.00000   0.00000   0.00000   0.00000   0.00000   0.00000   0.00000   0.00454   0.00000   0.00000   0.00000   0.00225   0.00679   0.00225   0.01134   0.00904   0.00000   0.00000   0.01820   0.00454   0.02048   0.00000   0.00457   0.02279   0.00020   0.01761   0.04178   2.38706   3.65412  -2.52306   0.02564   2.57231  
 68 10.9052   2381.404104  x:  0.00976   0.00450   0.00000   0.00000   0.00000   0.00000   0.00000   0.00000   0.00000   0.00000   0.00451   0.00000   0.00000   0.00000   0.00225   0.00679   0.00225   0.01134   0.00904   0.00000   0.00000   0.01827   0.00454   0.02042   0.00000   0.00457   0.02288   0.00020   0.01749   0.04170   2.39161   3.65887  -2.52781   0.02567   2.57231  
 69 59.2205   2381.398367  x:  0.00973   0.00450   0.00000   0.00000   0.00000   0.00000   0.00000   0.00000   0.00000   0.00000   0.00452   0.00000   0.00000   0.00000   0.00225   0.00679   0.00225   0.01134   0.00904   0.00000   0.00000   0.01818   0.00454   0.02034   0.00000   0.00457   0.02278   0.00021   0.01764   0.04187   2.44761   3.71735  -2.58628   0.02588   2.57230  
 70 159.8185   2381.398196  x:  0.00973   0.00450   0.00000   0.00000   0.00000   0.00000   0.00000   0.00000   0.00000   0.00000   0.00452   0.00000   0.00000   0.00000   0.00225   0.00679   0.00225   0.01134   0.00904   0.00000   0.00000   0.01819   0.00454   0.02046   0.00000   0.00457   0.02276   0.00021   0.01760   0.04188   2.44925   3.71908  -2.58801   0.02589   2.57230  
 71 61.2740   2381.353677  x:  0.00982   0.00450   0.00000   0.00000   0.00000   0.00000   0.00000   0.00000   0.00000   0.00000   0.00452   0.00000   0.00000   0.00000   0.00224   0.00685   0.00224   0.01136   0.00906   0.00000   0.00000   0.01819   0.00456   0.02044   0.00000   0.00455   0.02276   0.00010   0.01756   0.04182   2.37582   4.51682  -3.38560   0.02765   2.57224  
 72  0.2457   2381.344489  x:  0.00714   0.00448   0.00000   0.00000   0.00000   0.00000   0.00000   0.00000   0.00000   0.00000   0.00451   0.00000   0.00000   0.00000   0.00224   0.00675   0.00225   0.01132   0.00899   0.00000   0.00000   0.01819   0.00452   0.02047   0.00000   0.00461   0.02278   0.00282   0.01760   0.04187   2.41267   4.70925  -3.57800   0.02657   2.57222  
 73  0.1765   2381.340006  x:  0.00685   0.00453   0.00000   0.00000   0.00000   0.00000   0.00000   0.00000   0.00000   0.00000   0.00451   0.00000   0.00000   0.00000   0.00226   0.00683   0.00225   0.01135   0.00916   0.00000   0.00000   0.01821   0.00457   0.02043   0.00000   0.00448   0.02270   0.00309   0.01759   0.04185   2.41202   5.19777  -4.06642   0.02693   2.57217  
 74  0.2435   2381.337535  x:  0.00352   0.00448   0.00000   0.00000   0.00000   0.00000   0.00000   0.00000   0.00000   0.00000   0.00452   0.00000   0.00000   0.00000   0.00224   0.00680   0.00224   0.01135   0.00899   0.00000   0.00000   0.01819   0.00454   0.02046   0.00000   0.00460   0.02279   0.00643   0.01760   0.04185   2.40179   5.56071  -4.42929   0.02696   2.57214  
 75  0.3314   2381.336589  x:  0.00103   0.00451   0.00000   0.00000   0.00000   0.00000   0.00000   0.00000   0.00000   0.00000   0.00451   0.00000   0.00000   0.00000   0.00226   0.00677   0.00226   0.01131   0.00906   0.00000   0.00000   0.01819   0.00452   0.02045   0.00000   0.00456   0.02274   0.00892   0.01759   0.04186   2.40646   5.98558  -4.85407   0.02675   2.57210  
 76  0.2561   2381.336221  x:  0.00000   0.00450   0.00000   0.00000   0.00000   0.00000   0.00000   0.00000   0.00000   0.00000   0.00452   0.00000   0.00000   0.00000   0.00225   0.00679   0.00225   0.01134   0.00905   0.00000   0.00000   0.01820   0.00454   0.02045   0.00000   0.00456   0.02276   0.00994   0.01759   0.04186   2.40673   6.21037  -5.07882   0.02683   2.57208  
 77  0.2915   2381.336221  x:  0.00000   0.00450   0.00000   0.00000   0.00000   0.00000   0.00000   0.00000   0.00000   0.00000   0.00452   0.00000   0.00000   0.00000   0.00225   0.00679   0.00225   0.01134   0.00905   0.00000   0.00000   0.01820   0.00454   0.02045   0.00000   0.00456   0.02276   0.00994   0.01759   0.04186   2.40673   6.21034  -5.07879   0.02683   2.57208  
 78  0.5896   2381.335945  x:  0.00000   0.00449   0.00000   0.00000   0.00000   0.00000   0.00000   0.00000   0.00000   0.00000   0.00452   0.00000   0.00000   0.00000   0.00225   0.00680   0.00225   0.01135   0.00902   0.00000   0.00000   0.01820   0.00455   0.02045   0.00000   0.00458   0.02278   0.00994   0.01760   0.04186   2.40396   6.97346  -5.84174   0.02696   2.57200  
 79  0.5533   2381.335863  x:  0.00000   0.00450   0.00000   0.00000   0.00000   0.00000   0.00000   0.00000   0.00000   0.00000   0.00452   0.00000   0.00000   0.00000   0.00225   0.00680   0.00225   0.01134   0.00904   0.00000   0.00000   0.01820   0.00455   0.02045   0.00000   0.00457   0.02276   0.00994   0.01759   0.04186   2.40611   7.19664  -6.06487   0.02685   2.57198  
 80  0.1849   2381.335831  x:  0.00000   0.00450   0.00000   0.00000   0.00000   0.00000   0.00000   0.00000   0.00000   0.00000   0.00452   0.00000   0.00000   0.00000   0.00225   0.00679   0.00225   0.01133   0.00904   0.00000   0.00000   0.01820   0.00454   0.02045   0.00000   0.00457   0.02276   0.00994   0.01759   0.04186   2.40556   7.65546  -6.52360   0.02688   2.57193  
 81  0.2193   2381.335810  x:  0.00000   0.00450   0.00000   0.00000   0.00000   0.00000   0.00000   0.00000   0.00000   0.00000   0.00452   0.00000   0.00000   0.00000   0.00225   0.00680   0.00225   0.01134   0.00904   0.00000   0.00000   0.01820   0.00455   0.02045   0.00000   0.00457   0.02276   0.00994   0.01759   0.04186   2.40525   8.08152  -6.94957   0.02686   2.57188  
 82  0.2449   2381.335804  x:  0.00000   0.00450   0.00000   0.00000   0.00000   0.00000   0.00000   0.00000   0.00000   0.00000   0.00452   0.00000   0.00000   0.00000   0.00225   0.00679   0.00225   0.01134   0.00904   0.00000   0.00000   0.01820   0.00454   0.02045   0.00000   0.00457   0.02276   0.00994   0.01759   0.04186   2.40595   8.44793  -7.31590   0.02688   2.57185  
 83  0.2293   2381.335800  x:  0.00000   0.00450   0.00000   0.00000   0.00000   0.00000   0.00000   0.00000   0.00000   0.00000   0.00452   0.00000   0.00000   0.00000   0.00225   0.00679   0.00225   0.01134   0.00904   0.00000   0.00000   0.01820   0.00454   0.02045   0.00000   0.00457   0.02276   0.00994   0.01759   0.04186   2.40524   8.97654  -7.84439   0.02686   2.57179  
 84  0.2412   2381.335799  x:  0.00000   0.00450   0.00000   0.00000   0.00000   0.00000   0.00000   0.00000   0.00000   0.00000   0.00452   0.00000   0.00000   0.00000   0.00225   0.00679   0.00225   0.01134   0.00904   0.00000   0.00000   0.01820   0.00454   0.02045   0.00000   0.00457   0.02276   0.00994   0.01759   0.04186   2.40569   9.16201  -8.02982   0.02687   2.57177  
 85  0.1589   2381.335799  x:  0.00000   0.00450   0.00000   0.00000   0.00000   0.00000   0.00000   0.00000   0.00000   0.00000   0.00452   0.00000   0.00000   0.00000   0.00225   0.00679   0.00225   0.01134   0.00904   0.00000   0.00000   0.01820   0.00454   0.02045   0.00000   0.00457   0.02276   0.00994   0.01759   0.04186   2.40570   9.90389  -8.77154   0.02687   2.57170  
 86  0.2514   2381.335799  x:  0.00000   0.00450   0.00000   0.00000   0.00000   0.00000   0.00000   0.00000   0.00000   0.00000   0.00452   0.00000   0.00000   0.00000   0.00225   0.00679   0.00225   0.01134   0.00904   0.00000   0.00000   0.01820   0.00454   0.02045   0.00000   0.00457   0.02276   0.00994   0.01759   0.04186   2.40563  10.11841  -8.98602   0.02687   2.57167  
 87  0.3626   2381.335799  x:  0.00000   0.00450   0.00000   0.00000   0.00000   0.00000   0.00000   0.00000   0.00000   0.00000   0.00452   0.00000   0.00000   0.00000   0.00225   0.00679   0.00225   0.01134   0.00904   0.00000   0.00000   0.01820   0.00454   0.02045   0.00000   0.00457   0.02276   0.00994   0.01759   0.04186   2.40563  10.11866  -8.98627   0.02687   2.57167  
 88  0.4229   2381.335799  x:  0.00000   0.00450   0.00000   0.00000   0.00000   0.00000   0.00000   0.00000   0.00000   0.00000   0.00452   0.00000   0.00000   0.00000   0.00225   0.00679   0.00225   0.01134   0.00904   0.00000   0.00000   0.01820   0.00454   0.02045   0.00000   0.00457   0.02276   0.00994   0.01759   0.04186   2.40563  10.11866  -8.98627   0.02687   2.57167  
 89  0.0597   2381.335799  x:  0.00000   0.00450   0.00000   0.00000   0.00000   0.00000   0.00000   0.00000   0.00000   0.00000   0.00452   0.00000   0.00000   0.00000   0.00225   0.00679   0.00225   0.01134   0.00904   0.00000   0.00000   0.01820   0.00454   0.02045   0.00000   0.00457   0.02276   0.00994   0.01759   0.04186   2.40563  10.11866  -8.98627   0.02687   2.57167  
check convergence!
